QPGGFVDVALSG,7078.550043275236
WQDKAQVLSG,1868.9357798165138
WRRYNLQG,6093.146788990825
HLHVGWAEWNKD,4671.5504587155965
DGGPEPLG,1233.6788990825687
EHLDLQNQVLSG,2002.6743119266055
QHLDVLNLRNL,8164.688073394495
WFHGNRKHDVS,3255.5183486238534
RNDFHQASEYHV,3942.646788990826
QAKALGLWHV,5554.004587155963
WYVRSEPLSG,5555.715596330275
FEEYVFWSQPWL,33222.463302752294
QYEYEPYVFRPY,14865.646788990825
GFPRAKHVAS,1971.954128440367
GQVDQESG,784.5045871559633
LNFNWVSG,6123.293577981652
GWNKSKALNSG,1461.6284403669724
FPRVSNSPYA,5685.321100917431
PQNPSVALG,1452.8761467889908
AKVPYELSG,1656.1376146788991
WYEHPVSG,5022.366972477064
EWHRGWVQPVA,5789.380733944954
LLDSPSG,1532.0504587155963
GPKWFHLS,5617.527522935779
DQAPQFVASG,1675.1697247706422
FNAHAVSQVA,2054.4266055045873
WPSNLNHSG,3428.0688073394494
WFAYVEKHVA,8907.839449541285
VKDWVYHLSG,4960.697247706422
HWGNFRAG,5659.316513761468
PWFYFASGQPA,18236.743119266055
YRRGVAG,2715.3715596330276
WWEDEHSG,3830.3440366972477
NSSRFNSG,2198.3073394495414
SRWPKQPWNKSG,2854.6330275229357
FHQQHSENHD,1603.2844036697247
AKEHGALG,791.5917431192661
DAALFNSEND,1976.1926605504586
KVYDNKVPLG,1614.3440366972477
RKPDAWYKAL,2834.761467889908
NLGHQKRPWKG,2769.3990825688074
YPLQYHQYLSG,8661.08256880734
KASQRGFHLYNA,5196.045871559633
ASSRPKFG,1673.7247706422017
SSRPNNAG,1127.880733944954
PEVHFDAG,2754.4770642201834
YDRLPQYKHAS,2678.733944954128
FQEVEKPWDA,2600.47247706422
KYYNAKG,1563.0550458715597
QWNQGNLSWNV,6211.825688073394
FLYQVLHDALS,7522.665137614679
PYFGYKQYAG,6681.1100917431195
KYLWFYLG,12921.045871559632
FFDEEPHLS,3344.821100917431
PLLNLQAS,3121.5825688073396
QGYNRLSGNDA,2010.0825688073394
KLSPEYWDGPHV,4172.825688073394
WKLRFWDLEWHL,20136.784403669724
AWPYQVG,6174.105504587156
NLHFEAGEYVL,9841.48623853211
WKPLRYFEWNAG,10153.660550458715
NGDSNHDYNL,2151.848623853211
YGPRRPHVLG,4045.9770642201834
YNEVLFKHAPWS,12322.29357798165
KASVQRGRALS,1489.3899082568807
PQPSKVSQNKDA,552.4036697247707
NDNLGSPVA,1415.9908256880733
LHSPWALKA,5379.894495412844
EWHLVFLQEYA,36198.19724770642
SDFYYASG,6129.724770642202
PPVHNHALG,1727.1559633027523
FGWVYDNHVA,9104.651376146789
NLVSRVQPNKS,1969.866972477064
GYNNHRDAL,3214.5733944954127
HPLNNKSG,897.2614678899082
SPHGEQWDG,2178.4770642201834
HEGEWFELSG,5187.1100917431195
ENNRPNFLG,2961.0183486238534
YWDVYSPENKAG,3232.4633027522937
YWPPYWQVSG,13146.146788990825
NGPGSRPYHAS,2247.4587155963304
KHVKALEFREN,1400.8853211009175
KYSGWGRNKDV,2029.0504587155963
WPHSHSGVALS,3849.238532110092
EFDAVQRKSG,1149.3440366972477
GPNLGFFNHVLG,8999.091743119267
ENQNYWHENKHV,2301.669724770642
KSLRGEKG,821.1743119266055
AAFLFAS,20996.79357798165
RAEERVAG,1189.7752293577983
PSQVVRNVLSG,2389.6422018348626
FGNKSVEPDAL,1495.1146788990825
LPNAVLFEWA,13390.422018348623
AFRYAPKVSPL,5153.022935779816
WKYQVSREYSG,4496.40366972477
VGYAWPKDVL,5272.463302752293
EPSLKSQRNKLG,1004.9357798165138
VRQKKAG,674.1284403669724
SEFENSAS,1248.3623853211009
EYNNSYHSKHVS,1981.151376146789
NLAQVFNHDAL,4736.811926605505
FWVKHGDGFW,13924.62385321101
VFQWWKSG,5469.064220183486
ERASYSENHDV,1536.3440366972477
VVHEVLG,1749.9587155963302
KRKPGNDSG,622.8807339449542
EDAFEKRPSAS,937.1697247706422
WRPQPNVYDG,4918.284403669725
EKGFNNKHQNVL,1489.9724770642201
DFLYRHASG,4924.651376146789
QYAKYHVEPWAG,5150.977064220184
VGWANRYWHL,15176.38990825688
GQLPGRLG,2684.3899082568805
SKQGVLSG,905.3440366972477
DYDPWDFHAS,6004.724770642202
RLGEQEKHGNVA,1145.3440366972477
VNRKHPG,1222.0
AYNRNREWVS,4366.857798165138
PRAPVYLG,5868.876146788991
HQYVGLFYWKV,18459.816513761467
DANYHVNHDVL,3139.619266055046
LELRKARPKHDV,1755.0366972477063
FYNRRVARNHVA,4239.660550458716
YHVVDSQPYWNA,7630.733944954129
LWPDDVALS,5489.564220183486
VSDSPVEPYHG,1743.6788990825687
SNLAPYG,3093.178899082569
LFVKLHVSG,11579.977064220184
WFLRPEVLSG,8167.660550458716
LNWLWASG,8923.128440366972
ANFKKSG,990.4220183486239
WKYGQPAQKAG,1831.711009174312
LSRRLFNKDA,2819.9816513761466
AYNRGFRPHDLS,4251.366972477064
HHPKRNHVALS,2301.1009174311926
HPLHHVLG,2934.743119266055
EAYHHAQPYH,3809.4633027522937
YEYPENVASG,2375.6880733944954
GNHFNEWLG,6822.357798165138
PWQGQKSDG,1228.6376146788991
NPPPDSG,860.1009174311927
ESNVYHEPNHL,2444.380733944954
LPWSSGRPKHV,3501.6651376146788
YGDHRNHG,2148.302752293578
RWSLFYNWVG,14445.0
PYSKDEWEKH,1615.302752293578
FKYELGYWKVG,5514.564220183486
GWYAFPYDVASG,10458.871559633028
RSGFAEWSGPW,11542.683486238531
AFEWLASEYWVG,19782.298165137614
AFARPSFYWG,14911.298165137614
HGQFERKPHA,2710.0688073394494
VWDDYWLSG,10112.981651376147
PNREHQKDQWK,1321.7660550458716
KSKQKLFRNKAG,818.0412844036697
LWKVQQEWVAL,6793.394495412844
AHDVGGLSG,1142.834862385321
RKWASFFYNKH,5899.04128440367
DEVYRWAG,5370.256880733945
YVSHDFHPYD,9703.954128440368
RRNNHVEPYDS,2472.270642201835
AFHHFHALG,5755.600917431193
KFDYDQVSG,1508.9220183486239
NQFKENAEG,755.8899082568807
NHRSVSPNAG,1457.6743119266055
NHGKHSSQNVS,893.5550458715596
ALYYPDLG,8143.178899082569
AESNFPSG,1272.7798165137615
WVFHRWNGNHS,6754.174311926606
AFDFRWKFL,11588.922018348623
NVGKSFKLRYA,6322.784403669725
FEQPPKHDPL,1107.665137614679
KFHQFELNKVA,2500.1926605504586
FPWKSRVHWNH,6787.036697247707
FSKPSQKDVLS,1268.211009174312
GFWGFPASFHAS,15197.752293577982
HSGFVRHGPWHV,10761.128440366972
DNKAWSYNAS,2079.876146788991
QLQYAFFWHDG,21050.97247706422
WNHLYRWGDVL,15273.747706422018
EGFERWGNDALS,3825.793577981651
NFYHPSFEKDV,3466.1559633027523
HYALHVDVALSG,11144.09694954129
WDNVPKEVG,1354.3394495412845
WGFHFKDQEYK,4009.706422018349
LYWDGFASGPD,7647.155963302752
VHSLESG,1305.7522935779816
AVQEFKG,780.7247706422019
SPSHEALSG,993.4220183486239
QFQWWAGPWAL,25150.26605504587
VQARDGAG,1136.467889908257
AFPYAWRKDAG,4363.307339449541
FWEHWFWNS,11611.495412844037
VPHVWSGPKHA,2503.940366972477
WEEAFPSG,4268.022935779816
KGDGWHEKLS,1269.5550458715597
FQFGARWHLSG,9685.655963302752
GWGARKLS,3642.545871559633
EQYNLFWAFREV,19035.24770642202
FFKEFKSG,2361.1743119266057
QHDYSFRNLEHA,3321.123853211009
FALFKGHSNHVS,3688.545871559633
RWWPDLWKDV,9651.344036697248
RGHAQPHFNVG,3482.0137614678897
RNFGYSNKHS,3053.02752293578
DWPGASG,1891.426605504587
VPYAQWFPNHD,6815.435779816514
WLQWSPGEVS,4350.114678899083
GNKKEYASG,1044.4220183486239
DFFDVYVL,28642.738532110092
VAGVPYDQFYNL,11533.802752293577
QGDDEDLSG,933.8807339449542
QFLRQRKAWVA,5358.504587155963
FARDENHQKVL,1728.2247706422017
FYERHVQFNHS,6264.55504587156
KPELEVG,700.1467889908257
YNVEDLYVSHA,12996.133027522936
RYGDQYNRYWNL,11080.697247706423
HQLDNVLSG,2189.394495412844
LKLRAALG,3359.5550458715597
HELHVEAG,1759.302752293578
LKPAWVALS,5247.339449541284
PVVHLRSG,4775.628440366972
RNRVQFSWVLS,17689.23394495413
FDNNRVASG,2004.532110091743
GYSYWPKHV,6681.5504587155965
WVHQHGYLG,7441.087155963302
RQYNHFWQFDV,16614.903669724772
PKLLQRWAQPN,3648.761467889908
KQKQQREWNKVG,945.2110091743119
PQVYGFPG,5250.146788990825
HEFGWHLSG,6427.059633027523
KQRPNLDVFWLS,9514.59633027523
HPWVGQEGRPH,2720.4174311926604
KRVHVKDVL,1394.0963302752293
GEALYSREWVS,7688.4495412844035
QYPYPKFYNKH,4539.871559633028
AWGSPSG,1989.3211009174313
PSNFVREYNKH,3232.880733944954
ALDPRDLG,1695.288990825688
DSPQWNHSREPN,1538.51376146789
NHPFRWPNAL,8569.02752293578
PQNPLEWNVLG,3846.591743119266
QVDENHSRVLS,1502.8211009174313
EAWNYNWHDVG,5367.022935779816
ALNNLNDLS,2017.0366972477063
DPVVQNALS,1085.1605504587155
FNRDNKHFWHV,7539.298165137615
PQSEVVLG,1207.9587155963302
RWDSGWAGYEW,15820.321100917432
PFEYHRHDYDA,6813.655963302752
EAFPKPWLFPNG,5075.114678899083
NSPPNEPWKD,1296.7477064220184
HSGLHSFWNDAS,4249.8302752293575
RPEHVQVPYDS,3846.2844036697247
EPSYPNVGVS,1450.8256880733945
FKSVPFEPNK,1595.2568807339449
YDLQAWVFEPYH,16258.660550458715
SFYGYSFRSG,6626.298165137615
NYYFENDAG,3979.146788990826
ALWDGYVPHLS,9999.944954128441
PQSYAVSG,1678.4724770642201
NLPGPVKAG,1092.059633027523
QKNNRNDG,892.4220183486239
DRNGGQVSG,899.9954128440367
VAGDNALPNKAG,885.183486238532
FHLYSRKSFVAL,12088.720183486239
KAQYVAFNHFKA,5935.880733944954
HDVQYHFWFNSG,14263.816513761469
QRNYSRDWSG,4730.761467889908
WPLQHFKHDV,5003.087155963302
VNRAQRPHSG,1711.3899082568807
VLFWAPKQEYWA,12045.412844036697
SPRFRAG,2513.9862385321103
FDFQFYAFYD,15266.839449541285
GPLAHDG,1372.6238532110092
KLHVPWFRYHAS,9442.38990825688
YWSRWDGFPSFW,23954.366972477063
AYHRKGYWNHV,4929.266055045871
AYHEKFYKVAL,6404.711009174312
YKNGALHDVS,1753.1100917431193
HWNNPWKHDAG,3107.9495412844035
EAKEPLPVG,631.4128440366973
LGQRGRDSQFN,2837.1009174311926
LSYQHSGNA,1764.7385321100917
KHRKKDPYNKL,819.8715596330276
LGESQFRWFWKG,10752.885321100917
FYQVGFKVSREP,6970.8899082568805
AQELPVSRYNAL,5096.137614678899
SPSWGEVG,1827.6009174311926
AYGAKVG,1542.8394495412845
WGHGWFEYHAL,19692.133027522937
QGKSVQFEPYWN,5089.655963302752
NRRAEPSG,1386.3165137614678
FWPSQPFREYNK,6035.821100917431
SDRLQSG,1164.6743119266055
YKAPWHKASW,5467.738532110092
QHVWPYSRWKDL,9455.08256880734
LNHHRWDSG,3732.3669724770643
VEGHRDVAS,1355.880733944954
HVRWLREAYNDA,5751.073394495413
RKEDFPAQPWAG,3047.1009174311926
VNKLEDVYKSG,1146.9816513761468
KVFKLFYAGNH,9658.477064220184
YLDAAWALSG,5730.09633027523
HNHQGPVSG,1216.802752293578
NGQVFGQYNHG,3661.954128440367
NSEAPSGFPYNK,2399.6605504587155
HDYHLSVLSQNS,3139.2522935779816
PEWGAWAG,6387.119266055046
FFGPVPVAS,3932.5045871559632
ARYQSWDG,4370.6697247706425
LGEKNKDEWAS,1150.7706422018348
QAVDEPSG,668.6192660550458
AGAFRSFREP,3249.788990825688
GLPWEVG,4554.0091743119265
SYVHFDLG,8198.119266055046
GQQRLEWNKS,1733.0412844036698
VGHPAQRHDV,1828.7339449541284
NGADLWKHDLG,2466.4862385321103
WWLWRNG,10939.683486238531
AKFWRKLSG,2783.8577981651374
WYSWRWSG,10906.178899082568
HQQNPKLS,1339.380733944954
EKSSLPWHVAG,1504.408256880734
DLEGDLQPWNVG,3748.619266055046
YDVNQNHGYAG,3013.9862385321103
NAERREPYWDG,5536.385321100917
LYDDWKHDASG,2296.6146788990827
GHSWYHLSG,7259.188073394495
VRLLHLG,7525.591743119266
VEENHPSG,1056.5688073394494
EGELQVAEWNH,2440.830275229358
NSESYKVWSG,3264.4266055045873
VLWYSGFG,13575.495412844037
HPQLGDSG,1262.1697247706422
GRHVRAGRWHL,7861.495412844037
ENAHHALFWKG,4310.215596330275
LRDKPWHDAL,3565.743119266055
KDWQVSRES,1287.6376146788991
YAPAKSWNDLG,2067.0183486238534
HSGYRNHREYHA,4162.779816513761
KEDKLYASG,1124.9036697247707
EVWGSGQRPKV,2266.3669724770643
HFAWAKASG,3136.4266055045873
HDRVRGRHG,2467.8394495412845
HVYALQNYHVG,7545.0504587155965
WEESPSG,2260.2522935779816
NKVREWHWRWAL,13529.605504587156
RVWAYEPYWDLS,19975.95871559633
YKDNGQKHFPKG,1395.6605504587155
LGVVWDALG,7803.201834862385
DYKSHGYWKDAS,1854.4220183486239
NHEEWAYWKDL,5904.385321100917
HSALYASYAL,11145.463302752294
FPGSFENLQRHV,7262.532110091744
EEALHHLSG,1656.6238532110092
VKNFVLSG,2954.302752293578
YPPEKVALSG,1201.51376146789
QDQHKEPDVL,864.7247706422019
VNNEALSG,947.5045871559633
AEVGPHVARPA,1734.6834862385322
RLFSPFEDG,7389.261467889908
AQWKQRRPNHG,2306.380733944954
EYVWENVGEHDG,2918.6422018348626
AGYADSEWAG,2549.288990825688
LVWNVRG,5940.229357798165
FEAAGRHYNLG,3594.211009174312
WRRENHES,1922.4174311926606
VGNRHFRPWAS,6764.90366972477
GNDWRPHSG,2924.151376146789
LHFLFYWNHLS,10989.944954128441
PSWDSFGFEKVS,6235.655963302752
YSYPGWKG,3567.6284403669724
LGYFHDLPKD,4392.90366972477
NSLQVRYLSG,10893.908256880733
LYWPSDAG,4109.188073394495
AGVKRALG,1341.619266055046
KHWYLFPKHD,5691.692660550459
LEYWRVSQEVL,7885.036697247707
KDHQLENVL,1323.9174311926606
HQDESGQYAL,1855.8532110091744
KVDFNDARY,2998.922018348624
VDGVHALG,2062.6926605504586
NSWPRPVASG,2431.761467889908
HDEHPSFWNDV,4626.798165137615
ALRSFNVLKVAG,7786.651376146789
FAYWLQARPW,16188.940366972478
YHKGVQEPWA,2593.9954128440368
VKSKWHVASG,1546.5045871559632
PWVDYNHQNDA,3186.0963302752293
LHQPLVSG,2337.862385321101
PKWKGHSFPAL,3856.376146788991
PKPEHAQFYHVS,2629.697247706422
HWLEKYHVASG,3218.6880733944954
SFNGQHQDAS,1432.2844036697247
RAKHKHPVAG,946.2110091743119
YNSGNPKAFREL,2572.623853211009
RPAAYAGRAL,4156.967889908256
PGYWFPPHDAS,8091.133027522936
LQVHEVALG,2616.4908256880735
DRSPDWDVAG,1894.4908256880733
YAHPKARPWDG,4645.825688073394
VRKVYAPNHD,2522.243119266055
QVADLGYFEPYD,10729.830275229358
PVWVDVFPYNLS,29913.75229357798
HPVYVHALG,5438.977064220184
RANVDLQFRAS,5078.752293577982
KFFRVGVALSG,9160.201834862386
RFHEGQVSG,1759.5550458715597
EQPNAEAYWNKV,1210.0045871559632
RHASYVYNHWDV,10784.339449541285
HHDFSNVSG,2122.5825688073396
ESHWWHALSG,4942.133027522936
ALGDFNKYLSG,3161.5733944954127
RPRPWAQYDAQ,3446.6009174311926
WKAPLPYQRWKS,5584.857798165138
HQYQFPLGNDV,3883.6146788990827
PPGVQKLSG,831.5642201834862
KSLGNVLWNS,3308.4954128440368
AFFLSRVS,13671.100917431193
KRDNFHALS,2164.4266055045873
LPLWENDLG,3880.467889908257
FLYAQLREKAL,3796.564220183486
KLHYPYAL,6811.894495412844
VYAWVWDAL,16615.160550458717
PHWKADEWNVA,2534.0137614678897
HRRFHALSG,4451.54128440367
WSPALALYWK,15555.30733944954
FSSRLGRPN,3204.6926605504586
PLKFVAFKHVG,11631.366972477064
QWQLNALFRNKS,5951.325688073394
VEAKREDVA,648.5550458715596
YRRKWNVALG,3985.743119266055
VVRAVLG,3778.059633027523
DDVHYSG,1906.7614678899083
FKNRHFYWKDV,4876.243119266055
RHKSPAQNHV,1194.454128440367
LADVRAG,1503.3623853211009
RQDGEVRHG,1271.788990825688
YASSEYDQENS,1597.880733944954
VQSHAVAG,903.8899082568807
YADQKRWNKSG,1561.619266055046
AGYHKDVHASG,1240.7706422018348
HEEKHQRWHSG,2063.032110091743
AAPSQLG,976.816513761468
WGREQVLEPH,4509.4908256880735
HSGYEYKFKVL,8299.633027522936
PKQFAFRWLPVG,12007.816513761469
SSRPQHLS,1710.1100917431193
KLDNGHLG,1649.1880733944954
ANHVNRWLG,5427.4908256880735
EVDQASWNKHS,1151.3990825688074
EEGNKEDSG,494.23394495412845
WGKWRHVSG,4992.357798165138
VEGVSWLS,5519.371559633028
FYKYEQRWDG,4771.972477064221
DLFHKSQYKS,2374.1926605504586
VFNNRWDLS,7068.532110091744
QDEQVAFRVA,3232.0229357798166
PDLSVNVPNKA,933.2018348623853
FFWLFPDSDV,8860.087155963303
PKNSEKRES,549.302752293578
HYLSKSKHDVG,1519.7660550458716
LKHGEVRAL,1690.1422018348624
EQWDRYHQYKDS,2898.559633027523
YEVPRVALSG,3840.935779816514
QHHAEDREDG,892.8623853211009
KKNKAYG,783.0779816513761
EGAHRPLG,1386.5504587155963
ALSVHLQFKV,15479.88990825688
YNHGDFVAYWG,14238.12385321101
PVPGYWKSRPN,2758.5366972477063
PWNHAPKREKDQ,818.5137614678899
LKSHVHLSG,2049.2844036697247
KYLVKAG,2155.1422018348626
QGVGKLEYNL,2697.2522935779816
YQHREAQEWHDA,2272.9816513761466
QRRRALRWHDS,3991.577981651376
PHFRASDVQEPY,3165.5045871559632
FYNRWNHDWPN,8489.91743119266
SRPYSFAGWDG,8709.188073394496
VAFEQWHGEDV,3273.8256880733943
RYQDVLNPWVA,8900.866972477064
DELSEGENKVG,816.5825688073395
DPQHGKLG,915.545871559633
LSPRVGEVLG,1578.7706422018348
FLKEREVAG,1052.8256880733945
HHGPSWLG,5962.077981651376
NPKEHLRYW,4968.701834862385
WVARPHERWVS,5936.633027522936
KWQNQEG,976.5963302752293
EQKFWHQEAG,1236.105504587156
QDSVSHVAVSG,1291.954128440367
GFRFELSGVG,12989.275229357798
HRYSLGNKVAS,2492.0137614678897
GKFPPDALG,1671.4357798165138
SLHQRHDVSG,1581.3302752293578
PDVFKGPSFEKG,1328.9495412844037
EWKESQDAVS,810.5642201834862
KVWEYGFEAG,4394.311926605505
KPKYHSQFENK,915.5091743119266
KEDRFDAG,1360.7385321100917
QQGSVLSG,1087.908256880734
AYRFKDAS,2295.3990825688074
YKVSWAGKLQWH,7579.788990825688
KRYDQPVYDVS,3002.353211009174
PPVSPKHFPHVS,1778.2385321100917
WVERWKSRL,7499.564220183486
DDRHAWAG,2540.5550458715597
GRRDVEG,1136.5688073394494
WHFQKRYWALS,10190.678899082568
EAWQDLENHDA,1868.6376146788991
RDDWHSVG,2610.7522935779816
AEFDNDLSG,1892.665137614679
WLRYRPWVNLG,16827.229357798165
FSPLHAGHDV,2581.1422018348626
QFFLGREWFH,15930.477064220184
NHVQQPNQNK,1039.5366972477063
FGDGFDGWSG,7711.807339449541
QGYGLFEHVS,4708.51376146789
HFSRYVYG,10201.729357798165
GDSFDPVSG,1784.848623853211
RPHDGDFRYHNA,4524.720183486239
AYARYKLFYDVA,11547.050458715596
ASWQDREPDV,1886.5642201834862
VGNKRYVAQYWA,8489.766055045871
LSHGYEYHL,7979.637614678899
LKSDVWALS,3054.0550458715597
GYQDDSG,1274.4816513761468
NWAGNQAG,1726.926605504587
GNVRSYASG,2703.6926605504586
LYNHFRPGRHDL,5786.04128440367
QNKADASDLGRP,918.4036697247707
PYSAWNAPNKVL,4581.5
LHVNGVG,2035.2018348623853
LDGLGYHL,7430.48623853211
VGYHSKGEPWHA,3293.637614678899
YNSADALYWKL,8441.51376146789
WFPWWQFRNKDL,14103.165137614678
KLDFAREYAG,2660.4036697247707
NRWGNADALS,2638.394495412844
WANDQFKQFNVG,4652.779816513761
HYAWVEHDS,4554.954128440367
YENSREQWHA,3222.2844036697247
EYHLGPPDGNHA,1815.7981651376147
FYWNDRKPWSFH,9692.238532110092
EWYNEYFAG,12422.52752293578
GPFWYWSG,16045.655963302752
WEAPAEHAS,2022.8165137614678
YRNEQNHLSG,1992.1926605504586
FPLYWRWFYVL,22194.954128440368
PPNFRWHKDAL,3956.353211009174
KGDFRVARLS,3075.0412844036696
LGNGQFEKANA,1248.98623853211
EDSKAGAGRN,733.3577981651376
PWQKLHGQHLS,3363.467889908257
DQWSKSQWDSG,2308.123853211009
AQEHRKSQG,774.6605504587156
HRESFGYDA,4825.619266055046
DLDSLGPYNKG,1649.3853211009175
DKVGYEYSG,1962.9770642201836
NDRPGFASPKG,1378.788990825688
HKDFWKQHVSG,1709.394495412844
VRQAWNKHVA,2126.229357798165
HGKWWKHDVG,2422.9908256880735
FSYWGQSRYVAG,6702.160550458716
QRQAPWLGYWVS,15850.559633027522
WNNEEYHDVAS,3079.6330275229357
RDKGHLYDVA,1974.0825688073394
SPQVWSG,2084.7844036697247
KELVVLG,5781.711009174312
RKDKEVQRHAG,820.5321100917431
QAWWNLGKHDV,4012.862385321101
QKNDGAGFYWNH,4895.665137614679
WDSSDAQNKG,1295.4724770642201
LFWGHAPALS,6688.206422018348
AYDLGVLYALS,15913.19266055046
KWSRSYWNKVS,3515.6743119266057
PNAGVAPNFKH,1782.6009174311926
GDSEEDSG,756.2477064220184
VGSNEHAL,1172.2614678899083
SPNASSEWDG,1568.834862385321
HAQWVGFEPNVW,13580.30733944954
AARWPDSG,2035.9495412844037
QGEENQFEWVS,3389.637614678899
YEFWREG,4684.724770642202
GQDWPHG,2595.467889908257
GYSGVREVL,3005.9266055045873
RDWDEHPYWVS,10671.298165137614
EWPWHGWLHDG,11975.637614678899
WGHLWAQNVLS,10571.105504587156
DPQYQWAS,2557.211009174312
QKFQDGFNKHA,1781.6788990825687
AWGFDGHVL,10327.229357798165
PSLAFNSG,2643.683486238532
EPRWHSENLAG,2132.770642201835
NEDANENVA,1078.651376146789
VFLWFPSG,15479.302752293577
DWLFLPVAS,17450.105504587154
WGLFHWALS,14797.311926605504
NEYRREDG,1934.6880733944954
LWKWAVLSG,7435.706422018348
YHLPQENVYNDL,3776.651376146789
YHHEFYSG,5866.146788990825
GHGFDYKDL,3238.9587155963304
NVRQRASNDS,1582.01376146789
SWKSWQWNHL,8517.724770642202
PQSDAYHAL,2002.2798165137615
NRHPHENDVAL,2135.6605504587155
YRKRQFWNHVA,4728.573394495413
EPEPPDSNKSG,652.4082568807339
DKPGASG,646.6009174311927
QVLRDSGNAFHL,6069.3302752293575
VLDYWDVPNDG,4341.981651376147
AHSWHHDVALSG,3422.0137614678897
LQLGGNDLS,1758.8119266055046
FRQDKVSPNLS,1853.9220183486239
WPWYPWAS,23587.8623853211
WDRDQNLPKD,2186.064220183486
PRRNYKLSG,1907.454128440367
WQWKDSVPYNA,3886.9770642201834
NDAVSRERYKA,1532.866972477064
PYSQKVAKLGRH,2640.637614678899
QRKNREYAQWK,1537.5504587155963
KFPRRLSG,2076.876146788991
SVLYDLSQEPYH,8428.614678899083
AKQRAWHS,2365.4816513761466
DFRNSVQRYNL,5480.715596330275
PQRGFPYSQFH,10442.628440366972
VDPWFKG,3890.646788990826
QDKVNKHFPYLG,2982.1743119266057
FHFFNKAEPYS,4597.756880733945
ELAAGPASG,876.2018348623853
SYVESYNALSG,3694.238532110092
YKEKYQWHVS,3581.467889908257
FQLHGYDLS,7029.408256880734
REEPPWHARVL,5060.784403669725
YLEKPWNDEYDL,6475.068807339449
AKFAKASG,1062.532110091743
VYWAYGVLS,12788.715596330276
WLSQYNFHVARK,7490.426605504587
GLQWAVASG,4056.802752293578
WLARNARWDV,10659.444954128441
SQNNDKHVALG,1161.105504587156
EAGHWNLRPKAS,1901.0550458715597
PGQRALVYWKDA,6799.188073394495
GNHQFWQHAS,4939.192660550459
PRFLHVS,7851.807339449541
SAWVQPYWVLSG,18105.449541284404
AQVWAVASG,2961.0688073394494
YKAVPYNAPHVS,2808.1743119266057
PPHKKVG,758.8119266055046
GVDLKASG,845.848623853211
EALVPDFPYNDS,2892.1330275229357
LSNRKSPVAL,1944.651376146789
YLVDSQAG,1979.651376146789
EQLKEYAG,941.6330275229358
WKYVWHLFRKS,7034.504587155963
KLQWPKDYDA,2167.3256880733943
PASKDGKVPHD,873.8348623853211
AGYLVARYNKHA,5793.412844036698
HASVSQAQEPVG,946.2247706422019
RPKHWLRYEKD,3588.830275229358
WRVDFRKHDVAG,4177.527522935779
PHYWPKSWSG,6064.4495412844035
SEPAASREPKAG,585.6697247706422
WKDPYQKSWND,3065.853211009174
KWYNDQG,2129.2201834862385
GNHVPLPWKD,3394.4449541284403
NARPYVEQFKVA,2857.6880733944954
SDYAKLSG,1239.1009174311926
FNRKFKVFRPKH,2748.770642201835
EAWNRASQNG,1600.8899082568807
RDNQRYLSWNDA,5192.220183486239
RNQKAHVLSEPK,1110.0
DHPKHWG,2341.0091743119265
KKLPKNSG,611.5183486238532
EFEHDKVEYK,1177.032110091743
QYKNGEVLWHVA,4519.853211009175
EWGNQHDYKLG,2881.816513761468
FHREALQKHAQR,2346.5091743119265
DALYQLQEYWK,7221.311926605505
LYYWQNKD,3150.256880733945
RSSEYQASG,1189.651376146789
PGDRSQKDAS,691.256880733945
YRDWWKLG,6685.972477064221
WNWYNHRSG,7552.238532110092
RAREGPSFRNSG,2180.848623853211
WPPWEALSG,6255.683486238532
VLPANHVRKDVS,1189.2431192660551
WDQRLSPENVSG,2309.412844036697
DNFPLYHDSG,4362.3302752293575
DQPVNQREYDA,1397.454128440367
NNNVELSG,1393.3577981651376
GPVRFWVLG,18518.55504587156
NRALRDPVAS,2039.3256880733945
GFKLDSQDVSG,1386.7660550458716
GKFQYLSG,4014.440366972477
LRPESFRG,2178.3119266055046
WVRWHLEVYND,19888.42660550459
FLRELPNDLPWS,14539.58256880734
EHYQVSPYHV,5444.807339449541
WNWASNSRPND,3736.4770642201834
QSPVQEKANDSG,556.6880733944954
QWHPDEAGYA,2611.6651376146788
AWFEHFAG,9267.174311926605
GKPHNDVLS,1175.6238532110092
ARVQQNVLSG,1522.3165137614678
VFEKNQYNS,2288.9954128440368
DHVFYLKVG,23010.224770642202
ENDKLQEWFL,4096.243119266055
WLHKSGYLS,5808.137614678899
ALYRAFKVALG,11419.52752293578
RYDADLFVLHL,23692.58256880734
YDGDKVSYWNK,2326.123853211009
YEASQDNVSG,1342.3211009174313
SYVASYPWVAS,9334.426605504586
PGGQASRPWKHA,2374.2155963302753
PEDLYAGRPHL,5432.931192660551
WYWQNANKVL,5970.298165137615
AEPERALSG,711.9036697247707
HGWSPHEHG,2940.0733944954127
QQHVPAHDG,1380.8440366972477
GYSVQYLG,10019.628440366972
RQREKKDSRL,901.0366972477065
RGLGYLQWKHD,5379.087155963302
HVGWYLQPG,9854.490825688074
LRRRNSG,1835.2981651376147
SEEDHLG,1018.7477064220184
APEYVRAG,1201.98623853211
ANVDFESG,1341.01376146789
LWNFAFWKHASG,7810.472477064221
QHVELEYAYDVL,12930.688073394496
QVDHYHVG,2269.4266055045873
HRENPAYDG,2744.1651376146788
QWGSASNKVL,2776.6284403669724
NDKPNDYHDL,1661.5825688073394
AWENWNG,3395.5
DHVKDKDLSG,620.1880733944954
SGANEYHG,1726.51376146789
WNAYVFNGNDA,6947.692660550459
SEWEKYKHDAG,1369.5229357798164
HAAKQESG,546.4311926605504
EKVNHERPWL,2958.5688073394494
SDPAFYWKDA,3319.1146788990827
WKANSGRLRYNL,7124.9908256880735
EAVNKHQSG,676.6651376146789
HFWRNQEYNAS,4285.256880733945
GQEGLQEPW,3187.5045871559632
AHYKKVAL,2091.5504587155965
ALGSEGFRHVL,5104.981651376147
FPGLWNLEYWA,22872.977064220184
VLPGDQYWHAG,3870.0688073394494
DEWYEKDS,2125.3715596330276
FKPKYDGNHAG,1422.6284403669724
RYGYLFEWRPWN,19034.940366972478
GYWDNNHAL,6564.862385321101
WYNYVNVALG,9988.967889908257
LNKWKEVSG,1336.7155963302753
EYFVDQPYDL,11548.885321100917
HPSWKKHDV,1375.0183486238532
QGAAALG,1238.0825688073394
YRWFNFWNLG,13800.142201834862
NYWEREYWND,10431.238532110092
YLRKFYHFPKDV,5048.119266055046
ALVVEKSG,1773.802752293578
FYEQQKHSG,1805.2477064220184
YWVGVALPDFKV,14548.628440366972
YRYQHRNKHLG,3499.105504587156
PHEWKPLQRG,3077.3577981651374
EWPLSVGQRS,2786.8440366972477
SRHHNHSG,1706.6926605504586
KNLYQWDALG,4584.766055045871
LSPFQFLG,8715.651376146789
DVQGVGYNKVL,2013.5183486238532
KQSEWFHG,2614.880733944954
GPLLEHDAG,1255.1376146788991
NDQEWPDASWV,5738.417431192661
NYARFRDG,4778.435779816514
KSYVWDNDLS,3262.7247706422017
AYEVSYG,4600.0091743119265
LQVFHVQRPVG,7385.114678899083
DGHESRNDSG,951.2981651376147
HESDRELG,996.756880733945
SEWGFAGNDVS,3473.169724770642
GWKGSFRENHL,3745.2752293577983
VKVWWKG,3984.6330275229357
QHQFHFNNHSG,3895.816513761468
ELDALHFWKSG,3695.646788990826
FLKQYPWKAL,6222.917431192661
EWHYNVFWNAQY,19364.298165137614
DGVKFWLG,7832.821100917431
ENGEWVYHRKDA,3008.47247706422
VRLHRPVSG,2759.7477064220184
PKFNKSARPYVS,2760.0091743119265
QASWNEWHFEAL,8903.174311926605
QWHALYQEKAQL,3062.270642201835
RKQNAHQDALG,1129.8119266055046
VWQSDALSG,2669.8899082568805
HSDEKDFWVLS,3599.733944954128
HRRHKLSG,1414.9311926605506
DPVPFWLG,6826.307339449541
QWGPNGQLEPHS,1941.4908256880733
FDAKWKALGAG,2049.5825688073396
PNHDDLKVGQNG,951.0091743119266
QVAWGRVGPKDS,1862.3165137614678
RWRPNSQEHEHD,1569.651376146789
VFEYNLYPYNV,7250.931192660551
HRFWWNDVS,8324.839449541285
DGQPPDVSGFLG,2405.233944954128
FSREHKQFNKH,2160.151376146789
FNHFVGPVWNKS,7007.665137614679
ALSVQYDPYHD,8528.587155963303
NEFSQFEWVLG,13168.880733944954
VQGPRYG,2991.8899082568805
FNNYVSWNVAG,5536.95871559633
RWYPRPYDVASG,7211.614678899083
LKGQLYWSG,5835.678899082569
VFPHYAQNDVA,2570.2522935779816
FKPYEPQRHAS,1757.894495412844
VFGGHAG,2391.9449541284403
QRNPAGEPARNL,1172.8577981651376
QAPSLQYWKHAL,3351.6422018348626
FSVKHHAG,1744.6467889908256
QLEQGPNKASG,1033.9770642201836
VNYQFVSG,4976.385321100917
HLNWNLFENDSG,4396.98623853211
QFHNNLFWVG,13183.802752293577
RWRREKVYVS,4791.165137614679
YVQYWPWSYNKS,9370.724770642202
RYFSPWHAGYNL,13322.30733944954
HKGHLKLS,1537.032110091743
WEGQYNLGNHV,6273.642201834862
WDFREPEHSRKV,2343.532110091743
ASYGHEPDVAS,1420.633027522936
HWGRHHAG,3300.077981651376
VEKRWREWN,4336.683486238532
RQQYVPLSG,2618.706422018349
SVYHDELSG,2479.1651376146788
RYLRKDKSGEWH,2705.669724770642
WNVRRPDSGHLG,3869.894495412844
QFAVQEGKHG,1291.119266055046
RDKESEYHVS,1083.0
QAHSLGFPA,2633.2477064220184
SWRPAPLSG,3859.5504587155965
PGNFYSFPWG,16571.064220183485
WVRQNKDDS,1470.7477064220184
HWKDYSQYKHS,2334.743119266055
EQSLFYLSG,13866.555045871559
EQRDSVSPNDG,924.9908256880734
PVHYVSPYNVA,6596.779816513761
VNFYLEASG,12019.720183486239
GKWKQVAG,1367.9128440366972
NHDVDAQKLWN,1788.6880733944954
WDPKNHVFDAS,3077.711009174312
LRDQLWKDVSG,2099.623853211009
NYRDRWHLSG,5533.224770642202
WRKLEHRDAS,2080.2247706422017
DQERAGFEYS,2741.1284403669724
WWDRFALG,14387.155963302752
KFDWNFHDALS,5327.931192660551
WPENNAG,1880.1559633027523
VGVWWSG,9831.357798165138
NNDGLEVSG,1295.3394495412845
PAYEFYNALS,8606.674311926605
HNARYHVREPYV,6713.399082568807
RQRPFWSGKHDS,2711.788990825688
KYAFWWNDVS,7287.995412844037
NNEGHDG,1201.4174311926606
DRFPQRG,2542.1284403669724
YHSVLQRHDAW,6846.325688073394
ADGGHAG,1225.0229357798164
ANALKFRPYWN,7538.738532110092
PAEHVFPQFWA,16609.756880733945
VEGDVKDVASG,810.1284403669724
VEYENFPWHA,7431.788990825688
DSQYNWLGRNAS,3417.422018348624
YFNNFNHG,4214.935779816514
SFHYEDVS,3477.6880733944954
GEFGPYVALSG,8010.646788990825
VPDDRWDG,2216.761467889908
FNRKVYFPNL,9883.802752293577
YFGLVSG,4677.894495412844
LLQNKWDLSG,2640.564220183486
PSWPASDSG,1706.5550458715597
LSVRVLFEHASG,17917.701834862386
SNYNSHVALG,2751.229357798165
QEVHEKSRPSG,672.4816513761468
HYGFNLKVLS,10279.279816513761
WPARESDALS,1920.5045871559632
NRYWKRQRYHL,6995.628440366972
YHHSEKFWHALS,4494.119266055046
SWPNRVLSG,4451.752293577982
PVSVRPHSPAG,1603.440366972477
DEDYQREYWS,4560.720183486239
YDRKPHVPWNHL,5869.5091743119265
KALQWNVFPWNA,10591.30733944954
YFDNHQEYNHV,4330.454128440367
HASPEPGFWN,3087.6605504587155
KWLYHDDVAL,6568.5
ALGARKVEWNK,1802.4587155963302
VQPGVEKLG,730.5366972477065
RLAHHLG,3361.0091743119265
LPLEWNVDSG,2837.206422018349
YEHYYWVG,6215.366972477064
EGSQEQNALG,900.7981651376147
LWLDHLSG,6993.779816513761
KSNHDFKQEWV,2168.4816513761466
VEKLAGWKDV,2060.362385321101
DQFAVSYNVAL,16264.752293577982
DWLKHYVG,5332.651376146789
YDLLFYNFKVL,12841.119266055046
VSHWFPAS,6619.591743119266
QKPDGQNLKHG,898.7155963302753
VQRRHRYWNKD,2814.802752293578
HHFPWAEG,4593.426605504587
YWFERLSWNA,9237.105504587156
FWRSNPWKDVL,8282.848623853211
QGLLVASG,4195.261467889908
SYKQKQPKVA,1068.8577981651376
KDHKREPWKHG,1121.2522935779816
EKHQQEYNQNAG,926.9633027522935
LARWHQAL,6339.04128440367
RPESPNDFHVS,3002.5
SFYRSNHDAL,4912.678899082569
RSNHPDFEPWKA,2977.5045871559632
FAAVDVSG,1949.045871559633
WNSHRKGQREWH,4297.981651376147
VYNLFENLGWK,7270.614678899083
SRSGWEPNA,2405.3715596330276
HGAYKAEKVAL,1471.032110091743
FEGGWDSRWHA,7940.399082568807
YFLQLELS,26518.0
FQQASRLG,3119.045871559633
NQYSKHDVALSG,2162.033142201835
EPVDEDAEWKHS,1091.0504587155963
YGFWEKAFENA,4452.119266055046
QEYGQGFGHDAL,3741.02752293578
KHKYKDSQASG,631.0229357798165
PQWQQPAG,1854.5412844036698
PHVGKSYQPNKL,1952.0045871559632
WLKHKFRPNKL,2959.0963302752293
PWNNSQPKQEHA,1100.165137614679
YPRYPDLG,4413.743119266055
ERHRREHVASG,1324.2660550458716
NGPGRAFVG,2764.087155963303
FQKAYEYNKHL,3738.077981651376
LHHAEVLSG,1985.7798165137615
NAREKRWDLQL,5045.665137614679
KYGQGVG,1347.2155963302753
RADQGQLG,1253.1834862385322
QYEPWRVFEHD,10555.321100917432
FSPWFKVYNK,7685.8302752293575
WHWVNDQYAL,13309.711009174312
GLQLVLSG,15586.155963302752
YFAQQFNHDS,3362.02752293578
GELYSKVLG,3803.678899082569
RGHFGHALS,4049.5550458715597
QEESWLENG,1703.366972477064
GWVWPLSG,12499.834862385322
GWFADALS,8970.866972477064
PRHPLDVASG,1931.7614678899083
SVFAYSG,9561.440366972478
PNRWKSVLYS,9163.995412844037
ESVGQPWYDVAL,7598.472477064221
WDKDNARHSG,1709.197247706422
HEVLRQWHSG,4993.472477064221
PDGYEPWLAG,7727.105504587156
PYSSRQNDALSG,2364.6284403669724
EEYAREWLFPYG,14385.073394495414
FHPGGQYNHD,2804.8348623853212
QRDNPYDSENDV,1783.6146788990825
FVWQPHVASHVL,9606.188073394496
KNHKWKDAG,881.6559633027523
DDQNQYG,1507.0779816513761
QLKPGEPKD,663.0733944954128
EDGVNLFREDVS,2490.1559633027523
VDEPFREPYL,4592.646788990825
HYNARQEYHDG,3191.4311926605506
VVFLHALSG,13235.853211009175
VNRNHWKVL,4784.224770642202
YFELSWQWDLS,14375.330275229358
EVSWDLVPWNKS,4014.967889908257
HHKDLYHDV,1925.573394495413
QDAFDEWSHLS,4419.678899082569
ANLRFKAG,3238.7155963302753
RFKGSHLSG,2204.293577981651
QEPGWVLSSFRK,8822.348623853211
WVRWSQPFHVL,25108.559633027522
KDSWGRVQEWHD,4138.371559633028
WGSAASG,1877.045871559633
NWGREEHVLSG,2714.183486238532
QYFVDVQYWAL,27671.022935779816
WHDVVAQEFRNA,4135.1697247706425
FVEYRKHAYKSG,3138.206422018349
LWHFNQEKG,2084.637614678899
QGDPNENKHSG,739.0183486238532
PWLGLFYKQG,11960.41743119266
PNKFKLGRLEPL,3279.6422018348626
NQGSRYDVAL,3184.6009174311926
VHFKQALSG,2130.711009174312
LFFSFYLSG,7120.577981651376
RYGFSGESNHG,3143.894495412844
DSVSWVWVL,26996.82110091743
VASPQRPKYNV,1894.0183486238532
WDRYWWAPYNS,14342.385321100917
ELHYHVKVLS,7312.614678899083
LGEEVREPND,1065.5504587155963
SKDVYRYNHDA,2146.8577981651374
EAEQRQRLS,1385.9220183486239
SKVGYFASG,3635.9449541284403
REEEVQREY,1108.7568807339449
AQHNWNSG,1812.7477064220184
LSNAKFWKHD,2723.1559633027523
SASHKDSG,720.2155963302753
WDAFFNDLKVA,9141.908256880733
LFVRKSFRWKH,6116.032110091744
NPQLSYSG,2100.3577981651374
NHWFWDHVA,12350.394495412844
YGWHDYDFYWD,20114.174311926607
QKSSDAGYNDS,967.5733944954128
HPLKFWSG,4587.435779816514
KQVGLGPYNV,2895.6743119266057
NERSVALSG,1959.01376146789
RALKLSWAYWNV,13713.050458715596
EAHPQYALSG,1902.711009174312
AQSWEPSG,1518.788990825688
ALDFYHEVLG,6269.206422018348
RFDYVWAL,14358.880733944954
PFLPQWASG,7416.752293577982
GWNVPFEWVAL,21194.4128440367
AWEWSHASG,4203.518348623853
DVFYFYKVSEHG,25485.894495412846
QWVPSFRHAQWD,11665.536697247706
PEQGESG,829.5642201834862
FFHKEKAG,1220.4954128440368
ANKSWSQEYNH,2229.711009174312
WYGHKHLG,4594.559633027523
AGKVKLWHG,2563.922018348624
AKEQDLSG,644.6376146788991
LFEENLRENDLG,2906.793577981651
SWFHEKSG,2422.587155963303
RRHLHVNVALS,6258.51376146789
PDGQKDQRDSPW,1966.7706422018348
FSNLLSPNHDVA,2618.9311926605506
PNWPEYWKHVLS,8821.518348623853
GRERAGQHDA,1542.3761467889908
VVNQKSG,946.743119266055
RSNSWAFNHV,6174.04128440367
AVFPNWASG,4231.733944954129
RSDNDFKLSG,1548.2293577981652
QVGGYVAHSG,2418.876146788991
QSVRASNLS,1877.6467889908256
VNVVKVAG,1550.532110091743
EALWYNHPYWDG,16745.15137614679
WSNARWYNAL,12208.128440366972
FFYYWLFPWHS,3841.3073394495414
PWPQPHEPYWN,8775.573394495414
VGWRVQRPYKD,6367.55504587156
RYLKSRNFKV,3111.440366972477
ARGHPWG,4147.293577981652
RLVAPSNAS,1721.3761467889908
LGNQGYWVALS,10256.38990825688
YFRKNFRHVALG,5443.807339449541
WSADVKALSG,2291.802752293578
LVLYGPSG,10536.105504587156
QFNYRKHVGWVA,8147.871559633028
QLLRVFEPYL,22861.39908256881
AQYQVWKDS,2199.9816513761466
KKAWDDVG,1227.7247706422017
ENPAALFEP,1327.5091743119267
WESKWNLG,5119.853211009175
VNHFWPWDVASG,8333.555045871559
KKDHLRDLS,1161.1100917431193
EPEYYNQPWNH,5882.197247706422
FWHGKGYQFKAG,4464.256880733945
VNVVFSG,10263.371559633028
LKRLPWHDLS,5334.977064220184
PWDALKVAVRPD,6424.95871559633
SPGDFKHDAS,1065.940366972477
YSLVWNKVLG,6478.01376146789
FEYQFSKPKALG,3239.7522935779816
ANHKEHDASG,632.8302752293578
QDKFASEDA,663.0
YHHSDALFENDS,2462.6422018348626
QHQGQWGHSG,2576.5733944954127
PRSYWDRL,8154.821100917431
VSEHNVQEPWLS,3808.9036697247707
YWWRDSFEWDV,16666.73394495413
FGGPGRLG,3578.298165137615
RPQLWHQYNDA,5469.876146788991
LQLFYSKHALG,11755.357798165138
LQEVWLSYHDV,23760.610091743118
YLKEAWHVALS,4637.981651376147
WFSDVNSG,4808.362385321101
DFKRWGWNHS,4816.839449541284
NHPPGQNDG,1287.4908256880733
VGEHYLQFKVL,16800.01376146789
SWRYVRDLSG,6632.518348623853
GQYEPSEYDAG,1894.032110091743
QPDQYALNHHA,2895.788990825688
NKREVARNSWA,3013.5825688073396
PYANNVLKDVS,2018.045871559633
NYVAWSQEYHS,6529.972477064221
RWHAKHLRNRPW,8687.798165137614
AHWHPSG,2810.422018348624
LGGGDSG,954.743119266055
RLYDPFRNSG,4747.298165137615
QKNNKQNKHDVA,674.5412844036697
EHSAGQPYVSYH,5618.215596330275
GFNKKSNHAS,1233.3394495412845
KGNPRNDG,1066.6422018348624
LGPQWNWSG,5341.371559633028
SRAENPYNVS,1993.8165137614678
WKDVLNQRKWK,2307.4036697247707
SEWRHFPWALS,16064.848623853211
FGYPGYHDVS,6110.775229357798
EPWRGYSFYL,31650.95871559633
RKDPARLWHASG,2251.8990825688074
AQYPWAFWNH,14001.738532110092
EKWRRKDVAL,1836.5550458715597
QPEGNFPYDVS,4266.201834862385
NFQVDASG,1840.5688073394494
QYVWFKREYDS,9985.339449541285
RQWRDFPYKD,5851.6697247706425
HLRKVQEDVEHV,1233.2935779816514
HRGHYLSG,3581.1559633027523
KAYQHVQPNAL,2273.770642201835
KRFVKLSG,1892.0642201834862
WPQYRSG,6427.963302752293
GFDGRAQWAS,4661.917431192661
KGKSKAKHLG,606.394495412844
PGGKSREPWVAS,1993.8394495412845
RYGGAREPAS,1358.7706422018348
RNSFYDPDGEYK,2940.9174311926604
APAPNWALG,2194.798165137615
FDVQFQAREKS,2237.8440366972477
YDSNSRENLGQ,1542.3899082568807
HKYDHASG,1359.4220183486239
HNDQYHQDVLS,2341.0
YSWSPYVYAS,10806.761467889908
FNADLYLGKA,4461.243119266055
DQVVQPHVAL,2203.5091743119265
RSALRNRNDSG,1598.1743119266055
ENDKSFYPWL,5623.064220183486
FGWVLRWDAGYV,21587.302752293577
PLQAHAPHG,1942.5871559633028
RRLLKHVLG,3601.032110091743
HFRDPGWLSG,6508.362385321101
NWAQLKLG,4145.692660550459
YFRNSYPYDLG,7357.481651376147
WKRSRWKSGNVL,3343.6330275229357
DQLLGWSG,4256.917431192661
PSDGQYNYWDG,6330.51376146789
KRLGWVKG,2155.169724770642
LQFYGEAGRLS,5952.357798165138
NELWGDASG,2906.3577981651374
FSGPSGKWNSG,1492.6697247706422
YAARGWHLSG,5592.775229357798
YEGHANLG,2607.7752293577983
PFNDLRQFALG,10787.444954128441
YWKRRNQPKAS,1489.8394495412845
FAELASKDVG,1796.7293577981652
AFYAHDFHVS,8280.52752293578
RLQPKKGRNG,932.6605504587156
ALALARDSG,2368.619266055046
PRNWWALS,9865.114678899083
KRFPKRHVAS,1291.5366972477063
FNGQEFHRYA,7617.385321100917
VGGHDKASG,714.8853211009174
DLYPKQRESG,959.2064220183486
WRSDPKG,1776.8853211009175
FKAEKEYVASS,1316.8623853211009
AGGWFNG,4813.302752293578
GNWNGDVLG,2577.738532110092
NDSDGKFWKL,2714.8715596330276
FKFQQHDSG,1622.4311926605506
DLHWDLLG,7111.55504587156
DLEWFNVAPNSG,5654.247706422018
LKVVLKHALS,8078.472477064221
RGSRKHDDVLG,1249.0550458715597
KRKVWNQPVASG,1432.7064220183486
NGHDGRLWND,4326.619266055046
GLFLGPLG,11868.01376146789
RRYGRVYAG,4872.357798165138
PQDNGWKSG,1274.059633027523
SQVLELEPYV,6226.233944954129
SRWFVQEPWDV,13499.229357798165
VQVLRHYVS,9490.045871559632
YGPGQKHVAPKA,986.1422018348624
GQKDHRPNHSG,1054.8211009174313
WHKVEPVPYA,3755.564220183486
YANSPWEWKAL,7069.018348623853
DGKNSDAG,652.2385321100918
LRDYDGRYWS,9045.325688073395
GYLPQRAG,3113.1146788990827
DVAASGDGFKVL,2545.729357798165
NQSKQDASG,563.7155963302753
GKRYQASG,1312.7201834862385
PWPDEPRNAG,1814.8532110091744
LGSGHQHG,1690.7339449541284
VERHGQLG,1868.1100917431193
YLPYYSQFEHS,9062.587155963303
EWVHASQEDHDV,1576.8211009174313
DHGKQNDS,621.2339449541284
KFLWLFASG,12569.105504587156
NYDKAWLG,3524.0412844036696
DVPNLYKSVG,1608.8440366972477
QHLYVYWNRY,17856.380733944956
GFHLNANDAL,4137.967889908256
HVPFYDPWHG,10758.41743119266
KDAQQRYNPNH,1974.440366972477
KLGDSFKEAG,894.1146788990826
VDLSGFSPYLS,9351.495412844037
GYPDYKVALS,4112.45871559633
WGPSALYKDV,4133.408256880734
RYRVYAFWSG,18052.229357798165
FSDRWREYWVS,11861.550458715596
WNKFHYAWDA,8645.467889908257
QNDERYWKARE,2036.2064220183486
QSKLRWHWDV,6891.582568807339
KEFYWVVSG,11099.79357798165
KYQRAKSG,1076.4220183486239
PDPRPLPYND,3006.5137614678897
FGVQAWALS,7750.587155963302
AQAYYWALS,11053.857798165138
PKEDAYLGEHVA,1669.5963302752293
ENQQWREYKHS,1987.8623853211009
NWQAWNG,5301.5504587155965
ANFHSYLG,5581.5
RQKRFNVG,1495.133027522936
SWFEPQWS,10881.0
QYARHGNQRPKD,1852.665137614679
FGAGYLQREPD,3438.908256880734
VAYVFYVFKHL,23911.761467889908
FKWVAVAFRVAG,20169.95871559633
HHKAWAG,2266.6284403669724
YAPQDFNDA,1937.2385321100917
DFEWSVSEWHAG,7753.082568807339
FGNWGPYKVA,6688.022935779816
PDNDEAFEWKLS,2626.0733944954127
YVSSWNLRYNLG,10585.720183486239
QLPQGQYNKVS,1413.2293577981652
RQQVFYALSG,15220.142201834862
FHENENKSES,797.1559633027523
QSPHVLLEAS,2615.8669724770643
SWESQVLG,2980.711009174312
AYHHWSG,4406.90366972477
YHRDDGQYNK,2111.0366972477063
NEVGVQREWH,3885.4495412844035
QFASFNQHGQRY,7235.614678899083
NKLQPFHAWND,4164.6697247706425
HYKVFAPALS,6928.307339449541
QVYEQFNDLS,3888.5045871559632
LLWDAYVL,18429.54128440367
ESYNALDVGLS,2628.788990825688
EWHVYNLEALPK,6248.5091743119265
WEYEGFRLG,10561.481651376147
WGSKDNG,1759.591743119266
FGYDRYAFPWAS,12649.839449541285
PLDWEYLSG,7874.633027522936
DHRAEASG,879.9587155963303
EWLDKHDFHDA,3234.6880733944954
HKNQESG,610.4908256880734
LNSEPRDSG,961.5229357798165
WAEKENSRWVAL,6951.715596330275
YSHKVGNHVA,1855.3532110091744
FGLVHDSG,3246.2247706422017
RESAALSWS,2335.9449541284403
KADWQPNLSG,1680.1743119266055
LGPFPLENKV,2127.545871559633
ENKKKGPNDV,644.1651376146789
YKRWEWGRWDA,9131.87614678899
GAQNKEDVL,854.6697247706422
GRHEWEYWNVL,11067.922018348623
GFEQDGREKHG,1588.8990825688074
GKAVPNKVLG,1024.5229357798164
QRNSGAFDAGWA,4914.752293577982
NGELDSGDG,1191.619266055046
RDRDQRLKHDG,1503.4633027522937
RFNKLALQRAS,3319.733944954128
QQKGNKFWHSG,2036.3853211009175
HSGYWFHVSENK,4865.422018348624
ANVAREGYKHA,1683.573394495413
QPSHYDFHDASG,3090.045871559633
SNDHVDLG,1500.4908256880733
SEKHVRVRPKAL,1699.6467889908256
EKQAGQYVWNAG,1995.0504587155963
RDADKHSQRY,2190.0
LDGVGNSG,1364.6605504587155
DADSESWKV,1128.5688073394494
DFLLHVLS,14811.12385321101
LAQHAPSG,1314.3623853211009
VNFDSDSG,1606.1100917431193
VGAAWDG,2695.4954128440368
KGPQSEYWNKSG,949.4908256880734
RKNADEPWKDA,927.2935779816514
AYAEQHDS,1225.3761467889908
EVPEEYDLS,1103.8211009174313
YVPALFDLSRVS,10623.133027522936
FVYHWFEYKHD,8655.229357798165
DNWHNVSG,2674.348623853211
APQQRLSG,928.440366972477
VWKDSNSFLS,3233.169724770642
ASGAKQNKVAS,692.2889908256881
SEPQKREPWVA,1488.7385321100917
SGEPRRWNS,2485.1926605504586
SFHDFRYSQPSG,4143.743119266055
RSKFRLRVLSG,5112.756880733945
WKELSGSPKHV,2436.770642201835
WWLPRKLS,7643.605504587156
HWPVFHLG,14791.169724770642
RNDQDPYHFEYN,5631.9908256880735
DPERKALG,648.4816513761468
WFWKESQEVSG,2303.788990825688
KWSYEWG,6172.926605504587
LSQEALSEQFEK,1330.1605504587155
KAANQEHA,705.954128440367
EDNYGHALS,2013.0275229357799
EWHKSGRYGNDA,2655.1559633027523
NNESWALS,2485.646788990826
KNKFSPNKHLS,1150.8990825688074
SKRSALSG,1222.711009174312
GYSGFKAEAS,1768.2935779816514
VYVVWVSG,28823.32110091743
KQWEYAYWHG,9134.614678899083
KPWEGEHL,1732.834862385321
NYLFNAQRNDG,3571.316513761468
EDYSHGFWKVS,3740.5
VPAKDYSG,911.2201834862385
YKGWELSEPKVL,2632.5550458715597
KAAVNHDVLS,1069.394495412844
DFEYHEWSPKHG,4003.3256880733943
RGQDWQNDVA,1963.6788990825687
RRNHPDYHSG,2480.4495412844035
FVPYEYQFDSG,8574.275229357798
KLPWWKHGPNAL,4809.004587155963
YKQVAEPREHV,1309.426605504587
HYDEWFWAL,16942.93119266055
YQVVKLG,5090.59633027523
RSWWYWLS,16379.59633027523
SNVKKLG,1045.4495412844037
NWSRDHALS,3906.5550458715597
FSKYVPWKHSG,3048.3990825688074
GVSVFAG,4692.866972477064
LFAHFWLG,11951.215596330276
HRLDVYAS,5353.137614678899
QKKYQEVG,785.256880733945
PRHWARDASG,2872.412844036697
QYDKEWNGLSG,1851.559633027523
DDSGVKSG,702.2660550458716
VFLESPHSG,3362.6100917431195
PQFFYQPHVG,11365.48623853211
YRYHGWFDAS,10917.655963302752
FQANGELG,1512.133027522936
EVHPNARWKHV,2710.5550458715597
YYSFPHKDLG,3503.408256880734
RRFRVKDSG,1468.7385321100917
WYSFQFSG,12268.678899082568
KAVNVGEG,826.2798165137615
YFDPYRNG,4278.091743119266
YYNWEHSG,4405.770642201835
YRPKFEQKALG,1650.6559633027523
RNKVWKKLSPAL,1995.9449541284403
EFLVYWLG,33940.3623853211
YLHHAYKS,3024.270642201835
GEHHQWDSG,2416.8853211009173
KNYDHAG,1121.7431192660551
GRDAEWKQKS,1104.532110091743
AKGRLRAS,1143.4954128440368
KQSPYSPVAG,1516.8211009174313
QAEPGFFENKA,1433.4220183486239
NHPHARGEHLS,1441.802752293578
NKKKNKLG,571.802752293578
VWKRDQNLS,2102.738532110092
QGVHVFRPYNKL,6000.275229357798
PNARKRYKVYKG,1647.848623853211
PDGPYWEWSENL,7406.279816513761
RKVKPNAPYNKV,1174.7293577981652
WWNVHYWHDA,14009.97247706422
YKGVDRYWNKHG,2892.6559633027523
KQFRKWHYWVL,10540.30733944954
GQPEHFYWKSG,2880.9587155963304
HLDYKEWNALG,2902.0
YLWRDFNHDL,10693.802752293577
ARNAHSEPYNH,2276.701834862385
LDFRRYVALG,7378.743119266055
HYEHKDSG,1028.7844036697247
QHFGGRKDVAL,2324.4495412844035
YKKNNALSG,1143.8302752293578
DNQGKHLG,880.2981651376147
AGEWQGPALSG,2575.8256880733943
GKFRRPG,1820.8715596330276
FYQSSQRNKH,2298.7522935779816
FLQPDKHAQHG,1552.8440366972477
QKQVENLYAL,2469.4311926605506
LFSKVPLG,2892.5733944954127
QQSPENLG,1279.7935779816514
GPSFHNHSG,1921.059633027523
YGRVRDLFWDG,10743.261467889908
HGYVNARYKHAL,6041.967889908256
AWFVPHLSG,9073.678899082568
HGRWVVFREV,23565.954128440368
YNDDNKAGREKV,1043.01376146789
NNYGNVALS,2498.408256880734
FYPFEKHSRKVS,2640.077981651376
VYVHFHVL,20171.738532110092
WRHNWVG,8108.720183486239
RRNRLQEWKHD,2634.9908256880735
WSQDLGKAFA,3357.821100917431
NVENDRPSEHS,1057.848623853211
LDRDAASG,1315.0550458715597
KRDRDGNLS,1203.0871559633028
RLQSEASHL,1599.619266055046
DGNAARPWLG,4637.564220183486
PGRGAGRPH,2173.5825688073396
WSSNEPLG,2716.408256880734
DPNRNQKL,850.605504587156
DSKDNAQNLS,614.7706422018349
RPRQWSQFKDVS,3517.9862385321103
AWFSENLSG,4861.752293577982
HDNKPNEYWND,2915.9954128440368
LAHFYLG,8919.06880733945
EWEWKFWKFRES,6978.692660550459
VNRVNAS,1378.4633027522937
RFSQLPDG,2639.545871559633
HFDLHLDVS,5960.160550458716
VGARGLSG,1985.0183486238532
FAPEHLFRYVAG,10156.426605504586
VNLDADSG,1126.3440366972477
YFNEDFRPNVL,6640.591743119266
WGDNGRDSG,2346.848623853211
KDEYDKVFRYLS,3542.1009174311926
GKSHSDSG,681.8394495412844
AKGNVPLSG,977.5366972477065
GFSFYSYG,14420.155963302752
APWVKVSYDA,5961.931192660551
PNDNWKHAEYA,2185.422018348624
ENYFLQYWKAS,7364.01376146789
HNEPWFG,8589.79357798165
EAWLGFWSQWHL,24956.770642201835
GQLVWKG,3573.6651376146788
GWFVWLSG,22516.311926605504
PFWHSVLFWNAS,20911.811926605504
PLPYLSRKSNKD,2405.559633027523
DQPEYQFPNDAL,1908.3532110091744
ASPWAHVPKDSG,1485.2247706422017
KKHNAQVSG,844.8394495412844
RKWKNGEPYV,2068.848623853211
AFWNRAREPKLG,3677.651376146789
VNWAHAG,2971.4862385321103
NEALSLKHDV,1975.967889908257
QWFWEWDRSG,14081.362385321101
AHYWHQVAL,7798.683486238532
DLRKFEHDYWV,6424.01376146789
YERKGRVASG,1651.8623853211009
HNDNLNVS,1402.1376146788991
SFEKPNLWAS,4779.064220183486
PWYGSFWKVLS,15969.009174311926
DVKDWKLHDVG,1360.7431192660551
VKQRNDYVASG,1531.6605504587155
QRHAVQYLWNA,8942.665137614678
SPAAGPVAL,1360.01376146789
SPNGDQPYN,1475.7247706422017
NRNSYLPKLS,3622.6743119266057
QLENRNSQYNV,2986.7798165137615
ASNRVLFRESG,3438.243119266055
RLHGAFEYWKL,9932.009174311926
EDKNHVQREYK,927.4587155963303
WVGDNKLFWNS,7862.9495412844035
QYNHKLRGPHA,2640.587155963303
ESQPREWKDENS,848.802752293578
FESRVADARPK,1159.2477064220184
VFLHPKSG,2641.0137614678897
KREAWVADSG,1696.01376146789
VRVDVPASG,1139.7339449541284
KGGEQWSG,1143.2431192660551
LNYNGYG,3623.229357798165
AQYDPAPNHVA,1629.073394495413
VYLKFWKDVA,5800.5091743119265
HAKRYNQDAS,1236.3119266055046
LLFPKVQG,2707.302752293578
DGDLASQHVAG,1231.2018348623853
KPYYPLSG,2796.0825688073396
RKSGHDRVAFKA,1555.8623853211009
VNGKPVG,893.6238532110092
RHPWKVYHRPKS,2846.4587155963304
HDSKYHDNASG,1068.9220183486239
ENPRRWHDVAG,1923.454128440367
LRQPDNVG,1669.01376146789
PVPDYVGFYN,7716.853211009175
WVWPEDSG,4109.334862385321
EQRDEYHFEWDS,3469.9036697247707
FHHYDQYWNHV,8080.605504587156
FQRKPWKAFEKV,2755.3394495412845
RKAVAREHDYLS,1939.6559633027523
RWGQYHYWREY,16489.642201834864
RVLQPWGWDNVL,14236.811926605504
GPRVLKVS,2573.6330275229357
QGQKHQAWHAS,1682.9633027522937
YLDWDGEYNG,5059.45871559633
FSFDEPWRNAS,5096.674311926606
EVQKPYDLWK,2334.8669724770643
GFEREFPKHDA,2309.4495412844035
FGAPYVLLSG,20127.669724770643
WSHQYSNKHD,2924.266055045872
EAVLPQRKDS,681.1743119266055
LFRAKAQEKLG,1518.651376146789
FPQDWKLQRNKV,2682.243119266055
QFGDPLENVG,1948.7064220183486
KYREDYLG,2032.9908256880733
HWNDEVFYG,11708.105504587156
SHRWHANLSG,3440.6926605504586
YQPKGESWNVS,1425.7568807339449
RNRSHARKLSG,1424.9174311926606
FVLHYKHRWDL,10457.04128440367
RFGWFESG,7227.715596330275
NDARDPKYNHVA,1577.8073394495414
KLQDKDPNKV,696.2201834862385
NEHWYHDVAS,5119.623853211009
KRPGAGRPHD,1306.440366972477
LQWYLQYDS,13635.646788990825
HDKGDAFENKL,1240.0871559633028
DHYAFEYDVLS,10128.711009174312
VHWPNSG,2930.330275229358
GNFWHWVG,12727.949541284404
SRLVDLG,3164.032110091743
FKSSQNKFRV,2437.9449541284403
DVEFQYLSG,5767.036697247707
KQYPKGRVL,1835.2568807339449
YWPGFWRLG,19585.3623853211
SEWQWKLRWNAL,11121.711009174312
NRLHFDASG,3685.706422018349
PVADYVQREV,1761.2935779816514
NDYYKHRHG,2591.261467889908
YAKQYEYWDAS,5172.912844036698
RNFQPWSKVLG,6740.284403669725
NWRSHAG,3801.059633027523
WSNFSGQPYWSG,12930.766055045871
HNDWREKLSG,1977.619266055046
AEWNFLWKA,9003.747706422018
PFYVFDQPWNS,25569.977064220184
WDGVVSRPYKHV,7775.674311926606
HEQWLHSG,4635.100917431193
PGSVYHDVLSG,2913.880733944954
DWLSSEVLG,3823.912844036697
EQNVNLNHVAS,1316.1009174311926
PAGYNQRARPWN,5816.798165137615
SYSHQKG,1372.4220183486239
YNANHRVKHAS,1971.0275229357799
QRSSWRYLS,7328.967889908256
PFSKADVSG,1441.2477064220184
RHDNVAGNSPK,1166.3990825688074
FWPEVRYHVLS,15118.52752293578
PVHYLGDS,3531.3853211009173
GARVFHLS,7121.784403669725
VFPQAFYNDV,6114.142201834862
WHKQRSYLG,4441.894495412844
YPGFPAKAG,2047.6009174311926
ARHNNHSG,1530.6559633027523
NDPYFEDGHVL,4903.665137614679
NVVDVWVASG,7270.899082568807
WDVSPHARHFEW,9547.174311926605
VYEWQNLS,4481.876146788991
WPVPARAG,2582.9954128440368
NHRDSFWHNAL,7387.623853211009
HADKSEHLSG,836.8348623853211
VVSPEVAG,1290.9036697247707
PLPLRPVFNHA,5825.073394495413
FEPQNRKVQPN,1397.366972477064
FKQKPDLHVA,1480.6834862385322
PEVHYNHDASG,1959.8761467889908
YHDVVGREVRYD,6648.376146788991
GFYAELFWHDSG,15371.408256880733
QGVAVAREVAG,1217.9495412844037
LSRVSKAPWD,4538.972477064221
FFELHVSYKDVS,7009.385321100917
AAFHVYHVLSG,9605.137614678899
VWQVQELS,2902.6926605504586
SQQLRDS,1284.366972477064
SYRKKDLSG,1344.6467889908256
NFNLDQPKAL,2818.151376146789
YEWKPNLRNAL,6349.348623853211
VVYKGWNKV,2966.3119266055046
RLVGSPKHDS,1816.0275229357799
EQFYQFSRYAL,25293.133027522937
KSVPDSKVAG,786.0412844036697
NFPRYGRPKHD,3359.4266055045873
KLPWVQGEPKD,1328.348623853211
LFFQNHALG,5635.45871559633
YVNHGPLFWNV,16477.655963302754
YVVDRELSG,3017.353211009174
LVPHRDLSG,2252.4311926605506
SGSVDALS,1094.9770642201836
VESQDNALSG,1115.8302752293578
FHYRDGREPKHD,2223.8119266055046
HYENLASG,1904.7018348623853
PYRDSRANHDA,2089.9954128440368
HWRPRNG,3922.440366972477
RNQFDRNKLWNK,2637.3119266055046
SYHDQSEKSG,937.0733944954128
NLLLEWKHD,6231.605504587156
RFQNDWSG,4662.871559633028
LEWLPLFPSG,15676.321100917432
YELGFQREYKDV,3774.3440366972477
QFRKGDSDWNKG,1348.1146788990825
QSKRKQRWKAS,1008.8440366972477
QGWYLFYWDS,19963.238532110092
QQENLEPAFNH,2470.52752293578
LNQWAEAG,2690.6330275229357
AFVAFFPALS,33338.28440366973
ESLYDGVG,2431.0366972477063
FPKWPHVLFDG,14954.128440366972
KEAENPWG,1908.9495412844037
SNQFNQLG,2158.9266055045873
HREAEFWHDAS,3477.151376146789
PEFPLEG,2532.5
EGEHSKAGFPV,1300.2844036697247
AFYEKPWKHLS,4441.683486238532
QAYYPWDLG,10410.165137614678
QPQHGFEAALSG,2260.2798165137615
NSHPFNDVAL,3730.3073394495414
WEEEYSG,4460.917431192661
WAFPLEWSRKHD,7963.431192660551
EAEWLLGYDAG,8296.426605504586
HGWEKRYWNS,5633.545871559633
FANGFRKSFNKA,2876.8715596330276
QGRPEPVLRKD,1258.1880733944954
QEFYPYAQKS,3105.683486238532
PYYYWKYVG,11219.536697247706
YNGRSPYVQYHD,8689.651376146789
RFLWAQVLS,13357.880733944954
VQGKRDG,902.9128440366973
WFSQSHSG,3451.9954128440368
WSFHRVQFKD,8694.990825688074
VFWYAYVG,12611.752293577982
VLQGNLGRPY,6653.137614678899
WFEWKAEKFRDG,3977.229357798165
PPHFEAFPKHA,2209.3073394495414
LLFKSWG,6385.155963302752
AQPDANLQEWD,1802.467889908257
FSVSSQEKDVL,1345.9036697247707
NNAFKPSG,1496.665137614679
EVPSQEYYNKV,1359.2706422018348
HHFKRYSG,3032.362385321101
QLAHHSG,1637.133027522936
ADQGHSG,962.045871559633
KRHGVFEPYHVL,6693.844036697248
QQLQGYHSG,2090.821100917431
WHADWKALHS,4516.573394495413
FVRLVLRNAG,15067.009174311926
KFQPAYLSG,3996.559633027523
NAFNSGNSFHA,3950.183486238532
FLNDPWYAG,11034.302752293577
ESDEPVLELS,1345.6100917431193
QWLLQFALWL,23211.990825688074
KDGVHQFNL,2993.605504587156
LAGFWDNSG,5927.770642201835
FQNLWDVPASG,4168.01376146789
KVDGPQYKLG,1831.788990825688
RRRWNGVG,3121.587155963303
FQFHYAGNKVS,3914.770642201835
KLHPVKDAL,1621.3440366972477
LQPPSWHAG,2447.4954128440368
RWVSNLELRPKV,5996.238532110092
AVRKVVLG,2627.4311926605506
KQEKPKLFYWKH,2264.4816513761466
HANVGDSYWNG,3161.697247706422
YLAKAQRENVL,2311.7844036697247
LEPPFHAS,2829.8853211009173
HALFDALYGFWH,15634.87614678899
KHAYAFRASRNV,4674.779816513761
ANHRQWLG,4545.481651376147
ELKQYGFPHAG,2448.6146788990827
AHDENPDLSG,1040.591743119266
FEDDWNGNHDL,2952.211009174312
NYYVNDG,3313.701834862385
DRKNSPNKDLS,779.9220183486239
DSVGFVRALG,7211.362385321101
QSVASNFYHDL,5917.412844036698
FVPWQFLEWHLG,20780.133027522937
KYFRPPYALG,6128.834862385321
QRLLQFWENHA,9313.52752293578
ANVPAWVALG,4646.564220183486
WLEAPLSRNKD,4239.697247706422
EDPGEAWKS,965.3211009174312
AQQGYHASG,1470.573394495413
AWYNNALS,5453.495412844037
VFENKRASHDG,1849.0825688073394
FSDPAEDG,1055.0963302752293
NHQVPDSFPYNS,3070.316513761468
KRNQSFNKHLS,1461.1788990825687
RKLLREWREPN,2667.119266055046
EWNLFHLSVFK,20817.518348623853
HVLKWNDKVS,1917.880733944954
NYFLPDALS,7730.518348623853
HLNNHLPYKVG,4045.9495412844035
KSHHLYAS,2469.3669724770643
QQSPDSFPNHG,1708.2477064220184
GFWELFREYS,14037.490825688074
EHSYDRVGPKAL,1836.2660550458716
EDGREAPNHFW,7008.545871559633
LVSFFYWL,14494.077981651377
PQNGHFWNHDAL,4813.174311926606
NELRLEVG,4532.862385321101
NDFKREVGPWD,3871.7844036697247
WDHYDVQYKL,9465.830275229358
SKLNAALSG,1279.5275229357799
DHVKWVG,2361.7798165137615
QGEWDYNSFWVL,25098.04128440367
PPYEQDVSG,1314.2981651376147
YDPPRYNHDL,4102.715596330275
WKGFAQLFYD,13911.256880733945
EGPNRWHVRHV,4634.3302752293575
LQFQGQFPWHG,12168.41743119266
SASFGVSG,2101.6651376146788
ASPGVLFREV,3254.0504587155965
KKDASGGPDAS,591.8394495412844
KDLGAGEGQFWG,3286.605504587156
RHARSQVEYVLG,5544.082568807339
DRQKLNLSG,1238.619266055046
NNEVNVLS,1558.2293577981652
PEKRKPWVALS,2469.6330275229357
HVFNQPSGFRKL,6941.178899082569
WQNHKLFYWN,12806.70642201835
NAAYDAFYWLS,15092.591743119267
GARDAWLS,4039.697247706422
PQVQHSNDVL,1409.073394495413
PYHWNAKLGKDL,3486.1605504587155
AGNQVLNVLG,2446.1559633027523
QKPHLVSQFNLS,3765.0
KWENGEVLG,1408.3256880733945
WHAAEKGPG,1164.559633027523
KHPNYNSQPW,3998.4816513761466
EDFYLWAFEHAG,11893.160550458715
NDYPHNKAL,1735.6422018348624
PGFKALAQNKA,1456.119266055046
FSDHGDLG,2107.6559633027523
SLSKEDLS,872.3715596330276
NGFAEKPHG,1481.591743119266
YSAYGFDS,4858.98623853211
HNLHVHLSG,4041.8440366972477
WQNAFWDPDG,10170.747706422018
HSWVGNVSFNG,7076.087155963302
WQQWKRAG,3490.9908256880735
FKRAASYWNKS,2461.711009174312
FENDKPHRHG,1869.5
WAHLVFDG,16869.981651376147
LDWDLPLSG,5364.844036697248
VFNFFPHDVG,8557.105504587156
NQEPHFNAGFR,6054.527522935779
AKLPGEDALG,1051.5963302752293
QHNFYNPWS,11462.550458715596
GYKYEPHG,2174.211009174312
NHYWVELGFKDV,13298.98623853211
EQHVYRPDAL,2495.0366972477063
GKVSGVWKVALG,3723.440366972477
YSKFPHKVAS,2226.8715596330276
RNSYNQHFEAL,4954.5
WASVGVLYDA,17531.096330275228
FARDHGRPYKA,3830.5504587155965
PQSPDYVLSG,1790.073394495413
DLPEEWDVSG,1593.2293577981652
KVKYPWHDVAL,3581.4587155963304
HRLFPSQYKDA,3271.6651376146788
DYDRFYALSG,6636.922018348624
DNQKYDSG,844.545871559633
QFDKRYFYDVL,8145.197247706422
KVKYVYNKVA,2139.1422018348626
AYAQNRKLS,2077.788990825688
LFQVVLSG,20368.142201834864
NKQKFKDGHDLS,1122.2752293577983
RQSEGWVSG,1982.8440366972477
VNKRPSEWHG,2159.6880733944954
YFKSKSFRWNS,4388.385321100917
RFRDEKEHSG,1005.0412844036697
FAPGSQYNKDAG,1260.0412844036698
WWKGYSESG,3114.408256880734
VNSASPVSG,922.816513761468
RQGESFLG,1923.5963302752293
VSVRHQYG,3458.4174311926604
LELWKRYLG,6896.788990825688
LRVNFKDLSG,4231.527522935779
PQVDAPHDVS,1177.6100917431193
FKWRNHDPHVS,2885.8853211009173
KPKANGHAS,752.5275229357799
LVQRKFLG,5371.518348623853
WWSGVYVSG,17658.711009174312
RAQNNDSWNHS,2153.4770642201834
QKFPPSGFWND,4082.5366972477063
LQDERHLG,1470.7981651376147
HLVDLGLSG,3912.4495412844035
FFRHQAGRPH,3722.766055045872
KQNGFKHQRD,1332.6238532110092
ERRADASG,990.2064220183486
FSPFWGREYWNV,14192.481651376147
HYRWAYWAG,10739.357798165138
SDSPAPALS,1222.848623853211
RKDQYASDLPYH,3376.4954128440368
DFRDHSFWVALG,12782.816513761469
HAYWRWAQPDA,6648.0
APFHQPLG,2241.532110091743
AFSSGEG,1203.0
DSNKRRNDG,840.8532110091743
DEGDHSG,1189.3073394495414
PHLHPWASQPL,7109.665137614679
ESAPYDAHVA,1363.4036697247707
GNKYYNDVAS,1769.697247706422
WYHAPHYNKVA,4172.752293577982
ARSHGQSG,1048.2844036697247
PHWFNANDS,3920.467889908257
WQKGVLGHDAS,2148.47247706422
FGNAVGQYWNDL,7920.912844036698
EHFHPDYNKDL,2293.678899082569
AHRNELG,1137.8165137614678
AYAEENSG,1055.532110091743
FQDWHRKHDASG,2357.1605504587155
EWYAFWQPDSG,10300.229357798165
YPKQDFWNV,3214.6422018348626
PDSDENDGPKS,701.394495412844
QSYRSWNKHL,4128.321100917431
DVVYHRYDVA,6858.706422018348
FRLYWALLYVAL,14332.940366972478
PGYNDVDANKHS,1597.3761467889908
RQHHEHDLS,1680.6146788990825
KWFWYASG,8641.353211009175
WNQFHVRWAFES,21562.83486238532
KASFGWNKRKHL,2273.3669724770643
ARYGDSPVAG,1591.2385321100917
LPLDAEDS,1143.408256880734
EHFVYNYHDVL,13225.165137614678
KAFNNKAQHA,1376.967889908257
GWAFWPKHDL,11827.788990825688
VVDVLNALS,3207.8256880733943
DLGHAQGQNKV,1068.5091743119267
GESVHVALG,2553.3853211009173
QEDWNDVKNDLG,1299.151376146789
PAVRFHLSG,6445.018348623853
LGKGPDSGAL,1338.573394495413
VQELRELQFDL,11610.761467889908
AYKRWSFHDLS,6708.220183486239
QLYLSGDWDS,7866.798165137615
WLPRHREYLG,8186.362385321101
VLFARPDFKVAL,14422.56880733945
SAAEPVLS,1182.0366972477063
HLVGVEWKDALG,3716.623853211009
KFHHLHVAS,2703.729357798165
VDNLKLSG,1674.3990825688074
QGKEARWNKL,1232.6788990825687
SFKEDAQRKA,962.756880733945
RAHVSGSQFKHD,2326.1146788990827
VKYVFALS,18162.954128440368
GDGSASG,974.940366972477
KREYKVPLPHV,2016.5963302752293
RQQWDRLSG,3757.7155963302753
YHGQYWSPVGFA,17347.844036697246
NAAYEALSG,2027.8211009174313
HGYRRENKHAS,1773.2935779816514
DAVWREASG,2090.8073394495414
RWGWSRFYWS,18307.261467889908
ASNRWKEWDG,3316.619266055046
LEVEVYWDVL,26025.050458715596
QEFNKYVLRVAS,11317.600917431193
NFEASNNKDLS,1363.2614678899083
KYEWKWKVAS,1998.380733944954
WYEDSVS,4538.917431192661
KFWWGPYG,12083.01376146789
HSDHWKSG,1537.8899082568807
WPNYPYHDVS,8394.926605504586
GDLRWKEG,1595.848623853211
KLYYFEPYWNAL,17723.330275229357
AVANKFVG,1902.8853211009175
KVNHSAGFNK,1501.573394495413
AFRYDDVLGA,5135.834862385321
VDLGKRWNKLG,2456.045871559633
QDALSHLWLQNH,6123.779816513761
VGQHWNQYWG,9552.339449541285
YDQLDAGENKV,1288.7064220183486
ADALLSWNHL,7528.619266055046
HDYLFRVNHDA,5541.788990825688
KADPHQWNKS,1157.9311926605506
SPLKDYAG,1173.1559633027523
WSVPLFRWHDL,22251.07339449541
PYNPLYGRPHVA,6129.435779816514
LNGASWG,3576.4311926605506
WRERDFWNA,9305.51376146789
KEKKLDVAG,604.3853211009174
ENRAWQFYHA,9379.628440366972
QAWNDGHQRH,2842.0
WDDQPNHRLS,4790.4495412844035
NVGFDRDAYDS,4228.165137614679
DFQADSG,1299.0
DLVLSKYKHDVA,2675.6605504587155
YHEDRNKQFNSG,2181.467889908257
RPLFLEWVWL,36763.34403669725
KEQARDALS,1040.8853211009175
FKRSENDYVA,1877.7706422018348
FPRFNEYWHV,18167.256880733945
PGFHENDVKL,1944.8990825688074
KYKRDFDG,1485.6605504587155
WFHQENPNHS,3454.802752293578
ASFRESDRYDL,4826.729357798165
AWWSHVSG,7013.967889908256
RWVDRPYHSRPL,9466.655963302752
SNALAPHSG,1456.3899082568807
VNVEFDALG,3381.6422018348626
HVKWEDSG,1707.532110091743
EVHQPHYNG,2150.0229357798166
VPYPPKSG,1005.9357798165138
YLPDKGEYAL,2389.0137614678897
LKEKGWHVLS,2323.1559633027523
YRRSYASG,4106.793577981652
EFWWSYVAL,29973.82110091743
KEKPGYKHAS,1111.1559633027523
PHWNNKWNDL,4035.243119266055
DFLNDLKALS,2809.211009174312
GFKFSRWG,7701.307339449541
EVYQWDEPDL,3526.5366972477063
HQRGGREYKG,1698.6100917431193
NWEVVASG,3493.47247706422
EEPKAQAQRPKH,688.2201834862385
SKSYRDLG,1993.6743119266055
FPGQRLWNGFNK,7825.036697247707
FRYAGRDYDQEV,3544.3577981651374
EAVEGQFYDVLG,3702.894495412844
VGFWPWVLSEKV,13975.977064220184
KARVGRARLSG,1580.1559633027523
FRNWLSGGYNKH,5505.160550458716
YYNKPKFRVS,3292.293577981651
PQGSHDG,1119.1422018348624
PWNALFRLQLWK,17638.660550458717
RAGNAEDWVAL,3245.394495412844
DYGRGHSG,1725.3211009174313
SDPYNREG,1532.133027522936
DKVGGKVLS,848.394495412844
HRDWHDGDVS,2619.261467889908
AGWNQRPSRWLG,8787.298165137614
DGARVRYWNH,5899.05504587156
WANKDWNSRN,3300.4633027522937
NDPNDNDSFVA,1567.711009174312
QWDQRSYGNDV,4359.807339449541
FKVLFLENQHVG,15958.40366972477
LVSQHRVSG,2267.4954128440368
YDHQASRENK,1046.4495412844037
NNPSGFLSG,3054.3073394495414
LDPSQFREWNG,3645.532110091743
NGHFFYWKDSG,6669.504587155963
LGKGKVYNVL,2984.5045871559632
LRWVRKRAG,3005.821100917431
LPVPSPLG,1474.8577981651376
VRYNEAPALS,1973.8119266055046
GFKGDAYKHALG,2270.7752293577983
ASFRWALHDLNH,7928.582568807339
LNRELELG,1928.6238532110092
PFQYAWALS,15109.678899082568
RSGAYNFNKHVL,4848.825688073394
FNAQGEPWHPNA,3758.3853211009173
QFPGSGKPYKL,4153.44495412844
PASKAEHRKHVG,944.0825688073395
YNDGHDFPSRNL,5297.036697247707
PWQHYNVAEYS,9179.422018348623
GNWKYDVAG,2365.233944954128
FSHSVYALSG,5937.766055045871
SKSHQPSG,963.4266055045872
HFYHFLWKDVG,7818.5091743119265
LFKSVWHVASG,3956.146788990826
DQWRKLFREDL,4055.683486238532
HAAAPKS,854.4724770642201
GWLSDWDG,9106.825688073395
HPLKGKDG,736.0917431192661
DGDFQRKSG,1166.908256880734
NDDYNYAG,2617.4587155963304
RLPNNKLGENDA,1215.3256880733945
FNPYDLKVFYV,43898.752293577985
LQLALNDS,2843.119266055046
QNALLQEPRLS,2188.9862385321103
RLVWEKLSG,3852.7798165137615
KLPESENSG,675.6192660550458
HPSVARDASG,949.8899082568807
LWVVQKAS,5499.536697247707
EFWAYAGYWH,20798.17889908257
SRQWNRDASG,2634.5229357798166
AFYPDRNLS,4390.48623853211
DGELHAGFDVG,3027.0733944954127
KYHGRSYWNKHL,3889.435779816514
KRESRGQPHV,1371.6605504587155
DELFQKHG,1684.1146788990825
FSWHDVHSQNG,2778.5412844036696
FEHQWKEHYHD,3392.798165137615
ELGYWYKWKHL,9154.62385321101
EKPYGQLQYWA,5314.1100917431195
EVLRREGQRWNH,3898.087155963303
HSNYVNDAL,2832.793577981651
YQKFHSREN,1927.7018348623853
RGDYHSQPWG,4702.8302752293575
RVSSVGPYK,2392.47247706422
QSWQDENHL,2629.261467889908
FWEAPNKGNDAG,1781.3119266055046
RAQFPVKPDVAS,1150.2155963302753
WNHRKSDALEYN,2580.830275229358
AREQYGRPKH,1923.3715596330276
WVFKYSEWVLG,18601.811926605504
HFVEGYLS,8982.91743119266
HLPLENFPDSG,2431.559633027523
VLYVQHDKDAG,2471.087155963303
PWRHSGWLDVA,10366.802752293577
HHGPLPG,1925.7201834862385
ESKQAGENLS,623.1697247706422
QLSGFHWDVLP,11127.440366972478
NLSLWKGDASG,2085.4862385321103
NLAYGFHG,7042.481651376147
NPDHWKG,1411.9220183486239
YFQYVRVAS,11222.422018348623
PLYPEPKDVL,2405.2752293577983
VGPSHDSKDSG,718.5183486238532
GYQDVNVASG,1687.4495412844037
QHGFRHYQENA,2821.1651376146788
QFVLPNANASQP,1842.197247706422
FWFYYNREHA,3798.3348623853212
HQRESHDQWKDS,1508.4220183486239
NFQKPYAS,2672.435779816514
NRELLGEPNVLS,2755.3715596330276
RGLRSEKHDVA,1226.091743119266
LQQGRHLG,2489.151376146789
GRWEQRLG,3822.756880733945
DNAGPVWLS,5347.238532110092
DFPWGFYNQEYK,8422.894495412844
FPEVSQHAFKH,4181.311926605505
QPGDNDGFDAG,1978.334862385321
DDYDANVG,1366.1605504587155
SPFNGRSG,1649.7293577981652
GKDELHVLS,1115.9495412844037
PAAGFQRLS,3895.1880733944954
VFQSFPSG,4062.587155963303
WNWQVLKVLG,17198.256880733945
VNPNEYSG,2035.1146788990825
YAEDVRSKLSG,1960.3532110091744
WLLASEDG,4812.233944954129
PAYDWLQWALS,13890.01376146789
NNHHLWDG,5509.0
GDPWRDSG,2736.4908256880735
KQHRKDVSHVA,940.605504587156
VFAPRYLS,9130.866972477064
KVFADQYWKHS,3902.669724770642
NFVNSWAG,5507.614678899083
KKWSHALG,2051.6330275229357
FNNQHPNVG,2029.467889908257
GFASHWSG,5767.683486238532
VRVFSRWHDVA,8490.995412844037
YDREGKSGKDG,1097.908256880734
QPAVYHSRPND,2579.3073394495414
WWNFNFKHVLG,12551.766055045871
SFNPWEKALSG,3333.9633027522937
GYGFYYHDVAL,15162.385321100917
RNGFFHVELG,11472.766055045871
PGGGYWNKHDVA,2456.0091743119265
KELPEPVS,817.9357798165138
RKAQEHPVQFN,2313.6559633027523
LSSDQWDALG,2652.4449541284403
YQSYQFSG,5175.05504587156
DQLDKDLS,763.1651376146789
PFSRNHFPDG,5272.761467889908
WDRRQRPYNLG,7507.807339449541
GNFAVLS,5810.256880733945
RWRGQRPRWHA,7615.201834862385
ELAYGQFRWAL,16179.788990825688
AQDGKSPYHV,1663.6834862385322
NYNVQHPLG,3088.8669724770643
GYWREFNSG,6229.293577981652
KQEPRDPYKHD,1062.7477064220184
EFWRFYHDAS,11074.43119266055
DWAPHPKLS,2411.1009174311926
LASYQVLSG,4143.642201834862
DLDSQQHLG,1542.211009174312
HLVVNVALS,21229.261467889908
DPKKQRASG,777.0504587155963
QSLLRYNKVG,3295.646788990826
GLSFGYVASG,10327.56880733945
ESYKEYFPDV,2250.0825688073396
RYHFSQQVLSG,4801.344036697248
APRKRWSG,1812.2018348623853
SFQRKRALS,2346.4311926605506
RLFERNSEYVG,5353.454128440367
FQFFNQFRNDAG,6408.972477064221
HYAWKNALSG,3231.7201834862385
HLLREVRDA,2790.045871559633
KDAFLPWSYKG,5919.5
VYWGWGEPHLS,9789.747706422018
VWDEGQKHDVS,1614.5366972477063
NPVRFRKHVAL,4617.151376146789
FQPFVLEYVL,40031.45871559633
PHPFYHGLG,6251.51376146789
FYGVLEDEYAG,3905.9816513761466
DRLEWRKHDV,2561.3348623853212
WPNWYSG,11806.284403669724
EYWKSLHDYNVG,3990.045871559633
AYAHKASG,1398.5091743119267
NQHWYLSG,7398.600917431193
YNEVPYLYVS,21463.949541284404
FEAFHDEGRVAS,2896.5091743119265
YRGWAYDSG,6140.233944954129
FGFSHVFYNKD,6885.545871559633
QQWWKLWNHA,7495.766055045871
LEHGPRVALS,4533.628440366972
SEAYFEVALS,26910.366972477063
LPHPWLEVA,5723.697247706422
SQSSNLS,1025.5550458715597
YLGFDVKLFEYL,22037.19266055046
RWGNASGRNVNH,3584.1651376146788
YGQNNAEPWKS,1927.3394495412845
KPWGVWNKL,3637.0183486238534
ELVRQDVLSG,1797.6284403669724
YPNGHKVSG,1314.334862385321
GNFDVVSG,2920.4770642201834
NSEVDSFRYKDL,3171.1100917431195
YKGFLRGENKG,1704.4633027522937
GKHRYQNKH,1522.2752293577983
FGKQEAQEPDL,966.8532110091743
DVGPEYDQYVA,2113.9633027522937
RYNQNHEDGKHL,1754.073394495413
QNYWSDVYDLS,10699.784403669724
WLGWEGQNAS,3689.1880733944954
NGDYDLKLSG,1927.7477064220184
QSKLPRNDS,926.0091743119266
EHLYGQWSENV,4039.545871559633
QGKGEQRPND,907.1422018348624
FFRWFEVFWHVG,17030.93119266055
WDAQNQFRPLRP,7303.100917431193
QSWSDFPKAG,2450.743119266055
FANRWDRWVL,14901.857798165138
HGYFVLHALS,18510.188073394496
GEAQALREPDS,1116.0366972477063
PYPLRYVPYG,15104.02752293578
QWSERQHVAG,3462.2247706422017
VQPNGVQHA,1181.0
DVFNNHYNKD,2322.6651376146788
NPNWVEWNKH,3236.206422018349
DANVVQKHDL,1214.633027522936
VHGWDQKG,1727.7247706422017
ARRNPNSG,1275.9036697247707
ELWKYGFPWHD,12804.87614678899
REQVREPEWVA,1796.697247706422
RQEKDSHFWNL,3955.738532110092
RKWVELEPS,1903.1605504587155
KEQPNLYG,2548.4266055045873
PASHWAYHAG,5497.238532110092
KLVPWLPYNV,11721.422018348623
YSSAHLSG,2100.853211009174
PDNWYNVG,5417.344036697248
ALHGRRPDG,2489.6926605504586
LNGQFWGVASG,5781.798165137615
NDKESQASG,552.6009174311927
DPSKHWLG,1733.2477064220184
QQVDPWG,2403.6926605504586
EKGLSWDYNKHL,2551.577981651376
VVRPQYDAG,2512.077981651376
RNRYLDLQESG,2871.3440366972477
RGPFNPYWKD,6091.678899082569
KPFLGYASG,2756.2477064220184
PHAQDFVARWK,4261.715596330275
YEAWLRSG,6464.40366972477
NHRAAFDLG,3297.4036697247707
GRHWPNVSG,3393.6100917431195
PHAHDDFYDALG,4525.665137614679
FKFWAYHLWD,12737.669724770642
WFYYKPKSG,3107.5183486238534
SDVKPKLSG,738.3761467889908
YAVVNKG,2144.756880733945
GWQVSNG,2840.3119266055046
LLQFKHYAL,8121.454128440367
PDEDWDGYDV,5557.619266055046
LFKKVRKDAG,1270.4633027522937
DPRHKAS,699.1743119266055
ESRHENWDVA,1883.1880733944954
KRQEDWVG,1503.7798165137615
NAYRYPYWKLG,9015.98623853211
QLSAYQEYDLS,4930.44495412844
QLLELWNHVSG,5685.876146788991
ALSPVAQRNHKV,1422.5366972477063
YKAKLEKRKHDV,850.440366972477
WQSAPALS,2952.5
YAKFPRYWV,11278.220183486239
FVWNQWGFRPHS,10337.422018348623
WQWYHDQHALG,9152.224770642202
SRQVFRAS,3984.4862385321103
EVQADEPYWNK,1388.1926605504586
AVRAYAG,3299.1422018348626
ELGEFWAQNHS,4274.922018348624
DFKWKQWNHD,2816.798165137615
RDNSNPYNG,2377.6100917431195
HYAHWKAG,2945.876146788991
YPKPWWNKHDLG,4259.527522935779
QADVSDYHVA,1556.967889908257
FENGSQFHKLG,2685.5688073394494
KSRHWNKPSG,1208.151376146789
YNRRLGYWHVAS,8606.79357798165
VLGSYDVQD,2861.6146788990827
WWVLHGRKLG,8533.866972477064
PKNPHSFEKG,1051.3119266055046
KFSEDKVLSG,880.1100917431193
GDLPDEHVASG,1128.380733944954
LYHLLGRDALG,5697.564220183486
HWPSYVASG,5214.614678899083
VANDYDQYWHAS,5221.706422018348
NQFNKNVREVG,1444.467889908257
KDHSYQDVSG,1085.5825688073394
KVSPFWKQPLG,2767.3348623853212
FQNAYKNDS,1491.2568807339449
NHRFRVYDS,7466.568807339449
YWWFHRPYHDL,14117.463302752294
KPVADFPWNDS,1794.4495412844037
AQVSSGDSG,791.4357798165138
KQRPYSRLEHSG,1940.1376146788991
LWWGKAG,4108.54128440367
FHRLVQYVL,16325.600917431193
FSQKEKGELG,803.5642201834862
GRLQQALSG,2048.967889908257
HRPGYGQRPWA,6701.4908256880735
SAYWVAVAS,9579.279816513761
ENDWEYSREAS,2175.454128440367
WGDQGRDSG,1917.6605504587155
KNEWAFHVAL,7717.756880733945
SFKREWLYNK,4135.417431192661
DHNLELSG,1643.591743119266
KGVLRPFEPYVS,6924.211009174312
GRYWNANHQNA,2655.8669724770643
HAPYNVDGRY,6913.724770642202
FKAWNVQWDVN,6556.073394495413
WGKNWKSG,2484.4908256880735
PVRLGHASYNHD,4514.701834862385
FGSFNAPYNH,6519.293577981652
EKQSHSEPWDA,1265.6926605504586
NSPDRRWDSG,2080.7477064220184
QQREYVNQPHDS,2265.47247706422
VAAWPSG,2715.3990825688074
YEFQASG,2183.922018348624
KWSYPVLSG,4976.188073394495
PQEQWSQRNKDV,1602.6284403669724
WSNYYDVALS,11290.045871559632
YKYWYWNLEVAS,10521.435779816513
EGKLYGNHALS,1788.8119266055046
KNVFEGEPNKHG,986.6146788990826
HFREGLFEKHA,2986.4311926605506
KHNQGQPYNKD,1254.1880733944954
YAWLSGFGPLS,14198.045871559632
YALGKDRNKDEP,1025.8761467889908
WYLVKDVASG,5796.862385321101
NEAPKSRPYLS,3314.605504587156
WGKERNVG,1653.9128440366972
LSVRDFYNKDL,4032.7247706422017
GRRGKVLS,1341.8761467889908
EKNAVSPWNDVG,1250.4587155963302
KPEWFRYKDL,3411.7201834862385
ARNPEWHDVAG,2078.908256880734
EEYWPGQWNKD,3239.178899082569
KYGRDNAG,1635.6422018348624
SWFHNDLSG,5687.761467889908
SNGWDLHALS,5389.233944954129
QEYRAWGREPL,4127.04128440367
WGPGPAGEYNH,3502.197247706422
RFFKHQLG,4199.05504587156
DLAQHLREHVLG,2848.6100917431195
QGSWSKSG,1667.0
NRSSYWKHA,3051.9862385321103
WFPPLQPLS,8175.880733944954
HVVYSRSG,7438.972477064221
SGKKEHLG,786.6605504587156
VWQRPPHG,3451.353211009174
YWVPLFYGPLG,25792.4128440367
DGSNNDG,1181.6743119266055
WYLRDHVS,6208.811926605505
FLDHNLSG,3044.0825688073396
VLRGHDSNDV,1874.48623853211
VHLDVYSG,5018.201834862385
PNLNGRNLGWDG,6215.98623853211
ANFWNKQG,2028.6467889908256
YDSYAEYDKLS,2967.738532110092
KFVPGVLSG,2262.422018348624
NVVERESG,935.7293577981651
FGQQLFRNLSG,5244.073394495413
GYKPHAEALG,1462.440366972477
HEPKHLNVPWHL,7058.380733944954
VARVWAGFENV,6745.399082568807
FESFQNFRYD,11559.06880733945
QRKVNVFAFYHL,20179.45871559633
FAANWLS,6573.981651376147
EAHPKQRYKHA,1295.01376146789
YLVNGQFG,5728.238532110092
AHQPVDSG,1058.0504587155963
NHGKEYNVFRN,3274.3073394495414
NADQPWNKWNV,3293.7798165137615
AYHKRDG,1443.073394495413
WDHLHGRWHSG,7198.100917431193
LSWGLGHVA,6059.247706422018
GRKNNKALS,1039.5779816513761
WQWFQFEWVG,32494.536697247706
KQNWNRYWAG,6763.151376146789
KFHDQYGQFDVL,7067.646788990825
WKSAWKAQWNV,4592.279816513761
GQDFGNLSG,1722.6467889908256
PGYDQWVRPNS,3936.2247706422017
VPSNYNLG,1669.1880733944954
QDPYVPSPWND,3318.683486238532
WKPPNWHVA,3824.9633027522937
NAPPPYHDVG,1947.9220183486239
SALRSNLSG,2218.3715596330276
GVYHGWALG,8020.183486238532
KVAEVLQLSRHL,11297.56880733945
RPKPFDSNVG,1203.8119266055046
HLAKRPVG,1983.2385321100917
DGPEGPYWNDAG,2164.1605504587155
QGVPEHVG,1022.9357798165138
QQAAWSG,1672.532110091743
PREVASAGRNV,1869.2431192660551
PQYVNRYSG,5554.678899082569
RQHHSFKG,2001.2477064220184
QEPFDRHAPWA,4730.3302752293575
WKLRKHYDADSG,2649.243119266055
YDQSNSEWHVG,2975.288990825688
FHSYYHSPNHL,6784.472477064221
YYVPVNKG,2491.6559633027523
ERHDKDQRYKS,1057.1009174311926
EWQDHSRKG,1563.605504587156
DSHVQDYWNHL,4590.004587155963
QDFAEWRHSG,3704.6422018348626
AKGSDSG,714.5
NRRKQPVA,1161.7752293577983
QKYAVEYWHDLG,6695.527522935779
HRNWDKDASG,1463.9587155963302
LSAWLGYNHA,6435.642201834862
QKELQFKPYWKS,3603.201834862385
LYQLDALG,4559.532110091744
HSSHDDAS,1004.3532110091743
VGAVSDLSG,1131.651376146789
VNKVDLNHDS,1053.633027522936
DAWVNGNKAL,1965.6834862385322
DAFPFEWPNAG,4586.344036697248
GYPKSRG,2097.830275229358
LRDGEEWNHAL,2944.0366972477063
QHQPALNVGYDV,2954.853211009174
NQKRELYNDVS,1356.0642201834862
YHRNAFRHAWDL,10746.091743119267
EWWQSRENALG,4112.807339449541
LKHFYYHSG,5866.821100917431
NGRGVGQREG,1318.4633027522937
KAQGPHRPWNL,4379.848623853211
WKDQSFYDAQYW,13431.69266055046
DQAFHSFPKVA,2505.1605504587155
FAPFRNLYVAL,25160.674311926607
KHGSASFRWDVA,4165.651376146789
VESSHVSG,1170.5045871559632
HKDKWVLSG,1643.366972477064
ESLVPYSG,1997.334862385321
HHPDYKS,1470.9495412844037
KNHRWRPWHA,6987.981651376147
YPEPHPAS,1355.5366972477063
YYERKSG,1908.3715596330276
YKFRRYWKKALG,2997.376146788991
GRFWANLG,7882.573394495413
DSGFWEDVNDA,3317.1330275229357
NYNWFDSG,7719.908256880734
EVDKKHSG,593.605504587156
PRWKNFPWNKG,3247.9954128440368
QGADQRVSG,908.5963302752293
DYVDHLS,2593.1559633027523
KESNLYVG,2380.6743119266057
KGQRSSGVSG,920.7247706422019
LWKFVRDS,5194.761467889908
EFPYFKHFNHG,5210.756880733945
YPEAGFLSG,2962.3394495412845
QWGFHAVWNVAS,11358.018348623853
SQFGQVAENA,1298.1467889908256
GKGHGEVAL,978.1743119266055
PRSKENG,759.2155963302753
YDSVEWKDRKD,1383.2522935779816
FNWGSQEYDAG,3534.577981651376
AGLPHQELG,1247.7339449541284
NHHEGLSG,1307.1880733944954
YWDYPHDSWKV,8237.844036697248
QSPVRKAYWKH,2405.5183486238534
LWVSKRHSG,3321.587155963303
PGPRAGRPHAS,1444.591743119266
YENAQSNKAS,1113.3211009174313
RGERGQNHLSG,1979.1100917431193
FHYDLRSQPWG,8968.229357798165
AWADPVG,2256.0183486238534
PAPYQRVQHDLS,2586.298165137615
FKDRLQYAPWK,5204.834862385321
PFKPFRYNHV,6699.706422018348
GVQNGWG,2852.9770642201834
DEVKKLG,776.1284403669724
LSSFDASRVS,3010.7201834862385
FLVARDYKG,3559.6605504587155
RFVRELLSG,4784.261467889908
FWVKDFWLFDVS,16285.844036697248
DQFSKQRPYS,2790.9495412844035
WNQLGPGNVLG,4300.339449541284
PHHNYKHVAL,3168.0733944954127
RWAVVAGQWLG,13574.816513761469
PSEWEPWWKDLS,7571.155963302752
ERKGPKEPHLG,884.3990825688073
KVWVQRESWDL,6530.844036697248
NHAAGQEGPYWN,3460.0963302752293
ANRPVFVS,7247.825688073394
NQYGQWDVSFLG,15882.045871559632
VQFGPVHDG,3414.821100917431
RDLKHRKLFDAL,3063.9816513761466
FQVGVQKDL,2049.802752293578
ARHLWVAYHS,11431.100917431193
RKADWHQPLG,2471.605504587156
KVVYGWVAG,5955.619266055046
PGWLSEGPDL,3980.270642201835
HLAVVLG,13259.738532110092
LGQWKGDSNKG,1376.967889908257
NSYYEKHG,2336.912844036697
WWKDFNKDRWDG,5519.091743119266
SQLWVYNKHDS,3779.733944954128
ENWFVGPHSG,5524.325688073394
FHSHVSWLYAS,13947.90366972477
NYRWWDVASG,6470.9495412844035
PGRKYDVAGKHD,1379.348623853211
HGNPRPWNKHL,4243.284403669725
FNPVHSFRHLS,7007.4495412844035
NSQDSGPKQRYN,1600.2706422018348
ERKSWSYHVA,3006.348623853211
SRGKLRAS,1427.302752293578
GLSPQDSG,1158.2752293577983
RKEYGQPVSPW,5503.206422018348
PDAEDNDSKHL,985.3807339449542
VSLGPDWAG,3648.9954128440368
HPNFKDFRVSG,2608.830275229358
FKPAVRPWALS,4832.633027522936
ENEQREWYDA,3210.1330275229357
DRRWKRYG,2850.6284403669724
FLAEDGDVALS,2689.669724770642
SHEYKVFG,3461.5137614678897
LPPKVYG,2052.2201834862385
NPAWGDALSG,2602.5688073394494
PWYHPHRYLG,12512.481651376147
YGALAEWKHS,3023.0688073394494
DVVSGYFPAG,5568.252293577982
AEAYVWVG,11986.321100917432
HHVFSENHDVAG,2491.0550458715597
WNEYVEDLNHDV,5384.206422018348
YHEAFKKDAL,2109.6100917431195
WHHEREKG,1132.9770642201836
GRQLRDG,2114.348623853211
DVNAHLKVALSG,2191.9908256880735
HAGVFRKLQRDV,3382.733944954128
PSYSRPKWNAL,4811.784403669725
KVLDGRPLNHL,4280.151376146789
HLGHLEPGRKS,1856.908256880734
AWLKQYALS,6417.706422018348
QPPYGRHPNHL,4445.211009174312
GPWYSRWNKL,8631.701834862386
ENFWHRWHYKV,9156.449541284404
FGEKAKGNKA,750.3761467889908
SKEVGPG,796.0412844036697
KNQSALG,1076.6559633027523
YDGSDLSEG,1609.0183486238532
NGWSNGQWNHLG,6252.651376146789
EVEGDGRYAL,3058.935779816514
DQSQQPSG,747.8073394495412
PNHDNDLPYPNA,2268.8348623853212
WHEDWNHAHAL,6760.779816513761
KEPQSFYG,2042.2752293577983
AEPQQWDASG,1466.6926605504586
WEDFLRKHS,4219.59633027523
NASFHFDAYNV,11201.467889908257
GKALNQENG,972.5550458715596
VGVYLSYWNK,11360.137614678899
YDHYEDAG,2563.348623853211
VSLWVENALS,6482.665137614679
KQPRSFWSG,3365.045871559633
KDNFALKDSG,1166.2844036697247
QPHEVAPNQFW,9941.449541284404
EHNEKEYWNKHV,1197.5366972477063
FGPRQEYVAG,2384.1009174311926
PPRHGWVG,3434.8899082568805
ANLQFGQPHA,3412.9816513761466
SNVLPAGRDVS,1458.3165137614678
RYFADSNHVAG,3500.848623853211
VPKVVLPWKLG,4106.004587155963
RKDKWKDREHV,943.9724770642201
NWKSPSWNG,3282.894495412844
DQNNPYKHD,1615.9357798165138
EPVRGFWKEPWA,6715.798165137615
SLFYWYSG,5822.54128440367
DWFHVDSG,5756.183486238532
ERSNVQVG,999.1651376146789
WPNQERPKLG,1917.9724770642201
HKPWVWSG,6912.876146788991
SQFPQFYHGRHD,6539.876146788991
KVLQDFVFPWKS,8470.454128440368
FWRPLEYHQWVA,13617.834862385322
WNWFRNPKSG,4942.357798165138
DGVWRPDG,3752.848623853211
ESQYRYVAYWH,18171.871559633026
EDGGWNQFRKA,2767.5825688073396
WPVSHQKA,1881.1009174311926
RGNFPLRPNVA,3771.5688073394494
LSPYSFLQELG,6277.417431192661
VHFNAAG,2240.5137614678897
LVASPFRPVS,4758.724770642202
VFNWKKLG,3426.4816513761466
GKVRDKHDVAS,836.3990825688073
EFPHYWVGREHS,4320.651376146789
NHKRENPKDAG,785.1605504587156
DGFKFEWAEW,10207.481651376147
PERSPNDLS,1524.366972477064
VSHRVNVALG,3243.6330275229357
EENHWFALG,9022.545871559632
HGEVWRNKVG,2970.711009174312
PFKHHFWDG,7760.252293577982
EPSQFEAFAFHG,14843.949541284404
RDKAPLYHG,2331.3073394495414
AFLERVLS,6692.48623853211
KVDHYWVALS,5954.3899082568805
HGEDRDYVAS,2109.4449541284403
QADVEAEYSG,1104.211009174312
KESPPYG,1546.7064220183486
FQWWPNALG,11896.077981651377
GFDAFWQFPNS,12772.490825688074
PPWNDVHLGNKV,2489.3348623853212
SNHRGRHASG,1827.6788990825687
PERHKDG,912.605504587156
PVFQWKSFKHV,7942.229357798165
ERVYSRLSG,3472.743119266055
HKDGREDRYNVL,2208.743119266055
EDHNNAG,931.8761467889908
YWRLASQNKHS,3610.756880733945
KHGNEWHGFDLG,4551.839449541284
NDFHPASPYHVS,5244.192660550459
QKFQWVYHG,7903.573394495413
LFPVYGRYWNHA,10976.40366972477
HRSRNAGKHDL,1752.1100917431193
YKFKRWRKHVL,3618.4036697247707
FNVNHFLSPYH,13643.155963302752
WWSHWNVG,10996.178899082568
FYGRASARYVG,5924.5091743119265
QSSWYNG,3643.830275229358
HVGLNAQRPS,2219.8440366972477
SWAFDGVG,5976.454128440367
RHDPNKRLSRS,1367.1100917431193
YKVLNAQEHAQK,1074.440366972477
KEWSVRKHDA,1792.302752293578
SDLWKLDVALSG,5068.677064220183
PWEKPDARPYG,5470.211009174312
KLKNEDSG,631.2201834862385
EHHWALPHL,6662.183486238532
DPDHPDVG,988.9311926605504
ERFWPDVAL,8084.940366972477
REANYASQVA,1243.7431192660551
ANKSGSKDG,660.605504587156
YEAKRHG,1933.8440366972477
WLHSSGNVLS,5433.954128440367
ERQEAKVLS,762.1146788990826
FQNQAPWKAG,2452.651376146789
LWQGNDSG,2092.1284403669724
AFLFHLYAS,13986.371559633028
YWNFFWSRHDVL,13722.990825688074
SPWFQPKALG,5338.298165137615
ASNPPKDVAG,713.848623853211
EDKWFDLSG,2676.02752293578
SYGNRSG,2170.7155963302753
HSGNKFEYKLGY,5454.8899082568805
LEDRSQDLSG,1370.7706422018348
AVRSDSG,923.2064220183486
DLVPRHLSG,2467.353211009174
AFWKFPRHDL,7968.545871559633
NYPYGPG,4799.545871559633
HVAWKGDQRN,2281.912844036697
FELWALGWKHAY,12596.155963302752
GHVFSPNSG,2796.6926605504586
PFYDFQREG,5718.54128440367
QLFGKGFWHV,9350.284403669724
QWFKFVFYNKV,20674.238532110092
WFKYWNRNKL,5660.5
DRYAPENDAS,1235.3532110091744
ALQQNVYKHA,2060.729357798165
NEPRDQEAS,815.4266055045872
ARDWVHASG,2659.408256880734
PQKEPGEPNKVG,576.7201834862385
YNVYQREQNVL,4112.334862385321
FKLLGFLRKDV,7762.559633027523
RGANRELSG,1342.4587155963302
RGHRFRALSG,3239.2477064220184
WDYAQAGNDAL,3164.711009174312
SQLGPKEVSG,738.1284403669724
LGENGEKNVL,991.756880733945
KWDPEWNKDAL,2016.559633027523
EDLQGYWGYWDS,10607.114678899083
QVWFPWHNAS,11981.91743119266
HYRGFYG,7258.137614678899
HEVKSHAG,1010.7706422018349
WRAREREKHVAS,1812.7981651376147
QFREKPSYWFYV,17465.188073394496
VKGVFLSG,5497.770642201835
YVYGEKPVLSG,2441.7752293577983
PREEHFRENLS,2085.454128440367
VEDDGYLSG,2737.4954128440368
RPYGWVSPSEKL,4663.018348623853
NLDQEKQPG,885.3348623853211
ADQNWVSG,1988.2981651376147
YSHDVAYWASYK,7751.279816513761
LWPAKVSG,2882.683486238532
KEQHESG,534.0412844036697
KWPDAKSG,1146.6009174311926
EKYASAGEPN,750.9770642201835
GHWSKAG,1936.5871559633028
GNQYNGNSG,1443.7935779816514
VFQNDPALS,1822.573394495413
PEPESPHDASG,841.6284403669724
PDVAHVVAFPHL,10080.183486238531
NYPHVPLSG,3367.591743119266
QQRLRWKSHDSG,2227.0550458715597
RLEHEYRHDVL,5226.844036697248
WEYFEWKWNHD,9997.073394495414
LRQAYALG,5251.100917431193
YSVREHDLWHA,6149.967889908256
NHDRLQHGPYKD,2749.6605504587155
WENVPFYWHL,24806.788990825688
QKNSSFNKHL,1515.5642201834862
FNNQQRKG,1646.0642201834862
RQYAGQRPLSFY,15014.188073394496
FAPDFYKLYKAS,5822.261467889908
AYAGVARHVAL,5493.211009174312
VLYGWNLFRSG,10717.284403669724
YVYKKVSGQVS,2991.6330275229357
VWWLVALSG,23150.967889908257
GQPAKGEPWHV,1756.8165137614678
GFHYLVASG,10604.29357798165
WGLENHNAG,3041.3853211009173
YVYRFEYKHDG,10675.100917431193
SRKYSGQFKHG,2209.1146788990827
DVYPSEPYWG,8220.032110091743
RNERHDVPNALS,1923.1100917431193
NFREKQRQRN,1958.880733944954
NLNLYLEDG,12066.467889908257
EQQVSNSG,803.559633027523
DHVRSKHVLS,1866.8853211009175
FFWYFVLG,6039.399082568807
RLPRKASKAS,1011.0275229357799
HYANWHG,5581.715596330275
DLGVLRKRDA,2042.1743119266055
PASRNEKAFPK,886.4082568807339
PSDADGYKH,1249.2614678899083
HPSHPDAS,1100.605504587156
HVSSQPVAQEKH,1004.348623853211
FEKVVLFSEDV,25116.38532110092
FHARVNDSWHS,5340.995412844037
QHLQFKEDREYK,1611.7385321100917
VPSNARDVALS,1198.2339449541284
DSHPKDYWALG,3159.4633027522937
ANWAQRYNKDL,3373.4266055045873
AKRDARSG,851.348623853211
QPEPQYDGYWA,8299.243119266055
FKQLGNVAGWA,4824.197247706422
DAGVRDSGFALS,3121.3715596330276
EFKEREKHDS,965.6330275229358
QVVFVSYWND,40111.279816513765
KNVEAPYWKVG,2432.701834862385
FSVYNSFYKAL,7176.5504587155965
WFEHWKLWHVS,12023.064220183487
NFYFHDFRWVL,18461.224770642202
NYLVSHSG,3928.435779816514
YRNAHGYNKL,3720.3669724770643
KGFKPNRDLG,1560.6284403669724
HYGEHEVAS,1757.6284403669724
YKYKGDYWVAS,4017.8440366972477
RKHGYLPVQEPK,1352.6834862385322
FFGGQLG,3410.756880733945
KEVWSVSG,2382.4954128440368
AGGGVSG,790.1009174311927
SLGNHNALG,1870.7201834862385
EYAPQENGFRVA,2119.0733944954127
HKFERVSG,1434.954128440367
RHRYPKVLPDL,3575.0504587155965
WEYWKKSPWNVS,5797.98623853211
EWSHFRHKAG,2925.1422018348626
SHLLASG,2473.912844036697
FDADDGQEYW,4762.862385321101
WDNYGQPWKH,6798.481651376147
FKNSPHRYWLG,7949.073394495413
KEDPQNAG,605.1009174311927
VHEWKSNKHLS,1646.7568807339449
VAGAQRDKVALS,1235.788990825688
RFFSALG,6783.0
NHFNGFPEKSG,1804.426605504587
PPHAHLQFKAL,3924.605504587156
HFYWQSQYG,7331.935779816514
RPESAYKAL,2535.4816513761466
LRWPQPAG,3422.1422018348626
AAFAQRWNKVG,3072.394495412844
GKSGWWVSG,4473.183486238532
FRDEWVSLGKHL,7091.270642201835
KQNNPWVSG,2001.119266055046
YKGDKDGWDV,1666.5
YVVSRLHLG,10820.449541284404
WEVNEPYG,6178.724770642202
PFNQPLYDG,6645.206422018348
QNHVGPQSGPYL,2765.637614678899
NVGVSAGEYWVA,6038.243119266055
ELSYDVRKDAYG,2385.3119266055046
KNQKGRLSG,852.9724770642201
VRYERYWKHAL,6415.6100917431195
FYGVEPNGHVL,4846.6697247706425
SNGNLDSG,1050.9357798165138
VKHQYPYVSG,3327.4266055045873
WRYPPYDVASG,6386.931192660551
YPGDSASG,1171.3073394495414
YKADWNFEYKLS,6517.793577981652
YHDWQRPFEKS,3233.1559633027523
AGSQHRHDAL,1786.8990825688074
NAQHEYARNVG,1963.7201834862385
HESQRLHDVS,1755.6146788990825
KHKNGFKG,856.4770642201835
EGPYPWYHG,7803.862385321101
FVLRFEVQNKDV,18334.133027522937
AFWDNKRHDVA,2904.912844036697
AYVHPKSG,1521.5045871559632
YKRLRPKPYWNA,4985.270642201835
HAQKFEVFKVA,4957.4495412844035
QKGQRPSHSGG,928.8577981651376
HRSRHQFKDVL,2966.954128440367
HAFLAFRNKLG,6912.678899082569
QWYYWKAWG,9721.637614678899
NQFHRLYHG,7672.183486238532
PWDLRGHVSGH,5191.394495412844
PYYYASFWKHG,11402.19266055046
KAQFFHVAFDAS,11589.04128440367
EKWSRWRDAS,3162.9633027522937
EQEEREKVS,513.6009174311927
DFQPLNDG,2599.678899082569
GGFEFYG,10562.357798165138
EQGEWVPAG,1781.8899082568807
EHQSWVLRAG,4541.720183486239
YKWVLYWREDA,14191.591743119267
VYRNYKALS,3652.1330275229357
PDEDYVAQLG,2283.5688073394494
GNGYLWG,7979.137614678899
PLNQYLYNDLS,8017.522935779816
KYAEVFAG,2918.646788990826
WHGWFRSGRK,4629.545871559633
GYFVVSG,20968.298165137614
RAKFWFNHALG,6890.972477064221
DYFRQKG,1833.7798165137615
YHDQYLGAGREK,1702.711009174312
LKQHRLS,1982.032110091743
DLKSYKHREAL,1335.7247706422017
FQNYPWHDVS,7446.155963302752
GRLYRKDALG,3445.9495412844035
PPPNPVG,1085.5091743119267
SWGWHFDSG,10863.555045871559
PQDHLYLSG,4088.3577981651374
NVSDEHVQYNK,1288.573394495413
PSFRFESPNHG,4640.288990825688
QDAEDEDASYHS,1271.5412844036698
DSGDHLGHDL,1875.7935779816514
KEQAYSG,1331.2247706422017
ALNGQEPSENKS,704.6192660550458
AFFYYDG,9986.935779816513
LFVQWSFEHVL,26871.091743119265
FDLRASRQHDV,3306.619266055046
EGWKANDVEL,1524.6422018348624
QEGDYVLGAG,1985.2935779816514
SDLLHSG,1940.9220183486239
WPHGRAENDG,2065.9036697247707
HNADVEKHSG,881.6146788990826
WEYLPSREHV,5797.261467889908
PFWKHYFEASG,7042.853211009175
DPHRYFKS,2870.802752293578
PNGFLGYLFWAS,16951.55504587156
VDLWAVLG,8536.298165137614
QELNFRNALQRW,8944.853211009175
DKLANDVLS,1061.3577981651376
WDFRNRPHKVLG,4704.463302752293
EDYFWLPWHD,13435.009174311926
GPYDEQYAG,2109.256880733945
WNSPHQRASYH,4957.0
NSRQDAQEWN,1756.7981651376147
NPHDAASFA,1960.334862385321
GAYAYAS,4274.362385321101
DVPKWVFPYVG,8851.674311926605
GNHYHYNKAG,2398.6100917431195
PVRDQRAFYS,7921.55504587156
NHDNGENHFEH,2180.6743119266057
DGAPFYHLS,7254.123853211009
GVGHFHLSG,4720.252293577982
QRKLYARAFYN,8923.128440366972
SGAHDFVLS,4341.711009174312
EEKRWFYHAS,5002.247706422018
PFYQDVFRDLG,12054.422018348623
DPKHVVRKDAL,1152.467889908257
YVEPVYNWNDS,5981.211009174312
KWWQALG,5849.633027522936
PEHWRPAG,3912.97247706422
PPAYNFALS,4833.600917431193
LQQFEDNSG,1951.073394495413
PEYPSFAG,5086.6697247706425
PSKQPRKVL,995.8761467889908
QSWYPKAG,3019.5366972477063
PHRDRKVENVS,978.7293577981651
LQSEYSEPWLG,5098.90366972477
GQLRAWVSG,5331.623853211009
YRAVNASG,2086.0366972477063
KRVGSEWKG,1154.4449541284403
PNDLAQAQYWHL,8403.055045871559
RLPRPEWVG,4095.8715596330276
HLPDQQRYLG,3949.848623853211
ASNDQYQPWNV,3393.761467889908
PLVKYDG,3346.1284403669724
NFQVKALS,2972.5183486238534
FVKWSFDALG,8384.20642201835
ANFYHHVSG,4388.848623853211
VWHDGARYVA,7349.4495412844035
NANAGWYNDLS,5373.3899082568805
LDQHQDSG,1255.5963302752293
HWQRRPKHDLG,3284.201834862385
HFDHKVSG,1695.9128440366972
PKGHYWDGQNS,2527.935779816514
KPKHPVPNVS,830.6284403669724
RFNKHENGFNVL,4267.642201834862
WGAHWNDSG,4397.876146788991
GVVLSGG,2160.412844036697
EFSYKRELS,1950.9816513761468
EVNKWAQFYNKS,3123.5550458715597
FRWKWKSFSNAL,6163.394495412844
QWREREDVRWK,4626.215596330275
YLHDNVSEYKAS,2565.123853211009
RPVDPHSFENH,2461.137614678899
HWHYHANG,4640.100917431193
QEQQPHYAG,1396.6238532110092
ASVHLEDG,1450.5229357798164
HDWSVLPYKL,10943.821100917432
YSYPREVSG,2145.711009174312
PPNALARYDV,2848.2752293577983
SLQFYDNHLSG,6249.151376146789
LKRDLLG,2204.1330275229357
LPPARDG,1143.866972477064
SFDRWHDED,3726.7155963302753
RHEFHVAEWD,6655.807339449541
YHHNNVALS,2662.3853211009173
ARGVHVALSG,2829.151376146789
HNYVHSG,2806.4036697247707
SVYNAWSG,5373.724770642202
RPLVGPWEYLS,17222.715596330276
HDVFGFNSVSG,6291.119266055046
RANFQVAL,6184.256880733945
AERLGPG,1955.5871559633028
AFRNHRWFRH,8939.642201834862
RWYHNGEWKDV,4245.036697247707
HHQKLWLG,4543.935779816514
APKSSYHG,944.3853211009174
KKSHFVSG,1170.559633027523
DRWWNGRENK,2384.756880733945
GWLQQWAG,7075.954128440367
HQHHDSDG,1231.0779816513761
QQFERYALPN,6582.229357798165
QYDQVAEFREYL,7402.522935779816
RRDHVEWKHS,2371.2247706422017
HDYFDQPYNA,5470.160550458716
QNFNGPDSEKHA,1030.8119266055046
GNPVVAG,1301.926605504587
NNSQARLSG,1735.0642201834862
HVWVYWARPS,18231.77981651376
PQRWLDFRNKV,5791.077981651376
FYKNYKHQEYH,2974.4770642201834
DLKFRVRWDLS,10815.91743119266
EYLGEYFGFNH,13951.669724770642
RKDQHNKSEWVL,2258.669724770642
EWNPHLQNHVEN,1968.665137614679
PHDNENQENVL,1200.8165137614678
KWQRGHG,2664.0183486238534
PNQNQYKLPYSG,3098.4770642201834
KYVWWHLG,9307.977064220184
QHKAWFPYWHD,11740.651376146789
YEKHGLYKDVAG,2330.9495412844035
KWPHLQLSG,3657.0504587155965
FQFVWSPHDALS,15047.926605504586
SEGPFWG,7728.917431192661
RFPPAWKG,2913.1926605504586
DKKDDLSG,491.98623853211006
RSDALHSYAS,2318.967889908257
KWRLQFRDSG,4812.0
VAWDGFWGYD,19847.88532110092
WKLGPSNLSQEL,2153.119266055046
KAEFDSQPHDG,1378.454128440367
NGAWVAVAS,4297.160550458716
RASDNDVWALG,3247.4266055045873
PYDDGRKWHLG,5178.90366972477
NRKPWGEYKAL,3334.9816513761466
RVPLKEYVA,1510.9724770642201
EPDDKHSEKD,553.1697247706422
VAQSAWHVLG,3562.0733944954127
HKYLNHDVL,2779.440366972477
EYGWDRNSLG,4344.229357798165
EQEQEVLPWNHA,2053.4449541284403
FWLLHVSEPHLG,12974.009174311926
YPSNSRESG,1074.408256880734
VSLDNDG,1375.6284403669724
YEQPENAS,1203.0412844036698
DRYHYFYKG,5566.6100917431195
VGFRKRWFRNDL,7615.674311926606
VQRYEKSPDL,1757.0229357798164
WFNVRRYAG,9298.201834862386
WSHERNKHDVG,1958.8853211009175
HSEPSWLEWA,6435.912844036698
HEYLAQWHG,6748.09633027523
FVQKEKAWSG,1665.7706422018348
FDWVDQKDVLS,3299.788990825688
DEDHRNKHDS,893.0091743119266
DFHENVFRWNVS,8070.711009174312
FYYQSGEPHVG,2749.211009174312
HKPNYHS,1758.3211009174313
FYVYYWKPYNV,6643.0504587155965
VREQQREPKL,1164.426605504587
WPFRDLKG,5521.1697247706425
GPEWLEWNV,4558.284403669725
NHAGWYWLFHV,19541.394495412846
YSKWQKDG,1859.3715596330276
KAEEEKHDVL,554.1926605504588
AHEKVEG,682.8669724770642
GWHAYGFPWNL,22646.105504587154
DDFDYKHALG,2408.5091743119265
RWQQLQDVAL,4175.059633027523
NVFWPHWSG,14369.11009174312
NKYKDADNKHD,919.4311926605504
QQVFRLGQEYKS,3188.1605504587155
YFDHQYAG,3856.683486238532
NDYYLGNKHG,2645.8669724770643
AAYWLFSG,13465.587155963303
SNSWWLSG,8275.238532110092
KFAVARVLG,5566.087155963302
YHVSNGEAWDV,3182.243119266055
NRHASSPWKA,2748.1743119266057
EVLNYQFRVALS,32737.435779816515
VRFYWFKHVA,12884.90366972477
KWFNAEDVL,3973.9495412844035
DKDWHEYWHDAL,5193.788990825688
RRWHVEGFALSG,8104.605504587156
VSSPNSVG,1136.4724770642201
AWVAYLRHLG,16107.784403669724
LPREFDALS,2403.7477064220184
DHGFERVALSG,2972.821100917431
APSPHQDLG,1006.8853211009174
QFSSAGFEKG,1839.5091743119267
YHLVPHLNDAL,6099.605504587156
NEGWPLG,5003.018348623853
EDSAGQEDRWNA,1299.5550458715597
SGSQPDAPKH,822.8715596330276
DHEPGKDA,682.3807339449542
PHKGYDVPYWNL,9018.394495412844
WLGNGVSRNKHS,3113.0091743119265
RSQDFEPKVPNK,1002.2201834862385
KFARWEDVL,4393.252293577982
VKRAPHLSG,1513.4036697247707
VRWDLNLQFNK,9263.009174311926
DPRNEKHLSG,902.6330275229358
FKYDLNVQPVLS,4701.059633027523
DVYELPNKHVAS,1940.1880733944954
HNKAAGYKVAL,2791.3899082568805
YYKVDQEVLS,2149.577981651376
FAWNGQEQKL,1827.2660550458716
DNWKFNHLSG,3153.316513761468
NLYEWSFENLS,10733.279816513761
SQKHGAQEKHD,977.3715596330276
YRPWQEAYVALS,11676.073394495414
PLNFEPLWNLS,11567.183486238531
DLNAWALRDAL,7642.357798165138
NPFEDVNLG,1922.165137614679
YVNEENDL,1595.045871559633
RRGHKAG,965.3853211009174
WKNKWARDALS,3547.0229357798166
YHLPGPYWFLS,27243.32110091743
RPAVHVWNKVL,5894.385321100917
PRVREGPDVL,2067.876146788991
HQSYLWHLS,10070.885321100917
LRFKKHVASG,2124.0091743119265
SNSEKEYKHDA,713.2293577981651
NWNPVSKAL,3138.2155963302753
RNQHYKNVG,1940.2844036697247
PLHGQGRLS,2658.9908256880735
SLQNFSG,2401.412844036697
YFNLHLGHDVSG,4626.339449541284
RVPLLQPYHD,5245.123853211009
WPDLLKVLSG,7063.715596330275
ALFGASRWNKVG,4702.481651376147
DVLPLVFPWV,21238.009174311926
HFYNDDSEPN,2359.4449541284403
NDEKAYDRDALS,1219.8899082568807
LHRAGWAG,4581.967889908256
YFPEYGQRYVS,9124.495412844037
WFRWPKVLWLS,21496.045871559632
LQQYEWASG,3912.876146788991
QHVNHEWQNHA,2369.238532110092
PHPLAGEPAG,1059.8761467889908
DYADWDG,3732.788990825688
HHRAALSG,1704.633027522936
KAGRLENKLPDS,823.6605504587156
RGHKNKLSG,867.8394495412844
QHNQQEAG,707.2798165137615
EYPGHDEKA,896.8302752293578
AALKEHSG,805.6100917431193
SWHWVEHVLG,8961.165137614678
HRYVYHANKA,3462.206422018349
AHRAQNHALG,1740.5504587155963
VKWAFKG,2902.701834862385
YGEFGFPNVAS,4773.926605504587
HNVFAGAG,2454.261467889908
PKLVFREQNK,1924.2064220183486
WKLVRDGPHAL,7579.954128440367
FDVEYAPGYHVA,7285.646788990825
DAVYQNAS,1341.3761467889908
HLLRWDRPNHA,5054.151376146789
RPKRVAYKAGY,2813.3669724770643
FPHWWGQEVA,4903.1100917431195
EKQGDSEWV,1098.1880733944954
VSLVKVSG,4188.738532110092
EPGKRPGYWNA,2986.5229357798166
QNYNVGWENKG,2203.302752293578
NSLSNDVNKLG,1116.4954128440368
LLQRVHS,3192.0825688073396
YWSWSFYWEYNH,15648.51376146789
YRFAWVG,9731.02752293578
DNEAFRPNVLG,1851.7935779816514
WQKENSWNHL,3886.697247706422
NEPWWNDYSG,7614.577981651376
FFWVKRYWKDLS,5766.463302752293
WVRREKHQWDSG,3408.678899082569
EEALVEDVALG,1248.4908256880733
NRQNVVLG,2462.5137614678897
WSPDDGYHVLG,6305.798165137615
HGHLVHLG,4296.073394495413
QHKHSFGWDVL,5899.5
KPFYKDYSG,2076.362385321101
PYRDDLSEPNAL,2706.830275229358
ASAAPYKDVG,1047.8256880733945
NVRHARYHNDS,2792.637614678899
WKDYVSFLQYKV,11842.614678899083
LYEFPNDVA,3249.4770642201834
VYSPWFWVAG,16414.977064220184
KPSQYVDG,1791.408256880734
LSQYANALFVLS,26194.366972477063
WYLHNASG,4636.692660550459
KNKPQPVALG,1196.2798165137615
LSYHWHLGWVS,13757.435779816513
DNNGNALSG,1335.8119266055046
NFYDAFDVFPW,23238.54128440367
GHPDVYVSG,3796.0091743119265
PNFNFPHQYKDA,3425.876146788991
KWKWDEALSG,1872.7247706422017
RGGPYAPYNAL,7662.022935779816
LEHLDSWHDAG,4532.371559633028
YKEEDVFYA,4803.275229357798
WRLVNKHDAG,3653.4908256880735
EKSEVQHQENL,843.1009174311927
KGVLPQWDLS,3678.7155963302753
VLAPAPKHDVA,1306.1697247706422
SPAVEWDALG,2210.623853211009
KKSGFKEYLG,1173.2568807339449
YLPAGSQRNH,2376.853211009174
YGYEPGRYAS,5643.05504587156
LYYNKFG,3263.9587155963304
YYVHAKAG,2405.802752293578
VFPQFFEDVSG,5801.133027522936
RPSNSYKQEYKH,1759.4587155963302
NKSKHDYNEPWH,2778.5412844036696
DAHRLFPVLS,8059.779816513761
YFQLFVLSG,23134.660550458717
ANFPFYSG,9654.316513761469
ENHVVFEFEYN,39582.394495412846
EGFGNRPNG,1972.3990825688074
PDGLVASDG,2001.573394495413
VYYFHSG,6695.706422018348
WDLGDSGKFDV,3710.669724770642
LDALFRRENH,3774.5
HSHSHSWNHD,3020.3348623853212
NPDGLESG,1047.6146788990825
RSPGEYQNHAS,1543.908256880734
WHDGLFYSNHVG,12206.165137614678
VYRAQWLS,8373.720183486239
RLWSKGYKHVLS,5326.206422018348
DAAKAFASG,1015.4449541284404
NHWVKHPYKV,4898.678899082569
YVVPSWDVLS,9813.155963302752
QVYDKGPHLG,2102.9311926605506
VGPFDFYNKAL,5558.45871559633
AYWVHQNDLS,4694.05504587156
KEQNLRVAS,1290.6146788990825
DYKQYPYNK,2298.0550458715597
FEYVFYNKAFNY,18941.133027522937
KRHLPSGASG,1284.9954128440368
WNDEHQPLQKDG,1959.1467889908256
HDEFGREPWNHS,3676.0550458715597
SKVDRPVLG,1458.7981651376147
VRHRYLKDVAS,2596.0229357798166
DQNNHQPYKA,1442.0825688073394
HQANPHSG,1404.98623853211
YLEVWSGFWNH,15834.775229357798
QERKDFYEWVSG,3005.908256880734
ASSYHLYKVAG,4176.091743119266
AQNYDVRWNVL,8018.105504587156
KEDQWRNKVAL,2226.678899082569
FGREYAYWHFYW,11050.220183486239
WHVWSYNWDSG,13905.720183486239
RRAHAEPSG,1292.619266055046
FESNPWNANKD,1963.01376146789
EVAQRRGPKHVS,1469.848623853211
WGALELNKAL,6030.371559633028
NGLHWHG,5161.422018348624
DPEHQVG,862.697247706422
PGEYYKSREPN,2210.151376146789
YLLGVLHALS,9409.665137614678
VLYKPWNLYND,10959.37614678899
NLRLPNSWG,6938.6697247706425
EWDPDVEHRKS,1338.6880733944954
FRHKELGYKL,3272.412844036697
FSPAPHGRENS,1219.8165137614678
AAGQREWPKHVG,1961.8165137614678
YGYLEYWLPDL,19978.674311926607
KVSAEPNYKHD,1225.0550458715597
DSHLRHWVALSG,5669.834862385321
WPDEGHDLG,2552.798165137615
PYKWEKQFRWDV,7604.582568807339
YPYAALSQFRH,10383.20642201835
HRGPGYKVLG,3757.5688073394494
ENDFKQVQKVA,828.8302752293578
SNGGALS,1242.3532110091744
VLSDESYHVA,2050.146788990826
WGLRKDEKHG,1525.165137614679
HNHVRGHDS,1792.4449541284403
HQEKFRWPLS,6153.788990825688
EYEREKAAG,896.4770642201835
QEPVVLGYLPNL,12854.51376146789
DRWVPDSPWHL,11803.233944954129
EAYYSGQEWHA,4602.188073394495
DAPGLRYWS,6380.9495412844035
YSEDVKDRPKDS,928.1009174311927
PQQRYARYKDAG,2585.059633027523
PDWLNPYHLS,13391.366972477064
LLQEDKHG,1208.6926605504586
FLSGRPRAGHAS,2034.7064220183486
KYQHYNAL,3463.8440366972477
EQHALSHQPWN,3266.669724770642
VQQQRNLSG,1356.9495412844037
KPLYDVDG,1640.8119266055046
VLRWYFRYNKS,9006.366972477064
AFWDEWDQFKH,8324.036697247706
QNDKFLENKV,1025.1559633027523
NFFLEAG,9138.779816513761
LYRLDAL,6928.270642201835
LYRVAYVLS,24620.288990825688
DEWQGRVLSG,3593.0504587155965
GPGKYAG,1020.9633027522935
YAQGGREWNDG,2492.1651376146788
KPLWRASG,2577.211009174312
RRPRNPNHA,1817.1100917431193
WKLVEVEPKH,2953.9311926605506
WPNKGDFYG,4871.954128440367
KVFLVAQPYHDA,15165.591743119267
RKNYPKLG,1305.0504587155963
VYWHLKAGRDS,3532.577981651376
ADYLVASG,2455.733944954128
QPLDDQRHVG,2078.151376146789
QNYHLSPHWKA,4990.674311926606
EYFFVAFEYHS,41159.591743119265
KQVKWLSG,2121.756880733945
KHPEAGQREYK,766.9495412844037
EGGLRHG,1548.2293577981652
KPVWYWALS,10247.899082568807
SPAWFHLSG,7588.628440366972
GNPNLYG,3917.183486238532
EPHFAFYDPND,9946.215596330276
HQAGGASG,1085.5275229357799
FNANAPVWKLS,4862.064220183486
QHAKFYVLYWL,23226.72018348624
NRNQDSPDG,1322.6238532110092
KSFVRNKPKVL,1521.605504587156
ALGYEVLQYWHV,18837.683486238533
SEEQPVG,1090.8990825688074
HAWRHNKHDS,2014.7568807339449
LPDGAPNSG,986.5137614678899
ERFWGELSG,3430.9816513761466
VQEFAGRWK,4005.119266055046
KRPFYSEYWKV,5886.073394495413
RQALFGDVA,3213.770642201835
FRAWRPYQNS,6672.715596330275
LKWALKALS,3998.348623853211
WYRKHQDG,2863.9449541284403
VWVHKVLSG,5345.4495412844035
SFGERWG,4494.577981651376
LFLYLWDG,10975.298165137614
HSVNNKHVG,1288.348623853211
LARHRAG,2468.711009174312
RAFEEPLSPKSG,2026.6788990825687
YAQHYHEWVG,6722.894495412844
KQRQSPKA,660.5229357798165
YQWHESQAG,2175.266055045872
LEVEKQYWKG,2194.706422018349
HAYSGERKSG,1119.605504587156
YKLKWNEVLG,3061.853211009174
VDLFGALSG,4073.6146788990827
HWARHEVLS,4464.307339449541
VWRAGRVALSG,5635.876146788991
HGWNEKNKHV,1437.0504587155963
DVRADVALNDL,2202.298165137615
VWRSVASG,3665.766055045872
NVYYSQREPYW,17512.784403669724
GVNAQFSG,2221.119266055046
ELFRPRELFRN,4763.302752293578
ENPHDLDGREKS,916.6743119266055
RWWDHDYNDL,12691.894495412844
RQNPNGFENH,2214.564220183486
SLSFNNHDVA,2784.912844036697
HQRRLGFRPHG,4185.90366972477
QYRADLPWNDA,4297.825688073394
NRWNAYRPYA,9892.325688073395
HFLPQEASG,2016.7339449541284
YWKVNKKDAVS,1266.7660550458716
KFSADASG,979.2614678899082
HSEVKGQRYNDV,2026.3761467889908
WQLRYKRDAL,7143.848623853211
PEFVVALSG,25554.60091743119
SRHLVYKDLG,4306.711009174312
NKPGEHVRPWG,2595.6284403669724
NSVDNDAS,868.6238532110092
DAKYYNLS,2425.6651376146788
HHVVELG,2940.954128440367
QGPVNVPVAS,1153.6146788990825
RQFPFRDGFWDG,15475.54128440367
HEDVERHDG,1377.9816513761468
EQPYNGDSEYW,3802.5137614678897
VSELRLFNKVA,5539.3302752293575
RNPFNGEKDAL,1538.0825688073394
PDYWNLHQRNAS,3498.348623853211
ESFDLDVGPKAL,2068.564220183486
FWLARYVLGEH,10958.628440366972
EFQERVALG,2048.5550458715597
EPWWWKDAKDG,3582.5137614678897
YKFSKALVG,2983.4311926605506
LRKSAWHDL,3865.3394495412845
YAENENFRPS,2375.4266055045873
LQDSGVWVSG,4250.766055045871
QRNAFKFVLQED,8691.88990825688
GHALLQVALS,10740.20642201835
EDQDRKHSPSG,745.1376146788991
FNYGRYHPAG,4890.032110091744
QSYLFEFWNDG,17671.738532110092
FYAYPDVFPKVS,5285.467889908256
PPFKGEYDVG,1644.151376146789
HSHNQKALG,1378.5688073394494
SKLQVQKALS,1411.8211009174313
DGEPAVGRWKDV,1522.591743119266
VHDVQSREPNKL,1089.6146788990825
DQEFPREPDV,1426.573394495413
EELDVYLSG,5421.431192660551
FGPKGPGHAL,1880.3211009174313
KNGKPDAG,672.1559633027523
ANWKQNALSG,1616.0045871559632
FEDPWKWNGRDV,3392.8990825688074
YKNHPYKQPAS,1981.6559633027523
PLNVNSYHDVS,3679.4311926605506
YSQRASQSQPNL,2161.178899082569
EPFHWNVQENH,3311.4908256880735
HSQFAYNVRKD,4431.743119266055
KPYLRPKDALGF,4046.0733944954127
EYDHSRHLWG,6232.316513761468
AGDNLFHG,2880.743119266055
KYQWSYHVAL,9513.720183486239
WHYYDFEYWVL,26237.61467889908
HYSEDDALS,2055.1743119266057
WDWFYDFRDL,15550.788990825688
NDFWRNVGKVG,3807.5229357798166
DHFEYNDSKDVS,1653.1467889908256
NSDLGEKLFHA,1856.0550458715597
WDPGAGQENHS,1971.1743119266055
QRHLYGNALEKS,2322.8990825688074
WKQHVAYPNKSG,2574.045871559633
HFSDLFHDVA,5435.711009174312
NDYANHALYLS,10962.270642201835
WPFFPALSG,16527.91743119266
NYHSESQWASG,2647.2247706422017
SWFYVLHG,14724.444954128441
NAEKPNDPYNAG,1289.348623853211
HEPANREPWHS,2590.3715596330276
YKWDFNVSVASG,5598.059633027523
NLEWVRKEWNV,6950.4495412844035
KQLRRHLG,2408.4495412844035
SHSGELWDSG,2890.9495412844035
QDRYNLAFPNHA,4304.224770642202
GNHKHNDSG,904.1651376146789
NHNLPFWDALS,9941.399082568807
HDDFPRPSG,2114.880733944954
YDVSGWGVEYV,10819.353211009175
YNQPRALGYNVG,4108.527522935779
GEPDQSFLG,1774.3853211009175
PLPAQRKHEHVL,1601.5550458715597
DGKQVLRWNV,3599.8715596330276
NDSEGKQRPKS,916.1697247706422
FQPFWEWKDLG,8295.055045871559
NRDQQEHAG,1090.7293577981652
VAGAFKVFEYH,13318.949541284404
AGDWYVLG,8903.270642201835
AWDDDSG,2295.146788990826
AKYQKSG,887.2706422018349
PHEYDYVEWKS,5634.233944954129
SKEFHLSG,1324.6926605504586
APSSWASG,1518.5504587155963
QGLAFYVSG,22820.11467889908
KSGGVSFEPNDA,1284.5642201834862
EWAAWDVRDL,8142.559633027523
DPRDPDG,880.1697247706422
FPVHDKHLFDV,5409.206422018348
YPWLGSKHG,4251.527522935779
EGQLGQAQRDAL,1130.9495412844037
NKRSRNEAG,912.4357798165138
VWHLWGYKALG,9084.761467889908
GDGFSSG,2204.9908256880735
QSSYQVG,1680.1100917431193
EQQVEVSG,777.0137614678899
AYKALLKVG,4143.6697247706425
KSYDEWNDHV,2322.5504587155965
QWPNWDKLG,4245.811926605505
EQKVFRSPYKV,2899.0825688073396
GYQYGPHVLG,7124.481651376147
YRRVPKDSG,1395.6788990825687
VSKAVAPYK,1505.7018348623853
SNKWWDG,4001.288990825688
YDNVYKPNKA,1837.2522935779816
SWRKPKHDG,1950.091743119266
RWPEFPYKDL,5591.8302752293575
SHYKQNKHAG,1115.802752293578
EEAYRDLG,1814.2247706422017
FVEPSQLKHD,1743.334862385321
VQVSEDFYVAS,4076.3440366972477
WVARWGNQRYS,9806.711009174312
PWSGDQLSNHL,4171.545871559633
AKALEQKHDAS,616.4587155963303
LSYFWDEDLS,7609.032110091744
YEHWEWVS,9123.288990825688
PHSRNNKWDG,2392.0412844036696
VNAQDAKS,600.2064220183486
FFEYWYALYHDS,3032.0504587155965
VKFSKSG,1398.334862385321
VEWHEARNVLS,4016.9036697247707
RNQGGRWKAS,1917.440366972477
SYNWYDSG,5685.655963302752
YQEDHVGFRWKL,8309.944954128441
HLSDWNDEDLG,2683.0183486238534
FVLYDDALFNS,14349.743119266055
WKKAKSKDVAS,857.105504587156
PSSYKQALSG,1494.967889908257
NLRRGRPG,2810.853211009174
NDPAQLWLSG,4129.004587155963
GFYPGDVA,3659.5733944954127
FQDEGNLG,1840.894495412844
HARHWGEYWNH,8574.321100917432
KEDQDQFEHA,1133.6100917431193
DRHLARLG,2993.123853211009
YHRVNHLQEW,6949.261467889908
VHRALEVLS,3370.1743119266057
SPVHQWDG,2909.151376146789
YREQHANHG,2236.302752293578
ALKYRPHG,2894.4266055045873
FKAYQFDLPDV,6766.587155963302
NVNWEKSG,1789.9908256880733
FNFYPKQRPKD,2518.669724770642
VKDHDYVS,1392.8577981651376
QNGHQFWDPNHS,4928.6100917431195
DLPKDSELFWA,3120.5137614678897
FWWKASVSFWKH,10159.04128440367
FPYGGFAPNA,6978.064220183486
ADEHNDLSG,1101.3853211009175
ANPVEHVAS,1083.0779816513761
HHDRVNSG,1319.8623853211009
ERFAALSG,2308.756880733945
KASEEYHVQV,1434.651376146789
HSFQLPNHD,3342.9908256880735
ADQFRRKG,1639.2752293577983
GKSVGNAG,935.545871559633
QNLVVAFEKLS,22544.940366972478
WRFLKLG,11071.963302752294
YREYSFESFYK,9305.288990825688
PRLKYKVA,1708.6880733944954
RKQYYHVGFKHA,3816.4266055045873
QLGKDGYSEPA,1408.8990825688074
AQLYGYVALSG,15206.87614678899
YWFNKKLEYG,3853.243119266055
PFDGLRWHDVSG,6855.151376146789
FDWFPHWDS,12302.266055045871
DFSPEHAG,1728.7752293577983
DANASAEKL,636.9587155963303
LEFNYDLG,3950.5366972477063
PELFHGKG,2416.9449541284403
SRDYHQEPWKHD,2801.0412844036696
EGAPYAGNHDA,1554.3623853211009
FNPGASRPKHS,1492.0183486238532
QPRVFALSQRY,15068.981651376147
EHGVHVPYHVA,3534.348623853211
RRGELHG,1707.0045871559632
QAFLRSYKG,4951.0504587155965
LHRNAQPSG,2068.4311926605506
RYNLDAGPWDY,15361.339449541285
PFGDGYASG,4199.123853211009
PHYSSFRHDVLS,6889.977064220184
NQEGQEVENL,1137.8990825688074
QEGYPSPHAL,2444.270642201835
KGREEDSQFEA,923.256880733945
VVWSPVLSG,7163.967889908256
KHSVWDVRPHDS,2481.7844036697247
PGNHLHKVS,1652.3256880733945
EGQYELGPNKH,1527.8165137614678
ERWVLFDWHDVS,17212.596330275228
NHVFENRNFVAS,7660.95871559633
WWAWYHDVAG,13644.738532110092
DRKYWRWNVAS,4396.784403669725
HVRGFAKHVL,6293.408256880734
EDVHDSKREPWG,1579.4357798165138
KDSWDQKQFKDG,1353.4357798165138
WSYFWGKAS,5277.614678899083
RHRYEYRHLSG,5117.394495412844
PLKFNKFEV,3479.077981651376
YQHRDVYNDVA,3154.5045871559632
VENGNQPSG,1096.5688073394494
PASFWSFASREW,19651.825688073393
KNEQNVSG,795.7706422018349
DGDEAGQFPY,3134.3669724770643
VPRSDALG,1236.1926605504586
QYDWVAQPFKH,6342.44495412844
VFVRSEKVALSG,4059.1422018348626
WLRAEHALEHS,3711.729357798165
SKPDPWKHALG,1723.4449541284403
HDVSASRPRHVL,3704.119266055046
PVVDYHALSG,3044.9266055045873
WDGDQHVKAL,2927.059633027523
RHGANGPYWHAS,5778.98623853211
EDDLVSQPNDA,1131.3761467889908
EKAFWNFVFEPG,13738.183486238531
DHPKNAG,835.5229357798165
SNDHHLSG,1721.4174311926606
WEEADVALG,3873.2844036697247
FPFYPWHFPKLG,17948.655963302754
QNRQRPAVG,1902.7706422018348
QSDLVLKASG,1734.2247706422017
WGKWQFYWNH,14470.45871559633
VPHHRPHG,2365.087155963303
FYGEDGDWHVL,10378.366972477064
GQFQYLGVL,18562.5871559633
RPVSQAYSGYD,5815.715596330275
YHNVLSYKASEW,7287.770642201835
PQFNWLNKLSG,5940.495412844037
SWSKKVLS,2482.1605504587155
RNVHNVLFDS,7035.376146788991
QNWDVQLSEWS,6191.004587155963
YFSYEYG,6420.151376146789
KDSPSKLQRPNK,783.2798165137615
DQKWQHDASG,1262.5871559633028
RRFPHPALSG,3884.4862385321103
YDLHGFRWYDV,13746.977064220184
QLNAVSWNKDS,1774.165137614679
PPEWHEWSG,3145.564220183486
RYKQHVNYWVA,8148.463302752293
ENPNENDWDLS,1687.3761467889908
LEQAFKDLS,2332.8394495412845
QLLWNVRYKHAG,6791.871559633028
ERAKRVSG,883.5412844036697
SGQRGVLSWNL,8118.275229357798
NHSQFVQPSYW,13128.862385321101
GKSWWNSG,3182.908256880734
WPRSQFREYVG,9604.495412844037
RESAWSGDVA,1721.532110091743
PVRVQKFNALS,3820.738532110092
ANSWPWLSG,8318.0
LEGDYWG,6014.655963302752
EGRGKQREPYKL,1306.105504587156
NKRVPYQKLG,1896.1743119266055
GHFALEG,3492.1880733944954
KHQQFPHKHAG,1637.697247706422
DFRWFAFNHD,13952.256880733945
SDNHWALG,3611.5688073394494
HDSDEWEPKHLG,2020.788990825688
HFDSGYHEHALG,4214.908256880734
NRHPVQYWNVAL,11315.651376146789
QGSWKHEG,1265.1743119266055
FWGFQKDVSNG,2724.3990825688074
ALWHHASEYNH,5208.201834862385
KDQKKAQFWHA,1765.7752293577983
RDQAPNDEKHV,842.4633027522935
FRWQWASGYSES,7558.252293577982
EGLDDAG,1109.0504587155963
HRWLVRWNH,11277.449541284404
HGLSDGPWNHV,4657.90366972477
PAFYLQGHSG,7685.51376146789
VDSWSVG,3061.894495412844
VFSQWGHDVS,5200.472477064221
WAGNYHFHAG,8308.266055045871
AHYHHDVLG,3087.894495412844
YNRYARKQYHL,6032.48623853211
SKPDRSG,918.7247706422019
NLLDWHAL,9456.477064220184
KYDFYRPYHDLG,7031.724770642202
QSRFEGEWVASG,3137.087155963303
NRQHYKHVA,2423.848623853211
FEDNRPENVL,2052.7752293577983
LEVSLSPWNK,4612.6100917431195
PFVVNDSG,3397.298165137615
KGDYFNSG,1479.3302752293578
PWKKWAEYVS,4872.706422018348
GEWGLFWKHAS,7636.834862385321
SWKSYSYKLSG,4681.371559633028
HEEGWSG,2261.9633027522937
NVGWPWKQHG,4737.064220183486
ENYAPSRWNKDG,1991.1697247706422
PPWEVQPVALG,3648.2247706422017
SFKQAENKV,928.0550458715596
FGDSEYPKHSG,1647.0412844036698
RLEFDARYG,6357.243119266055
QLGVGWLWNKVL,13482.444954128441
PGLGKVQHAG,1359.0229357798164
NNSGPFNDV,1929.9357798165138
ENPDYQWKAG,1351.3532110091744
HLHGPSQYKDV,2075.2798165137615
FGKPRPNAS,1715.9036697247707
LSKWVFWHVA,11659.495412844037
EGYLYVPNHSG,5676.160550458716
SLPKQSG,936.2752293577981
KFKYKPWKHVL,2660.0504587155965
GQQRQNDAS,918.8119266055046
YKYVLELSQDG,9505.38990825688
DQPGESYNKHDA,990.243119266055
FHGERYNKEHA,1731.6146788990825
SEHNGEHG,1094.1743119266055
FRKYDGYVGFKV,9539.79357798165
KKYSQWLS,2359.3990825688074
ENFNYKQLG,1948.954128440367
PPNWKSWNVAL,4305.3302752293575
ANHSNFPNHDL,2839.0825688073396
WSFYVSDFPYLS,32744.284403669724
EFPGNVGRPNHV,3040.9770642201834
KWVLFLRPYNL,28718.66513761468
WEGNHFKVG,5426.706422018348
VSHRDRNVLG,2379.302752293578
KQQWGEVSG,1291.6697247706422
PSDHVAWHASG,2549.422018348624
FLLKRWAS,6607.779816513761
QQNWKDPHVS,1433.5045871559632
NGNGGQWNKAG,1449.5412844036698
QNEWDEFYNHAS,5363.848623853211
AEDSFSGFVG,4879.885321100917
KWNYYKVSG,4199.522935779816
SKQKDWLG,1445.4036697247707
EKQAPPNKLS,604.7798165137615
HKWLHSG,2863.3853211009173
HYQLKVS,3585.816513761468
FFNDPAPASG,1854.2752293577983
WGPVNQFEKDA,2180.5091743119265
RAPYYDLYWVLG,19177.65137614679
VNPVSNAS,1495.7752293577983
KKFARHDVG,1130.3394495412845
KSLFNGEKS,1163.7155963302753
DLYFKPKHDL,4473.40366972477
FKEQAQRNH,2043.7064220183486
GWHQYALKDAG,3631.6330275229357
YAPDGRSGQPHV,2465.894495412844
FKASLQFSKHDV,4626.348623853211
LELAFLG,12105.059633027522
DFGYNVYLS,16863.050458715596
QGQHGDGQPY,2511.6422018348626
AHPLQHVLSG,3048.302752293578
YDSWSPHADVA,4043.045871559633
KPVNVFNVAS,1759.7844036697247
VWNNQKVALG,2572.6743119266057
YWAANGQDVALG,3422.761467889908
KFPKDVKGYWSG,2109.6651376146788
GPARDPWAS,2111.0504587155965
YAQVQRKQEWS,2440.669724770642
AFFWVQVASG,22757.224770642202
QDPLGNQKG,947.1559633027523
DANRKDRNHDLS,1181.6697247706422
HSRAALENASG,1330.5642201834862
YYLPNFWNDL,11937.573394495414
NHEGGQEVLS,1281.1376146788991
PGSSRVLG,2044.2844036697247
FPNEYSNDLQV,4501.385321100917
FNFEWAGYFNV,12041.550458715596
GVQANLG,1420.7293577981652
NLAAQEG,1155.3853211009175
QGWQGRYNKDVS,2663.5137614678897
YEVAREYVAGPH,4310.376146788991
DYHVGVYHASG,4628.220183486239
RAHERWNHDV,2243.059633027523
HQAWKSASG,1531.2018348623853
VQWKFKHGWDSG,4388.880733944954
PLLWFWALSG,23089.743119266055
WGLPFWSG,19659.091743119265
DEHPEHLSG,1318.7477064220184
QSKPLGEYKHV,1299.9633027522937
GLSGPQNALS,1542.6834862385322
ARVSEEPYWH,4393.036697247707
FWRGKGYNKVAS,3010.619266055046
LHFLKHSG,3364.9862385321103
HPLEGWLSG,3224.2477064220184
NASQANLRWND,3082.5045871559632
RPNKNWNDLEW,4842.307339449541
DRDWAWLSG,6310.876146788991
YFPKLLYSG,8755.334862385322
KDVHPAGHG,1421.8165137614678
YVYEHDFRWALS,13108.298165137614
HPYDPAFEYAS,5259.614678899083
QSWNSAGFRH,5213.853211009175
YFRVLDSVG,6927.298165137615
QLNDWLFYAG,14969.224770642202
PNRHVFHGPNL,5777.091743119266
AEFEYFVSG,13459.238532110092
PSQRKFYRKVA,2485.793577981651
QKYHKHSPYHS,2426.7752293577983
PDAQAPLWNG,2200.032110091743
LYDDQHAG,2161.105504587156
YGNEWRWHVALS,11459.169724770642
LLENLPVG,2288.2155963302753
FKYYHPKHVLG,4241.059633027523
LHWGALG,5303.059633027523
AWNKHEWNRKHL,3399.0045871559632
AYFSFSG,10346.45871559633
KEYRWGEPN,2115.738532110092
SEGKHYNHVA,1785.7660550458716
AKHVVSQFEWH,6016.275229357798
APKKVNVAL,1073.880733944954
HGRVDFYNLS,7611.688073394495
NHLWFRPFWHD,20513.325688073393
SLWKPASG,2031.1880733944954
RSNVFNQNVAL,3562.6100917431195
KYYEKLSG,1743.9724770642201
GQHWPYLG,8584.509174311926
PLFYVQVQFKS,37328.66513761468
KSAPPNSG,983.3302752293578
RWDEHNHDVNKH,2004.2477064220184
RGAQFHYVS,6904.729357798165
QAWRWNYKG,5451.40366972477
LRDADQPNG,1358.4587155963302
DRVSFNWKL,6453.4908256880735
YNLHKHLGLG,3781.6605504587155
DVDNSGRG,1140.9357798165138
YEPSGDGNHDA,1411.0045871559632
HVDNPWKHDLS,2737.5825688073396
QHYRLSFDS,8627.270642201835
FRYQSPYQPDA,4840.995412844037
EWFRASYLFNL,23518.316513761467
NDVWRGEPWNHL,9307.848623853211
EELWVFKVALG,30784.871559633026
EGQRHFVLRKG,4693.256880733945
APFFVSG,6452.243119266055
YQVHYNG,3681.123853211009
VSHNLENHLSG,1835.1100917431193
WYHPDQWNHDV,6301.577981651376
RSNNGWASG,2580.7201834862385
WGHVPKQNHS,1914.119266055046
AHDKKVALSG,929.5045871559633
PQQKLFVAL,12919.275229357798
EHHNYNKHDSG,1189.01376146789
WVSQYHEKHQYH,4432.454128440367
KAPHKVSEKSG,639.0504587155963
RFGLSRLG,6005.59633027523
WQRLKSREHV,2947.8073394495414
NWDSKYSG,2388.0412844036696
YGERRPYNH,4741.151376146789
KSGVGQRDLWKH,2161.8715596330276
SWDNYWHDVSG,6626.90366972477
QWNWAQRVQYKV,9445.330275229358
VLSLSQAFKHDA,3395.045871559633
QPWDWYLRWAL,24072.77981651376
DQDHKDLSG,945.9678899082569
WQDAWVWHDAG,9688.766055045871
HKYAYLSG,3482.912844036697
HWSYNQYWKDA,6304.839449541284
PYRHYFENKHVA,4495.353211009175
QDNKHRALDVS,1340.51376146789
KLNVASAFRWNS,6012.334862385321
PGVGKAYWHD,4569.977064220184
KVAPQPLGEHG,1091.7385321100917
LSSGEHDANK,743.9954128440367
NLVSVDAS,2316.7798165137615
QGVPASYWNVG,3654.321100917431
ALKELSYWKA,2939.2477064220184
WKWEHDNDA,2343.151376146789
GKKVFASG,1395.3577981651376
QRFQEPKAGRWV,4809.385321100917
WPRQNKVAG,2248.7844036697247
KKQGDAG,590.9862385321101
GNNKFLG,2350.9862385321103
VFEVKDYLSG,4483.591743119266
ANGRDWLG,3669.711009174312
ASAHFHLG,3538.5963302752293
YLWRNLFPYWK,9823.408256880733
PREKVPKAWLSG,2095.4449541284403
RWRGLFRYWK,7711.082568807339
NNAKDNHSG,869.9357798165138
ANHFSENDVALS,2265.862385321101
PPVKYHG,1350.834862385321
PWEHGYLYKVAG,12070.0
FVQGYLFVS,30923.128440366974
EDKFGEKG,842.7155963302753
SRKSLQRENK,758.8761467889908
VKGPQHG,1143.6009174311926
EKRAREVNKH,750.151376146789
PNPEKQPYN,1156.2201834862385
FPGKPWLSYAL,17817.995412844037
NPYSAYVLSG,8722.20642201835
VEKQKAPVLS,1153.4357798165138
NWVLLQDVASG,9812.178899082568
YRGNLFASG,5548.165137614679
GHDNWNDVA,2333.0733944954127
LESKNDL,1253.0504587155963
RYDQSGRGFASG,4013.169724770642
KKARWPVLSG,2147.651376146789
KKQWPDLG,1613.7477064220184
FAHQPHLGALSG,3796.229357798165
EYQQLSQEY,2315.8669724770643
HQNQRWQRVAS,3886.830275229358
WVYLAQRLS,14849.348623853211
EKWKWSYWD,7603.339449541284
PKNHWKVSWHA,4393.275229357798
SYRSFDVLS,7301.665137614679
WKVFNHAFVEHD,9045.371559633028
WSDQQVALS,3384.348623853211
YNLKFKQYWDL,8479.37614678899
WVLELRDFNKA,10427.385321100917
YYGPPYALSG,7016.4495412844035
KQEFEAQVS,966.697247706422
SFRQKREYNHSG,2354.0688073394494
FDYRPYSQASG,3283.298165137615
EQYSVLQFWVLS,44200.47247706422
WEYEHFNKHDA,4750.518348623853
WRPDEVSEVS,1568.5550458715597
GDAFNEPWNHLG,4953.018348623853
WFHLQSFPWKS,12547.30733944954
FNKFNDNDVGYN,3962.7477064220184
EEKDAFDGQRWN,2236.5045871559632
FNPWAEAPHG,3419.5137614678897
SNEWEHDVALG,2726.119266055046
WHGSYDQYKDLG,4966.981651376147
DDRVHSG,1154.8073394495414
RSRFVSENG,2473.169724770642
DVNHEGYNVG,1818.8853211009175
HWNWQRYLS,13107.577981651377
AARWDDVG,2685.793577981651
NKKQDSQWDS,1024.6467889908256
LKSVRWG,3930.1100917431195
SRVPFEKDS,1254.6926605504586
QDVFAGWEWDVA,8629.811926605504
YFLLFKDL,12689.51376146789
EHYNDYVFWVG,19026.98623853211
PPWQGWVG,6114.3899082568805
HFKYAWDVAG,4639.311926605505
YPNHVDFRPYLS,10708.073394495414
LEYKFPKQNHVA,2302.4816513761466
HSLNKDYG,1755.5825688073394
WKNEVLEPWAG,3992.2477064220184
ENSDENKWDV,1114.0091743119267
VQENLGRKDVLR,2481.4174311926604
GNFYEWKDALSG,4274.798165137615
KLSSVSFWH,7768.738532110092
LEPWYKDSNHV,4357.793577981652
HRDGGWDVA,3367.967889908257
EQWSFNDYVS,7863.518348623853
LVGKANG,1410.440366972477
RSVFSRELS,3430.8715596330276
PQYNRKWKHDG,2139.7752293577983
ANHGWGPHVS,4460.577981651376
KSQEDVPWSEDG,1605.5412844036698
KHWDVYAEHDS,3563.770642201835
NGFGGFRYVAL,24046.596330275228
YPVAKYKSG,1738.967889908257
FQHAQKQEHD,1011.545871559633
AHGPVPSG,1201.5091743119267
WFNWKEKVASG,2495.3669724770643
FRFPYHWGNHVA,9251.45871559633
KWQPKLFALG,7531.784403669725
NSGHASREKSFY,2677.880733944954
YGPPGFWHDA,8172.160550458716
WAQPHEGQEH,1526.7798165137615
PYWDEHKPWHVG,8444.545871559632
ASHFDPYNVL,6815.220183486239
SLGWFKHALS,6841.224770642202
KNLYHEYWH,6947.123853211009
KPKHQEDGELG,689.4724770642201
VVRNHQAG,1520.3119266055046
PQSAGEVG,747.5733944954128
DGGYRPHG,2668.940366972477
EYSDYHSFRHS,4561.252293577982
GKAKNASG,755.8532110091743
WQFVPWYNKS,12818.444954128441
WHPYSHDSQVG,3661.711009174312
HAWDVGENDVGH,2455.5825688073396
HAHYWKFAG,6424.674311926606
SYHLGSQRVLG,4539.09633027523
QFKEYHLRVASG,5361.151376146789
SNRRYASG,2616.298165137615
SGVKEYLSG,1305.2155963302753
WPGSWKDALG,3964.02752293578
FWNWLWNKYHVL,11243.678899082568
FRGYARKLWDA,6339.59633027523
PSNVGVQENKL,1078.9633027522937
YFLFKLRWH,12113.871559633028
HYPKGVSG,1797.2385321100917
YGKSDQWNKHS,1600.2844036697247
PYQGVFPYWAG,16969.050458715596
SLLFRSG,6567.90366972477
KENQDSEKHVLG,834.816513761468
ASQASQRKREY,1352.7752293577983
DSYAGAGEVS,1328.8073394495414
WSDEVKASG,1460.2431192660551
RYAPAGPGNKV,1531.8990825688074
HNKFLQNVLS,3318.1330275229357
EFNNVQWNSG,2865.8669724770643
RRESGKALRNSG,1100.5091743119267
YSNGNALYNHD,3588.3256880733943
KWNWEWVALG,11513.29357798165
YPRLWALS,10530.788990825688
LYFVARKG,6818.247706422018
GEANEWASG,1594.133027522936
VVENVRVG,2030.9816513761468
LGWGVYWHA,15654.587155963303
PSFHFHLSKHD,6507.284403669725
FFQDNDVLSG,3378.0045871559632
SVDVQFWKDA,3901.940366972477
NNVAGHYASG,2395.4449541284403
DSESGRLNDSG,1110.2614678899083
NEVKPWDVAG,2256.7522935779816
FADSGQRQPYND,3163.4633027522937
QSFNLKRYWNA,6683.756880733945
VAEPQYWFREHA,5991.766055045871
GRYDHGRKALS,2513.376146788991
EEFFKVG,3126.3119266055046
QHLLHLEPYKH,5666.311926605505
HYKSVKHALS,1946.2798165137615
SQHWPNDVLS,3542.3669724770643
WQHKNKDVALS,1781.3577981651376
FRVDDASKG,1470.8761467889908
KNSHQNSG,867.4862385321101
LNSAQKG,929.1146788990826
KALSSEPHAYN,1643.51376146789
RDDQFRFDVA,5503.045871559633
AYDFRQFRED,4073.4587155963304
FLYFRPGRVAL,11029.95871559633
NRLQVANS,1900.5275229357799
EYDAEVAEWQYK,3327.6926605504586
WVNWRDVASG,6178.660550458716
VNAQWYNLG,6522.0504587155965
QYKGYDLYKLQK,3784.793577981651
RQHPVPWNKHL,4309.4908256880735
QNSSDAEWNK,917.5688073394496
AKVVPVAL,1897.788990825688
LNDQGPWNDAL,3192.651376146789
KGEKFVLFYWKS,11682.944954128441
SAGLQEKHL,1315.5366972477063
VHEHDEG,1045.954128440367
SKHVEPHDAQYG,1746.151376146789
DRAKHQHDVAG,964.7293577981651
GHVAGHPWHAL,7359.077981651376
GSQHDYLSG,1999.7293577981652
VERPRKSG,1042.48623853211
FYKPDEDQWKV,1850.426605504587
DLGLFPYQWLG,17182.42660550459
NQLRKKHSG,1406.454128440367
WVLRHVFLYHVA,27855.30733944954
GVAWVVSG,13184.440366972478
AGQSVLFRPYA,9122.321100917432
HLQYKQEWHSHV,4206.637614678899
KFYHEGEKG,1022.256880733945
LKQNLDG,1267.866972477064
ELQEVNVGPWK,3488.5688073394494
EFWQVSGDVSG,3193.2155963302753
PRHPWGNKHS,2652.0366972477063
ANQNKQS,751.5963302752293
KLFPHQVGFG,4930.481651376147
QASRQFEALFL,24656.711009174312
QGHAVGQWDA,2741.4770642201834
DKFLKVAS,2074.178899082569
PQDLVGFYAS,10766.036697247706
KDWAALRPNKV,2529.8899082568805
GRFVYNLG,10989.119266055046
LYLPPNG,3479.3394495412845
DAVSYKYNDALS,2128.0688073394494
EDRDLFRWSRHA,5229.366972477064
VARQYQFPWG,10970.243119266055
QVWQEFVAG,5077.733944954129
VEQVPKDAS,864.3761467889908
DNLNWKSG,1709.467889908257
WQFRAFHREG,7508.064220183486
ARVPHQEKHAL,1367.8577981651376
YGSNRWG,5069.298165137615
NERDAWG,3322.2522935779816
DSQGFEVFEL,8704.857798165138
SFKLQYWDQYHA,10565.137614678899
DYYWDRSG,5268.839449541284
NESYFPHLG,5581.59633027523
PNFKKDYKDA,1331.7064220183486
ALQPALDSYHLG,2988.577981651376
KGPFSGPKDVL,1282.6559633027523
HASWNRLSFA,10319.59633027523
DSNVEKREHVG,806.3348623853211
NHEPLSNQEKHV,1071.7293577981652
PEQVWSG,2663.2798165137615
QHWRVRHDVAG,4360.798165137615
NFHQQFHDV,4896.954128440367
NWGYSRALS,7616.40366972477
QYKPLGRQRWS,4912.917431192661
GPAADSG,715.440366972477
PDKSNAKDSG,571.6788990825688
PPYFLNVAS,9553.967889908257
RSKLYKSGEDG,1074.5779816513761
EPRPEPYFVL,8253.151376146789
GYNFAFRKHVLS,8595.825688073395
LYLYDVHLG,11453.0
FFYRDSWVL,8509.490825688074
PNPRAFRPKHS,2006.6146788990825
QEVVGQENYWHV,3652.5045871559632
RRHSGNVKA,1009.243119266055
RLVWRKSG,3662.912844036697
FSDYPNSG,2278.798165137615
REWSFWGYLKL,19613.160550458717
EGLGWGEPYHVG,5205.706422018348
RGHLASKHALG,2350.330275229358
HAYAAPYVAL,10586.825688073395
GASGSFDSG,1507.8899082568807
DHQRHQESG,963.8348623853211
KAVDVGLSG,1012.1238532110092
YYDESHAS,2244.6422018348626
DLRYFRKGYND,4381.701834862385
KNPHLKG,1013.3073394495412
NRGDKALS,1204.8853211009175
PLFFWDRYDVS,21701.33486238532
FASHVFHQYHA,6579.674311926606
NVQLKASFR,5868.215596330275
FADKLGDAS,1036.119266055046
AAYSPSG,1496.5688073394494
YKLYHPHVPVS,4290.004587155963
YHHDSQFAENK,1457.7293577981652
AEKVQQFEKVLG,1232.9220183486239
DGNYDPNKHD,1316.0550458715597
HFFKAFKHVG,4489.431192660551
WEYVGNAWNKA,4425.316513761468
QEYDFKNVFPSG,2592.3394495412845
QRFSQHQYND,3369.380733944954
WLVAEHQYHA,6126.279816513761
VELQNPKG,1291.3715596330276
QWKLPSQQFWH,8157.229357798165
KFFLDSG,4000.9036697247707
KRLPVFLG,6443.417431192661
KAFEENVEPYL,3333.935779816514
RLQVSYARWKAS,6568.527522935779
VKDDEHAG,758.4678899082569
NYLVWNLS,10719.288990825688
DSSAWHDG,2089.651376146789
WWGDGNLSG,5020.931192660551
EYDYDGESWALS,4392.142201834862
HYAGDYAG,2886.5825688073396
FKAKYASQHG,1905.8211009174313
KNEDELSG,605.0229357798165
SNHEEDG,1020.1100917431193
AWFEWFASG,16826.344036697246
EFNLLREPWK,4930.935779816514
AYAPQPHLSG,2694.2477064220184
KDEELGREYWHS,2618.454128440367
EVSSQRESPWNG,1480.8990825688074
QQYGRGFRNDVA,3242.077981651376
FQRSHQNKDAS,1317.1743119266055
VENLNLRDALS,4015.059633027523
YYDRHRYA,4704.9495412844035
EKLQVLWDSNKS,2223.408256880734
HGYLDVSYHDL,12242.325688073395
EESNDNAG,949.0504587155963
PWVSDGQSQEKG,1291.4174311926606
HEPYFRVRNDS,4927.022935779816
GRGLEYVAG,2868.7844036697247
GKFHGKSG,1218.7293577981652
PKFAHSGRNL,2692.545871559633
FVVHASQKDS,1627.9495412844037
HAVPDLNHVS,1998.7522935779816
RKLASYSQVL,3397.5963302752293
YWRFSGFKHDAL,9071.064220183487
FYSNRYNHGPYN,6158.600917431193
RQLGDAPWNHD,3522.380733944954
FPFHQFVLWNS,29864.857798165136
FRNLFPDDSFDG,6989.729357798165
QYAWKHYKREHG,2526.1284403669724
RVNGVSQEKDVS,815.2844036697247
YEYENVQYN,4928.353211009175
DKFDYASG,1371.5275229357799
LDGWDHALSG,5118.729357798165
ADEKQSG,526.6238532110092
YFVKKAG,2225.5091743119265
FPWGVQRERYDS,7685.5
VLFFFEWNHAG,26571.922018348625
KNKPNHPG,1178.091743119266
VGNSHFEYWVG,9689.990825688074
VPAFVPKLS,2041.9449541284403
FQNGKSNHDVA,1273.408256880734
REVHNKFNVL,2745.788990825688
EQLVEHSG,1204.8577981651376
GNDWYDALSG,5128.114678899083
SWQAEDG,1885.1422018348624
RKRADEPYKVL,1270.1697247706422
SGGWREDVAS,2030.0045871559632
QSPNYAYHVS,3545.793577981651
YEEYNWVSG,5837.215596330275
AKVHFYSG,5095.857798165138
HRNRAFYG,6372.9495412844035
QNKSNDLVQNA,999.3807339449542
FYFDYDARNKD,1953.51376146789
RPGSKSFWA,4256.133027522936
HSVFNHAKHD,2173.816513761468
LESWEWSG,6723.233944954129
WNGKELGFYKA,4887.160550458716
QYWVLSHLRPGY,16782.60091743119
GDFVNALS,2823.8990825688074
WSVWSNHALG,8842.009174311926
VYHFAWHSG,8149.4908256880735
NWYDWDALG,11490.128440366972
KHWNLQASRHDA,2491.243119266055
YGWVVGFREKDG,7075.642201834862
SVGSKVALS,1735.2660550458716
PKERRPKHDVA,841.3853211009174
LWHPRHSG,4298.885321100917
HYPQVASG,2200.6559633027523
LPSWSFKHDVS,3886.330275229358
FFSNVSEHLS,3581.1743119266057
LDGYRPVAS,3232.0550458715597
VKSQLALG,1588.788990825688
NWHFAEKHAS,2907.678899082569
SKPEHDVALSG,949.4678899082569
QLDSFKDRYHD,2917.1146788990827
QPFPDGKDWD,3066.7477064220184
QRPKGRKWKALP,1360.908256880734
SVAHYLG,4196.252293577982
PGYWPVQYDLSG,11313.660550458715
SWVQFFHALSG,15658.766055045871
PALEDEWFPALG,6982.357798165138
REGREVPVEKHD,1162.4449541284403
WNPYLNVFWHS,26264.977064220184
NPYELPVG,2689.321100917431
NYRYWWSG,11575.43119266055
QQNAPWEYALG,6428.839449541284
KEWRYQYWNKVA,4400.733944954129
RLDKKDG,837.7798165137615
RFYSRVANHD,5010.233944954129
VANRREDSG,948.1651376146789
NFNYEYNKHDV,3602.9954128440368
WPRDRKG,1919.802752293578
LDELESG,1190.697247706422
KRNHKSPWVS,1791.2201834862385
KESEDAQFREG,857.1100917431193
VKVKHEDLG,814.5137614678899
FWYHDLVSYK,5744.137614678899
DLHDGRSYASG,2794.146788990826
DKVRPYYLSG,5833.247706422018
WDANKANHALA,2131.3577981651374
WKSHKHVADV,1501.348623853211
LSRKRFEPYKS,2344.1330275229357
FLQWAFHVSWK,12422.908256880733
WYQVWDG,12172.509174311926
LAEDSDG,1251.908256880734
VLEVFLQFWHG,35114.72935779816
DYDLAHDG,2410.761467889908
YEFLKVLG,7807.899082568807
RFVDNLG,4440.399082568807
EGPKLNAGQP,1015.2018348623853
DLKEFRLS,1967.6559633027523
NDAPFRKQNHVL,2429.3119266055046
KRNEFWAL,5224.422018348624
QDNPDLSELSG,1252.7844036697247
EWVVYNDLGHV,16855.75229357798
YPPLKHLS,2810.137614678899
VRWAQKAQHDLG,2444.412844036697
HGRPKLRPLKL,3247.0229357798166
VLFFEDQHLSG,9746.114678899083
YWYYYNHDALG,4670.720183486239
ENKYVAGLKDVS,1031.48623853211
LRPDRKEKS,680.9449541284404
QQWVRVANDL,6519.587155963302
SNRKWHVG,2719.8394495412845
WAGFYELSES,9596.816513761469
AKARDPYDV,1509.211009174312
QRVWQFPREYNH,9852.045871559632
DHRDRVASG,1315.8715596330276
SYYFNLS,6033.747706422018
VGLRLSQNASG,2626.302752293578
AESQWQPYDV,4988.183486238532
FYYVGQNEVG,2655.733944954128
FKVKFPLQWA,8868.114678899083
FGWYYVSG,9053.160550458715
NSWNYVGQRPG,4480.114678899083
WLFVKASYHDA,13750.380733944954
QHYDWHQEG,2896.6559633027523
YWPLLGFPKH,11104.80733944954
VPNWGDLS,3166.7844036697247
GFSGLDLG,3960.2155963302753
EYREPLKHFPL,4785.215596330275
AAFPHEDLSG,1770.133027522936
VKAEEKLSG,505.8073394495413
RLVKLQALSG,4761.940366972477
KESEGPLS,804.4266055045872
SHEHYKVLS,2199.0366972477063
QFYEVLESFNKH,13451.279816513761
YGGKYVLG,3957.7844036697247
PRPGRYLPVA,4418.646788990825
ALWKWRWNHALG,8649.990825688074
KWHHHVS,2832.9036697247707
SEPRQEWLS,2347.5733944954127
LPLPHGNKHSG,1505.5366972477063
ELWPHRYVL,16666.591743119265
QQHGVWDALG,3649.766055045872
VELLGWVG,10151.01376146789
KWDHPNDLSG,1979.3394495412845
FNVREGYLSRAL,9337.738532110092
NSFGRWSVLS,10744.977064220184
QNQWYWDFRYWG,21841.811926605504
KNNHWAG,2349.894495412844
RGQNVKDLYWKV,4097.674311926606
VLWVVFYKDLG,26781.45871559633
WAYNVKLSEAS,3704.97247706422
KDLVFNVFNK,6765.288990825688
HLAYEYDAS,5540.5091743119265
KALQVDVPYA,2866.3669724770643
LRQVEHVLG,2586.876146788991
YYAHDPDAG,2388.3853211009173
VEESVSG,781.3394495412844
QLLVRPVG,6125.678899082569
WWADKALSG,4538.454128440367
VNAKFKHALSG,1739.591743119266
FNGPPNKDGQNA,983.6146788990826
QPKYQYGEYAL,6201.614678899083
KFWNWPWNVA,11758.009174311926
GLPYQFYNKL,9697.62385321101
DRFLYWLSG,13308.912844036697
DFVHQVLG,3686.0045871559632
KDYNNHSPLS,1646.3715596330276
EWEQPDVNHG,2400.637614678899
NWRNLYSG,7908.408256880734
WKGNAGKLNVS,1967.8256880733945
PQRLAGPYVL,10676.339449541285
WHEWPYSKHDVG,6725.678899082569
FFWHRKSESG,2001.3302752293578
YVRASKLSGDVL,3368.229357798165
ELFSVLQHA,5991.1697247706425
DPKEWLWKLG,2523.52752293578
QVHAYDQEK,1009.8899082568807
GWKGHRVAL,4802.90366972477
QFNFYAPNSEN,2887.5688073394494
NPVNVQWHDV,3174.9587155963304
AWVDQDSG,2017.4128440366972
LSPLDEYWHA,4323.665137614679
NYPHWNHD,4915.073394495413
NWQHSWSG,6182.027522935779
ASAAGYLSG,2170.7477064220184
EKERNAYWALS,3496.1009174311926
QRQQFVPHAL,4329.293577981652
RDLPPDGPWKLS,4113.394495412844
NEVRRVASG,2197.623853211009
GEVPANASG,995.6559633027523
YEQEWWSG,8121.394495412844
QPSDRYRWNHL,6938.619266055046
KFGHRYDL,5088.44495412844
KLRWPWLPDAG,7940.059633027523
VDVGSDVG,1083.2477064220184
WRFERWKVG,7606.894495412844
SKGQEQSG,601.2110091743119
KHLHHDYNHSG,2082.0825688073396
HHEYAASG,1529.1146788990825
EEDFDQPNKA,1066.059633027523
NNHLGALWG,7365.0
AYSYKFAG,4907.59633027523
VYEYLAS,7034.977064220184
DRDVLGSFDA,2961.123853211009
QQEVWVNVAS,4367.027522935779
KNQVVLS,1547.7568807339449
EEAKEHVSG,593.2660550458716
QYRYWQDQENAL,4735.380733944954
NNHQNGHG,1619.3440366972477
YASWSGQLNHD,4722.348623853211
KWEDHLG,1906.4770642201836
PGSQPRYWKHDL,4667.926605504587
HDNFVAYKDV,4535.532110091744
WLGVAQNAEPNA,2044.9128440366972
YHKVRQKVL,2071.4036697247707
WSWKHDYRWNHD,8398.559633027522
AWRYYASG,8147.995412844037
VSSEEWSG,1449.3899082568807
YDHGPVENVL,2912.5137614678897
WQAAALSG,2862.238532110092
HVHRKVYNDV,2563.1009174311926
WPKARELFYWHV,16297.440366972478
AVPWPLG,6706.784403669725
DVYDDGFRWL,15960.591743119267
KDSKFYDFYNKA,2269.7752293577983
GEWVSRHSKA,2779.3256880733943
RHKWYNAG,2959.0091743119265
NHSEVLQWPYK,6566.857798165138
FQPSHSQFRYSG,5985.587155963302
NPGLEWS,2816.0504587155965
YHSDLEWQKL,3877.880733944954
FNQKWKEYAL,3894.302752293578
WVFGVQFEWS,35146.03211009174
PYWQSFEYRAL,31186.688073394496
ALFQVQYHDVL,19630.403669724772
LNPKVREAG,1281.2064220183486
AKLWDQFWNHG,5976.3899082568805
VNESPKS,604.3119266055046
QEPFKGQVLQFA,5162.9908256880735
EYWSNQRPDNV,3664.6100917431195
VFYRELFRPHLG,9281.220183486239
AGWAAKDL,2432.316513761468
QLDQQWSG,2689.559633027523
PSGRVRFEVG,5010.94495412844
EYRLWLSKHDV,7610.073394495413
SFLVQDLS,7893.022935779816
NSQVGWVENHA,2637.5137614678897
WGKHGDNLSG,1986.4311926605506
FFNYAFPKHAG,3127.5733944954127
DANQYWKED,1675.1788990825687
NFPALKGWKSG,2744.3899082568805
GLFYFKG,12393.302752293577
PFFWRELSG,12343.839449541285
GNHGFPVPLS,4394.100917431193
KVKQNLPNKDA,840.3853211009174
PRWWPNLS,9947.201834862386
NWSWPHDS,6796.701834862385
YHPALQNQFPKS,2176.146788990826
DFWGNDWNAG,5138.018348623853
SFVEDGPYKLG,4012.756880733945
RDWYKLQPWD,10404.463302752294
HHLHGVSG,2096.5366972477063
WKNELSFRPALS,4959.8302752293575
PYFLVSGWNK,15684.58256880734
QYVHDSHDSRE,1728.3577981651376
WWRFKLSG,9478.0
DRKLSNPAG,1119.8302752293578
PDFHRPNHPHL,4086.091743119266
LFEYPWVGAG,6089.371559633028
REDQYDNGEWDG,2491.6559633027523
LRSQARALG,2891.97247706422
PDLQNAEKAHV,945.7064220183486
VNVQRHYVG,4402.844036697248
VQVNLYVLG,30075.105504587154
DFAGQNDPNLSG,1564.3853211009175
RYSNGPGPYH,6116.825688073394
GDLAGYKG,1409.9449541284403
VPKEHEYKHVL,1102.1880733944954
NAKNKQENVAL,736.0091743119266
KWDHHDLSG,2005.2935779816514
VWEKGSG,1086.3256880733945
FDGPQREHKHVG,1400.5550458715597
EPQKSRENAYAG,1262.7247706422017
FAAHDHVS,2266.4587155963304
DWHGVWHG,6257.100917431193
HWELHVSG,5048.701834862385
RFKPPDVAS,1437.6467889908256
EVKARNSREKHD,786.4128440366973
LSWQVGRPKAG,2821.8577981651374
LVPDAWNKS,1933.334862385321
QFHDLHFGYWN,13738.357798165138
KKDHKHVALSG,1002.7752293577981
VEHNLQFDLS,5613.798165137615
HVGNAFWFPKG,8287.532110091743
EHDPLLFYALSG,16027.660550458715
PPKGLQWNKDV,1299.4816513761468
GYAWVPLSG,7650.440366972477
VGGEWDLWAS,6584.344036697248
HQSLSYSG,2489.183486238532
PFRSQQRKVS,1895.2155963302753
DWHVWQRPWND,11006.573394495414
ADSLYDSG,1968.532110091743
GNWDSNSG,2010.4036697247707
LSDKWAG,1597.6284403669724
FSGEEHASYWH,7171.481651376147
VWKREFPHG,3043.2477064220184
APLLQVSG,1509.711009174312
YPSKYHALG,2667.256880733945
LFELARPWVAG,13047.073394495414
PVFKLQVQPY,24734.477064220184
ESNVEDQWVLS,2670.394495412844
HQRGPSQPWKDA,2042.0550458715597
WQKQWLGKHVG,4273.4495412844035
FNEDQFNQFYKD,7158.256880733945
PLNPLRPYG,7904.380733944954
FPNNVRYLNDVA,7285.738532110092
DQHGKDFENKVG,936.2798165137615
VFSDAEDVLG,2211.651376146789
RYSAVFNHV,6401.073394495413
GWRVSPALS,6514.45871559633
NEFHNKLS,2242.6009174311926
ARFSKAL,2336.229357798165
RFDKRPAG,1891.6880733944954
RYPSDVQEYND,2610.9954128440368
PGSKYVLG,2541.2522935779816
WAAVNVG,4374.8899082568805
NVARPGQKSRKG,975.7889908256881
KASHVSQHFPKH,2087.233944954128
ELNVESYKDA,1455.0825688073394
WHDHPYHYWKH,9053.834862385322
PNLGDQYAWNA,4376.40366972477
YRQNDHALS,2293.577981651376
EDAGVENSEWKS,1261.8256880733945
YLRFVGKDVAG,4402.224770642202
QPKFHLRDFKVG,4108.655963302752
PYDWQFYAVLG,35934.02752293578
WVKELHVLG,5893.3302752293575
RRFWFWDAG,12423.97247706422
FKEQKHSRWVA,3038.0550458715597
NSASWHDPAL,3304.52752293578
PSWDREGQPAS,1806.4128440366972
VAEDYWQFYKA,7653.977064220184
KYHSPGFWDL,9409.311926605504
NGAWARVLS,7174.811926605505
FNFQYKAPNVAL,5503.357798165138
EWVFWGFGQWDA,26798.490825688074
DADRQFHDSG,1793.3256880733945
DSWESKLSG,1687.7339449541284
EWYRASEYVL,15915.036697247706
QHDQLVLQNHAS,2112.830275229358
EKRPLRLGKVSG,1294.4311926605506
SDFEYAVL,8163.224770642202
NPDPYAELS,2044.8990825688074
YQPVPLNDLG,2614.0229357798166
SGNDNFPYDS,3307.3440366972477
GHGDDASG,1056.9724770642201
WNAFEREVSYN,12084.711009174312
GQQRKYKASG,1161.1605504587155
LKWKWKHLG,3011.4633027522937
HQNVFWQYWVA,20720.0
VNGPFNVLS,4941.146788990825
ALHVFRHRWLG,11873.495412844037
PGFWAQVLVLS,50961.75688073395
SHHRDALG,1996.545871559633
HFQSDSG,1728.3073394495414
PPKWSKSG,1176.7201834862385
GNLPDWSG,3094.9311926605506
RLYSQAGPNHD,3169.6651376146788
HVQREGHKDASG,1127.2844036697247
QLYRYGKDG,3391.4174311926604
EFDKSPVG,1034.2798165137615
PSKNFWNSG,2315.353211009174
FEFQYNKPHDA,3044.0963302752293
ELDDREAG,1098.0642201834862
RHALWKLWNKPY,7686.01376146789
HHAWFKLG,6979.09633027523
QDPESFNHDVA,1303.1697247706422
RWSYHGKFPAL,8349.816513761469
KLEFDLFPHDV,4883.912844036698
EDWKAQQFWNH,3956.0229357798166
HDGFARSFRVA,9127.477064220184
HWFKGQSG,2561.605504587156
EFLRGASG,2426.738532110092
FKEWYNFEPW,16611.55504587156
YADSQHAPKVA,1469.3302752293578
NQDSYKEHSG,986.1100917431193
YAPEREKHDV,1135.7247706422017
LGDHAQLS,1753.0183486238532
GSGFGWSG,5491.90366972477
VWEYSWG,13003.743119266055
LPPYQNDV,2397.238532110092
EFHLQFWVREPH,17344.536697247706
VRDRRDVLG,2311.2752293577983
RYPPPNDVLG,2261.3119266055046
EAEGSQRPNKS,761.1605504587156
YHNKEDEPYHDA,1580.4357798165138
KWLNYWSG,8441.724770642202
PEPHAHQYWKDA,2418.6284403669724
LWHQFGYNL,12464.665137614678
VPRAHDG,1368.7752293577983
RQYNPAGYG,4456.95871559633
FVGNEPHNKSG,1429.0963302752293
YYGAEYNS,3054.0733944954127
FKAFKFNLKHVA,5556.3899082568805
WNLWLWKDQEWH,14334.449541284404
YGVWSELG,6381.495412844037
LFELGAGDASG,2562.651376146789
EALQPLNLQRD,1810.3119266055046
WEQAQKALSG,2327.2752293577983
QGNVLPVAFH,8055.376146788991
LGYYARYNAL,9045.243119266055
AQRWALVRENSG,4211.871559633028
WVWLQPVYHVAG,19778.94495412844
NQPGKRKDVA,981.2293577981651
YEWPHRNAG,4198.940366972477
YQAEDEKHSG,874.7935779816514
VASVNVAQNKA,1001.7889908256881
ESYLSNEWVS,4011.637614678899
NQAWKGWAS,3708.908256880734
HWDWKHAVG,3776.8899082568805
SYQKHHVAG,1701.802752293578
EKKFGQWHDVS,1507.7660550458716
HRYWFKASPNAS,4863.0091743119265
HELSVFDLG,9309.605504587156
LQWVHVQFRYKH,16329.669724770642
AYPNRPS,2134.0963302752293
DKFNGKS,912.9311926605504
ERHYYVG,5099.252293577982
YNFKEDGFHAL,5526.954128440367
NVPFHDYNHVL,7506.995412844037
EYEFKRPHVLSG,3808.8348623853212
WAWHAWDSQRD,8936.422018348623
WVNRNVEPWH,10431.633027522936
HKNQASG,863.0825688073395
YSEVLEDPWS,6575.908256880734
WSFDHSEAL,5826.880733944954
EPGLDVGPYD,3130.9174311926604
PGVRSGVA,1739.0091743119267
DRHDGWFPYDG,12358.380733944954
DLPWRKLRNLG,4763.54128440367
PQQLYWKDS,2835.6100917431195
KESGRAKLSG,836.2889908256881
RKWSWAFKDS,4097.321100917431
ASAEPSQRWKHS,1505.4495412844037
LSSVWVSG,5273.467889908256
WDHHWNVA,5690.211009174312
FHLWPYGRPYDV,15038.587155963303
RKAHQPKHPNDV,1205.105504587156
WPKRHREHDV,2085.766055045872
WVFAPYKLYKH,10459.220183486239
QREVHVSGDLYH,4122.715596330275
PYRAALYWNL,18319.20642201835
RRSFEALNKHDS,1847.8211009174313
KDWEEDVSG,1355.1238532110092
EASAGFKQNKL,1138.7935779816514
PGYYAFRWNDV,14909.821100917432
DYGLFPSG,4075.261467889908
KGDHLEHG,1039.4954128440368
QWVQDLFHSQHL,9198.321100917432
EAWALYNPYWKH,13058.52752293578
DELRLWHV,9394.004587155963
HSASVNHLG,1914.6605504587155
KFDWGKLG,2815.564220183486
HSARQEHSG,1157.665137614679
RLVDANSG,1499.5642201834862
LRYWSFVAQKAG,7756.334862385321
YLLAENG,3142.8990825688074
PYSLDVAYNHDG,6163.894495412844
GQPAVLYWNVAS,6722.6100917431195
HQPGNLYNV,2749.8853211009173
FPQNRNARYNL,6706.064220183486
WKVRDQNDKHAS,1446.2660550458716
HWKFKFYG,8405.08256880734
LAVSDAS,1220.5091743119267
PKFQNKLRLS,2240.0412844036696
GRKLALHDVLS,3382.3440366972477
NAWHGNEYWKV,6690.256880733945
GERFYVSG,8166.339449541284
GEHSPGPYNAS,2151.756880733945
AEHWSFWKDVG,5431.637614678899
RGWAHDREHDSG,2229.651376146789
DAWKYWKSGQN,2187.2477064220184
HLEHKFPDSG,2107.788990825688
VFAWYWVALG,20089.95871559633
SRKSPAGPLG,1755.5871559633028
PKSAVSGRENK,691.3256880733945
EKVAKDVSEKQW,770.7660550458716
GDEPDHG,962.197247706422
ALLRHPDAS,2400.8440366972477
SANKHHG,1214.7981651376147
KYLHFLG,5997.940366972477
KLRPDQDRYWS,3698.8899082568805
VDDSELS,1229.0412844036698
ENFSFEYNLFHV,31416.34862385321
VYQNPASG,1843.4449541284403
DSPRLQWNKVS,1561.7293577981652
EHPPEPHDVAS,937.4908256880734
YRRLPDALG,4112.339449541284
WSGDREWLEW,11225.825688073395
DPLWVDVAG,4018.169724770642
LEQEAYAG,1808.6100917431193
EFLSHVKG,1925.1559633027523
WYSSDAG,3654.243119266055
PADWGHDAL,3940.651376146789
LSSGPPKHG,1436.8761467889908
PQRASVEWVL,6472.288990825688
KLGQKVNGYWG,4353.206422018348
LDVAGGFRV,6815.536697247707
YPNVYLSPWDVL,21727.697247706423
QAFFSGREPWN,8596.54128440367
GVQGDSG,915.5091743119266
ASRPYAPSQEWN,2615.362385321101
WSGPASLGQW,6524.284403669725
GYEHPASG,1621.366972477064
QEDAKHVSDQYD,1312.711009174312
SYHVHQHVAL,4909.183486238532
GPVRSQPYHVS,2969.4633027522937
WLNLDRWHVLS,16750.19266055046
NGGFWGPYDALG,10983.688073394496
PLSPGFYKWKA,5285.628440366972
EHLWPWANVG,8611.477064220184
WEALRPHPD,5389.981651376147
FLPNYNASPYNH,6125.665137614679
VLGNLNHEKHS,1350.573394495413
WKQPVQKQYHVS,2091.646788990826
WLVHARNHSG,4509.064220183486
RYFHNVKVG,4627.160550458716
GVSPQNAG,1088.2247706422017
KPRWQWG,4591.926605504587
WPSPEHLSG,2972.261467889908
YRYQYVARWNAS,9214.724770642202
RLPEWNFPDA,4153.642201834862
RYEAHEYDV,4622.426605504587
SDADVFSG,2137.0137614678897
LRKGHEWNHVAL,4119.142201834862
WKAGQLRPWAWD,17514.70642201835
PFLKAFALG,13459.756880733945
WYQPAPG,3887.7752293577983
EAFPFRGEHDVA,2162.4633027522937
RPWFQYVDVLG,27265.26605504587
KGRSKSQPNVLS,1180.0045871559632
WKNWEYLSG,6899.674311926606
VYGRGDSG,1720.7752293577983
AEAVDSG,894.9495412844037
PQNRPAQYWAG,5270.298165137615
YPDVPHQWHL,7059.348623853211
WLFHNKDVNDVA,2977.8348623853212
HYDRFNLG,5319.472477064221
FVHVSNQFPYHL,15626.412844036697
EFEKSKGNDG,910.2385321100918
LHHSWNHAS,2957.545871559633
KVPEPGKDLG,618.0550458715596
SHKGFDSG,1252.1100917431193
GYAHFDSG,4065.8119266055046
NESHNHVAS,1590.7155963302753
HLEFPARPWKAL,8865.747706422018
PGYYHPYKDVG,5017.619266055046
PVAAQEVPWNDV,2052.7247706422017
DGRYFDSEWKLS,6542.532110091744
RPNEKGNLHAS,1469.01376146789
NHQFQWHVALGW,19375.605504587154
AVWKNALSG,2573.3577981651374
PYSGLGFRGYNL,12022.435779816513
RARRNVFHG,3815.2752293577983
GYGFEKHHSG,2083.5825688073396
KVVEDVPNAL,1016.3440366972477
HLVPLPNKG,1939.8256880733945
NRADHASG,1241.5045871559632
SQVVAFLG,19951.22018348624
YHGYGRPNGFR,8000.8899082568805
EVEQHAQWNVG,1971.9724770642201
GFHAPNQYNASG,2834.532110091743
EAHNEWHG,2184.9266055045873
KVGPVSEDHVAG,827.9266055045872
HSAHRDSG,1328.8715596330276
ESWSYAWAS,7867.5
QREHGDFGFVL,10425.334862385322
AYVWRHVG,7456.614678899083
GSQFDNL,3323.435779816514
GQFHWHDVGEKD,2031.9770642201836
DENSFKQDS,822.2477064220184
DSQRLAFRVLS,11641.325688073395
APWPAFPKHVS,3520.169724770642
QQGPSKSG,890.5275229357799
GEAQDFDSG,1271.3073394495414
HVNNEHSG,1142.4908256880733
YKEPWGEPQFDS,3757.5183486238534
EFVWLREG,8448.646788990825
QPLVQFWSFY,31411.288990825688
SKHDNHEHDV,1473.697247706422
NPRAPYLSG,2913.0045871559632
YGNAGYFPYWV,15353.605504587156
VYSRNRDVSG,2214.6100917431195
LGNRKVFKDLG,2420.532110091743
FQGWYNSG,6124.59633027523
KSALRHRYKVAG,1676.788990825688
ASLLPYNG,2974.1009174311926
HWYLVAG,11649.660550458715
AYGSPHDAL,2736.564220183486
QKAYDVANGHG,1438.6559633027523
KDKKWHAS,906.0045871559633
FKVPPNHVFRPN,3439.7522935779816
VDEPPVLSG,1304.9449541284403
GWLNHDEALS,3229.233944954128
WGVQGPHDS,3089.045871559633
LDANYLSG,2568.0688073394494
LWVLEPQENKDL,3164.3669724770643
DLHRVFEPHLS,5191.738532110092
LWGFGKSG,3654.3577981651374
YGDQRHEWDV,4071.862385321101
SWASEFVAS,4853.811926605505
PWLLPWLSRHS,16973.110091743118
SPSPVEASG,861.0045871559633
EFYRNDGFKDV,4054.4036697247707
NVNNGVLG,1953.5275229357799
WEDVWVGFYW,30464.798165137614
DGQWDFLNHVAG,6500.600917431193
EDHHEPHVASG,1401.3899082568807
HQRRKRWKHDV,1438.3853211009175
KQYHLPSRDAL,2989.0183486238534
YPHPYGHVAS,4234.5504587155965
NDHQNDREKVG,908.8394495412844
KFWSYQYVSG,8547.12385321101
PKQVNLQPKA,1071.9587155963302
DRRFRHASG,2573.6284403669724
ELVHLQSG,2153.880733944954
RWDSYVRGEYKS,4840.6100917431195
SHDFYRNDLS,4604.105504587156
KAWLLSQRYWN,11195.944954128441
KPVSRFEWV,3865.422018348624
SQHRSVALG,2368.5504587155965
LEGVAHLG,3246.408256880734
GRLWWLSG,13575.509174311926
RGQGVAQPKVL,1770.2293577981652
NFQWEHSG,4775.655963302752
KVYAYGPKVAS,3222.394495412844
GQLNFRSG,4160.697247706422
LNSKQEAG,780.6788990825688
GPWYVRYNHVLG,15941.798165137614
NGWHHRPYWNA,11387.091743119267
DKEPWESG,1201.4816513761468
ASLARAG,1777.2798165137615
YGPQFYGQRKS,4157.247706422018
LRPSYARPDG,2607.894495412844
QKPRQPDALSG,940.2706422018349
YQYGGPHALG,5349.98623853211
HPVLKYWKVG,4134.95871559633
YWDDSRHRYHDV,7228.619266055046
HSNYQEWNKS,1831.7477064220184
ESSRDLRYWKL,4191.178899082569
AYNWPHDLG,6286.3899082568805
VPHRPEYKHVL,3045.4954128440368
PHPARVQYHSG,2742.8669724770643
ENWYNYNVAL,11629.247706422018
WYNWAHSG,7283.321100917431
SKGQAPASG,736.0
NQARYQNHDAG,1984.1467889908256
HEPVDVFREG,2143.880733944954
FDRFRAFYVS,19767.339449541283
WPLHFYAS,19629.58256880734
ERRNKWLG,2452.9266055045873
QKEAEPDGYHV,1296.091743119266
NEVKDNDVL,1200.3577981651376
YYKDLLNVLSG,3698.233944954128
RVHYEDLG,3190.6330275229357
YAGDFPKENHD,1765.7522935779816
GRQSRYSG,2906.816513761468
FAHAWQHVAS,4750.467889908256
HQEFFEPYHVA,8774.990825688074
KHNHNHSPDS,1079.894495412844
EDEKSPWGLG,1745.6697247706422
KQFEQPLDLS,2400.9587155963304
NYVLQEKPNG,1550.440366972477
NWSSFWG,13275.38990825688
EVQFPELGQNAG,1605.0045871559632
EAHHGRHSG,1458.0504587155963
YFQDWKG,3359.412844036697
GRKKYHSG,1090.01376146789
RGLHLQVLG,7112.504587155963
NGYRFPWSG,10695.605504587156
HKGDFNAG,1229.151376146789
VPYFLFPKHDVA,10053.600917431193
ESLVHSG,1271.151376146789
VGNGHGVAG,1432.8577981651376
SHVSNVYNAS,2337.761467889908
AYRHDHVSG,2405.6330275229357
FQNHAWAENV,3688.376146788991
YYKKEPNAS,1288.9816513761468
VQFGGPYNHDVL,7182.09633027523
FERHAQGKVS,1469.3899082568807
LYSQFDLNL,12012.353211009175
PFLRWGDG,10158.41743119266
PDGEWDPRYWV,21216.889908256882
PPNLDFRNHVL,4566.0504587155965
QSNVKAQFEH,1580.2431192660551
PFKFFYHVLG,15463.133027522936
NRGHSFVLSG,6972.853211009175
WHWKWDLHLS,11563.811926605504
NKWGKAEPWNVG,2769.0550458715597
KSGGEYNYHVA,2105.0825688073396
WGLAKVG,4232.197247706422
EDNGRKFLG,2103.5091743119265
KLLSPGYVLG,6322.417431192661
GWGPGWVAL,17013.889908256882
PWLRYVSHNKV,8888.174311926605
QGAGDFYWNHD,5331.811926605505
FSSFSELSG,4134.866972477064
DWPVFVLSG,36106.706422018346
QPWWQHSGQHAG,4851.394495412844
NLSKSPWFRKL,6204.073394495413
DSKPPYDVAL,1716.926605504587
FNYWDGGFHDA,10709.963302752294
KRSRAGASG,952.5642201834862
GYWSNDVFASG,9879.032110091743
APHVPHFKS,1923.4495412844037
NWFNSHALG,7611.45871559633
YLHRKVSFYW,15264.29357798165
RWAANDPWAG,6123.334862385321
LGKPKHFRKG,1365.0825688073394
YVWPALFEPYK,12262.532110091743
DPWKAVLEKHL,2226.9770642201834
AAGKQKDVS,652.9816513761468
ESLLGQAG,1073.8715596330276
LESQAHVSG,1450.4633027522937
FFAYAFHA,6284.651376146789
GQEPVFWSNHS,6047.105504587156
ASWHEWVQWAS,10565.899082568807
ALNYQRYNKHLS,4935.711009174312
KQFDHARPYNV,4096.192660550459
RPNDDVGYVSFH,10858.220183486239
AWKGRQPYKVLG,3982.0045871559632
DRREVRNKSG,923.802752293578
YNNDEYEVLG,3371.229357798165
QGGWGFSG,5797.908256880734
GPLGRLREKHS,1547.2247706422017
YQWYQFYWKHVG,12122.655963302752
NKVNYKHVNHV,2407.587155963303
KFPRPQFPWL,14401.711009174312
FQLVGWVSG,13642.201834862386
KAWFGQALSG,4384.376146788991
PNRAEKPKHDS,778.7522935779816
LFQKLEWNKVS,3108.3990825688074
EDSRRWLSPWA,9091.188073394496
GYRHLFDLSG,6833.279816513761
WYLFENNDVG,8283.995412844037
FPNFSYFKDG,9507.912844036697
KDVWHRHGNKHS,2009.6880733944954
WHEKGASFKD,2492.3073394495414
FADEGFLG,4343.807339449541
KYRQHVLG,2671.238532110092
LGYKPGFNA,4259.224770642202
SWGEKVSFPVL,7282.325688073394
KDKYALNHG,1296.3761467889908
QKHPNAYRKAG,1184.4770642201836
VVGNNLSG,1490.894495412844
KGYSAEPHAS,1085.3211009174313
NHDAPSRRYNHV,2779.3394495412845
PWYSVLRPWD,26671.903669724772
QHGFGQFLWNV,17741.243119266055
KDQGNKGYDA,1167.133027522936
DNEKFWHVL,4127.155963302752
PYADHAFWKD,6386.688073394495
ENHKGQFDWNHL,3443.4633027522937
ESVSQFHRDLS,2174.064220183486
LGQHKAFRHV,3349.7477064220184
PPDFQESG,1225.6834862385322
QLGDQWVSDLS,3940.7522935779816
KRYVVLQWKSG,6667.091743119266
EPAHREYLYNDS,3412.137614678899
NHSHQPYQPWKH,4878.165137614679
SVFYLWG,20649.830275229357
EWKHGGQDSQS,1327.4495412844037
YQYAYVSFAG,23650.146788990827
LYPRASG,3275.5963302752293
FQKPHYWNHVA,5093.655963302752
GRYQAGWNHAS,4072.8853211009173
RVVDQNVAL,2130.564220183486
GKVYDPAL,1705.880733944954
WFSSREAG,3815.0366972477063
YVSFGPLQKLS,7347.348623853211
HRPQEQYWND,2933.52752293578
DKPYVELG,1956.6376146788991
AHVYRWDSG,6560.128440366972
WVGLNDAEYWAG,9908.252293577982
LRNEGQHSG,1315.908256880734
PGGRDDVLG,1754.3899082568807
EFHAPWDWNKD,4651.362385321101
QHFSEVGHG,2626.9174311926604
QHQRRYKPNLG,2299.045871559633
PRDAYFNKHDS,2489.4633027522937
GHYWHDHG,4626.614678899083
DHLWRHG,5189.059633027523
YWLSFLEPWVDV,23454.67889908257
EFVEEYHDVS,2623.077981651376
PWVRAGKDEPAG,1393.0871559633028
SAKHGLG,1233.1788990825687
EEPAEEPWVLG,1621.866972477064
KPLFVFDAG,12400.087155963303
FHYLPNRVAL,9485.967889908257
SEENFKG,1019.5733944954128
AYQNQKSG,1315.8715596330276
LYSDVPAL,3587.605504587156
QPYKWDQHLPK,3520.9954128440368
NAHPFEVAS,2572.4449541284403
KHHLLGPHDS,1859.4495412844037
QEDEENAGVG,853.8348623853211
RQDKYKDLS,1174.3990825688074
WWSFPLDVG,19097.88532110092
YGEHSRYFPKV,5740.0
RDFAPHLQHAS,3190.4816513761466
DRRASHG,1568.2064220183486
QEEDHRYNHLS,2010.940366972477
WRVAVLWNDVS,22187.20642201835
WAAFQHAS,6342.004587155963
PVFELNLSQKA,8384.770642201835
NVWWKLEPYWV,25695.440366972478
FKKAVGPYKH,2189.4908256880735
FAKLEVAFYKG,17837.454128440368
NNRSVALSG,2318.8394495412845
EEDNSVAL,1481.8394495412845
DLGEPLHDFWK,4607.894495412844
NRQEVRDALG,1508.2568807339449
SQRFSPYWNVL,15651.29357798165
LGKVHGRKHV,1965.8577981651376
RQEAQHSSG,1257.2660550458716
QDSNLRKDYDVA,1269.7981651376147
YRSPDRKDALS,1805.9954128440368
AGLLNHVASG,2451.5
VELYYWHDALS,11321.79357798165
YPPYEKG,1912.2201834862385
FKDPLRPKRYN,2765.137614678899
RLGVEQNDSG,1123.0229357798164
AWPGVSG,2782.766055045872
DALVDVSGKHA,1420.5504587155963
LEVWDQYWHLG,15136.885321100917
GYLWKQKDVG,2285.743119266055
GPGKDWLSG,1694.908256880734
PVPEWDGFWLS,13932.02752293578
QAWHHAWNKAS,3081.2155963302753
FHKLSRPQFKD,3224.380733944954
SRSWLWDALG,10216.41743119266
AELWHFLG,12158.119266055046
KHFPRWVEWKVL,10223.20642201835
SFYAAFYDLS,15130.174311926605
RWPEYKLSFL,20617.133027522937
QPKYHDVQGRYN,3340.4495412844035
QDGEQEGRDSG,941.0917431192661
QALWRPYKFNVG,8901.5
QFFKEASQPKD,1279.2614678899083
LQKFHLPWD,10196.215596330276
FSHHSPLSG,3058.1100917431195
FAHWDLQPWA,14776.353211009175
RNVKVNAYWL,10989.756880733945
DQWDLPFVSG,8103.747706422018
PPREYYHG,3459.302752293578
HLPAWVLRALSG,12788.087155963303
HFYGLGRWDS,8489.977064220184
SVEHAYLSG,2656.0366972477063
LEFEGRSG,1930.4724770642201
DVYHSSRKVG,1979.467889908257
RDLVGQFFPNDA,6000.068807339449
ASFHQPVGQV,2209.321100917431
FHEFNKALVLS,9145.022935779816
LKASLNKHDL,1824.4128440366972
RSLGDSWALSG,3801.5183486238534
KVDADAQFEPWL,4238.05504587156
WHWFASQFWD,24329.169724770643
YNPGEGFSG,2055.3577981651374
QYDPPLPYDLSG,4238.775229357798
YHARRYWSWVL,15087.977064220184
ASLHNHAL,2468.380733944954
EDYVYDQHVG,2948.6100917431195
SPAAFWASG,3487.3073394495414
FWSNYWHHDA,8229.04128440367
RNNVRPRWKHD,3368.3990825688074
FNFANVWDVAS,7326.321100917431
RWVRNQHAENHD,2399.6100917431195
RRPYLDARYS,6506.09633027523
RPNGEDSPDSHG,1253.8990825688074
SLPWYHLSG,9485.059633027522
EDGDPYQFYVLS,25882.0871559633
VRGGKLSG,1613.605504587156
ERYKFWYAL,12618.045871559632
PGKNFPKLS,1444.2155963302753
VPRVNVAS,1346.0229357798164
SQQWSQG,1919.151376146789
FYYHAWALQWS,10827.825688073395
NEYDYKQELS,1473.9633027522937
EPALGAEYHRKH,1647.788990825688
AKADWKG,932.183486238532
GPDWGVSG,2218.293577981651
NSFEADLFYHL,11588.06880733945
NEPRGEWA,2016.2155963302753
EFDHHDSG,1582.4449541284403
SNFREDYDVLS,3591.0229357798166
QNRKLEFYKS,2633.678899082569
FQKSYLNVG,3491.105504587156
ERNYEPLG,2106.02752293578
PAKWLWLSG,7835.366972477064
WAKRGRAS,1798.9036697247707
NVPKPRKDAS,713.0229357798165
GNHSNHQVG,1446.0504587155963
DWPHSYLG,7083.706422018348
VHQHFEPYKDL,3568.0550458715597
WKDNLQKDEY,1668.334862385321
VLQNYWNFYKVS,9023.683486238531
YSKHAHGDSG,1180.8761467889908
ERKGFQELG,1181.3440366972477
QAASWHLWNAG,5894.045871559633
PHQWKDEASPL,1801.2935779816514
RYFPSQKGFRKG,2427.6880733944954
NQDNFPDALS,1938.0045871559632
PNLFSWNALPYH,18472.27981651376
EWQYSQKRNVA,2786.0229357798166
GNSEWSFRLS,9777.944954128441
EWAVKRPKHG,2217.793577981651
RWFNWDLEYN,15037.788990825688
DVGDKDAKHDG,741.0183486238532
VRKKVPAS,690.8807339449542
VPNKRHGLG,1677.1376146788991
QQQPHVEYKV,1807.302752293578
GGFWDPG,5471.229357798165
WDDSGNLVAG,3470.545871559633
WGPYEQRPNVG,3750.954128440367
PFREEVFHLG,9541.935779816513
YQARRLSG,3237.770642201835
AVWNRHVSG,3385.206422018349
RLEGASPDVA,1666.9357798165138
LWDAQQDVSG,1934.2431192660551
GRWAPSQENSG,1824.7522935779816
PDNNKWHDAG,1697.0642201834862
HYQNYNLG,4019.669724770642
HENPFYHVSG,6726.954128440367
SNYHVKVAG,2258.1559633027523
SYFDWSG,6038.178899082569
APQYYNKHVLS,3109.706422018349
DQVVLQASG,1863.651376146789
QKLEARPDRDVA,1196.426605504587
DEYQYSNLSG,2975.256880733945
FQWEKVRPWNS,6789.495412844037
DPHFLFENV,6759.683486238532
EAPYPSEDG,1150.5045871559632
YLYFQPYHAS,6764.802752293578
DQPLQSQALS,1336.908256880734
VHLWVWVAS,24292.009174311926
YEPYWWDAKA,8379.62385321101
LYHAKGENVL,1892.105504587156
ELDNKAYKDL,1087.8440366972477
EYHHHVGESG,1461.2064220183486
VSHHRHVG,2225.0
QNPQVQENHVAS,1034.0688073394494
HQEQVYNKDG,1222.059633027523
SDQFSPYALS,6020.142201834862
YWFLYWLRPY,5026.559633027523
EDDYGESG,1345.1697247706422
FSRWFHLRPKVA,7029.862385321101
LNWDKSG,2109.8899082568805
VLPAFNLGENKL,3179.3440366972477
RPFGHVEPWVS,10627.59633027523
RDFLWVQNAL,11600.79357798165
PFLEVFDVAS,18058.97247706422
YHEVSGVQRWD,7638.779816513761
YLWHKLWNG,6638.788990825688
PRAPEHSG,1152.6467889908256
SSEHDWLG,2863.4311926605506
QQRFSKHS,1932.651376146789
SRQHANLSG,1752.4770642201836
RDSLFRKEWDG,3496.922018348624
YDVNGPNGRHG,2806.564220183486
PPQQFHSG,1699.0963302752293
LWSQFFNSG,9146.133027522936
DQHSHFRWKAL,4466.770642201835
SKDSWLALS,3730.119266055046
EWRRPKGFLSG,5372.977064220184
NHDDGFYVFWL,36670.247706422015
KWASGNPHG,2732.5366972477063
RDYVKLFYWVG,15591.47247706422
GFEPGNQFHAS,3476.0733944954127
QEWLYVWAEDL,21013.302752293577
SFFKDRDSG,1910.0045871559632
KEQHPDG,1018.0917431192661
FDAEDVGPWAP,6184.834862385321
EPQDKDVRWND,1308.0642201834862
LQPWNQKHADVL,2591.4174311926604
PYRYVFHVLKA,18847.66513761468
WYKNSWHASG,4663.211009174312
FLFYQEKRYVAG,6518.064220183486
GEPLRAEKG,882.3715596330276
VWRQEVG,3084.7844036697247
YDRKDPVFNVL,4413.738532110092
QAQAASKDVS,702.348623853211
WFNAKGQPVLG,4800.646788990825
LKSYQYSG,3351.0
RWYVNQFYWKS,13852.311926605504
RGSNANLG,1684.288990825688
WLKWNKQFDG,5615.463302752293
EERKQRWLSG,2148.5963302752293
WYWPSNDVLS,10454.614678899083
FWFFKVLYHS,7162.834862385321
WVEYDLNQEPK,2892.1651376146788
SEKKFYVSG,2625.032110091743
NDWYLQFRNDLG,12725.509174311926
YGNHVHQYDLG,5212.426605504587
KHHPFPNHLSG,3087.761467889908
EVQGFELQWNG,4959.261467889908
SDLYWHFASG,9063.48623853211
EYDRVQRWKFY,10245.58256880734
WVDHAKDG,2347.7844036697247
RLANPHALS,3720.7247706422017
WHNLLGWNHVA,10912.146788990825
VFLGHSKLS,3942.9174311926604
FHGSESGWAL,5071.48623853211
GSQSQRSG,1239.302752293578
EWSHSGYQFY,17660.096330275228
SVWEHLSG,4019.591743119266
EDAVGVGEVS,1076.5045871559632
EKLFGFYRWKD,8074.353211009175
VEKFRVNHDAS,2202.5504587155965
RVARAGQSQRYK,1698.9954128440368
KEVELYNKD,1219.5045871559632
YVHSEHRVA,2187.1330275229357
HYLNRYLS,6462.123853211009
HPVHGWAG,3452.077981651376
WEHVWVSQPNL,13113.646788990825
QNQWAQRLSFYH,16580.08256880734
APDLNQWKHD,1866.0412844036698
SWQHGKALG,2618.5550458715597
WRWYHDGVSG,9491.784403669724
PYGHAQRGPNKD,1917.2201834862385
WNSQDRNLWDA,6805.94495412844
EGYQDLEYAS,2840.0550458715597
DSSQVEPG,930.6559633027523
PHKGLEPS,866.5917431192661
GAHVPHLSG,2038.119266055046
GPHVDALVAS,2282.894495412844
KFVSASVAL,5919.518348623853
AFPKHQSFWD,6378.674311926606
RHHGDSFRHDSG,2170.47247706422
EVRVDSENDVG,1166.2614678899083
SDQKLPAG,748.4908256880734
LHGNLPYDG,4716.353211009175
QLRSKHPYDA,2882.1605504587155
HAFRFHALNAG,6810.275229357798
FGDENQFEWG,4933.5
KHHQHSRPYL,4373.807339449541
NPLHYKASG,1628.6788990825687
RNHYVRPGFYND,9417.45871559633
FPYNWKHYSGWD,13847.619266055046
NNGWFKG,4405.729357798165
SRRLSWVSG,5199.1697247706425
WGKKALQFKG,2465.1651376146788
PWFHEYKAFKA,8601.62385321101
NDGGPHDLSHVG,2496.2798165137615
LQDQGFYWNV,11031.211009174312
KGPNGFNYHVL,6095.174311926606
AYGFAFEG,10323.564220183487
KSGGKQRPKVA,786.197247706422
GNHLQQRDAL,2249.646788990826
NSQWPHVPDL,4715.068807339449
VFGVYWG,14139.266055045871
QNKQEVQLQFES,2359.435779816514
AQDHVDSG,939.5321100917431
KSGAPFPWG,4558.417431192661
WHNPNSPHG,3096.3715596330276
HHFPNAKSG,1588.6834862385322
HPADHVG,1175.619266055046
HVVQRHVKAL,3499.9954128440368
RPELELWVS,11957.371559633028
RLRYSKVWNV,6499.247706422018
LPWDKFRNA,4074.876146788991
YNQHPWKQWKDA,3134.0688073394494
KHRLRNARKSG,995.9678899082569
WRSDLKHASG,2890.853211009174
WPNKFWFRVA,17782.743119266055
DEPEPLDVAL,1457.591743119266
RRSRSYVAG,2082.201834862385
YFDFGQHDA,3927.9908256880735
RFASPPDLSG,2582.669724770642
NSAQAPNDV,1155.2477064220184
PWKHYWPYEYNV,16629.564220183485
PLPGKHVSKHV,1579.2018348623853
NSVEWFHVG,8001.518348623853
WYVEKLKG,3778.697247706422
HALFQRHNKLS,4165.426605504587
AESAPNLSG,971.5504587155963
FSVAHDFEKHL,3602.8394495412845
FVSYPLFREDAS,6791.9908256880735
NELALDALSG,2870.4036697247707
PLASSEDLS,1331.7752293577983
GYWELQREWSG,9574.967889908257
VFAGFVRLG,21053.224770642202
VERWEPKHDLSG,2604.532110091743
YAFSKSGNHD,2327.376146788991
RWHFHGFYLSQN,15084.775229357798
QVDKYNALSG,1274.0045871559632
KVSQEHRPWRW,11012.97247706422
LRLNRPKDVS,2062.467889908257
YNSKPLFRPVG,3734.032110091743
NVDQNEPVG,1122.8211009174313
EWDWFRPRYWH,20566.059633027522
VYNLWAFRNALS,10043.252293577982
FGEEAQRWKVAG,2613.8119266055046
WVPFNHQRKHA,4286.160550458716
PNKWNKHRDRPH,2361.821100917431
FVGEENRPSG,1631.4449541284403
AYRVEDVAL,3465.793577981651
NVVEFYHDSG,9364.47247706422
GELVAKAG,1640.6605504587155
GNKWWHAL,7955.793577981652
FWNRNKFDSKHG,2964.206422018349
NGRVSVQPYVL,12591.922018348623
KNPLRNKHDG,1251.9495412844037
EVARDEAREKA,665.5412844036697
ASRLALYWKH,7979.385321100917
HGLYLQSG,7918.270642201835
VQAHGRVALSG,2428.0733944954127
GGENSHDALG,1182.4174311926606
WKYDDVQRWVA,8467.243119266055
ELHSQFGKHLS,2617.9266055045873
ALKDNKNKHDS,754.9495412844037
SKHYFWDVAL,9457.912844036697
VLLWFHLG,22446.032110091743
SYYADVG,3613.3853211009173
GGFYDFASG,7300.857798165138
EFGHHLSG,2627.3073394495414
YSDKHDWNKDG,1459.1605504587155
HGFFHFREPNA,6383.284403669725
QEYFFYNWNAL,28758.284403669724
PENNENKHDLS,1080.3394495412845
QAHHAKVSG,1077.8440366972477
KDESYWVLHV,9060.229357798165
FQYNFAPWS,16232.495412844037
LFHFDSQWNH,8523.600917431193
KHQWKLFSRPK,2577.8348623853212
QVSEHFNKHAQN,1861.4495412844037
RHRHYDFPYNKL,5878.091743119266
EYRDFNNHASG,2957.853211009174
VQHVFRDQEWKL,5263.972477064221
RPKDRLGFNRPW,8897.545871559632
HSQANHEPNG,1258.288990825688
GFDDAWVG,5760.422018348624
WYAKVEVS,6319.674311926606
DKYQKDVAL,945.6559633027523
SWQEREG,1582.0045871559632
LNPYKFG,5363.940366972477
QGEFNLEWHDAG,4901.756880733945
FVWHEKVGYHG,5266.527522935779
RYKFHDGRGFED,4265.522935779816
PSKGGQFEKDVA,823.3302752293578
ASENGEPHWDS,2511.9954128440368
VNKWYVSG,3974.954128440367
AWYKQWNKDS,2344.02752293578
ARKPEWDLSG,1908.8623853211009
PGSFSKLSG,2131.701834862385
FVDYAGWS,7114.642201834862
KDNQWDSNASG,1385.6926605504586
PHRQGRPDVLSG,2061.9816513761466
YGYHGSEWG,5731.697247706422
QPGPWVSHLFD,17515.128440366974
KKFQALSG,1208.532110091743
LKPSFKG,1674.5963302752293
NWKDQHFHLG,4738.215596330275
SHGHFDLSG,2935.348623853211
KALWQFYFDAG,19845.01376146789
PAYFKQYNKG,3711.8577981651374
GENGQWHVRPAS,3252.6146788990827
DRWDGKLDG,2416.935779816514
RAHREHGFEL,3192.9862385321103
PQHLENPNVS,1457.545871559633
SPEWQDG,1916.6697247706422
WPWSGHLFKD,13703.545871559632
GHFVKVALG,8108.788990825688
QVGEKDKFREK,727.0504587155963
QNEGRPDLFPAL,5637.5091743119265
HQNKSAVAG,939.1238532110092
LVRSPVG,2901.5045871559632
DGNWENG,2335.6422018348626
YFVQSRLG,5975.94495412844
LRSFYPHSG,5288.9908256880735
LDYGELG,2539.8394495412845
HDEYWVFYWQFY,14065.178899082568
HVGSQWVVLSG,12240.91743119266
VAVFVANHDS,10202.394495412844
KFRDQAFVS,3596.087155963303
DVQHKDSWKH,1254.51376146789
QDVPWLNFPW,16056.224770642202
SRQWAKDASG,1792.8899082568807
NWNWSWALSG,12007.54128440367
WPVAPYGYKG,7018.05504587156
FGKVAKWNDL,2796.8348623853212
HPFAPAG,1930.866972477064
SRDNVLRYNLG,5610.683486238532
PRWSLSPYNDLS,9713.56880733945
EHDKALEDSEL,873.2110091743119
NHVKHLEYQNSG,1795.5871559633028
QYVPDLPNSQN,1464.4587155963302
SNWKHPSG,1638.3394495412845
SPAVYVSG,3477.077981651376
FFERREYNKV,3377.9770642201834
YDAAALWHVA,6306.0091743119265
GNGVRDL,1696.5688073394494
WPYYAGWNKAL,12110.050458715596
FSVRQPHG,2920.091743119266
GEVGKFKSG,1565.5963302752293
FDENVFRQFPH,8004.619266055046
PPERDALG,964.5504587155963
YVQNEDGEWKAG,1545.697247706422
DRKKHPKS,522.6009174311927
HWKNENHLSG,1924.651376146789
KWHRNEYHV,4099.325688073394
VSRYKQRYHED,2729.0366972477063
DGWNLPDEWHDG,5136.724770642202
NDFREGDAEWNL,4427.4908256880735
VRPFAEDASG,1410.9633027522937
FRFFRENSYKHD,4714.715596330275
QFVFAYNSYHAL,15978.302752293577
LWWKPNALS,5631.275229357798
PNKFAGGENG,1194.5779816513761
KPDFGKAL,1074.165137614679
QNPYGQHVRPV,3142.5091743119265
SKQADALSG,902.1467889908257
HVYKSYQWL,10195.353211009175
PWWVALRKSNVL,12818.981651376147
LLPVQKALSG,2516.9954128440368
VSNFPVEYVAS,5735.857798165138
PWDAGQYKGVS,2720.8577981651374
KYSYFWSG,6472.995412844037
WWKSSWHDG,6203.504587155963
VLELKQFPNKS,3175.2155963302753
FKQEEYSWVAS,3936.3899082568805
VKHGNHRVALG,2378.9449541284403
NGSERDLSG,962.816513761468
PYEEPNVNKD,1511.6880733944954
DFPADLRNA,1791.4449541284403
NHYWWSRPNHG,7844.568807339449
FWPQSQEYKAG,2807.3577981651374
PLKSYNPWVAL,11658.0
FPHFFPKAPYA,12441.825688073395
YVNHARNQPHLG,3933.1605504587155
FPYERPVGPA,6607.821100917431
NYPAYHALS,5578.4908256880735
SEQNQEALS,1018.6467889908257
KYKVDFWNAS,2899.2477064220184
RRVNGKLG,1377.940366972477
NLGNQEYSGRA,2220.623853211009
NSFDQKSHSG,1101.5871559633028
LPPLPWDVALS,6878.628440366972
FGYDWHLRPYKD,7863.665137614679
PKQAYWNNKVS,1874.7385321100917
EDWEVSPWNHA,4291.266055045871
HWVDGAG,3251.353211009174
VGHKSPNVSG,1212.4954128440368
FSGGNLSGEY,3738.261467889908
WHRDKSKDLS,1498.8073394495414
HEASVPWKHL,4087.9266055045873
YQQKRVLSG,2491.7155963302753
NHVNYNKAPKV,1638.4174311926606
FDKSKLRPNLG,1975.7018348623853
WGRNEDQEYA,2604.0045871559632
AGQGKLGNLS,1326.3394495412845
NEKLEHDSFDLS,2101.697247706422
SWSPDEVLSG,2795.0963302752293
HQDVVAPNKH,1133.2844036697247
SPSLRYSG,2822.045871559633
SRSDWVALS,4440.045871559633
VLDRDNHG,1881.3532110091744
FVQPHLLQREDV,2623.105504587156
YRPYDADPYH,6376.98623853211
RLEEHAQFEVLS,5219.284403669725
ARYLVLQENK,6889.270642201835
FYLKAPAFYV,13590.70642201835
YSFRDEDQRSG,2013.2431192660551
YEDVYQPYSG,5673.692660550459
SELDLVASG,2333.4862385321103
HASRNRWQFK,4322.94495412844
YWLGFYDVFRGF,9910.944954128441
HAQQRSGVSG,1474.7844036697247
NDERGPLG,1865.5091743119267
KARPQFDLWNDL,5040.376146788991
WGWKDFWSRPLS,12319.183486238531
EERDSRG,1174.5045871559632
LQLGNALVAS,3603.922018348624
LWLSHGNVL,9200.58256880734
DFYWRNVAVS,9201.899082568807
HHSAWKDVAL,2625.9036697247707
KWKPVPYWKVAG,4306.5
QRHPEHASRE,964.9908256880734
FHKHVLGRQEPH,2911.302752293578
HVPYVRHFRYS,13603.729357798165
FDKGDFEPNKHV,1514.8119266055046
LGRPHPVAYN,4269.876146788991
YWADHQEYWDLG,11816.54128440367
FWNAFNQREHDH,4088.5
QPHYWDFAREVS,8826.614678899083
YYFLPHDASG,4849.412844036698
VLNFYWYVSG,14936.522935779816
GFDWREVALSG,6246.51376146789
WRKWFNKLS,5404.1100917431195
LNHRYQEPYN,4837.568807339449
DGELQGRAG,1441.045871559633
SEWGRVWLG,13053.848623853211
EFRPLSAQEKA,1391.9770642201836
DVSYVGWVFREY,32803.2752293578
KAQKVGRKSWA,1586.7431192660551
DYVDLYLG,12869.821100917432
FDPLSPNLQDS,1841.01376146789
HPKSNKEWKLSG,970.302752293578
NGHERPSG,1093.3532110091744
KYQLQDVLG,2305.0045871559632
KASPFKSRASG,1189.2339449541284
WLLFRWEYKVG,15864.045871559632
ENVLLPFNHAS,5087.688073394495
HDYSWLYWS,11564.408256880733
QDDYAQKHL,1622.2614678899083
DWWLPALG,14444.701834862386
SSFEFPYNKHL,5116.981651376147
GNNLWLG,6846.1697247706425
YQSKWKLSG,2853.0366972477063
PWNPYGNRWH,12973.532110091743
VQKEPFKDLSG,954.5504587155963
YHNFQPHS,3632.2201834862385
ESDARENKYWKD,1218.4311926605506
ERQLSKLG,1510.5275229357799
WQDRQYWAL,15806.37614678899
EQYVFVEPDG,13413.09633027523
WKDEPHQGRNAG,1616.651376146789
NHKANDHVLG,1172.6284403669724
HPYKGQDWKD,1610.3532110091744
GQHKHGFPNG,1968.6467889908256
DDLHEKVALG,1384.651376146789
FVEPKHWKYWNK,3492.8119266055046
NWGGASG,2616.0550458715597
EWGVDLRPYWVS,19583.784403669724
WKSGLGQFVGPG,5845.770642201835
LDSALWVG,6714.646788990825
AVRKDHALSG,1260.0412844036698
QVAPARYLGFYN,11166.06880733945
NASAFDLPHG,3291.6100917431195
YKYPYWPWDLS,14994.11009174312
RWNYPSENDVLS,4093.261467889908
WEEDSNLS,3103.3577981651374
PELVELSG,2552.7844036697247
FSERVGPYWKG,6713.802752293578
QVDGLSFEPNK,1846.0550458715597
PKPKDEQEPVG,632.2660550458716
PKAVAFWADA,6050.706422018348
EAANAKLSG,700.1559633027523
NVSRKDAEHSNA,821.0917431192661
ERAKAFLSG,1951.2798165137615
AHHVNAS,1412.3715596330276
DRQRDVWG,2788.6926605504586
HPWDNAEPNKA,1637.288990825688
NGQWGGREYNHD,4568.935779816514
KKEKDFDS,694.4220183486239
YHYDKDLSSG,1780.559633027523
HDWSHLPNKDS,1849.1422018348624
VQKYAWKG,2277.4633027522937
DRYKRKVSGVL,1737.4220183486239
DVKEHLQRPKA,864.6651376146789
KQLLKVALS,4246.848623853211
QEWRNQPRELS,2271.211009174312
DYQGFHVS,3945.362385321101
HRAEEWLG,2833.830275229358
ENHELGVAEYWN,5018.706422018348
PPQRWQHLG,4056.7247706422017
HHYWFYG,10015.802752293577
FNHNVSFVGFE,18611.88532110092
WALKEPGQPWG,5902.642201834862
AHFAQDALS,2397.3669724770643
ASLDWLG,4512.0091743119265
HPYRVSHG,3749.6100917431195
QFPWQEPGPWDV,10075.697247706423
KRKEHYVALS,1417.2844036697247
LGRNHAFFYNKD,7225.192660550459
KLFKFWVRPKA,5180.197247706422
RWRSDGEYWD,12411.715596330276
EHFYGRDSGRWV,9203.30733944954
YVVERKSG,1846.908256880734
KLHHWHALSG,3846.880733944954
FRPHYWYSGFN,17148.174311926607
ESWWLYWNHL,20499.802752293577
VEFFPVALS,14862.564220183487
HDESHDAWKHV,2307.3715596330276
SYQYFLSG,7127.807339449541
VQWPREYWNKA,5145.307339449541
RFFHWNLSG,8203.344036697248
AFYPNFPAG,6421.775229357798
VWSQLNSG,3027.440366972477
FGRAGQWQRWH,11834.155963302752
NHFPGVLGFNLS,11977.29357798165
WNPWKQQYWV,16048.811926605504
PQSVKLSG,1433.7064220183486
GEEASHALS,1253.3211009174313
YSRKKGPWLS,3593.816513761468
QQHKGWDVASG,1479.7568807339449
GREKWLQFG,6622.495412844037
YWFNYWVANKV,5822.853211009175
DQQPVEYHDVG,1764.2844036697247
PKNNWDLG,2284.8899082568805
EQPKFDGQFA,1613.0642201834862
LKKVQHS,1068.1834862385322
YSGAQNDVFEKA,1579.6238532110092
NLGAQAGFRWS,8940.90366972477
SNHQWNYNHDG,4250.146788990825
ERLYKNHDS,1518.0642201834862
HQAGQKLENKHA,858.1284403669724
NEWPRENG,2382.6422018348626
RYPPVREYNKG,2724.5504587155965
VSPHNQWHDVLS,3665.830275229358
ARENDSSRNKLG,1162.2201834862385
RKAENYNHWVAL,6763.802752293578
KRRHRVASG,1252.7431192660551
RPHFDSRQRPYA,6917.128440366972
GKDVNSRNAL,1440.3119266055046
KFYAEVGQPWH,8586.059633027522
KAVRYKRHL,2182.798165137615
FAPYLRSWKDS,5200.954128440367
RPQWDEDVLPAS,2819.5366972477063
YDALVSKDEYVL,4613.894495412844
AEYDVKLPHV,2672.743119266055
RKSHGPDFYS,4077.761467889908
WYSKYWVLS,10108.591743119267
KHAEHQPSWG,3090.4036697247707
YHENDGASEPNK,1028.4587155963302
FLSSSQPYWLS,10966.51376146789
WRVDENALG,3768.738532110092
FKWKDPGEPDS,1082.2018348623853
VVQLDLSG,2597.532110091743
DGSDPWLG,2813.394495412844
RRGWKSWALSG,4264.220183486239
HWVQEPLPNKS,1810.651376146789
ARSQFPEHS,1559.0091743119267
WKSPNEVNHDA,1364.9449541284403
DYYNLFESG,5316.032110091744
HPQHFRENDLSG,2033.940366972477
HESHQHSG,1455.5091743119267
VLEFQEVAS,3857.2201834862385
GVKGWSG,2322.669724770642
EYSLSQHFKHL,4640.619266055046
YWELLYKALG,7263.614678899083
NLWRFKHAL,9856.637614678899
FAHDFKSFRPY,8209.444954128441
QNRYDRANDVLS,2813.7752293577983
SYYNNVLSG,3254.3853211009173
EVSDRVAYKHD,1667.6146788990825
VPYSPPHVS,2379.8348623853212
VRVNRYHLS,6281.155963302752
RFEQPSPYDVS,4963.614678899083
HRAPQEAS,943.8211009174312
SGGPYFKSG,3358.802752293578
APWPGPYNLS,6046.339449541284
YHNREPYNYAL,8496.711009174312
YAAVARDAG,1970.2155963302753
QQAQDWNDVAG,1361.591743119266
PDRKWGQWG,4223.665137614679
HQHELEKDALG,1082.7477064220184
NLDGLSFYDASG,8135.206422018348
YKHDFDVNEYDV,3667.8119266055046
LRLWRPAG,6378.45871559633
FFQWEDG,5755.394495412844
NVQKNALGKVG,1197.2247706422017
EDLYHSGVGPKA,1472.619266055046
VSKLYWLASG,9132.37614678899
QAWRHSPWNVA,7170.399082568807
QLVNHGEPKV,1457.619266055046
GEYSRRKDL,2336.8899082568805
LNRADALG,2001.2706422018348
FYSNVGPEWKDS,2596.298165137615
HVAALRNLSED,2239.729357798165
SAFWVWSG,14803.45871559633
DGKAARNDAG,958.743119266055
SNVFFDLSG,13567.522935779816
VFDDVYVG,7257.9908256880735
VHSVLLG,5223.692660550459
VPLQVYHG,3610.7201834862385
YKLWRYASRHG,6304.275229357798
EEAFQFPG,3219.02752293578
VPSQFSDLG,1703.8715596330276
DEAFVDSG,1810.8394495412845
QLHFEKARD,1993.6697247706422
GPPASESG,770.651376146789
NDKEYKFWLSG,3597.330275229358
FKNQNKFPWAS,4349.160550458716
REFEVYLSDG,17980.119266055044
FFLQVRDLG,10889.655963302752
DYHDSRAFKDV,2300.266055045872
EKQYQEHRENH,1211.7385321100917
YWFQQFREPW,15776.747706422018
WGARGNHAS,3021.6009174311926
HDAKWDAFPYNK,3046.802752293578
LASYAYHASG,3851.8669724770643
ELHFGQVA,2886.4816513761466
PKNAASWNVLS,2401.3348623853212
DERDEKSG,684.4266055045872
SWFYWHEG,10234.08256880734
YSFSNLWVLSG,13411.729357798165
NDDPGPKDVAS,850.954128440367
LPHLGVQAS,1696.2844036697247
SDFGYHSG,2799.4908256880735
WRDEYSWHDLG,10055.518348623853
DVLVSHWDAL,9565.073394495414
DFFSFKLS,15219.80733944954
ALDREGFEVA,1915.7293577981652
HPSERWAG,1743.8899082568807
ANVAAQREWHDA,2188.3715596330276
WVKQAFWVLG,15818.885321100917
RDDKHVQREK,873.6467889908257
RLGWFYKASPHA,6816.54128440367
EAAAYNHDAG,1147.1788990825687
HFYFRLREKAL,6880.192660550459
SYDYHPKDS,1503.9174311926606
KDRLFPQPWAG,4759.004587155963
PFPDWKFKVG,4199.733944954129
HGYKSDPNHVA,1400.545871559633
GKEYADVAL,1491.7477064220184
DHDHYKSG,1140.4908256880733
FFPYKFWSGRSG,6596.90366972477
QRDDSYKAKVA,1276.98623853211
NYVGHFNG,4314.128440366972
VFSVFHLG,12422.288990825688
LELSWSEPKG,2487.077981651376
YVPGVSREKVA,1259.2568807339449
KRPENSQHDG,872.8348623853211
SKHFEVRNAL,2817.146788990826
RLVDGFLG,8702.839449541285
YYSGVQHG,2853.9633027522937
SYVLYNEKHG,5156.059633027523
YQVYVAEPWG,17085.57339449541
QLFNSYYWDG,10073.54128440367
NAERSGFPNLG,3148.440366972477
FNNHLRRYNA,5763.522935779816
LLFSESG,3670.97247706422
FDEFNKGQEYKD,1429.5688073394494
ARLEVQRPWDAL,6719.206422018348
AYYNSPASG,2118.1146788990827
FPWKENEHLKHV,3394.591743119266
HRDYYNSG,3336.733944954128
QFYKVQQNKDGR,2101.1284403669724
HGVYSYVLG,14020.08256880734
KRSRVEYKDG,1110.7935779816514
LRFYKELS,4762.339449541284
YFFQYDVSG,6044.527522935779
RNHVDAGDGFRK,2148.5137614678897
GVFVDVALSG,19562.830275229357
RFKLQNSQFRKS,2578.577981651376
LYQLYNKHDLG,4599.793577981652
RHFHDYALEAG,3809.4633027522937
YFDRKDYVLS,4106.8302752293575
LAGKKVAG,1078.880733944954
PEWYEWNDVA,8839.12385321101
LDHRDSG,1639.848623853211
DFVKKDSG,1099.8715596330276
WLFQFKKAG,5836.114678899083
EQYWGRWWNDV,12866.169724770642
WPSYKKVG,3192.6559633027523
YGLNRHG,3891.146788990826
DVAKGHVEHD,1304.2844036697247
NQLRVQNKHDL,2763.243119266055
GLFWFVLSG,27298.839449541283
FFKYHLPYNA,5429.316513761468
AFRFLENKDSG,2840.4174311926604
PPYNSPDGFEYW,11967.788990825688
VYGRSKLSG,2400.8669724770643
LENRESHG,1506.8990825688074
WQVVGPNHDS,3764.637614678899
SWSQFKDPHG,3024.0412844036696
RHQALWLSFKH,11327.642201834862
KHGSKLSLG,1587.51376146789
AYPYNQFG,7809.339449541284
SHGLHLG,3165.9449541284403
QYNSSQRDARD,2089.0
PGNVESGWDLS,2748.798165137615
APREGELG,798.105504587156
HHRNAWSG,3692.798165137615
RRGYFKDG,2686.9770642201834
SDLWYNSG,5035.353211009175
VFYDPEWKAG,4210.95871559633
RFVRAEAG,2964.848623853211
RSKNSNKG,797.7706422018349
YAFNNLSFEN,5837.660550458716
VAAKKHDASG,809.8715596330276
PNYKKGQRYN,1878.7614678899083
AVGWRDLSG,4311.720183486239
AGVYVPKHALG,3220.5412844036696
FDDGNVLKHVG,2892.7247706422017
FVWFEDHDVAG,7350.733944954129
NDRYQWLRHV,9956.08256880734
NRVQKGPYDVL,3386.394495412844
VVPKYDASG,1460.2201834862385
SHADSNLSG,1133.6788990825687
KANPLEPYDV,2237.238532110092
NDKSWSWKVLS,4078.087155963303
FRHNHSVEVL,4657.064220183486
NGAPLFWS,14413.775229357798
VAAPEVLS,1228.8073394495414
VYYDLDSG,4997.04128440367
EGSVWVALS,6665.90366972477
FWAPHSHDPDAG,2581.0688073394494
EYHWWFRLSG,16650.16513761468
RWVRHPSQPKD,2642.954128440367
NLNSRNSNLS,2183.5688073394494
SKLWVAKLSG,4240.9908256880735
PRHQYRKHS,1880.0045871559632
RNYHVRVENDA,2689.151376146789
LNGKQRAS,1076.7339449541284
PSLKNKSG,1027.9220183486239
RSRSLSQREKD,1187.532110091743
WSNWFPYLSG,15474.426605504586
NPHARLSEPKS,1136.197247706422
ESSGLQYG,1518.454128440367
PNDPDLGRQWG,3355.302752293578
SWDLDFRKDG,3755.412844036697
KDDALELYWKHS,2808.6880733944954
NRREVPLSG,1974.2385321100917
VLQVDGFRPW,16103.729357798165
KNSPPVALS,1445.8165137614678
YPWDAWYWNDA,15870.729357798165
HWWSDSG,6514.522935779816
EYWARDGEDGQK,1646.5412844036698
RVSRLPDVQVSG,2273.4770642201834
ELHWKHLFVAL,19223.24770642202
NRREQDVALSG,1411.1880733944954
WWGQKPVS,3110.330275229358
FAAFYKHYVG,7132.376146788991
SRWHYVYDG,11645.155963302752
WSNESRPKAG,1734.9357798165138
PLEGVRKHSG,1900.1926605504586
QEYFNDYNFPHL,13220.467889908257
LWAGPNWKHSG,5213.692660550459
FWSDDSGPWLSG,10089.261467889908
HDDVGQPDPD,1275.0183486238532
DLPGWAGPHV,4404.316513761468
LDEPVKSG,892.0366972477065
AEPPRKDG,726.8073394495412
EQFADLEWG,3709.3853211009173
DENHPDQEYWAL,5320.1697247706425
GYSRPDQKAG,1411.0963302752293
QASFEEWKFA,5993.004587155963
PKQQNHSYDVA,1499.8761467889908
HDAVRWNWNKH,4420.587155963302
PSAVSHVA,1315.8899082568807
RQANSQHALG,1684.5183486238532
DYYRPNKHVA,2353.0
QDSYGWKFRKG,2918.0045871559632
VHKDDVASG,844.256880733945
HPKEEYKLSG,759.7293577981651
QQDSGRNRWL,5318.729357798165
SWKVGGVLS,3820.6880733944954
PSQNEYQEHDL,1853.8990825688074
NWYWANLG,11499.770642201835
RGHKDVLGYAL,4810.422018348624
PLQDQEPRWG,3204.376146788991
WDWYEDLS,11543.412844036697
FFSKGEKVS,1444.3853211009175
AHLHLPSG,2644.821100917431
WYAPPWSG,12454.977064220184
DEDFFENKHA,2047.3577981651376
WPWAYNRYLS,20661.610091743118
GNWGYDLG,7830.321100917431
YFWQASFRYWKL,13218.256880733945
VPRPKYLG,2275.6743119266057
PNNQDQYALG,1997.3256880733945
AYRQNVLSG,2824.6422018348626
LPAKDNVLS,1093.0091743119267
FGRKLVLENK,3160.1651376146788
DLWKSQYLSWK,6856.899082568807
VSKRSWHAS,2584.802752293578
WHAGSREYGHA,4099.224770642202
KKFRGVAG,1096.545871559633
NKDFAQYWGPYS,9812.940366972478
EQWHSWEPHG,4743.344036697248
YQLFVHAL,20186.73394495413
KWESNASG,1280.0963302752293
VDLPVKVSG,1849.3532110091744
RWRERKLKHVL,2832.0
QHHVRSPASG,1948.5963302752293
GPSVVLSG,1576.7844036697247
WRWNGQLFNHA,10705.87614678899
NKVEENDSFHD,1495.3440366972477
FAPGKLQREPK,1262.0642201834862
ERNWPYKDVL,4040.412844036697
NDFLHDVEPVL,4614.665137614679
VWYEALG,8259.385321100917
YPHSSRDG,1815.288990825688
DELEHENVLS,1415.4587155963302
EFPLHGPNVL,3622.123853211009
YRLFEAPVG,5246.344036697248
EKRWKQFFNASG,2931.178899082569
SNHVYEDLS,2913.435779816514
HLKHYQEKHDV,1613.8623853211009
AWLGVGRPWNV,11244.366972477064
PKHVNKQNSEWD,1498.1880733944954
AVFRDYSG,4161.559633027523
WQPESPWKVSG,2931.2798165137615
AYSYAYALS,9489.04128440367
NWSDWLSG,7472.211009174312
AQQLFPG,2368.4587155963304
DPGYLYSG,5304.178899082569
WGEYFEWNSFKL,21467.935779816515
QWYDKFYNKHA,4351.371559633028
NVHFSPNVG,3783.183486238532
GLQHENSG,1326.4724770642201
FAHGRDNVSG,2262.119266055046
QPEHRAQRYNVG,3693.9311926605506
HAKVYAWNKH,3070.4449541284403
HPGNLQYLSG,3304.788990825688
QRHHSPKDAFEY,2917.646788990826
GGQPDWSG,2569.183486238532
RHHKDKVS,751.4954128440367
DLVAGRRWHD,5600.706422018348
RPAFKRPWSPND,5180.027522935779
FRNVFQPWHGES,6158.467889908256
SYWHRKWVA,6519.174311926606
QRREYSWLQFVS,19441.454128440368
FQEPRARYHS,4895.3899082568805
YWYGEAFLG,12636.701834862386
KEVPKQPKS,653.0091743119266
GYPYDHG,4918.082568807339
NSNENLFPWNK,2991.169724770642
VQYSQWKRHAG,3597.7798165137615
RFVLLPVSG,18711.261467889908
AFREKAQFRLSW,12300.481651376147
WRDEVRKDVLG,2698.967889908257
QKWDGHAQYWA,8206.522935779816
QEWPEWKAHDG,2536.5688073394494
PVYHRWLPHV,13065.926605504586
WAKVFPREWNHV,9264.321100917432
HLPYEYDYNHD,7242.233944954129
GWHGFYRPWNH,17038.16513761468
DEKNLWNS,1754.6100917431193
SKRYWHFG,6915.899082568807
VGNHQNENDVA,1064.302752293578
GRLHAPLG,3314.0137614678897
PHSQASWDNAG,2215.3394495412845
PPLAKALSG,1085.073394495413
WEGSYKLSG,4713.582568807339
KRENLQPNRHG,2154.119266055046
VVGQHPHAG,2235.2844036697247
RRNSWPYNDG,5529.564220183486
KQRAQKDVAPYK,897.1467889908257
YKRWRHSQFPWN,10601.93119266055
ANNRALSG,1713.9357798165138
PNFEAGQRSRDV,2746.766055045872
QLLADLSG,2411.229357798165
AQAHKVSG,909.0091743119266
LGHKFRDVAG,2337.678899082569
SLGVEASG,1414.5504587155963
QAKLYKLKALSG,2921.2844036697247
HPAWHNAG,2895.9495412844035
VNYKNVLG,2413.587155963303
SFRAAFYWKLS,12648.95871559633
KRGAGWSG,2084.5733944954127
NDVLSSENGHDA,1339.380733944954
PFHAKDQYKAS,2106.4908256880735
NHYFKDEPWDLG,6038.522935779816
YLDGRDVRHDG,3290.7247706422017
YNENHGDGWV,6279.321100917431
FPHHNSRNHD,2558.678899082569
WGFHQRNVEYNG,7820.880733944954
DALNKSEVDVLG,1154.197247706422
HQPSQRWSEHDL,2938.362385321101
DSFFASGNKHD,2589.0733944954127
PKAVQFRWEWVA,12185.688073394496
ENVDVQAQRHG,1362.7935779816514
GLSGRQHASG,1751.3302752293578
SENRWLGKAL,4620.545871559633
ENDLGKSWNEK,1024.8119266055046
KRRQDSG,845.0091743119266
VRLYEVLG,9005.215596330276
SPNGSYLG,1994.711009174312
QNFLGWNHFKAL,11135.697247706423
QGAYSGHDV,1860.8715596330276
KPSARNG,865.9311926605504
FLKHQRAPYWH,9239.944954128441
LRDGDPWASG,3293.8440366972477
YASDDLGQVA,1659.9633027522937
KHLLHGYKALG,3672.2752293577983
APVWQWLSG,6430.362385321101
DVLRWHPDNKHG,3072.4770642201834
QEHYRVASRKSG,1799.6605504587155
GQHGFDKAS,1383.7293577981652
AKLSYYASG,4132.917431192661
QWKSWNFWPYNL,17837.761467889908
FQKPEKDLG,1008.8394495412844
ERGDKHASG,794.7889908256881
ERPYNPNVAPKH,1550.2293577981652
RSHSQNFYNVS,4252.032110091744
WGVWHVYNVAS,14269.688073394496
ERLFHRYDAL,6627.577981651376
QKKPHVQNKHA,943.7522935779816
WLRSFQEHA,6121.353211009175
QPSWKHSHGHL,3380.4633027522937
VLLGKPHVAG,2744.922018348624
AEAVPALG,1294.7018348623853
YFHSNLPYWDSG,9543.371559633028
VEHNHQHDVLG,2148.6100917431195
WLSHEWSDVL,9483.908256880733
DLGSSEPWKV,1888.4587155963302
PQLSRAFRYWKA,6963.857798165138
RHWDAFGWNA,11052.522935779816
RHFYEAGEDALG,3156.646788990826
WVWWFEDAS,14337.243119266055
PSVEHDQRNAL,1417.0779816513761
QAFDPHQEWDG,3552.619266055046
QLVFKVQHVG,10275.330275229358
SLKHELG,1262.3623853211009
VLRRKSRENKS,1022.9174311926605
WVRWPDLQPDV,7836.94495412844
GVLKGRYHG,3350.47247706422
WVHESKHG,1869.0825688073394
FSDHRWLS,6563.151376146789
GRYANDSWNKL,3756.940366972477
YYQDSRLSG,2918.183486238532
PPRSALSG,1079.619266055046
RKDFKLENGYD,2158.4036697247707
FWAPQREDQKLG,1594.3119266055046
FEESARKALS,1260.697247706422
HVRRQKDAG,1322.3165137614678
RRALKYWKHSG,2280.669724770642
KNGNKHSQNKG,787.1284403669724
LEAVYWDVA,11244.380733944954
GKSPSPLS,1225.6697247706422
APSPLYVL,7920.366972477064
WHRWSGRWVFRY,20764.275229357798
APEHGHALSG,1301.3119266055046
SEPAKHGQWHDS,1720.032110091743
HHAKLKLS,1611.4954128440368
YSKAWHEWNG,3903.683486238532
HEDEYQEWKS,1896.954128440367
ESGFKAHSYHD,2275.637614678899
HGGNDFSG,2002.2477064220184
WDLVDLSYWKA,10601.12385321101
PAAGEDFRYDVL,4104.408256880734
DVERDGYWDAL,7515.834862385321
QGNVGAQHLS,1658.366972477064
WYSPAEAG,3052.848623853211
KGVRQELG,1109.2064220183486
FEPHGKYKDWH,2902.2201834862385
HGVHNDAS,1379.2385321100917
WHEWARDAENKA,2181.619266055046
DDSHVNSG,1246.073394495413
QHEHPSDLG,1715.6238532110092
YHNAGWHPAS,4114.4908256880735
VPDLVWASG,3093.678899082569
WLGKSFNEALS,4231.532110091744
GHWLALG,9512.321100917432
NVKPSFNHDAG,1815.348623853211
LRHRFNDSG,3038.02752293578
HSEAYDPYWDAG,7318.279816513761
ADEVHDALG,1350.1376146788991
VDPNAHSG,1239.5779816513761
PSPRWLRDLS,5661.348623853211
RWEFVAEPNSG,4860.077981651376
RLPLFEYVDASG,8885.467889908257
YNPNSWASRPDS,2633.0504587155965
RENHQGQFGENA,1564.1880733944954
WGVPPNLG,4610.619266055046
RHGAGFPAVAG,3036.183486238532
RWKVGPFVRYA,13135.02752293578
SWAFYEYWVA,22413.967889908257
HFLHVQASG,4738.972477064221
NDAAEYHFDAL,4993.95871559633
DGYYAQWNKAL,5393.316513761468
DWLALHLG,12459.69266055046
LFWFFPYWNL,6761.761467889908
RELFKDEWVLFW,21264.683486238533
EFFREKADALS,1831.3165137614678
PGWLPHRNDA,4414.022935779816
FNVEASDVGYHD,4603.876146788991
FWYYHGNDVAG,4022.1559633027523
DYVEKRYNHDA,1982.6926605504586
NGNYKSYWKDG,3107.4862385321103
EYVLQAHPYKAL,8911.43119266055
QDFGKHSQLG,1578.48623853211
GKSGGFDS,1329.2247706422017
ENREPWFLQFHL,30054.02752293578
QLYAGEYASFYW,24916.05504587156
NVGHQRPAYNSG,2750.564220183486
KKPAALG,889.1467889908257
WSLQVSEYKSG,5202.321100917431
YDFPQRNEVLG,2873.077981651376
AWERALSG,3174.119266055046
PKAYQPKVDVL,1655.788990825688
LRGAALG,2609.683486238532
QWALFRNLSASR,10049.224770642202
EKFQHVFRENLG,2835.5229357798166
LQVFWHDFRKS,10133.990825688074
FAQHLEHLQKD,2013.2844036697247
NHSSRWAQEHVL,4415.174311926606
LGVQQRPS,1917.5642201834862
GPRKQFVAL,3396.4266055045873
NHQRAGHEPWHG,4154.077981651376
QGWGNSREDVS,1806.908256880734
AFDLFAWVS,17880.224770642202
AQLFFHVAS,20141.394495412846
DDLVFKLG,8185.252293577982
YVRFVSFRYVA,30824.27981651376
GDSEPHKG,1052.834862385321
LSDQRHFRNHL,4944.9908256880735
LYHNLPAG,3233.233944954128
SKLFFYDVG,15359.95871559633
WGANSQDLS,2525.206422018349
HNSNYHDVLSG,2500.0229357798166
PVHNVYNKHD,2018.9311926605506
LPRWHKSG,3042.9633027522937
RAENEPKHGRDV,1131.788990825688
QWDDQFPKEPKH,1993.2018348623853
RLKFQELSG,2340.238532110092
RRNGFNDKHG,1850.9587155963302
FQDLARDG,2443.2798165137615
KHHPDLYNKS,1717.5963302752293
HYSFANSG,3508.1422018348626
HNGADAG,1184.2798165137615
LWSRYAVAL,15467.977064220184
ALRLKLRWDV,12966.532110091743
QWYPDYWNHDG,11553.495412844037
RPENKFNSDAL,1912.1146788990825
EQQGQSG,840.3440366972477
VKWKEHALG,1463.1467889908256
VAKPWEWNHV,4909.885321100917
SGRSVAGPYWN,6648.366972477064
QHHSEQPWALG,3490.6926605504586
GLFEQDV,2698.0183486238534
GDLYFASG,8739.821100917432
YWLNGRYGPHAL,11354.59633027523
PLELGVSFYA,36706.76146788991
EWVWPKVNHDAL,5778.967889908256
VPWYQRVAS,6989.220183486239
PHQHQFGWDLSG,6383.004587155963
ANSVRPLG,1782.7477064220184
FNYAHVQEDG,2579.701834862385
WRWLWFPWHL,27683.036697247706
LEEWAFLG,13004.238532110092
FVGLEHAGFPKG,3420.6146788990827
LDQGNSG,1131.1834862385322
ENANENASPG,899.5642201834862
GRKFQFVAL,13268.733944954129
NYNAGLQWK,4203.160550458716
DKENVESG,547.2889908256881
YWSKRWKGDV,3207.711009174312
HNPNQSG,1229.7844036697247
EGWEGFDG,4215.3899082568805
EYVVHVFWNK,22889.58256880734
VQVKFNVL,9791.866972477064
NDVGEYARAQDA,1974.302752293578
HYPARHALG,3996.4954128440368
YAFQWNLWKG,9429.69266055046
SDYSHSG,1617.8715596330276
GKLFHEDSG,1545.2339449541284
FQLDWDVSG,6090.6697247706425
SWRNKNALS,2869.8899082568805
WPLPGFNHV,9595.440366972478
AASNGKG,874.5550458715596
DWSRWQKALG,4629.266055045871
QSPRQWAG,2189.238532110092
LSKKLEDS,668.8623853211009
GGRKYLSG,2248.3715596330276
DQGRGQRG,1331.0275229357799
LKFPNVHG,3000.467889908257
YRYSPQEPHDLG,3624.9495412844035
KHYYPYNKHVS,3267.532110091743
QFPPNKYSPHS,2437.1146788990827
LNVWVQFRYH,30591.596330275228
PYYHWDRYDV,15401.747706422018
WNQDVQKRHLS,2703.848623853211
NFWDQFVRLSG,19668.183486238533
QNEPREDANK,752.9587155963303
EVNFRELNHDS,2364.5825688073396
YRAYVKLSG,8413.29357798165
WVDDHDLSG,4204.857798165138
WKELREWQRPYN,8190.784403669725
SEFLNHG,3429.821100917431
GEQVWLG,7384.564220183486
RWYLGRLFEHVA,11277.243119266055
WYRSNVLSG,6879.908256880734
KRKEQFDALS,950.1238532110092
EEPWKPAQFPYH,5160.614678899083
SQEHDSSGPH,1317.3532110091744
GNHWEDVG,2768.9311926605506
PQFASRHGDSG,2091.348623853211
AFASYLQWVALG,16744.47247706422
DSNAEKGYWKV,1720.98623853211
EFWVLYNFRYWN,32209.091743119265
GESPDPNKAG,898.0275229357799
QLEGDFPYKVAL,7672.311926605505
VLYWGESGPAG,4224.380733944954
QNFWVNLSGWS,18452.72018348624
YKHGFPSDQYKH,2508.077981651376
LNLFFELG,30082.596330275228
LPGYLEDLG,3592.729357798165
YNPPPWNVA,3607.5550458715597
PYDKNHDQFYWL,14848.444954128441
WPWNSFVYWKV,33443.71100917431
LDFDAVSG,2810.3577981651374
PDVEARKPHS,1016.1376146788991
DVSAKSQPYWHL,5497.908256880734
PAQLPFPKDG,2064.9311926605506
GKNQVALSG,1087.559633027523
SEKNHYNDAS,1318.0779816513761
KLGQWSYVQKDL,4650.655963302752
SNHKFDLG,1832.197247706422
VRDVNAQREDL,1386.366972477064
SWDPDWKDSG,2649.435779816514
AYRQDSG,1541.6834862385322
NLQPHWKVGHA,2821.7798165137615
SYRGKDS,1359.2752293577983
YNNLGPASWKD,4390.908256880734
FYNRFEPLQYNV,12014.256880733945
WVNYFRDAL,12222.518348623853
HDWFNHQYDAL,10396.545871559632
VGWRNSPYKAG,4339.495412844037
RGAGSQLSG,1456.2568807339449
EENHSSHLS,1487.0229357798164
VVRYGNSG,3002.1651376146788
GQKSEYSYDSG,1424.9174311926606
VGPPNSRENKSG,801.5871559633027
VSRWNQEHAHS,2158.821100917431
NHSGRSKHQHL,2249.619266055046
AFFHRNAG,3922.408256880734
SPDFYEYNAG,4676.793577981652
HKHEHPWLSG,2967.2844036697247
QSVAFDFPS,5930.472477064221
QDNNQELG,1192.651376146789
LVNQFEWNDV,6349.059633027523
PPKQYGYWNHV,4142.128440366972
VAGYPKHLHS,3144.743119266055
PERGKVALG,1633.5045871559632
NDVRSEDQPYWK,2626.7522935779816
LVYHFENKAS,3652.5733944954127
SRFYSHALSG,6077.133027522936
YEWWVKLSG,9945.29357798165
SKFYWQRSG,4771.380733944954
EAWSENGYWHV,7475.211009174312
QYDVPHPDAFEY,5122.334862385321
DKHPFYLS,7768.9908256880735
FPFWRRPYKHG,10325.536697247706
YNHKHYNLGAS,3000.5688073394494
EYQWNQEKSWAG,3183.587155963303
LQGQKLSEKVG,933.651376146789
WLHDDLQEWHG,7602.036697247707
KSWVLQKKHVG,2183.587155963303
KLKRRPWKHS,1537.7155963302753
NYHPLHVALSG,6825.151376146789
DLRVFDFREPA,8378.243119266055
NVGYHGEVQNL,3314.646788990826
YHGFARHGRYHV,8724.52752293578
LFSWARDVL,9259.87614678899
YLVVGHSG,6754.779816513761
ERAQQENAG,753.2706422018349
GFPNVPHVPNVS,2415.5963302752293
RHKRDLFNVAL,4403.51376146789
WAWHWLEHLG,15818.784403669724
WRDWNFYNDVS,11984.954128440368
SFQWPWLSG,13800.142201834862
WEYNALYSQNVG,6307.302752293578
DQAKPWLG,2030.133027522936
RHHENGRPNHAG,1762.032110091743
ASSRYVHSG,2741.137614678899
LNVQFFVAG,38012.54587155963
WWVSANLSG,9106.97247706422
KLHLPVEPYVL,9653.119266055046
SYVAQNVASGQF,4065.4816513761466
DNGFEQVLG,2365.2247706422017
QQHYGWLG,7349.591743119266
WVNLAQRPYV,14694.316513761469
EVGKVGRVALR,3295.4816513761466
WQEENLWLS,13737.926605504586
PFVSDLYWDSG,14468.183486238531
PKVQQWNKANKH,1396.532110091743
SPFRRYG,5178.807339449541
RWWVGHVFEG,13671.394495412844
YYWAVGPHDVL,12354.752293577982
SPKDRFRWV,3999.6559633027523
ELSSYNDEPDL,1721.1467889908256
LEEDWKSG,1357.9954128440368
NHQEQFAQNH,2244.6009174311926
VPSASNSG,794.4036697247707
LHDLAHALS,3301.6880733944954
RELASRVYNDV,3349.316513761468
GYVYARDAG,5213.059633027523
LWYKFVG,8656.316513761469
KQQYENLS,1275.6238532110092
VRPRAREPNVL,2097.9495412844035
QQPASKLWNKG,1081.8761467889908
FSPYHGLQEWVG,6764.0
PNLALGHNKHSG,1861.0366972477063
FVRKFDGYKA,3842.577981651376
NLQYFKHQEN,2458.4954128440368
FYWNHRFVGWKS,8695.784403669724
QSGAWNHRDVL,4035.532110091743
YSDGVAYWDAS,6851.4908256880735
HEDWLNALG,5360.6100917431195
GWWHNALSG,8078.4908256880735
WHEKSNHGFPKV,3318.697247706422
KDRFYWQVG,6003.683486238532
WQHKVFKHDVAS,2875.380733944954
GLSHFLG,5664.995412844037
NKPRLGEPWDS,2326.0
HLHRLPWKD,4871.504587155963
WLSDEYREWLG,9660.93119266055
SGHDVSEQENKV,807.9816513761468
AFPNSSRSG,1404.8302752293578
RGPRGFKHDAL,2480.362385321101
RKDLFDYWLNL,8350.495412844037
GWFEVHG,6780.137614678899
AWLRLGAG,6701.091743119266
NYENFRG,3256.4266055045873
REDLFNFEQDG,2610.793577981651
VPHPPWNDVSG,2051.4266055045873
RQSFWAFDLS,13798.756880733945
RPAHDFELFEKA,3011.7477064220184
NLSWLEYGPYWG,19118.23394495413
EKDGKLSNHDQV,880.3440366972477
GKSRQEG,719.8211009174312
WLQPEPNDES,1370.3990825688074
FYYKFKDSGV,2537.0
NHDAGNYFHVA,4901.766055045871
NHVLYENRNAG,4127.619266055046
LRFKHLWNVLS,8500.188073394496
RSEHREHSNH,1541.7522935779816
GFNDAQQFPD,2618.4495412844035
FNRRQFPYKG,4651.174311926606
VAGPGWKGKDL,1462.926605504587
VPSSGNALSG,1001.7660550458716
PQKYLQPWNG,3292.0825688073396
YVVGEKFWV,8306.981651376147
NFLVSRWSG,11518.600917431193
NSNKDRHEPKG,842.0412844036697
EYVFNSQKFPAS,3169.7247706422017
AEHLEPPNKL,1470.8761467889908
FQWRVGEWNVL,15509.963302752294
RVKHKLQRNDS,1059.5366972477063
KQWFDSYKHDS,2989.3899082568805
DKHKSHLG,829.3623853211009
RAELGYGHVG,4434.380733944954
WRLNSHSG,4134.201834862385
DYRYDFWNHSG,6357.119266055046
WNKHDQAKHYWH,4397.899082568807
QNWWDLYWNLG,19860.44495412844
PRWYWSENHVL,13675.19266055046
NLDRFDVALSG,5307.862385321101
NDWLVAYWNKD,9230.04128440367
LKWLFHDALS,7577.756880733945
GQEEYQFPWVL,14270.224770642202
AFYFQWKHDS,7566.4908256880735
ANHSYQPHDVG,2323.1009174311926
YSDAVQKS,967.8256880733945
REDFDLGYQEWD,6011.380733944954
GVYVKLG,12820.178899082568
QPEFPWGAG,7119.660550458716
NHDFPDRNKVLN,1939.3853211009175
QGKSDGFRNVS,1600.7935779816514
YADFFRHDVG,6081.399082568807
LNKKLWLSG,3596.5688073394494
QYKLKHAPDVFK,2637.5045871559632
DPVVEPKHAS,810.2935779816514
WYNKHFKAEV,2903.0504587155965
DRGPVWKDS,1856.0183486238532
LWGHWHG,9201.871559633028
WNNRLRDG,5301.04128440367
VFPWWVQRPY,24566.155963302754
ENNPEWDLS,2293.4633027522937
WKKHEWRYWHS,7509.899082568807
NFEAQKLQFYHA,8788.866972477064
VWLVFWSG,33359.80275229358
QHSNQHSPKLG,1530.059633027523
GNEAWDSG,2033.8761467889908
WDLAFYLGEPHL,19057.495412844037
NFDHQWDL,7850.022935779816
FHFHQDSPKD,2304.5
FFFLWDALS,7261.334862385321
LPHPHYAL,6491.504587155963
HAVGEDFASG,1602.1376146788991
QSGWYAREPYKS,5159.775229357798
QVFGARPYDG,6698.357798165138
YGNAPLRWL,15594.550458715596
HKRVAALS,1797.7706422018348
WHPEREPYNK,2132.330275229358
QKFVEASQYWN,4739.44495412844
DKLFEFPYVS,7565.302752293578
KWRSYNVSG,3440.9311926605506
HAQYYNALQWA,11028.977064220184
HNDPVHSG,1331.4449541284403
ANVNPWSG,3462.9036697247707
KNFLHVASG,2754.330275229358
NNQYELSG,2286.6009174311926
REDSPRWKRENK,1188.605504587156
YDAPLFLGKAL,10602.720183486239
QKWGRAQPSG,2270.146788990826
NYQWDKASG,2134.02752293578
EWYWEPEPHS,7467.243119266055
HYQFNVWLS,23927.261467889908
VPHGFYPDLG,7061.967889908256
KVEGRYNEHDL,2346.651376146789
FAYSEDGYVLS,12428.408256880733
QHSWNELSNVG,3137.733944954128
VLEPKYDRWAL,5975.44495412844
VAVGLQENKVG,1402.6605504587155
EYWEYDAWSGWS,20755.857798165136
PRGKSYSG,1630.151376146789
FYRLNVYWHDV,16377.252293577982
RFEPDAQDFEHV,2658.3669724770643
SGYWQWQEWNSG,8323.201834862386
NGKYFKLSG,3284.6422018348626
PREAGPDFHD,3063.362385321101
PGAHYKG,1601.9220183486239
DRQLENDVS,1325.4724770642201
FVWVSASYKV,18548.22018348624
AEHQKRVSG,1173.7064220183486
PPAESNALS,787.5688073394496
DVAQRQRDVRDA,1509.7660550458716
RNFSGRKNKHD,1286.7247706422017
HARDDSGHSG,1294.0550458715597
NWDFFKVG,9180.56880733945
WHGFALPKPYKH,7638.577981651376
WLVHNDALG,7539.302752293578
VNLEVVLG,12067.385321100917
GPASVFEHDA,1641.0825688073394
QKHYNKLFHQRH,3464.9266055045873
GSPWQKASG,2055.229357798165
GYWQPLYWA,24295.24770642202
QRGAASGNKDAG,1130.0688073394494
EGPNGKDGQPVL,1067.8899082568807
FVNSDSWHV,5362.362385321101
DPKWREYWKHA,2692.770642201835
WKQWDPYNKHVW,10915.08256880734
RHHHVYKHALS,3676.761467889908
DDPNEHG,1117.9357798165138
YGARFEVLG,7808.577981651376
RWERSEPYHA,6433.6100917431195
SFKFFPNHS,4666.426605504587
NFGFLSAG,7214.972477064221
VVSYAASG,3286.4449541284403
EGKLLYKVA,3106.2247706422017
HYGDSAG,1795.6284403669724
WHAHWVSGWSG,11951.880733944954
GHSHHVG,1955.9954128440368
VQRQHAEDAS,1019.9908256880734
NSNHYRYALSG,5896.201834862385
FAGDWNSENHD,2851.2247706422017
YAEREVQFAG,4480.119266055046
GHQNQKG,1140.2385321100917
QVWLGDLWKSG,8161.651376146789
ASLFFPG,10455.977064220184
EEGQRVHLG,1887.4724770642201
PLYRYRYWNDSG,11020.325688073395
FSGGHLFENK,2741.6009174311926
PDVFYLQFDGR,46592.16055045871
QVKNRKHVAG,1273.9036697247707
HFHENRNKHDL,2330.380733944954
GHSYFHASG,4246.605504587156
VPVHADLG,1531.5183486238532
GEAYLRKVASG,3269.408256880734
GYLVYKLSG,16259.949541284404
QNLVAKGFPHL,5889.756880733945
VRYLKQFRWAG,9061.316513761469
FPDSQKKHDWL,2947.2844036697247
FEDAKAGRDEKD,769.1743119266055
VRAKFKAL,1762.651376146789
DNAYLDVG,2826.02752293578
FPGVQHLSPNKV,3699.440366972477
PSDDRPDVAS,1032.2522935779816
EEPLQRERLG,1066.9816513761468
HQYEQRHG,2275.697247706422
EHKGEHRPNVAL,1330.7752293577983
DKPVEYVAL,2838.266055045872
LWEWPDVL,12212.93119266055
DQKALGSPNSG,942.0688073394496
PWNAQDGEANHD,1723.2614678899083
EEQRLEG,932.5871559633027
WASSNSKLSG,2143.798165137615
EHYEHRYWNKH,3527.408256880734
RDARPNGWKPVS,2344.0733944954127
PDSRSQAQNKD,941.302752293578
NEEDGKDVL,1010.1100917431193
LRWSPWLKHS,9977.559633027522
WRSLQWLG,12817.550458715596
PYAKFEPLYHD,8955.981651376147
KNFRYRVSG,3619.2752293577983
NLGGREAGEKL,1033.5871559633028
GDQKKHDVAL,789.8715596330276
SQDDFRHLSG,2074.5412844036696
HANANLRYLS,6891.399082568807
ERQAHVLS,1471.7752293577983
AEVEDPKVAL,804.1743119266055
QARESEHSQNV,1086.133027522936
QKLNNKEPWNAG,1435.51376146789
KSRAKEPVAS,684.756880733945
AQHGNVRNHVL,2920.793577981651
ALQFPAFHVVSG,11177.802752293577
RKEDRWVYNHVG,3664.206422018349
QNSSPNLHDSG,1250.6467889908256
HPSQWENHLS,2923.5183486238534
FADWFEHLS,9575.830275229358
KHYNNVGPDA,1609.6009174311926
NWVWLWLG,27897.26605504587
WKQWWNFYWH,19986.784403669724
LHDFVYSG,8565.275229357798
GNDRVHLG,2112.646788990826
EDLNNDGFEKD,1335.4770642201836
EDLSLKGQKS,806.1467889908257
EWWVSVRWNKD,13850.802752293577
DLHARGKLG,2002.2201834862385
FKGLFEWFYHL,10993.380733944954
KFNPENHVAG,1632.6284403669724
LVGEYRVG,4174.5504587155965
RLGNHQVYWHAS,8439.353211009175
SKLNLDVSG,1341.5779816513761
VAPDPLQEPHV,1306.5366972477063
LKQLQDG,1217.1880733944954
QKSQDEGQWVL,1869.7614678899083
FVDFARPYKV,6772.3899082568805
HEANAFVLS,7975.151376146789
SPNGPKGDVG,1014.9128440366973
WAVYRYASG,13744.344036697248
SESNDESG,830.4678899082569
NKRVNVGQNHV,2056.6926605504586
SYWAFELEVAL,45119.93119266055
WKEQNKQPAG,1730.1605504587155
ESRDAFWPNKVA,2419.5550458715597
HHRQFKHDALG,2794.376146788991
LFDVSFNED,6714.564220183486
NYVWNYAG,8017.977064220184
WWSRKEDS,2060.5688073394494
AGHRSKLSG,1402.4357798165138
VRLDWNKDV,2349.8853211009173
EANARLGQENLS,1189.2935779816514
FRAHFNDFRVG,9326.128440366972
DFWPEYVLG,12526.201834862386
RWEHYKAPDVSG,2800.894495412844
QRNRYDKHQRW,4915.894495412844
EFFNGFASG,6286.651376146789
EDSEKDSNKFEP,769.9311926605504
FGLQGEYWKL,8641.155963302752
QYYPRNVSG,3628.7798165137615
LWGLEAG,3935.298165137615
YDDSSGYNDASG,2010.8532110091744
FEHGQELKGDS,1260.7339449541284
EFVRRYWNHA,7426.995412844037
YVSNNHDYWVLS,12320.729357798165
WSHRDANHL,4755.293577981652
EGNAASYLG,2266.798165137615
PDRWWHLFVLG,28565.623853211007
KHLAGKHPVSG,1531.4220183486239
YVQSQFNRWHA,9915.19266055046
FRAFSGQQPHL,6494.564220183486
QVGVNKVPWNVA,2937.862385321101
VNSHEPWKHAL,2958.9954128440368
SDENGNG,985.1146788990826
WQKSPAGWAG,4269.954128440367
EFFAYNG,8416.80733944954
WEYRHQPWD,14093.885321100917
HWNQHRYWNKAS,4881.954128440367
EDDWEPKLSG,1743.6834862385322
EDFSEANDLS,1666.5504587155963
RADQQFVL,4724.6100917431195
FWFDVEDSFG,10424.477064220184
RYNVVPHVHDS,3267.3119266055046
KFWQYGFYKHA,7997.692660550459
GFWEFKHSG,6438.4908256880735
LYNDGFRWRPVS,10479.100917431193
HVNQPSFEKVSG,1634.1376146788991
EYKHDHRHDKL,1495.6284403669724
KVRHLEPLND,2162.394495412844
GDLDHLSG,1666.8761467889908
GPDVAYHWAG,4103.518348623853
AVFEHAAG,1825.9816513761468
DGEHHRYHDVA,2826.0137614678897
KVKRYDPYVA,2558.6743119266057
LEEQHASG,1117.5
SESKYLG,1920.0779816513761
LEHWARPYNKHG,4512.587155963302
RGPDWHLYWA,14178.495412844037
EFEFGHDVALG,5257.155963302752
AYVLKGFDVLG,11616.385321100917
WLDRKFYNVAS,6779.380733944954
HPAWFESG,4051.853211009174
EVNYDREWNHS,2813.3119266055046
SPVEVDLSG,1178.1880733944954
PQWEGDLS,2382.1100917431195
SLNALWKHG,3438.091743119266
EARQDAFRPNS,1300.6100917431193
RGYKKDFKHVL,1887.6467889908256
EAESHGEPDS,963.0183486238532
YQNYKHFYWKD,6246.59633027523
AYYAQLS,4375.059633027523
YVGHYNDSYKV,4572.284403669725
DSEFRNAPYKV,3038.7522935779816
RHDVHVGRNVFK,4038.0137614678897
QYGFYSFYWQR,11579.215596330276
VDYVKVSG,2572.0550458715597
RKNKVGAGNVSG,881.7844036697247
KPWQNSRNHLS,2601.830275229358
EGHNAQDG,1080.6559633027523
KYFGVLG,4014.302752293578
YPQWVWSG,11623.399082568807
RKKYDVEPWK,1218.5688073394494
RPLLRNDEAL,2731.045871559633
FHGPYDDQRPYW,13984.775229357798
GQRYFLGYWG,16620.79357798165
HRLGRNLRENS,2475.940366972477
LDEPKGLG,1243.48623853211
NQEWWKHFDAS,6116.720183486239
EWNQEGYNYDA,4812.628440366972
QSWVPHWKHVLS,7704.123853211009
NQSKEKSG,669.7706422018349
LVSWDHG,5273.798165137615
PVEHVDAFNKD,2034.0366972477063
QNKHAPAWKSRL,2328.743119266055
NEGVFSG,3154.5045871559632
KGSPNPYKDVAS,1167.394495412844
NNDWKQAG,1104.5045871559632
ASNLNANKALG,1277.3761467889908
KGSPDRWKAS,1130.7568807339449
AEKWEKASG,949.0229357798165
PDHNVWNKDAG,1261.940366972477
RDDSASHDALG,1354.619266055046
KHGWVEGQKDV,1153.6697247706422
KKSVQNG,684.4587155963303
KVPHLDSQFNL,2907.5733944954127
RYWNSVSEGFWK,7579.348623853211
QWENWHLRPNA,7134.522935779816
KFVHYKVAL,6032.711009174312
ALRFYNSFNKHS,6059.536697247707
AEFWQKALSG,3192.9449541284403
RKASQWFDQWA,8259.614678899083
GLQHPDSG,1258.3577981651376
DQKHSPHEYKDV,929.6926605504588
DEGPEHG,1212.3532110091744
PLWKKEYNKHS,2007.4036697247707
YHGPVQNVRPH,2920.380733944954
VKDKYDVSG,828.5045871559633
HEKGGYHSG,1744.073394495413
QNWPYGALG,7590.614678899083
ARHKQDVAS,816.3990825688073
YKEKEVFPG,1468.4770642201836
WYRFALSG,10322.243119266055
SQWGPLVLS,15018.490825688074
RAHWKLFPNDA,3730.380733944954
KSFVGEAQENKS,712.5917431192661
GQAESLSG,982.697247706422
SRFHVWVG,11684.899082568807
KVAADFEYVAG,2693.793577981651
PGVHGVASG,1354.454128440367
ESSRGNALG,1188.532110091743
KDGPDVSEFYV,3359.564220183486
WLSWYWAGEN,8648.02752293578
FNSRDSQPEHG,1493.7339449541284
EQPDGYDEHVL,1616.8440366972477
KEHFDEHLG,1840.105504587156
WKSFLGRHAWKL,7917.917431192661
KNAPGNVS,1152.4357798165138
PLFVEQRWG,13974.091743119267
AKLGWFAG,6590.344036697248
KDWRPAQEALS,1441.3623853211009
QNVVEHSFLSG,3622.678899082569
GYDYDFSG,6445.48623853211
EAQQVAFVAG,3472.7798165137615
NANPYFNHDS,4076.261467889908
QGWAESPHG,2369.0045871559632
NYQGKLG,1973.165137614679
RHERNHAYWHA,6041.720183486239
VFYDNVRYHVSG,8389.215596330276
KQVRNPVLG,1825.165137614679
RLYPDLQFNVG,10144.720183486239
EGYFNSEPYG,5086.082568807339
FAPGAGYWHVL,12134.330275229358
REPGDGRPKGDL,1131.211009174312
FRRGYKGPHDLS,3746.7201834862385
DVNERNDVSG,1035.0
YRQPLEPG,2601.2798165137615
GLGHNLSG,2178.3577981651374
QNFWHSYLGWDS,14888.756880733945
YRHLSDQKS,1940.7385321100917
LVLKLPNL,11415.816513761469
YQWKNAPDSG,1629.8165137614678
GDASRPQEPWHS,2745.2247706422017
WHSVVLGWVALG,26099.110091743118
WYFLGAG,6873.743119266055
VSDPFYALS,7531.188073394495
DFPNDQAREKHV,1226.4036697247707
WPPKLKG,2079.3715596330276
VWWVYSG,17613.711009174312
FEPAHSGHLFRY,11496.036697247706
GFAAGYSG,4586.747706422018
QSQRWRHQRAS,3680.922018348624
KFVSWVNHLS,7767.532110091744
HFAYEWSG,9147.45871559633
NRRWKEDVALG,2205.8990825688074
AVKAYLSG,3229.1009174311926
RYNEGQDRYDVA,3084.3577981651374
DFGSFKHDSG,2223.1009174311926
LGVSERDALG,1678.1788990825687
EEDYGQFSG,2309.8577981651374
LNHRQYLG,5027.229357798165
NQWKHFVEYKVG,7519.51376146789
ALRSHSGWG,5163.848623853211
DAWKNHQPNK,1616.6605504587155
WHEHYWAQFWH,18978.07339449541
VHARYQELS,3050.4266055045873
WHKNALREHAS,2037.3990825688074
AAGHQVASG,1170.532110091743
FFQDDAS,2488.4908256880735
HRGQWYALS,10068.08256880734
KEHQEEPLG,766.8623853211009
HDFRFEAPKHD,2735.637614678899
ANVGSYDALS,2293.8119266055046
YVQRRYHGPYD,9621.169724770642
SAGSQWKVLSG,2315.967889908257
NHEPVYSREKL,1990.133027522936
YLAFRKEWKG,4146.711009174312
ASFGKVLNLS,4545.077981651376
EGWRYREPWS,10991.715596330276
FVHQNHPYNDG,4084.7247706422017
RVYPKRPYHDL,6438.697247706422
DSLLGESG,1411.059633027523
YASRYQFNED,5928.412844036698
QQKHYDEPYKL,2297.064220183486
VAAVRWALS,8278.761467889908
VRPEWSRPWVA,7371.064220183486
FNKFKGVARVG,2630.5504587155965
QPKDWSWVGEHG,3330.853211009174
WASSAQPYK,4063.0412844036696
SDLRQKLSG,1575.3211009174313
PNEPNWYHDVL,8241.678899082568
GQAHSASG,1038.8761467889908
ESFNGNGYHAL,3856.5825688073396
RQPQASFRKHLG,2406.3669724770643
PKGKSWAGPS,1431.866972477064
QLNRWLRPHD,7779.3302752293575
NHVRLPNHKVS,2211.788990825688
KPAKHNDSG,639.3715596330276
NQYDVKDFALS,3512.711009174312
VEPVEVLHSG,1871.7752293577983
VSWLRVWNALS,14662.348623853211
WLAGGNSG,3120.5183486238534
QQQPNSEYNKVL,1429.2798165137615
ASRFLSRYASG,5265.366972477064
GFESDSQWND,3935.2247706422017
LWYRDLSG,6370.302752293578
GFSHFKALG,4978.720183486239
FNHNKQFHLEVS,4314.311926605505
YFQLGELSG,3843.3990825688074
KSWLNVRWHAS,7351.417431192661
YRSWPNALSG,5022.926605504587
FDKQNHFWHA,6168.600917431193
ELHLQLWDL,15919.385321100917
WNQKSGYQHVS,3054.0091743119265
FPWYSQEKPWA,10807.701834862386
RRLYFPVG,10043.12385321101
EALRVSNAFWD,13133.90366972477
PQFDHQRNKHVG,2210.678899082569
PWDLLSEYEDA,5202.876146788991
QQRKHLQFRDVS,3277.683486238532
AEDEQPDVSG,935.0275229357799
AQAQSQPLG,1093.967889908257
HGFSDQEPWHDV,5267.977064220184
NNQVKHDVA,974.4128440366973
SEYFSFREPNG,4434.481651376147
FVWENAEWDA,6874.518348623853
VSASHLGKHVA,1959.7201834862385
FQWSDAQYALG,9311.922018348623
QPRWSPKGPW,8428.798165137614
PALPSEKPYDV,1306.5183486238532
LYLSPEKG,2012.0504587155963
SEQHPWG,4246.6100917431195
ERQANVAG,979.3073394495412
DYFEYNQLG,8121.197247706422
EHLGSHSFEA,2249.4770642201834
RQANKPHG,1290.848623853211
QSYAFEYNRPHG,6264.954128440367
HQEAHVEWDA,2901.151376146789
DEPFAGQFYK,4307.206422018348
PRQYKWHSG,3212.967889908257
YGGYRWG,8455.316513761469
ALDEPDFEPNL,1987.4587155963302
NPPYWREG,5401.357798165138
QELAEYEPWH,3611.467889908257
QLSAQKHQPL,1899.545871559633
DRYWFSYVG,19691.577981651375
FWGHLEDREHG,3492.3073394495414
LDLDWDSG,3486.2155963302753
KKGPYHEG,1164.894495412844
NDDHFNVG,2388.711009174312
WNHAWDAPKVQP,3506.6009174311926
YWPDFAQDALG,7107.408256880734
NKVEHQKQPA,935.1330275229358
VSKYFEDVAS,1801.9357798165138
EYNEWGFYQKH,8727.95871559633
SHVERYNKHS,1761.467889908257
HVVNSEDASG,1246.559633027523
FWRGFHQAL,10243.853211009175
WPEDNKSG,1484.6880733944954
YWFDELGEYWND,11686.532110091743
SHRNQNSG,1492.1467889908256
YDRERPHGQPVS,2540.6330275229357
YHHPWAEPWHDS,9076.47247706422
ESDWKGEYNHDG,1750.605504587156
EWKKGQNFYWK,3629.816513761468
KQHQVGVSG,1075.0229357798164
RDHHKSG,1146.9036697247707
HRFVVAG,6532.522935779816
LEYAQDRHA,2493.348623853211
QNWHYNLQRWVG,13724.018348623853
QGQNEPHVSHG,1574.8990825688074
ALGESQWRDA,3982.2247706422017
QFNEVRVNVSG,6781.004587155963
DQYVHVWDVAG,5531.766055045871
DQPKKAGQWK,893.8119266055046
VGWGHQYKAL,6210.766055045871
DYAKWALSG,2753.9862385321103
QFQAGEKEHVLS,1172.7935779816514
ARNLQWKRPWKA,3659.2752293577983
GEEKDPLS,698.1788990825688
EEYSPYNAYKLG,4664.316513761468
VARAALWNDVG,3596.7201834862385
YRKWWNDAS,4317.004587155963
GYPDPHVA,2305.298165137615
EFSFVAQRPW,16566.26605504587
YAWKREDYHLS,4028.1146788990827
PDPRHQEKASG,767.6743119266055
DPAKNDVALS,741.5733944954128
SYNLSGVPYKVG,4118.371559633028
NRRWFRLG,10699.059633027522
LRGVEKSG,1361.045871559633
VKGDLPHVALG,1826.967889908257
DLRDPKWHDS,2052.243119266055
QLWEEKVLS,3394.4174311926604
YSWLHDNHVSG,5696.573394495413
HKHPQPAL,1879.165137614679
YKKDQRENSGQG,973.2339449541284
ESPQELWAG,1598.151376146789
QPRGERELSG,1086.3990825688074
DGASPKNLSG,851.3715596330276
FGPADGPKHS,1258.4770642201836
PPNNYNALG,1923.1559633027523
KRWKAAFVG,2701.105504587156
EEYEDPYWKAL,3870.3348623853212
VSPWNQQFENKA,1700.573394495413
YSFRSGKGQRPV,2860.9311926605506
YQVANHGFEY,8335.371559633028
WSQKKDGFPNVL,4424.275229357798
EGGPHAEPWDL,3310.032110091743
FEKVDSEKQYKD,815.0733944954128
RDHVDGEPNA,1427.3715596330276
SRESHLYNDSG,2684.2752293577983
SEFFEWKVS,5312.582568807339
YVVEGPDS,2101.5412844036696
QVLPWSKGQRKH,2525.6330275229357
RLVYEKVG,4195.880733944954
LFPSPDPYLG,5398.119266055046
WKAHPKVRHVL,4360.862385321101
QRGYKSPNDNHG,1776.211009174312
ELGNRPLEPYK,2301.440366972477
DAYKLPWSRNVL,7749.697247706422
SALSGYPVAG,2792.6926605504586
RNAHDGNAPNKH,1479.51376146789
HYDYPVALSG,5254.481651376147
FNVPYDPKSGY,4008.4633027522937
RRQEWGFYWL,22829.366972477063
EERGPVALS,1931.6376146788991
HVQHFNFWVS,20716.844036697246
FNHFWKENHQE,2438.9587155963304
HGFFGRWNKV,7133.114678899083
GRWKVYEKHAG,2748.545871559633
SGNHYASRLS,4111.036697247707
FPFQGEPYNDV,6453.871559633028
PWDVWSFERYH,26875.25229357798
RSNHGQGFWH,7907.243119266055
HAHQGASG,1132.0366972477063
SNDPQYVG,1692.5642201834862
RWDGRNKQRPWP,6997.738532110092
EQQFHLYNHALS,4994.738532110092
RDQLLSFRPNA,4289.6697247706425
YARPSWNKHGQH,2577.770642201835
DFAFWGRWKHG,7529.954128440367
FVSPRPYDRYN,7406.518348623853
PHYASEWRYH,11214.871559633028
DADNWNHDVA,1884.366972477064
VEKVRKLFHLG,4943.752293577982
PWWLPWREWNVL,32219.5
SVKDHLSG,1191.3165137614678
SSEGQYWKHDLG,2286.243119266055
DGDHRHASG,1254.5091743119267
FDWSSPYLG,8731.151376146789
SHPFDSG,2736.348623853211
GEWGNREYNSG,3588.52752293578
DEEHQKAG,889.9633027522935
WYQHVWLSG,14111.550458715596
YQPQLQFRNKDG,2765.4862385321103
WYLESHLG,9862.48623853211
DGEWGQVRDV,3290.233944954128
KDEQWVQFRPD,3601.238532110092
YNNKKAYNSG,1477.2293577981652
AFGQGFLSG,5109.091743119266
ENVGAGFRDFWS,10326.97247706422
HLDWNDRNLS,4216.917431192661
QLVPVYDVSG,4268.839449541284
WPLNYVLG,16484.275229357798
YSHGPQEWKVG,2579.651376146789
QFRHFLFDLYW,17449.155963302754
EGQDGRNHSFDA,1888.8623853211009
PAEVENGQFNVL,3020.408256880734
SSRNNDVLG,1717.6422018348624
RRKLWGQWNKL,3657.5
YVFGLSNDSG,3701.9266055045873
RRGPWLWHVL,17222.683486238533
FSQDWHGYKHVL,7705.963302752293
KEANHRPNG,1249.3899082568807
EDLEFEDPLG,1784.288990825688
ERVQPSWVLSG,4620.022935779816
KHSNRKLFEL,2229.261467889908
HQAARHLSG,1845.2064220183486
GYEVANAG,1623.9495412844037
AYDEEWVALG,3708.9266055045873
NRVSSFKHVLS,4738.05504587156
FQNPPDSG,1480.197247706422
FSFKYWHADAS,4115.8302752293575
FADSAWDAL,4807.064220183486
NVGSALREPYG,2848.5137614678897
AFQPHLWKAS,5289.165137614679
KDLDAFNWKHV,2894.0825688073396
DQAHQFSG,1825.1788990825687
ASDFEHAPKHVG,1317.1009174311926
EQWSGNDPKHA,1209.5366972477063
AGRQSEPKHDAG,887.605504587156
EAVSPNYKLS,1261.619266055046
HAVGHREPKA,1027.5963302752293
NDRSEYHKHDV,1566.105504587156
YPWWSNHDS,7606.307339449541
QWQPALQGRLS,3551.348623853211
HNHLVEKAL,1734.2522935779816
SYVNKYNDALS,2197.697247706422
EALDGEWFRPYL,12637.224770642202
AEVWEALSG,3661.793577981651
NQQASFLG,2450.9174311926604
LEHNRYLSG,4008.6146788990827
AYFAVLSG,16812.0871559633
NHPNDLEVYAL,5949.247706422018
PHDREYANKLEK,1478.3211009174313
SWNWNFREWKS,6545.784403669725
AEHLLFEDAS,3871.9587155963304
NGWFPDLPVAL,15930.495412844037
SREDSVLFNV,6266.733944954129
DQPEPKRYS,948.3256880733945
QQRNHWVFRWDL,18923.07339449541
HKQKAHLS,1166.908256880734
FLYLEPEPYA,10277.91743119266
QYHNQPDSGQNK,1145.4311926605506
WAFNQFARWNAL,18074.481651376147
SHARVWNG,3530.4954128440368
ASVHKVLSG,1428.7155963302753
EGLKNKHVS,907.8440366972477
SGQKADAGQPG,924.302752293578
RYPFNGPWHAL,14763.871559633028
EYEGSFHG,4222.674311926606
HRDHVWHDL,5977.587155963302
RKDSWVYAFYAG,15531.729357798165
FDSFHLYKHQS,3757.4311926605506
KSPKDPQYDL,856.2798165137615
QVKWEWHDVA,3536.683486238532
EHHFLQWNS,5207.022935779816
AAFWHPLSG,7659.747706422018
QQDHGEAG,852.9495412844037
PNSRFPASNLS,3070.967889908257
VDFPHYVG,5570.711009174312
GLRDDASG,1469.5825688073394
NFAVNHSG,2724.293577981651
AWKADPYKVAL,3900.880733944954
FFPGASEPKL,1986.7568807339449
DNGPWHYG,7521.614678899083
REVDKLSEYWHV,3375.7247706422017
HDHRSGHS,1560.1834862385322
HNFKWKAL,3546.711009174312
WAQNDSWKLREY,7426.165137614679
NFPHFWKVGFEW,21616.20642201835
DKGHVGG,1021.2247706422019
KQVNKFWKHVL,2738.619266055046
KAKSENYWVAL,2821.729357798165
NSQGAYHASG,1644.4908256880733
QNEGVLQEYNG,2087.605504587156
PEDESQNASG,779.2201834862385
QSWHWSQEPHAL,6082.022935779816
HSGRWLQRHWK,6118.266055045871
YENFWNVQPDL,7985.871559633028
QRQHGNKSEPYV,1984.5688073394494
VQRNGWEPKVA,2330.6422018348626
KRQWFPLG,6162.426605504587
DHLQSNALS,1629.2293577981652
GERWVWKDLG,5376.692660550459
WHENVQDLQFN,6667.4495412844035
VSKVEWKSQNH,1475.2660550458716
PWKGVQSPKSG,1553.9633027522937
YAPNWRYHLS,12178.839449541285
RFFLYHL,17181.467889908257
QNESKARPYNV,2436.7201834862385
NFDRDFYNDVL,9775.61009174312
WKSLFRKRASG,2157.2155963302753
RRDHKSG,903.8807339449542
GHYDEKLSG,1534.9954128440368
EEPYNSNLGQK,1131.4036697247707
FDFFGPWNKV,6447.844036697248
WNWFGQEPKAS,3540.3394495412845
FDYDLSKWNVAG,2750.9587155963304
NREPHQALEKH,1412.3990825688074
RENYKAYLEWL,7621.885321100917
GNKSDPKASG,703.9082568807339
NDVRYPWNFPKG,6781.995412844037
ARLASPLG,3253.7201834862385
GVKVYKDVA,1986.4357798165138
NAWPLYNHALS,10894.454128440368
NDESVQRENV,1207.454128440367
KFPQKQEPKHA,779.3853211009174
RLPLEQHAG,1710.9724770642201
QWFPAFQKDL,8928.697247706423
FRQFRSFDQDG,6103.6100917431195
KSVRYGHDVG,2163.793577981651
EKREDVFWDLGK,2910.697247706422
QVPLPDRYNDLG,2675.853211009174
KRGNVFVALSG,7422.724770642202
LPKLFEPHQFRH,5652.435779816514
ASPDFNHSPK,1122.9954128440368
YRHYRYDLS,7299.220183486239
VRDEKYHG,1293.348623853211
EKKNVAEPNL,660.651376146789
FYARDRKQRDVA,2309.5
LRLAGWLSG,9466.270642201835
KPDFSRVG,1294.2935779816514
EVGKNKNDVG,681.1192660550458
AEAQLDVAL,1971.045871559633
DQSNREG,763.743119266055
EPHPKAFDGWDV,3010.5504587155965
QWQAPYNQVSG,3828.238532110092
AYQYQHLG,4402.435779816514
RPAVNAKDALG,1577.5366972477063
ARHLQLHVSG,4380.940366972477
QPYDAWNWKVWV,21387.816513761467
HYNREWHES,3819.1009174311926
NYFGQEPHV,3850.2155963302753
WGSPDYHDVLS,7287.220183486239
DQVNNKHLSG,1121.426605504587
SFRQFHALFKD,7911.922018348624
NSFVPVAFEWKA,11484.90366972477
ERLWWKSG,4475.0
WVGEKAEVSPKD,1160.545871559633
KVHHKDVASG,908.0779816513761
KWVRSNHLSG,3555.045871559633
VRLENVYS,5257.784403669725
FYRQASGNKL,3125.6422018348626
QAQHVLGAQFKD,3025.8669724770643
QRQQYALQWN,6159.174311926606
QRSHPHAYAG,3618.3394495412845
RYDWVEPHVYHV,14211.48623853211
ALRDWHLEDLG,5225.394495412844
VYSKGHVAS,1929.9954128440368
EVERSNHSG,1304.3119266055046
AWKVHYWKHVL,8564.697247706423
YWQLDVGPYAS,13380.399082568807
WAPHWHQHG,5469.422018348624
NWHENEYAS,3511.793577981651
FFHRWQYG,8562.79357798165
GGQSGNSG,987.059633027523
DFSPGFAG,3724.4311926605506
ANHVYQEWL,8477.756880733945
GLPYYAL,15968.844036697248
YLYKWHWKG,5607.885321100917
LLHGQPWNAG,4584.724770642202
KSEGRDKAS,638.1788990825688
QHWVPHAVSG,3587.0045871559632
HAQKHEWQEWL,4955.954128440367
HSHYHQRPYS,5857.256880733945
NPGLFVASG,4945.082568807339
VEEHWDAL,3809.8577981651374
KPVAKHLPLG,1349.3302752293578
KDKAVFWKHA,1677.802752293578
APADYASG,1298.8073394495414
NDYQLSYWKAG,4483.068807339449
RYLSGSFYGKH,6887.348623853211
EFKYQWNHDL,4431.293577981652
QALDLRYKEKHG,1954.467889908257
FPGKVSLNHL,6065.5
DVYGYNHEWNL,9346.98623853211
SPLYDNKDV,1572.2201834862385
ARVAYKHPG,2178.8669724770643
FVRRQWDVAS,5746.408256880734
FQKWLYSG,8672.004587155963
QRHNAQERNKV,1291.2614678899083
HWVHQDVL,5945.6100917431195
NRAGKFHSG,1986.3211009174313
WEAYYNLG,8620.444954128441
KYKDFLFHG,3578.3899082568805
VEVNAWDLSG,4197.302752293578
WKRPRNSGQPWN,4275.087155963302
GPFYRWG,12200.01376146789
QVLLRNVSRWA,12855.077981651377
SWYHSYSG,6599.775229357798
DLVKHVWKDAL,3078.0550458715597
RWENKSWLRENA,4097.591743119266
SQQYGPLS,2461.8256880733943
PRKFLQWNS,4729.183486238532
GWVEFRVG,20066.701834862386
DEPWYVLQRYVS,25025.30733944954
AYNLKARNVAL,4076.4816513761466
RHNDNSPYNKV,2039.4495412844037
VPLNKLSGQFND,2158.2844036697247
WHNQLFRENHV,5940.527522935779
ASDNLPAS,997.0825688073395
RNFPYGYVWKH,11150.45871559633
LFYNKWGYNVG,5736.917431192661
WDRELVAQNLSG,5309.44495412844
LYGSKHDAG,1870.380733944954
EVSAWHQHSG,2309.738532110092
DKGPDKAS,504.2889908256881
ESSKDKDLS,513.4816513761468
LHWHDRG,4522.917431192661
YNKQYLPHLSK,3583.935779816514
YRQPREALSG,2327.816513761468
SLEKELSG,794.7522935779816
NYVRVQPWKH,6776.587155963302
GPWANGREDAS,1604.1788990825687
DALYNVNVRHDS,4371.577981651376
AKSWARVSG,2418.9770642201834
VGLFSNSG,3602.123853211009
RNAVHASKS,1053.1697247706422
RNKDHQSFEWKS,1721.8853211009175
RAPESQYKDA,946.7064220183486
DKRKVPYNHLG,1832.032110091743
DRVHYHG,3240.1926605504586
EHQDEYKLWNDG,2188.02752293578
VARDQVYWNHG,4470.98623853211
SNQKLWAG,2817.2522935779816
RHPHQDGWNKA,1823.788990825688
VESFFEPWKG,7027.564220183486
YVRYSFAYVLS,25255.371559633026
YFFSFDVALG,20013.4128440367
RFPWPSGWAL,19634.389908256882
VFNFKLNDVG,4144.431192660551
SQSRVWKALS,3360.47247706422
WVRDPGYNKG,3228.5825688073396
HVHALYWKSEDG,4292.293577981652
LDAQKFKDG,1405.3073394495414
WVQKAFEAWHD,7876.857798165138
RNQKHQWAEKG,1315.3165137614678
RPEANVSPKDS,894.6146788990826
VGERHVEPDA,1400.2935779816514
HFVELENDVG,3371.3990825688074
WKYVQENDVPNA,2079.7752293577983
AQLFEVFVG,38742.463302752294
VWWQYDLSG,12453.522935779816
EAKLALPDALG,1417.394495412844
NQLRHDAPYVL,9909.201834862386
GAGNFLG,3010.454128440367
YQRNQSQPKHDG,1694.51376146789
NPASEQRKG,659.3990825688073
KWPNSPALS,2199.8073394495414
HAVERNAG,1354.2752293577983
YNQNRVLWAL,15670.353211009175
PYSYFRKDQRA,5178.706422018348
WGLSDVEPKD,2123.935779816514
AAGVKVLS,2064.243119266055
SHWSRHASG,3471.1605504587155
QQFAGRGRPDG,2732.756880733945
SYNERPWHDLS,5684.091743119266
RAPFNHDDAG,1996.7247706422017
VAHKVNVSG,1176.4724770642201
VEFDGFDAG,4400.876146788991
SGHSPVQWAL,6553.95871559633
FRKAVGALSEWN,3776.2844036697247
AWDVVLHVLSG,21369.224770642202
DNLLDVLSG,3076.0825688073396
FVGGPNAPYNH,4604.59633027523
VGDQWQYWKAS,5144.853211009175
WPHYLRPYHD,15202.646788990825
VGHYAQYNDS,3161.6559633027523
VAYDYSGNKDA,1781.2293577981652
WKWENFPDVASG,3795.169724770642
KWQHPHSG,2215.256880733945
QLANDFHLSG,3355.5
DVSLFPARYWDS,13349.422018348623
WQYWNPWQYS,20690.559633027522
QPGFSNHGKDV,1963.7935779816514
DRDNAHDSG,1101.8990825688074
RHKKEYHDL,1219.5183486238532
KGPVHLFEPWS,5654.288990825688
PAQHGHFWKHVA,3956.9174311926604
FFPQKFYWKALG,7231.793577981652
SKPWHPASG,2175.770642201835
RLNDYVQFEK,3593.0091743119265
VVQYQALG,3449.4036697247707
DPHPNQNKHDAG,946.0871559633027
SNLQPARG,1921.802752293578
REHARDQEDSL,1103.8440366972477
DYHPHQEHDG,1979.5550458715597
QDLPDQPLFHDV,3713.293577981651
YGLEPGHS,2308.743119266055
DWYLSWG,13918.830275229358
VHNFYVALSG,14789.316513761469
FQAWGELG,4405.146788990825
EDPSRKARYVS,1506.1926605504586
QQEGRKDYG,1328.6376146788991
EASFWEPLGQKD,2535.197247706422
VKDWRYVAS,4508.628440366972
VKRPNHWLG,5111.6100917431195
FHKSGHGRYNA,2912.6880733944954
ALQSYWAVAL,15589.912844036697
ALGKEPDAGEND,903.4220183486239
VVQYDNVG,2533.591743119266
YSHPRELSG,2172.894495412844
FWPQFELHLSG,15403.967889908257
EFDQLQYWHA,7627.48623853211
SNHRAEHSG,1226.908256880734
YPEVVSG,1662.6605504587155
EHEFNALPYVS,6666.701834862385
RDDDKHDVA,1006.1467889908257
FSVFRDNDVS,4197.715596330275
LYLPNYDL,8057.743119266055
HQFYWRAQFW,25163.701834862386
VEHVRSDLG,2332.6009174311926
RWLLRNHEPNAS,4050.0504587155965
WDYVRALPKG,4738.01376146789
NRKFGKVG,1359.4954128440368
HHHAWVAS,3822.2752293577983
QWANYNYNSG,4818.247706422018
HVNNQNASG,1263.9908256880733
SPAGKSPNDAS,602.5275229357799
SHNGRALSG,1641.7155963302753
AWFNVVAG,8663.733944954129
LKRYYKVLSG,5106.137614678899
GYPWWDALS,14085.316513761469
SEVWPWVA,11230.995412844037
KNRAGVALS,1390.408256880734
QLHPLEYWKHVG,6123.660550458716
PVPNSFYSEWHL,11029.963302752294
EPQLQYNSGLG,1980.1238532110092
LSDPLQLG,2002.591743119266
HAVKWVLG,5203.334862385321
DPGRNFDS,1906.9724770642201
RKHHGEYPWDLG,4504.6697247706425
GQNGNPVAL,1570.7706422018348
HRPYRNEHVG,2693.9954128440368
QNFEWHFYSYN,11459.642201834862
KPRGFDLSG,1699.7981651376147
WDPGSNLSG,2662.3348623853212
WPPWGKSG,3590.9816513761466
FRLVKHEPVAS,2973.1651376146788
NVAWDFPWKYKD,8288.715596330276
QFNEFRNSEPDG,2866.201834862385
FYFWHVAENFEK,5309.243119266055
DRAFHDQYK,2303.5688073394494
QHWDEPVFEV,5890.573394495413
DEVQSRKSG,903.1697247706422
ADLQEPNFK,1313.0504587155963
NVYNNKDVEPW,3886.4862385321103
HFGWHWNG,9462.178899082568
DPALERDVG,1043.2752293577983
GDRGRVALSG,2483.4954128440368
FHFFRDPNS,4491.233944954129
LVKDRHDV,1401.0412844036698
LSPPFRYWNHG,6884.5091743119265
SGNLFWGQELSG,4409.798165137615
NLAFNASNKV,3028.376146788991
ELLLFWLG,37026.293577981654
DAQDEYRNVLG,2134.1422018348626
HDLSVRKASYW,7293.036697247707
DDAFDPKLG,1688.7247706422017
KEHNFKDG,1127.9908256880733
ESSAVLG,1270.532110091743
SFYGVRYNKHD,4698.1697247706425
RYQHQRGRENVL,3743.0550458715597
WDKDVSKFRHS,2517.330275229358
KHKVQFRHSVAS,2027.3532110091744
RPFSGEHSWK,3375.669724770642
YLNKFWNARVG,6534.422018348624
DYSVSHG,2431.302752293578
RFNGPFRNVALG,7957.967889908256
LQPYAHQRPNHD,2995.2155963302753
WVNVWGFRPH,14096.747706422018
WYSGHYHG,6192.206422018348
HDLENSPFENKL,2845.591743119266
SNWHYDVSG,4767.334862385321
QSKGAENKHVS,809.9770642201835
PLRVWKLPKLS,6568.798165137615
VRDLHSPKSG,1528.0825688073394
GFFPRPG,7736.495412844037
NHRAYLREYKG,3881.8715596330276
FAVVPWG,10471.899082568807
GWQNNDVALSG,2850.619266055046
KGGKGNKHSG,701.0
KVDSKALWNASG,1326.2798165137615
KRPQVLRKD,1026.0229357798164
GQLDSLSG,1446.059633027523
SYHWWKG,5985.394495412844
HSVNAHVLG,2760.830275229358
PYQLYDVWNKL,13017.651376146789
WVKFYHDSNK,4485.431192660551
SGNQRNEAS,860.2201834862385
WFRAVLRNKDV,6149.954128440367
RLPLNDEYVG,3033.5
YDEFSQWDAG,4630.761467889908
REYKWVYQEKH,3546.577981651376
KRGYANDAL,1987.2522935779816
LPSVKDLS,1069.2064220183486
YFANQPYNKS,2971.238532110092
VRNNLHDLSG,2583.5963302752293
DFQRGKLSG,1983.1009174311926
KAFLGDAGRYG,4844.834862385321
RHEDARESLSG,1394.8761467889908
FWAVLGFSFWVL,22824.775229357798
HKLARNG,1824.8899082568807
QHFHYLQKSG,3238.587155963303
HYNEADVSG,1588.366972477064
NYEWFEWNHL,15996.045871559632
NEQSKVLSG,1204.091743119266
ARRYHKAG,1428.2752293577983
QQEKRLQWS,2837.2522935779816
VYWLVWKHDLG,15241.399082568807
YQLNSPHG,2888.3348623853212
DKHFRQFPNAS,2459.4174311926604
YHWDYGRPSG,5380.880733944954
HPSALFAG,3300.3348623853212
HRHYNEYHVG,5419.715596330275
SEAKSRALG,1343.9816513761468
EPNNAWKYKDV,1607.7431192660551
NQLWGEKLSG,2283.2477064220184
FHDYEPYNFYAL,21303.642201834864
VKGFVRYWDLSG,10135.229357798165
RLYGHLGQFRHG,7075.931192660551
REQKNKRWVA,1224.1559633027523
HKPDSRAS,1088.1284403669724
NSYHRLFEDA,4336.298165137615
KHDQPKFNREKL,1039.802752293578
HSANSYVG,2820.5550458715597
WVVSNLFRDVL,19866.743119266055
PNSQSGDVQG,1146.7614678899083
NNYVPDAS,1766.7018348623853
RRSRYAHAL,3770.2844036697247
VFHSHDRENHDA,2069.733944954128
VHVKQNASG,1112.467889908257
SWDEKQFRYNH,5190.137614678899
HLRHSLWDAS,6403.412844036698
HYQFYFLS,18648.711009174312
DSAEHVPYNH,2184.1009174311926
KEDFFYDVSG,4138.472477064221
KSVQFKRVAL,2978.353211009174
PSENEVPDLS,1176.9816513761468
RVFANKSPNDL,2615.206422018349
NKQNWGEWHVLG,5848.532110091744
KHEHKDEKHDA,704.8669724770642
WKFAPWLDLSG,14673.215596330276
YVVAVQPYKH,9153.628440366972
DRADNALG,1260.788990825688
WGRDQWREPVG,5930.912844036698
GHFKRPLG,3275.5183486238534
EKRDDPNKG,696.0688073394496
YLFDGPLRPLG,10933.52752293578
GPYWPYFYVL,34725.24311926605
DYWAKGEPKHDS,1639.6926605504586
SNQHFVLS,5814.362385321101
HLVLAEKS,4756.573394495413
FDNQRWFPWHVS,17912.10091743119
QDVKGVPWKLS,2084.316513761468
SNQFWAHVLG,11038.981651376147
KPRWSNG,2090.6880733944954
SFVDSQKDVLS,1883.133027522936
SVQFHDNASG,2323.8577981651374
HLYHELQENHG,2801.9633027522937
HSSHPNLSG,1669.01376146789
WDWHLAKVSG,6208.532110091744
PPWHVSPDEWN,4979.422018348624
YQANVPYKDS,2212.47247706422
FEAVHLFNG,6647.733944954129
WVFNAEKHFVA,8468.752293577982
YFNRQEYWNKA,4131.5504587155965
DKPNQYSG,1261.9954128440368
AEWRNLWKHD,6060.325688073394
VRKQPWLGWVA,10761.738532110092
QVPWPAYKHG,3745.02752293578
SQDEEHDVA,870.3853211009174
EFKGPWVAQHVA,3124.5733944954127
AFKNLWVSG,5563.353211009175
LKHFKQPHLG,3146.3853211009173
RYVLQENEYNKW,9146.01376146789
NAWWWNAL,19685.94495412844
YAGANSGWH,5472.866972477064
LFGQNKLSWKDA,3021.270642201835
APPGPLG,1186.908256880734
YGRRWQFYKH,9482.862385321101
EWRQWNAFPWK,13197.220183486239
HKGYSKSG,1367.7339449541284
ADLSEQHVALS,1625.0504587155963
GLNDHDG,1711.1422018348624
EWRPKRLYWDS,8595.142201834862
SHDPKYVLS,2521.9908256880735
LWKALWAFHDL,15973.30733944954
AKPVQEYNDV,1418.6834862385322
SGQGESGNHV,1121.8577981651376
YDYAKDPWNVA,3203.577981651376
FSQKFWLYDVAS,10898.275229357798
LSYYHLQEWHDV,10042.40366972477
VVGPEPG,1314.591743119266
HVWNKARNDPW,5472.839449541284
DKFHHSG,1622.7155963302753
EVWFYLGRYHVL,33113.40366972477
SYKPKSHALG,1933.788990825688
NKRSAGQPWVG,2910.4495412844035
AFSAKDSG,1185.2247706422017
HWLLEWG,14858.353211009175
ESDNGPKASG,873.9357798165138
DFLQRWNEKHA,2687.3119266055046
DHGPWPKG,2446.353211009174
FDWQLGQRKG,3367.3715596330276
GRNENQPHDA,1377.2201834862385
EHVQGEWRNSG,1867.0779816513761
QDWWYKDVA,6016.481651376147
SLGYEALSG,2825.678899082569
WKGHASDQHVL,2480.380733944954
RHRRNSQPYAS,3133.8990825688074
VPKLYWVKVG,9444.669724770642
YAPYKYVQFAG,11895.105504587156
VLSENQEGWHG,3276.816513761468
WGGFDAKHDAL,5527.105504587156
EHSWEVWKHL,5694.394495412844
FHRRQREWNHV,5257.215596330275
HLHGWAQPWD,14893.229357798165
SWDGEQEPALS,2149.1651376146788
RVGGREKSWDS,1770.3577981651376
KAYSHVEKHLG,1703.133027522936
NEFLPVAG,4075.848623853211
GVQALGLS,2673.0688073394494
SSPGDSG,1135.834862385321
RPQSDSQPYNDA,1559.0275229357799
EYDSKFEPDFKG,1626.2660550458716
ESRAVLQPHDL,2519.5366972477063
WGNLDAYKHDL,6706.963302752293
LHAQFEGPYHAS,5663.871559633028
HHFLHDLS,6637.885321100917
YRKQDEWNVAL,3586.8119266055046
YGPPFYLS,16482.509174311926
HLASHWNKHD,3020.5504587155965
SYSPNFALG,5512.995412844037
GAGRGVLG,2358.8715596330276
YSQAPYQKHVLS,4251.522935779816
SRNPARWVALS,7835.940366972477
DPAPRDSG,892.545871559633
QVDWLPDG,4247.01376146789
DHSAEKSG,660.8761467889908
WEDKFNHDLG,4418.215596330275
PHYDNHAREN,2019.848623853211
QNGYVLHSEA,3102.8899082568805
DGQDNLSPNKAS,868.5412844036697
AKDLHRPDVALS,1570.9128440366972
FSLQGRVLS,5887.766055045871
AKSWRNASG,1756.0275229357799
KAQRAEHVGHA,1301.7660550458716
WDGQEEPKFED,2214.3577981651374
NWHHFEKG,2870.0183486238534
PSWQLQEPYNA,4317.211009174312
NSHWKVEPWN,4372.128440366972
GALPRELG,1693.5091743119267
NNAHLRNDG,2118.2201834862385
RFPWAHRNDA,4498.321100917431
SPHSLPNKDVS,1010.1651376146789
QDQYSFRFNKSG,5124.220183486239
WAWFYLREKDV,13047.252293577982
WQEVVFYWHL,42304.95412844037
SGVHVRNKSG,2181.4633027522937
KVFNPWLRVG,11625.325688073395
APWYFNVLSG,16553.65137614679
AQEAFVENDV,1959.6238532110092
SFNNDQNKHDL,2007.3532110091744
PEYREKGYALS,3649.3990825688074
DEQRHLSNKD,1274.7614678899083
EGVQEVFYV,19842.894495412846
KYALWVRVLSG,18866.761467889908
LSRPGEDRYKL,1975.619266055046
RPRFRDLREAS,2874.0733944954127
KHYHNKPWSG,3008.394495412844
QQWGQLSWAS,7913.059633027523
PFEEEPNKVA,1565.802752293578
NKESRNLQFEKH,1660.848623853211
HVVDVFNKHVG,4276.3302752293575
NGYASFNDQRWV,11371.215596330276
PHEKDRSPNVG,1256.0504587155963
WSENYDVFDL,14296.56880733945
RLSAREPVSPG,1636.0
ARNNGYDAS,1855.1834862385322
RWGGFPDDVG,5764.917431192661
EEFREAWG,3028.077981651376
GYLHGNALSG,3635.348623853211
DAAPSEKSG,691.0550458715596
LGEGWHEWKV,6627.894495412844
RQQEEWALS,2319.4266055045873
SEVANDENDAS,903.6697247706422
KNVGKAVALSG,1217.6100917431193
FPAWHFKAHD,7812.518348623853
FQDSNSEYDG,2203.738532110092
EPQDREAQNH,1078.8623853211009
VAPQFSYWVA,12294.87614678899
VDSLHASG,1762.2568807339449
AGAHPNKHA,1528.48623853211
KGQNDRLFEG,1474.8532110091744
NSSLPNLSG,1311.0045871559632
HEHWWKAL,6715.582568807339
EQGQKYLG,1160.7798165137615
GVFRHSKVLG,4394.275229357798
VQKVLWAGYHV,10717.454128440368
FGHSDGEPNDG,1797.073394495413
FSDRDAREHL,2349.7477064220184
QLLGARVSG,3020.7155963302753
DDVHEVSG,1033.0275229357799
FRHLPYKPAGQK,2398.02752293578
ELQGPWVQKV,2964.8073394495414
AANKFLSG,1787.834862385321
LKRWNFALG,7505.238532110092
SGFPGKHLREV,1935.8715596330276
AHQYVEYNA,4210.399082568807
VVKARHVLG,2598.408256880734
WSHFWQEPWDA,14227.380733944954
FLKDQESFRPL,2987.3440366972477
DQDFAPWKDAG,1912.1834862385322
WPSFNRLSG,8648.683486238531
RAKDHDLRKAS,1052.8256880733945
SDNLQFRWNHA,5007.114678899083
VPADHAG,1079.5779816513761
YLNHYDWNHL,10572.871559633028
PLHLRVEDG,4028.3899082568805
VNQDPSG,1028.7522935779816
LVDQFRWKDAL,5371.899082568807
WWKVSDPKVSG,2464.087155963303
LWEFWLG,18029.371559633026
EWHPSPKQHSG,1425.4449541284403
KELERESG,625.3807339449542
DWNPDFWDAS,6788.45871559633
LPKPEPASG,684.6100917431193
DLSPWHSQFPGH,4727.188073394495
HLWYYKHDVS,6995.48623853211
VPDKYVSG,1001.6788990825688
ENAAQDVRYDS,1342.073394495413
QYVFSFPRKASG,7601.894495412844
NENDAFSNKVAS,1490.7844036697247
EHHNSFPYWHS,7401.064220183486
FKPRNLFPKAG,2414.9266055045873
QFYYLQWFYWL,4822.261467889908
VAGKRLGRS,1544.5825688073394
KRRSPHDG,1265.7431192660551
NSALNDQWSG,2669.4587155963304
GNKPGYDLSG,1872.7660550458716
FGKVNVENKL,2016.2018348623853
RELRYYHFHDS,9542.518348623853
DFKPRENVSG,1355.1284403669724
FLQFAHVFVG,23503.077981651375
HRSDHAG,1627.6559633027523
WGWQPWFWDLS,31652.60091743119
GQPSYAYDALG,3048.9495412844035
GQLRSPHSG,2003.4174311926606
AEGHKLG,1180.9449541284403
PNVLLSPDVWKS,5505.293577981652
GRWAGQPLREWN,6954.229357798165
ELFVRWHNVA,12884.5
QHWWGFVALS,24490.95871559633
NSKWRVASG,2748.0229357798166
VSENAFYRPWN,9528.545871559632
ERGQLREPLG,1515.2018348623853
QDKPGEWSG,1304.7522935779816
YADPPDSG,1283.1697247706422
NGESNSRKG,995.8669724770642
WPHYYWASG,13964.09633027523
WFFHQPAG,6283.128440366972
YRGGELG,1916.697247706422
RKWGPFDAL,7315.348623853211
RYERGQFRYWL,14635.683486238531
NESHWNG,2923.422018348624
KVHFRYFWVA,16162.633027522936
HGVYPYLG,10027.711009174312
RHLGSDFYWLS,13370.270642201835
QYNGYQPKAWKH,4141.211009174312
YKYYLYNDVS,6527.646788990825
YRNAQADLS,2013.1559633027523
FVPRFALS,9334.784403669724
LGFPLNVSRAL,11211.119266055046
WHLGPSFGPWHA,14755.256880733945
AALQHEHLSG,1682.4816513761468
KFGYAYNKVS,3700.3256880733943
YWVSRVKDQRKD,2415.922018348624
WEWHFPASGYWK,12928.371559633028
LQKVYWREPDSG,4112.362385321101
VLWRALPNDG,6509.733944954129
KHYHYWNKGQNH,2614.454128440367
FGAKAYHDALG,2970.238532110092
KDQYFNALSRYW,9941.564220183487
DQSPWSREG,1840.1788990825687
HNHPQFEPNKD,1429.2660550458716
NWHVGVSFRK,8500.11009174312
WHEYQRYVREWN,11926.385321100917
RNDHQEGHDL,1660.5642201834862
GNKWNEKHDL,1517.348623853211
GQQVQRLSG,1735.711009174312
PLEKRWVGNDLG,4150.954128440367
REWSSRSYKALG,4345.068807339449
NKVRHPDVLWHG,5650.665137614679
PEHLEWSKDS,1951.5504587155963
YFDEFWDG,10591.032110091743
LSSAEHSG,1315.348623853211
WPWHWVPWALS,31580.715596330276
YFDYLQWHAG,7808.018348623853
YHWHGEAQPYN,4664.288990825688
FKSSRKGFDVG,1903.2844036697247
QEKKEALGRPG,751.302752293578
ENWHWHQRNHL,8156.463302752293
VFRKFWQNKVS,3886.233944954128
QHFLFYKFPKA,11273.009174311926
RDPFENLALS,3463.1284403669724
SKGNFWG,3977.059633027523
DQHLEPFWHLS,9514.073394495414
YHNEHYKHDA,2164.5550458715597
GVGPFKG,2721.4633027522937
ANVFWVSFRNDV,28580.05504587156
VWDQHQPYNKDS,2569.243119266055
GEDHVHDG,1710.9128440366972
KERERPSG,796.5412844036697
AAGDHLG,1320.302752293578
GNRHEDLS,1420.9587155963302
RPGVGQQALSG,1437.651376146789
EDEDVWHPNSG,2227.6605504587155
PSQSQRPKRDL,1204.1467889908256
PRYGKQRPDLG,2423.3577981651374
PYAPWVELSRL,18870.711009174312
FSFKPVEWNKS,2928.6284403669724
SGPAPVQYLS,2625.0366972477063
NSFGDASQFR,4772.573394495413
DSQGKKHVA,772.5091743119266
QFVKRNDRWDS,3898.3073394495414
RQEPKDHAEP,963.2889908256881
RNQPFRWGHVLS,11167.100917431193
VQVYDRNSG,2519.1284403669724
FLKEPDENKA,914.1100917431193
YHDANSQFHFKL,8655.54128440367
FNADNGEYHDG,3140.408256880734
FPFPPDLGWHLS,16160.178899082568
RLVHRHSG,3244.5733944954127
GQQSHVASG,1034.51376146789
HRDRWKDHSG,1939.0183486238532
YVRLHDSYKH,4927.899082568807
FQDFGFYWNL,22424.454128440368
DGNEARYALS,2924.4036697247707
AVNVPDG,1302.2614678899083
PGEPKFNGRKHG,1437.2844036697247
EVHWNVEPALSG,2998.798165137615
HYKHLLFALS,12127.169724770642
WSWREDEWD,8399.605504587156
DQLLRWSG,6556.825688073394
HFKQHVEHVG,1864.532110091743
QYELENGRKHL,2969.9036697247707
NGHHRDLG,2281.821100917431
RWELFKHPHV,7701.0504587155965
DLRANAREKHD,1286.2844036697247
LVELHVG,4766.655963302752
LGWDLSRRWHVG,12295.266055045871
HAKQHQNKH,1145.5229357798164
HVAGLQPGQAL,2484.4036697247707
FYYGKDQKDVL,1696.3440366972477
KAFGEYDRPKS,1622.2568807339449
QWFHPKVNKS,2767.302752293578
GYPHEPVG,2349.798165137615
PFAPGFALG,12093.715596330276
YQKYQEYWKA,3664.4633027522937
ASGHYDVSDSG,2046.3532110091744
KHYVPGWHLS,6375.284403669725
AFPKRGEYSG,1735.7981651376147
HPEAFRPG,1803.5183486238532
SGFKDRKKVS,1027.9954128440368
EKNEFWNSG,1428.0275229357799
NGRQVEPYKS,1632.2293577981652
VKDDDLG,976.8532110091743
PSVFWKVLQFS,28499.376146788993
YQWDHLRWAG,12606.522935779816
NASVAKHFENHV,2068.8073394495414
ARSVEPLSG,1195.954128440367
NLRFNDGQFRHD,8047.316513761468
PNWAFGYNLS,16103.224770642202
LQFHFEPQRVS,8834.821100917432
APVNSDVSG,956.5229357798165
RHHQRKGQSG,1066.9954128440368
KNHQWQENKS,1164.133027522936
NPEVKSG,660.3669724770642
FWQYDVDFNKH,8316.302752293577
PAHFSGPKH,2854.7155963302753
VNRHYNKHVLS,3562.330275229358
LYHLDKVG,2783.2522935779816
HANLARASG,1996.894495412844
FDEQASEPNHVA,1689.0275229357799
AHPFALG,5258.899082568807
HPVVVASG,1802.0
GPRVGVALG,2072.9587155963304
SRYDESFEHLG,3747.798165137615
KPEHSVALG,888.2293577981651
YHWYVNDVG,8075.133027522936
HVWAGYRKLG,7929.628440366972
RVPSQRVQFYKA,6258.275229357798
QYVEFPKHFKA,4991.95871559633
KLPSPQYWHVS,4470.385321100917
HEWKRHVQFHL,10960.522935779816
QPVPFREGKVA,1554.1926605504586
NRAYDFAG,4869.770642201835
YVSRPHLLSVA,7900.683486238532
PWAWEGFPYWKD,21109.990825688074
FKENKLEVWKA,2445.293577981651
SWEFENALS,4735.862385321101
QFSEKDQKFPDG,1346.6422018348624
FSNLPYGKHDS,2735.353211009174
KAHNSKLSG,861.4449541284404
RNQKVSPVLRWG,5729.628440366972
FFLLNKVAL,9876.853211009175
WLDKNLSG,2919.3715596330276
PKEFLQREWAL,6484.651376146789
EFLGGQNLS,2480.793577981651
KPNFHDLKAG,1238.1146788990825
RYEDHVPYDA,5381.238532110092
LHDRFPVLS,6535.408256880734
WESDYHDALS,6527.385321100917
YVFLAQYNKDLG,11253.12385321101
RFGHRLG,5064.935779816514
YHQNVWDPNA,3883.2477064220184
DRVNQYSG,2106.4174311926604
PAYQQPNLS,2489.7155963302753
EYQFVAQFGQKA,8399.325688073395
PPFAFEWNHA,6689.183486238532
HDYPVRENASG,1796.394495412844
EGGDYWLG,3746.8256880733943
VPNPAPWVS,3818.545871559633
EWPHSNGFEYKV,6253.577981651376
YAWARNEYHDG,6666.045871559633
WNNHHVGDLSG,3180.3899082568805
ANAFSEVALG,3465.7798165137615
WLGKHWLPYAL,19365.1376146789
SKVLGDAWDS,2703.440366972477
GRFAPYKDSG,2906.6880733944954
SPAHFHDVSG,2081.922018348624
SKLEGALG,1002.0091743119266
KDLYLFEEPVA,5556.940366972477
PNAQALPVPYNH,3435.5045871559632
LFNRGDVALG,4072.2247706422017
HSQSGVQPNDG,1258.7339449541284
HAHKYKLSG,1716.6422018348624
QQHEGVALS,1486.5825688073394
FRNYGQDSRKH,3047.105504587156
HDHVSKFEYWH,7351.729357798165
RKLNYVQEYH,4820.188073394495
YAWRAFEYDV,16419.559633027522
WYHLELSRKLG,8582.963302752294
EAPAYNHSEYHS,2130.1559633027523
FNKQGFYPVSG,5157.344036697248
EYRFFEPYDA,13857.940366972478
ESHYVPNKVLG,1933.7018348623853
DDFDQDLS,1815.073394495413
PWKVAWNSKDFK,3711.605504587156
ELRAKDLSQPND,1189.4174311926606
QNHQASNDYH,2040.2064220183486
EQNYDPWHD,3906.876146788991
HWFVSHASG,8553.87614678899
FNPNLGAPDVG,1864.4128440366972
HKKDQHSG,762.3807339449542
QQWYENKHDAL,4184.6697247706425
SDVKWHALS,2393.5366972477063
YVKNVLEPNHLG,3137.683486238532
SNDHPKSG,874.8440366972477
RVHHPKDVL,2129.912844036697
HSHKNLSG,1191.98623853211
AEYDNASFNDAL,3501.243119266055
VQQNLPALSG,1795.4449541284403
FFLWWNAL,10339.275229357798
QSQGEPGEHSG,1063.2339449541284
LVFRQVG,6577.834862385321
HLRHANDQWKAG,2841.9266055045873
FGEVNVFPWHLS,21849.990825688074
HGFPLQYGES,3471.2247706422017
DNQERWG,2242.330275229358
NYGWADALG,5970.775229357798
AYDFDFDSG,5059.568807339449
VFFPSHDVLSG,8239.798165137614
NAPGDVLGHDG,1756.4770642201836
VANKQNGPVL,1629.4633027522937
HPLGFDFPAL,9335.720183486239
RNRQASFEYWH,9555.055045871559
EQRYRSFWNH,7445.518348623853
DQQHFHSG,2395.532110091743
DLQYVLNEYWD,18233.311926605504
AAWDKSG,1465.591743119266
RRHQYFYNKDA,3633.788990825688
PKDENAGPKFEP,1039.1376146788991
PNLYHSNRPNS,2962.788990825688
ANNHQYALS,2683.651376146789
AAHGFALSG,3150.954128440367
QWKWVFEQKHG,4758.279816513761
VEYAWQWDLG,13994.275229357798
YPNVNRYWVAL,17202.344036697246
RQKAFDYVLG,4485.655963302752
EVWFFPWDVLS,36255.733944954125
YAGQEQAEHDL,1873.9724770642201
YWFGVLEPKHAL,9832.747706422018
AQYLKGQFNVA,3735.9633027522937
DGLSQKWVS,2229.467889908257
GSPWYALSG,9924.426605504586
WASSYKVQKG,2963.6146788990827
EDLQLYNVLRK,5041.0
QKYWKYFPYH,7985.885321100917
WFPFWGQPKDS,6703.334862385321
GPNKSGVQDA,826.243119266055
PEYVVGQREYD,6288.922018348624
HVGRGQFHPHDA,4025.302752293578
NQYVSGAFYKS,8476.100917431193
KSQVKHAPHDG,1083.2064220183486
LNAFQLSG,4579.288990825688
EGLAEVAG,1008.8990825688073
KHLFSYWHLNDG,8131.077981651376
SPHDSASGPNAG,1061.605504587156
SKAWPWG,5593.408256880734
DSYVVQYNG,7144.706422018348
QVAEQDGQENS,869.8715596330276
YAHRWQESG,3183.9770642201834
FLGFVWREPHVA,12239.95871559633
WQPHAWDKAL,5486.417431192661
EQFEVHSFNKL,4411.307339449541
RKDLWLYKHVAK,3139.9174311926604
RDQHALLNKHDL,2886.0688073394494
FRSFENQPWSNK,5287.353211009175
VPGFPQLSG,2143.183486238532
QVLFLYRWASG,29614.454128440368
FPKQRWRFPKS,3896.5825688073396
DYFHVYG,8179.243119266055
VAWVFYGENH,16290.444954128441
GFSFAGDG,5052.04128440367
ELQAWFYALG,20835.39908256881
WLFDLHDSEWLS,12180.224770642202
KRHVKLFWKDAS,2396.119266055046
NQHLDLPYHD,5154.646788990825
PKLVRDVRAG,1855.1834862385322
KEAYRHSG,1590.1376146788991
VPYRNVPHALG,3367.9816513761466
PNWHGVQEPKG,1314.302752293578
VAYDDVKDSG,1285.3440366972477
RSAKRWLG,2436.4816513761466
AGYFYGQENDV,3803.1284403669724
QNERALPLSG,2629.6146788990827
HRDNVRWKHLS,3870.064220183486
VPLWWDALS,11026.211009174312
HWFAPDVSG,5261.935779816514
GHNVLHAG,2043.454128440367
DLWPDQYWKVG,6906.114678899083
DANWSYWNKA,3383.256880733945
NLYFYYDVAL,21381.5
VNEHQRNKG,1117.545871559633
HNRPVEHSG,1452.1605504587155
WDPWPVWKLG,13971.41743119266
PQFNYGFYHDV,15389.688073394496
RQYPWFNKLG,7668.885321100917
AGLYWLGYS,12650.412844036697
LQVGNFEPYA,5958.660550458716
WFNHKEPWHL,9095.48623853211
AHPVDLSG,1526.0642201834862
KQARSWHVG,2372.5504587155965
YNRGNSRNLSG,2805.619266055046
RDWPREPKD,1840.4770642201836
LFSVQKVLSG,5300.188073394495
GRWWFYKS,10238.98623853211
ADGKEKG,778.9954128440367
NAKLFRGYKAL,4210.995412844037
WQDKWVSG,3258.2522935779816
AWGQWHLHVA,11066.655963302752
EEYREDSFHV,3029.6651376146788
KAESWHQDSG,1372.197247706422
NVLEVRKQNDG,2728.564220183486
RYDKWLYNHSG,4484.807339449541
WQYEARNLSG,4882.027522935779
KWGKGVLG,1986.467889908257
EPESEWHGRKHL,2501.4908256880735
WSNRQWALS,8656.233944954129
WARKALGQRPWV,11630.018348623853
WHKSKREDVL,1616.9908256880733
VALWRAGRPYAL,15592.619266055046
FYHKWVFRPKA,4652.981651376147
WVRKHRAQHL,4288.876146788991
VNGNSDLG,1221.7844036697247
VWPNYDVSG,4751.967889908256
LPKNEYKHDG,1212.9908256880733
AHVYFVSG,23283.42660550459
AFRQVSPNVG,3058.8073394495414
HDWEENDVASG,2320.3669724770643
NWVYLENL,21747.344036697246
HWKDNGFPWHVA,8976.073394495414
NANYRVSG,2848.5
VFHYYLSG,7134.743119266055
HHAQNYVG,2428.256880733945
WRHFRPNDEYAS,5140.4908256880735
NESSVLG,1459.788990825688
EANDRVQNALSG,1113.7064220183486
REWKVPWLEAKA,3309.302752293578
KWGQEAVLS,1862.2522935779816
DAADHDALS,1120.3853211009175
VWQHAYG,6102.133027522936
GHQLQVAS,1773.1376146788991
DWQDEHDASG,1837.105504587156
DGAQRFNVALS,4456.784403669725
LGSKNLSG,1563.5275229357799
KLGSRKHPNKLS,1124.9220183486239
KDYYDEKVAS,1214.2844036697247
LPQKSPLS,1066.0366972477063
SDNAKASG,778.7064220183486
AHVQFYWGNDS,10402.435779816513
YPHPVDVL,3948.440366972477
RQHHNKHDVA,1504.5963302752293
YKKGASFEPYVS,2988.880733944954
KWPFVAG,5859.082568807339
DPSGRRALSG,1308.5504587155963
VVFKPDG,2904.646788990826
FLEPAKAQYW,6764.188073394495
DYAPRNG,1975.9036697247707
ERDGEHNAS,1025.3990825688074
FSSDHASG,1599.834862385321
KHWESQFPNVL,5269.426605504587
PAAYWRYWHG,13784.174311926605
QDVHWNKQYWKL,5958.793577981652
DFYWGPPYHDG,12477.614678899083
KQLSAFVG,2964.52752293578
KHEQWQPNDALS,2085.559633027523
HNSNFRWHDG,5572.743119266055
NPFGYVG,6289.266055045871
NWALQAPNVALG,5109.1100917431195
KGYYEWNHDL,5869.912844036698
KWWVEDAS,3283.3256880733943
RESYEYSQEWS,4143.408256880734
FADYYNAG,3950.197247706422
HSSWQPALS,3807.738532110092
DEFDQPVS,1980.619266055046
ERWDEFPWKDS,3821.5
QPKWASEWAQKS,2013.532110091743
LEDNQWAG,3433.3348623853212
RYRAWNARPSG,4163.068807339449
VDRDQSG,1267.926605504587
YPARKFWLG,8336.963302752294
PENVFLWVS,40530.522935779816
AWRGKLG,3171.4266055045873
GWNHSSPKHL,3534.6146788990827
WGKEKARNDV,1306.3394495412845
SHSHVWVG,5216.784403669725
KVLYRPKSQEV,1696.7935779816514
KGNWHAYHDG,4109.481651376147
FNVHEDAQVG,1793.6376146788991
QPKYSQHFHG,3633.940366972477
GNDLQGWAG,3267.697247706422
PFFENRALG,8489.348623853211
EAHALHEPWNKL,2733.4266055045873
WDGLEWQDVAS,6164.775229357798
RREQFHLNHDA,3946.766055045872
AEQYAQVALS,2993.0963302752293
KLNESQPLSG,1052.3165137614678
YYLAWASG,6697.651376146789
RGESSPKSG,905.0366972477065
QHAGNRVLEAS,1562.059633027523
PGYSKARNKHD,1662.7798165137615
PWVFLFVGPNS,43562.66055045871
ANQVAPSG,1119.3623853211009
KFNVNLRKG,2161.1559633027523
PQLLPLSG,3385.729357798165
GPKDVEYDGKSG,869.4495412844037
HYFDYKALSG,4580.5
ARDSLKAG,1048.908256880734
NWSWVLKDA,8838.697247706423
YKNKQRARENKV,952.6192660550458
EGLYEHVAG,2482.1146788990827
RQWSFVGVG,11076.977064220184
QYPPEHDLG,1952.454128440367
SYGFPFDVSG,8903.853211009175
YQKWPHSG,3502.9036697247707
FPERGQYWNHVS,8270.646788990825
EAFYDFHSYD,13903.238532110092
HYWDNPYWDS,17386.238532110092
SESPLRALSG,3103.6330275229357
HRSNDPSG,1288.073394495413
HNHKVHVLG,2422.5137614678897
WGVVKHAL,6999.9495412844035
RNENVSNSWNH,3480.4954128440368
SKRHVYG,2542.853211009174
KKAQQNKALSG,708.0045871559633
RGQQFDPAG,1746.7293577981652
YYAYNVFLSG,12412.29357798165
LNFALFALG,22072.275229357798
WALVEVAKVL,24816.284403669724
YFRQNLGHSG,3829.6009174311926
KRHNSEWNLSG,1996.9128440366972
NNPLEHDAS,1492.545871559633
NEGWWHG,9304.825688073395
KVLGHGWVSYW,20209.22018348624
GGQDHAG,1205.0
VELEDQKHLS,1202.8853211009175
VLDAKDVQVL,1751.5779816513761
VLYPWKPKDAG,3190.9816513761466
VNAPSDAS,894.1559633027523
SPGQLGNDA,1166.8532110091744
PHLNVGKADVS,1197.7798165137615
FGQEKKDQPWHV,3825.940366972477
PRHRARHDVL,3207.394495412844
ESQRNLEDGNG,1109.51376146789
FQSEPAHDV,1517.9770642201836
SNFEEWG,3793.793577981651
PKWFGFYWKHG,10910.834862385322
PFPKYKVPVG,2599.564220183486
RLDFWRDG,8304.302752293577
NVWFKHHVLSG,8384.344036697248
PRWFESYNKHV,7870.98623853211
PKEWWNSGPWL,16865.977064220184
QAHKYVLSG,2627.8256880733943
DNYQWALSG,4201.587155963302
SFHWLRNVSG,6821.371559633028
NHWDVSSFWHDV,12475.894495412844
PPQRPKGEG,782.1192660550458
FSQDKDLEKVAG,842.545871559633
SRLPPKDALS,1566.0366972477063
ERHQQEVLSG,1229.7477064220184
RQWRWLFRWA,17864.440366972478
RPRHYRWKS,3324.8577981651374
LERHRDG,2838.2247706422017
VHGPYYDG,7599.568807339449
GFVLQHPNLS,7144.243119266055
LPLSSDVG,1675.7706422018348
LNHSLRKLSG,2881.316513761468
WDAQLKHVRKA,2909.7752293577983
KQHEVYNALS,1676.3211009174313
RWDQLSENSFPA,3868.651376146789
FSAVSFDVG,8788.504587155963
DPWFHSRWDAS,9482.591743119267
RQWLNYNKHD,4836.825688073394
HKFEWFVLG,14717.788990825688
YGVVPYLG,11182.178899082568
RFKQLNSG,2432.532110091743
QLSRGWFYLG,18793.5
YQKVQREALGWN,3898.532110091743
DRWERWKHDAS,2753.908256880734
SGQFASKSNHV,2040.633027522936
KAHDFLPWLG,8238.80733944954
NPPYYNHVALS,6378.637614678899
EHPVYSHLSG,2483.064220183486
GDKDRVSG,833.0321100917431
LHDAHGEPNG,1489.4633027522937
NPSWDEVLG,2684.766055045872
WDDAQKRDAS,1683.6238532110092
AKSHANALG,1206.3899082568807
KFESHDVHG,1781.334862385321
VKDYQNDLG,1422.5
SPHHFEAL,2895.4495412844035
KRHQFPGFYDLG,9101.252293577982
VALYAYSYNLG,21235.577981651375
HKGRQDSG,1191.1743119266055
SKDQSQFG,1210.165137614679
RDAANDAPWN,2655.9311926605506
RKPNNDSFPWD,3760.5183486238534
VKWDPLSG,2277.1743119266057
RFQKRKDVL,1724.5045871559632
PEFLRNVALG,8038.793577981652
RGGYYVSG,6777.788990825688
VNDDDVALSG,1393.6376146788991
NYWAVSRPYG,12074.211009174312
PQQDEALSG,1061.48623853211
WYWRGQPYKVG,9247.160550458715
VEERWVAS,2506.9266055045873
AGANWVSG,2261.8669724770643
NRDWSPKAS,2117.559633027523
VGHFGNDSG,2240.4174311926604
AFNKLPYENA,2442.3119266055046
QSYVRWQKDSG,2892.4770642201834
DLAAYASG,2424.211009174312
DGEWKKHAFS,3667.9036697247707
DAAYYAG,3658.302752293578
KQRLDVLQEAS,1059.4311926605506
PSVGGFKSG,1802.788990825688
NERWSFYKDLS,7457.183486238532
HPYEHQWNKHLG,3390.6284403669724
WHWWSGPG,13283.114678899083
AQVPEDVG,1105.8990825688074
PALVRYWHSYH,17668.454128440368
GQGRNVRKS,1285.802752293578
HVEYKLYDSPAS,4639.146788990825
FHPFPEALG,3913.876146788991
YGYYHANKHV,4537.55504587156
YYLELEHDLG,8600.963302752294
KDFLLFENKDA,2954.5229357798166
AQWSNLFRNK,4727.935779816514
WFNYSPWSG,11283.683486238531
GESSGEG,985.1651376146789
VGQKEFRYDS,2001.4633027522937
YAPPSQWNKHA,2324.9908256880735
QFNAFFRWPYN,17116.646788990827
LGGHKHVASG,1877.3256880733945
VQPRWANAG,2681.756880733945
QLDSYNGRLS,3345.270642201835
SWDHDHDLS,3597.8256880733943
DVQQWNSKDAL,1724.8394495412845
WQDNSHAG,2588.9036697247707
AQLQPGNHDVG,1520.0229357798164
PNRFRDKDLSG,1965.848623853211
DRFHFRAG,4819.215596330275
NYAHPNDVLS,3449.8073394495414
DESAVLSG,1334.334862385321
FWDFVLPYAGPH,16712.623853211007
PGFGKQRHLG,3235.5229357798166
PSLFAGQEPHS,2552.678899082569
HEHEEDVG,977.2155963302753
ALEEDPYNKA,1223.7706422018348
YVHQEVSWVAG,5228.532110091744
KGEADLFNHVA,1798.5642201834862
AFGLHDAG,3489.2201834862385
YGGWYWG,14033.11009174312
KQWVQVALDA,4805.51376146789
GWNRHRPWHAL,12176.151376146789
WKLWKDHQPWDL,9763.669724770642
HPNRYAWAL,10370.862385321101
FPVAQYKHRLQF,11748.357798165138
YRSGQEPKGFRP,2669.6100917431195
RKFDSGKLGQHV,1792.9724770642201
GKQAVLSG,996.454128440367
EQNEPKEWKH,821.9954128440367
VGHSAEPWN,2485.2201834862385
LQGNPDG,1670.1100917431193
RHFLGPAQPG,3774.440366972477
DSGYGFRDGWK,5394.811926605505
NGEGVSPWLSG,4520.059633027523
KPVELKASG,787.0550458715596
QDYKVGHDVGYW,7464.045871559633
PEWWKARVA,4845.532110091744
LYEWNLNKASG,2833.9174311926604
SQYNNFYWHLG,11856.940366972478
DYEAGWG,3254.5045871559632
KWSDGDAG,1375.2706422018348
DAHHRPVLS,2341.211009174312
YKEQDGFWHDV,5202.935779816514
FGNEAQPWNDVA,2822.119266055046
HPDEDEVSG,836.0963302752293
PWNEGFPKLRD,6701.119266055046
QGPDLDSPYKA,1180.394495412844
QPPQRDQRKH,1213.7614678899083
PYDDSRYANKDL,3318.032110091743
FRNRNYSGKHG,2928.853211009174
NPSQDWASG,1575.7385321100917
GHYNFVS,6442.082568807339
DGDQVASWNVSG,1991.073394495413
HAFARENDQKA,1163.8211009174313
WYDLPLQFNVG,16654.857798165136
LHGAEHG,1550.8119266055046
DPKRHFNDG,1567.802752293578
QKVFQFYSYWS,24883.889908256882
KDPGWSFRPYLG,8081.963302752293
PVFEFPQPDS,5899.564220183486
KPQEQDG,574.183486238532
NQDYNRES,1121.9495412844037
HKSNDDAL,820.3899082568807
QHFWKQLEYDG,5351.018348623853
RHNRPNQRKVAS,1260.0504587155963
YPVDHVLG,2988.4908256880735
AYFEPVDSG,3029.3577981651374
NEKPWQKSG,1715.7064220183486
VNVVRVLSG,7905.5
HGRVYDVWSG,8561.449541284404
PSQAFPDAWDAG,3350.288990825688
LRPGNLRYWAG,8023.880733944954
WNYNKDHGYW,7882.064220183486
SAEPLVSG,1588.6834862385322
EAQPPYWHAQFN,5496.09633027523
QQLGGYHG,2918.830275229358
YEWNRVSYALG,9905.059633027522
RLYEKVLFRP,8496.926605504586
FKFVDVGFRYVG,18611.045871559632
KAQNVLRYDYH,6666.784403669725
NDSAFEPAQND,1763.3440366972477
VQEQLGQRYWLS,9811.197247706423
GHAVFNVSG,3700.733944954128
KAYQYSRENVG,2276.6284403669724
FSYPYVYWDVL,17664.70642201835
LFVWEDVG,9384.821100917432
WNRAYQREWNKH,5007.440366972477
GQSKHRAS,1266.1605504587155
PHKRWALSREWK,3446.0733944954127
VGLQKASWNLSG,2814.256880733945
LKHDQFQENKH,1350.3119266055046
FNQNLEDAFRH,4600.954128440367
LDALSDAQDAG,1370.605504587156
HEWGGPNHDV,3477.545871559633
SNHHYWLSG,6292.587155963302
FQLHDEASG,2373.6880733944954
QGHSLGPKVSG,1442.1100917431193
YFKRAQAG,2222.7798165137615
LQSHFWSG,8141.472477064221
PHPVYWGQPNKL,5029.04128440367
LWELQFYWHD,27925.743119266055
ELGEAQYAFHV,8771.41743119266
QWPGYNYLG,12183.353211009175
DWPQEDSG,1661.2660550458716
HFPHNKDQKS,827.3899082568807
KQQSDALSG,786.3532110091743
FPRHPKVEPVA,1550.4908256880733
DAQPKFPDQWD,2447.302752293578
PDFKNHHDAG,1629.073394495413
HARWNWVLFEN,21197.97247706422
WSWVQYKFKHAL,12623.357798165138
KRQKPNVLSG,1026.9357798165138
HWGWAEVAG,5177.4495412844035
PGLQSRPLG,2856.8669724770643
YNKGPDEDLNKV,1039.1009174311926
QSSNVEVALS,1855.6009174311926
NLQFRFKQKVG,5250.981651376147
DEHLRVFNV,9586.857798165138
AWSWKWG,8236.275229357798
ESYWFDFPDSG,10176.422018348623
NNLPGWSG,4451.692660550459
DKELQFEYH,2840.6422018348626
QHERAQFRAL,5806.334862385321
DSRYLKLWNKL,4953.215596330275
QQHFENVDASG,1594.3440366972477
GYPKYDALSG,2637.4633027522937
PAENFDAFRHD,5197.55504587156
LQLPNRKAG,2020.2018348623853
ARPQKLRPDVLG,1728.454128440367
WHSLGELPYL,14314.252293577982
YWNVNKFYGNHD,6394.9908256880735
HHVPALYAS,5819.642201834862
REKKVFKVGHD,1092.4449541284403
NRHKNHG,1419.665137614679
RSGNNKGFENS,1356.5504587155963
HWVAWRHDSG,7756.5504587155965
LKDYVHASG,1725.4816513761468
QFQWKHGDVFKV,6735.266055045871
RRNLPEYHSG,2855.4495412844035
LSDQLSFEYWND,10966.536697247706
PWRNEPHDFHG,6010.674311926606
WVNNRPSG,3551.105504587156
KSWGKAQNKHV,1410.591743119266
WGPNASHSPNH,2970.288990825688
SQEVVSFRKHAS,3774.802752293578
NNAYRNVG,2832.0045871559632
PNVELGWKLNA,4718.353211009175
QGHGHVAGVAS,1520.51376146789
YNPFPDEKDVA,1691.2201834862385
QASENALFNVGK,2944.788990825688
KVGHQYHEHD,2193.243119266055
HDRSKFWNHVL,5514.912844036698
ESKKVESG,533.8302752293578
LDEYYAG,4123.761467889908
QVPKEEPHLS,812.6100917431193
WFVYAQKALG,8700.95871559633
RGWARYQFPKDS,4870.142201834862
AYGDKASG,1058.605504587156
YDAKVGKFEKLS,1550.2935779816514
RNSDVRNGRWSG,4000.711009174312
PRLKPLSG,1733.6743119266055
GPGWFPG,6383.857798165138
WHFNGWGFEKV,10389.302752293577
DFFREPHYVS,7240.660550458716
HYFPLVG,9881.41743119266
FDNFLWNDALG,9397.09633027523
NFKKQHSG,1432.5550458715597
NSRNFFPAG,5180.408256880734
REQRWENSGWNL,6208.339449541284
FLKQHDLRDLG,3477.912844036697
VGYRAGQENS,1743.9174311926606
LSPPQNHVSG,1652.7568807339449
WGKNNASG,1927.2293577981652
AQRFVGPWNK,4065.197247706422
NDPLEGKAG,958.2614678899082
VLFAGEYVQAL,16867.908256880735
FPSQRSFALKL,16721.463302752294
NKDDVSRQKAS,797.197247706422
ELASVLKHAS,1578.6376146788991
FWKHQVRPKRPA,2304.9587155963304
VYNLGFPAFKLS,15095.399082568807
HVRKNEYWKVA,2838.1651376146788
LPWSGSENHLS,3603.4495412844035
HQEYFRKFPYK,5080.95871559633
VGAHHVG,2019.5504587155963
WPYQSQEYS,6478.816513761468
LVLAPVLG,12000.93119266055
YFNKYGYWDV,8582.01376146789
DNPNDWG,2922.6926605504586
YLSFHRDRYLG,8781.93119266055
SRSLYHVSG,4358.01376146789
WRAFKWLSG,10813.142201834862
WDPEHLRWKHG,5330.431192660551
QANHKHWVLS,4024.3440366972477
NKLSVLNLGEVG,3235.3348623853212
HQYDYLEYNKVS,5682.848623853211
WNQRFNQHAS,4749.935779816514
SRYHPKSKSG,1412.633027522936
YLNNSQFEKSG,1965.0550458715597
GKGVSWG,2692.6605504587155
FVLLKVSYNVAS,27598.619266055044
RKDRKGYDGQS,1080.8532110091744
ANQDKVG,748.3119266055046
HNWSASG,2719.6146788990827
QNFLVEPNKHD,3013.454128440367
VAQGGEVG,998.0183486238532
DPKVNVEDVLG,1110.6238532110092
HVQSALYNLS,6245.256880733945
AEVAWAYVAG,10053.573394495414
PRVHLYVSG,12879.316513761469
QPWYHVWKDLQE,6360.431192660551
DYDPAWVSG,3633.701834862385
PNVHNHSGQFRG,4379.967889908256
DVANAFDREWNL,5726.371559633028
PVYAPKSPKVL,2927.233944954128
QPDRWHQNGPDV,2911.954128440367
QGAKGEASG,641.3211009174312
FGPEKLFEPKAL,1912.5
GFPQSQRWHDG,4775.655963302752
ALEEALREPWNL,5026.04128440367
NNFDEDVAG,2313.105504587156
LEVEHQPWDVS,3856.9311926605506
PHEFHAQRYWNA,8503.98623853211
HPYPKPDVLSG,1753.2614678899083
AGQRYEAQFDS,3137.330275229358
LPAWQDAG,2586.454128440367
WHLAHVLRLG,17043.536697247706
SWDYFYKG,5915.3302752293575
RFPSSFYHSG,7384.399082568807
HEAKAPDAG,851.1284403669724
PKWQASYNKVAG,2597.587155963303
PDHNGYASG,1878.1743119266055
KNVHRVSG,1439.4311926605506
QSQGPNSDAG,932.0412844036697
QFRNVWHNRWN,11106.009174311926
FPSLVSFRYKS,19602.73394495413
YGQLSPKSRWVS,5880.302752293578
AFRNDLELEYS,6088.587155963302
AYVWQNLG,6698.628440366972
NFFHDNSG,4211.302752293578
DVLKQHPYHV,3772.4816513761466
RWGWPNVEWNKA,6881.793577981652
RWYKSDVPVAS,3130.169724770642
RHEYVPNEKVA,1586.5183486238532
WAYSLKDLSG,5791.807339449541
NSKEPGYNAL,1529.0779816513761
FDVNVAWPNKHG,3990.706422018349
NYDDFEAG,2913.0366972477063
VNVLAQPYNKG,2682.9770642201834
LEFYVDSG,6207.077981651376
NDEFVEPDV,2190.8853211009173
RDDKKSG,653.1100917431193
PVLRHRVAKLS,3710.064220183486
NRSPVSKLSG,1679.4954128440368
YFDWKQYWKHV,6040.353211009175
YQWPKGEPAG,1855.9357798165138
WFRKFGEYHAG,6747.155963302752
KRREFEAG,1022.5963302752293
SQPKVRYEHDL,2405.0
PKFLFRHQPNDL,6008.05504587156
EYEWLYAQNHS,8980.564220183487
KNGDSKSG,702.2155963302753
DLEHRPYWLRPN,11740.220183486239
HDPEYKFHG,2568.788990825688
RNRWNFYALHA,13297.536697247706
GPQENAEPYDVS,1659.4174311926606
AGQWVDVLFEG,15395.215596330276
EGEHLQWLQFEA,8572.853211009175
WVLAVGPYWN,32120.940366972478
KKEWYVSG,2555.5229357798166
DRAWFELG,8914.371559633028
ERNLHREYHG,3228.5
WHVASLSEFREK,4076.788990825688
QYNNGRKSEYN,2391.243119266055
SLGGNLSG,1719.7201834862385
VVYSHASG,3037.4908256880735
RYEDNQFPYNH,7847.261467889908
PVWFVLWKHDS,28795.65137614679
QLKWENKG,1556.7614678899083
YSHGGPNG,1945.408256880734
GASEHQWNHA,2215.2201834862385
VQNPYQFRNHG,4873.353211009175
YEAWGQDSG,2685.8073394495414
FGYRPYWHGAS,10012.880733944954
NNHWSKLSG,3389.146788990826
FWNDSLWSFYL,22711.51376146789
YHRSASWNKL,4415.788990825688
QVSLAEPKHAG,1233.2798165137615
KGQSQKAFYNH,1896.711009174312
KGHGYGFRY,7586.876146788991
PKHAELGQEVSN,1012.4495412844037
VQRHLGLFHDS,6478.683486238532
AVRWRHSG,4382.642201834862
YLLLGRG,8788.816513761469
KRKSEWFWKH,2437.0550458715597
NNGHVKG,1205.302752293578
PLHSWFPWKHA,11029.467889908257
SEAHYKLS,2232.0963302752293
SVANDNKDVG,946.697247706422
YHQQNQFYS,6659.995412844037
YDRHDSQPALWD,9676.270642201835
PWPRNKASFWD,10415.174311926605
QNKYHQWQFPNV,6438.811926605505
WHLERPLSNV,8210.678899082568
ERYDKRPNHDL,2004.6880733944954
WVYRDLSYDVS,14616.577981651377
EEFYGFVG,13638.06880733945
QFLYFPWYHAS,8881.54128440367
NAEKRWYNKHA,2845.564220183486
EQDRFEVLG,2069.9174311926604
WPYHDLHGWVG,16607.123853211007
NRGNGPLG,2286.178899082569
GLWNKRLSG,3397.0963302752293
GWLRANDG,4287.724770642202
QLNYLGYNVA,5980.298165137615
GVLSRFWS,12495.073394495414
ESEPYSHSFNL,3800.816513761468
AGKNGFYWKV,5604.90366972477
FQRKGEFKDV,1522.5091743119267
RVWYGFYHSG,14269.137614678899
SEESWVA,2532.651376146789
PFLEQRAG,3001.6926605504586
AWSPAFKL,9577.559633027522
PWQHRELSPKH,2932.298165137615
EAWWPWSG,13131.504587155963
KYLQKLGPWALS,6729.192660550459
VWNFDEPG,4030.935779816514
SRRWSPG,4130.399082568807
WAPDVQFFKHA,10953.490825688074
RAHPSHVLS,2863.637614678899
WPHFGQRPKDSG,2758.440366972477
QVRSVGYHDAS,3140.6422018348626
RPWYFEGRHDV,12990.08256880734
HAQKKSQEWNKV,1038.7155963302753
GHAHEKLS,1013.8990825688073
KLRAVLPWNL,10968.614678899083
NSWQYDWNAG,6011.188073394495
PGEFSFPWKVAL,16060.642201834862
WYGNVRLS,9970.605504587156
FEVASWREWGWA,16349.871559633028
DGWGESRVSG,2180.4770642201834
QHFDQWHRPNK,3351.233944954128
SQDKSPDVAL,770.7798165137615
EQHYRPNSG,1549.8211009174313
DENYPDSG,1423.4036697247707
NFPVGSQYNDS,2533.862385321101
QVKWKQNHVSG,1539.5504587155963
HLDEQNKHDG,1195.7614678899083
KWSKLDVS,1977.3990825688074
DHYVWHVLG,8258.545871559632
HHQSYSG,2022.0642201834862
RDSRFWNSHVA,5222.573394495413
SEWDPAFWG,11979.344036697248
RAPFSQPYWDL,14137.798165137614
LRWHQVENHA,3115.2844036697247
QYNVSRSWDWD,12016.69266055046
WAVWRLSG,13222.08256880734
FPNEFALSPKH,5465.779816513761
GHDSRYFKDVLS,3982.4908256880735
DEPALNPWG,3545.1926605504586
YLYWAYGWHA,8342.798165137614
KVHHEDSG,1032.4954128440368
YQFYPDEWDS,7730.628440366972
VYHFYQEWNAG,7188.51376146789
DFRKEGWNSG,1949.6834862385322
WQVPQRALSG,3506.793577981651
DFERLQEPNVS,1939.1834862385322
GERWSHG,4199.834862385321
PRQDARVAL,2098.830275229358
LPYKWRENKV,2631.587155963303
GPYKYLEWAL,8855.738532110092
WFPQGQPWVAS,7901.600917431193
GPKPVWHDVLS,2640.032110091743
VSSPDFPS,1403.3394495412845
DRLLDLSG,2836.646788990826
PLEDEPQFEW,4441.412844036698
RWPEVSQDA,1706.573394495413
YGPLWAWLS,19244.715596330276
QGEESFEWNL,3334.206422018349
GDESPALG,902.9495412844037
GQVAHGREWHS,3324.9908256880735
FYFAGKAEPNKL,1998.105504587156
WAKGNFEYNV,5994.114678899083
QRHLEYNGENVK,1905.5642201834862
EFPYKEAFPLG,3028.9036697247707
FWAVHVSQYWNA,13518.188073394496
VQNHKAWNS,2017.6834862385322
WWNRKQELS,2825.4174311926604
RGDDELSG,998.1146788990826
LGVDDLG,2324.3119266055046
DGDAQLNDALG,1597.9908256880733
GEWPAQRWNH,7050.5504587155965
RNAYSGDGPWVL,12529.830275229358
VVRDDASG,1358.3532110091744
SFPKYSGKHA,1531.5091743119267
HRDHEKSG,907.1788990825688
LGFNPNSKSG,2163.5963302752293
GDFRDKSG,1196.7614678899083
ANLRKKDVALG,1288.3577981651376
PKKGYHNKG,903.8119266055046
AELFFWAG,20438.83486238532
PNLARPDGWKSG,3160.4862385321103
YHPRDAQWNKA,2119.0366972477063
PYFHAPHLQVAL,15211.825688073395
NNVKDNHVALG,1733.6100917431193
HLWLWVYWVSG,21999.70642201835
DFNLHPYKDL,4895.0
PDLVLFANKDG,13375.321100917432
YSLEGYAG,3572.8669724770643
GVLWEDAG,4025.756880733945
SFPLLEWHDS,6881.738532110092
AHSEKQDG,691.9908256880734
DENVELSWDG,3848.0504587155965
SGNGSGYHDAS,1896.0688073394494
YPKRQWVG,3803.4036697247707
RQPDHDAGEPVS,1142.1697247706422
QKDDLQVLPLG,2015.7614678899083
FLPKSGFKLSE,2177.3990825688074
DAFVNQRYWHD,11482.756880733945
NKDSPYFQFEPN,3606.6605504587155
VARNGRDGFKH,2768.5688073394494
KQYHRKENDSG,948.2293577981651
NQDQAKAG,645.4587155963303
QALEDRVGNAG,1570.7339449541284
NGVKQESG,730.1192660550458
PDNKEYHAFRPH,2867.7522935779816
LSPPLFPHVA,4577.376146788991
AGPSFVPWHVS,7448.197247706422
WRAVDLSG,5087.651376146789
WPSEHKDALS,1969.3302752293578
AGNADWHDVA,2174.0229357798166
WSGNALPFYNA,13388.146788990825
SDAPYLWAL,14259.018348623853
NRPRKHPVA,1613.605504587156
YLLSYSRNSG,5135.105504587156
QYNFQFWKRHDV,7671.123853211009
AQKYHQYWKDLS,3227.912844036697
FGHGDSEYNAS,2629.408256880734
AYEEDSG,1432.3073394495414
EPQFGEPKGKH,1022.6376146788991
YAPDNVAFSG,3800.321100917431
EGHPWVEHDG,3316.7201834862385
YHVEWYKSFYV,18430.243119266055
HDGDYDGYKH,3080.9495412844035
DVSVKDVSQRYN,1683.3623853211009
VEDRNEDG,1167.697247706422
KQFENLWWKHS,6827.151376146789
WSLWEYLG,16925.660550458717
EEPKGARYHDV,1407.8119266055046
WWNKAHLSDVAG,3526.6880733944954
NPRAQEPNHVS,1235.0825688073394
EDSSDVAPKLS,823.7752293577981
PNPDFRHSRHD,2626.362385321101
RQHNYDSG,2147.669724770642
EDVLQWQVAFNL,26027.45871559633
ELPFKHVNKDLG,1796.8853211009175
PVSDGRPFRNK,2496.9311926605506
AHRPVPSG,1561.9128440366972
QALLGDFRPYN,7486.802752293578
KNKNWKHDVS,1045.366972477064
DWHWNRPHDAS,4495.587155963302
NGNLVGNKHAS,1390.1146788990825
WLHELGYDA,9409.811926605504
VVAYKKALG,2859.669724770642
HVQHNFPYHAS,5952.637614678899
YHFAAGNKALS,2820.169724770642
EGNHSHSEDV,1048.866972477064
WHNRFRWHDVS,9340.495412844037
EDNQKAGWNHD,1707.3440366972477
RDYWPKVFWHAG,10538.683486238531
LSEFYRPWL,17236.325688073393
RGLNPHDALG,3182.8990825688074
YNLRDVGHRYNK,4135.426605504587
WHVWVSPYEPDV,16240.298165137614
RWPHWGHDVS,6841.899082568807
EPPYLGQVRKHA,2009.073394495413
WHRRFEDVLG,7186.165137614679
WYVSLPWDVAL,30913.788990825688
PQFESQNREWV,5977.348623853211
WDFKQFKNKDG,2372.9633027522937
WNHKGRPVGQRD,2700.0366972477063
DSAKLNASG,798.2522935779816
LNVGGRNKLS,2161.954128440367
ASVALQEDPYA,2273.197247706422
NSAVNSG,997.2293577981651
LSERQKALG,1750.5642201834862
DFPRYSEPNHAG,2739.6146788990827
WQGKGHASG,1733.545871559633
KKVRPQWVG,2286.5825688073396
HDSPNGHSRNA,1382.7660550458716
VKFRQWAG,4253.619266055046
PVKQLRYWNH,5839.188073394495
NKRVSQDAFKS,1499.9495412844037
PNHHEKVFHDV,2308.1009174311926
GPVNNSG,1121.7477064220184
GYPVWSG,7827.788990825688
QNSVYQYWS,10400.40366972477
EVEVSLRPWNS,5598.793577981652
DDFPLDG,2738.821100917431
AWKGPYRYWKS,6270.9495412844035
RRFGKLSG,2331.0688073394494
WSSHAVLG,5700.655963302752
FPKARVQPDQFE,2412.6743119266057
SWPWFNSG,13911.48623853211
VLQDLGGRYKV,4151.082568807339
LENGQSQHAG,1747.6422018348624
FWFQGREWNDV,9031.587155963303
HEGEHEDSG,1085.7798165137615
REWENRKHEYW,7436.146788990825
YVKWRYKG,4050.678899082569
HDYKVRHREK,1403.4816513761468
LRQGYWHVAS,6916.284403669725
GDSQYYAG,3397.697247706422
SQYFVLWNKHS,13245.077981651377
AWWHWNALSG,10659.62385321101
DSDSASPYKAG,1134.9036697247707
NGWAFSWDG,18287.798165137614
YGRENQYVQKH,3405.6284403669724
YGKNWDALG,3742.761467889908
YNSEAREYLDVG,4869.545871559633
PFPKGASWNDS,2281.6926605504586
HLPVYFRYVS,34255.56880733945
FPYFGQAQPKG,4821.307339449541
NEGRWLHG,7022.912844036698
HWFWGLSG,12173.532110091743
DPKEVRKHV,874.2614678899082
FFVRYGQYWL,13253.724770642202
NPHRKDQKAG,942.7247706422019
ERSQNRPYNG,2122.6743119266057
GDNHNAG,1260.697247706422
PQPGRRYHDAS,2319.9770642201834
EQDNKPHVA,981.394495412844
WQYKLEPGFYL,28731.440366972478
QHNRQRDAS,1638.8623853211009
FPRARHVLPYA,11519.018348623853
GYEFRDLS,6196.747706422018
QLEFSRPYKHG,4607.266055045871
VLWHHSRPNH,5616.348623853211
VQAGHLVG,2118.6422018348626
PKYKEQFEWKAS,1711.9770642201836
YLHDRNYWALSG,9373.665137614678
EWQSYWGYKL,13043.30733944954
YHAQKESREDS,866.0412844036697
KDHVREREVG,899.0871559633027
ENPANDPNKVAG,770.8715596330276
PHYQSQPWHL,11442.963302752294
REQGANALS,1200.073394495413
NGNLEKQVLS,1310.0229357798164
QEAHLGQWRWNH,7357.064220183486
RDGKYNLPWH,7450.197247706422
GFYNVPDYDL,9777.70642201835
HLEVAHFRPY,14585.536697247706
SWDKPNLSG,2214.5229357798166
HWLFQWS,17541.93119266055
VKESNSG,1007.6422018348624
LWGRKEKHV,1965.5045871559632
DVAGNLGFKHRE,2063.243119266055
LAGPKNLSG,1548.091743119266
NREGHFRWG,7959.591743119266
NDPLQRSREDVA,1474.908256880734
YGLFLHAG,10391.270642201835
KFRNGFHASEYD,4596.655963302752
SHSPGKAG,1070.467889908257
LQFFAYWHDALS,23362.92660550459
GEAWVKVSG,3598.4036697247707
EEDDSNSG,873.2110091743119
PKQRHKDGQHD,1050.2293577981652
QQSEHRWLG,3197.256880733945
PWSVVAEYWNAL,23528.88532110092
EWAKFHDWNS,4970.692660550459
HYKDYLRLSG,4053.5733944954127
YQHSRFKHG,3352.9862385321103
DRLVGVASG,2617.848623853211
VSYASPVREW,6558.876146788991
RLAASYVALS,12327.963302752294
ELFDVYDRYV,14415.912844036697
WGKHASLFRNK,4161.614678899083
VEFEKEYG,1965.5504587155963
RHGYFNDFEP,7181.752293577982
KHQHKVLSWKS,1989.6422018348624
VPANFEVASG,1471.3577981651376
GSGQHEDL,1191.6743119266055
RRHRHQNL,2707.6009174311926
DEENDHDAS,1004.3623853211009
WPPYQYDAS,8479.119266055046
QPSSFEWFNSG,8677.5
HVEWSQGQNHDV,2916.683486238532
QGAKSKG,685.9449541284404
DLQGLSRDAS,1451.3256880733945
DYNNFHSG,3214.5504587155965
YKVSRVLGEYKR,3930.5366972477063
ENDVSWQDVKA,1494.059633027523
RGYRQEWVSG,4678.045871559633
HHGKYASG,1678.1605504587155
DEHSPWDSFYWK,12224.954128440368
ADGDAEAG,872.0550458715596
YHEVNDFEV,4299.288990825688
FEKRKAKDNDSG,723.5137614678899
WSRLQEPNGQWD,6899.211009174312
WHAHNVGALG,4223.344036697248
KKEKQYSG,724.5275229357799
RSLDFWSG,6228.275229357798
PVVPQEKHVG,1197.302752293578
RSRRHLQFNKHV,3299.637614678899
RWHHEPDPWHV,7981.678899082569
DLQNHSWDVFRW,17499.73394495413
RKADFNYKHDV,1898.619266055046
SGVREEPNVG,1050.532110091743
EESGVLQDVAS,1014.0045871559633
NNKDSLNKVA,848.2385321100918
ADFYWPAL,13831.036697247706
AEWELREYNKS,3196.683486238532
QESDWHGEYAG,2534.5091743119265
NVEYSENRKLG,2578.4266055045873
RQEPSYSPWAG,4042.5733944954127
KGSSYVALG,2384.330275229358
EHFHWVNKHDV,3687.3440366972477
PSDPKDRPNASG,864.183486238532
FAYKLLEKASG,2595.394495412844
KRNYYHLG,4304.435779816514
AVALLPDSG,2949.7844036697247
PLPWKRVSFE,6769.623853211009
DSYLPQFSG,4566.495412844037
HDGSEPKGVAL,1190.9908256880733
HNKGHPWDVA,3285.2798165137615
WWKENFRLSG,7495.6100917431195
FREKGFLSNLSK,3390.577981651376
LRFKGRYG,4418.977064220184
PKWVWHAQDLG,4965.642201834862
ELKAWDYNAS,2522.293577981651
QSSPQRLSG,1565.9816513761468
SFAPKDHDAG,1297.3211009174313
SDQRKWVLS,3766.7844036697247
AEDSLFRDVA,2326.1284403669724
RGSANALSG,1562.7981651376147
YSFFGRYWNHS,7578.174311926606
HPKQNEWKSG,1108.2706422018348
PQQEVESG,707.5871559633027
QWAENEDGPWD,7676.587155963302
NFQDVEVG,2116.2201834862385
RHDEVAQPNLFR,5913.637614678899
QEWKKYNHENKD,1299.9954128440368
RHAFLEYPWAL,20619.743119266055
RWGDFPGQEHVA,3280.0412844036696
KESFRRNVAL,2682.9954128440368
GFREKRLSPKA,1702.2293577981652
HPRNKFWSG,3842.9908256880735
EEVVARVSG,1790.091743119266
YVFLYAPHDAG,15609.348623853211
SGYGRGWNKVAG,3043.4862385321103
QVPSALGELG,1091.1834862385322
QLSDKHVHVAG,1451.1376146788991
NNHLWLALSG,12029.43119266055
FSFSSGNKALS,2946.7752293577983
WLGKFHDEPL,5097.178899082569
GWKRKFRPKSG,1315.9449541284403
WHHHNVG,2994.256880733945
QKFRLPHSEPV,1936.9128440366972
FWSPHVNLGPVS,6013.371559633028
QGQPFNVFWHVL,18447.0871559633
YGHKRPLG,3073.3348623853212
NNAVSESG,865.4770642201835
EDGGLFEPKVA,1372.334862385321
YNDREDKAEYHA,1821.8623853211009
SQSLHDLS,1569.8577981651376
RFWRGWAG,9012.463302752294
DAKKHFDVALS,1262.7477064220184
LQRRYGWKA,4465.674311926606
KKELNDVSG,664.1422018348624
FGNKWSQYWND,7169.733944954129
HFYFLGFNDV,15901.435779816513
NFAHKDALS,1826.651376146789
ERSHPVS,1117.0871559633028
NLQGLWHDVL,9066.995412844037
WADENVRKAL,2525.935779816514
EKQYAHGEPND,1124.2431192660551
YYHSDSALS,2817.7201834862385
FPSGNSEPSED,1081.1467889908256
HQNHLEKDSPD,899.3073394495412
DVQSNKDFDAL,1141.8577981651376
DRFSYVLSG,8661.119266055046
AQQHEKDVG,717.5366972477065
AQWGHGPDASG,2192.5366972477063
HLFPNPNKYHL,5131.036697247707
DFKKPYSG,1627.6743119266055
GDPNPVAS,1178.2752293577983
ANDQLFPYHLS,6824.270642201835
LSSQNDAKDS,856.3715596330276
KANFWGQWNDAG,3785.5825688073396
SYKYVYKV,7115.082568807339
HLKHSEARNKAS,973.8990825688073
ASKHYWRNSG,3069.2844036697247
HDYHVQWFRVSG,11723.866972477064
YRESVQPYNS,4524.844036697248
NLSKDVPSDS,817.5412844036697
VSLKPWDVA,3168.238532110092
KLQHYVAFPWHL,18583.128440366974
ARSGKSFDS,1523.7522935779816
WEVVLHALG,17647.23394495413
DNSVLLSG,2270.922018348624
KGFFQPNKDAG,1764.366972477064
GYPDVWLSG,7711.591743119266
NAVRQYALS,5109.729357798165
FKEWHWKRWNH,6549.4908256880735
WAYPSFDG,11272.490825688074
FRAPFRDRYKDS,3601.298165137615
DQLEWGLG,3858.0045871559632
LPGLKLG,1899.98623853211
AQYKPKVDALS,1401.4908256880733
KPDESFHA,1029.9908256880733
NRASWGRNSG,3385.619266055046
LDAWVRKVASG,3887.1880733944954
FDVQQFKSASG,1879.2201834862385
ERPPFRALSG,2152.5550458715597
RHYDYNSPYLS,8258.821100917432
KVKPYGHVASG,1846.0688073394494
SRGNEYALSG,2647.362385321101
VSFGAYKHA,3356.47247706422
PAAGKLPG,1164.9449541284403
ELELGDSQDVL,2003.1009174311926
VFHQRPNHLQPA,3454.9633027522937
HNWVAYSG,8493.252293577982
LLGQFKVVA,10209.45871559633
DVSSAQENKG,846.7201834862385
YPDLPQREKHDV,1425.3211009174313
LDSDGHVG,1946.2385321100917
EREFWSQFNDG,7167.977064220184
GEKKHRYWND,2344.605504587156
DPSAEVSG,853.7752293577981
EKWNYLFKASG,4357.619266055046
LRYDFANHG,5292.857798165138
PWLHLSEGRYWN,18044.509174311926
QFYEGYVSQEDA,3373.0091743119265
FRHQFNQSFVL,20667.036697247706
HVPDEKVAHV,1310.2660550458716
NWYFNLG,11202.97247706422
QGQVVARNKVAS,1603.4311926605506
SNWNYDLG,5690.834862385321
RKSWFYQKSG,3298.3073394495414
EGYEKSWKHG,1525.1146788990825
VQYNPGNKDS,1131.5275229357799
GPRNNKG,1003.4311926605504
RDAHLGWDGPV,6887.646788990825
NDHRNDWHDVL,5438.908256880734
KFNLWDVFWKL,12094.788990825688
WAAGYVSDVG,7309.022935779816
LVNEYALG,4538.0504587155965
HYNEDFEYNG,4534.380733944954
NNRVQLSG,2252.5229357798166
DRGPNDNALS,1268.665137614679
EFPKEAQDA,788.5917431192661
PDYNHADFYNAS,4727.688073394495
YNWWEPYKV,12772.100917431193
VFVNYHG,7933.183486238532
HAGWRPDAFYHD,15770.339449541285
AQGFFHSG,5262.729357798165
PPLAPDG,1337.091743119266
KNLSLFPYKHD,4093.637614678899
VSRWEAQRSG,2884.316513761468
AFHYSNAG,3606.5550458715597
LFKPNVYKS,3598.8669724770643
QQNFRVYHG,8120.55504587156
NQLHGKVALG,2423.793577981651
PHVHENVPYVG,3613.7155963302753
HELWLYLSG,16578.75229357798
VSNQVLREHDLS,2254.2201834862385
PPRLPDVLS,1936.5688073394494
NDSKGNSPKV,844.9954128440367
PQPPNENDLG,1065.51376146789
PVSLVQPNS,1942.0412844036698
FKDKVKSKVL,914.6467889908257
AQPGLEYNKLS,1512.0045871559632
PDRPHQDQRKA,1031.7477064220184
DLLAQFAG,5840.183486238532
PRRDPKALG,1224.5183486238532
YALFRNFFYHL,9537.233944954129
ALDQNKEKAL,925.0779816513761
DDASVEVG,1105.6146788990825
KSGQSKLEDAL,769.4816513761468
YPDNEWHG,3606.2522935779816
LLQEKQRG,1452.302752293578
SYRWLKG,4987.752293577982
SGNGYNHANHA,2354.880733944954
WKVHEYVAYNVL,19232.43119266055
QLHLWDRNKDL,4638.068807339449
NPSLALSG,1671.9449541284403
NGESLGRPH,2762.119266055046
NQWYEHALSG,6755.788990825688
PQWFKGQNVL,5976.1100917431195
DSQQVSFENL,2632.0183486238534
NGGRKVARVLG,2429.1559633027523
RWDRPHDEEKH,1400.0
YKLPGHFEPND,2916.5825688073396
KSPRHAPKDVS,965.0963302752293
YLFVVSQEKDV,16872.57339449541
RRAKGHLSG,1317.091743119266
PDFDKQEPNHDS,1390.834862385321
PRLYLYLG,30700.70642201835
YRPWFGQNHVL,14751.844036697248
DYNFVREPDVLG,4412.059633027523
PSPHYAEPYN,3499.0
NSAAPKALG,1046.711009174312
QKELDPHALS,1362.380733944954
VPSESNVG,873.3532110091743
DDRYESG,1655.665137614679
PLEFYHGYSG,13436.344036697248
HEYHKGYHG,3131.788990825688
GNLLGPYHS,6354.357798165138
HQVRESEPYWN,4197.8302752293575
QQSSVSG,1143.3577981651376
PWWKVFFYNKVL,25536.29357798165
QQLGNSENKL,1125.5412844036698
DFLHANLG,4275.605504587156
YYAQKQFPWNS,6640.440366972477
LYSWNEDG,4360.068807339449
SEPWGNFEPY,11249.688073394496
DAHKRWLG,3204.880733944954
NEHAGNELS,1453.1880733944954
WLFVQESQYWH,23121.270642201835
SSGQVKLG,1511.9954128440368
KDYVEQYHG,2225.376146788991
QGLSYFVS,14983.399082568807
AEQRDDVSG,1062.9770642201836
PDLLRPPYHVLS,11320.940366972478
LDLQKWNSG,2208.733944954128
NDEWAQRKPNV,2915.394495412844
FHPSWLGRPWH,17201.825688073393
YSFEVDVQFVA,41499.45871559633
WQEHSVRWDAS,8152.752293577982
SQSPHLENKVS,1102.8623853211009
PPYAAFEYNAG,5749.376146788991
WAKNALYHVLS,8555.155963302752
RRPEYFNHDL,5422.655963302752
LYDGRRHSG,3503.623853211009
DYYQHLS,4314.738532110092
PVPKYKAEDL,979.1467889908257
WKVEPQFSQWDV,8064.091743119266
FFDGHDWDVL,11247.885321100917
DNSFESQRWKAS,2227.697247706422
DFSNAHAS,1912.1009174311926
VSELGHDYWS,8259.678899082568
RSKGKREPYWAG,2217.4449541284403
SQALEVRYNVL,14602.619266055046
KEKKPWNHDA,1116.2247706422017
VKVSHYHDVS,2350.7155963302753
LQYYPHVG,7217.178899082569
FQRLQNKEPW,4582.536697247707
DFVFGASG,5952.834862385321
WNHDLHDYAEP,4535.431192660551
GQSPGQPHDAS,1281.8073394495414
KLWFLGDLG,12165.0
PFRFEWRYD,24909.518348623853
RVNKRLQEWNH,3241.201834862385
YHKFPHAGVS,2834.816513761468
PPPGYVLSG,3211.4633027522937
DPHYVPKVSG,1513.605504587156
LQAKGEDL,987.3807339449542
HPWKHVVFYHD,23349.669724770643
APPLQNVAL,1951.9633027522937
YENVWLFYWVL,19372.853211009173
AERNRKLG,1253.908256880734
QGFDSGGFPNVS,3337.353211009174
KPNSKKVLS,749.8394495412844
YLLNGQES,1973.151376146789
NGRNPLRYWKHL,9295.178899082568
FVKKWNASG,2354.270642201835
HNHWAWHDVAS,6156.591743119266
WYDEDEAS,2647.711009174312
GQLVDSG,1337.2293577981652
VLLNDPKSG,1646.605504587156
KKQPFDLSG,1376.9954128440368
YQFNLRPKSEP,2238.0229357798166
DRNVYQEPNKS,1435.9495412844037
QNWVGEYQPNG,3852.7844036697247
HDYQFNQWSG,6393.788990825688
DGWQKSEPWVAG,3409.5733944954127
PVEKPLFHLG,6414.605504587156
VVNKGNHG,1390.908256880734
WELDLWLSG,16271.834862385322
EDSYNSARYLSG,3484.545871559633
YVYPKFRPHDL,7510.766055045871
DHDSRKFPVL,2619.8853211009173
RLKWNAYWVAL,17317.376146788993
YKQYHAFWYKVA,10971.087155963303
SDLFAKDVA,2305.7522935779816
RQWVSGVKDVL,4146.614678899083
FRGDLGEGPHDA,2125.6559633027523
KKHFWRSG,2812.5137614678897
PLFDRERYAG,5586.8899082568805
NQVAYVAWNHS,7716.256880733945
YNEWRPVPKD,3573.0137614678897
GWVPLEWSG,10904.11009174312
APQRNDFG,1610.0366972477063
SFHNYSG,3555.3990825688074
EAKKSYDSG,703.4770642201835
HHHDYVSG,2654.9954128440368
EWNQNGFEWFK,10903.426605504586
QGEYLALGEPH,4537.839449541284
QEDRYWGEDVV,2991.5504587155965
KSWHRLRYKH,3342.761467889908
DWDNKQNKS,1040.045871559633
GFVKENALG,2337.9908256880735
KRDYSEKLS,1030.8623853211009
KGAQVGWKHVL,3249.4495412844035
LYAVYKSG,7731.45871559633
FLLDNALG,6159.133027522936
SEYHYSRKAG,3048.5229357798166
FVQPRYDFYDV,14590.56880733945
FGQPKHHAGYND,2590.0229357798166
RHYEEDLSG,2077.6880733944954
YADYQFAG,5573.266055045871
LPVASQRWAREL,4940.408256880734
GALPLKAG,1718.408256880734
NSADFEAG,1366.119266055046
YPSYNLEVS,4683.114678899083
FDFRYYHDKD,3376.4495412844035
WRLGPNRYVG,10761.41743119266
QPFRYVEEWVS,14205.201834862386
QHKEWVQYKD,2373.169724770642
FPGEAEPHQRWV,8814.775229357798
FEGDPYKWKDV,2385.045871559633
QEQVPALHAS,1171.0045871559632
VFDNLEKHDL,3066.587155963303
QWNHKSEWNWNL,7880.362385321101
AELQLPVG,2397.8073394495414
LYLDEHAG,3263.4862385321103
FHNSQWKSVASG,2322.9495412844035
QPNFENREKAWS,3557.532110091743
NAEYQRWHQENK,2436.1651376146788
YFPENFEYWL,16738.844036697246
ALKFWFEPHLG,13217.678899082568
QWQLPVRPYWG,21151.660550458717
KPGHKSG,835.2706422018349
YENGRGNDAG,1657.6100917431193
RQYNFPFEKDAS,2965.5091743119265
RKQDRPLGFRV,4587.701834862385
QVQSLGEYKVL,3448.6651376146788
NFFRDDALS,5694.022935779816
AVGEHSFRVSG,2521.9908256880735
KVFVASVQENHA,4099.582568807339
DQSLRPSG,1266.2064220183486
HWKKHYDVL,4095.3394495412845
GRFARYKALS,4887.995412844037
QPDAQKGREVV,1219.573394495413
QRSFQFYFYWVA,28431.977064220184
LQGQNPG,1688.1880733944954
GEEKWVG,1450.2798165137615
HDVFNLHSEPWN,7219.399082568807
YWGRHYKDFDV,6252.559633027523
NWENVYG,6251.522935779816
FNQWDLRSGHL,10673.247706422018
KQREFYWDAYDV,9747.871559633028
YKGYPHSFNHVS,4517.825688073394
LYKPFKAG,2872.6330275229357
AQNDNDEPKVA,729.559633027523
RRNHWSYKDAS,3328.678899082569
RVVSWKSKDL,2666.8577981651374
QKHGYRGQWAS,3763.637614678899
WKHAAVAYNLS,5765.201834862385
SRYPWYNS,8389.02752293578
RYSVKQRDLG,2249.2201834862385
PHEGKDSRVA,1175.0091743119267
RYQHDGDQENVL,2138.564220183486
HVYSGPKYNK,2571.380733944954
KAEVRDQPNKA,734.9816513761468
PEHRQENS,1124.8256880733945
QGVFFPYWND,17273.123853211007
RQGNAWG,2978.045871559633
SEGNVKSG,817.9495412844037
RPSRYDRLFRNL,7819.417431192661
QPDDVWSRYKA,4330.4908256880735
DHKDQENVG,763.6238532110092
EDEAHDDVAS,861.4587155963303
HVDGVGQNHL,2357.0137614678897
KFSKPYNKHAL,2035.5091743119267
NVHGDFREPYWS,9790.605504587156
KPEKKDASG,535.3532110091743
QSVSHDQEWN,1866.8761467889908
NPVNNKSG,808.6146788990826
PWSYFELGYKV,24346.357798165136
PNQHNGRYNKDS,1398.7614678899083
SPSAGEHVSG,1206.091743119266
YYDVNHRYNKH,3551.6009174311926
KYKVGGWDL,3904.9036697247707
AEEYQYG,2594.4770642201834
RVEDFAQNKG,1536.6467889908256
SAHQFEWNDVG,3262.233944954128
GWDRPQDVALG,2748.0045871559632
AFLSDGQDALG,2822.5045871559632
FEEHNDSWKAL,3010.9633027522937
NNGWWASG,5869.54128440367
NRAWYLSG,8491.729357798165
YADLNHGPHAG,2977.5733944954127
YSRVDLGYWNLS,10358.825688073395
WWVHPKLG,7624.729357798165
ALHYNSKASG,2034.7293577981652
APNDPVRNKA,792.4954128440367
ERFYHFWKHA,6730.472477064221
QDRDQYVQND,1717.3899082568807
PAGQQPYVLHLS,10426.426605504586
HDHQSPAG,1198.2981651376147
VKPRWDVA,2540.0412844036696
HASKAFLSREL,3365.6743119266057
YRLRDDVL,4862.293577981652
NAGHHDAQALSG,1590.2844036697247
LDVGDYDSG,2164.3669724770643
EEDRSHSG,1044.3761467889908
ESSVNDALSG,1020.0825688073395
NEKSEAFYWDL,7554.284403669725
RPNLEDNHFRNH,4777.165137614679
VPRSVALSG,1885.1467889908256
NNPDSHVAS,1374.4036697247707
QYDARLAFHL,14121.56880733945
DEWQAFRENHA,3368.701834862385
PELWWHSG,11404.422018348623
YLQGAFEWKHVG,5187.908256880734
PENWFRWG,12695.155963302752
QQFVHSRKSG,2234.091743119266
EDYWYHSQEPSG,3168.559633027523
LQAVNHDAG,1751.4311926605506
DGHELRYNHVLG,4159.55504587156
QPAYFEWKEYD,9759.830275229358
PQAAWLSG,2945.802752293578
WENESQREKH,1763.9036697247707
ADLSFNGHDAG,2436.9495412844035
RDGRWDGVFWK,12441.339449541285
LASRKVES,1207.6467889908256
DGVVAWSG,4561.233944954129
RFEVVLFREKS,17806.70642201835
GPESGHG,1155.651376146789
YYDQLQNDVLG,3982.0733944954127
QLLWGVAG,6372.876146788991
YNLPWDRNRDVS,5120.564220183486
QAFFQFNKDSG,5028.821100917431
LSDVNHNLG,2078.9816513761466
GKSDFVSG,1140.967889908257
VQDGFKALPNDG,1827.059633027523
DRYNPDQRKA,1591.01376146789
GHNVWKHVG,2963.1009174311926
QKPLFYSGEHS,2691.5504587155965
PQNYEPYNHL,6089.9908256880735
YNSHFRKAYNK,2670.880733944954
PRFKRKLG,1412.288990825688
NPLSFRLPKD,4412.766055045871
HDPEGQWHSG,2294.6926605504586
SENLNFPNKA,1865.7339449541284
DREHGVRPNKS,1365.7935779816514
WVFQEVALGV,19768.174311926607
AFHDNPWHSG,6246.3899082568805
EPARYHLAFHDS,7834.564220183486
KREADSQPYNV,1867.2614678899083
YQHHFPKHDVL,4607.316513761468
HVLLPYVHALG,18194.775229357798
RVVDEPASG,1452.7660550458716
QEADYSGQVG,1366.4587155963302
YYFAGNG,2915.52752293578
FAVPYFDVG,13548.353211009175
ESNAVQPYHLG,2749.0504587155965
PRAFKRDALG,2439.435779816514
ENHKLQPVAGYH,2768.738532110092
RDPFNVGEYNV,4392.270642201835
ASKYNDQRYDA,2211.733944954128
FWAHYWDQPKG,6012.646788990825
HLKKASRENHV,1329.8440366972477
LKVSKWNKHDS,1567.1376146788991
WNYVQYAFYVA,23927.3623853211
GKGRYFNG,3506.3440366972477
FQVSLDSG,4456.802752293578
PKARDRARWDS,1967.5642201834862
WQERGNDAG,2587.9770642201834
ADSFLHVSG,4207.756880733945
KPLPWFYG,14007.90366972477
NSHDFEKQENKG,886.4357798165138
FSLDKDG,1575.302752293578
LNDKLWLG,4842.6697247706425
AYQFGNSG,3095.151376146789
YADARWEWKD,5443.380733944954
KWLANVALS,5454.454128440367
QPLVYNNHVS,6711.371559633028
PPHGSQWLS,3635.6651376146788
AEFFYSG,10227.137614678899
VQFWNGGEWVA,8487.298165137614
KDLEQFVAHVA,4121.655963302752
LKRWLPG,5601.417431192661
ASYVRSNKSG,2015.711009174312
YGHEDSYVLS,5687.288990825688
FLAQKSFPK,3000.362385321101
DWEHDRVG,2828.0412844036696
SDELQYKAL,2197.8073394495414
HPSVYLSG,4439.752293577982
WSWNWSEALS,10382.146788990825
PDWDLYEYDLS,12826.064220183487
SRSRKAKSG,822.9816513761468
RHDNDEWDVDS,2583.637614678899
EQWWLQPWHL,26583.394495412846
GPHKFRHDVS,1986.6376146788991
ENYHEYDRASG,2684.0137614678897
DYWKQVYWG,10592.256880733945
ESRNNHGYWK,3855.793577981651
VEFLENG,3572.6926605504586
KLQHFNAENVG,2034.8119266055046
RANGRWDLREPA,3310.2522935779816
QPGPVNSNHS,1686.7339449541284
NNGDHDALG,1709.366972477064
AYVDNKSG,1363.9724770642201
EDADEPLSFESG,1394.605504587156
QAGQSHGFDG,2087.788990825688
NFQFRSVAS,7649.316513761468
NSDGWLYKDVS,4629.816513761468
WHQRFEPEAS,2731.0045871559632
PQLFYKLGHLG,12531.674311926605
YRVLQYSPNKVG,6853.779816513761
REKLKLQFLNVA,7063.201834862385
VLGALFLGNK,7074.027522935779
VAVFKVRWKA,11479.587155963303
HVWHRWARHG,7678.871559633028
DYDRVHDLSG,2652.0963302752293
WEGPLLSG,9659.587155963303
PNLAWVRYDVLG,23291.788990825688
NDEQSFEWNKG,2067.1651376146788
VHWLRVSG,9183.669724770642
NERVFSG,5062.816513761468
LPLYQFPKVS,6226.637614678899
WNSDHLSWNK,4803.463302752293
LYKQNAWDVG,3637.178899082569
FVPLQENREH,1914.348623853211
RGEASYVEND,2078.935779816514
EDNASNARKL,1164.133027522936
QVGRKAYGQWNA,3633.706422018349
RRLFDGEWHD,8155.738532110092
EEVSPQFAL,2714.587155963303
LPHYKKASG,1642.605504587156
GNLQDRHLS,2134.669724770642
DQANFDVALG,2458.711009174312
PPSDDVLS,975.1788990825688
YLNWKENKHAG,1857.091743119266
HYVSLFEYNKSG,8356.559633027522
NQPWHLFEHVWD,15992.422018348623
FKQYPHENKG,1628.7614678899083
PVDVHARPNK,1397.1605504587155
KDLQGENKDQHA,762.6009174311927
NYWKPFEPNK,2659.302752293578
DAFPHWAPWKA,7456.077981651376
WAFYREYRNKS,6609.94495412844
DLFQLSGHDVG,4285.288990825688
AWDWPDG,7036.90366972477
WPSNYKDVAS,2943.711009174312
FLQQHQEPYDL,5458.40366972477
RQWQEFDVG,4404.454128440367
KWRALDVAS,2902.119266055046
LNDWVKDVAS,2285.756880733945
QAGSAFEWNKDG,2064.238532110092
LRYGYSQRYL,11260.215596330276
FKWHKYKDVA,2495.211009174312
EGVLRAFPNKV,3156.4908256880735
FWLGEAWNHSQK,4448.8302752293575
NPAEQRKDAL,814.5045871559633
PFVKWHG,6208.793577981652
KPYLWYWKDVL,10889.655963302752
HWAWKNVAS,3874.6330275229357
FLHHPDVG,3532.4633027522937
QKLQGQRVPV,1898.633027522936
AHGGVLG,2236.0504587155965
YGWNRKSFYLSG,10923.614678899083
DGKKYHLS,1469.6926605504586
NAFYGPSFNSG,7809.077981651376
PFWASFKDSGHA,5808.1100917431195
EAQSHAGFRAS,2034.0412844036698
RWWDWNHQWHA,15594.215596330276
EPWDRKVSQRNL,3310.5733944954127
LYYVQASG,4840.183486238532
PESGKGENHL,1097.651376146789
EWAAREKHKDA,1235.119266055046
NSWEWLQFAS,18363.963302752294
LPNDRAQNA,1344.8073394495414
DSPWENGRYG,4198.811926605505
FRWHDWDGRWV,20311.94495412844
GKPWVYG,7007.715596330275
LNVDVDSG,1653.697247706422
EAYRWAREHA,3493.701834862385
RYPYALEWLEKS,7619.573394495413
GKVADYKDALG,1243.5275229357799
YRYHVAAFWV,24997.04128440367
NEAWEYVG,6635.642201834862
ADVQLYWKAL,8435.48623853211
VYQVRHLSG,5262.614678899083
RGHFVQEYWN,10121.197247706423
VLLYFRAG,26579.298165137614
HRRNHFPYVL,12952.977064220184
PYLKWHARPYS,10984.330275229358
AKLEHNAG,983.7201834862385
EVQNVARDRWN,2874.6743119266057
PQPRAPHDVALG,1772.9174311926606
WEGYLPWHLG,19907.47247706422
RYHDKFPSQEWH,4745.504587155963
LNYLRLSG,7399.3899082568805
SPVQVGKDVAL,1199.1697247706422
REGDVAVKVG,1007.2477064220184
PNHLLGRVPNKG,2546.738532110092
RWRDPHGEVA,2628.8119266055046
KPYKYAPHLG,2443.348623853211
RWKSKDLESHA,1257.2201834862385
YVHQLPWKLG,8673.628440366972
GFQNQFSG,4029.3348623853212
SGDFKQNKHVL,1934.7844036697247
NALEQPKGRND,1704.334862385321
VLHHFVLG,10641.06880733945
DGVWKEYHLSG,4055.97247706422
HFNKEHSFRYD,5337.665137614679
NFYFKQWNK,5316.98623853211
QRKNQFYFPNL,9504.11009174312
YSAPWSYWKG,8951.894495412844
AFVPRKLSG,2959.7247706422017
KQDRREKHDL,925.9266055045872
EYNDWLGFHDGW,17752.92660550459
LFRPFVASPND,4960.472477064221
RGAPPWAS,3760.5091743119265
KAEKSRQNHDA,829.8761467889908
PGNEHAEWVSG,2222.3853211009173
EWRAYWYWKG,13028.788990825688
PPRSQHDVALG,1796.8990825688074
FVYLSRLYKH,9422.683486238531
YAHWEWAG,9336.940366972478
FWWAPKLWDVG,14005.885321100917
EGLLFKALS,6787.188073394495
LFGGPNSG,2645.105504587156
GKGQYRLG,3070.97247706422
VQDWWSG,6714.793577981652
QGYHREPFRHA,4701.09633027523
WWDGPSNHALG,9110.674311926605
EASQLYNSNS,1584.9449541284403
VEGQPEVG,1087.5366972477063
HSLQYLWVAG,13915.532110091743
SFFDAPAG,3734.5091743119265
LLWVELSG,19673.142201834864
LPHQHFYNAG,4432.688073394495
DDVFDRPAG,2016.2293577981652
QLDGSGVALSG,2466.321100917431
YPYFPFEYDSG,14007.866972477064
EKGPQKDVWNL,1340.7568807339449
RPYYFYKLFRPN,13199.321100917432
NWLEVPYG,10393.619266055046
EQSSQNKVAL,813.4770642201835
KLALVQVAS,5437.811926605505
QWYNHGRRWNV,10176.454128440368
VGAYDLHLG,4757.9908256880735
AGNKDPKYWVS,2033.5183486238532
GKLKRWVASG,2287.178899082569
SQRRASYNKHLG,2621.183486238532
SFEEHRPHDVS,2481.532110091743
SRVNFRDLSG,3906.4862385321103
WYAQVPNKDL,3180.362385321101
NLKAAGFYNG,3908.8715596330276
VHSHEWLS,4073.756880733945
RRYRSPWNKS,2455.201834862385
ANVDPNDSG,930.5504587155963
DSFLWKHEDLS,3196.816513761468
GSGHVDLG,2045.834862385321
WPYKAHLYL,15576.064220183487
ALRKVYWHDFHG,9664.967889908257
FPENSKDSFKA,1808.802752293578
PSAFKVNKDV,1389.8853211009175
EYSLRWKADVAG,2750.091743119266
GPVKNSG,653.8211009174312
GFFPGPALS,8847.20642201835
NYKPHQWSG,3522.853211009174
FYGFPSVGREWN,6261.467889908256
GRKYNREYDVAS,2148.8853211009173
ALQGYLGYVA,8800.348623853211
AFEEQNKHVAG,1307.7247706422017
FNAAPYAPNK,2178.5366972477063
EAALHDVNA,1093.0642201834862
FHSRQYALHDV,6363.0504587155965
VNWKSLG,2393.146788990826
YENYVWDG,7135.678899082569
GHGNELS,1122.605504587156
AQDVLYAQKV,2123.0091743119265
KRNKQALPKD,715.6788990825688
WYEGYSG,6672.233944954129
EWRLKLGWAG,9481.247706422018
YAWYRHDLG,9102.045871559632
GQRRPLGEASG,1183.4816513761468
NPYWWGFRPKA,7120.311926605505
AKQVYAG,1434.9220183486239
AYAWDFPYG,13430.160550458715
NYAALDSG,2731.788990825688
VWDGPQWVS,8035.724770642202
SAYLFNLSG,7913.972477064221
HLSPFWVSEND,6147.362385321101
LWWAASG,6813.59633027523
APYVLDEPYKVS,4188.316513761468
PQFAWNDYD,11122.605504587156
VHGWYHVALS,11438.738532110092
NREYLNAWKHA,4649.977064220184
NAQDFKGQWD,2721.9862385321103
ESYDDSEPYWLS,5433.931192660551
RWDAWHWHWKLG,13221.08256880734
RGYHAWDSNV,5237.880733944954
QSEYFKLGKH,3124.9174311926604
VFDQRRPHALG,4361.912844036698
LEVLPSEYG,4923.348623853211
NQHENYKS,1105.7064220183486
SPPHKSG,840.8669724770642
DNHENFNLG,2256.853211009174
SRKDGGDAG,921.1192660550458
NENRYFNHVS,4768.545871559633
YGWDEKWALG,5802.366972477064
KFKADALRKV,1218.7660550458716
WQWNYANHS,7822.651376146789
HDHFHDLWNKL,6240.6100917431195
HEPYVPVRYND,7179.775229357798
QHPYYVGFRENH,7814.6100917431195
YDGFPGNAGWD,7428.087155963302
SSGNFEPYWAS,7091.756880733945
FRYGSFHAHSG,5647.353211009175
WVKHWVSEWHA,10707.08256880734
EPQGYNGPWKH,2668.564220183486
LFSHNLSG,3198.1284403669724
FEWWANHAPWAS,15154.926605504586
EPAWVGARNS,2700.830275229358
HHAVQPNHA,1906.380733944954
ASPGALEPKVLS,1293.7385321100917
HYWGVLNHDLS,9233.637614678899
DRKARVWKHDVS,1687.967889908257
VSAHSHLG,1845.3440366972477
ESVVGDVALSG,1321.6697247706422
EYDLFRYRFEND,13027.243119266055
YPFRDSLG,4622.0
EKYDQPHKHDLS,1362.51376146789
PDQYEVPDAL,2190.3669724770643
EVDHDQALS,1254.3761467889908
DQHRRVAG,1697.0366972477063
WQFRWVQNQHV,10393.899082568807
WWDYHKDVAL,9599.922018348623
QGPGAEPYAG,1446.1788990825687
REPRPQKPHG,1175.8899082568807
AKEHSNSG,768.651376146789
NFALSGGFYWG,20041.298165137614
VPSNPHSG,1397.7339449541284
APFKDFHDLS,2596.380733944954
QDHWGPAG,3149.1743119266057
FFKPYFRNV,6970.40366972477
PERQVLS,2166.0
QANAFYQPNHV,4726.073394495413
HGEHDFVQRYWG,11372.481651376147
FQNSRLRWAS,7996.064220183486
PPKRFKVA,1510.1559633027523
VLWPPYHVA,14330.522935779816
SEPDSPYGPYH,4979.706422018348
AGWKLESEPVLS,2229.077981651376
NQHNFNDALG,2457.5825688073396
KFAPDGLSG,1838.9587155963302
VWGAEPLS,3211.6605504587155
GLGHLYG,6389.577981651376
SLSDKDLS,1086.802752293578
PWANKGFGEKH,2521.880733944954
KLVFDSFRNKHA,3860.4816513761466
HVYRQRLS,5970.1100917431195
LWNYEYLSG,10161.518348623853
AYFVGWSG,12796.577981651377
KEPHRVLGRKL,1737.1880733944954
HKDEAEPHLSG,917.6422018348624
NDLGGEVVLG,2833.8348623853212
WQYPHVHVAS,8739.201834862386
KHGYGKRKDG,989.197247706422
LSHSAQRNA,1901.3119266055046
VWWLEKHDG,6177.733944954129
NDFEKRYWHRN,5239.715596330275
PHRVNDPHG,1844.48623853211
HDKYELSG,1520.5642201834862
QKYNFNVNVA,3529.261467889908
LLQYRNLS,6268.128440366972
FDLFKAYNQP,3667.435779816514
WAQEPSWKSN,2947.697247706422
LRSQKSQYNVL,3407.52752293578
DQDSAFYG,2978.922018348624
LVAHEVSG,1856.454128440367
GFQVGPHAS,3654.678899082569
VHWDAGS,2924.1651376146788
LDQRGAG,1645.98623853211
WKENPYVYNKG,4973.59633027523
VYSWFASG,9347.70642201835
EPQNSKASGQK,1020.6743119266055
YAWNLVFYWNV,29650.688073394496
SEHRQKHG,1759.6467889908256
LKPNVDG,1361.6834862385322
ESHVYASHVALG,4068.7752293577983
FQNYHSPYWDG,14050.660550458715
GQRLFQENAG,2766.137614678899
EKSYARVEHA,1261.5183486238532
EWSWKQRWNPHV,8452.302752293577
WAGRGRNKEYK,2071.706422018349
LERWPNG,4642.839449541284
NFLPNAGWVAG,7336.706422018348
LDLWAKLS,5144.651376146789
GFDDQKSG,1350.6743119266055
NLWPHLPHD,8877.477064220184
NGFKWHAYVA,8516.151376146789
LWHENHFHDL,9913.330275229358
FFVQKGWHVA,7450.8899082568805
QADFVLRDL,10964.357798165138
WNHLLSEVPYWL,28344.302752293577
AWDWVLHASG,10144.830275229358
FAWESQWNKDL,5586.004587155963
QFYDVNKLHVD,4103.155963302752
FPEFFPYDG,21099.711009174312
AFRVYLQREYG,24950.1376146789
FDARNWHFPD,12714.69266055046
KPWSWRKHDAL,5260.04128440367
ASQEQPYHSNG,2105.169724770642
LHGQYPYWNHV,11205.729357798165
KDDYSGYLS,2818.706422018349
GRDQHRDALS,2053.816513761468
WSYLKDFWNDA,7982.798165137615
RFRHPHVVALG,7750.720183486239
ASEFWLQFEVS,43514.23853211009
VERHWASG,3849.376146788991
RDHYHDAPNHL,3834.678899082569
NGFSPSRNKSG,2338.0504587155965
LPPDEYWKD,2939.064220183486
LWQKKSG,1777.6376146788991
FKALNKFLGFYA,9774.146788990825
NSVKQFLG,2504.4633027522937
WQVQKHRNLSG,3594.4954128440368
VFWDDLYSG,12360.211009174312
NDHYASVS,2740.0412844036696
DSRYWLEWQFKD,13999.660550458715
VVFEWVYALG,38815.37614678899
EPKFYEPVRHL,5751.995412844037
NWDAKDWHDLS,4212.220183486239
KDGLKDGEPNHA,1020.5275229357799
QYVEDENHGWKL,4554.619266055046
DSSKNKHDVAS,653.3119266055046
RVAGVSEWKAVS,2318.256880733945
LNLNHKSG,1714.2293577981652
NAKFGRHVSG,2586.3394495412845
VVSPAKDALG,1114.3256880733945
EKYVNKAYDG,1447.3440366972477
EWAKDQELRHSG,1612.2614678899083
KQHADGKHD,904.2844036697247
QGEDQHVFWKA,3641.761467889908
PPDHAPALS,1227.1697247706422
DFNVWHGNHD,5289.0
QDPVVASKHD,970.5366972477065
SKSVYKSG,1130.591743119266
FYAANKHEDG,1583.605504587156
FAYEGQFSG,5100.683486238532
QWWLKHAQDAS,3867.3256880733943
VSSHYNDLSG,2221.243119266055
DGSYHEHSG,1921.7522935779816
WERPNPALS,6138.559633027523
YPRPDHVG,2345.238532110092
EQPSEYSQNL,1226.532110091743
AQWPRKSG,2091.6605504587155
AQSQEYHVPKS,1143.119266055046
KAWQFPWLNDLG,14831.467889908257
WVEDHFEHAG,5122.036697247707
FKWQHFPHDL,9242.637614678899
KSPNGLFNKHA,1597.6238532110092
WAPSNHSQWN,5109.353211009175
EERLKVSG,1127.1238532110092
KEPHSPSPDAG,921.2935779816514
RAEWKHYLYN,8344.880733944954
QWVWFEHQPVS,13129.885321100917
WEFFKSG,5626.188073394495
YWHNLGKLHL,8193.38990825688
NRNRYFRPYNAS,6133.678899082569
PESAQPWNKAL,2472.5229357798166
PVKRRPVS,1356.908256880734
APDANVGPKHSG,873.059633027523
GPGNSWG,2478.8899082568805
WGKAGSWVLG,7380.073394495413
VREKAVGEPYW,5934.862385321101
PNGNEYKDAQPH,1648.1834862385322
FQNQGWVG,5042.587155963302
SWKPQNVLG,2648.52752293578
YYAWWLSG,10841.655963302752
EAWPWLQRYH,15726.188073394496
GFKNGWLS,6676.266055045871
SYYRYVASG,6078.09633027523
PYLAHDLEYNHD,8240.302752293577
NESGKHKDLG,1142.7660550458716
YAGAFRDEHA,3342.4908256880735
LQKDRLENLG,1537.3211009174313
KHVVWHYNKDAS,2834.4954128440368
ESVDAKHDA,841.0321100917431
QVWNLKAFDVLG,10449.848623853211
NQERVLQNHAS,2168.348623853211
DGENHDQYHVPW,7525.211009174312
HHLLFKHDVS,4636.174311926606
NAGWQLGWKDAL,7349.54128440367
RGDKREKLG,794.1284403669724
DSHFYWDEKDVS,3460.830275229358
PKAHLGARWKDA,2058.830275229358
KYEYHEVL,3253.6284403669724
VLVWDAWKAS,9238.97247706422
SWHKKLG,2392.619266055046
DLFRGKALPKS,2036.0045871559632
HNELQLSG,1628.697247706422
PGWSPVLQDVA,4404.298165137615
DLWNHSNREVAL,4580.9908256880735
PAAQPHPVG,1664.2431192660551
KVFALVENVASG,9569.220183486239
EVYLLQNHLS,14502.142201834862
GQAADVLSG,1219.9036697247707
VGQGAGQPKS,1181.48623853211
SWGENFVSG,4769.275229357798
DNVSSNDAG,1096.1697247706422
FWDQYQRSFWHL,18340.376146788993
HVPSWSNLSG,3571.738532110092
ALNKLDAYHG,2757.5733944954127
EYQYRPLPYHDV,10457.022935779816
FPWPVSQGEHV,3907.1880733944954
SFPWWKEPWNHA,8478.064220183487
FDGLAFEPWSG,11650.674311926605
PPNLNPWNKVLG,3256.077981651376
EVQPEPLGENS,868.9587155963303
RKPRKHQRENS,790.2477064220184
QSGFRPRWAHAG,5215.119266055046
DEDRPSNKH,1014.1330275229358
RDNPQFKG,2355.4311926605506
ENWRRYSG,5812.408256880734
AYFNPHSG,4264.472477064221
LNNARKHALG,2394.9174311926604
EFEHRYHDQFWN,11723.174311926605
HKSGNFYLG,5157.692660550459
VVLHWAG,8004.633027522936
YPHPLPHVAL,6445.0
NEEPLEAG,979.7477064220184
HFAESEHALSG,2320.9495412844035
RHHFFWDG,11047.385321100917
DYFEWLPKHG,5722.233944954129
WDKFVQEDS,2300.229357798165
WVVWKLFWHVA,20923.92660550459
DYAFAEHSG,3130.880733944954
HDHAYNQESG,1502.2385321100917
HPQSVLG,1611.8577981651376
SHGRSWSG,3464.2155963302753
EGNGYFYHVLG,9700.02752293578
HRERWRENDVA,2721.353211009174
APVDFEAG,1453.2706422018348
QPFYVPVYHA,19423.522935779816
WLFLQPNVSFA,26838.42660550459
LYFRGESG,2632.6880733944954
YEAVWHLG,8875.100917431193
WNAWRYNKWDA,9895.38990825688
SQFDSFGKHAS,2573.2477064220184
SPPAENS,798.1009174311927
ENRNGEWFNHD,3970.3853211009173
GQVWYALSG,11080.165137614678
KQEGLSFRPKH,1834.7018348623853
RLDDDVALS,2436.6100917431195
AQPYVSSRPH,2543.5091743119265
DRWSYLFEDVS,10937.224770642202
RWQQYNKFD,6847.408256880734
YHNPSRALS,3481.798165137615
SSLRELSG,1655.866972477064
LHSLFVG,9259.756880733945
DELGRSYKVS,2382.701834862385
FNQGFHDQEKHG,1877.6559633027523
QNQFHGVSGDS,1943.6146788990825
FEHGEPQWGRK,2818.6146788990827
FNNVFYGWD,18210.69266055046
NLFWFNKVEKDG,4382.0091743119265
HYFDQDSG,3096.5
EPWWEAGQFWG,17213.288990825688
HRHFWSEASG,4314.454128440367
RPQFSDVRHVA,3915.646788990826
RQSQAQVAS,974.0412844036697
EVEVEWDRWKD,3184.5412844036696
WQPFPYDNDVLS,11534.334862385322
GAFHSSG,2068.3715596330276
QVDADLPYWKHG,2931.954128440367
RGLWHRDASG,3555.077981651376
WLQRKLNDPDG,2229.1651376146788
VAVHDEKG,800.0825688073395
LDLRAVAS,2704.02752293578
EYWVWKSAGFEY,19863.816513761467
KQWGVSRDAG,2276.6330275229357
PDNNYNVALS,2200.266055045872
NVQHGQNAGYHD,2882.137614678899
GWDHGYHSG,4649.440366972477
YGNFKEPWV,6112.761467889908
FWRFQRHLSG,8164.816513761468
AGEFPKSWNAG,2301.0504587155965
WKFDEVSFEYG,12790.40366972477
SFNAQVQEYA,2651.6743119266057
ALSDNLGDS,1132.3990825688074
NRGWDELSG,2771.922018348624
REKFYNFSRKVA,3327.9449541284403
WFFQRKLSG,5660.779816513761
FSAFDSGDAG,2413.8394495412845
HGFVRPVEVG,3370.9266055045873
DALRGNVRWK,3608.087155963303
PRRVLRDLSG,3123.6330275229357
GVFDVKSG,1812.5
QPWDKDGFGFDA,7814.412844036698
KFPVDSEPNS,1008.3119266055046
RPFDWKDHDG,3270.229357798165
VLPNQKVYNG,1717.926605504587
GRQVGDSG,1474.2339449541284
QFKLGWDFLYV,26627.52752293578
FEQQNAWLSG,3548.9770642201834
VEDQANHS,1186.394495412844
APWPFDLSG,6391.408256880734
FNKDENLYDLV,5491.068807339449
VQQERYDALG,1919.8761467889908
DWGWKNLSG,3489.701834862385
WLAFEVAPKL,18509.545871559632
KEVWPAG,2373.9174311926604
NGVHEPHDA,1618.0963302752293
RKDESRNKPLS,771.8669724770642
HAFVKHGQNHD,2574.7477064220184
EQLSVFWDVG,10281.70642201835
QSWHKVSFNHVL,8887.02752293578
RPDFWDNLWS,19607.825688073393
REEQGWNKHG,1580.7339449541284
PVLWPVQRPDS,5259.362385321101
RLHLLVLG,19393.967889908257
DRNKPWFREYKD,3661.0412844036696
RGVGFKPASG,2231.678899082569
FFKHSDSKDVLG,1692.8302752293578
DPSNGPALSG,1165.6926605504586
VNKERPWNKS,1465.2293577981652
NWGVWVG,13960.036697247706
YFHYFHLS,5677.724770642202
ELNVPNVQWNVS,3270.261467889908
VNGFGASG,2162.1880733944954
QVPVHVQRNDA,1449.2477064220184
NEGSNDVG,1148.8211009174313
ELAWFNASG,6243.298165137615
QAKLRWRKLSG,2507.1651376146788
RDLWSFAGQWKD,8438.160550458715
AGVFSQNS,2107.435779816514
ERHWSNVSG,2638.4862385321103
VDAVDSG,1165.2522935779816
RKDFPYWNLQPE,3547.330275229358
HREQNAFWHVG,7422.01376146789
PSRQESQFPWS,4500.1100917431195
KWLPWWHVSG,13615.816513761469
RVSKSRSGFEG,1661.4816513761468
YNEFSQEALS,2922.2844036697247
YFESGKDLNLS,2518.1605504587155
HQPWAPSPWDV,8405.004587155963
SWQFPPLSG,7884.09633027523
RKAWWHVLEAS,5958.701834862385
GWPKVPG,2278.894495412844
NDYDRKRWKSG,2239.4174311926604
RREFPFEPNDAG,3086.564220183486
PKSDNALEVS,873.059633027523
VPSFAPLSG,2462.8394495412845
DFYAFAYSG,22103.76605504587
HAFGRLGPHD,5794.371559633028
DHVQPRVALS,2845.4449541284403
ANGGPKSG,1013.6422018348624
NFAEWQRPNKDA,2438.3119266055046
HRHELKDVA,1264.8165137614678
RWDHRNLHVS,5886.224770642202
WKFGKGQPYKH,3502.151376146789
FYGPVFVFHDV,38514.03211009174
RERVWKSEHG,1939.7706422018348
EPVYFPYNFHD,21383.376146788993
DVHWAGEPNVG,2654.1605504587155
EYRHALDNAG,2377.8577981651374
ARQFQASG,2286.733944954128
RGNQVAKHDA,1131.334862385321
NFNWGHSG,5680.853211009175
EHNLGDWNHL,4381.068807339449
WNPDNLFYHDVA,11536.90366972477
FHDASSFFRYNH,9724.894495412844
HPDVSLRVS,2584.729357798165
YPVFYKKDVLG,6981.348623853211
SEHRREVG,1618.880733944954
KDRFGFEYWDV,10078.642201834862
YVPREPGHDS,1780.288990825688
PNKWVYNGQDVA,2693.97247706422
GHQFAASG,2564.0
GEELKLG,1341.8211009174313
NPSDEPG,927.5137614678899
QYPSEWHDAEWD,5246.678899082569
GHSDSYG,2203.669724770642
YFWFQKVLSG,7420.821100917431
RREPNPYLKSG,2976.1330275229357
SAGYANHSG,2005.7706422018348
LNEVSLSG,1825.7568807339449
PLLPRPHS,3808.1146788990827
WEWFSWNKAS,8142.146788990825
YLVKNHVALS,5182.165137614679
WVDNHLFRYNV,15929.114678899083
VLYWSQQPDV,6476.01376146789
LKGRRHLS,2095.261467889908
RQALSGESFWG,5784.559633027523
AKLAEPDA,914.105504587156
SAFKNVLG,2499.47247706422
NFQFKQKG,2594.1422018348626
DQELALEYWHA,9315.036697247706
KDWPYKLFYKS,7310.564220183486
YEFHGPSG,3269.8256880733943
KSPHRDYNHD,1798.1100917431193
FYGGREPRYDV,6040.752293577982
DGNKFEGRDAL,1608.5366972477063
YYDYARDLG,5255.123853211009
FSRYWAKYKH,5049.05504587156
KLYANDQNKD,1292.133027522936
EYVYGFGRHDSG,7996.770642201835
HYANQKDVLS,1874.3256880733945
WARVEGFREWSG,10195.678899082568
WHLRDSFPSQWD,14149.697247706423
AKVRELWNHVS,2838.3440366972477
WLYRGWNDA,8954.37614678899
AQFVNLQENKAG,1774.7614678899083
NSHAQWPWKVL,9241.564220183487
AYFYLWSG,16298.69266055046
KRAFVPYWNVG,8278.93119266055
HFWFQRPWHAL,23485.270642201835
NQELHAFEHLS,4534.371559633028
AQEDWQEYND,3142.1559633027523
VFLSGWAYHG,14300.211009174312
VPNFWWKHSG,6488.967889908256
QHVAVYNDYNKS,3654.0825688073396
YGFRNLHLQPNH,6686.266055045871
SDGDYVALG,3288.697247706422
HQRQQRYWNVAG,4667.238532110092
VALFGPKHEPAL,4214.743119266055
VAEFVFRWHA,26129.34862385321
WSFQEYDNVL,12715.229357798165
EDHPSGFEKVG,1562.8256880733945
EDWDRKQPKASG,1255.0091743119267
SRSGYDFEPKDL,2885.770642201835
QVEVDSEPYHG,2197.8899082568805
EHVHYKSFRND,3260.7201834862385
NLQYQFKSREVA,3517.47247706422
QGEHGYHLENH,3186.266055045872
RDQYPHASPDL,2748.2477064220184
PLSKAPSQPNV,1454.9587155963302
EEWPFEVLSG,7251.834862385321
WPPWVEDG,7317.564220183486
PLASDFREWASG,4669.288990825688
VFNKHDKARDV,1683.51376146789
EWYAYNLQPKDL,9170.587155963303
DRQPGEALG,1234.894495412844
QWFRNESFAS,7640.963302752293
SPWPKWND,3797.591743119266
VSDEYKSVS,975.9908256880734
KVEKASWQKHVL,2135.316513761468
AFRVHASEYKV,4769.6697247706425
FRGRAYSGQWDG,8166.399082568807
SKFQDSG,1057.2706422018348
DWVEREDVLG,2694.4036697247707
RHQLPNKLPNHG,2323.2844036697247
SVKSNDG,910.6146788990826
KVRNRDGFNLG,3121.954128440367
GEGYFPVASG,4507.261467889908
QVNWGFPG,7733.857798165138
AWWKHES,2558.270642201835
NSRLFNGRDA,4053.8394495412845
FWKWKVYNYAG,8718.747706422018
GYLVSKVG,6410.073394495413
SQYFDQNKDAL,2744.770642201835
SYDSLGWDVAS,4393.532110091744
EFANFKDG,2093.788990825688
WRYDLGDLENV,5720.628440366972
ESKPWGYHD,3723.637614678899
PERKRYKHDAG,1159.5871559633028
YLWHEAGRA,4592.477064220184
RPKGPQPLPYWH,8652.967889908257
RQGASHSG,1368.788990825688
NYDVSPWQYN,9131.967889908257
NHYGQESWHV,4958.394495412844
YAGWKEVGEHV,2240.467889908257
GFAYSKHVAG,4151.431192660551
YLRFPWVFEDSG,17087.74770642202
QHHQLNDG,1687.7247706422017
KSLHYSG,2433.0
RGSRLVLSG,5065.408256880734
FQQAALS,2195.894495412844
RGVGGYLSG,4084.0963302752293
DGENKNANKHVL,1241.2247706422017
FPSNFPAPAG,3157.97247706422
AVGNVVG,1534.9220183486239
WHKPGHDALS,2621.321100917431
GNEHKALSG,1024.0825688073394
YFHAWDSPWD,17326.243119266055
NPEQPDVG,1262.7064220183486
LYARHLHG,5071.605504587156
HSWDSEHGQRH,3263.532110091743
FQDLFNQALG,5787.5091743119265
FHEGDGFRYVL,19513.0
GPGYLWLS,15354.059633027522
LGKVFRNSWKV,6128.022935779816
SPKLSLNDL,1566.1834862385322
NEPAYLWKSG,3943.1100917431195
GHAKLEASG,998.183486238532
KEAPFYALG,5234.151376146789
VQSASLSG,1275.6834862385322
RREGRYPNVA,2950.646788990826
ASLESQHVAS,1237.6605504587155
ENNKEGYNKDV,767.1926605504588
NEKWQKVAS,1600.697247706422
WELRDASNDV,4007.0045871559632
ELSNEPVEWDA,2054.9862385321103
DKFYAKSG,1980.940366972477
WFVSKSQRWG,9016.261467889908
PESPGFDVAS,2001.4357798165138
HFSSREG,2396.5
KQEHQWAREYWD,9126.142201834862
FGFHPWSWAS,19889.743119266055
HGEKGVLGPNLS,2082.2798165137615
NHKQESQSG,659.5550458715596
VSRRDLWDAG,4638.321100917431
KVERGRYHDALS,2794.7477064220184
QEWYWLWLGPN,30400.311926605504
PHPFRNGWDS,5549.1100917431195
VNPALPLG,2839.6559633027523
SRDPEASG,948.256880733945
HKVWRELG,3113.3348623853212
WQKKQNLS,1890.9311926605506
LRSRVAKHDVA,1846.788990825688
WDWQLSEYHVS,11621.224770642202
QYVWHSEASYKH,5034.288990825688
WGKNEPHG,2261.651376146789
SQYYKFPWNDL,11788.266055045871
APFVLHSG,4455.362385321101
APYHSYVLENDG,4836.963302752293
DRRVFES,2617.3119266055046
VHDAQPVEKS,850.1926605504588
DRYKLWLQYAG,11303.45871559633
VNDEVNLSG,1328.9724770642201
SELVAYAG,6132.9908256880735
LYWNAKQNSG,2194.077981651376
GELPHYDG,4279.151376146789
ASQSWDSPDVLG,2516.3899082568805
PASALQDPHVA,1380.3256880733945
HRKKRNHVAS,985.3623853211009
LLGLDSG,3119.8669724770643
VLYSNAKHVG,3298.9908256880735
SFSVGKSG,1935.3532110091744
LFNDDAYWHD,9661.073394495414
KYQKPSG,1132.4724770642201
APLSPEPHDVA,1164.4449541284403
WFKQVGQRNAL,5352.123853211009
KNENRWKHDLS,1694.454128440367
FALHSPYVWNH,12692.59633027523
SGYEQYKG,2025.0091743119267
GNSAVSG,912.6651376146789
HKLRPSHA,1924.5550458715597
DKVFLQLSG,9461.940366972478
NQVFEHVPKS,1693.605504587156
LEVVFEG,18115.316513761467
DYQNNKDAS,994.894495412844
WQEQFVEDVASG,4283.394495412844
WLFEVSKDSGYA,12079.885321100917
LNQLNKHVASG,1749.4908256880733
DWDFDEPYKDL,5088.692660550459
WFDSNWNASG,5953.146788990825
FKWEYWRASG,7339.348623853211
NGYQEHQYNKHV,2657.0137614678897
QRLDALGLRYWS,13901.032110091743
LSSKRDG,1470.0688073394494
KVFPNHNRYWDA,6587.545871559633
AKYAKDVA,929.4678899082569
GFRYHQELSDG,3179.1880733944954
EYYRWNAVALSG,9118.233944954129
HQPFFEPLS,5035.848623853211
SFFKHWG,6610.357798165138
SHQFHNAG,2447.7155963302753
ADELFDVSG,1938.0
QLKAFWSVSG,7359.201834862385
WGFGLGPDVLG,11948.963302752294
DRFRVQWAL,11203.967889908257
NWLYDQKAG,3413.380733944954
VQPKFEHPWS,3129.288990825688
DGWEHRWNKHAS,3040.233944954128
LSRGQWLEVG,5194.463302752293
WLVGAFEPHD,10654.80733944954
AGNAVFPKHD,1846.9036697247707
LERKLEG,1509.0412844036698
EFPPLRYWKHL,8453.720183486239
EAPGNGQNDV,897.1559633027523
HKVPYGFAS,5008.623853211009
GVFDAPG,2618.678899082569
LQRADAGEYSG,1787.467889908257
EVQEAQYSFEPL,4350.4495412844035
GPSPLPDALS,1359.408256880734
QKSYYKDEWDL,3033.9266055045873
WVDFSHVSG,7552.761467889908
RKNQGDLS,1076.0825688073394
KHWFSFNHLS,9062.151376146789
EHAYHDGEKSEH,1122.0779816513761
QGQVAGFWARWK,8244.58256880734
EEPYQGFRPYNV,4758.142201834862
NHKASQYRKA,1341.9174311926606
VWRRALG,6061.064220183486
HYNQKSNHVLS,2128.408256880734
AHAKRDVSG,943.6788990825688
QGRFHASVAS,3071.2201834862385
EWLAENKHPWA,5323.724770642202
SGYQDSQRLSG,2202.059633027523
RPDQEWQSQKHS,1803.7431192660551
NFGEHRSG,2253.146788990826
QRLGDLYLYHV,16603.889908256882
QQELGNAYHG,2743.5963302752293
WNDFPGEPGQN,2359.8715596330276
SKRPSLG,1447.7660550458716
WADLVAEPNHS,3344.2477064220184
WKEFWNFRPYKV,9594.371559633028
NLSAQWHAKVAL,5728.8302752293575
VYFDQYSG,6206.697247706422
QAPLAFEPWKG,2814.8119266055046
VGREPGVSYWNG,4385.307339449541
NVQFKHGHAQNA,1884.7155963302753
FYSYDGHFPNH,5671.3302752293575
DGFFPSQRDS,3705.2522935779816
VSESFPHQEWL,6812.0091743119265
YPVVRNDAS,1930.1926605504586
SAFASVS,3158.1284403669724
PHARPRHSEHA,1479.4770642201836
NQVSQHVFKAL,4370.917431192661
KQNEPQFRWKA,2219.669724770642
ESVLDLFPYDV,7136.715596330275
KHFQPWAQYHDG,6403.738532110092
RRVAQPGRNV,2064.243119266055
WEEVPWLG,13982.88990825688
SREYHQDQVASG,1998.5642201834862
LVQYFLSG,16182.871559633028
YFGRKSHVAG,2694.211009174312
RVSVPKENKHDG,1006.9587155963303
DYVPQDVG,1817.1743119266055
QSHLPSQRYDAL,4671.100917431193
HEWPHKHG,2949.880733944954
EHDVDLHPYWG,6363.839449541284
LSEGGQFPNHVL,4999.568807339449
KNAFRPLDL,3968.2477064220184
QGNSQEAWVLS,2731.3669724770643
APVVAALG,1558.926605504587
GSEYQLSG,1780.605504587156
YGPHPNASGPWG,5469.738532110092
RPLHVSAWKDA,4363.270642201835
QWFYVFNPHDV,25073.064220183485
HQGLGRLG,3549.52752293578
DHVAYVQLS,13865.201834862386
HKKSKLSG,748.0504587155963
VSNNKGEWVAS,1737.6009174311926
HFKNNHDVLS,2248.954128440367
DDEHHDVSG,1213.8853211009175
RFHEPQPSG,1981.7844036697247
VARQFHFSG,8354.963302752294
KHPKGYGYHVAS,2510.5229357798166
GENYQRVALSG,3779.756880733945
FFADVPHDALS,5361.270642201835
NGKREQELG,770.7798165137615
PLPLFNQKAS,3031.298165137615
VFANYNG,3449.848623853211
FFWRQFKVLG,10712.04128440367
QPLHSGFSNVA,4818.917431192661
FGYLVLSPVLG,29622.24770642202
EYDRESKVAFWG,6209.247706422018
FHHVEVRPKDA,1803.105504587156
RDENQHDAGPVG,1698.926605504587
QVPQAQRPYK,1676.0504587155963
KSHYHVVLSG,5162.5504587155965
QGPQELFRWK,3382.8394495412845
LQKWVALRYHA,12517.11009174312
EPYGYSRQEWK,4921.866972477064
DFHWARVAL,13935.899082568807
PELQDRSG,1428.0779816513761
KLKKGEVG,674.8761467889908
VNEYEKVLS,1794.0779816513761
HGFQGQYNK,2614.376146788991
ELKSAYVSG,1625.926605504587
NQNAYEPNDVL,2635.2155963302753
WKGFGLSHAG,5161.279816513761
DVALRGRWVQES,4470.793577981652
DPPGYKSG,1173.348623853211
SQWGALNALS,5448.568807339449
KAQSKSGFEVAL,1937.302752293578
PWGNKDGYFRPH,7183.692660550459
WNAAYNVGQRYH,10210.380733944954
DRQASYHDVG,2361.4587155963304
EGQKYWFEPWN,7521.233944954129
PYHYWARVPWHD,19675.967889908257
RRWKGWPKLG,3462.7752293577983
LPYSPNQYDS,3836.8577981651374
NGERLREYWHDA,6757.215596330275
EEDLGVYNDVLS,3766.862385321101
KDVWGPYAFYAL,26318.981651376147
EKDSLRHWNHV,2602.6605504587155
VPFYAKASG,3670.761467889908
PFYWSVLQYHD,29305.97247706422
KNDDHASG,990.8394495412844
QPHLQFEGNSRY,10774.19266055046
AEWVFEHSRDAG,4765.981651376147
RHRVEPAREKVL,1620.7339449541284
QEDYPNKVKG,883.743119266055
YLGRQPVGRNHL,6153.261467889908
LNVREEHG,1621.926605504587
KRYQGEWLS,3607.5733944954127
VNDHLALSG,2373.1926605504586
QSNNNALS,1284.9036697247707
PFSFSPDVAS,6370.577981651376
VGWKGWDAFELS,10352.844036697248
HEAKFWVG,5757.022935779816
QPNQRLNHQED,1645.894495412844
EHANSRSWNL,3223.1880733944954
NGQDNASKG,782.605504587156
YHESFNRYVS,7447.036697247707
FHVYVFHSFEY,39447.3256880734
YLEGNVEYDVS,5721.091743119266
YFEGANHDVLS,5091.059633027523
HWVEPWWVAS,19624.92660550459
REQGNDLKS,934.1743119266055
WFNHVKALFEYK,10219.348623853211
NPQQWLS,3172.380733944954
ALVAQWSQPYAG,7438.591743119266
DGGNNDVLS,1536.7798165137615
VNVNVHLG,3798.1651376146788
QKLYLGGWKHA,5468.146788990825
YPQWLNSG,5985.087155963302
EVSQVYRPNDL,2924.761467889908
VEYSAYNKH,2811.6146788990827
WWSYDEAL,12323.04128440367
HRVGDFREPYLG,6904.119266055046
DVNVVKALSG,1866.5963302752293
ERVHRVASG,1624.6284403669724
KFGGALSG,2094.1880733944954
RHWQKREWDAS,3177.4633027522937
HQDNQFVLG,3729.9816513761466
DNEQRLG,1254.8990825688074
DFPHLVEYWKDV,6204.655963302752
VLVHVKASG,4769.5091743119265
PSFRYPNAGDL,5677.344036697248
KLRWHDPKALD,2537.967889908257
KREPSHVANVA,1201.7431192660551
NFVFQHVG,9975.426605504586
DVVQNQWNHAL,3998.146788990826
NEHHFWLG,11505.178899082568
GVENLRG,2451.940366972477
RELDWNSPYWNA,8393.316513761469
DNQEDPVSG,873.6743119266055
ERVDNLSG,1203.4908256880733
GQPLWGQEPDL,2889.2798165137615
KELSEEWLS,2032.545871559633
LWHSHVKHDA,3016.0733944954127
YWWERDVG,9170.91743119266
ELYRQFPYWHL,22719.674311926607
RWWWDVYWHDVL,32621.591743119265
QSDKFYSG,2133.701834862385
WPYHQKLRLS,8680.08256880734
PHPQAFKHDVS,1673.5229357798164
YAYGLEYNLS,8971.408256880733
KDKFDGNLG,1338.032110091743
NSKPGLSG,1119.2798165137615
DVKHAFRGLSG,3009.669724770642
AFYDAKLRDA,3222.045871559633
NQVNEKLSG,892.1009174311927
RGKPGEVG,1004.3853211009174
AYFSGKHVL,5589.8302752293575
VKKVQRNHDVL,1469.5642201834862
KAWQHQNKVA,1593.302752293578
PWPYRKWNG,7514.334862385321
KVNDEHHVG,1222.5688073394494
QKGKDNDQRNG,893.8853211009174
PLKPPYHVL,6630.577981651376
QFKVKGWFREL,7648.426605504587
NKPHLQQFRSG,2857.5504587155965
AHGYRYG,6013.256880733945
HLLRNEKHDV,1926.532110091743
SNFSHDASG,2069.8669724770643
QEQGDAPWKDG,1192.9036697247707
AHREDPSG,879.7706422018349
LPVFQENLSG,3513.646788990826
LRAVQHLSG,3380.8669724770643
HDQFLPAFPNH,8050.04128440367
RPDHDSEPNLQY,2945.1284403669724
KQVEGRKDS,642.5550458715596
HAQEWDNDFALS,8169.688073394495
PDYQDSENKAG,1072.0
ARYAVFNDVL,12060.48623853211
AANKPVALSG,1406.3211009174313
QDEWFYALSKHG,8587.252293577982
VPFNAKSG,1436.3256880733945
WENHDLYRKLS,7677.692660550459
DALGVGYQNHS,3236.6146788990827
KHLEDARDGFR,3541.8715596330276
DQQEVDAL,1034.0183486238532
KRAWVHVG,3895.412844036697
KPFESWLSG,3026.5688073394494
WPALASYKDS,4608.495412844037
YKWAHRNHV,4363.637614678899
DENGHVFPWNL,11705.844036697248
PFPKRKLRYNDA,2724.091743119266
QVLYKFYNHFYH,14382.243119266055
VRQHLDSG,2386.848623853211
WVAEYQFQWD,28496.091743119265
PVFKEYWHYA,14867.073394495414
SGFQWHLFPYDS,17750.366972477063
ENQNPYSFKHDA,2651.321100917431
VEWAVNVLS,11309.821100917432
DQDVKRYWKVSG,2033.9908256880733
RFLHGFDLSG,8893.862385321101
FQHRGYWNKVG,5178.325688073394
GWQWEHAL,9930.316513761469
QLSWDPYEHAS,6655.366972477064
RPLLKHVQAL,4922.454128440367
AENDQDAWVL,3494.0412844036696
RREAFDQDLG,3344.766055045872
EVEDHREPYH,2782.256880733945
VFDFQRWHDVAL,14344.509174311926
NVHRKEPYKD,1785.6238532110092
NQASYLREKVL,3782.1605504587155
FEHVVEYWEWHG,14543.366972477064
HGKQVHVAL,2713.1605504587155
VRSYQPNKHLG,3346.4449541284403
EVGYGPNSQLS,2328.8119266055046
EGHVHSNHDSG,1440.426605504587
LFAVQDLG,5564.321100917431
LPKDGNRKAG,1054.440366972477
GQYYEPNKHDL,3453.353211009174
WWHNGWHALG,14996.334862385322
RLVQKGYWHAL,9525.495412844037
QVADYWSFPKHA,5756.018348623853
NGSQDVKL,948.6100917431193
RHGFLRVQPHV,8974.105504587156
ANLGGNASG,1207.5
YRQAWHDV,5869.697247706422
NGHLFPFYASG,14044.633027522936
YFWEQPWLG,17972.876146788993
YSRPRPNLVAL,6762.151376146789
KSVKDNVSG,875.3348623853211
SPWRLHDVAL,10125.743119266055
NDQEDEWVWALG,6608.243119266055
DNREQWSG,1968.3256880733945
GNPWDQALG,4045.756880733945
RPPHQKVEYK,1261.5642201834862
PVLDFSGFPHG,9583.371559633028
RPEPEYAFRNVA,3826.3669724770643
NLPNFPGFKDV,4007.8990825688074
RAEQYWYNAS,7571.697247706422
KRAGHNLSG,1339.6880733944954
YVQKQFQEALG,2348.321100917431
HPHVHFYWNDG,10502.761467889908
RQRENVPAYNKV,1863.9770642201836
NYEWHRSG,5123.298165137615
HEFNEALS,2794.1330275229357
DWNDGWLNVLS,13509.949541284404
RKHKPVAWSG,1839.9357798165138
QALNLSNKAYKG,2357.894495412844
RQHLYREPYKH,4850.770642201835
DVVYPVSG,3877.3577981651374
YYWKFWDQFWA,16408.536697247706
DGHPNVSGDAS,1287.711009174312
WHEGGDLG,3392.3256880733943
GRSYKYDALS,3371.788990825688
NKWASNNHVG,2235.243119266055
RQGYGELSG,2037.48623853211
PYDGSQNVEPY,3640.183486238532
AHNRESG,1161.619266055046
QPASHAFYALYW,22464.495412844037
QYPVDGYKHVG,3276.0963302752293
LDQWHYDS,6467.54128440367
KYVYQEDS,1713.3073394495414
NFHVDAPYNKS,2914.4449541284403
PFALWAYHVSG,18182.298165137614
PNAPGQHSPWS,3015.8073394495414
HEFHSWSG,6286.261467889908
KQEFHGRYHVG,3826.798165137615
SQHGSEAS,929.0733944954128
PENSNQEYNSG,1333.059633027523
KDKAYAQENKV,737.848623853211
NGPSEGDLS,1042.5642201834862
YWYYVARPYW,11279.261467889908
FKREHLWREPYH,9138.536697247706
SWSKRKLS,2230.848623853211
QPDELGYVDAG,2995.422018348624
LEVWHWDSG,9120.09633027523
ANDKKVSG,658.9082568807339
PEQWQPLG,4131.279816513761
SFAYARVAL,14649.215596330276
RLKLHGRYNA,3997.9311926605506
HVEVHDRHS,2191.0688073394494
PDHLPALEYHL,7533.467889908256
GEVGHRWHV,5819.165137614679
LYKDYWVGDLG,6096.894495412844
LRVEYDEDA,3185.4816513761466
NFAHNAG,2372.935779816514
HGAFSHLG,4822.972477064221
KNVLPYGYNKL,5020.9495412844035
YKFSVSQRPH,3678.261467889908
FGWFWNQNDA,7368.05504587156
SYYNDFG,4505.527522935779
EWEDAEHRWHD,5175.917431192661
WQWVLFHSRYNV,21748.045871559632
NKQRFYNGQWND,4989.665137614679
WESHFRALS,7328.591743119266
NWDFHAVLSG,8274.62385321101
GKDQNQALG,847.7247706422019
HWVPVNLG,6135.633027522936
FYRQHGFRYWDS,10359.348623853211
YENGEPQFVG,3119.766055045872
QFFQHLSKLS,4350.683486238532
QNHWLSKVFHG,6771.334862385321
ENWYWDPYWS,23672.674311926607
FSRNWHRHAS,5033.692660550459
KEWAFVGVS,7944.481651376147
YRLKHKVG,2215.701834862385
GKPLHASG,1230.4587155963302
QSGDHVHLSG,1729.9908256880733
HLVKEYVG,3655.6651376146788
VLLWSALSG,12890.48623853211
AWRKYKHVLG,3451.2844036697247
HLGKEKDRWNDV,1498.0963302752293
YNVWENLWHDVL,16076.348623853211
KPNADFPYWNG,3257.353211009174
WGRYWFRVDG,16083.54128440367
QVDWSYVASG,5111.802752293578
KRDQPDFRVALG,3469.321100917431
DFAWSFKVG,9041.550458715596
EPAPKDYSPKDG,723.940366972477
SKWVEKHVL,2300.169724770642
EDPKHWHEPNHL,2576.5733944954127
QGLWSQKLSG,2853.4587155963304
RAYVFSGQLS,12590.701834862386
EFHPKFWNDV,5354.922018348624
LEEPNDYALG,2829.119266055046
DQPQWVAGHA,2807.8348623853212
HSVVYDVL,10588.894495412844
HNSVGNHDV,1606.9311926605506
PYLRALFRKSGK,3660.697247706422
WWVYGVALS,19576.17889908257
LNGFGDLG,4109.6100917431195
GHPDFPASG,2021.788990825688
HPWFSRNHA,7308.380733944954
ELNNNLG,1761.1376146788991
SWGHDWLG,10433.651376146789
QAWSWPYVLS,21756.940366972478
PPGVLNLS,2421.3073394495414
HRHLGHALH,4341.481651376147
ADGVSVLSG,2058.261467889908
DAYLASQEWNAL,5911.123853211009
WPLKPWG,8210.348623853211
KDSWNSWVRVS,7728.853211009175
YQNPHQYNDG,3235.9954128440368
ELSFLDSQRPYN,7006.344036697248
WKPFWGFYWNKH,12026.80733944954
RQYLDFRYNG,8788.073394495414
SVYHYLG,7020.064220183486
GKWSVLSG,3255.2522935779816
VSELLPNKVSG,2055.353211009174
AQYHPKVLAS,2872.4036697247707
SHKHADASG,930.2477064220184
VARRESRLG,1768.3761467889908
DPRANVLSG,1257.7614678899083
YEGLGNLG,3333.6926605504586
QGLLFWSG,15377.766055045871
KYAGADAG,1240.940366972477
DLRRKALWKD,2650.5550458715597
QSYLREQNDVG,1932.4220183486239
DHRSYVALS,5783.197247706422
NKAPNQWSEYAS,2647.935779816514
WVYDPNQKSG,2615.435779816514
PVPYREHRPK,2160.3119266055046
YEKFVAKAL,4328.133027522936
YVDVDFENKS,2492.52752293578
KNWSQNHVS,2262.261467889908
NKYAQKHSWALG,3429.564220183486
VQNWGWKDSG,3062.211009174312
DYNRDPYS,3928.5504587155965
QWHDPLQWSEWD,10661.20642201835
VQWREEWNVAL,7387.752293577982
YVRVVSQFRPHG,10258.747706422018
RLSLQDSFAS,4272.064220183486
EEKALARYKA,1386.9220183486239
YVYDSRGRPHLG,6820.261467889908
KQHSQHVPKHL,1788.7752293577983
SKQESWAG,1185.151376146789
KLQLFDQNKL,2989.4633027522937
PGFQSGEPWDA,4649.564220183486
HHVGLYLG,11017.559633027522
YWEWFENDLYWA,25212.522935779816
VRKRYNHHVS,2726.0963302752293
GNSPFRLG,4880.931192660551
GPFNEYG,3629.3073394495414
APHSPWHLPNKV,3350.0366972477063
FGEEDLWNK,2429.6330275229357
VSFFWNFKLG,17300.536697247706
AKKHAYALG,1664.2522935779816
FHDAWHNGYKLS,7407.51376146789
NLYKNAFNKDA,2306.821100917431
PAKDSEFYHVA,1892.1376146788991
GEVWDNALS,4650.366972477064
QLSYVSPYGEWN,11099.055045871559
SYHHLYWDG,10399.518348623853
VRWWAVSG,10502.54128440367
AYHVVRPYNL,12925.146788990825
YQRWVAQEVAWD,10625.93119266055
KVEANVQNVLS,1469.2706422018348
NPGNGHLS,1567.0688073394494
VHEALEG,1195.6284403669724
RQFYRAFRNKV,6011.908256880734
YVYLVLEDVG,36501.1743119266
YLQEVPHAEKDA,1753.7431192660551
QLSSLPALS,2196.798165137615
YELDAQAG,2016.2568807339449
VRDNWHSG,3373.6926605504586
PGFSHRPHG,3798.353211009174
LNVENYDS,2494.2844036697247
VYAQGYHAG,3484.3715596330276
VGGLYNVS,4572.256880733945
WNFWYRPWSG,18792.10091743119
GYLWRVLG,15569.660550458715
FDGSRKDNVAS,1604.3853211009175
EPDPSASGEDL,830.6146788990826
QKSVQDQYHDVS,1344.0229357798164
NWELWAG,8947.779816513761
QFERHDYQYNG,4402.146788990825
NSYFPAEDAS,2233.8440366972477
KYDVWEDAG,2386.4587155963304
KNSFGKG,1076.2798165137615
KHHHEYVSG,1926.2293577981652
WPQLNVAS,3584.5504587155965
PPHDDVPYDS,2095.2155963302753
RHWYVAFRNKA,7803.380733944954
YHLPRPVEWAL,10361.90366972477
GPFDHDLS,2760.376146788991
LPPNWLSG,4853.94495412844
VKVNVHASG,1564.5183486238532
KEALRDKHSG,873.8623853211009
YSHRLSFEKHD,3541.9587155963304
HEPDFSQPHA,2374.876146788991
DVVVGRVS,4433.733944954129
ANKHSVRKHDVG,1156.8761467889908
LDRVQVAG,2293.8119266055046
NAVYRHVS,4810.431192660551
NVWFGREPKDLS,4794.376146788991
RKQWAGEGWDVS,3527.4954128440368
KYSRHYWG,6004.871559633028
YRFRFRLG,12135.426605504586
YGHLRLHVG,8825.701834862386
FYRRASEPNVG,3095.766055045872
PDPGPHLWNKV,2600.646788990826
KHNSFWRKHVS,3672.2155963302753
LVWHFENDVA,6411.825688073394
DKSAVLG,919.4128440366973
FVEESPYWHL,14792.408256880733
FNNLEFVSG,10744.467889908257
YKHFLEHPKA,2560.3073394495414
WGSWSEDG,5129.577981651376
WSWVEDGFRHVL,23655.23394495413
YFHWYHSG,7298.545871559633
YANHPDDLSG,2578.2844036697247
YSPLPFYKHD,7044.605504587156
QFYARQKEDS,1470.2293577981652
FPSFVGYALPYK,20163.25229357798
GYSAHVS,3005.5550458715597
RNKGWEPANDL,2499.52752293578
QKYESGFYHVG,5062.495412844037
QSAWQKAL,2864.0091743119265
DFHGVEYWKL,9844.362385321101
WKQVHSQYVS,5520.1697247706425
SFRRWGQFYD,15788.967889908257
WGFESFSGWNK,11172.784403669724
SHGNGYSG,2168.316513761468
RHREPWYLEYNK,9176.045871559632
DDPKFPDASG,1023.5321100917431
NNLEPAQG,1175.6697247706422
LPYQEQFPNDV,3084.087155963303
RPKKRHLQREWK,1207.559633027523
AVAWREG,2897.0412844036696
FLFWKLASNKL,6211.701834862385
KRPQQYDG,1355.4908256880733
KLSHQFDSQNG,1826.4357798165138
KPYHAKDSWNG,1677.9174311926606
LWQAHAG,3879.880733944954
GQNHAQNPYNA,2633.7798165137615
LAGNLALS,3492.4266055045873
FEGLYWEWNH,15410.59633027523
FNRVEPYNPG,5101.477064220184
HQFGSQFNSG,3802.362385321101
PFQLNAG,3801.651376146789
NRPHVDSREAL,1670.091743119266
RAWLQYGQYVS,14387.339449541285
PAEKLKANAG,1114.9036697247707
KKLDHVG,1005.4495412844037
WWRHRWDAG,10838.509174311926
EQHAADVG,937.605504587156
EAVNPYSG,1801.3853211009175
PWWKKFRWHD,9163.495412844037
PAVVGASG,1275.591743119266
QEEKFYVYHDAS,7451.600917431193
YDFEDASPNDRK,1622.119266055046
PHNGLSNLSG,1852.7339449541284
NSQESEALNVS,1104.1880733944954
NAAGRNGPWSG,4212.931192660551
PLQAQFDHSG,3277.1651376146788
YLYVAWLRNKDS,9294.055045871559
EDRLQFSPVSG,3114.4311926605506
PEPDFDAQEYG,2143.8669724770643
PGEYEHLFRPW,15153.0
VWDSVGPYNHD,7352.160550458716
RYGYEDNKVL,3657.532110091743
ARDSHRYWVL,9600.348623853211
WPWFEYFDLS,27895.82110091743
YPPYVFYG,28444.75229357798
QDKKVRYNKG,1016.802752293578
SFFHFPKAG,4467.036697247707
WYQEGQSG,2849.766055045872
VGSQASEWKSG,1231.6605504587155
NHEWSQYFKDVG,6279.119266055046
QHLYYDALYAS,12913.802752293577
VWGWYDG,15481.87614678899
AKPVLFLSG,13525.47247706422
WKQDYNHPDLS,2841.302752293578
ANASKVGPYDG,1749.8577981651376
KSHEEYWDVG,2487.2844036697247
DSFHELGWNAL,7052.01376146789
QYNFVPDGQWN,7475.821100917431
GHSWRLG,7190.926605504587
FGALWFALS,20672.871559633026
SDQPFHG,3484.6330275229357
FESWNYNSFEK,5881.6697247706425
VNLFHLDLG,11390.45871559633
NFVAGWVPHVA,9077.69266055046
NDAKWVGHALS,2914.7155963302753
DAKPKSFENKL,970.5550458715596
RPEFYQYAS,11884.408256880733
AGEVKDSALG,1133.894495412844
RHYFQYHSG,6974.0
LHLYGPASG,5281.467889908256
KGDSKYWKLS,1811.151376146789
SKSQGPNKL,1069.288990825688
FEKWKSNGYHVS,3162.302752293578
FHPYLPDSKDSG,2359.3348623853212
EVQRPKPVFRVL,5472.94495412844
WRWEVSRYNKVG,8379.133027522936
WYEHKLSG,3872.706422018349
AFRNVLDLRPDL,8539.334862385322
NFYHLGAYDAG,6503.100917431193
FRHVWVLYQRPS,24353.064220183485
SPRPVDSG,1378.9220183486239
VVRGQEPWKLS,3177.683486238532
NSRHHLSLS,4173.087155963302
YKGEGPFRYN,5837.600917431193
PFHHLFNHVL,13162.11009174312
AGELVPWDVAS,4054.270642201835
YSPFYANKAG,3502.706422018349
ENWAWEWNDVA,6843.3302752293575
EQWPYARENKA,2136.5733944954127
LYYRKALS,4323.266055045871
REHYAEKVLKG,1448.6880733944954
PWHNVSGKQHD,2047.366972477064
DRSHQRLSG,1790.348623853211
LNDYFHDAL,7331.967889908256
HYSNFDASG,2912.151376146789
RAADAGVG,1215.51376146789
PQPEHAFRWDA,3655.137614678899
WLRRLSFEYNH,15669.550458715596
YEQFHGNDV,3466.0412844036696
FDDRWAQEPY,7742.091743119266
AWRQPLSG,3938.1284403669724
WPKWVEDG,3993.0045871559632
PRLSLHLG,6957.339449541284
KYQAGKG,1064.5412844036698
VHPSFLG,6480.559633027523
DREGGPYKVA,2117.646788990826
QSFQSEWVS,3810.197247706422
FHQNAGRDWVAG,4532.353211009175
FFNWQRWNH,9494.954128440368
HQGNVYASG,2471.4311926605506
DLDKDALKLSG,976.9816513761468
RDKHLKQKDV,748.4770642201835
SFEHQVLNDV,3885.669724770642
KGVKARWNKG,1079.3073394495414
SHDREFYALSG,5179.376146788991
SDQYEAG,1351.2660550458716
HSLFFREPHDVS,5812.279816513761
DVVYNHAPYH,6569.137614678899
YHGDQRVASED,1277.834862385321
EHAGALQWLPYK,6918.5504587155965
EFDHFWASG,6119.1100917431195
RWDHEHGHDL,3875.1651376146788
WGQVLGYPWVS,22611.922018348625
QFLPYAYEASG,6537.160550458716
RNQFLFPKLES,4966.275229357798
AGHPDSENHDSG,1174.48623853211
SYKWSWVS,7654.431192660551
PAKDPNFENK,878.4266055045872
NGHLEGQREYWS,5010.183486238532
KWRFNVSG,4281.591743119266
QQYQFWARYHG,13284.160550458715
SERANDASG,1191.6376146788991
YWSANDVRYK,4501.605504587156
DGLVHLSG,2977.137614678899
YSLGGFRNG,3980.059633027523
AYWSVAPWDG,13055.95871559633
VRWDPSFRWNLS,13071.981651376147
GFHLKDASEPKD,1283.091743119266
AQLGFVFHAS,18834.724770642202
KEKPWPWNKVS,2290.293577981651
HFNVVGQYNLS,6681.298165137615
KWHHDPNAG,1798.9449541284403
ANNLFDLSG,2745.3990825688074
YYHEPSFNKDS,2191.3256880733943
EESNQHLG,1140.3577981651376
FSGREQYNDNDV,2623.743119266055
GGQWLDLSG,4384.45871559633
YWVVDGEPYKV,8797.798165137614
EDQQDVQFYWND,5420.6697247706425
PFLSLPASG,6455.665137614679
LEDPVNKLS,1152.9128440366972
DQLRLYLG,16959.669724770643
LSGAHAGEHLS,1779.4816513761468
WRPQALNALSG,3484.0229357798166
QWKFHFLNKVL,8515.408256880733
HSANLPSG,1361.788990825688
LSGKGSQPWVG,2679.178899082569
FWLYHEVKVLG,14230.0
VVRWAALSG,6118.233944954129
KYRNHQSG,1517.0229357798164
DWPQFKG,2884.302752293578
PVWRGQREHLG,4184.288990825688
QDEDSDLGKLG,975.1422018348624
SWKSSQFVASG,3500.5504587155965
HSSGEVHLG,1694.467889908257
HLQQPWLWLSG,19145.610091743118
SPDFDRKVLG,2001.2752293577983
QKKKSRNSG,587.1146788990826
SGGAEDVALSG,1211.6422018348624
AQPDHVAFEKL,1671.2614678899083
YPQWAQAG,3152.380733944954
DYEKEKDVSG,854.1559633027523
FNVWVPWHQHL,16850.729357798165
EKDPPHVFRS,1845.4495412844037
YSAFSVAL,16969.284403669724
AEVWQNDASG,2182.97247706422
QGKDYPWHS,2809.3577981651374
GAHAFDSG,2152.912844036697
WFVEGFWNVA,18133.064220183485
NRGGPLG,2264.908256880734
FGAYDDASG,2730.105504587156
QVLNEDGFRDAG,2571.435779816514
RYRWVQQYAG,7927.678899082569
AHDGGRVL,2924.651376146789
GWELKLSG,4982.674311926606
YFPLDRYHDAL,9670.064220183487
PEVDKDAS,878.6009174311927
FSHNKAHG,1767.3165137614678
PWKLEHQRPRNV,4566.9908256880735
NSDVQYSFYKAS,8246.743119266055
VEFGFKHALSG,4393.912844036698
APSNPALSG,990.0504587155963
FNDWNKSQSED,1237.01376146789
RAKGVGNDS,905.6788990825688
NHAFKGENARND,1529.5275229357799
DQRELFLSRNHD,6666.348623853211
QEDPKGFKQRKV,982.0825688073395
PYPWVESREW,9950.064220183487
ARWKNSPYS,3965.4036697247707
HVNRKVRPWKG,2389.8715596330276
DHPKFNSG,1395.908256880734
QANDRNWAS,2237.5504587155965
SKSESRLSG,859.1192660550458
REWGNLQPSFNA,6200.316513761468
NASDVFYKAQP,3104.876146788991
FAGRRPFENS,3786.6743119266057
NLYQVRYNKHD,5945.032110091744
HQHQALQFYKS,5965.660550458716
HSDSRGFDALG,2951.6743119266057
KYSWFNVAG,5077.568807339449
FGADSWVG,5268.022935779816
KVNSFQEDLG,1529.2935779816514
AFAGGQVAG,1868.4357798165138
PSAPKAWHVL,4345.885321100917
QRHKARLFEND,2527.4036697247707
VAPAPYNLYHDV,5850.045871559633
WYVFEPWQAG,17040.532110091743
RQQDHLS,1593.0504587155963
VERKKDSG,723.6376146788991
QDFQRHPLS,3706.4174311926604
RGFPQNGENKV,1280.3623853211009
NVNHPHSGKHLS,2098.4311926605506
EHFKNARWNHDV,2902.706422018349
YKVSLYSRVG,12264.022935779816
EPDQHGNAGQVA,1150.3990825688074
DEWAKVEKSG,1050.288990825688
ALHKALPWKHL,5751.532110091744
GKDGNKREKH,758.0825688073395
RVYPFYHSG,10042.802752293577
REQNNKQYNHV,1867.0963302752293
YLHHHVLSG,5177.642201834862
AGPHASEGWH,2660.032110091743
GYDWAYSG,8777.284403669724
YPPNKEVSG,1033.197247706422
GVADGALS,1718.9036697247707
EHFRGLYWNKH,5878.660550458716
RSNLHSYWKV,5851.376146788991
NDEFRKSWNK,1970.2339449541284
VPPWANDVA,2745.0137614678897
SDFAEPALS,2228.2798165137615
HGSLFWLSG,11658.720183486239
EYQLKDVFWN,7020.362385321101
EDRLEDRDAS,1123.866972477064
EFEPAPGYKDA,1672.4449541284403
YHPAQDSEYNK,1386.8899082568807
NEKGQGQKA,760.2064220183486
EQRVSPNENVA,994.394495412844
GQKQLWNKVSG,1665.408256880734
KVQYKQWFPNL,8244.91743119266
PPAKPYSG,1254.848623853211
QPFGPWGQDALG,7540.481651376147
AVAVNDSG,1178.4357798165138
WERNRYG,7234.637614678899
GQAGGFYG,5812.880733944954
YKKSNVWNKG,1529.0275229357799
ASQERWKYKHAS,1976.7981651376147
NKRFRKAQNKA,965.4678899082569
FEPEVQFWWKL,22073.940366972478
VSAFWSLSG,10103.61009174312
HAKFRSALG,2834.412844036697
NHDSEDEKALFR,2161.9908256880735
QQLDWNAL,4348.284403669725
EVWKAPWSRKD,3547.1651376146788
YDPWNVEVSQN,3483.1009174311926
NVLDRGFKSG,2931.293577981651
DFKKAQREHD,1047.4816513761468
EWASEAWDNKHV,4114.917431192661
GYNKFQKHG,2342.3348623853212
RGEVLYHGEP,3829.738532110092
DSDRDYDSG,1389.6926605504586
LQYKDFVEYKG,3876.559633027523
LSHSNVYWV,13833.02752293578
PWNDKASGAENH,1468.880733944954
WPPGQEHD,2386.697247706422
VFNWHSYDS,8022.3302752293575
QKDFVRQRYDAG,3345.288990825688
GNHPPNAG,1370.105504587156
SGFEDGNHRDLG,3362.4908256880735
RDYSGRESRPYN,3639.1926605504586
SFNFWFPLG,17584.495412844037
RELHGPAFEAG,2510.880733944954
FDWYVGYWHS,13075.894495412844
KNLADVSG,1104.7431192660551
SQESVGENKDAG,833.7293577981651
GPLGSRPALS,2068.8440366972477
FYQAVASNALSG,2889.8073394495414
HSVDVRKLS,1939.6605504587155
NVDEEALS,1023.743119266055
ASKKWHLG,1970.1146788990825
LQQLQRG,3499.4495412844035
SVWQFRWVALS,25944.8623853211
WRGLQPHDVAS,4418.165137614679
DNFSQASG,1481.5963302752293
FAYVQHVSDS,4456.839449541284
EFAVHDVALG,3947.3073394495414
WDVAYSFEQHS,11368.114678899083
QKRKEGQFEYN,1585.788990825688
YDAEQWKLSGRW,8673.004587155963
EKRSFNGRWNKA,1863.2293577981652
QHWVFVLNASG,34350.036697247706
LNSVYVAG,5168.032110091744
GVSHKHVASG,1521.51376146789
SRDRSNALS,2024.1697247706422
AKGFQPAG,1533.8532110091744
KQGWKYHVAG,2473.2798165137615
VNAFNFWL,22159.357798165136
SFASDRNKAG,1962.8256880733945
QPVHWFWHDA,15836.784403669724
GASLSLG,2175.761467889908
PVPPYFEYHLG,12097.743119266055
GPPVKALSG,1210.1146788990825
RLPSRWSRNKA,2864.178899082569
QNKAQEADGEWD,1581.2018348623853
DRQPRHALSG,2196.7798165137615
LGQDAAEKDG,779.7889908256881
HEHFGEDVA,2067.1100917431195
KKSSRDSG,635.348623853211
RGPVYHSPDA,2620.4816513761466
DYESVLG,2470.7247706422017
DFQPSEALSG,2029.0275229357799
LYRKARAL,3924.2522935779816
LGQSALGWKAS,3199.1100917431195
KAHQWVRKHVS,2729.908256880734
KFNVWQRWG,10601.045871559632
NLSQNVDRKHV,1868.2477064220184
GEADWNALG,2616.912844036697
KHYPEPNKHA,1408.9357798165138
RFWEQRDVAS,3996.302752293578
NFVRWARPN,8443.811926605504
EPLLGAEKHA,1244.7339449541284
EGHKVFNKHS,1464.2247706422017
FENHEWGFKLWN,16022.47247706422
RQRYKDDGWN,3315.146788990826
EKKRQFEWNS,1434.6697247706422
QPPDLPSYHA,2250.5550458715597
HVKQKFEYDG,1783.4495412844037
FYQPEKHQFVG,3105.4633027522937
NDKGASREPKA,956.2339449541284
PWAHDGPYNSFY,25798.032110091743
YWQVLDAFDAS,12211.573394495414
YAHGPSNDL,3021.6926605504586
DKGAHVLSG,1094.1743119266055
WAVDFELS,13747.660550458715
NAHFLGEYWKH,7967.853211009175
ESSGNGWLS,2408.788990825688
DGHHRHLG,2818.1330275229357
FGHAFVQHD,6198.688073394495
GNFNFHDG,5686.5091743119265
YNLWFYWWVG,13412.12385321101
VEDAKHFVAS,1967.697247706422
RLLEQELSG,1687.908256880734
LWQKNHLS,3741.3119266055046
NFARPYKAREKH,2322.151376146789
PSPLKGQNKHS,918.6697247706422
EPDKQNLREDV,832.2660550458716
ANVYDYALSG,5232.977064220184
DEDVGEAGEYWV,3422.1284403669724
GYQWNLPWKSG,8278.495412844037
LSLVSQSG,2848.9862385321103
NWAVFYVASG,35316.42660550459
PQHDLHQPNKL,2088.0504587155965
YWHLEKEPEVAL,3217.1330275229357
AYVQVAKVS,5285.834862385321
GSRWHRDLG,4914.266055045871
RPWEHDPKLNK,2578.577981651376
ADYLALSG,3548.3990825688074
AGRDPNARWN,3182.1743119266057
WLNYVSQFWNG,14316.059633027522
NHSKWNGYNKVL,3792.2522935779816
NHSGGRWDPLG,4973.004587155963
NQEGRFPSG,2467.288990825688
YELRSDSG,2310.8073394495414
VPRWAKSG,2401.793577981651
EAQNDHLPWN,2866.4770642201834
FHYWRSGFNVG,9932.798165137614
YWGFDEYDYHV,14037.256880733945
KKVQLNDVL,1508.1284403669724
NSQRQVSQFRYL,12188.665137614678
QWQFNAQFVFKG,37065.99082568807
ASFWRDPLS,8957.954128440368
VPGSPNLSG,1516.5871559633028
RYFGLPYKDS,5150.788990825688
KAPELQYWNDS,2226.293577981651
ELKVAEHGWN,2026.3990825688074
YEPNPQNHSG,1806.3394495412845
LRHSNRHVS,2915.238532110092
QEEQHVQWKLS,1987.6926605504586
DVFRVHYWNHS,10772.399082568807
AYANFEHLG,4233.747706422018
LYQQDSG,1893.9128440366972
KRDEVHLSG,1176.2660550458716
ANYWGAS,4426.940366972477
YALSSPNQWK,4516.3302752293575
HNSQVNHVA,1627.6238532110092
KLSRSEPKRG,1002.3899082568807
FKDVWARDLNDL,6162.582568807339
DYRLGPSG,2625.6284403669724
DYKWHAPNKV,2084.1651376146788
RKKWVPNHDL,2161.1559633027523
NANWRWKSG,4267.288990825688
PSEQDEHDVL,1227.2522935779816
QAWAQVQVAG,2659.6605504587155
RSFNNQPNDS,1625.1605504587155
PPRNDHLS,1377.651376146789
SHQERDLSG,1070.5688073394494
EKQHVDVEND,908.0229357798165
GFNYRPDS,3567.178899082569
GFRQNGQPL,3922.5137614678897
FKGGSEWNKHD,1683.2247706422017
LWQLRVASG,8408.834862385322
YWVQDVLDLPYV,19804.243119266055
YRAHPYG,5796.435779816514
GEGRWFWDAG,12285.41743119266
ALPDWLWNG,7745.743119266055
PDPKAPVGRHVA,1472.6422018348624
YPEWDQLG,4114.165137614679
LHADRWLSG,5635.591743119266
FEVDYWGYKHLS,9553.022935779816
LLYKQAL,3822.4954128440368
AFGSASG,2075.4266055045873
EYYYLYVLSG,28247.784403669724
SFPAQRPQPYH,5039.151376146789
AWHQSKHALG,2668.862385321101
PHAKQYRENAG,1373.01376146789
NNRYNAVS,2630.8715596330276
SENQDAYHS,1774.5871559633028
KQVHKVSG,813.5504587155963
YANNSPDS,1199.4816513761468
VEQSPYVL,4871.311926605505
DFRFSQFYWKS,10144.261467889908
NGWHFAGALSG,7856.0091743119265
EHWFDSEYKAG,4220.600917431193
PFYVRKRKG,2693.091743119266
YYAVDAG,3392.0091743119265
DEWPYYWVLG,22136.009174311926
FSWRDSPHVG,5658.536697247707
YVNQEKWNKAS,1566.3256880733945
EPVDGQLGEYH,2370.9862385321103
LDQYLPLSG,4363.087155963302
NFRFWQFPKH,10310.47247706422
DYQGNDASG,1195.51376146789
PKNSYDEPSG,1197.01376146789
NNHEPRPYWHS,7193.559633027523
LANSWAG,3125.47247706422
DVHRSFWDVS,6354.1100917431195
FSYDPSYKVG,2786.077981651376
HQSQLQFKDV,2302.1926605504586
QVHLYFYKDVS,18002.0871559633
NDKEKLGKSG,795.3899082568807
HDGLQWNLFEPG,7579.183486238532
HHSQDHVSG,1294.7981651376147
ASDARSENHDV,951.5091743119266
EEFASYSG,2675.151376146789
RAEDQNHSHLSG,1686.334862385321
NWSDFNLG,6575.48623853211
QESFAGFKSNK,1427.4449541284403
KDRQEWVLKD,1996.8165137614678
NRFLDVAL,9186.926605504586
HSVEREAS,826.0963302752293
QNGKWVWNKHG,2590.5825688073396
EGRPVFWKGKA,2151.908256880734
FPNYNDHFKH,5070.463302752293
FQYGRRPLG,5922.55504587156
SRNEVRPKHL,2089.651376146789
KPEQVSG,667.8211009174312
EFFELQFG,28882.596330275228
VKFLNDG,2543.02752293578
AQHEGRYHVAG,2019.9587155963302
NLPKDQLEYK,1312.0045871559632
KRKRVNALS,859.6926605504588
AQSAASG,814.9724770642201
GYANSFNVALSG,5828.018348623853
ELFLDGREPDA,3147.47247706422
AQSLSAG,1012.3302752293578
YVEDDLYWKH,6281.940366972477
VELFRELDS,5309.100917431193
WFEKLELFKHS,10426.40366972477
YSDRVGFRKVA,4142.252293577982
VQWWRPALG,11803.559633027522
SPRFHDLSG,3209.105504587156
WVNKWGFRWNDS,9122.715596330276
VAGARVAEKVA,1081.2339449541284
DRLDSVLG,1894.7064220183486
RDEYYWALYHG,10459.504587155963
EYGPLSVSKSG,1924.545871559633
WWVFVFVG,27609.5871559633
SEKNNKLG,1287.1422018348624
QAKAPSFRKHAG,1257.4174311926606
SFKFYEKVG,3704.8990825688074
NDPQDLREDVG,1198.5275229357799
KLLKQYVS,2742.1743119266057
PNRSWKYWLS,8137.1100917431195
NHVSDEQHDA,1239.2844036697247
VRFHPNLG,5228.137614678899
AQSQPSGFVALS,5382.853211009175
LNLSKFEYWS,10124.724770642202
NFFNWSG,7713.316513761468
ALENWGFNHD,7423.697247706422
PKNPVSPYDVS,1987.6467889908256
YPHKVYNKHSG,1848.7293577981652
NEHNQHVLS,2529.0733944954127
HLFWAEYARKV,8549.467889908257
KRFHGPAS,2050.211009174312
RNPWKSWPLSG,6241.155963302752
PQHARYFYS,15830.711009174312
KNLFWEYNDVL,10515.733944954129
DGDKSNVG,808.7477064220184
PEEAYVSG,1641.9311926605506
AEEEWSG,1615.7614678899083
KSGDVPHYDG,1752.954128440367
LFFYKYNHASG,4167.362385321101
QRQVHLPYHALG,7015.752293577982
DASAEALVAG,1376.9495412844037
DSKFWFHVAG,6357.518348623853
DNEWLNVS,3471.02752293578
QVNHRPWWKS,7408.816513761468
PFKQGFWNDVA,4810.697247706422
HQWNNLPVG,4096.261467889908
LSEAKVSRPH,2560.591743119266
FDHWKLDVL,8272.79357798165
RHYWNFDNKVA,5177.619266055046
FEPSRVSWDQYD,8889.077981651377
EQDYKLFRYHV,6023.412844036698
WAQEVEYVENVA,8483.321100917432
VLVKQYVLG,12455.201834862386
ESFPLRHAFHA,6241.6697247706425
LGLLRHALSG,6481.1100917431195
GQDAPHWDLG,3896.0688073394494
KQQRSKG,738.1559633027523
YVGFHEKDNG,2210.087155963303
NSELAWNLSG,4035.032110091743
YWWPSQDAG,5136.857798165138
FSVWDRHG,6482.192660550459
YYGPHEVLG,5084.481651376147
DKDQPDWDV,1976.802752293578
VNARWQWNDV,6767.036697247707
RNKFPRLFWVG,12366.711009174312
WRNDKVLRWHLS,10413.100917431193
NLYNLQWAGRPK,6348.495412844037
NPEYDYALSG,3241.435779816514
GEWDVANQRYD,6591.701834862385
LQVLDSWALG,11063.160550458715
VEQFVGVLSG,14521.651376146789
NQLLQDSG,1640.0275229357799
AWPNGELG,2521.564220183486
EKLWSRHSQRWN,5604.137614678899
NRPDRGFRENS,1897.9908256880733
KALGGDSKDVL,1246.7247706422017
RSFSAGFYWSG,16625.57339449541
GRFWNNSG,5337.298165137615
QDEWWVEPWN,13748.220183486239
EEPFVRPYKV,3698.5688073394494
FHQQVAQPYV,5069.926605504587
WAQYVRHPKL,8565.43119266055
KQENNVGQPKA,943.2018348623853
QVRLWVGPNDS,6341.142201834862
GEDNSQHVL,2148.802752293578
NGLFEGEHVG,2794.0366972477063
GPFKPNALSG,1598.394495412844
AHENYHSG,2077.394495412844
VYSKAYVALG,7002.059633027523
PNDPSRWRWLG,9966.967889908257
QFYFHEKSPKHA,2801.5733944954127
KHGASQDRWK,1487.3394495412845
LDSFAWDLS,9465.949541284404
SHDQKAHAS,910.1100917431193
FALVQEKRHA,3019.3899082568805
DYWVWQFRYL,31770.784403669724
VYYQVSG,4984.724770642202
GYEQHAG,1838.8715596330276
EHKKVLPNKA,830.1009174311927
SGKDFASKHDV,1154.119266055046
QARWVDLEPHL,8154.729357798165
PVHAPVAPKS,1463.619266055046
ALSYKVEQRYHA,5007.816513761468
QFGHEYVQDVLG,5007.857798165138
KRSNGQVG,1041.532110091743
PHNLSREEPHD,1696.633027522936
GQRSWHYNS,6061.619266055046
AGGQWAQRH,3504.0091743119265
RGWWHQRPYSG,10813.220183486239
NNAHKAG,1182.9311926605506
QDWNWKGQPDL,3431.9587155963304
LDQEWRVSG,4180.477064220184
NLDYPNHVAL,5659.0091743119265
SWDYRKSG,2956.412844036697
ERSERALS,1016.316513761468
DGFEGREQFWK,6593.412844036698
NAFLHYWALG,16697.48623853211
YVHFAENDVSG,4010.077981651376
SKFWYWAS,10222.02752293578
LPYWLSQFVASK,16430.15137614679
FLLPPKSG,3248.467889908257
LDSDFKLSG,2270.330275229358
RWESKVFNKA,3101.7155963302753
FFYASKFEALG,6218.5504587155965
EHSSWALGPWG,8424.477064220184
VKFEKDDG,915.8211009174312
HEYNWGQKSG,2275.201834862385
LWSNKPVSG,2905.243119266055
RDGNGFEHYNH,4591.98623853211
LEHLAEAG,1787.6146788990825
VHNAASG,1299.394495412844
YWFLVLQRPK,14877.426605504586
YVRKNDLQPWAS,5241.142201834862
HKFAWKVASG,2700.206422018349
FWQEDGKRHS,3079.4495412844035
RNKEKYKHDQD,785.559633027523
FVYYPYKDVAS,4633.0091743119265
EWFARWHSYNA,13987.944954128441
FAHVRNRKSG,2067.756880733945
SARKRKG,817.2981651376147
NAALQVWKHG,3689.8348623853212
HQWRPFWNH,14812.62385321101
VPWGEASKAS,1491.848623853211
SPLEHSNDS,1097.2568807339449
GPLAASG,1092.0
DRYHFWESG,8682.545871559632
QENFQRELNG,1836.1467889908256
NGAGERNKL,1136.119266055046
NNPGYLSG,3784.766055045872
NKLVDLYNG,3702.853211009174
AFLDQPAG,3375.853211009174
ERNWFASG,5324.784403669725
NKGHNLQFWHA,7995.087155963302
WSPYLWLSPHL,31165.646788990827
HVYVNHEPYVS,10220.321100917432
ENRLLGQPWKV,5422.238532110092
VLSVQRELKVA,3351.793577981651
RKYKGFWWNKA,3052.2247706422017
GWFPNRAG,7259.302752293578
QPARVSGHPWNG,4491.123853211009
DNRNWLSG,4009.2522935779816
AVALFPKFAS,11048.009174311926
WGPENGYWKHV,6583.967889908256
KFYGDVFEPYV,11781.56880733945
FDLERPYRYWNK,7508.275229357798
DLWSNDLWKV,9629.036697247706
WEVRGFVAL,27871.42660550459
RRALGVFLG,13052.073394495414
NDDEQREHDLS,1393.5963302752293
SEDFADVAS,1827.394495412844
DGHPFYWNKDV,5184.848623853211
HRFDDALS,3883.4862385321103
KDWAKDGWL,5198.04128440367
KGAVLPHS,1745.8211009174313
SYGGEDS,1368.8256880733945
HFEFHALHDV,8741.380733944954
SPGYARLG,3296.9908256880735
DPQEGNKALSG,827.2247706422019
DWQWAWG,13910.967889908257
DVSKARQFDLG,2489.3119266055046
NEYVHREWNHL,8447.050458715596
QQKRNEPYWKH,2674.7844036697247
SRWPPYNKLG,6280.95871559633
YQGQDLEVALG,2730.8899082568805
NHRRGKHVASG,1494.0504587155963
KKREDNLSG,640.5963302752293
VGKFHLFNKG,3576.293577981651
SQGARNDAG,1038.9220183486239
NDLNGRPVKHV,2434.8990825688074
RLGNALQQEYL,5405.256880733945
RVKKWDVSG,1550.4220183486239
NANLEHHVS,2224.261467889908
YPANVYWHLG,11945.669724770642
VPYPRKHAL,2973.0091743119265
YGKPYRPWG,8367.967889908257
KHDVRVNSPW,4652.3302752293575
KHPGLQEVALS,1350.454128440367
NDVAKFEWQLS,5014.247706422018
YADHKDASG,1352.01376146789
RWNWYAFDVS,20619.06880733945
KEGVVALG,2103.261467889908
YRPFARWHVA,11122.922018348623
SWFGFLSG,12053.40366972477
NSQHYASKG,2052.3899082568805
GEWRWSYKHA,8702.454128440368
WSSERDSG,2042.894495412844
YYKYDEYAG,4115.40366972477
AFYDHSWNG,7181.98623853211
AWWEYSG,12529.816513761469
GYWVNQNKH,3915.6926605504586
LFQRAYVG,6688.5091743119265
QVSAKLSWDVL,4977.197247706422
GPLRFVSG,5739.073394495413
GFDQFNFHD,11223.61009174312
GEGYDWLG,7864.963302752293
RHEYNFWRYNA,10246.977064220184
VLGWEYNYKDV,8342.995412844037
WSEHLYAEDLSG,6829.577981651376
VNLPSKALS,1733.119266055046
NVQEDSFWGEPK,2710.52752293578
PEQEKWDVS,1346.0963302752293
FEDWEDVVLS,5221.545871559633
DVKKQNAS,713.1788990825688
KQNLHARPHDG,2007.3302752293578
FQFPPWGRWDVA,14860.37614678899
YDPHDLQYNDGW,9333.119266055046
DLSQLYVFRS,32357.3623853211
RFEKAVAQRYWD,10188.660550458715
RYPKLFPNRDVS,3745.711009174312
KLWFPKPVS,4797.481651376147
GENSNKPYWHD,4364.518348623853
YDANNKVLKV,2871.1926605504586
HNALFPKYDSG,3320.651376146789
FFELGRPGPNKH,3989.793577981651
HEDVLNHFPDLG,5339.94495412844
HNNLPYSG,3413.059633027523
KSNEFNLSG,1250.9128440366972
RLLESKSG,1346.954128440367
YGGGQYDAG,2585.5550458715597
APPDFKSG,1023.9954128440367
HDYWLGHGPV,7823.114678899083
RNVGYAGPGRKV,2796.559633027523
RYYKSFLQFNA,11758.279816513761
QVDFASWNKVG,2592.330275229358
HYNYHDEG,3084.532110091743
KGWQLSVALS,9759.811926605504
FDPHDQELSKDL,1620.0963302752293
YFLFSRAG,7085.660550458716
FDWAGPRYNKG,4429.247706422018
WDLQRWFWARVL,22726.98623853211
NDWADAYWKH,6356.435779816514
WYSSGHSG,4271.243119266055
FRQDNAFRKVL,5397.362385321101
QQYWWHREDASG,4661.756880733945
EQSQFPNPKLS,1259.3440366972477
YPEQFRWKVL,7852.894495412844
GVAHPHVG,2141.2247706422017
VGANFEDASG,1425.9770642201836
DYHEREVG,1469.151376146789
YQRFEGPSG,2934.669724770642
LLGVSLG,5827.408256880734
RDSLLRDVASG,2121.0
RHWDRPEKDLS,1620.7752293577983
SGVNFKSG,1946.4174311926606
PASVWVLSDLG,17364.15137614679
ASQRVYALFHDG,13146.247706422018
EHGQGEVAYWL,6586.353211009175
YLHNRPG,3434.4449541284403
NRVRVLRPWS,13014.41743119266
DVEEDFREYKG,1586.2477064220184
WSHKFWLSG,8663.536697247706
FFLHNHDAL,6155.417431192661
RFFLDLG,14381.733944954129
KFPSNGEYNK,1346.9128440366972
HFGLQNHDV,3552.591743119266
GYVEKNHG,1677.848623853211
WKFWELSYWNA,17428.784403669724
SEVNQKVALG,1407.6467889908256
DAAREVFPVLS,3008.440366972477
YRYNPKSRPNHV,3531.087155963303
RDYYPYHDVLS,7620.174311926606
RGWKWGYDSG,5575.573394495413
KDYFKPWHVAS,3118.3440366972477
RRDLSNQYNL,3814.8073394495414
SRKYQFNSG,2939.7201834862385
DFFQDVG,3270.0366972477063
FFNDNVPWKH,5557.821100917431
LWLWNNVALSG,10452.197247706423
RPYFKVGYREY,14576.435779816513
WQKFGQFEHAS,3760.738532110092
GFPHQEFNLS,3549.4266055045873
KPFKFHLS,3002.6146788990827
KENNNVALSG,1028.4495412844037
PDGQYDQLFKHS,2900.256880733945
PFAASLSG,3481.0963302752293
NENYLEDAL,3532.1009174311926
PVDQRNQFRVL,6924.701834862385
QRDFHDGELWKA,3038.743119266055
QQDNDDAG,1001.3211009174312
SPFQWNDVAG,3030.9954128440368
WVKYNAEYHAG,5160.064220183486
ALEVKAPYWNHS,4722.160550458716
QYEYPWFYHL,8894.802752293577
FVKESYHVS,2698.3256880733943
FNPWGFEDLQWH,13070.238532110092
VLWEQPVLG,7133.256880733945
KPHSPNFRDV,1734.9495412844037
EWEDKHAYG,2910.701834862385
SYVYWSRSG,9148.229357798165
HNFRWYVAL,19814.504587155963
QAGSQNDVQWL,3835.0504587155965
FHDGGQEHLEAG,1808.3715596330276
GFAGWLQYS,14687.298165137614
FRYGQDFYQYWD,16914.357798165136
NPVEDFPYDVL,3748.032110091743
RAYRQEKSG,1367.8853211009175
GDAQSNASG,861.348623853211
EHYHFKVFYKHD,11577.059633027522
RWKVPRPVLWND,8930.30733944954
SFPRPDQRKA,1896.1284403669724
EFDLVFWKS,16457.545871559632
RDYFRNREKVA,2321.922018348624
EVRHNVHVAG,1975.2064220183486
LHDYPHSG,3023.8899082568805
ESNVSPSKG,706.0275229357799
AQERWPYWKDG,6180.197247706422
NEDPYRYWNG,8015.243119266055
QSQGGQRPYV,3259.5045871559632
GYWRLGHG,8571.573394495414
DFAEHQFG,3724.2477064220184
QGWPEDAG,1901.073394495413
FAHNRPDLSG,3160.7155963302753
DSNVVLQPYVS,6123.761467889908
YNPLNDQKHG,1621.2064220183486
QKLVSGPGYV,3359.435779816514
SKNHFKS,1393.4311926605506
GYKHKGRYVL,4327.816513761468
HRFYAALSG,8891.848623853211
YFGFEALYALS,15023.229357798165
DEVQHAQEKVA,957.5733944954128
QLPRSQFKHAS,2583.3119266055046
RPGDDALYWNV,8268.59633027523
EVYGQYPWVAL,18153.371559633026
LENLSARHS,3508.238532110092
EQRRGQYNHLS,2821.394495412844
SDAYPDSG,1811.2201834862385
KEVKFYASG,2843.0504587155965
NWQPANSG,2372.087155963303
LNEDWDG,3518.7201834862385
WQAPFRPG,6444.8302752293575
HWLESDVS,3630.9449541284403
HDPLFGPVS,4989.353211009175
LNFFKLSG,6072.720183486239
SYLEPFVSG,7278.848623853211
HLDHRYWG,8681.871559633028
LSQSWHQEYKL,4771.279816513761
RNAQLYNKFENK,2264.7477064220184
SRVQPGNAG,1602.1605504587155
HVRQWGYNKHDA,3915.669724770642
AEYWPYHAHVLG,11750.325688073395
EHKFQEWNV,2457.1559633027523
FPWQYVGFNQYA,24573.25229357798
GGFWQAG,5825.972477064221
WDKVDVYWHD,13108.11009174312
HNGQFWVHAL,16604.995412844037
NGAEPDEVALS,1341.2431192660551
QGNYDQEYND,3007.4495412844035
VPDDAYASG,1636.073394495413
QVAFPWDGRAEW,11520.311926605504
AYPQHLG,3063.087155963303
AASWGKSG,1876.8073394495414
LGFHPGREPN,3141.605504587156
KFWDLWSEYKVA,8754.128440366972
FVFHVAYAQYNV,23305.160550458717
DEQPYNPSG,2216.908256880734
SPRWQVLG,5121.857798165138
WSSEHVYG,6895.743119266055
ENHDWREPLEDV,2406.2522935779816
LYLRLQPLG,16887.357798165136
QQLVLRAS,10600.151376146789
GAWHRAG,4241.770642201835
KDQWRALYWKDS,5586.059633027523
LGPFVQEPWV,8914.614678899083
YKPHGDLWNKL,3218.8256880733943
RGGSRVSG,1596.4174311926606
WAVNNDASG,2617.3669724770643
LNLRGYDSG,3972.830275229358
FSWKLQGFENG,4186.678899082569
YRSEWRASG,4550.197247706422
HLPKGYHDYWHA,6959.238532110092
DEGYEHALSG,2541.5733944954127
SNGKQNSG,990.605504587156
RYFFNKHLAL,10278.412844036697
QHFHRPHSNDL,3637.256880733945
FHFGFLWKDV,10972.408256880733
PDRWRDLGWKVL,11344.463302752294
PADGDLEYHS,2662.8899082568805
QNLSFDANPYNH,7285.701834862385
FQHSPDGYHAG,4102.018348623853
AWEANKVALG,2347.1880733944954
ANVFFPKHL,9774.88990825688
NPHWRPWNKDL,5561.747706422018
QGEYNDDEYKVA,2427.2752293577983
EWEFYWVHAG,21517.270642201835
YLWPQLSG,7149.527522935779
FKSAHSPYLG,4530.348623853211
EYDRREPHQWVL,7941.899082568807
LYPDQKDVLSG,2197.5045871559632
DRNYQELG,2354.97247706422
YQWWGKHVAS,6426.385321100917
FHVHLKGREW,7009.224770642202
SYARGRSG,2980.0229357798166
EHEQQKSG,798.8440366972477
DPSSRNHDVL,1458.532110091743
YPPVQNHAL,2832.376146788991
RPKEFHGYASG,3748.7477064220184
FEPWDHVWDGDV,9461.935779816513
QRDPWSNSENK,1552.165137614679
HADKQPDSG,856.2339449541284
LSRNKDYSQRLS,2761.169724770642
RAYPALFPDVL,12882.394495412844
APLLGNG,1593.7477064220184
PARPGHVEDVG,1229.3256880733945
AHQFNLNVSG,3609.0183486238534
EGAWENAG,1747.6284403669724
VFQLSEG,2559.683486238532
ESAFQKLS,1222.9220183486239
NNQAPALS,1261.211009174312
WGRHVLYGNKS,7100.8302752293575
KASGSYHDGFN,2926.0045871559632
VQQVDLSG,1292.48623853211
KWSESQDSG,1278.454128440367
QAQRYGFWVQWA,23863.270642201835
YPQGDLG,2250.123853211009
HWHRDGSG,3142.9862385321103
QVKHPKWHAG,2184.5137614678897
RYWRHASEWFNV,17343.15137614679
VDKAFLG,2102.954128440367
HDVLGYGEKVKH,2002.0045871559632
GALRVGDG,2482.9036697247707
AAPSKLSG,1091.8440366972477
WWFVAPDAS,11383.467889908257
EYPPNVRYHG,4407.605504587156
AYGPGEHAL,2389.6880733944954
VKNAWKHVAG,1994.9220183486239
YFGPDWLG,12535.38990825688
KHHHKASG,1165.1422018348624
VNQEYWFSG,11565.238532110092
KNQWGNVLG,3051.3715596330276
WKVLDAGNWNKG,4020.9908256880735
LVYQHSG,3938.853211009174
QQDGLQRNDVSG,1363.9770642201836
SEGHQEHSG,1237.1834862385322
DLQQDALRYW,10460.62385321101
KFLWSRVAG,6470.848623853211
EEYRQFEPWH,8802.399082568807
PYSHNDASQAG,1985.894495412844
WREWHQHRYWV,18089.463302752294
AKRHQWHDLG,3326.5
DPNYWGWKHA,5377.931192660551
PGWVRAQWVLG,16794.844036697246
RKHRVGQGYWA,5308.229357798165
KEPHDLYKSEPW,3305.8715596330276
LYFHKDLSG,3313.6880733944954
NERHNSG,1746.4311926605506
HQLWLWSG,17663.119266055044
NDHELQKHVLG,1955.6834862385322
NPFYQWG,12202.91743119266
KGWDVWQYVAL,22812.871559633026
FRPENHWKDPA,2909.243119266055
FPFHVNRPWVS,18642.05504587156
YANWNDEPND,2904.954128440367
DKHWLNDG,2573.1422018348626
KGLGVRWNHS,3543.711009174312
RLRGEVPHSG,1846.1238532110092
KSWEKLFEWDL,6499.316513761468
QPALPNVANHSP,1807.711009174312
WWPDVELSG,8116.3302752293575
QYYSFDPYL,12941.220183486239
SEDARGPVG,1621.5550458715597
VPNESKHSG,798.3394495412844
WNFRSQDEKLG,2434.6880733944954
RQQDSWSG,2450.4174311926604
KYGHQPG,2452.532110091743
AQEWWNAPWN,11877.077981651377
KFLDLWSG,6375.325688073394
WWKWFPHDALSG,12406.940366972478
APGWFRG,6962.321100917431
RQWQGQSG,2239.146788990826
HSPVAHAPYKAG,1873.954128440367
EAVDKHLS,850.3256880733945
ARNRHAWNDLG,3940.6559633027523
VDHVAEDS,1144.3899082568807
RRNLYQRPKHDA,2366.298165137615
HPFWQPSG,5245.866972477064
RQKWQFDSG,3330.229357798165
RNGDLFWKYKV,6219.302752293578
HLEKKALGHDVG,1585.8073394495414
DNWSDLG,3190.2752293577983
QDYDDLFKHD,2708.0045871559632
KHEPYHFRKPNG,2335.183486238532
ASAWHNVS,3296.798165137615
FEYRGRLWHS,9890.128440366972
RVNPVLFEA,6572.678899082569
PNQNAPSPKAG,998.2935779816514
HSGVAKVYWNA,5733.545871559633
PSHSYAFYSG,13157.733944954129
PQVHAFAG,2965.1146788990827
EFVSWAWHVS,16437.756880733945
WSRWFYAEYVL,33653.99082568807
WQLGPEDAG,2991.077981651376
PVHWGFKSG,5314.871559633028
SEEKVFDALG,1707.426605504587
LVSLEKLSG,2390.5229357798166
VAGVKSRYWK,3090.6100917431195
YPDDDVG,1539.3256880733945
VKFEDLNG,1398.9036697247707
EQWRNDYHS,4336.316513761468
YKVVPYKWNHVA,5101.775229357798
KVLFKWKVGYN,8325.550458715596
HYKWVEPYNDLG,6861.688073394495
HVWFAQKHVASG,6439.412844036698
WPESVALG,3327.211009174312
YYGQHYHDV,6485.816513761468
KYVHLEWG,6362.394495412844
FGQKSWVWKD,5462.128440366972
VWFKWVSG,11703.47247706422
QVDWVSLG,5803.165137614679
LRVNKFHALS,5397.619266055046
HNYFVSG,6254.591743119266
AYAYGASG,3042.256880733945
KNVSHLEPNHS,1525.7568807339449
FRGLPHAQRP,3912.4449541284403
APQNEAG,823.1697247706422
NAREFWLGREDA,4917.339449541284
QKREHSEKRNA,862.454128440367
PHEVQFSFYNK,16213.87614678899
LVQVVSG,4483.151376146789
HRAVFEALG,4812.321100917431
SDRNAEVSG,1138.3073394495414
RWHLASEAGKDL,2420.6284403669724
PNWGKVPND,1951.7385321100917
WRRRDAS,3423.940366972477
VYESNVLSG,2427.6009174311926
KEFEPRVG,1551.1100917431193
YWKDKGRYQFDA,4491.926605504587
WQLPENLG,3956.587155963303
ESVADVPYND,1692.5091743119267
HAQDRWPNKLG,2764.793577981651
PGNSEHSNHAS,1128.1376146788991
SRFRHDLKHVG,3089.8990825688074
WDDNLGEPHSG,3329.032110091743
FPAYANHGYDG,7543.876146788991
LKLYWKVEG,5493.114678899083
HLAQNHRHASG,2388.1009174311926
WFWLYLGNVL,11226.48623853211
KEVHSWLG,3887.137614678899
RDDLQAASG,1307.059633027523
RGFQEKARPNLS,2190.169724770642
QWSKEPNEAG,1159.3073394495414
QNFKEGENKD,795.394495412844
SDLPRVLSG,2502.6651376146788
QDSQPFDFESG,1940.802752293578
EYHAKVSFYHHD,8682.399082568807
QAVQAWVLSG,4620.1697247706425
YPKHDYHGRLS,3411.376146788991
DLHRQEDAL,1450.348623853211
PVWWHGREKLG,4934.743119266055
GWREGYSG,4603.894495412844
KQFFRADASG,2657.0963302752293
FLNSPSWVSG,5523.747706422018
QWYANQREYKAL,5803.98623853211
WHQKSYFLSG,8096.637614678899
NSDKASWG,1428.0
RKNPLSKG,837.2798165137615
YERQHAG,2582.151376146789
QLQEHLNAEPYW,10533.733944954129
QVVWRWKALS,8275.752293577982
SYQFLKLG,8568.701834862386
PNKFDAQRESQW,2713.3899082568805
QLYRHFYWDLG,13673.43119266055
KAWNKRWARWS,6272.48623853211
WFDYGPNA,6548.8302752293575
GPNHPSRPKAS,1051.880733944954
VKPDWVLG,3002.678899082569
GVENDYSG,1459.894495412844
SGAVFPSG,1907.426605504587
DNPKAWG,1681.5
HYHKAKDS,928.743119266055
RFRWFDGQWNAS,9608.178899082568
VWHRSRSG,3392.064220183486
EVQSDAGNHVL,1233.848623853211
NDKSYLWSG,2965.1284403669724
DAAQEQNKH,774.3899082568807
NQLQPVWNHAG,3319.9036697247707
RWQEARAYVLS,14905.788990825688
ENVYHVYQVLG,13601.97247706422
QAPKYHVPVLG,1691.3715596330276
PQHGSFWKDSG,2048.4816513761466
DEAEYFYNAL,7638.871559633028
AREQRAFDLS,3602.4770642201834
KSHAALGEYDG,1795.1467889908256
ESLQKHNS,1060.3532110091744
EALQFEFDFNV,24528.490825688074
VEPNLEWLVS,7510.073394495413
LFAFVQFWVSG,26718.477064220184
FDWRFEPWDAG,10129.399082568807
KSEVRDWKHS,1405.967889908257
VRHPLRPWD,9483.504587155963
PLGKWNAGENG,1596.0275229357799
KEKVGNFRPWL,5834.825688073394
PSHAEPENDLG,1118.2064220183486
PYHPDLDPWD,5827.802752293578
LFSRGFHDAS,4259.935779816514
QLHDPDQRKV,1387.091743119266
PKVGWLRELFP,11124.495412844037
VLLYVPAG,15670.279816513761
VLRYGDLSWNVA,8523.651376146789
LRNLLHDVS,4301.211009174312
LFGPPKHDVAS,2255.6559633027523
KRNWRWVAL,8583.045871559632
LNHREQHVLS,2460.197247706422
HVGVHGEPLSG,2162.6009174311926
KHFEYQWLNHG,6511.591743119266
AHWSVLSG,4796.862385321101
HAYWNHAAFRKL,8281.963302752294
SGYDQNRHLSG,2764.045871559633
AWFRDKLS,4249.467889908256
DKHRPRNDL,1677.7568807339449
KFYHVSEVFDA,7602.174311926606
GQFPNNSGRNVS,1912.5825688073394
DFWKYDGRPKG,3055.619266055046
VYWGFFWVLG,22042.95871559633
YEGDRWG,5951.385321100917
FVNWFVLG,19670.41743119266
VVAVFYHL,30357.825688073393
WWHPDPKDSG,3219.8715596330276
GWLGFLWG,20605.477064220184
HHELHLSG,2640.4174311926604
PAGLEGFEHDV,2224.5825688073396
PSGVLSSWKDS,2468.0
FSGQSQLSQNL,2549.169724770642
RGGYPHVAL,6706.848623853211
FLGYYWNVWVA,12768.08256880734
FQNKWNVFWNS,11081.628440366972
HQLDGPNKHV,2075.233944954128
AEYFALPWHVL,24689.302752293577
HAAKKASG,925.197247706422
QAKPDENHVS,993.6743119266055
PAGLHDLRYDL,8773.018348623853
DRLADVSG,1477.2568807339449
QLWVVFPKHS,20730.954128440368
FQQYRHSG,4251.793577981652
APHNHWKSG,1802.0550458715597
QGYPHFPWDVG,10799.357798165138
HHPHDYSG,2904.105504587156
LQDEPWQPDG,2905.9036697247707
DYDGHLHLS,4591.302752293578
KEDYRDAS,1124.3165137614678
VVRKGKLS,1066.8440366972477
DLGERVSGVS,1925.5550458715597
YKVGPPDASNK,904.4724770642201
LEKKRLSG,1194.619266055046
DAKNYHVLS,1991.4908256880733
LWVGKGFEYDV,9720.233944954129
KFAEVYKHD,2265.559633027523
EFNSLGFEHG,3901.2155963302753
FFEALQHAYHD,7965.954128440367
DWHKGEKS,1197.8990825688074
RVQVWLSFRYVL,38562.69724770642
FQPEYSQPYNDG,4497.674311926606
PFFHDAVG,7059.908256880734
DLFYRPYPDLG,14702.830275229358
VYNLDEWAS,5810.692660550459
RSRGGQFPYLSG,6469.1100917431195
YNSQKLPWKQKD,1939.0550458715597
YQYVHAFPNDL,11387.128440366972
YDWYLNKLG,5226.256880733945
SDQHLYLG,5603.522935779816
EDFAAGFEWHAL,7718.334862385321
PWFHRYKLRNKV,5403.614678899083
YSGYQWHASEHV,5555.876146788991
WRYARQYVS,10195.211009174312
FFDNWNLSG,6202.660550458716
KPPYSKAG,1206.091743119266
NWVWKFPHDVAL,14043.169724770642
VYGLSHG,3765.1009174311926
QSLPQRVAL,3810.0
LNHYKEDVAG,1493.6100917431193
YDFQLSQKHL,3571.1926605504586
GVSLYDVASG,4630.247706422018
AHAGRRHVG,2639.6743119266057
FDWNDPKVARPG,2368.1559633027523
EPFGHSGWKH,4022.183486238532
FDWPDAFRD,10204.788990825688
YFDLGEHKVASG,2259.0825688073396
DSPFPLSNVG,2358.912844036697
PYEGRDLRPLS,6230.279816513761
WGNDFDPDL,6914.720183486239
GVFEENSG,1832.6788990825687
AASARSG,1227.440366972477
PKSNYNDPHA,1450.7201834862385
RVLQWDSGRAPH,6322.477064220184
KLYAFNGQRNHA,4148.885321100917
PKEKFLSGYK,1560.9174311926606
AEGDEWG,2258.5550458715597
LYSQLEPL,4335.146788990825
YYVNFNLSG,8086.481651376147
FGGRFRLSG,7034.697247706422
VADDHDVALS,1579.866972477064
LKVHKHG,1486.380733944954
YNYQGFPYKG,5806.027522935779
HSRKEHVRNKH,1202.9816513761468
LQHFGDSG,3188.6926605504586
YDAYGQSPWVG,7452.655963302752
PENRREYWNDVA,3680.894495412844
YSVAKGYNDV,2487.545871559633
YEFNVYASG,5530.252293577982
WKWGPYFYHA,18214.38532110092
KLDLALRNG,2750.1146788990827
NKSYRNDSKVSG,1423.5550458715597
HFPNWNQYHL,13192.426605504586
SNQFHKHLS,2989.353211009174
QNDNWNVPYHL,10914.0
QNSLWNKGWDV,4712.642201834862
SYPYWYG,9604.95871559633
PWWWQRYWNHSG,17507.60091743119
VHFKVQAG,2885.545871559633
FDVFNVQDGKHS,3094.5733944954127
PPEAALSG,826.6376146788991
ASKAAPYWNSG,2275.0091743119265
GEHAGHGKSG,1156.9954128440368
QEHGPNHGNDPN,1206.4724770642201
ALSPSRKFHDS,1667.2018348623853
SNQFDNHDLS,3166.261467889908
NVVVDLS,7518.142201834862
KFPGWQEPHL,4605.270642201835
KNAYLKVAL,5428.339449541284
YSYYAEYWNDVL,16370.949541284404
HYAFSRNHVAG,5209.288990825688
DAQHFRSRPKH,2801.5733944954127
LGKGAQRWNKD,1870.6009174311926
DVFNYLYWKHL,12924.02752293578
DDWHQFEPKL,3756.288990825688
YVYVHRPNVL,13693.362385321101
DNHNWASG,2413.422018348624
NRDFPWNNHDA,4942.619266055046
KVSGGEWHNHA,2322.321100917431
NRPKSGPAREV,1099.9357798165138
GPSEKGKG,521.1880733944954
SYNNNLSG,2119.353211009174
QLQNNHDSRWVA,4135.325688073394
QPKNWHGQFYKA,6138.04128440367
GRQNKEHDLG,1091.0825688073394
NVGNEDQREPS,1099.8073394495414
FFLVLYDLSG,16743.56880733945
YFYWYAHVLG,6158.697247706422
ELASEWPVLS,4028.47247706422
WQLKKHSG,2830.802752293578
NNHRPSQPHVAG,2509.8119266055046
EQVVAGQFRDAS,1854.3211009174313
EHSPPHFWHVSG,4462.756880733945
PEDHDWDVAS,2705.1146788990827
NLNQDFEPKD,1713.2844036697247
REQPKARGYLS,1777.0642201834862
QWGVLFKDFPK,9870.348623853211
PKGYSRLRKH,1742.2431192660551
RARRKQEPDAL,1017.1788990825688
KLAFHGREKH,1791.9816513761468
EEYAGQPEPND,1417.6743119266055
VLLESWDASG,4933.51376146789
ASKVDAQRYAS,1683.3761467889908
KKGNAPVL,1170.5825688073394
WWQQALSG,6299.192660550459
PNLLNLGFWK,12353.798165137614
QQYPVGRYKLS,6697.298165137615
FEQNYWLPKD,5419.922018348624
FNYYRKVLSG,5600.431192660551
RDAVEALFEAG,2971.756880733945
AGGWQELG,2556.6651376146788
ASAKQDAG,764.7889908256881
NANWDAEWDAL,6238.692660550459
DFNEFPNKDVA,1956.5229357798164
WEFPPNALG,9456.477064220184
VLNEWKFDS,3874.454128440367
PHGLKGFRWHDG,6004.779816513761
DLLHDQRPHLSG,3784.2247706422017
FVAGEAENRVA,1928.2385321100917
PWQWVFYHSEVS,28209.110091743118
WRYGFDVWDAL,24011.169724770643
VSHDDGFHDVS,2847.206422018349
ENSGRAHGWHV,4299.98623853211
FRAQDEPQWDV,3380.894495412844
VVSFGWSG,10999.926605504586
NPHNAVAG,1297.3211009174313
SHFNFNHDAL,6385.807339449541
WLVPSQHS,5216.211009174312
PDYGWYKVSG,6531.183486238532
SWVAESYNKHG,3301.798165137615
ALHDGQVRENA,1516.5091743119267
QRKWRPKSKAG,1090.2522935779816
VQQYQVSG,1880.1926605504586
PKNVRLQYNHDA,2789.4633027522937
RHEESQEDVLG,1249.2844036697247
VLKNDPKHDSG,950.9128440366973
NVYYRPKHDVA,4211.316513761468
YARQSREYKDG,2430.935779816514
HFLGWLHAS,11929.238532110092
PWVSWAEDQRN,5507.940366972477
VQDPNGPNA,1030.334862385321
HGKYGRHS,2193.3394495412845
QSQAGWYHVLS,9692.674311926605
VLPDGLYWG,10479.38990825688
SNSPQASG,951.0963302752293
DQFYREAQFHV,10988.091743119267
SPESHLS,1208.3990825688074
YLFHLHDQPYS,10528.105504587156
QYVKVLVGEPKG,6044.1100917431195
WHGRYKFNSQF,10290.669724770642
WHRHRKASRNV,2096.651376146789
KVGFKFDLPKSG,2879.422018348624
PPAELDLG,1146.1009174311926
DHRKGPDG,1199.2431192660551
VGEWSFPEPKA,3091.3073394495414
EDNRAEYWAS,3183.1651376146788
GRFERKSG,1771.091743119266
HLYVPLREWNV,14483.155963302752
LVQNLRSG,3484.9311926605506
QYNEFRKQHDVA,2596.3348623853212
HDWEVLWKL,13355.09633027523
FSENGNLFPYV,12881.0
KHSYSQKHDAHL,1933.6743119266055
FDSGALKDVLQH,2589.743119266055
WWRPHGKG,4010.0183486238534
PQSGWVAHL,6578.036697247707
QEEQFEDYNHVL,2858.064220183486
DRRVYASG,3551.4174311926604
WESYVPDALS,6781.545871559633
DDVYHQNVA,2314.3119266055046
RRNWGWVSG,8913.357798165138
KDWAFEASWNKD,3411.802752293578
EPHAVGNARWLS,5197.761467889908
GFNYLPNSG,4673.454128440367
FQGFVEPYNDG,7562.201834862385
DAGGSQREPKVL,1129.605504587156
RSPNYWAYDAS,6794.568807339449
QWYPWPNVG,13241.022935779816
QYRAPHARYWAS,9613.133027522936
EAHQYKQPYDS,2191.738532110092
WFWDGGQLG,9408.555045871559
GNYGVLSG,3281.137614678899
NGKQEKQYWNDG,1451.2385321100917
NEPKYGFHALG,3280.064220183486
EHKEKDLQVS,733.1559633027523
PWFWVNDDASG,12818.270642201835
NPFHVPSG,2476.3715596330276
QEEVSYFEKHA,2349.8853211009173
QVNVVSRENAG,1463.4357798165138
PRQEHLWG,4097.348623853211
WQKQHGFWHDS,6866.545871559633
DFGDNHG,2311.9862385321103
HRWFHQRENAL,6514.178899082569
YLRFAGRYNVG,8797.366972477064
NQYVPNQYWV,12188.59633027523
PERFRASG,2532.7247706422017
FRLGVFKHNKDS,3334.637614678899
WGAEHAWLG,9276.02752293578
SEDWNPYNKHL,4545.233944954129
WPEQHALSG,2838.197247706422
KRDRNQWKHALG,2047.98623853211
QKNDEHRHAG,1094.5412844036698
KNEWQDSG,1159.2568807339449
WEYARVHSG,6673.0504587155965
DVDARGRKSG,1000.243119266055
FVKYFEALS,6720.6100917431195
LPFLWNKHVAS,5525.848623853211
DEQWHEAG,2041.3073394495414
PWPFQYKDG,7616.04128440367
RGSPSRDG,1409.940366972477
QGKVKVARKVG,954.697247706422
VLPEHSPYKHDG,1939.0963302752293
NKAGSQKHSKH,951.9587155963303
VHASPWFYVLS,28902.24770642202
PNNAHAEYKHV,1807.697247706422
EKADYWQNHVA,1665.8715596330276
DSGWLWDPVAG,6372.243119266055
RHSVVHDVALSG,2904.414678899084
GAPAQFRYDVL,9170.79357798165
QKKRFREYWLG,3474.8669724770643
SEFYLDSG,5332.275229357798
RVRRPAQDASG,1250.4449541284403
NDGPAFPYYKD,5213.275229357798
DSREEGQPWNS,1766.4587155963302
PWLNEPNEYKHD,3517.330275229358
DGVPPALG,1292.6559633027523
VYDGQLELSG,2450.1330275229357
WESSYHDVAL,8460.073394495414
DYRKDEG,967.7752293577981
EAQSQWHGRKSG,1386.380733944954
GRKAGNHAKAG,835.7018348623853
RFFDRDVALG,5617.311926605505
PRYFGFKDALS,6058.376146788991
QLKALDRKAG,1218.9724770642201
EVLQQWNHNKHA,1847.3119266055046
WEDDAEKG,1483.3211009174313
KPNWHSKDV,1110.1422018348624
PQRPSDLLG,1411.0091743119267
AALFHFHSG,7823.197247706422
QFRHNSFSNHD,4450.871559633028
YLSVVLFNDVL,33732.28440366973
VAHWNEKDVLG,2204.032110091743
FVKQSYWNKV,3261.316513761468
DEKKWNVSG,1025.5963302752293
GRSHGWSG,3280.7247706422017
DQWQVRPYKDG,3547.3990825688074
YPADPNKHDA,1229.8761467889908
FPWSEHSPYSRK,7328.9495412844035
VFVQHSPHDLS,4704.339449541284
RKEHSWYSG,3422.6651376146788
VEGEDWVLSG,2731.564220183486
NGKKQRLG,956.3623853211009
VWYVHDVLS,14243.683486238531
NWFSALSG,7532.220183486239
KVNYEKHDVLG,1565.3761467889908
AFQENRDG,1962.2431192660551
NWWKEWHS,6682.146788990825
PGGRPSGHVS,1715.4770642201836
PPPSHDS,1011.5045871559633
VNAYNRDLSG,2709.9311926605506
YGKHYFEWDS,7777.045871559633
DPLPVKSG,993.4174311926605
YNKEKLSHVGDV,1568.6284403669724
WSKSFKVLNH,5145.357798165138
FWHVQYWDSPHN,11770.220183486239
NDKHKVEYKVL,1793.697247706422
APVNKWLS,2319.330275229358
GYGPWEVL,10630.743119266055
HFKSGLWDS,4481.114678899083
RDLHVNEPWNK,2814.3119266055046
AGLWKAYNH,4328.899082568807
DAAFALYNHLS,9187.330275229358
PFFAPYWNDL,26287.591743119265
GQGSQWDVL,3761.2844036697247
RDLEWLNHFYHA,13515.29357798165
KHNWQRDALG,2929.4449541284403
ESGEQFEHLSQF,3705.6926605504586
GVPSHLSG,2111.9036697247707
AFLKVEHALS,5061.917431192661
ENLHGYWQFK,10246.80733944954
PFVDFPVLS,16747.935779816515
NPDDEYHASG,1622.4220183486239
NNKHLHWHDLG,4737.270642201835
EPWLSDRPWREN,7468.192660550459
NHPNNVQFPG,2567.683486238532
HAWNVEWFEDG,9807.98623853211
FNGKSHFWHL,9228.40366972477
DQKRDSFKHDS,965.3807339449542
AKPHSGG,971.2614678899082
PKLSPSVWNDG,1955.8761467889908
DKAFKHYKG,1159.0412844036698
DFVHDWKVAG,3205.3899082568805
PDKYGNAS,1102.6697247706422
LQYEEKHDLSG,1751.1697247706422
GNLEFLSG,4943.238532110092
GWSPRESG,2436.4954128440368
VKHQDQNKHS,858.1788990825688
RNKPDLRYWRKA,2961.3990825688074
LAFEPLNG,4142.697247706422
YLAQEGQNKG,1388.6926605504586
EELKVWVALSG,15554.146788990825
QGNLFKWNHL,7753.577981651376
FPFDAQNAFPWV,24887.325688073393
WSEPHFEQNH,4759.963302752293
PYWFHSEPRPYL,26027.07339449541
RAPGFHAYAG,5150.022935779816
GYHEYQFPN,6143.472477064221
WQSHDRVAL,6364.293577981652
KAWGNLFRHVL,10156.70642201835
DQKPWLWNDSG,3896.894495412844
AYHQQHVG,2169.9770642201834
FWVKQEWLENLS,7522.022935779816
NESSPSG,1024.2614678899083
KHPYDQNEWNAS,2260.9816513761466
ASDDDLG,1105.5825688073394
RYSGRPFGQHD,4186.348623853211
DGRWGFPQEVL,8718.912844036697
FRFGREKEPYH,3811.97247706422
WLYAEQFHS,12385.857798165138
NYWDDLRYNHA,9142.555045871559
PSDRGWHS,3316.52752293578
LPWDWLNHG,10058.866972477064
KDFHAYNLNKDV,2113.105504587156
WGYQRHPHLS,8916.114678899083
DQHRNDLQEKG,1016.5917431192661
KVAHHLFYWKVG,8192.064220183487
LESKFWALS,6176.926605504587
RAAAQELSG,1083.633027522936
GRKEQYVS,1598.8990825688074
DEYWNGAFWAL,21904.105504587154
VNLLKLG,4592.738532110092
SFSEAQAS,1465.6834862385322
YNNNHLYWNDV,9459.160550458715
RPYQWEPPNKH,4197.119266055046
DASGASQGRWH,3283.8669724770643
QPSPDLKGQWG,2244.9633027522937
WHDFLEHAFYN,17704.077981651375
VGHVARWQRDA,5109.9908256880735
HKGVNALSG,1273.7660550458716
QESNLPVQLS,1317.1788990825687
PNNWENSG,2543.4587155963304
VSSHGFVLS,8665.238532110092
DFDRVEWDAS,4503.54128440367
GKGHWVG,2783.912844036697
QSVDVLKHDA,1396.6238532110092
RPPQYQRVSG,2892.1100917431195
QYFRQHGRKG,2674.1009174311926
KVPPSEPYNKDG,1039.0871559633028
ERDAPQRYNG,1812.0871559633028
PDRLDGQYHDAS,2838.0412844036696
WLQKFEWDLSEY,15432.183486238531
QWGAENGFDA,4400.743119266055
QSAWYHLS,9032.362385321101
LWYNAWAS,9818.724770642202
SGAARDASG,1210.4954128440368
HRRKDNSG,999.6146788990826
FFDWWDVL,16541.284403669724
DHGSRHA,1729.1146788990825
WRWNWRKHG,7345.59633027523
FLVDPYG,8759.600917431193
LVAPFDLSG,6600.463302752293
GHRQDLG,2009.6926605504586
FKYNQYNYVALG,9317.977064220184
AEASSGRENDAS,884.8623853211009
QHLKLGFDGYNG,6959.775229357798
PDVYVGRSFEW,16985.316513761467
YPYWNEQFYNLS,19383.43119266055
RFYSDGDLS,5188.357798165138
QQGKSNLSG,1200.926605504587
EPDPKLQEVQNV,1061.105504587156
PANYSFNHAG,3723.733944954128
YPQEFHLSG,3677.0229357798166
KNKNSRDG,844.8348623853211
VLHDNAFWNH,8910.316513761469
AEDKWHDG,1885.926605504587
YSRYDDAWNK,4423.151376146789
PWAYSEAQHVS,5034.151376146789
FGWADLFPWK,13997.779816513761
YRNQLEHG,2779.2798165137615
EHYVLFVQNDL,44815.96788990826
EEDKWDVLS,2025.9128440366972
AGFWVPGNKH,4344.8302752293575
HPGRQDG,1239.0504587155963
GPRVSPSG,1201.3440366972477
PWWYFRWNKDA,11611.862385321101
NAWLWQREYVL,28403.371559633026
FKHRFRKRHLG,2634.0825688073396
PFLEWYLG,24697.58256880734
KEVVPASG,1107.6284403669724
AFADKVALSG,2024.3990825688074
RDDGHSQNKHDV,1407.7935779816514
WLAAHLSG,7750.697247706422
QGDELGNASG,981.7752293577981
SFEDSNPKDAL,1721.7568807339449
QSAWRWG,8189.344036697248
VNVSAQHS,1495.4449541284403
RSQQSGFRYDSG,4509.192660550459
WLVVGPAL,29415.197247706423
HDRWGELPWL,18515.619266055044
YSFKYVREPKL,5126.481651376147
EKVLWDEPARWD,6465.380733944954
WHQLVGEPVL,8485.54128440367
QKNWNGEWKHG,2232.123853211009
DKREPELS,768.1192660550458
PHLNDVLQFPYN,14287.720183486239
GRLDPDG,2099.233944954128
WNYRHAPYKG,5977.766055045871
AGGAVASG,1167.059633027523
FVPYSGSFPYKA,8268.128440366972
YAAQPLQVG,2706.711009174312
ENFLGNDEPDG,1908.0045871559632
PNHPVFYDRPW,17214.82110091743
DPGRDPLG,1264.2385321100917
SEPSDYNKVA,1235.3119266055046
WQFDFSQFRWKV,19211.284403669724
ALNPHANHV,3188.376146788991
KDWYVAQRNHLG,4985.917431192661
WWQSVAG,6925.917431192661
SALSSNKHDV,1328.7660550458716
RNDGPGPQRYWV,8847.61009174312
WQDVQNGELG,2522.6605504587155
YHEPPWVSQRY,15507.591743119267
ENQPNEVFPYS,2673.0229357798166
KSDPENKHVLS,903.1788990825688
VDVPGWDVAS,2975.3669724770643
FNVFQFWHRYH,17112.816513761467
KEAPNQPG,1398.0642201834862
FDPWEHDGHDLS,4243.981651376147
YQYFKGFRDALS,6851.399082568807
DGLGALKSG,1556.51376146789
PNRLVREHAS,2536.8256880733943
NFNHLFGEKG,3130.761467889908
LPHWVDLS,7342.683486238532
EVFSDVQVS,2750.4908256880735
ESRFHLQPWNG,5854.940366972477
FQLQEGLG,2349.256880733945
GRHWWKHDAL,6706.967889908256
RWHYQFHDQRDV,8195.004587155963
FWHWAWNAQWK,12739.95871559633
FFLQSWDVSG,8465.380733944954
EYAQEAKDAQWH,2533.4954128440368
EGHDWNVQVS,2406.2522935779816
HDGQSGFWWKLG,10714.674311926605
AWFKSHAS,3930.6743119266057
DDLPPAG,1321.6605504587155
QESPAHVGFPLS,2593.137614678899
WVSDPLSEYSG,5797.51376146789
VASLHLPNDVS,2437.0550458715597
SFNVDLRKSG,3257.6559633027523
PWQDGFGPKDVG,4000.738532110092
LYWYVEWNKG,8427.605504587156
YLKQYSNKHLG,3376.412844036697
QLEGGNKVS,1487.0
DPSNDAKG,774.7981651376147
KSVQKYKHVL,1436.5091743119267
LQRYAAENHS,2697.0183486238534
SADVVSG,1325.8302752293578
SYHGDFWNKHV,4690.454128440367
WELDENAS,3824.7752293577983
VNYWQFPWH,21718.73394495413
WKWQDEYNHAG,4175.325688073394
PVNLGWGFRAL,17382.65137614679
WEADDVS,4076.8256880733943
PYADKASLSG,1433.6834862385322
GAGLVASG,1765.165137614679
QRWSRPDDFPY,9978.756880733945
YAWYKRKHVAG,3921.4954128440368
HSFWQPYALGRH,13074.944954128441
RNAQPLHAQPW,6261.504587155963
GAGRRDG,1776.9357798165138
QLYQRYLQHSG,5796.793577981652
YLYRPQFNDVG,7020.48623853211
YHQLGESRKD,1551.7431192660551
SFSNGYAG,3467.6284403669724
NHSVSPFPVAS,3592.4266055045873
FYKFVYWNYNDL,12514.90366972477
YRHNAENLG,2569.321100917431
PAAFHLEPDVL,5018.004587155963
PKPGDFEYS,2463.1100917431195
FFPEGFYSG,9062.399082568807
WVRDKARLSG,3527.1651376146788
QLWKRFEYHD,8077.729357798165
LNASFSVAG,5702.793577981652
AVPYYDSG,5034.215596330275
QDHHVQLG,2092.0963302752293
WYYVFLSG,13524.88990825688
ALVVWKAL,17330.949541284404
VDVWFWDLG,20749.123853211007
HVAKQRPEVLS,1600.9174311926606
WNGYFRYVNDS,13430.362385321101
FRPPSGQSYKDG,1819.1238532110092
YKEPAGPDSFD,2130.435779816514
NFENLHLYHLG,13675.522935779816
ELDRRHDLSG,2005.5504587155963
LGNDQALRYAS,4537.339449541284
SRWWWVLS,22012.23394495413
GHARGNAG,1611.5825688073394
NHKPRYDSG,1776.9587155963302
DRDDDLSG,1089.880733944954
VEAYLNLSG,5662.206422018348
HEHQVEWVL,7964.522935779816
RGRVNHAEYDS,2582.7155963302753
VFHSYAEHG,3840.091743119266
YFEYQVKLS,9264.802752293577
DQHLSYNSKDLS,1831.8165137614678
RPSESRNAHVAL,3327.045871559633
RLWQVREYNLS,12443.701834862386
PYVQQFYANHSG,9395.261467889908
HAFYPQFWVAG,18894.036697247706
LHFYDAVL,11500.908256880733
SYKPNEKS,899.2385321100918
RGGFVESG,2626.105504587156
RGPLQPKNKVL,1331.7477064220184
PEWPHEPYKS,3639.435779816514
AQRQLPWNHA,3811.362385321101
WNYFQDLSG,7423.747706422018
DNPHQRWAL,5725.211009174312
FLRSVFWKHDSG,5431.44495412844
HDHLVQKHVLS,2887.743119266055
VRPQKSFRYHD,3330.261467889908
YEAFVSQKAG,2675.8715596330276
YWQQAFPYKHAG,5835.178899082569
SKYHQENDVS,1041.4495412844037
SVEDKAG,627.7018348623853
EEHLNQKHVAG,1163.7522935779816
HDPKVPRYNDG,1745.532110091743
FVEGPHVSFYWG,22211.550458715596
REVASNWDGENH,2621.591743119266
FLQRHEKDFEHD,2002.7064220183486
YKHHYWKGRPK,1793.8256880733945
VFANEHALG,2828.2522935779816
PGGLWLSG,6492.688073394495
NKLNQEDDVAG,897.5733944954128
RDKPLNDS,920.4862385321101
KNHDKLYNALG,1572.197247706422
NYKDRGRDAG,1508.105504587156
WFPADSEPWLS,8404.091743119267
HENAHDSNS,1146.3165137614678
SLQPWVKS,3756.711009174312
DLFNSGKRENVA,1272.6559633027523
DYEPAEPG,1073.6376146788991
HQSWQFVSG,6659.087155963302
WLGDARDVRNLS,4719.279816513761
VAHQDGALS,1188.0
ADQVARVALS,2011.4357798165138
QYDKNDAFDL,2672.151376146789
PHFFGQPWKHG,6882.802752293578
YREEAGFEYD,5756.587155963302
EVVQPNWNG,2320.201834862385
NQVKRSG,1041.0091743119267
SWEVDVAG,3004.587155963303
EEVNVQLSG,1419.1880733944954
VGRYEPHAEHDS,1801.573394495413
PFDKDEDVAL,1543.2660550458716
FKEYFKEPWH,5645.0504587155965
WKANAPSREKG,1339.1009174311926
EDRRYNLSYVL,11342.660550458715
SVSWLKSG,3354.5688073394494
YVAHLNKHAYNK,2993.9587155963304
FEEDYNVHLS,4530.848623853211
RYQNAENHVKV,1832.1467889908256
DRKDKFPWNSG,1598.8990825688074
RDPHLSWELS,5584.045871559633
YRQLSWG,7365.532110091744
YVSHGYVEYWA,18553.197247706423
NNKHGLEDSG,1128.0779816513761
VARHQRKNHVL,2390.545871559633
HPHVYWWNKAG,6768.972477064221
YSRQNGFRVL,9730.201834862386
RLYDFHLGEYWN,14673.412844036697
ENNFWNSGNA,2500.7844036697247
FDNLSDVFRN,5030.252293577982
VNYKQWVG,3771.5504587155965
AFQQYWDVALG,9558.399082568807
PEWQWFYWKVG,17799.711009174312
YQSVSPDAS,1692.8256880733945
LYEHNVAS,2317.0825688073396
FHKYVFEWH,11778.848623853211
VKDYGRWSG,3201.7522935779816
WWVKRKLG,4749.756880733945
PWVFPLWSQEW,22455.509174311926
ELSPELEPHA,1324.2706422018348
EAHLQVRNKDL,1479.3715596330276
LELQYPNDVSG,2960.178899082569
WVAEFNREYHS,11421.51376146789
SGGWLWLG,16151.697247706423
GAEHWDSG,2354.9908256880735
GRENNVWVLG,8508.752293577982
FNQAKLGPYDG,3791.770642201835
SGKPWFPNKDG,2676.701834862385
WKQVGKRPNS,1592.2798165137615
WWAEWGNHDL,12934.146788990825
GQVWRYKSG,4753.261467889908
FNSWNRWDFK,10291.577981651377
WRQAFWKG,7868.151376146789
KWVSRDPKALG,2168.605504587156
HQAAVSG,1332.380733944954
HAKSNLPLS,1533.0366972477063
GRHKSRDG,1099.3532110091744
EFARKYWNDS,3399.302752293578
FELDWHDVKHA,4326.01376146789
WHGKKWHDLS,3587.9495412844035
AEQSVAG,958.3899082568807
FADQDFYWKH,6963.4908256880735
GDRKGWG,2330.0412844036696
AALHEHLG,2284.935779816514
WQGYSQLG,7288.261467889908
AHLYWHKALS,6233.293577981652
SKFVRSG,2616.701834862385
RFDWSWAL,16663.045871559632
DSGRPLWFENKS,3719.7844036697247
YKNYYWSG,6219.454128440367
LNFKSPSG,2220.802752293578
QPFLLPYNKVA,11770.45871559633
FQPDGVRPYDVS,4502.348623853211
DSQRRWHGQNHL,4856.779816513761
ARVWVFWALSG,26553.70642201835
FDFWWKVAFD,16630.42660550459
RDEQQYSG,2134.701834862385
SWAGVEPDASG,2012.9954128440368
YGLNLHAS,4771.334862385321
LWHGNQEPYWLS,17237.096330275228
FAKYWVRNKLG,5352.293577981652
GVQWNKYSG,3770.5183486238534
KAFQHDFYHVAL,10702.944954128441
GWHLWLEKHDG,7294.293577981652
RGLAWNVLSG,5959.935779816514
KPVEHAEG,786.697247706422
NRGSWDLSG,3932.435779816514
KLGYWQLQFE,14715.467889908257
HNGQGYAG,2050.5963302752293
NHQYEKHLWLG,7204.357798165138
HSRGVLQPWG,7581.623853211009
APEDWKLSG,1330.967889908257
NEKAASQYKDG,1095.0825688073394
YEFPKRNVAG,3008.2477064220184
DHDYWRYAG,7983.045871559633
NQDLLSYHDS,3731.7844036697247
WVSPQEWLVLG,16336.275229357798
PVDGWHHDV,4899.261467889908
GRKYYNHDVA,2496.9954128440368
YDPENAYNDG,2545.5091743119265
KYGYPHLS,4545.600917431193
WEQNDFVG,6985.637614678899
GKEDYWDALG,2511.7844036697247
YQHNGKLG,2159.738532110092
NPVGGPHDVS,1698.8761467889908
SNLHGLG,2994.0091743119265
SWLYHFPYHVS,14115.211009174312
RYVEGEWQDLSG,5562.261467889908
LNVFKYALS,9851.697247706423
NPWKPDGDVAL,2355.545871559633
FLHHYDVSG,4940.091743119266
GLFHPALG,7630.766055045871
KLEDYWGFHVG,8685.091743119267
LSSFPFNSG,5774.729357798165
LVLEGYHG,6762.059633027523
AYNEVSQALSG,2147.678899082569
KVYWNFGFPS,15917.160550458715
PEPLRSNHL,2858.1100917431195
DGYQNAFYWND,13424.58256880734
LGSPAFPG,3338.967889908257
HLGAFDVASYHL,14967.454128440368
ASSRDSNKHS,1031.6100917431193
SHKHSNLSG,1415.8853211009175
DQSQDAEAL,937.4633027522935
EPDLRHNDQFED,2233.1880733944954
QKKHHVYHAG,2083.9862385321103
QHAVEWNGWLG,8810.62385321101
EFRVFYQRKD,12918.866972477064
WQHSSKVG,2702.435779816514
KNGQELSKSG,785.1100917431193
NFAVQPDLSG,3263.605504587156
RNDARPYGPDA,2373.7522935779816
LKNAKVSG,1099.9724770642201
WGHGDPVALG,4405.238532110092
FQFQSYWHAS,11799.58256880734
VSKKGWALS,2354.119266055046
SQQEVQWVA,2467.1605504587155
FDEQQRYWNH,7537.4495412844035
RASDWNSGYV,6170.582568807339
WNDHHDGYLS,9341.422018348623
YDSLQFVEPHL,11663.949541284404
LVAFLFSG,31560.697247706423
YEYAWFEKG,5761.688073394495
KWNDHQKHAG,1443.3256880733945
LRQSRKHDVS,1761.1376146788991
FDRQGEWKHSG,2253.9495412844035
VPSFVWHLG,11233.963302752294
AQPHSGVSFPH,2885.788990825688
SYEDGRLSG,2274.9311926605506
YRWLNARNHDA,5489.128440366972
PKGDEWKSFN,1766.3853211009175
DSFWHFHQFYD,21990.816513761467
DGDLQAKASG,1059.408256880734
QAKAHAFNDVA,1495.7155963302753
HGRADVWNHD,3742.0045871559632
WVLGKSPAPNK,2710.912844036697
WWYKNKHDVL,6418.954128440367
DQVNLFKDA,1983.2798165137615
GPRKKALS,821.2660550458716
QHKNSKALG,942.0045871559633
FAAVKHG,2208.6743119266057
NHKDHFNKVS,1377.1284403669724
PQKQFDFDVALS,5405.004587155963
WGWQALGQFYKA,15122.504587155963
YWSWQNAQFRNV,10719.573394495414
KWDNSHDSG,1706.633027522936
LGRDKHGRENHS,1559.1238532110092
AQKDQPFWVL,10598.922018348623
YFYRGKSG,3347.8715596330276
QPSLDVGWNDL,5685.302752293578
HFPVHAWNHG,5034.692660550459
SEWFYGEPVALS,12134.880733944954
GESPEKAS,758.7385321100918
PSHGQRAWVG,4447.114678899083
HHLQGPHG,2402.802752293578
SGQFVPAEYKA,2377.2798165137615
NDVGWYNVQAG,5755.95871559633
DFQYEPASG,2572.894495412844
DGEDHYWNKD,2156.261467889908
FDKYAYWNHDAL,6932.440366972477
SGRYVPWSYHD,16214.247706422018
VLRKHEPGYWL,10096.348623853211
NWLQHSVSG,4372.504587155963
PWVERFRKHG,6589.646788990825
YKHNNDVRYKA,2317.853211009174
WQWRYKLPYNDG,12011.467889908257
VWGEWFHG,14905.738532110092
WLWFDVRPWG,27063.389908256882
SKPDYDALS,1594.366972477064
HWRWPVSG,10327.018348623853
QPQGSQYWDV,5254.688073394495
QDHSLPLG,2035.4587155963302
GHRDFYWHVL,15436.444954128441
EYVPKGNKFHL,2438.743119266055
ENDVEPVSGYNV,2075.408256880734
VGARSQNALG,1851.8165137614678
HSKYYWLG,7394.371559633028
LPFNDNKHVLG,3490.119266055046
GHKGPLS,1517.7706422018348
QEVWSKREYNKH,2268.0825688073396
HDKAPRYWSG,3940.9770642201834
ASHVQLQNS,1703.1559633027523
SHGVGASG,1452.5550458715597
LNLVNLG,5664.766055045871
WGFDHVANVL,13071.62385321101
ENFHPYSQRYS,8995.866972477064
NRPLGNLSPYWK,8180.90366972477
EFGEPVPKVG,1321.0229357798164
DFHPSQNAS,1771.9220183486239
YGHNGKAS,1479.2798165137615
KQGRWVREP,2476.321100917431
KYNVAAFYWNL,17465.784403669724
PFGNKYSG,3658.912844036697
KGYLKHVLLG,6002.8302752293575
FKKQFDRAG,1823.7706422018348
AALEDAWNHD,2594.738532110092
WEKQHFDALS,5089.90366972477
LRGNWNALS,5183.032110091744
YWKRFHVSGYWS,13069.371559633028
FGPYKLFLQWNG,16998.032110091743
PFPGKDQFEPW,5761.568807339449
QPAFQFYKHDAP,6464.807339449541
KKHFESRYWVG,4827.871559633028
YYPFDAG,6666.688073394495
NYSVYASG,4605.665137614679
EHFPFNHPKA,2417.0
HPKSPKYDVS,958.1100917431193
EYQNDDQRNAG,1391.3990825688074
KHVANLFEWSS,7374.811926605505
HWPDPDG,3188.9449541284403
REVRSFPSNAS,2263.3899082568805
LEEYLYG,8885.37614678899
HFWSRVEHS,6513.733944954129
QPAYYWYNLS,14655.52752293578
EYKWNFWHPVA,9575.261467889908
KRPKQNAFWNDV,2283.5963302752293
QNELYDEYNG,4178.211009174312
QYWRGFWFKVA,16942.98623853211
NSFHDRAFRPN,4896.339449541284
WAFFLEPYWVS,34076.366972477066
KPYKVRDPWHL,5166.963302752293
EAPHHDGEKVA,1010.3348623853211
GYWSQGWHSG,8922.178899082568
APDNRKVLG,1465.01376146789
EWPSYWVQPYS,18602.036697247706
ALQSGQDQRHL,2150.3440366972477
ARVKDWSG,2298.0963302752293
HGAKQYNHD,1862.880733944954
DFLFQFASG,27527.729357798165
QLFWLGNVASNV,9874.43119266055
WEHENRYNHS,4752.435779816514
HSQRDYDLYAG,5119.05504587156
PDVHGRVRYH,5825.729357798165
RFQRVNSG,3209.5091743119265
PVRKGELEYV,2146.8899082568805
VFVNRNAG,4018.4862385321103
WSPLPNGWHG,8212.06880733945
ARHHGNDLS,1794.4128440366972
WHYKKHAGWL,7784.4908256880735
KDYFWVPDLG,6876.123853211009
HEPKEHKHDL,860.7339449541284
YANPGENSG,1479.532110091743
NHPDAKGQYVA,1380.2752293577983
HQVWDQAG,2903.4633027522937
DQLSQQNDSG,954.545871559633
GEGNHWDVALG,4505.233944954129
LWWHFALG,15925.09633027523
LFPFRAQPKHL,5999.266055045871
RPYPRWKHWD,10524.87614678899
SGVVLRLG,21921.784403669724
LNVRSPNSG,2278.9862385321103
WAGGRYVWNKDV,6719.087155963302
YRKLRHGVSG,2713.123853211009
FKFEHLEPNRNK,2583.9633027522937
QRFDEDAGRKDA,1302.619266055046
QQWSRLENS,2882.0733944954127
YSEPQFKSQPG,1944.6422018348624
WSYNDYAWKS,6655.747706422018
KVSNWDVSEVAG,1871.802752293578
KQGHYNSG,1623.3853211009175
WSVFVQPWN,22803.94495412844
GLWDGHDAS,4047.6605504587155
DENPQWAS,2230.5963302752293
ERARLFKG,2592.7522935779816
KYNDLSDFHD,2794.5688073394494
GKDVYPDVAG,1189.4128440366972
NVPLHDQWDS,3449.935779816514
NFDWPWSG,11184.54128440367
QFDFHVHAEPKH,2777.7522935779816
HPHNYLG,3411.9633027522937
PWRKVQGFYNV,11928.018348623853
NYPFNDSG,3287.3715596330276
FFWSFVAEKV,12179.330275229358
KHFWDVGRVFVS,22058.58256880734
RAHQKVFKDV,1515.467889908257
YSSHKHDVASG,1502.0183486238532
YVAYSQELRKH,3880.0045871559632
VYQPNYSG,3854.848623853211
WYDGRFRPHAL,10782.467889908257
AENAYSFPS,3557.5
QNPPYWKRHD,3671.9495412844035
RRPAAEWKAS,1218.8165137614678
GVGHADLG,1520.8715596330276
NQLQDSPYWH,7002.564220183486
AYLFPAEPKDLG,2990.3119266055046
LNHVYRHS,5434.532110091744
KEESQRPNVLS,952.1422018348624
PDYKHLDLYNHV,4257.633027522936
PPVRVRVG,3240.577981651376
RVPYDGKAHDAS,1254.8715596330276
EEDVEALPKL,880.1697247706422
RLRVVLRNHDG,7157.032110091744
WKDWYNDSGKAL,3632.9908256880735
PQANLSKAS,1032.0688073394494
GVFWHQHVS,6314.628440366972
FHYAHDQRPHVS,3900.059633027523
EYYENDLSVAL,7325.0091743119265
VRKLDQNHDL,1813.4633027522937
KGRQHSEYNDLG,1690.908256880734
VHYAGLG,3071.4862385321103
YKALGKPYHYS,5025.119266055046
PKGWFEPYVWKH,9768.247706422018
GQGAASG,943.2385321100918
VHNSQASG,1040.9770642201836
QQEFNQREPYW,10490.779816513761
KYGRLKDALS,1958.2018348623853
NVPHHDSRYHD,3763.8853211009173
DAGFFYKWNDV,9393.40366972477
WVVYEVLG,31214.981651376147
WNEAGRERNHLG,3950.5412844036696
FNRLPSPYNKD,4109.261467889908
FSSRREAL,2555.743119266055
FWYNRWSFPA,10776.40366972477
ALKDEFWHLG,3888.119266055046
RFKEAWKHDVS,1999.8440366972477
LALPVELG,4294.435779816514
NVRKQVSENS,1014.3073394495412
FLLPDVPWKS,7091.119266055046
GQNKAGVLDLG,1465.3623853211009
QPFSEPHYKHA,3372.2477064220184
QQGNSPDLSG,1029.6422018348624
ELKFQYHDALSG,3711.119266055046
WGNFAGNHDV,5221.426605504587
SFDHPVSG,2554.261467889908
YDHVEKFKL,2680.2844036697247
NSAKHKVS,981.1605504587156
WYWRYSFPYS,9237.220183486239
KLHSEWRPLS,4306.5504587155965
YHNEEPWNHVLS,4890.871559633028
GDEDQFEHG,1482.1697247706422
AEDERVSG,1023.2247706422019
NADQWAPWNDV,5160.229357798165
RYDQARYDSRP,4049.059633027523
GHKVVSG,1342.5183486238532
HWSWDQNLSG,6038.98623853211
HHLNKRKDG,1168.9357798165138
PWRQFEPGQDV,3443.4633027522937
QRQHDSLHDVA,1565.6697247706422
KWGLGEVS,2355.793577981651
YSQRGPWHQEYH,8285.70642201835
NQDALAPWHVA,4784.5504587155965
WQRVYGEYNKD,6279.637614678899
AGHLFPKQWL,10610.51376146789
PRRFDALSG,3745.0688073394494
LESFAKALG,4012.821100917431
RHRLYAGVL,8375.678899082568
QESWQYKSFWHG,9149.155963302752
FQKQRAPYS,3704.9174311926604
VLDNGPSG,1649.6788990825687
AKVRRDVALG,1581.8302752293578
FLWSLSQEPVL,8894.688073394496
LHFKAVG,3180.243119266055
YLHWSGWG,11978.045871559632
NYAQAQASG,1473.0183486238532
DELNDYSG,2396.5825688073396
WLPEFRWNHDL,13550.862385321101
WNLFAGFNARWS,16672.844036697246
WNWWNDSPNVSG,6993.518348623853
AVALVYAL,33516.247706422015
KSFSLQFWNA,10984.54128440367
FRVRPAQNVFWL,22159.0
VRDFDKHL,2640.0091743119265
DENQWQWKHV,4180.422018348624
SGYKRRWDLG,4984.784403669725
SGNFKQREWKVA,2428.7844036697247
RHGVPGQFENSG,2145.408256880734
FVHNPWHDVL,11954.701834862386
KHWDKHPYWH,8437.201834862386
GYKLKGFRNDV,3288.5688073394494
GEWGKLSQRPWK,4820.137614678899
PHRRPYSASG,3321.0688073394494
VFEDVRGWNKVA,4310.600917431193
AYWNKKAPYSG,3256.908256880734
QNYLLREPWHD,13241.454128440368
RYNDFKSHPHLS,3942.908256880734
PNEWHDGKAEHS,1463.2935779816514
LDEDSYLS,2590.743119266055
DRWDQFHRNKAL,5421.339449541284
QGYEGWKVAS,2502.408256880734
PSEADRPKVG,1035.8256880733945
LNEHGYASG,2589.087155963303
ELRLVRYWHSG,16853.064220183485
NKSYLHVSQYL,9220.733944954129
NSHKRWVG,3063.8990825688074
VLSWLHAEPAG,4936.655963302752
SPSPAYKSG,1060.3715596330276
LFGNSYVS,5000.908256880734
GPQFGDVL,3065.151376146789
GKGRPKSDASG,869.8440366972477
NEAPYQFEG,3727.7155963302753
RWEFHSFWDVS,18754.123853211007
SGYRPPWLG,12860.463302752294
RPWEWKVDGQH,6188.642201834862
SSRYAWHDLS,6850.463302752293
NFNQSREPWVL,11210.775229357798
LEWQPAFPHSG,7623.068807339449
EGGPRESG,876.5642201834862
QHLREPYGEPVS,3255.52752293578
KRLRVNAG,1597.6743119266055
EVWWLSEYKDL,12862.128440366972
SGDHSHASG,1379.591743119266
DAAPQHSG,1140.9449541284403
LKAWWVG,9670.775229357798
VSRPRVFEALS,4469.674311926606
GHENWALSG,3166.922018348624
RPNAEDAWAGEW,5531.577981651376
YRNGSPNKDVA,1742.2477064220184
FYGPGRWGEYW,17808.770642201835
DLAVGRASG,1921.8302752293578
AFWFHNHAL,14687.12385321101
FEYNDKAGKRWH,3625.1330275229357
YFWVNKSGWNHL,10833.252293577982
SYAGYWRWKAS,6988.9495412844035
ADKLQFEYHA,3239.6330275229357
KKEAFKHVSG,954.4174311926605
NKVFVQYPNKL,8673.362385321101
KDHGWHWNA,5232.9908256880735
QVDWGQDS,2353.5
YLSPQWVPYWV,27882.743119266055
LRWSALQREAG,3714.5688073394494
LGHAWLNVLG,12165.866972477064
RDPSPWHVEKV,2419.9954128440368
EPRRPNLNDVG,1726.7568807339449
RKKHENAGQLG,1085.7844036697247
PNHFHLHVLPND,8894.334862385322
PHFNKQWDFEKV,3973.3440366972477
SQEFLGQFALS,13966.784403669724
HFRLHPNKDVL,4426.756880733945
LRPDFYGPYSG,10683.70642201835
AYHSVEYNDL,5557.339449541284
KLVSQDRHS,1624.6422018348624
WRNYKGYWHL,12099.58256880734
DVWNGGNKHAS,1741.7201834862385
KYYHQKHVALSG,2811.733944954128
RLHKHAPYDV,3679.821100917431
VKRPGNAG,1430.2522935779816
KVPFEHAWNKDV,2010.302752293578
RWASPHVEPKGQ,1846.834862385321
DSNGESGWLS,2520.064220183486
HYQRKAKALG,1767.98623853211
PQWALSEFWAS,15675.747706422018
WGHAEARVG,3123.6880733944954
WAYDRPQNKAL,4209.527522935779
RSQHEALDAG,1376.9357798165138
QDWRYANHDG,5290.233944954129
SERDFNG,2396.5412844036696
WYDVAQLGEWG,11137.284403669724
LEDPFEKHVAG,2114.201834862385
QAPKWDQRYH,3811.3256880733943
VYASYWLWDAS,17042.155963302754
RYVLKAKFRVL,12939.98623853211
RNRQPYPDG,3578.8394495412845
DQVHSDAG,1093.866972477064
SFHVVAPVA,6305.412844036698
KEQEVQYG,1331.6559633027523
NELFYVHLG,21410.16513761468
AEFLGRLS,6585.077981651376
YRKSDSFKAS,1669.5550458715597
LPKEKGFRNK,1032.8256880733945
VNGNFWKDALG,3571.637614678899
VVGHPDVLSG,2408.954128440367
AADLPHDVA,1331.5275229357799
KQVVEYSG,1743.2201834862385
NRRVDLS,3062.2798165137615
PVSVGWLQNVA,6528.4908256880735
QAKHSQPVYAL,3951.733944954128
EPEPWLFQNHV,8455.06880733945
FYNARFEYSWD,19417.784403669724
RPPRNKWKHDL,2416.935779816514
YLWNPNHAFH,10918.738532110092
YGWDKHRYH,6673.697247706422
QQKLHSEDVG,1056.9036697247707
PFYNWDGWALS,22403.183486238533
RQVPVRELSG,1776.467889908257
PGYPPNHDVL,4008.3073394495414
SDYKANVLS,1540.334862385321
VYSVNHAL,4942.431192660551
KLEAGPGYNVL,4977.587155963302
KKREWRVA,1444.8440366972477
NFHNYHSG,4659.495412844037
YHAYDWDQKHLS,5832.366972477064
YEKPGPDG,1634.2155963302753
VRDFRPVPH,3607.954128440367
LRAYWLYG,16853.79357798165
ALNVYDPHDLS,5644.1100917431195
LFDQDSDLG,2512.4816513761466
WEWSQSEDS,3059.6422018348626
LFFDNKHVL,6686.637614678899
GPYQKRYWNHL,7426.431192660551
LSQVRWGPDALG,6337.600917431193
AALRRPAS,2408.206422018349
NVNYGWKSG,3711.853211009174
WHARDVQNVPKH,2459.880733944954
RNVAYKEDSRD,1569.6559633027523
NKKHYGWNVS,3273.701834862385
KLARFNDS,2460.761467889908
LWVQQRVSG,5888.577981651376
QEFQWNDEVL,3403.4311926605506
AAEVQFPYKHV,3434.8394495412845
NEYVNSPYKHVL,7649.385321100917
RVPRSFEKL,2470.669724770642
VWAHWDALG,10355.20642201835
KSWNGLQFYKD,6894.908256880734
NHEPQEDLWKL,2286.738532110092
FKPVHAYNSG,2152.922018348624
HSNVLDEYWKAG,3254.045871559633
HNRRYVG,4268.536697247707
EQPHGRRNHSG,1620.2935779816514
FLPGFQEAS,3135.9908256880735
DVWYQFPWND,23998.376146788993
GEYPSGNLG,2915.8348623853212
PVPVAPSEPY,1834.0963302752293
ENFWDAHSNDS,2959.922018348624
WAYRPSDASG,3799.862385321101
HPQRYFKHDS,2987.270642201835
PHFWGPDQDAL,7215.036697247707
KVLDVSFDGWG,10444.09633027523
WEYKNLGKVG,3726.1880733944954
QLNYQWSG,6099.779816513761
EYAFDVWVQFD,52318.27064220184
KVSEFHDQKHG,2105.9036697247707
DLYREKYKHL,3024.788990825688
SWWHRHSG,6286.091743119266
FREFEFKVGFHG,13214.018348623853
EFRHWVFYSG,23067.6376146789
YHFQYNSPWAL,15674.949541284404
EFVPLEHG,2624.8899082568805
REPVFNAQLPWN,7341.802752293578
VHRSALS,2463.9449541284403
FQASYVSKASG,4082.6559633027523
HQSNYKLSG,2368.6330275229357
NLQQQYASG,2564.3853211009173
HLGEWQLFYN,17427.045871559632
AFDKLNHDG,1946.8440366972477
NLDNHFWKHAG,4375.399082568807
PADDLRKAG,1227.0504587155963
WSNPPDASG,2236.091743119266
NLNFGFYKHAL,11154.055045871559
YWWGWHSFNH,14612.073394495414
QYEESRNSG,1692.467889908257
GKVGGYDVLSG,2572.743119266055
RYLYVFHGRALG,19967.02752293578
HYKVASYSRKAL,4471.059633027523
PKQPWDYVGHD,3993.97247706422
ASLPVSEYKDV,1518.5688073394494
AERWRWSG,6660.848623853211
LDAPVDVALS,2908.564220183486
VFKVWALWNVAS,14681.990825688074
WDGNFKLSKLSG,6379.087155963302
RWYSVWHLSG,14077.770642201835
VQDYHEHDVAG,1811.9036697247707
HVFSAFRPYHA,11432.756880733945
DNHQDYNHSG,1813.2614678899083
RKAPNDVKSRG,771.4174311926605
RGDEYVEPNVL,2334.087155963303
SVAQWQDG,3208.646788990826
RLQLSYASKA,5926.729357798165
NGWNYDSGFLSG,10104.848623853211
PHFASQGPLG,3356.0091743119265
EQKEQPVLG,724.1100917431193
WFNEVGRNKA,3414.059633027523
VWLAEHLG,7469.316513761468
LQSDVWLSG,4535.3899082568805
ANAHELSG,1132.0229357798164
RWWRDGREHVS,5812.165137614679
HWPDGPLSG,4311.880733944954
HDEKFWKSEKVA,1359.5183486238532
RVVYQFHLG,20644.98623853211
NKLVWKAGEDG,1609.1834862385322
YQELDQPWHVL,13100.279816513761
DNHQVRKHDA,1192.4816513761468
PQNNVFRENDV,1840.8256880733945
HSDNQKVAL,1266.4174311926606
YLLDNKG,2060.0825688073396
GEERELSG,819.3211009174312
GNRLFNAG,3447.738532110092
RFESEYLPYVL,16381.435779816513
EWVADAGPPWD,7746.619266055046
PPEWVFNKDVL,3740.830275229358
KALSRQYKANH,2002.8256880733945
YNHLVQNFEDAS,3499.045871559633
VYHFVRPYWHG,15822.600917431193
GYKPDRYKDL,2466.211009174312
WVWNELFRYWNS,17459.15137614679
YNGKDREGEG,902.2064220183486
RSNGVLVG,2544.9036697247707
YDRPLDAGYG,3487.5229357798166
EVRVKLSKAL,3337.467889908257
NSHQYAQEKVL,1712.848623853211
NKHHSHDWALS,3161.8990825688074
AASQGWASG,1765.3990825688074
LQDSPLKHVAL,2324.0688073394494
GPKKDHDSG,631.045871559633
YYEFVASG,7517.252293577982
GLWLSFG,19073.876146788993
FAYNAASHAG,2293.2752293577983
YALAHLQYWNG,9310.422018348623
HPPWKPLG,2644.5183486238534
HAGRPLQRPDVA,1429.866972477064
PGAPLSHDA,1485.2293577981652
AKGEEKDASG,531.8807339449542
ELKEVSNDLG,888.0229357798165
FYDEYLHDSRWA,8459.977064220184
HVLHGYRKDLS,4131.582568807339
APGEFPAG,1199.091743119266
SQDDGPLSG,1427.7477064220184
FAKLKHYNHS,2722.922018348624
HFNSYNLPDVAS,3623.7247706422017
REAWDLESYHS,4556.577981651376
VPNEDPKHLS,973.7981651376147
KNLFYFYWS,15193.059633027522
ERYKQLFWG,6509.802752293578
VFFWSKSG,5977.683486238532
PWSKKDENKHAS,1212.651376146789
QQWPPHVLG,5520.192660550459
PPRSGWG,2913.0091743119265
HQHGSQNKHLG,1518.1605504587155
DRLQFHQHS,3177.3577981651374
WHPHHDASVSG,2485.6559633027523
HSHNGEKG,927.394495412844
NSGQLRQFNH,4193.435779816514
VAEFYHFYG,12257.087155963303
HDAHPWNKQHDA,1986.0366972477063
GSFWAKLG,5598.738532110092
EQSDVKASG,682.4082568807339
YNYHSYAYND,5346.899082568807
ASFGEANALS,1831.1559633027523
FWVDAHEWHA,9429.651376146789
SLKHFRPYNDG,3863.738532110092
RHVWDQFLRNK,6139.036697247707
KRVGLPVLSG,2528.2247706422017
NYPYREWHVA,10139.220183486239
KQNNSWDA,1757.532110091743
VFHFHLWHAS,12197.288990825688
LRQVNDVLSG,2535.1146788990827
RQVWHFWNKAL,9612.678899082568
WDVSLQPYLSGY,18928.522935779816
RDGWGQDLGVA,3895.4174311926604
KKVKNHLSG,754.6788990825688
NVHRDAYHLG,4882.004587155963
EDLFPRNWNG,4240.188073394495
VLARVLFHDAL,20349.839449541283
DQRDRDSEPWNS,2198.045871559633
PPYSQSQPNK,1325.8073394495414
PGNKFYSFRYVL,22105.683486238533
EDKRSYWKAG,1804.7201834862385
RKDRQFRYQRY,4454.642201834862
FNKPFHLSYG,8446.371559633028
QFWQSPHFNVLG,14838.871559633028
RPWAGGWSPWKD,13270.866972477064
NRLQAYAG,3444.2247706422017
SGRQNLPNHDV,2141.697247706422
WRQAPKDLS,2933.830275229358
FPWELQSQFKL,20392.619266055044
VYFVAEVG,23390.518348623853
FQVGEVFPKA,2903.5137614678897
APHLGLDLG,2912.3394495412845
WNAKKHSKHDG,1354.6238532110092
NPPNVKSG,892.0733944954128
QHYHKQFYKLS,5294.435779816514
ELSNAYNQFPS,3892.2155963302753
NQKAWLWKAL,7194.04128440367
HELYAWVG,10845.811926605504
LNKNNVSG,1576.4128440366972
NFSPQVLS,3461.1605504587155
RRDDARALSG,1788.380733944954
LQHNVFDVS,4795.4908256880735
PVFLGESPKLG,4507.334862385321
ARRPKYSG,1540.7981651376147
VYRNSRDLSG,3249.7201834862385
SHALLEDLS,2752.146788990826
FHNSYVPHVG,5126.243119266055
EFWYDREYHAS,10476.188073394496
RSSHYSG,3080.8577981651374
VHPKWLS,5107.472477064221
LHHLVALSG,6587.752293577982
VWLHLHASG,9399.385321100917
KGHWKGWNKA,1557.834862385321
HYFFRSG,7640.51376146789
EWVRDAGFHSFP,14875.311926605504
EALVYKDPWNKL,4356.59633027523
HSEEKLKDA,677.802752293578
QHRYNVDLEDS,2196.5963302752293
YHGNNKDAEDVG,1247.334862385321
YKYVAFFWASG,22310.564220183485
DQKGNDEWVL,2333.4633027522937
GDKHGVG,1084.6146788990825
SQWGSHVA,3463.0229357798166
AVHDKAG,1028.6422018348624
PNAWKSFFWLG,17508.839449541283
DWELEHG,2972.6926605504586
EDVEYKDELGPY,2456.146788990826
GRRDDVG,1433.6788990825687
KLAEFPAG,1421.8440366972477
QFAYPNHEPYNA,5383.366972477064
GHVWKRWHD,7168.775229357798
HERVQFG,5496.114678899083
FEVGRYRDLPWL,19961.70642201835
AKGRARHSG,1260.5825688073394
EVNSQKSPDVL,861.9633027522935
FPEDREQWKG,2681.5091743119265
FWKEYQARWNAL,9632.211009174312
FASGKSQDVWKD,1920.454128440367
PSRAHDQFKG,2088.5688073394494
APWNPVRASG,3074.8073394495414
VQDSEHVLWDG,4561.912844036698
FHDHQPGQFWDV,11536.98623853211
KYLQDGWVG,5394.4908256880735
VSVEHLWKVS,3704.6284403669724
WKRRLFREPWH,9931.655963302752
WRAFWGPNVL,20750.0871559633
PWRLENDVHDA,4891.270642201835
DWSHRHSG,3535.605504587156
NSLQSEWNHLG,3383.1651376146788
QAHDGEFNVAG,1768.0045871559632
HQNQNFRAS,2653.197247706422
RWAFDRWGVAL,19537.44495412844
RWNNDYFPWHS,17317.646788990827
RVNLAGYHDV,5427.8302752293575
HAGEQFYDENDG,4188.871559633028
LSAPKYNG,2213.7798165137615
VPWFGYKG,9793.37614678899
NDYDPHYWKHA,4616.674311926606
ANRYEVALG,3991.4770642201834
KHENHQAWNKH,1912.4174311926606
SGAYAKVG,1755.440366972477
DHELASG,1145.133027522936
PKASGDLKSWHD,1788.6100917431193
VRVWASDG,4701.321100917431
KYDGGPSG,1740.1880733944954
WLLHFLSG,12039.61009174312
KQDGEQPNL,1165.866972477064
WQLDQFASG,7582.206422018348
DEVVAYHDAS,2552.8669724770643
YWYESEYNDAS,6985.59633027523
QVLSALFSEWDA,12782.940366972478
VPVLLGHDVS,3444.0183486238534
PPHQRPFYKVA,5471.082568807339
LSLAYNASG,3677.454128440367
KKYAASG,833.6009174311927
ELSGKKAGPKH,902.2522935779816
AHRADVALS,1896.3256880733945
YPLHWVLS,16283.114678899083
YSVVLQFG,40655.550458715596
PFRLPQFWSG,17837.798165137614
QYQFLPHQFHS,11491.133027522936
QSSGFWGEHV,5030.770642201835
VNVFLRVSG,30838.981651376147
NKASWHRFRYK,4145.628440366972
WDVRDSENFNV,5406.09633027523
SFYNRKALDAL,4543.770642201835
LQLDFHSG,5960.298165137615
LPHLVFWNVAG,17196.01376146789
WPYGPFYWKVAL,32581.376146788993
YVGQSKLQFHD,5276.165137614679
VFDDYVAG,4791.922018348624
QYPPYWKYLSG,10287.252293577982
WFPREGPVLS,7000.018348623853
HPDPFPVG,2198.7798165137615
SVEPNNLSG,1398.4174311926606
EDYHAVSFWKVS,8683.899082568807
HAVYHARKAL,4737.270642201835
WDQDFNKALGYH,8745.087155963303
PNFGVSFPWNA,14855.224770642202
PHYWEDGALG,6758.90366972477
NGYFKGRPWKA,5214.582568807339
KKVNHPWNKAS,1245.2752293577983
EVWNRVRPKV,3342.0412844036696
VWKPKREYNK,1664.105504587156
RDFWVYNEYHVA,18461.339449541283
EFVSEFWHS,9200.683486238531
QQDRLRYWNSG,5273.261467889908
HKANYHASG,1626.4128440366972
EGHVWGWKG,4104.899082568807
LSAHLYWNASG,5682.701834862385
DSYQQRPNKHVA,1676.1788990825687
LRYDVAVREKDS,2087.3577981651374
ADLWEHSG,3460.3073394495414
HSAGALGQPDVS,1629.894495412844
AWLRWQEPNHAL,9486.12385321101
HHGGHSG,1859.908256880734
LYENGWLG,8604.61009174312
DVGSEYWAKHA,2747.0733944954127
SDGQVVSG,1490.5366972477063
LEYHWGFVG,14702.142201834862
DNWVWVLG,18493.20642201835
YNFLEWSEWDS,12262.857798165138
RSAVLRVS,6214.559633027523
WPNHSRLEVS,4208.348623853211
PSARREVG,1369.6009174311926
GQGSNVALS,1415.7522935779816
AHSRSVLG,2946.8715596330276
WYARSWKSG,5624.128440366972
QFPDKHRNEDAG,1398.302752293578
SPDGDASHDVS,1105.9220183486239
GFHSQGRHG,3321.5366972477063
GWEYQEWG,8494.779816513761
RRHDHWKHVS,2897.4770642201834
YQVVWHG,9965.733944954129
PQRFGFYWNDG,14384.504587155963
RKYFPVGQHDVS,2927.077981651376
NPDSPAYAG,1510.0779816513761
NLGGHFYWVALS,21754.69266055046
EFNKFGFRG,5897.188073394495
SRALSHSQYHL,6486.899082568807
KSSKPNLS,806.1330275229358
NERNVRLG,3783.1926605504586
HVAHFYPALG,12433.224770642202
NRPDQRVYHDV,3566.146788990826
DNDQDWDLSG,2216.3853211009173
QDVGHAQDYH,2119.605504587156
LFGLDVLSG,6327.082568807339
VPVYEVASG,3350.087155963303
WNAEKVENAKAL,1853.7293577981652
YSLLPDG,4025.532110091743
LSKYGWND,3787.1422018348626
VLNVNLQPDALS,3630.1651376146788
SKLSRWKEHA,1988.3256880733945
YEDASDVWDV,5014.077981651376
GPLQRDLPKHG,1470.6467889908256
QNGVASGYALRH,5870.577981651376
HHERASG,1242.4587155963302
RKGGNALSFYW,11497.073394495414
QGNADPYDV,2217.4266055045873
FHFAQYHGVLS,10509.366972477064
GYKGSRNG,1744.6422018348624
GESVVLG,2640.2522935779816
WVWNNDPWVLG,21333.174311926607
WFEQVAWNHV,15474.137614678899
KLKQDAPKDS,916.9678899082569
EPKYVRPWSYWH,16165.651376146789
PNRSNKGQYWNH,3803.908256880734
YHYLLGENKHV,3978.5504587155965
LFWEPWHSGRKD,6743.311926605505
FLNQDLRNDL,4905.94495412844
DKSRDRYKV,1248.8577981651376
VYESYLSG,5518.243119266055
LQSHLYNKHL,4787.779816513761
PYERWKFEDS,4749.802752293578
KYDHFKVSG,2195.766055045872
RSNRRWVAS,3329.3073394495414
SDGVEALSG,1487.2385321100917
RFRSPADLS,3340.4587155963304
ELEGNGHVSG,1609.3440366972477
WVDYQWDSG,9889.90366972477
EAKHDVYGWKL,2771.091743119266
EFRQGHDAS,1609.48623853211
GYYGDVSG,3779.298165137615
QKEPHANDPYD,1503.3990825688074
HAPEKRPKLS,855.8577981651376
LSHLVYWKHDA,6878.894495412844
FPHRYAFHSQK,5213.0091743119265
FRSREVEFNS,5633.45871559633
VVFAFYKHASG,16294.261467889908
KKRNAYLSG,1553.1697247706422
HSQEVYLGND,3802.711009174312
VVRYSNSG,3510.105504587156
RGLRVHVALS,10107.95871559633
QYHNFEGEAL,2816.353211009174
HERHVPG,2120.729357798165
LYHLKGYWKL,7524.059633027523
WLERDGQFKVLG,11926.288990825688
WQRGKDENK,1301.0045871559632
SQYLKPNHLS,3371.4816513761466
NYSGSYDSG,2446.243119266055
NWYLHDSG,7439.091743119266
WPLRSDAS,3437.0963302752293
YSLVGWALG,11113.591743119267
DLPHQPVRHAL,3642.669724770642
ALRGPVPYWVG,13647.316513761469
SQPPNREYKHS,1240.7660550458716
NDPRRNKHVAS,1517.8990825688074
VRVHAYVLSG,11274.155963302752
RVPFWDYNDAG,7999.348623853211
YRKEVEYNHDS,1891.3119266055046
HGHNGWAG,3322.4816513761466
EYFNSNDQHVG,2976.1743119266057
RWRNLNVWHSG,9560.848623853211
HQWWENASG,4480.165137614679
KGSVSNG,859.4587155963303
DENRKEPKA,624.5229357798165
QDYDRNPHVG,2307.183486238532
AFEFFEKDVG,6795.522935779816
YHWHHVQAS,3813.756880733945
FWNVFHSQVAF,19493.394495412846
QWSFSQSRWVA,11856.51376146789
EPRLESYAL,3354.5183486238534
DPDVRHRALS,1613.9816513761468
APGLFYHSG,4552.931192660551
YYDKNKVASG,1425.165137614679
KSEPPYNDNKV,846.2752293577981
GWNLHNKVASG,2637.3899082568805
PFNHPRPYDASG,3715.729357798165
FAWQFWQKVA,8732.766055045871
HKWLWSG,6959.243119266055
LYLDSEDLS,3118.0366972477063
YESGYPDVAL,4624.477064220184
WGWSLSQFS,16419.330275229357
AWDQGQNKHG,1595.5275229357799
ARYFAQWNKDS,3415.788990825688
HDWSQFSPNKHV,3901.47247706422
APFYEKG,2113.2844036697247
NQLKDRLG,1611.1146788990825
GRNEKDDVALG,949.4174311926605
QEDFSPDLEKDA,1212.7935779816514
YHFYYKQRWNVL,10005.59633027523
EDKESGQSG,587.2018348623853
DNGARPVLG,1663.3532110091744
FRKRFRSRPYN,3866.2201834862385
YAYSGPVREYWS,12012.756880733945
RFFFYHLSG,13416.688073394496
GYDYEYLG,8213.490825688074
ENLGLSWKPV,3304.0183486238534
NWQFKEVLS,5314.04128440367
QGNNEYNALG,1969.7201834862385
KPGSNHSG,852.0504587155963
DEPWADKVG,1648.788990825688
GPHWHLWHVG,10358.408256880733
FYFQVALNKV,8841.866972477064
WYVFKSENL,10517.715596330276
RYYPKPNKHDL,3042.683486238532
QYGKGEYQVS,1953.2844036697247
QRRHKAQEAG,892.0045871559633
HLLNDLHSG,3700.8715596330276
VFPWFWSGYHVA,22475.339449541283
HVYEPLREWVG,8287.334862385322
WDLPDLGFHGFE,9437.100917431193
YNDAHYAGEWL,9130.004587155963
KRSKAWVS,1458.6743119266055
AWKEYYWSG,8347.091743119267
QLNNQPHSG,1972.4449541284403
PPDLNGEYWDG,4004.0963302752293
LHQWLPWNALS,14281.449541284404
YQEHVEFYWNHL,19924.95871559633
NKFNENHQRYN,3184.032110091743
NHEYLRSQNKAL,3211.0045871559632
LNDFGFLSG,7988.8899082568805
EDEAALEPHV,1563.4357798165138
SKKDNAG,640.1788990825688
DYYKDPSG,1489.032110091743
WWDPYALHS,17337.077981651375
QHFKQYKDAWHV,4512.279816513761
AYNVYSGRVAG,4590.660550458716
YHHKSQVALSG,2037.4128440366972
EAADRYLG,1696.7935779816514
ELPEYDLPVAS,1873.197247706422
NHPARYDFNLG,5706.977064220184
QENGWDYWEKLG,5812.311926605505
QWHADVQVGNHG,3144.52752293578
HAHKRYHDVLG,2926.1100917431195
SYEYWVNVLG,13259.422018348623
YRGEKHFSG,2661.059633027523
GHGSVAG,1311.8761467889908
DERVAWVALS,8322.220183486239
PWQNWKHDLYH,11058.733944954129
ASKYEKDAS,970.8807339449542
FLPHLRWVKDV,10142.747706422018
EVFVEKWVASG,5683.477064220184
PENGDVAWNL,3657.394495412844
DRWGWGPYHDA,12660.133027522936
VSVQRNVRWDAS,5104.155963302752
VWGPNESG,2086.261467889908
SPVHFYDLG,7828.95871559633
KPEHFHVAS,1536.5045871559632
DDLPQNVG,1791.5229357798164
AWEWLFSG,18677.908256880735
EFPVPDAYVALG,5565.564220183486
NGYAWHGYDASG,7106.894495412844
ALYYAPYWNDL,19860.69266055046
AHYHSNVLSG,2931.059633027523
HAAGPHARVA,2142.619266055046
SNLKENLG,1183.573394495413
KWRFWLSG,9540.06880733945
EHWYREYWNKL,10102.133027522936
EYAGGQEWFHS,6566.151376146789
YPREFLSG,3758.091743119266
PGHRQFHG,3864.454128440367
HQNHARQYWKV,5233.123853211009
GFGDFWALG,14304.12385321101
PVQQFNLGVL,9623.522935779816
EKQRDDLFREY,2620.1330275229357
SDYGHLSG,2430.087155963303
DNHRVPWG,5077.788990825688
GHFWNQVG,5416.922018348624
QARPDAWHREVL,3369.233944954128
PYVQHAYYKL,13816.275229357798
KRAPASGFA,2131.3394495412845
DQKAVPWKDVAG,1287.6834862385322
QRDEQFKDSFYH,5136.839449541284
LYKAQRPPWHD,6956.183486238532
FVAWSGKFWHVL,18880.17889908257
REQHKHAWDLG,2685.6926605504586
PSKKFVASG,1165.2385321100917
YLAPPVLG,6095.40366972477
PREDSEDVLNKD,1288.1926605504586
WRDKVPKHAL,3046.0825688073396
VLLEWKQPYWK,10921.04128440367
SKSENNKHVAG,1013.6559633027523
WPFKSFLG,15822.522935779816
HLGYYVQYNA,13087.894495412844
PALADQWKVL,4661.146788990825
ELLVHDLSG,5188.981651376147
SFNFPKLGPYWK,9828.146788990825
RDDSPHWDG,4729.133027522936
LPYAESQPKL,2008.4311926605506
EQREYFPFYHA,15598.399082568807
YHLQFGKFELG,10726.564220183487
NKDLLQYHHDLG,3766.564220183486
AWWNFYWKHD,14664.064220183487
EFYRVGPYHL,20612.344036697246
QWFHQPYVQFPN,19432.366972477063
AEYGLQFEYWHD,21150.83486238532
HSQKYDVHAL,2404.077981651376
PSGYPHDGEDAG,1717.0045871559632
WSSPVADS,2808.6009174311926
VFPNGENWDVL,5026.743119266055
QHAWGNFYNLG,12348.788990825688
AFYYFYASG,10658.949541284404
HDPGEDNKLS,1020.1422018348624
DSYGNQFWKSG,3505.7752293577983
PGHDGNQNHDVS,1475.288990825688
YDQAGQVKHDV,1642.6146788990825
QFAWHVNGQRHD,5467.123853211009
RAPNWEPWG,7345.385321100917
HSERGFPYNLS,7418.412844036698
KLYRHVQFPYH,11562.577981651377
LYPKHPLG,4215.073394495413
DFQKEHSG,1138.9770642201836
FPNNHGQQFPK,2836.1559633027523
NSDLLFNSG,3433.293577981651
VKVEPEKG,605.4449541284404
LPHQDEDVALS,1550.4633027522937
ESKWGWHDVLS,4628.839449541284
RVFEVPYENHS,8015.01376146789
AHSLSWVLSG,8547.37614678899
LNPNSVLSG,2659.3256880733943
SYVRLPWG,14251.633027522936
ANRPWREG,3587.5045871559632
KPGWQPVG,2125.922018348624
REDRDGFDEWKA,2211.211009174312
APANVHAG,1126.7981651376147
KGVWHQES,1577.3165137614678
VGWEVAEYHA,6681.674311926606
DQQPAFAG,1704.334862385321
SNNKPVSG,1085.380733944954
HQGFRDAQEVL,2511.1559633027523
YWDRWGRKDLE,3845.4449541284403
PENYFWVG,14294.738532110092
PVFNRNAFYVSG,17419.174311926607
WQERPPNG,3424.545871559633
KFERSRKVLS,1607.8577981651376
EERPFRSG,3108.032110091743
DQWPDGQFPYS,10069.238532110092
YYLPSNDSG,3210.9954128440368
VLNAHVDVS,2607.197247706422
NHQYNVNAGEDL,2043.5825688073394
LFFHLASG,6887.399082568807
DDLQFSDAG,2752.591743119266
HPVPSNKG,1041.2660550458716
EGWQYDRWKD,5908.472477064221
WLSHPHDRALS,6047.729357798165
EWLFEHNHARV,9657.848623853211
YQPLSPHFRNK,3846.201834862385
WVNYSWHDAG,11130.940366972478
REQKEWDFKHA,1512.119266055046
YYSRFVLG,10766.729357798165
LNDANAWVA,4565.091743119266
YAPFVAFRYNK,14613.885321100917
EFDGKFEPKVAS,1530.2798165137615
DHAQYNVFNKD,2687.7247706422017
DPVSPSFNVAL,3197.7247706422017
QHVLEKNKLSQA,1564.3119266055046
QNDAPALPVLEK,1183.8165137614678
YFNDLWVRHSG,9178.412844036697
EVGLSQQFNK,1852.440366972477
YDQSKHVYWVL,14898.073394495414
AWPDHVS,3604.9311926605506
RHFNFEPSEP,2671.3256880733943
AQFQQREPWG,4604.995412844037
SHFYANS,3900.206422018349
KLNSREKHFND,1709.591743119266
NDQNGFVQYW,16735.08256880734
QLYHQAPWNKH,4803.311926605505
YNYQPNQWG,6972.435779816514
PFFEWQVS,18374.55504587156
EVVNHVQREPKS,1091.467889908257
NLESVLQRNVS,4016.348623853211
YWKFFKDLWS,7271.775229357798
SEEYSHG,2093.045871559633
YLSADVLEPW,9995.908256880733
PKRGNHEPWVL,5397.59633027523
PYEKALPAREA,1687.211009174312
GRHSFEKQFEPL,3177.6422018348626
QHKQWDRKG,1610.1697247706422
PYFKLWYWALG,21977.995412844037
HPYNGSYDG,4956.211009174312
FYPLHDLWL,19654.91743119266
VSVAEVRPVA,1845.0229357798164
DFVHLVLS,24084.55504587156
DWNHNVQYNDS,3499.6146788990827
AFAKDDALSG,1569.7385321100917
YGNLVAYDLS,10872.004587155963
DQEDYQENG,1456.8899082568807
HFKKDLYHVL,4960.032110091744
PAAAEKLSG,840.6559633027523
WYQKWNKDAG,3027.7844036697247
HRLHPYG,6770.527522935779
VPWAGVGPHAS,3390.270642201835
PESEVSRLSG,1414.926605504587
RRYDFKLSGFRE,6147.454128440367
VEWGRGRLG,6253.247706422018
DGEDFSFES,3732.577981651376
RSEQGEPYWKA,3036.4770642201834
PSSWKEHSG,1321.2798165137615
KRLLGKLG,1649.9587155963302
YQFLLQRYNKLG,10484.922018348623
YRYFDYWKHDS,6370.279816513761
PQLHGEHSG,1406.3440366972477
DVKRKDRPHVG,1157.633027522936
HRNFESEHVS,2206.211009174312
PNGYKRVSNV,2712.3577981651374
HDWGAFWHDLSG,11812.275229357798
YNQWHLENDES,2650.532110091743
NAVFFRNHDS,7636.633027522936
HWSRRVG,5348.926605504587
GPYKELPLS,1611.3577981651376
VYSKRNG,2073.2247706422017
QKPKGVGQFWVL,7724.642201834862
WKRHLYEPWNDV,8330.211009174312
WASKHLESASG,1815.9174311926606
DQNNVLSGYNKH,1896.5688073394494
PFDNRVLS,5647.623853211009
EYFERYVSFYG,32237.977064220184
AYLWPHG,8546.605504587156
HGRSPWFEDAG,5674.807339449541
GQLEGVSG,1215.408256880734
APDLSLEYWN,5135.045871559633
NLYVKAFHDA,9052.87614678899
RSYYGFREYVA,11484.573394495414
YAFYPHREPYN,9614.862385321101
SKAQFVVG,4189.0
SREYESDVAS,1973.2981651376147
RFQFYGKALS,8732.201834862386
YHANNSREPYW,9465.724770642202
WYSFDKASG,4616.559633027523
GHDGHRPYVAL,9171.995412844037
KFWHLSDGDVL,6553.844036697248
YWHYNAELRYK,7849.683486238532
VDFWKKLG,3550.5963302752293
NVLDYKDALKSG,1903.0871559633028
LFVRLEDLG,16642.58256880734
SHWSQASG,2415.5045871559632
DFAHVHAG,2842.5550458715597
YSPAKHVELG,1407.4449541284403
PEGLSHSG,1819.7064220183486
SKWNRESG,1417.2477064220184
FPKHRKDPNVAY,2514.8348623853212
WLSPFEKAHDL,4803.821100917431
WGLSGPRYKDG,5909.756880733945
PFVRDFLSG,10661.880733944954
RHSHDSVRPG,2085.0825688073396
KVYYPKDVAS,2570.1880733944954
WYNLDQWNHVLG,13281.02752293578
KARGGQHDAG,1343.4816513761468
FYRGLSFYWHLS,10529.97247706422
FHHSWHRWLG,12664.128440366972
HGWSYWSEPKHG,7237.926605504587
WWFLQDLSG,13986.862385321101
PKHHNKGFYHDS,2612.9449541284403
ANGWVNHDA,2790.8119266055046
NNAQKPKG,920.5871559633027
VDNHWLG,4913.90366972477
PYGFYVPNHDKV,6036.729357798165
NKAREDHFPHA,2353.2477064220184
NNSHRDLG,1936.2660550458716
PPFYRALG,9078.518348623853
RANQHAPKVAS,1457.119266055046
FPFREFNAWA,20585.839449541283
PHAHFENAPS,1915.7018348623853
DPASNFEHG,1318.9495412844037
PWDPSQFYPYHS,16717.908256880735
LSLLNHAG,3173.6100917431195
KWGNRVAG,2731.6605504587155
QDHGWKNDL,1922.4724770642201
FASNNFRNKLG,3611.270642201835
GASKVWHVA,2542.183486238532
NALKWASWHD,8088.220183486239
PADFKHVGNHL,2633.7477064220184
WREEKHWVA,5302.775229357798
HKDDKSG,627.848623853211
WLYKWSFEHG,8868.279816513761
PPKVDYKDL,1016.3623853211009
ASNVKDRWKDVS,1229.7981651376147
RVEFPHAGWVS,8582.834862385322
EAEVKGEYKDVG,1028.8715596330276
FWHVWASRLRYG,14709.288990825688
AVVLESG,2276.6605504587155
DGLDPWG,3553.8853211009173
SGAREKYVLG,1811.045871559633
SHGVDVSG,1263.7844036697247
ASDEEPNKDV,584.7247706422019
GWQEEHALSG,1950.0091743119267
DRNRGRPYNDVL,3862.954128440367
QHWSNFPDVG,4559.51376146789
RRVKRDSG,1167.5045871559632
LQYVVAFEWD,43019.51834862385
RDWWEVSG,6255.559633027523
DHGHHSG,1658.908256880734
YQYHLSPHVAWH,12049.509174311926
FSYKFEASFDLS,19043.133027522937
HPHQSKSG,881.605504587156
KWAPAKALSG,2010.940366972477
KSNLKVFNG,1662.0504587155963
DLDPGWNKDA,1410.8256880733945
EEVQAYDLG,1906.467889908257
PQHEENHVLSG,1325.0963302752293
PKSHLPWGEN,2422.4587155963304
WLDEYKLGWNV,10904.655963302752
PLVRLSHAS,6426.711009174312
YRLQGHLG,4306.651376146789
RPHNNGREWNHG,3221.4954128440368
NEWWKEYHDVG,4851.160550458716
RYYPSFHDVL,12410.775229357798
SFDFKLPHLS,5847.183486238532
HFEVHARLS,7278.0
PGVGPDSWNHV,3494.6559633027523
NAYPAPNKHDL,2147.5963302752293
WKDWDQPSEPAS,1852.9587155963302
EFGENKEYASG,1368.6100917431193
PFGNNHSG,2683.577981651376
FWGNHHLYNKH,5574.09633027523
SWWNYNSG,6504.440366972477
KYAGPNQNHV,1899.8302752293578
QYFAQRYQRDLG,6835.0504587155965
EAGSSQPWKD,1399.01376146789
EPVYGKHGFHDS,2968.330275229358
LNPGFKG,2910.8073394495414
NPLELEDG,1374.059633027523
DNVKAPKVG,818.5963302752293
VHRHVYDALS,5153.422018348624
RNVQYLSNFYKS,9440.330275229358
PEGARDASG,1185.01376146789
HQYSQNYKSG,2177.0
LFVLSRGEYN,13150.105504587156
VKFEPWPG,4309.573394495413
NGKEWPNKVS,1229.5642201834862
DWKWAPYKHAS,4018.3990825688074
SQQLSPG,1379.1880733944954
VEKDQGFDAG,1260.0275229357799
EKAAEANHLG,842.7201834862385
WVSYEYRKVA,11423.064220183487
VYRFASG,6580.573394495413
VAAEQFNKHDAL,1614.8853211009175
DVNHLSKRKAG,1028.633027522936
VSDSDYHDLSG,1752.0412844036698
NGSDRNSG,1125.5183486238532
ELNYAQPNH,2808.4449541284403
EGHHPVG,1662.2477064220184
FRNHFRYARFNH,9756.766055045871
AQLYVLNKHDL,13201.064220183487
DGNQEAYWNK,1754.880733944954
EHFRSGPVGQNG,2242.119266055046
QSEAAQREYW,4673.316513761468
QVRYPLQREYDV,6470.880733944954
WLSHHLRPKDAG,3386.0412844036696
PYKEWSYWLSNA,12165.536697247706
HPKAPNKQPVL,1396.6605504587155
HGYLWDRWVLS,21511.954128440368
RWGYSEWWHDS,16249.62385321101
SYLSAPWLS,12268.238532110092
SKADLPKAL,1328.9220183486239
KPYQWSKDAS,1768.2293577981652
RWDVEVSPVSND,3921.6926605504586
QGQALWQEVASG,2624.9908256880735
SDKAYHVLG,1979.7477064220184
PPAPLRNVAL,2515.183486238532
PEWEEPVG,2559.412844036697
EFPNEAQKASG,1082.4587155963302
WLLQNDLQWKA,8492.798165137614
DGESYDYKVA,2235.467889908257
WGNDAFKEKDVA,1816.5871559633028
QNKHRHQHDPDV,1486.5275229357799
FPGWGGYWVG,21038.80733944954
AGLGLRKSG,2122.5412844036696
KPHLLWLSG,7009.243119266055
KVFLHDQKALS,3060.830275229358
KKDPKQNKAL,613.8348623853211
NHFYKEKLWKS,3353.880733944954
SRPNSAWVLS,4708.068807339449
QKFPVSYNFYVS,30884.26605504587
LEDPDVVLS,3715.3073394495414
SKSRGWDAS,2249.0137614678897
ANWFALG,10562.839449541285
GFVAAGRNAG,3549.1743119266057
PEREFRPKHL,2670.2522935779816
NNKAFPHFNHG,3950.605504587156
LHFNAHG,4384.275229357798
RFQPFDSG,5615.793577981652
EKNPHPWNVALG,2871.6422018348626
GWPHYASG,7856.1697247706425
FPDSEYSWSFWV,35147.71559633027
RWNWQEKHPWAL,12915.422018348623
QEDVAFNKAFEN,1941.1284403669724
LGYFQESG,4444.4495412844035
GDYQFRYKAG,4402.536697247707
WEASFYFWDL,25788.15137614679
YLGLANKHDVA,2978.059633027523
FNYVEAYDSG,7396.697247706422
VYKPWFYNKL,9609.169724770642
QDFHHDQNKHG,1682.4954128440368
FKNNYWKHVL,5652.279816513761
PFVHEWLSG,10270.811926605504
DQWSVGRWVG,9975.944954128441
RPSNKPEYKG,1162.1743119266055
VAPRDGHVAG,1417.3165137614678
DLLGHNHDLSG,3003.5412844036696
GQERYKLNAL,4326.8899082568805
QWDLAPNALENL,6015.243119266055
KHGLRNHRYNK,1842.7798165137615
WGWKAFPDHDV,7666.01376146789
DWEKVPG,1656.3853211009175
QANGNGEYKS,1047.545871559633
DFSPPDSG,2045.3073394495414
LYYDSHLS,5671.0091743119265
LNFGQVALG,5863.0504587155965
PKNVNRKAS,841.7110091743119
NGHDAHFPWNG,5361.894495412844
LDEKLESG,1118.0366972477063
NPWWHRNHAG,7171.348623853211
EEHFGPLG,3407.9908256880735
ADRWFENKHDL,4255.279816513761
KFPGERPVSG,1201.380733944954
LEGWVEAG,4343.045871559633
NWWDDSG,8036.3302752293575
NAYWEKPYWHDS,10985.54128440367
KWDEYFYDVS,11274.197247706423
PAWGYWSEPYWG,26859.077981651375
YKKGREWDEWKA,2793.559633027523
FHWHKRYWNKA,4268.178899082569
GAEPHFLSG,3461.467889908257
SKRVKHLSG,1259.6009174311926
KNQKKHALSG,802.8715596330276
LFDSDLSNH,3685.9449541284403
RPLHGENANHL,2726.8119266055046
NRDFHFPYNV,11400.105504587156
KQGNFHVSG,2241.5229357798166
FKAVKHLFLSG,8656.09633027523
EDYRKAFRHD,2649.5688073394494
KHFVLFEQEPKD,7742.582568807339
WWYNKRWKG,5415.761467889908
WKAKQEPAEPDG,1115.6834862385322
FLEPEYVLWAS,17117.064220183485
PHWHPKAQDL,3106.5045871559632
EDESWVQRWL,10654.247706422018
NLQVKHLFEYNS,9430.830275229358
YNWEVGFVAL,41769.807339449544
SLWAGKALS,4105.788990825688
KWRDRPKHDAS,1806.2201834862385
VRRYYNG,5472.821100917431
QWYRFPYVAG,14162.09633027523
DVQEFYKQWNKS,3365.1880733944954
LQDFPHQWNLG,6358.55504587156
RLAHKALSG,2440.8669724770643
KQDGWAPYWHL,13617.022935779816
DAENGYKVGNVS,1720.926605504587
VLEVEPFWVG,19619.174311926607
FLAHQFAG,6557.954128440367
FGSKHHLG,2847.637614678899
ESHSSWDG,2162.6926605504586
QVASHEWHFNHL,8110.816513761468
VSYNAEDVFND,3743.5137614678897
ERGKYKLSG,1455.545871559633
HAQWKDWGFVSG,9166.412844036697
GVEGVLG,1900.3577981651376
YDRFHLGSG,5087.674311926606
FYYKKQPVSG,2603.3394495412845
FLFVSQRQFYN,15564.344036697248
HNAWLFNKAG,5539.954128440367
WSSGGNVLSG,3846.032110091743
PWRGGFRYNKA,5772.188073394495
PDVPLSQPVGHD,1748.9770642201836
SQYHYPWKDA,4786.1100917431195
DVVPDLASG,1377.880733944954
YVKHRLSPNH,3926.761467889908
RWVGEDPLQFNH,8953.009174311926
VSPFSRKHV,2545.288990825688
GEALSARDASG,1533.6788990825687
ADAWQYVA,6021.206422018348
YEKYEPNKHDV,1646.7385321100917
RQNQWGQEWD,6513.366972477064
HSNAALREDSG,1412.0091743119267
GYVEGRNVLG,4039.8715596330276
YSHQNFYKHVG,4582.766055045871
SLEWQEYHL,8735.949541284404
QEHQKSWLSEHG,1817.7339449541284
HSFLQDQNDS,2012.3211009174313
KANWLPHG,3758.908256880734
NRVRWGFREWA,13700.683486238531
KSGRLFPAWDAS,5262.064220183486
HVYVRPNWLG,17930.43119266055
LVSHQDSG,1807.9220183486239
LHDPWRKHDS,3279.798165137615
PNSHGRYGREAG,2273.2247706422017
HHLSEKFRAG,2104.059633027523
NNQDSVSG,1216.665137614679
NPWEVENVAL,4010.830275229358
RWPNPYRPVSG,7093.811926605505
DEVWEWHSG,5786.587155963302
EAPAVGPWNAL,2265.577981651376
SHVPNGALG,2006.967889908257
WKHKKDLRYNAS,1870.6009174311926
ANVANLSNKL,1856.6743119266055
AGWNVFWGHDA,14400.142201834862
QSSHFRLSG,3699.238532110092
FDWFEYHLSREV,12723.51376146789
PGHQHAPWHA,4539.935779816514
WQHWRNDG,6979.545871559633
KFSSHLSG,2384.4862385321103
PRALNDFRYWAL,16796.298165137614
HGFGAGRPKHV,3619.830275229358
FAGSPDSENKS,1004.4770642201835
YDEGFENHPNDG,3044.7752293577983
KNQDWLSG,2191.5229357798166
AFPNVKLYNHG,3894.0045871559632
RKNVYDNDLG,2352.0688073394494
AEWFLREPND,7560.775229357798
GFLDYWG,14453.802752293577
DLWQQYHDV,7794.357798165138
YGHGQVRHDL,4130.688073394495
HNEVWSG,3181.3899082568805
HHEKDKLS,756.0137614678899
HWKKSWKSG,1851.665137614679
DGHLPHFRDL,6653.788990825688
FQAKWSG,3206.5137614678897
GYDDFHLG,5242.885321100917
PAWVWNPKHA,5510.293577981652
GNYKHRDALG,2401.362385321101
GYYAKAG,3242.6880733944954
RDSHLDVQVLSG,3540.6559633027523
NVEFYSFHDV,22300.34862385321
FAHPGRPNKAG,2409.651376146789
RGVEVRLSG,5459.178899082569
LDYSKLSG,2053.8394495412845
RNWWLEYNHS,13821.697247706423
QYPDYALHL,8056.467889908256
DQVWPWDVL,12271.477064220184
KAGKWDAYWHA,5453.481651376147
LEEHWVAL,8759.944954128441
PYKQWREHPS,3053.3899082568805
RAGDVAFANKHL,3793.802752293578
HKRWGPG,3265.3990825688074
WRQLEPG,4364.573394495413
NQSVYWLG,10359.339449541285
KFRQAEYHDL,3195.394495412844
KDDDGKLSG,846.5642201834862
GRYSHEPYHVG,5932.8899082568805
LENHKSYWKVA,3645.651376146789
QGAHEPSG,990.7064220183486
KLVREWHFLSG,9572.766055045871
HQKKRPHALS,1370.532110091743
FWEYEPPYKD,5876.9908256880735
RDGHNVNVLS,2784.0137614678897
NLWHYLRWSG,13475.325688073395
DKDGGPWDV,2372.532110091743
HRWLFGFPY,19837.481651376147
KEFDRVLS,2838.876146788991
VGWAFNKHDPWV,12667.19266055046
YKERHARYNL,4312.1100917431195
KGVWFEVLS,11366.839449541285
QFKQAGYFWKDL,7285.463302752293
KHRVDVSPYKH,2037.7752293577983
AVFSPLG,6115.908256880734
DVGLKHRPYWA,9139.844036697248
RLRHSVSYV,8236.091743119267
KHWPRPNKHDS,1907.8440366972477
DYHSWWHG,9683.834862385322
KGAQEALGFPKA,1357.2431192660551
HWNLEQRVG,3798.623853211009
AEAPQKVALG,1270.091743119266
WSDNYVG,5598.100917431193
LEGWAFLG,14369.779816513761
PAKYHAYWNKS,3204.5688073394494
EHVENDGFGQL,3066.637614678899
APFEGQLSG,1620.4633027522937
RVRWQEQDAS,1928.6100917431193
LKDDYVLG,1917.1284403669724
RLPDSWVQNKH,2526.701834862385
QNLWLGLGHDL,14569.784403669724
HAQRSQYDKL,2386.0688073394494
NGGSQYVG,2271.2155963302753
YEKYRYDSG,3104.422018348624
YFRSFYWASGQW,14294.591743119267
SLSRYPVASG,2932.853211009174
WDPFDYKHVLG,8935.577981651377
PQANWHG,2714.770642201835
PQPWRPVYDS,6163.876146788991
HWFVYDALG,17012.215596330276
LVENPKDLG,1278.9220183486239
FKLDWVRENG,3151.4770642201834
WAWDNAFEPWVL,28815.825688073393
AVFLGWG,14073.963302752294
ESARNEHDSG,933.5412844036697
YAERVQREHS,1970.0091743119267
WVLQKNHFEH,4685.339449541284
GHANWNLSG,2768.5045871559632
RLYQHAGEYDA,3432.4633027522937
NLHDAKALGNH,1668.4724770642201
SEFVNVALG,6374.123853211009
HEASWSWVA,7917.408256880734
WNWKNYWKVAS,5268.981651376147
SGSPSQREKAS,710.5183486238532
KFRYASQEWVQH,4632.220183486239
SQEHGQSEPYW,5202.788990825688
LPAVNKHD,1155.98623853211
VKPKRKG,567.045871559633
RWHKPKQKDA,878.105504587156
QGFLLQYWHDAG,14395.58256880734
DQAHNVSG,1132.5963302752293
DPKVVFRWHDG,5498.036697247707
YQLSHVAGYS,6311.431192660551
HGSDLNALSG,1803.4724770642201
ERRNFPWNKH,3163.802752293578
FWQGLSFPWNHV,15887.619266055046
GVQWQKSG,2062.0963302752293
ADQQHSG,1051.651376146789
FHFPYSLFKH,10121.344036697248
NQAVVSG,1382.4954128440368
SESVLWG,5334.100917431193
NFYAKVNLS,6724.747706422018
DENFKQPNLS,1656.2568807339449
RYEPVPEYWAL,11707.545871559632
VVADKDLSG,995.6605504587156
EYQKKEHDSG,708.1238532110092
QRARSRWLSQNH,4079.5137614678897
VGLGFDNAS,3511.97247706422
RQRAYKLWSG,4376.811926605505
RRDRYRLG,3216.5688073394494
RPSSLGFPYDLG,9831.54128440367
WNFQKDASNHDA,2236.9449541284403
QADWASWNKHL,4440.995412844037
QKDKFWQKDG,1409.7981651376147
DSSQPAEVAL,1286.8119266055046
FVNYKLYWKD,6930.816513761468
GARYFSG,6485.931192660551
FVPKNKLRWAG,3929.211009174312
HADREYLFNHDG,5114.128440366972
LRLAVSG,5812.174311926606
DFHNVENHDSG,2066.4770642201834
NEDKHYDSG,1290.6880733944954
ANDSANHAL,1358.6559633027523
HAFSFDSFENHV,9204.912844036697
KLVRRLSG,2775.623853211009
EGNRFPWNKVSG,2611.816513761468
APYSSPWLSG,5487.151376146789
LHSKLEAG,1377.8165137614678
HVSVVSPWNKG,4804.733944954129
DFLRSPLSG,4309.720183486239
HLPKQRALYAL,6724.183486238532
NSDHPNLSG,1517.6376146788991
YRVPEPSG,1694.6880733944954
AEKLHSKVALG,1572.6238532110092
HPWDWREYVA,11826.80733944954
VLEYQHLEPN,4120.536697247707
NFFARVAS,7586.798165137615
RFEEKAQKG,1173.073394495413
WGVDRWASG,7965.8302752293575
FSAAHASG,1847.559633027523
KYKHYEWNALG,3749.532110091743
HYFALKG,4659.353211009175
WYKWEPDSG,4281.431192660551
GPFVANSG,2168.2752293577983
AEWFKFREYNK,5019.211009174312
EGSKHYLG,1649.9954128440368
KVDSPVYHDV,2146.5550458715597
QYNWEPDSLG,4385.9908256880735
YEAAWAS,4431.972477064221
HKQSWHVALG,3569.8394495412845
NLEVLGFWVEG,34917.88990825688
FLEWNQFPDYV,17786.93119266055
FNNPSEYL,5088.582568807339
EWGQEQPLPWD,10428.995412844037
RDEVKHVSPNKG,1219.0504587155963
LSFFLWKHDVAG,12438.087155963303
VQLNENVAL,2616.8394495412845
DQWVSSFHVALG,17678.642201834864
YGVHRKDLG,2748.1743119266057
KLDGDVSDVS,1256.7752293577983
LYVVRKLSG,12788.146788990825
LWKPRDLS,4056.4036697247707
QLKRREPWND,3041.151376146789
LKSWKPKG,1388.6788990825687
FLGNPWKVRENK,3333.922018348624
YDRWEGRPYAL,14447.353211009175
ENRLYSPYDALG,7534.844036697248
NSLFLGRPWKD,8955.766055045871
AFWLGKPNKL,6003.908256880734
HYFSEHSG,3744.183486238532
RWFDDVLKAS,6438.256880733945
VQGYFRDAG,4734.545871559633
KYEHDQDG,1188.6605504587155
NHYVDEYKHLS,4152.95871559633
RGFQVRPYNDG,7066.206422018348
FDWASQQFRA,6899.238532110092
EWPENFPWKV,6219.417431192661
RDLRYLQNSPVA,4155.724770642202
LKDFLWDLS,8511.022935779816
LGLPSVLG,4348.128440366972
EGPKDHRYVL,2217.233944954128
KGFELRNLYN,6265.619266055046
SHAFKHHSG,1971.1009174311926
KKFGALSG,1369.7477064220184
VKKLASG,893.2201834862385
HYAYVYNSG,8791.252293577982
YEWGYDRKVAS,4077.3348623853212
SAEGHLG,1406.4770642201836
AHHDWKVALS,3403.876146788991
PNGFYGNSRPG,5665.316513761468
VGRWKRVSRPWN,6339.637614678899
VVQRRAG,2063.119266055046
RPPYDVEPHLSE,2570.830275229358
LNAHAKSG,1283.6788990825687
HKHSYQEDG,1536.8853211009175
PGQYWWQWNG,16131.669724770642
RYPLASQFWDVL,20423.67889908257
QDQKEVGYVLG,1977.2706422018348
SDPNRHASG,1314.6284403669724
RYPGPKRHLS,3058.6422018348626
HGLKEYSG,1616.467889908257
QVFQKLSKG,2656.183486238532
VGFLFEPLFRNH,19074.059633027522
AQPLGGYWHG,6052.871559633028
LRVLYAEYG,26347.467889908257
YRARPEHAG,2458.6605504587155
FQEHPNDLHLS,5077.701834862385
PWWDSNQFEP,10075.766055045871
ENYWNHWGRNHL,10581.288990825688
LKQWNEPLS,2802.3256880733943
DRELYVAGRH,6080.018348623853
ALYVDVGEHV,7852.422018348624
DAGWSGDVREDL,2830.467889908257
HFLKWHG,6346.09633027523
DFVLWSYKH,16352.316513761469
DESWHEHALS,3293.8394495412845
RVLNDASNGFWG,8491.655963302752
YAWDHVSFYHV,22363.605504587154
HLLGGWDAS,6405.467889908256
LQGGVSG,1546.8256880733945
QVALRVALAQH,10353.183486238531
PEEYPWNHDG,3920.8577981651374
NVRFNLSWKHVG,9906.871559633028
DEAARESG,839.545871559633
AGDVHALNVAS,1953.4770642201836
NPYLYALRSG,15383.908256880733
QYQFEDVYYVG,47859.821100917434
WKEHESFEKHAL,2658.559633027523
ENYQEFRAS,2398.4311926605506
QQWGAGPDG,2911.848623853211
FVENYGRPYKH,6367.853211009175
QNAYHEALHVSG,3220.8669724770643
GFFKPWG,11125.151376146789
KFWGHRPNKVS,3228.9954128440368
NRPADAQYNHAL,2722.793577981651
ERDAALWHD,3662.206422018349
VVWHVKAL,7825.591743119266
NWDYQFVLS,34829.18348623853
HRGGVASG,1497.908256880734
PHKKPKVG,676.6376146788991
YAARYQKVLS,4996.747706422018
FERQSQWLS,5511.692660550459
QYYYGFENKDS,2805.206422018349
GSREFAG,1659.7706422018348
PRQNPVS,1691.5275229357799
PFVQQEHDA,2130.0183486238534
NSNEWGPWNKH,3866.0
KVRDLERWNHVS,3213.4495412844035
YGWYHQNHLS,8646.619266055046
KVYVLEWVQNHS,16756.711009174312
FEFPYLAQRDG,7628.545871559633
YEFVGHG,4675.802752293578
KDSHLFYEYKDG,4671.325688073394
QKVAQQNHALDL,1718.6422018348624
ARGWFWNHS,10068.54128440367
FNEHEGWKVAS,2998.7752293577983
WYNRFREYHALS,10992.720183486239
KVFKWHVLVA,12509.243119266055
HYGWENG,5073.559633027523
HKDVEGWLG,2663.591743119266
AEVVVASG,4815.532110091744
FNFKQESFVASG,3681.830275229358
WPLRNPKSG,3560.52752293578
HYWVLLSYVA,27113.009174311926
VESQLFAS,4351.197247706422
LSGNRYENDV,2630.8715596330276
WHAWAQKRYNG,6049.077981651376
PHFENLPLQPY,16232.862385321101
YSKNGQLG,1944.1697247706422
WHVLDLGFSRAL,21436.871559633026
EQQHFWG,5005.155963302752
GVGQWWHLG,13361.09633027523
YKEYREQFNDS,3083.4495412844035
EHWQRYQYWK,10184.711009174312
RHDSKDFRVAFH,5097.183486238532
PPRAEVG,923.6788990825688
HRYQKLQELG,2449.1284403669724
WFSQDEPYWDL,17780.34862385321
WVWQEEWNVAS,7458.0091743119265
PLFPYRKVPNKL,5652.045871559633
LQKAFSWNDAS,3277.8853211009173
NKASGRLHYNS,3363.559633027523
RGYDSRLQPHA,4035.9770642201834
QPWGHDQKLYKG,4319.160550458716
PWHYQWSGFWKS,16865.490825688074
QLPYDKPNHA,1928.8577981651376
LQFKVYQFNKA,15618.178899082568
FSQNDKQEYWA,3365.0045871559632
AKVGPGEYKDVS,1135.408256880734
GGALFSG,4770.311926605505
ARENYSGREPA,1943.0688073394494
WYGSDLSG,5337.247706422018
WHYYPNVLS,10751.761467889908
DQAQRLFPKS,2611.293577981651
EDFWQFVWNAL,21842.857798165136
DAAQVREPWNS,1966.4816513761468
SYAWNNVASG,3262.183486238532
GEPKKVSFYWKH,4394.256880733945
AKQWHYKDV,2617.4908256880735
AWDFEYEPSG,5828.591743119266
NRVYQDLSG,3689.7798165137615
NFDDWVSG,6259.288990825688
KPSFYDRYKG,2870.651376146789
GFYRDEPNVALS,5847.738532110092
RDFGKSQFRWS,7259.151376146789
QELFHDRNQPLG,3192.912844036697
ANNFEKVAL,2075.119266055046
PNHSLLGFVG,9069.926605504586
EFSKRNDG,1307.3165137614678
RRYAHGQRKLS,2210.8256880733943
SWFAVALSG,22192.60091743119
DLLSVLWKH,8349.183486238531
APPWRYLSG,8778.270642201835
LGKEQEYWN,2245.9036697247707
FWKDVYGRNDS,3535.880733944954
KDASWAQWFNKS,4808.022935779816
SRHHVHVSG,2935.651376146789
RHWWFNHSG,10068.018348623853
LQGNHELG,1958.4816513761468
WWLRNVWKAL,12369.834862385322
FNFGEWFKDL,10542.155963302752
HKFHLYLG,9173.40366972477
FNVSYAGEAQFR,8468.724770642202
YWEYSFKAKLG,6029.738532110092
HRKADSEYNKG,1116.7431192660551
YLLWGQASG,5755.215596330275
HVVYAVSG,18000.201834862386
APDGHLPVL,2799.7477064220184
WVGLDAQRHSG,4358.119266055046
PWFWKLHLFKD,14640.435779816513
SQHVYHPVG,4060.770642201835
YFFVSPVSG,8236.394495412844
LKAQSPWNDVSG,2096.408256880734
KPVVDLG,916.7706422018349
HYFYADASG,5953.8302752293575
FQHHHLSG,3514.816513761468
WQEQVLFWHVG,29097.940366972478
WSAHKDVA,2227.8990825688074
DYNAQWFYDASG,9890.61009174312
GHAAHDG,1431.880733944954
GKGFKYWKSG,2209.270642201835
KQQYHQHDVLSG,1816.2385321100917
EGHDQFVAGQFN,3605.637614678899
FHNKWDKDVS,1903.7935779816514
VDEDDSG,1070.302752293578
NEHFYNFVLG,14447.802752293577
QDSEVDASRD,1124.6238532110092
LQYPKQYKHG,2936.1422018348626
KHLLQNHFEWH,7996.201834862385
EDPDPWDQEAL,1665.0688073394494
VNGKSDSG,716.1100917431193
FFFAWDG,6241.660550458716
HQQALYLSG,5960.224770642202
KRFKPNALS,1472.8256880733945
DYFRFALSG,11317.80733944954
DALENPKLWNH,3670.788990825688
LFEAWNVFKVS,15428.798165137614
QPVQGRHRYS,4369.94495412844
WWQQVSG,5700.307339449541
AVVAASG,1502.6559633027523
ARWRNPWKDLS,5068.756880733945
HWWHVYHVLG,17832.15137614679
EGQHVPQYDVG,2019.3440366972477
YHYRGQEYWVLS,15244.633027522936
YSYRLQRNVG,5102.266055045871
SNESQVAS,801.7247706422019
KDRKEPNYHVS,1324.8623853211009
QQRDFPSEWDG,3701.7155963302753
SFFYQKG,4273.059633027523
NHYDHVGQVL,3782.256880733945
RHAKGPQRPYHG,3124.376146788991
DEKRQEHVLG,980.6926605504588
EPWVWAQRDRKD,3970.5045871559632
QFLYPWFKLSG,10097.628440366972
VRYVKQWKSG,3101.3073394495414
NDPQLENKH,1130.9220183486239
RGWRNFYWHL,16378.266055045871
WEEHNVAG,2945.211009174312
HWKWVKDSG,2231.7155963302753
FNKPGPHDPKG,892.2064220183486
GWVKQNSG,2184.1651376146788
VAQDWDYVLG,6562.344036697248
EAHGFWRPVAG,5102.54128440367
HGSPKARPWKH,2334.545871559633
EVVFRNKYDA,3369.3669724770643
PYNYYVAEKHG,5588.779816513761
ARLAGSG,1527.908256880734
VFALKQNDVALS,3008.7798165137615
PDVEEVLSPNA,1141.3623853211009
PHFDGRPAENK,1184.9036697247707
LREKVNQNKS,872.756880733945
RQESEVLRYNV,5106.09633027523
PHWQSEVS,2242.1743119266057
NKSHRENALGPK,1145.2798165137615
SKDKRHVG,864.0321100917431
HNNHSVSG,1351.334862385321
DPPKWVLG,2076.5183486238534
HAPHHFRAG,3267.105504587156
GFQNLFSG,6829.94495412844
PDLQFLWVFNV,43786.72935779816
WAWGQHYNVS,8316.5
HYVKLRYKVG,6227.027522935779
VDLRKYSG,2346.669724770642
PLHRALRPKDS,2070.97247706422
SGKWVFKDAG,2683.119266055046
VVAEDRDVSG,1101.866972477064
PAFDGALEDA,2133.4174311926604
LESNNHLSG,2303.646788990826
GNPVLWDVAL,11741.188073394496
NYLHNVAS,3596.1651376146788
NWEFDLSG,6632.032110091744
EQPDYLWKG,2012.1376146788991
DQKYVQRPYHA,3076.229357798165
VEFQKHSG,2004.4770642201836
DPQDVPVAS,1038.7477064220184
PAPFWGKHSG,3625.1284403669724
DPWGWLYKDG,8921.243119266055
PLRWARKFPWVA,12153.52752293578
APDDGDVLSG,1326.7752293577983
PRYKPSRYKHA,2132.4266055045873
WPFGFHLG,22835.344036697246
HSKVWVARPWH,10906.545871559632
ARAEEHVL,1433.573394495413
NKHSRLFVPWKH,7000.114678899083
VRENLHQPWVL,14724.857798165138
YHYARYRNDLS,5476.912844036698
RFYNRVGDLS,5230.288990825688
QLEGAREPWL,7134.0504587155965
NALAEKPVAL,1453.7706422018348
PVWYSQREYKH,7852.4908256880735
HHQPNQFSG,3100.3990825688074
RGGVQRSG,1701.0963302752293
YSRFRVFRNHA,7487.399082568807
LEAVEHVLS,3709.137614678899
RWLEDVFVQEYN,29109.669724770643
KDYVPWNQFWNL,14827.798165137614
HFGRFNSG,5053.536697247707
QNQDDGWHG,2877.5137614678897
HHENPHG,1902.9954128440368
FAESSRVSG,2562.105504587156
PEAGYGHSG,2797.4633027522937
VYYQFSG,7360.100917431193
SLNGFKAS,2124.5963302752293
AQNKWKPWNK,1601.2064220183486
VEARPREWVG,4043.788990825688
FESLEDYVG,2737.4174311926604
GEWDHLSKDV,2951.5688073394494
NYNFPWGHDA,8897.715596330276
GHRNDNKH,1389.7431192660551
PEHQYVYHG,7129.573394495413
YEGWHRHAL,8754.238532110092
GPLKHHSG,1367.7660550458716
DWHWFKHLSG,9489.646788990825
ENYDWGWNLSG,6772.270642201835
WRKDFAFRAL,10546.45871559633
RNQLGFWKKDV,3580.0550458715597
HAFKHNLFRKD,3425.266055045872
WAFAEYDQFRD,16296.532110091743
EYDAFHVRHYWL,20068.128440366974
FFQELHLSG,6598.45871559633
FRYLDFNKRPHS,5437.573394495413
WYRKYAS,5093.435779816514
KVYAPGLSG,2330.761467889908
LYNGNYWHD,8852.88990825688
RWWFGQFNG,15096.087155963303
NNYWDKLSG,3714.9908256880735
SFNDFSDLG,5426.302752293578
FAGEAFNGKHVS,3738.7155963302753
LLSFWNPG,9324.655963302752
WGNSYWEPG,12023.880733944954
AGREFEYKFEPY,12332.178899082568
QPLNVRYDENL,7028.545871559633
EYQLFHAFNAS,10472.128440366972
YAPDRLFYWNS,15801.977064220184
SDGWNYVALS,10691.697247706423
DRYYDFYWHDA,14006.733944954129
NKQRDPGHAG,1227.5091743119267
AFFKFPSG,6033.01376146789
EHDFNFRDAWH,8250.348623853211
RLDLVQPDAL,4333.633027522936
KVWRVRWDVALG,12841.912844036697
YSSYDWLSG,7531.697247706422
PSLDSPKLS,1284.0825688073394
ENLPGEKFRSG,1193.6559633027523
KRKSGSEASG,758.3119266055046
PYYNFYFVALS,23085.545871559632
HWDNPKG,2572.733944954128
DYHVEFRYKLS,17498.57339449541
EVWSFPQEYNH,8678.288990825688
QNNDQPWDEHAG,2729.151376146789
HAQRQPHALQWD,8044.215596330275
GPLVDALG,2159.0229357798166
QGWQPQPWLS,12602.100917431193
DFKRDEYHDV,2338.6422018348626
HKLNLSDSG,1603.2293577981652
YWKLHSHALQP,5865.201834862385
DRHNEWLS,4075.064220183486
WPYEHSRPKDS,2878.454128440367
LFRSPSRNAS,3611.683486238532
QWKVEHFVLQFL,40456.11467889908
QNLPSEVPKS,1413.9633027522937
FASAFWFNAG,12350.339449541285
DRHDDQFYNKS,2428.3440366972477
AYVFHFKVLS,24913.44495412844
YRVDPNVLS,4064.678899082569
PPPPHSG,1197.8715596330276
NLSDKVLYSG,3753.064220183486
EAHPSEPNHV,1502.7568807339449
NPKASAFYDVLG,3320.353211009174
ERWWSPNAL,9829.422018348623
APNKVYASGPNV,1655.2339449541284
LYNQYGPNKHD,3344.729357798165
WPAPFELG,7685.839449541284
AGEDQSFRPWN,4177.174311926606
YDADNALRPKAL,3286.559633027523
QNYNSYDAQEWN,4726.51376146789
PGELALFPWNDS,11842.70642201835
YHPQYKLEDS,2251.651376146789
RLVASHQRWNVS,6308.183486238532
APGWNDWNAG,3466.059633027523
GEEPKKG,769.4770642201835
HNPHWVALG,7815.293577981652
NYGKNSG,1583.454128440367
FHEYNGSFRKA,4397.48623853211
SPFLEHVA,3435.5963302752293
AQRDPLQYHVG,3086.435779816514
YLDSSYVS,5068.504587155963
HEFLVSG,7563.495412844037
RPNRNGQLGFK,3971.9862385321103
VGEEAGRYN,2210.5550458715597
SQWNFLQPYWDS,20177.481651376147
DWSDEPSG,2200.733944954128
GKDNHQEWKD,1366.3853211009175
DGLARPLSG,2891.6743119266057
FQEDKASRYKV,2361.8899082568805
DHRLFAG,4811.683486238532
LQLKPWVAL,12286.619266055046
HPDYLLSG,3602.02752293578
RGVRPHYVALG,8442.587155963303
WGQDWAGRYWV,24355.403669724772
FPVSFYDLQKLP,17981.33486238532
VFPVAWDVLWKH,14543.862385321101
KSYVEQALG,1593.2706422018348
FFDQQFAS,5045.146788990825
KLNEKLQEYWAS,3006.3990825688074
PQPDLGSEPD,1174.7981651376147
FAHADSPYHVG,4765.633027522936
HSQVKASPNA,1107.4633027522937
KKRQRHG,918.5321100917431
QNWPNKPDS,1406.7064220183486
RSGHNQEPYNG,2327.270642201835
NFNPSPYG,6231.160550458716
QRPKEHGHGWN,3257.3440366972477
SYGENDPALG,2040.7660550458716
PFNSWGFPYL,30536.5871559633
SPEYVQSG,1733.802752293578
NASHAEKVGYD,1937.0091743119267
RYNPAFEFEPHG,5465.504587155963
WRGKQFAS,4312.678899082569
YDYEVPWNKA,3271.711009174312
DKVVDLG,1010.6605504587156
FWQLYHGKS,4996.582568807339
LFALQDEWNHSG,6202.527522935779
SGPRPHVKDAG,1212.6146788990825
EGNQQWAG,1795.5825688073394
ALDPLWDG,5661.243119266055
YDAESFVFNAS,11579.61009174312
RFGFFKSG,8150.252293577982
NDFSEKLGRPYV,5561.582568807339
FQYNEYLSEHVA,7341.697247706422
DRDRQELSG,1146.8211009174313
KNVKSEVSG,781.2935779816514
NKWDWPKHS,3144.2522935779816
QHLFAAQYNKH,5353.646788990825
PVANFEWEHDS,4404.839449541284
QYWSASNDPDS,2507.256880733945
LKSDYKDVALS,1539.6146788990825
GDWVFWALS,21047.38532110092
GEARERKHAG,1441.9954128440368
NHRRPQFYVL,25306.022935779816
KLYDYHLQKL,5126.467889908256
VNAEGKVG,860.5366972477065
NQSHAQVASG,1323.7660550458716
QPNFQPLFRYKV,15647.619266055046
LYQEVEVG,3415.876146788991
VQKQRWSPKVA,1963.573394495413
GWNKAALRYV,9073.954128440368
RLDLGWQPNDS,4296.8899082568805
RQWNHPGFENA,3582.9311926605506
PEGAFLG,4554.252293577982
LEARWYDG,9804.100917431193
EQGLGESG,1211.0
KKEYKQVG,689.8119266055046
HSVEKNKHDL,1011.440366972477
NKSGHFYHQEH,3399.798165137615
YADFQELS,3810.912844036697
VFYGYQYHG,7802.967889908256
HYGDHLSG,3077.0091743119265
SYDRYEKALS,2434.637614678899
EKHAKSQFPDSF,1694.2477064220184
YWAQGQGFWKA,8277.90366972477
EWQDYHGYNDL,8496.573394495414
GPKEWSEHVA,1485.2064220183486
DSPYNRKGFEWK,2956.9587155963304
PPFKYDAG,2271.1146788990827
LVLEPYRG,10023.481651376147
DHAYGPLSG,3149.1926605504586
PNPHKVAPWLS,4371.5504587155965
EPWHGVFAFNVA,33626.6743119266
RYEWQEVLGPNV,7887.128440366972
SPRGPHG,1657.2385321100917
DFELDAWNAS,4931.01376146789
DGRAVAPHVS,1919.288990825688
RSALNGPASG,1720.5550458715597
HLRPNPWSPDVS,4434.495412844037
KPESFDVASG,982.3715596330276
SNLGGKLG,1720.6146788990825
FGGLWNVLSG,8301.669724770642
GRWKGAYNHVS,4130.270642201835
YSHVSFDSQEW,8661.940366972478
QGHKKHG,909.4908256880734
VDRWRKHLS,4233.316513761468
NLNYALHG,6167.087155963302
PGWNFSFRPD,12409.408256880733
FYDRFKRNDAS,3025.422018348624
FWNRWSFRDFHG,14162.674311926605
HDEKPYKKLS,1221.4036697247707
SVWHNDALSG,3728.637614678899
NFKGEGQRKSG,1212.5091743119267
SERDQYDSG,1736.3715596330276
QDDLHVAPKAL,1583.9724770642201
PFDPDPDVLS,2611.3073394495414
HDRQRWSFYW,18328.08256880734
WNLNFYVFNVLS,30590.169724770643
VLSVYDSPWHVG,13516.440366972478
RSYLAGRHDG,3895.880733944954
LALNFVLSG,26725.15137614679
SVQNLALSG,2448.3669724770643
VLRWNRPSRKHL,5346.729357798165
HYQNHYLSG,5442.655963302752
NLEEPDKAG,1038.6376146788991
AKQRGDVAS,856.0183486238532
KLAVPAG,1224.5183486238532
DKGNLYALS,2466.862385321101
FKNRPDGVG,2036.0275229357799
VYFWFHAL,15648.19266055046
FSDSHSQPAS,1682.2064220183486
VEFWEDLS,7166.885321100917
HSVSSEHS,1427.5091743119267
HSQWSWSEHAL,7925.399082568807
RSHPWLPWHL,20973.188073394496
YPDSSWHG,3656.288990825688
VAFRDFYWQHS,12600.47247706422
WAAVSFAG,13547.04128440367
PLFYNYWFRDA,17118.633027522937
WEDNWDG,8199.857798165138
PKEFKHWKLG,1991.9311926605506
KPDSAFNKHSG,848.7752293577981
VADQWDSFNHDV,4288.51376146789
SDGAPYNKALG,1952.4220183486239
DVLDWVSGNDS,2897.2844036697247
PLQWKFYDENSG,6690.293577981652
NDKEGELS,795.9816513761468
PNKSYAQYARPW,8478.701834862386
HQRFDAKVLSG,2958.137614678899
PARARYAQYHVS,7222.321100917431
QNLKLGPLWKLS,7572.6100917431195
KNKRDEHDVSG,807.6605504587156
DFKLKQYWK,3395.9036697247707
QPLHKAEYVL,4390.119266055046
PKAQFGDQEWDS,2706.912844036697
RWNGQWQELPKH,3843.9770642201834
NQHDNVEHASG,1309.0229357798164
LGSFNLRPYH,11430.220183486239
NALYWQFVQYAL,25024.89908256881
LEVVWLSG,24353.76605504587
LSSVKLSG,2441.697247706422
RDYDKHGWG,3553.619266055046
YPAQAEWKS,1506.7339449541284
GDDVKLG,942.4587155963303
YRAAVLSG,3834.422018348624
NQLGYSFENKHV,3937.4495412844035
RDDHRWDVLS,4367.146788990825
YSWYFRAG,7388.146788990825
YWQDWKRWKDVL,6570.454128440367
FGQWWVGPNDV,9332.073394495414
AGGNGEAS,801.8348623853211
YRNYWVFEPYWN,21473.73394495413
GPSLSYVG,3001.97247706422
KHYNAALFYWK,9424.463302752294
EGLGAEWAG,2021.6834862385322
FGSFDPHLSG,4908.165137614679
EFLHDHVLG,3697.146788990826
KLWSNQYKHA,3021.3073394495414
DSYSGQGFKHVS,1924.4908256880733
HEHNNDLSG,1311.9816513761468
AYWAVENHDAS,3367.9587155963304
KQRKYQRWHDV,2397.6422018348626
RWVYRWNEVG,9744.743119266055
RVHSVAQNDL,2024.2247706422017
VAWSYAEPNDL,5853.256880733945
RHLGVRVAPYAG,7633.724770642202
AQRKNFEPNKH,1109.1743119266055
FDADEKHPKHL,1434.3899082568807
GYFLDALSG,7426.431192660551
RRQVRPNHAL,2924.119266055046
PSSYNHWL,8315.362385321101
SKVKKLSG,761.1100917431193
FWYDSEALHA,5899.220183486239
QQFLEHDYVL,8923.128440366972
KPHWGVLSG,3162.830275229358
RPYARWVHDEH,6311.344036697248
HSVYPWDVG,7275.353211009175
EEFEREDLS,1476.0688073394494
GFAQYLGHG,6247.821100917431
NSEFGYDLS,4831.261467889908
LNKNYDALG,2125.1422018348626
ASVPDGNVALG,1716.0
SYRGFNDVAG,3580.5733944954127
QDAGFYDREYYW,20780.830275229357
RDEGQYDQYWVA,9825.252293577982
YHVVALLFRDL,29213.059633027522
DKAWNYSG,2455.8440366972477
YSDWSGEPKVG,2524.894495412844
HFGYFHVAL,16780.545871559632
PQGDVKAS,1190.2477064220184
QYWRELPHPVL,15199.87614678899
LVPHVYSG,5868.55504587156
GNFKAVL,3760.862385321101
PGRHYVLKHDVL,7713.018348623853
QSHEPNFSG,2006.8532110091744
LQFAWKGENS,2717.8348623853212
GGQADVALS,1266.8623853211009
EGSHYALSG,2117.7155963302753
HHGDAVG,1474.3165137614678
VAPLLSQKHAS,1508.619266055046
HGERWQRHVAG,4109.385321100917
VNEPHFRWNAG,4622.977064220184
WLPLVLRPKSG,10938.339449541285
FHHPDAHDAL,3246.9449541284403
NPKRWKRKS,948.8577981651376
KKDPGHSG,867.9082568807339
DVSYAWHENA,4461.40366972477
QSYSDFNKVAL,3545.1880733944954
PHYLKHYLSG,6205.316513761468
KAPDEVFEHLSG,1532.651376146789
WWFPQFLG,21857.490825688074
YFKRREKALS,2145.394495412844
VLHNSGNKD,1523.5091743119267
KHRPQRNGFRD,2713.701834862385
RPELVSFEWDA,14020.362385321101
FEGYEPDGPHG,3229.5963302752293
QPPKWAFRNKL,3795.0229357798166
VREAVQREPAS,1404.4357798165138
GDRRPLG,2106.802752293578
VRQDHALG,1796.1697247706422
DQLGVREPKV,1175.5275229357799
YEFHQPSG,3446.1605504587155
HVYFNFWKHG,11980.577981651377
SEDQGWVG,2889.1146788990827
PQSHHSG,1424.2844036697247
EDNGNKPYG,1302.8211009174313
APKVEFEPHASG,1143.559633027523
NLQRLQFERWKG,7632.073394495413
WDVFHALQHLPG,9566.20642201835
WKGEARQYHVA,4324.733944954129
YGWHLPREPWNL,16916.42660550459
PSEFVFPKDA,4318.706422018348
SRVRHAQPDL,2918.0
LDALQRHRSG,3123.288990825688
QLDGKQPHDSG,1301.2844036697247
ASQVLHDPHVAG,2059.3348623853212
ERVQDWKHVA,1880.408256880734
VRRFWVALSG,11520.573394495414
SHASPRKHDLS,1794.5
FHFAPVGFWHV,23614.894495412846
NWYHLFHASG,9544.339449541285
LRDPLNALS,3489.816513761468
HVGHYWSYNKG,5849.100917431193
NELEEPSG,1200.591743119266
AFVQGHSG,2474.4816513761466
VQWPDEYNKV,3669.169724770642
DDAGGRLG,1523.9770642201836
KRVRKGRPDVA,898.5825688073395
GNLPSYAS,3325.1880733944954
HSPLPHSRWKHA,3297.743119266055
QYFYDYALGFYK,6199.128440366972
FFKFLFNHDVL,9485.834862385322
RLVVGNLG,7425.688073394495
NRSKNLG,1447.559633027523
LRKGDAYNKS,1313.954128440367
GEADYHSG,2099.1146788990827
PAHPPWVASG,3734.7155963302753
WVHLDAYKVG,8085.577981651376
FFSVPYVSG,6504.472477064221
WVFVNKGFVA,20000.52752293578
LSGYPYYNHDV,9497.885321100917
QPWAYAHGNDL,9900.577981651377
SFVDYDG,6401.811926605505
GWKGAPHLG,3243.394495412844
EHDAGWFPWEWV,22966.95871559633
GEYKGWAFKL,9105.119266055046
YNYFQEPWH,13919.614678899083
LHVGAPNLG,3459.853211009174
ERDWPNSG,2458.380733944954
WPYSFKGWDG,13333.678899082568
YWRSFDWLSG,12995.435779816513
FRSYNRPDSFKS,4304.766055045871
GELGSRALS,3221.6422018348626
HSVSASNKHS,1167.545871559633
VENVSREVRKA,1547.467889908257
QHDLKDGRKVEY,1853.6743119266055
GDVDFDAS,1714.8394495412845
VGFAKQEWAL,5185.394495412844
AVYNSKLS,2557.8577981651374
KYLAQDALSG,1811.0229357798164
EWGNDGQKHSFK,2578.816513761468
GWESFWALG,16129.967889908257
DVQVAGLEPHG,2004.3119266055046
AEDHHDLG,1874.5871559633028
HSLHFPLSG,6179.862385321101
ELWLPAQHAG,4499.651376146789
HLDSHGFKDL,3399.2201834862385
HVFHHAGQPS,3519.3990825688074
ERYRYRWKDA,4017.059633027523
LNAGSNAG,1378.7431192660551
SQVRSRLG,2947.830275229358
RFELAQEPWKDV,4834.642201834862
HHDLHEYWNA,5845.004587155963
NFGKGRVG,3151.922018348624
HPVSSRWKALS,2951.316513761468
AGHAWNWDG,7287.568807339449
SKGWDQSG,1593.6743119266055
DYRAKDALS,1647.0366972477063
VSDHQDVALG,1972.1743119266055
QPRWFYYDLG,25287.44495412844
EAPLRKHFKHA,1715.5091743119267
FSWKKDQEPHA,1654.2477064220184
KRVGKSRWHAS,1689.2201834862385
FWHRARKFRYAG,6683.119266055046
RFYFLFWHA,20209.688073394496
EQLDARSG,1290.7614678899083
EGEPDWGFEWS,5897.724770642202
QNSGHGWGQNDS,2092.8119266055046
EGNSKSEPHLG,982.2385321100918
WLWRREYWND,17349.188073394496
QGYRSGWHL,9716.444954128441
GVAYGNALSG,3352.4036697247707
YVNSNKFPNKD,2144.0963302752293
HPQKFPG,1282.8119266055046
KHHEWGRPAG,2076.6926605504586
KYHQFFYNALSG,7988.045871559633
EFVPSQKHDVAL,2192.467889908257
FRSWHSPQHDA,4645.197247706422
SQDYWFHDVALG,11050.211009174312
PGGSDLG,1284.4816513761468
VQVRAEWG,3820.0091743119265
WDASDGEFEYVL,14273.555045871559
FRPVLGREWHVN,8945.19266055046
GWKSHPKAS,1687.366972477064
RLHQDWKALG,3742.256880733945
YFARSPYNKVA,4414.8302752293575
AQHGGRKLS,1672.3211009174313
FLVSLFYWNDS,16124.990825688074
FAPYVNVVALS,26181.32110091743
APVYGHSG,2456.123853211009
AYGEKGWNH,2601.5733944954127
GRAALKSG,1677.7293577981652
QASPPALRWG,4310.09633027523
PHRFDFYKHV,7721.793577981652
PSSWSHDG,3519.52752293578
QGVEHVQREWND,2443.408256880734
RALVPHSKDVG,1806.7844036697247
EVNPFRAG,3375.288990825688
PLYHPLYWLSG,21919.23394495413
DQYDLFHQEPHA,3860.059633027523
LQLFAPDLSG,8451.412844036697
LPRHHLSG,3079.2798165137615
QVKHFAQFA,5080.1697247706425
GFSHDDSG,2395.0550458715597
PVWGFPHLENV,11568.050458715596
PRAPDGEYND,2309.7247706422017
NLLDARLG,4469.733944954129
SEEVQFEPLS,2455.0366972477063
FVWKKVFNLG,9047.0
EEAGQLFLG,4653.692660550459
NQGKQDVLG,1292.3532110091744
HDPHAWNHAFY,16230.050458715596
FSDAQHDEKVA,1341.4954128440368
FPDWDEYHWD,15835.674311926605
QKSVGEWEALS,1817.834862385321
SFQFESLG,6411.935779816514
RVEVPDKHAS,1304.3256880733945
RYHGYADAEYD,6721.752293577982
GDRYRVALG,5728.9495412844035
FYFKEHFNKG,2951.4862385321103
NHYNVRYNSGEV,4382.802752293578
ARSAQPVLS,2533.0688073394494
RLWVKVFYWN,32966.89908256881
YAHRREDG,2263.2752293577983
SYGQGWG,5181.587155963302
VSRSKVQYWVL,12337.02752293578
LRDHAPHAS,2327.5183486238534
PHRKLPLQFNL,9169.302752293577
FYQVKQYDG,3683.8899082568805
ASVKSHDVAL,1371.788990825688
FKGAQYKEYNKL,2485.5
HVVFRDPKG,3353.7247706422017
ERFHPWLSG,8144.683486238532
RLNRAQREYVA,4906.357798165138
QFVSHDWKLRPY,10975.678899082568
HDRAGYKVEPAL,2922.5412844036696
YWELGWNSDVL,13329.79357798165
NWLGQWHFNDS,12651.52752293578
PAEDLFSRKHLG,3984.862385321101
QKEQVSFWH,5657.224770642202
YKHAKHAFGHDL,3811.288990825688
HKHPHDHLS,1962.8394495412845
VQYPVQRYN,7112.243119266055
ENRHGFDSHD,2923.1880733944954
QSGLVALFKHDV,12092.059633027522
VQHRSNKLG,1756.032110091743
KFHKRLSG,1709.1146788990825
RVERYVEHSG,4274.600917431193
KNGLNSG,1206.5412844036698
WFDRAEKVL,5444.266055045871
DVQQVAREWH,2976.761467889908
LNQHPDSG,1653.6926605504586
KVPVPDVRPW,4400.302752293578
HVEYFYHVQYS,27612.077981651375
ESVRPSYHAL,3565.9174311926604
QYHFRWVKSGQF,12134.224770642202
LDKHFRHDALS,2999.646788990826
SNSSEDVALSG,1409.2660550458716
VYVASYVSQRE,10402.509174311926
PFRGGRWNKAS,3150.1330275229357
NGSSVALG,1833.8394495412845
DLAKHAPNDL,1366.334862385321
RNDDPYKRHDA,1870.9357798165138
PGRHKHFRG,2129.2477064220184
GKAKDHG,977.2018348623853
NFEKVKGEPYW,6427.844036697248
NGPSNKVAENDG,998.6100917431193
YVDFPLQNKHA,3212.4633027522937
EQYSNRHDSG,1627.4816513761468
RERDRGEPNKD,949.6788990825688
QKPFFPNHLG,3741.9587155963304
KHDWFVAGFEVG,12786.724770642202
SQLELRNLSG,3305.6422018348626
RWDHDVWLDSG,10772.224770642202
NSLKYWDSG,3375.5137614678897
EPYLNKGHDYKD,2076.6651376146788
QKNYEASG,1165.8577981651376
RYPLLGQFREH,6312.362385321101
RKHQRHGEPNL,1806.3256880733945
NAFFSQFPNHG,9789.20642201835
DDFADSG,1736.9128440366972
EVVHEHLSG,1504.3761467889908
SQLHRKLSG,2292.146788990826
YDDQDARYNKHA,2051.876146788991
WHRKYKVQAS,2282.9770642201834
PHNRHARPDL,2842.4449541284403
NDNHQFKQWNK,2308.848623853211
DANWEWALSG,5599.293577981652
GWKVRREPKVA,1909.1559633027523
EQLPVVLG,2306.045871559633
ELFRGSFRNK,3767.5229357798166
RHQFDQKYNHVG,2958.701834862385
RRFRDWVALG,7618.935779816514
NYLLPKA,3202.5091743119265
QNEGSFPYHDG,3914.651376146789
HGLGNRVG,2838.5825688073396
WAFAKVFELS,23915.119266055044
GNGVKLSG,1460.3532110091744
RPVRLYWGRKA,5940.9495412844035
FDQKKDLWVLS,4527.334862385321
NGAASEAG,869.7155963302753
VYLALYAG,18605.04128440367
DFPRLQFRK,4790.908256880734
VLWLGKVAQKVL,7411.100917431193
EDWFHDEPKVG,3098.353211009174
LFNYAQYKDLG,3516.02752293578
PRPYKVNKANKV,1265.711009174312
FEVYPWHVFHA,19959.591743119265
WAVFASEVLG,16682.857798165136
YAKGFDYHS,3975.5825688073396
HPYQGYALG,5959.963302752293
EYRAFYWRKHDL,10940.697247706423
EDYFSGEWKD,2949.738532110092
RHKLRNFRPWN,5817.412844036698
DLAVENLSG,1471.334862385321
ADRWWDAS,5253.316513761468
WFHSQEDGFEPL,6001.238532110092
WGVDQEASG,1747.651376146789
SENKHDRLRKV,1343.0504587155963
WPLQFDNDLSG,7447.518348623853
WSFFRHGWDVL,18154.344036697246
NHYQRNGYWDVS,7168.059633027523
KLYSLQYWNVA,9258.573394495414
EHHNNLSG,1178.4954128440368
EDLKWREKDVG,1138.9954128440368
NPQHSHVAS,1193.0642201834862
ESDQHSPYAS,1427.426605504587
PRWQFQWVG,14929.88990825688
LNFHVVLG,15014.784403669724
AEYWQYGQPNKL,5421.770642201835
DKVHRHLG,1821.7752293577983
LGLKAWKS,2990.6559633027523
RQVSLYKHVL,6734.01376146789
ENNKLPGFYH,4513.761467889908
NFNHKRWNHS,3389.229357798165
EVKQQPSG,681.4174311926605
GQSNHGYLS,3092.3394495412845
ALHWNAREKLS,2721.467889908257
KWGGEPHDVG,1857.6467889908256
PFSGAEYNKVS,2311.683486238532
KVGPQFEGEKVA,975.6880733944954
RWSPRKVHVG,3072.1559633027523
WFNDEKDKVLS,2143.02752293578
NEEFRKHVAL,2799.0825688073396
LPYWRWSNKD,7352.201834862385
RNAQGPRPYSG,3388.821100917431
LSHWNAQFVLG,15319.912844036697
QDWPQWHG,6729.582568807339
KYSLWNVALSG,5044.197247706422
SENRVRKHVL,2747.8853211009173
ALVAPVAWVG,10750.38990825688
HEHWEKHLG,3023.059633027523
FNQGYDVDSG,3115.3256880733943
KQNYYWKHV,3796.229357798165
YVPRFHLG,8801.775229357798
GKFPRWDAL,6710.743119266055
WNKWPYAFWNVL,21580.95871559633
GYWVPREYWNKL,12167.06880733945
QWALVGKHRA,5338.100917431193
VRSWDPLSG,4098.779816513761
FVFGPDFALG,14200.577981651377
KSYHSRYKAWKS,2253.1559633027523
RYLRYWQFPDEN,12370.160550458715
HGVAALNKHD,1845.3761467889908
YEHKYWLS,6214.899082568807
RFGRPFVSG,7757.559633027523
GHRPYEDSG,2401.3577981651374
WAESREFENHVG,4505.266055045871
AHRYFYWKVALG,11909.463302752294
EDKYYDLSG,1904.4724770642201
ESGEDPNASRKD,866.183486238532
FWNGHRHLPNL,9115.302752293577
HYVVSYHDAL,17250.105504587154
GYPWNQSG,4137.853211009175
ASGLPYNVALSP,5181.807339449541
YGESSQFRKHVL,5487.825688073394
QAAPDAFEYKS,1733.2247706422017
NRVQWQPWHVG,11704.077981651377
RWFYPWRPYS,18639.224770642202
FLDQEYRDLG,5033.844036697248
WGWLGQVGPNKA,5121.3899082568805
WYRLNHDVS,7374.408256880734
PHENHPHQRDLS,2263.1880733944954
ENDFDQRVFNKL,3369.2752293577983
SYSVKLSG,3788.1605504587155
RVKGKHQPYHS,2121.348623853211
FNLYDVRNAQRK,4291.926605504587
DWKFALRPWDV,13249.105504587156
KWLDKLSG,2611.880733944954
NNSKAKVAS,928.2339449541284
RNSYVWKHNKVS,2841.183486238532
PVDYRNKG,1941.408256880734
HYENVPG,2034.334862385321
PEEKHPG,859.6559633027523
DKGPPLSG,1106.3761467889908
KNQNSHVG,1163.3715596330276
LDSEGHLG,1880.8532110091744
KVSSSHAG,1037.7018348623853
PEVALFEKFKS,6044.261467889908
RRDEVQFEYKH,3154.0688073394494
YQRLNAFPKA,4967.972477064221
PFDLESEYKHAL,4546.4495412844035
HRALPWVREYDV,13074.142201834862
YFKRFRWKDLS,5123.591743119266
GQEHANLKHL,2312.8669724770643
DSHFRVKHSG,2250.559633027523
RERVDLYKHL,3605.6880733944954
FQSFHSPYWNV,15435.798165137614
RPLPSFKVARN,3743.770642201835
HQKNWAG,2241.788990825688
FQYDHVEYVAS,9140.224770642202
AYHPGQFPWNL,14727.70642201835
NDQPVENSRLS,1420.4816513761468
RVKSNVQNDG,1232.8073394495414
SGFGEAGFYWN,15342.733944954129
VLSYQKDVYHD,4880.48623853211
YLQFWQDSFH,16907.619266055044
DLDYVEDALS,2908.440366972477
WERLYLSG,18119.316513761467
KEWGARPYNVLS,7485.256880733945
DFAYHVYKDAS,5229.733944954129
HWFPPVSG,8372.128440366972
QERPRNQFKDVL,1884.8899082568807
SHVWGEHG,3555.8669724770643
RSNDNHDEKL,1037.9449541284403
KDLKHLPFEH,2410.4908256880735
EVNDGWHDPVL,4821.733944954129
HVYEVFYWNAG,28521.58256880734
PLRHDGRFVALS,12903.38990825688
HFQSNDG,2322.3990825688074
SHFYSVG,6427.908256880734
KEAHLESG,883.7798165137615
WSSDFESG,4195.660550458716
RFRGHSGRYWVS,10553.362385321101
WPVWLFVLS,51863.71559633027
PPDHEKASG,1317.9633027522937
AAPYNRSG,2590.5504587155965
GQKPGPNKHDL,1226.8853211009175
AHPLYSG,4364.165137614679
PGEYWNNAPD,4736.4908256880735
LNFHADVLS,5828.211009174312
PFEHPGPWKHDV,5462.399082568807
RGPKSRPFHV,3596.5091743119265
GDVESWALSG,2675.3394495412845
SPSSFRLG,3090.788990825688
GLSQSVG,1703.8165137614678
WSLYWDLRDAL,19424.48623853211
YPYLRGQENV,4234.0504587155965
RYDALLGWKQK,3643.4908256880735
RDSNRPAFAG,3027.2477064220184
WKRAYWSGRKA,3564.6651376146788
APHQAGPYASG,1846.9128440366972
LERQWKG,2802.5091743119265
LGVHWVSG,6792.04128440367
KPYNWHEWHDA,5934.348623853211
DESHYALSG,2505.5183486238534
FPARHLPQNHDS,3096.853211009174
EPLHWNKDFPH,3694.316513761468
YWRLHLQFPHS,15780.215596330276
QEWGASFYPWV,28221.610091743118
WPSRPRDLG,4919.238532110092
DVRDEYGQRL,2625.02752293578
GFGSKSG,2105.5091743119265
FKWDYGFLG,12180.720183486239
HFQLYWALG,19922.477064220184
HVGLQFSYHVAG,18004.30733944954
AVYGDVG,3122.2247706422017
NRYNENFPWHAS,8945.353211009175
DERADVLSG,1507.1009174311926
SQKVGNGKVS,1065.3623853211009
RYHYQRENRWK,4366.4495412844035
VGNNADSG,975.6559633027523
SSPKQAG,860.8577981651376
HPGANKDVA,936.8256880733945
EWHRLQEHGWVL,13579.087155963303
HAQQWHSALS,3906.848623853211
FRGSGFFEHLG,9961.70642201835
PRWNAPFWHVS,16853.096330275228
FKYADVEWKAS,2748.3899082568805
AGRNNREKSG,952.8394495412844
LDLAWKG,3181.0183486238534
LSPKPSYDALG,1659.467889908257
HHSYHYHDLS,6280.637614678899
WQKLQDPNDVA,1942.426605504587
RANKVGSRNKAG,976.0275229357799
VHQPWVNVAG,5007.977064220184
EGDPGFYWHA,6671.94495412844
SFAFNQHSG,4329.412844036698
SFDKEYDLG,2294.4954128440368
WRRQALSG,5004.266055045871
EKPPLFREKHS,1091.8623853211009
ANHVQYSGWHV,8757.495412844037
NFPWWHEKDA,5798.44495412844
KSEFAQWNHA,2903.922018348624
YEDRLPWNLSG,7572.307339449541
WPKEYSYWDA,10238.798165137614
LWPSFWKDVSG,9149.08256880734
RPYSLSEHLFDV,11661.197247706423
WAGHSEWSGSG,4470.825688073394
NSAVAFPWKDL,6254.422018348624
QSHQEKPAS,866.6697247706422
RLEAEFPWHVSG,8098.018348623853
VSDSLYLG,4186.600917431193
NHHLDGPWKVAS,3845.045871559633
RELDRYWDYWD,18245.967889908257
YKEASGVPNKAG,1463.591743119266
FKLDLWNSFEWA,16649.05504587156
KGVSHDYHDG,1854.9220183486239
NQKVDRNVLS,1575.651376146789
HGFGWQEYA,10604.70642201835
FRRFKDLEKHV,2739.064220183486
EHSNNKFPDV,1226.5504587155963
QRFNKGGFSG,3237.119266055046
ANDDLHALG,1724.2477064220184
HQQLGEAG,1216.9908256880733
NQFEPFNPWDAL,17275.84862385321
KREWQVALGFPS,11127.100917431193
HEDGDEYKHS,1625.1284403669724
QYGWYALPNHL,14291.348623853211
HDNLYGKHAG,2527.0825688073396
KPVWKWNKHVS,2271.52752293578
YPWVRLQKG,7172.628440366972
KLDYEHLG,1899.197247706422
SFNEHAPG,2175.802752293578
FDVVKSQDVLG,2261.9770642201834
RKDRWQWLFYDS,15569.261467889908
LGGPQWHG,5856.316513761468
NPANSDVLG,1362.0
ARVGDSRNHV,2430.9587155963304
EYSDGFPVEHD,3404.793577981651
FRFPHDRREWV,8489.954128440368
YLAKYVAS,5175.422018348624
PEWEWYKDVLS,11417.064220183487
WVQKEREYWHG,5617.472477064221
VNEWWVAL,15865.56880733945
GEGKGNVL,1446.0275229357799
YRPWEQREDAS,2188.8440366972477
AEPFVFRENKH,3407.954128440367
AWRGWLSG,10005.435779816513
QLVNQDAL,2358.353211009174
KHAFPFGFPVG,10210.426605504586
YRQVPDVAG,2072.5963302752293
RLDYFYVAS,19917.84862385321
DSHENVEHDAS,1121.9724770642201
NREFGNVASG,2849.151376146789
PYNDLDHDFRA,6505.40366972477
ADANHKLSG,1119.2981651376147
LPFEVPVALG,4730.311926605505
QGRKKSYWNKA,1199.1238532110092
SAGYGPSG,2488.353211009174
QYWQGENAFVAG,6452.885321100917
KGVPHRYWSG,5671.275229357798
PAQVLRYPWAS,14404.967889908257
QFWNYNQEEPWN,6574.454128440367
HLFANDFKLG,6681.98623853211
HGPVGENRWNKV,2261.02752293578
WARHPWSQHVS,9226.779816513761
PHGLQWHPYND,9995.605504587156
SFSRFNLSG,5841.981651376147
GHKHELG,1120.2477064220184
ESQFHYWKRYH,8146.922018348624
GKDLPSPNLG,1629.2018348623853
WDFLDSFPYWH,22577.9128440367
QEPFFRPKNAL,3860.701834862385
HDKPWALRPHDV,4383.98623853211
YGDFPDFEPW,13221.642201834862
KGSEHSGHVAL,1634.1834862385322
WDEGNHVSQRYH,8770.12385321101
YGEGSFREKS,2504.7155963302753
FWVNPVGFPL,25893.435779816515
FGHYFNHSG,5429.577981651376
QVDFGFDVLG,9086.215596330276
PKFGLKVAS,2570.605504587156
KDGYPNHDWAG,4308.082568807339
RESRNGRKASFP,1598.1559633027523
DRWHLLPNKHLS,6501.408256880734
GYNPHVQAL,4385.215596330275
AKFWLPVS,7927.633027522936
WPNAKDFNDASG,2094.8577981651374
QVEREHYNKHDA,1645.8073394495414
NWQVYVAL,38150.28899082569
DRHWLKHVLSG,5909.591743119266
RKARKLSRDLY,1894.8623853211009
PYNPDAFGEPHD,3210.788990825688
VSWNQPYQWHL,17518.30733944954
EGYHHALDVL,4857.706422018348
YGDEPNPNS,1699.8761467889908
FWWRSFVAS,13311.256880733945
VPKPDQPYN,1592.6284403669724
RWFVHSQRWVLG,18625.70642201835
PLQGVWNKHG,2701.848623853211
EGVFGWVSG,6440.733944954129
HDRHPYAGDLG,4091.848623853211
ANEGQPYVAL,3655.5
RDWQRWVENDL,8071.064220183486
HQPGWRPYNKAS,3433.197247706422
FSQGYKDFYV,7741.4908256880735
LSNEVWKDAG,1622.9770642201836
RLDDNHV,2336.4862385321103
ELSPPKAWNKHD,1335.073394495413
FVGYSGQHRWDV,9434.926605504586
QNSQKYVFNKLS,3362.605504587156
EGHSVQRPNVAS,1179.7614678899083
APKSQHLPNHAS,1288.073394495413
AYNFWAQPYKA,7194.155963302752
VADWKDREKHDA,1056.0
RVFDGRKDRPNK,1482.633027522936
VEFPFNDLSG,5317.692660550459
KGPHDHFNHD,2060.059633027523
PLPPPYLSG,4065.6605504587155
YWDNALQPGYNH,6779.266055045871
NKFSYANKSG,1967.105504587156
PKDHFRFEPYG,5493.678899082569
ENWRWNKQRVG,3603.0733944954127
GEYFAHDLG,6575.770642201835
RERWFRWYNVSG,10165.155963302752
VGQGNSYWNG,3224.2844036697247
YRYRDFPWHV,12910.752293577982
LQVHLRVAL,22170.389908256882
AKNDGPS,877.3761467889908
NPPAVALSG,1339.2431192660551
NFSRSNSG,2287.5366972477063
AEHENLEYHLS,3331.8348623853212
QVWQKEWHVG,3540.2477064220184
DSWPWHFYNKHL,11930.481651376147
DHDVHVRWNVSG,3340.422018348624
PGSWNYKVASG,2937.564220183486
YYKLNGEHDVL,2729.7155963302753
KAQLDSQRPKH,1059.866972477064
EGPYLFSGYSG,9356.211009174312
GEPKLSHRPVS,1442.8119266055046
KEHLHSNHVL,2385.8394495412845
NVYHPHWKLG,6019.568807339449
SQWWYDSG,10057.678899082568
EGAHQHVG,1372.8990825688074
RFHREHPYDS,4154.422018348624
WDVNNHSFPYN,9302.646788990825
QKRNDSVPWKLS,1933.0045871559632
QERWQNDAHDVA,1799.880733944954
WKERVAQFKDG,2780.1743119266057
WGRNFRFEKD,5735.908256880734
HPVGFERNKVG,1823.633027522936
HFAHEPALSG,2895.954128440367
GKAYEKSG,1068.788990825688
GVSPYPKHLS,3258.321100917431
REQPYVEKYHA,1950.1100917431193
AFHDYVYKLSG,8171.59633027523
ELPHGWSKSG,2122.5733944954127
WPYHEWAYKVG,12662.995412844037
NRYEASWDVS,4784.05504587156
YHKQKQKAG,768.9082568807339
YEADVESG,1434.9174311926606
KFGVPDLG,2070.756880733945
DRVSYDGFEYHD,8778.628440366972
QQEVPRYKVG,2739.3256880733943
EAHFFRLSG,8795.711009174312
KGYLRREALSG,2462.9770642201834
KGRWYSRPYKDL,5294.55504587156
FWPHRWNFEKD,8523.160550458715
WDFVVGQENKL,5957.325688073394
DSFAYWFYVA,24219.325688073393
DEEWLRALSG,4071.243119266055
KEHLYSGPNHVA,2845.6146788990827
PNHVKSQELSW,2596.1330275229357
VYGADAG,1913.8302752293578
EVDNPKDG,883.7293577981651
RHLLPYGQYDL,12326.151376146789
EAGESYFWNG,5150.926605504587
WNHKAPVSEVL,2117.4495412844035
NVWQALFRNSG,8878.811926605504
YLASHVLWKALS,8738.178899082568
RGGSHDG,1658.711009174312
YQSGAQDLSG,1598.3761467889908
PLHWSPLS,9888.62385321101
HRLRRKLSG,1958.8440366972477
NVGKFWVYKH,9154.357798165138
QNLARYHQWKHD,5455.467889908256
QNSVPYQWKVL,7570.215596330275
QRQLFEDEALS,2773.178899082569
YQYAVREPYWNA,11489.899082568807
GVQFKHKG,1763.3623853211009
VPSYKYLSG,2775.1146788990827
QYKGAEKWNDA,1400.5
PYWSYSQEQEYW,15970.188073394496
GHRDHLSG,2190.4311926605506
EPFVENFRPNDV,3255.9036697247707
KYDELRWHS,3633.1422018348626
YNSEQWDLSVG,6310.229357798165
AHLQARAG,2055.678899082569
GAPKQSG,960.3807339449542
SRKENRYKHS,1135.6926605504586
DEHELQPS,1382.9816513761468
NQYVEAFYHV,21737.8623853211
SWAHLEWKDLG,6270.380733944954
EFEFWVFPKD,23102.92660550459
FLLEWDAYWNH,16583.65137614679
HGAGWALPWNK,7965.8899082568805
PHGLAGEKHAS,1231.7431192660551
DWLSGLPKSG,2629.880733944954
ENNLQRENAWKD,1838.5366972477063
WYWWVWHDALG,20223.344036697246
PPGVFKSG,1676.9724770642201
PEGSQDVLG,1314.3256880733945
RSKEVFYWNKD,2969.4770642201834
RQYAFVQRA,9014.220183486239
AGSFKRNAS,1784.3623853211009
YRYLAWVG,13666.073394495414
VSWGGFRPKLG,6258.40366972477
ALLDPHVA,3186.623853211009
HYEYKRSG,2613.178899082569
QNSQVRVYKH,4659.288990825688
VNSHFWLS,11880.155963302752
VEWEGNKAS,1817.9036697247707
KNHQNPKLS,1210.5275229357799
ALFHGQYVEWH,16025.247706422018
FDFEGDEYSG,4082.348623853211
KHFDFEAPWASG,5012.077981651376
AYDQGEHASG,1432.619266055046
QKRYLFHSQW,9856.766055045871
VLRHDRWSHDSG,4595.568807339449
DEHASSRHSG,1325.7018348623853
PFYSRPAPHVG,7185.224770642202
PKPLEVGKS,914.7110091743119
QLWSPQEVSG,2812.8853211009173
QVPRHDQEPVL,1733.6422018348624
QWHPPDFYKDAL,8217.577981651377
PKHEYQGFYHVG,7750.642201834862
LRQWEYHLG,10978.302752293577
EKSKWVAHVG,1616.6146788990825
QLRLREQYWNDA,6438.1100917431195
AHFKVYALSG,11447.256880733945
AYAFVLDG,25591.371559633026
DRSAKAG,1173.7431192660551
YHALNQYENA,3801.743119266055
VNPQFNG,2644.9770642201834
KVKDHSEHG,808.6146788990826
FNHKALLGRYHD,6616.706422018348
DPEVYWSG,3399.605504587156
HGLDRNVLS,3233.0183486238534
LYFFHVALG,14499.756880733945
RQFPRSGNDL,2613.623853211009
AALDWALG,5543.215596330275
QNNQPAQRKD,1243.8394495412845
QSPLYQYWKH,6331.807339449541
ASEYDYFRYKLG,6570.788990825688
QFVGYEHWKS,5431.912844036698
LPNEQEWHAS,2163.9036697247707
PEKRLYKVLG,2897.394495412844
DQHPWRWDS,8714.862385321101
VFHRLSEWKDV,4822.4908256880735
PPREARLSG,1400.2431192660551
DANFVGRYKHV,4727.073394495413
WFRSASYHDAS,7204.0
VQEVKVAWNKV,3672.6743119266057
SFFARHDAL,8515.334862385322
PYHAENANDAYG,3435.316513761468
EKVSDREGRKA,688.1926605504588
QKNFQEPG,1157.105504587156
WVYVNDAQEWL,18447.981651376147
RNPFVEWKAS,3781.3990825688074
DQWQNGFRYKHL,9030.98623853211
PFGLNSG,3780.706422018349
ARDSRLRNDALG,2618.3853211009173
NKQADQEYDSG,1077.8899082568807
NPKESFALS,1410.394495412844
VGSKYKDLSG,1525.3532110091744
GFFSASG,8014.59633027523
GEELYVLSG,16708.20642201835
RALFFNDQEVLS,11248.756880733945
QGVSEYDVNALG,2892.146788990826
FKLNFNLPWNG,12166.073394495414
HLESYDQPYHA,7153.733944954129
QFNHAQGASPW,6305.885321100917
WDDGHVREHV,4618.01376146789
LSERREKDL,1607.4449541284403
RSVFDSPWAS,8087.394495412844
FWKSASEYPWKG,4340.385321100917
SPVWAEVL,5135.688073394495
DHAPFPALSG,3031.7201834862385
EGNWDNDVA,2170.454128440367
FNELKSRYG,4390.371559633028
QQWGSGYDVA,4255.738532110092
SRVVQEHSG,1645.7752293577983
QWQKWKVLGYHA,8774.839449541285
LNYAGDVLS,3676.6330275229357
QEESNLSYDL,2565.8853211009173
QRHWWDFPNKAL,10820.54128440367
WNAFWYKVEWKD,17094.0871559633
NELYHRLG,6242.633027522936
KDHPEALG,1042.6788990825687
NSPYKFLDAG,3502.3394495412845
GLSPLNLG,4140.311926605505
GQQGKAG,938.1559633027523
KQHRRWSG,2542.2844036697247
SWNFHQYKHA,5123.752293577982
NYHAERHVSG,2425.6651376146788
PWEYENAGWVLG,19028.577981651375
QGEWPWRHDG,9843.20642201835
ESDGLQPYHAL,3658.8715596330276
YKVEAQKVSGF,3696.298165137615
QWGVPWHLYWN,26839.98623853211
PEWAEREDLSG,2268.9862385321103
SEHSGDQYVG,2267.3440366972477
EEALLFKAL,13398.743119266055
LLYKVWG,10002.155963302752
WYVKDLWHA,11367.02752293578
YNVVFRSQYHAS,15893.79357798165
SDDGQRNKDV,1255.7568807339449
EHFFVGFPWHLG,29805.559633027522
HGESQPPALS,1850.032110091743
HPNKHYHFPKD,2826.2522935779816
YFNNHPYNDA,4829.311926605505
PAELNKYHSG,2377.743119266055
WYALQGFLS,16626.22018348624
HAWHNKYNDVG,3575.3073394495414
DVFPKLFSQEYK,3869.788990825688
DSSHEPALG,1151.197247706422
LRGKNALG,1874.1284403669724
QYSFGEDGRYH,6793.04128440367
HQKSKVPYWDL,4884.087155963302
FRNVNQPKWNL,5945.95871559633
KADVLQQRWD,3732.298165137615
YPKRDENKHDS,939.1146788990826
QSYAYGEWKH,4289.8302752293575
FRQFWGFEQPNK,6566.477064220184
YGLRPGQVG,3876.376146788991
REGNPNVQRDVS,1326.633027522936
PRFSDLSG,4083.935779816514
QQHGYWEYNKHS,4992.027522935779
LQWANAWNVLG,11114.752293577982
VGWYKYHVLS,11625.073394495414
NNADFYG,4481.422018348624
WFLQPFREYKHL,13549.128440366972
DFVDRYG,5128.587155963302
RQLHVNSG,2456.2247706422017
KNYDWAL,5433.628440366972
YVAWVGFNLVA,37788.64220183486
NSEGKDQWKSG,1563.4174311926606
HHYKDWG,3640.756880733945
DKQKVRLG,928.7110091743119
DLSPKVGYSPKA,1485.532110091743
EYVLPLYWDYNH,24121.224770642202
GDVQWRWVA,10202.871559633028
SFRQSFRNKDA,3325.9266055045873
LHAFWDVPWVLS,30010.0
AQSAQNASG,1049.0550458715597
LPYNAGLGHA,3514.059633027523
KADPDAPYKDG,871.2844036697247
SQFQEVASHL,3528.3853211009173
DRLWGYHDAL,11064.298165137614
LDQDWNKHVG,2618.3348623853212
FAAHFKLG,5383.844036697248
SFDRSRPYND,4895.146788990825
GYHSAFWLS,16526.784403669724
RVKYYASG,4618.133027522936
PFGYYNG,10353.52752293578
WFVVGNVLSG,16868.435779816515
FNVLVQPWAEKD,6871.40366972477
RAYDHDANAG,1830.3119266055046
GFYWDFEHAGPN,9267.93119266055
KKNFWAG,2072.935779816514
DLFGDALDVLS,4232.995412844037
KQQHLHALG,2133.697247706422
QEYQSGNVQPKV,1316.091743119266
GNVPRVLSG,2675.3394495412845
NVSLEYWSWAL,26562.22018348624
DKHYQYNKDAL,2097.467889908257
AVPWWKHVG,6773.114678899083
YDHEYSYNHDV,5450.678899082569
WRYWGLQDVLSG,12184.19266055046
LEWGYAWLG,14430.197247706423
PLGRKWSQFPHD,6968.036697247707
EWVEYSVFVLG,51435.16055045871
AYQADVAL,2684.119266055046
YANQQPDLS,1901.5550458715597
NFFYAFSG,14282.43119266055
KKSKQNG,865.743119266055
EGQRFYFPWLS,26292.628440366974
LNLNGNG,2307.1926605504586
AGKVQPQEWK,1320.5963302752293
QYKSGLKVQRAL,3271.0688073394494
HPDAGNRHDVL,2163.8394495412845
VERGQWKSG,2104.201834862385
PSVGYVAEVG,3368.1284403669724
NSSGRASQHDVG,1569.3623853211009
VFGLYVALS,22140.02752293578
AEVLDAEPNK,1094.2981651376147
HFSNHEAG,1921.9357798165138
KELDWALG,3465.587155963303
WFYYGFYDAG,5494.811926605505
EKFEHQAQWDL,3865.954128440367
ESLSSFEG,1374.1284403669724
FRQVLQKQENAL,1897.3761467889908
EADRDPWHDAS,1997.105504587156
LNLYGPDS,3934.353211009174
NDRVWREYSG,6194.518348623853
HFFYLYSG,11567.463302752294
PEPGSGPYNVG,1845.4449541284403
DLAWNHDEYHA,4302.733944954129
PGQGQEKQWLS,1706.4908256880733
KGWKNKFRYK,1394.633027522936
WPQAKAG,1646.4724770642201
VHLWAYLG,13733.912844036697
QKRFYHAEYW,9841.105504587156
ERKPQPWDSG,1715.802752293578
KWLQNGHSG,2277.4174311926604
FHYGEWKPDAS,2827.3669724770643
WPYFNRPHVAS,10727.880733944954
FDFQWNEPWNG,8179.270642201835
FGRERKNKSG,1074.2752293577983
RAQFRHPFREH,5418.866972477064
FLHHFKVLS,7405.0091743119265
SQFEEYKKHG,1749.48623853211
DQFDWGPVG,4589.9908256880735
PGLEAEPWKHDS,1677.591743119266
PPNHRVLQYKHS,3126.1330275229357
WLNYHDHDAS,5282.532110091744
DRPHKLFWG,4970.064220183486
PFGREVEDAS,1526.6743119266055
EEYRWKQYDSG,2754.954128440367
FEHQGWKHGQA,1994.2706422018348
EAHWPHLSG,3198.238532110092
NWQHRNKVG,2738.5183486238534
FARGAYKDLSG,2802.105504587156
YWYHYDLQDG,6302.284403669725
WGVPDGFYKV,13981.01376146789
NLNFLEYWKHV,10332.142201834862
FHNQKDQHVA,1220.0275229357799
YVFKKSQYWNVA,5405.188073394495
LPGNWNLSG,2565.1559633027523
HGLKQVLG,1788.5
YKVNRHAPHS,2126.9770642201834
PESQHPKG,902.1284403669724
VHLPEHVG,1851.366972477064
PWLVVSGRWNG,20230.39908256881
NKGSWHANDSG,1391.6926605504586
QKSFPLGYKDP,1547.7568807339449
WYRHVFSG,9266.288990825688
SHGEKGNA,812.316513761468
KDYDNAQYWK,2641.123853211009
DEWLYAGNALS,6349.04128440367
RPHHRYSFWKLG,7724.238532110092
LQPVGFSEYWA,10218.449541284404
RAVWKVRENV,2796.9862385321103
DLDLNQYNHVL,4942.018348623853
WVPRRPKHV,3976.353211009174
AQYRWEYHVS,10940.348623853211
GEHVLNQFPHG,4403.779816513761
YDYFQFWVASG,10124.137614678899
ASVYPKAG,2043.211009174312
PAAGLWVSG,4769.963302752293
FSKDFWKDGFNV,5130.435779816514
LHREPVVG,1819.302752293578
NFKHKDAQEPY,1816.1238532110092
DFKHAAPYHV,3486.5366972477063
KYAFYWEDSG,8555.201834862386
QFEKHPHGQHY,3194.9633027522937
FQDNPYG,5470.091743119266
HRYHYDSRWVLS,11761.477064220184
FDNFEHRKAL,3675.2477064220184
EGAYLRNSG,2208.059633027523
SNHGNYWNKHDA,2347.3119266055046
AFLQEYENKH,3039.922018348624
RSPNEKKHAL,996.6651376146789
YNFFRWLNKHV,7887.123853211009
RWLGFSQFDQW,24477.784403669724
FKGRSRKALRNH,1761.9633027522937
YRFARLSG,6198.527522935779
YRQLKDSG,1875.1467889908256
YSAPNGFEWV,9636.577981651377
GPVVRPASG,1188.1467889908256
FFNKYASHG,3060.293577981651
DDASENNDLG,1294.5963302752293
FNFVLEWHRNLG,19721.38532110092
GQNLNDGRLG,2939.362385321101
ANHAWSFRPWKG,7054.788990825688
NFPRNSFRNAL,6506.761467889908
EFQFGQHDALG,4069.1605504587155
WGWGRENLKHV,6790.816513761468
GWQRFVSG,8905.045871559632
DAFRPYFWWDA,22238.467889908257
NSFLKLGQRKDV,3111.912844036697
RYPHHSYWAG,8769.825688073395
GQDNKRSG,882.0825688073395
GHWKPHLSG,3194.032110091743
LVRNYKAL,4757.233944954129
RQVYSQLG,4272.279816513761
KHLNWKGRHDS,1960.6788990825687
HYLKLPALG,5356.032110091744
GVYAFWNKVA,7638.605504587156
KSVFKGWHDLG,3421.623853211009
FFRWNADVQYKL,10151.47247706422
QPRYANAKHAG,2497.683486238532
LRWGSPWVAG,11566.766055045871
KLDYHDQNKH,1510.7568807339449
HAEASKPNKHD,984.5229357798165
KVLSKVQRWAFK,4367.206422018348
FAFPHGGRWKL,8456.183486238531
KDPLGHRPLG,2036.1146788990825
PYSYAQENFRWK,9079.311926605504
NKPYLKVLFWL,22886.74770642202
NNHKSWLSG,3208.4862385321103
YEDVDFNHDVS,3894.1146788990827
EQDYDWDG,3137.5366972477063
YAYKHYAFRYHD,8767.165137614678
AKWGHAG,2380.9633027522937
YPRDGQALS,2216.0550458715597
LNDERKVALS,1369.9495412844037
VWSNADSG,2567.706422018349
AHLEQPLSG,1614.7385321100917
SFSAYDVLG,6684.233944954129
HQFWKLYSEPV,10165.98623853211
ERAVEKVLG,1100.2247706422017
WRLERLSG,6592.018348623853
WDSHLQRPAGFY,19294.9128440367
HLFFKENDALG,6054.770642201835
PSYVHLYWVA,25084.697247706423
PHRSFRPWEYWN,16928.52752293578
GHWAVASG,4230.412844036698
NFWLHVYWHDSG,17866.256880733945
NYAREGFRPAL,6641.977064220184
ENWWYVAG,15144.80733944954
GFDQVRNKV,2471.454128440367
LVQQRSG,2037.6100917431193
VWDQLEPWNKAS,4059.9495412844035
KQNKLKGRDSG,706.2477064220184
KSKRAYKHDL,973.4357798165138
QAPVVRWHVLG,6272.206422018348
PLEVPARWAS,6645.642201834862
NSQLNPYSG,3590.738532110092
APDNGYDLS,1931.2431192660551
SQFKVFGEWDG,9283.545871559632
PSHDFQWSG,4856.357798165138
SKQSDAG,792.9724770642201
QHFEQYHAGQRD,4134.8899082568805
KLFAPYHRHS,5660.5
NEVSPEPYHVA,2865.4311926605506
REGVLNSPKDA,1082.197247706422
DNRAFKHVL,3628.0183486238534
RVSKRALPYWV,8975.247706422018
WGDYPHAS,5920.279816513761
PEGSKVG,1263.4770642201836
LPKVPLQFYWKA,10576.440366972478
NGRLNPWNASG,4469.45871559633
VSEAYVENLS,4281.701834862385
WGVDEWAL,11203.270642201835
AVDQFEKVG,1741.5045871559632
RFPWHWARPH,11921.243119266055
DRLLRPALSG,3933.788990825688
VHLHKDLSG,1935.834862385321
WPYHGGPKALS,5058.022935779816
PAQKRKLQEWDL,2300.559633027523
EWDLDAPKSNV,2245.591743119266
HFEWGKRNDVL,5285.573394495413
VREEKDVKHSG,870.4770642201835
NGPSVGNDVLG,1637.5504587155963
WWQNLVSG,10468.683486238531
HRWLARVASG,6902.756880733945
REYFGQNDFYL,20252.20642201835
PEWPLGYNKDV,5404.715596330275
DLLFSPYNKS,7205.064220183486
WVSGQPLDANHV,3253.894495412844
LDSNSAG,1181.665137614679
QADKANAG,733.7018348623853
FNAWPHVFSG,16975.65137614679
LQDYDQPWVA,6716.825688073394
AAYFWALSG,11828.261467889908
HVKVSANKDLS,1647.9357798165138
NGWVDAFYWN,25387.29357798165
YNGEKWGEYDG,4499.518348623853
YAVLLPWHG,22869.142201834864
NRVWGHVASG,5236.339449541284
EGLYNGVSG,2016.2431192660551
RQSAKLSG,1197.7155963302753
ALASEFYNKLG,3990.321100917431
EDRSREHAFPYV,4961.463302752293
EGWGWVGRPWN,14506.362385321101
REQEPDEDSQL,1111.3899082568807
YLFWKEAFYKHL,8416.536697247706
SANGQLG,1509.3119266055046
NFFSGYG,6420.5
SALQYHWDLS,10808.990825688074
RQALLRNSG,3084.5825688073396
DKQNQPSG,819.0917431192661
YKYFHPWDAL,13388.055045871559
VAWEEWDVL,7502.064220183486
ESHKPKVAL,1045.2522935779816
QQGWNGHDAL,3467.97247706422
LHKVFPNKDA,2133.137614678899
NFDEFPALG,4690.766055045871
LSDNKVQRNK,1001.756880733945
AQLQAKDG,931.9174311926605
KYAVDVS,1681.01376146789
NDLSSYLFYHG,13257.435779816513
GEWEEVLSG,3298.9449541284403
WLGKNFEYWNK,6478.917431192661
YFVENNVLSG,6777.325688073394
PRYNGQHLYW,15693.967889908257
WGVDPHVAS,4342.4495412844035
LPNQHFHDAL,4985.215596330275
RHGKQQHVLS,1791.6422018348624
NPFDPAG,1919.2247706422017
LSQDAHQFPV,3065.077981651376
NNHKRHSG,1416.651376146789
SEWHYWGRHA,8657.80733944954
AWQQNKVAS,1784.7477064220184
KNLVHDG,1515.01376146789
WANRGEDLSG,2541.1880733944954
GDSNNSG,1094.7201834862385
NHDVYSYSREHV,6232.752293577982
YNYPLQFEYA,19913.325688073393
GHFESDG,2506.8990825688074
LWGPPALSG,5258.339449541284
QKAFGFNPKDLS,2756.3715596330276
KFKAHGQFNSG,2363.3119266055046
EHWQLFYAS,22699.380733944956
ERDQELWHDVLG,3228.97247706422
DQHFPGYWVLG,17766.770642201835
HYRKGYSG,3398.5045871559632
YHAVLHAQRA,4349.825688073394
NDQWWNGQEYNS,5080.229357798165
WWKFLPHG,10159.47247706422
RWQDNQREYNAL,5978.743119266055
VDENKRG,905.5733944954128
NFEQQRPYNV,6843.701834862385
ADLQYWVDALS,10606.54128440367
QAHFAGWKHSG,3396.2752293577983
AWRHLASG,5367.931192660551
KAYKDVYNFVA,4944.715596330275
ANVVPKVLS,1861.3853211009175
FYAEDGYKYNAG,4053.3073394495414
YAQSDLGQPD,2122.408256880734
SRHAVFPYWA,16280.440366972478
ALQEKENKQRKD,956.7981651376147
DYWGNSEPYWV,17542.435779816515
AHRSDVLSG,1883.2293577981652
FAQSSEYHAS,2375.045871559633
WSEYQPQFHG,9724.243119266055
ERGHRPSG,1635.01376146789
REEWKSHNKG,1342.2339449541284
QVGGLQFEKHL,3186.5091743119265
AARYGHSG,2634.738532110092
EFFDPLG,5534.399082568807
RSKWEYHVLS,6002.733944954129
SRRYKHHG,2469.380733944954
WPDWFDAS,12263.47247706422
PPNLKASENKH,924.848623853211
DDFAYSG,3703.3669724770643
NWSWNPNLS,7724.288990825688
PHKQWHRNHS,3157.3577981651374
NHLFQFLREW,20050.183486238533
KHDEWAVLPYH,9913.701834862386
DVYKWDHDSG,3033.3073394495414
QESGWGRSGRD,2885.3990825688074
DGDEGQEYNS,1542.6559633027523
ESGGKLFYWK,5499.266055045871
HHPYWWSG,16353.201834862386
YKVVGEDLFHVL,8559.298165137614
DAHDEQPNG,1209.6743119266055
RDDAYLWHSG,7028.247706422018
DVNKAVSQPHS,1134.4724770642201
ESKVHVALKVSG,2309.5963302752293
YRNQHSFYDVL,12136.174311926605
YSEGAGFYKDV,4245.8899082568805
VHDGNKWVLG,3762.940366972477
RKGSKVAYHDS,1147.211009174312
KKVYGKASG,815.0550458715596
SEPSSNKDVAG,756.394495412844
PFYRKSEYNHD,5020.160550458716
VSEGVSDVA,1125.380733944954
YKKRSFWNDAG,2802.7522935779816
YVPRRKHVASG,2542.435779816514
LVAFHQRNLSG,5953.802752293578
QFWYWVRALYN,13322.912844036697
EVLGSQKFVALG,4478.967889908256
RYVWSKVSPDV,5032.146788990825
FHQNNKLQYN,3060.8119266055046
NNESASG,927.8577981651376
NVGNRNFRWNKV,4781.04128440367
RLRVQSGFKHS,3915.440366972477
SKEKYVALG,1577.651376146789
DKFSASG,1075.1009174311926
HWRYQRLG,8544.816513761469
AHKDFEPYHVS,2918.0366972477063
YLHPPWHDV,9941.211009174312
RNGPLRYAPHV,5887.536697247707
WKRGNDQHLG,2840.8440366972477
YHSRFNRDVAS,3983.1651376146788
VPFWVRVSG,16916.243119266055
DHVWLQKHDS,2920.8256880733943
HRFANDG,3281.798165137615
PYHEHVQKRPK,1573.0045871559632
PSYQRYVPA,5509.48623853211
SWSVRSG,4930.866972477064
HAAEEALSG,948.9449541284404
LFGSNAG,2798.1422018348626
PPNEFWKDVL,2958.091743119266
HVSQASFWAQRE,4684.5091743119265
RLQKQKKASG,745.1697247706422
AVEDGASG,955.0412844036697
QYYFHGNHDVLS,6609.197247706422
NHLYNQWGPKS,4214.646788990825
SRPYRGRYHLS,7196.293577981652
ELDLKDLVA,1632.0871559633028
YGDSVSFPYKA,4872.01376146789
PVGHVRYVQREY,12757.577981651377
GYYASPSG,3342.9633027522937
EDEEYNDPNKHS,1185.0183486238532
NHFRKQWDVHV,5644.477064220184
LSAYEHLG,3593.8577981651374
RRYHSHLNAG,3610.2844036697247
KDYSLGRPWNA,4196.665137614679
FVVVLYDLG,29974.24770642202
NYGKRWKAG,2736.9862385321103
DNPQALG,1256.9816513761468
QKQDAEHAEWS,1219.0
APAYYKDVAL,2903.3669724770643
KGYYVPWHVLG,10980.06880733945
WLFPVSKHYKS,5326.224770642202
SPGWGQALS,2568.1330275229357
ANPNQLG,1457.366972477064
KPQVWALSG,1999.619266055046
WPLRLDLSG,11988.41743119266
YSHEYDLEKVS,2567.178899082569
FVNYPHLG,6560.137614678899
ERARYPNKDVLG,2024.6146788990825
AFGEEWLG,4143.766055045871
NQPNYVREKL,1824.9036697247707
NLFEYFAYNKDS,8824.683486238531
PFQDSQWHVS,5149.5091743119265
RYVLNHDFHSG,5873.064220183486
SNQAYAG,1456.6467889908256
YSKWENLG,2693.1330275229357
AASESKSG,563.8440366972477
SNLHWAG,4132.155963302752
HDDYKLYWKD,3113.3394495412845
HDWSESNHA,2438.52752293578
AEDWHQPSG,2178.711009174312
YRKPHYKG,2142.3073394495414
EWLGGFEKVGV,3747.3577981651374
WWRHNASG,4876.105504587156
SNQQWVAG,2247.435779816514
HVQGAGFPYHA,5178.711009174312
VSGNNAGNALG,1291.0229357798164
WQEDSPNFNDA,3609.9495412844035
FRVGQNLENLDG,3609.5733944954127
RKWLVGFKDV,5344.642201834862
FNWDEVENHG,2971.6559633027523
KAEQWSREYKVS,2263.738532110092
LRESQYSEKD,1564.3440366972477
GKPQKLSG,984.9174311926605
DVSFHPLEYASG,6673.44495412844
FWPLDVLYWHS,12407.215596330276
QEWPWAPNKRS,3487.7247706422017
YYNLYKVGWHV,9717.41743119266
DQYLFEKQRWHS,6096.357798165138
FWHNKQRNRPNL,4378.353211009175
PGSNKRDG,918.0091743119266
FALNQRHQKDVG,2093.9862385321103
SREYFKFRYDA,8341.711009174312
EQHKKLG,828.0733944954128
WVQHDQVPHV,3468.183486238532
ADGRRVLSG,2912.8073394495414
FRDYDRDVQRWV,9410.908256880733
EFSNNLG,2368.591743119266
FKNVAKWVL,5399.348623853211
HRDPYLSAG,3528.770642201835
ASAAQKLG,1037.1422018348624
EHGWEHVKDLG,2351.105504587156
FQGPYRHVLG,9492.426605504586
QWPKEHYWNKAS,2525.9954128440368
QVRPHSALPD,1925.0550458715597
KNENNKG,672.7385321100918
QSQPEPWEWNA,3428.9908256880735
FNAVKVQYDG,4833.876146788991
NRRQNDLSG,1965.3256880733945
FHFPHEYVEHA,4481.344036697248
WPVPQNSG,2360.761467889908
NGERDLKVL,2511.52752293578
PEFYPNSG,4580.059633027523
RKNNGLSG,1158.6146788990825
VYLNWDVALSG,9961.97247706422
PNALSVKHEYHD,2797.761467889908
PQHSLQHLG,2541.853211009174
EYGSRNDGEDV,1555.4128440366972
YPWVFQHDL,18363.8623853211
EWFGPNASPH,6249.0091743119265
PVDGHVFNKL,4015.830275229358
FESAARPWKG,2650.6146788990827
FYRFLEPDS,5251.963302752293
PSLPNSGASG,1277.4128440366972
YKVAGDKALK,1107.4908256880733
NFYYNSREHG,5059.623853211009
HFVHPHLSG,5860.105504587156
AQNWSYKG,3525.440366972477
RPWESGFDALSK,7579.894495412844
WPWRYQNKSG,6862.660550458716
KDRVFELKDS,1788.6559633027523
FWNSQFYRLGWN,17245.825688073393
NYWRFDASG,8150.6697247706425
NFLNKNLSG,3029.4816513761466
QKWAPKYWALG,7388.3302752293575
NSPHNVLGKH,1842.0366972477063
NVAVAQDENL,1387.2706422018348
DKYAENLG,1154.4954128440368
FGVGFRDPAS,4107.642201834862
YWDSHSWQYWKA,10895.926605504586
QYKVYAEPQWN,5837.0
KFQWRPAS,4312.224770642202
DRVLALHVAL,22723.48623853211
HVVRQYHDAG,4131.55504587156
VFGAVAG,2800.348623853211
ARQKWHDVLS,2695.1100917431195
PDRYQEVRHDAS,2114.059633027523
GAWGQRWDASG,5379.94495412844
VVKDDLSG,1123.4357798165138
KPDHNLG,1075.3853211009175
RGQQAGPYWNH,5890.94495412844
VGKKFRKLS,1016.605504587156
PFSGQHKSG,1857.4633027522937
KGYNLHPYDLS,5692.467889908256
GFKQQFHLSG,4926.0
LQYVRGQAG,4031.894495412844
RVSEVWVSYKAG,17152.633027522937
VKAKVWAG,2358.137614678899
PHQWPKHLYDVA,6624.229357798165
PEQAGWG,2924.9633027522937
PGDVFGYHVALG,9689.830275229358
VQPDRVLSDA,1538.8073394495414
LWAKKAG,2304.7522935779816
PYLNWVSYNKLS,12751.339449541285
DREVDAFEDLS,2266.4770642201834
NEQWRKSG,2358.243119266055
VKSFDKHALS,1839.4220183486239
NDRQNDSNKHDA,1090.2018348623853
EDWQDFYDVLS,8323.504587155963
AGEHSEVRYNL,4243.857798165138
GFPEDSEPKA,1382.8761467889908
YGEFNFEPYN,11007.522935779816
SREGWLRDG,6373.98623853211
KKLNRVLS,1265.8715596330276
PWREPQRGEVL,3147.1880733944954
NNEHYASG,1946.6926605504586
ASSHDQHG,1397.0504587155963
YWQWYKVDVA,9197.940366972478
PSPPLSWNHD,3202.6422018348626
LALKYVSG,5898.775229357798
RPPDFPWFKDA,7119.174311926606
KYPYARDAS,2897.348623853211
DAYEREPNHAL,2368.8440366972477
LVPYGWLG,16131.733944954129
GKHNLSYSG,3069.954128440367
HLHVSFGFYWSG,27567.756880733945
VSKKHRVG,1425.1422018348624
KVLVYWSKG,14071.408256880733
QVAVLVRPNDSG,10337.577981651377
VPWASRKNHDVL,3398.293577981651
QQNPRNAG,1520.9816513761468
NYSEHFPYNV,9567.573394495414
WENKVYSFPVAG,9922.802752293577
KWKGAEPWNH,2909.564220183486
PFGPFPSG,7677.454128440367
SSYVGVALG,6053.821100917431
DHVHFKSG,2254.5733944954127
QEGWRENARYN,4368.926605504587
NNKYWDRVS,4440.54128440367
WADVPQPVAL,5431.591743119266
HRSRRPLS,2752.454128440367
KNYNNVSG,1728.665137614679
EAGSWKHKLS,1562.7064220183486
EGKGHREWHVS,2038.2155963302753
ANAFASNKDLG,1776.6467889908256
RVKRNPKDVLG,1342.1376146788991
FHPFWHDRWVAL,26490.408256880735
GEVFNFYHDLG,15387.02752293578
VHFPKADG,2168.1284403669724
YQNWHFYWKD,12050.779816513761
GFAWQYLG,15769.19266055046
YSRVYKEPND,2642.770642201835
FPQPREHAQRYL,6421.729357798165
VLSYVEALQYK,11063.408256880733
DNRNEALS,1272.7981651376147
WYDGWGFENHV,14161.036697247706
QFASWHAYHGQ,6784.036697247707
LNGLWNHDVS,4262.311926605505
FAWNHDKRWKDG,3624.47247706422
VQDVRNREYNDS,2108.8348623853212
EPRYSWHVSWH,15750.211009174312
QQHDPWFYNHDV,9360.032110091743
GRAAREG,1341.651376146789
ESHSWHWVL,11837.385321100917
NPVNLYALG,7389.412844036698
NVRWFYNDADAG,10312.651376146789
NGRSLFDVAG,4123.4908256880735
FFARQFRWNDVL,14217.798165137614
DRPPEPNKHA,1105.1100917431193
SGKPRNHVA,1524.7522935779816
KVRPREGQND,1020.8899082568807
RDVWQRVREKDA,2349.435779816514
AWQEVEWG,4919.51376146789
RNDNPYHEPNKD,1902.3394495412845
YRRFPVG,5859.5091743119265
FLAKSFDVAL,10158.233944954129
EDLKLPDPKHD,1106.1880733944954
EHHSLGNHG,1942.7614678899083
FQWDKLYWSG,12398.665137614678
ESVWELSG,3209.02752293578
PDEWQRLSEYS,6943.821100917431
LDRKWKVALS,4079.5825688073396
RGLQVRAS,3079.1559633027523
EEPKQRLEDVS,743.440366972477
DSQDADPNHSG,1083.665137614679
FQLNQYSG,5905.344036697248
HDWNRYVRKVA,5833.954128440367
QKYGWDYDVL,9274.550458715596
QNRRYKAYG,3093.0412844036696
VEFYYSG,8776.935779816513
KVPLSWGQYNL,7039.467889908256
LEKVDQPWKSG,2402.3990825688074
HNWQDAG,3111.8256880733943
FYYSASEPYNH,4091.6284403669724
NEQHHLG,2661.4862385321103
ARAPNVPSG,1501.1284403669724
GWAGSFVG,8824.050458715596
RWGHAGPHWNG,8031.238532110092
VHYHVELG,5264.871559633028
ANALSHYDG,3329.6926605504586
RWEGSNVAS,3748.183486238532
HQRNKAAFNKDA,1152.1788990825687
SGLQSKASG,1390.2706422018348
YALDQRWGYH,14308.830275229358
HVFNEWNQVAL,9687.866972477064
FGAKNHAL,2682.5412844036696
GGELGVLS,1944.032110091743
GNGFYRNG,6162.9908256880735
AWLDVEVG,6044.922018348624
DSERLQFPNVAG,2811.637614678899
ALHPLNALSG,3949.651376146789
QWYEEPWNK,6528.724770642202
QLPYFRELKLS,10397.362385321101
WRFPFNG,12718.059633027522
GHNKAPAS,1160.9220183486239
RKFDQVLQNKD,1617.5
LNAEDSHG,1404.7935779816514
PDPNWSYNH,5181.059633027523
FYLYHAWLSPKS,6032.642201834862
APHDYGRYKDG,2326.935779816514
VNQADSG,1126.6238532110092
FLRRSWKHAS,4802.6697247706425
QGWFEGWNAL,13355.59633027523
HNKGYQREWNH,3818.880733944954
NNNDRAG,1391.6834862385322
KYVVRYKHAS,4121.665137614679
WRWQWVQFEHDV,17961.55504587156
QKNSWDFRAG,3506.422018348624
GYGAYKVALSG,6362.935779816514
GNPWRVALSG,8298.394495412844
FLKKDGREKA,1057.8440366972477
HRDQAEPWHV,3924.1146788990827
HLWYLSQRNVS,9049.853211009175
APWVWGQEWNG,7094.724770642202
ARQRPHFLG,7031.844036697248
YEPQWEPYDG,8403.45871559633
WDPKSNGRVAG,1931.2935779816514
KHYYVLQRKDG,4122.798165137615
KVNYNDFRED,2568.1009174311926
KSNHQDRNG,1169.366972477064
EGVDSDASG,937.2339449541284
WPEQFEPWDL,8976.495412844037
AQRLASGNKSG,1242.165137614679
ARPSGAGALG,1322.9128440366972
LGHYNGEPHVA,2850.3715596330276
WSSQKAGHDS,1660.866972477064
AGDRWEKHVSG,2008.6238532110092
QQNDEPSFPNHV,1895.6605504587155
LVQPGDLSG,2017.7431192660551
RFYYDAQRDA,5060.311926605505
FGVPSPVALS,4966.435779816514
DESPLHVAG,1889.2706422018348
RAHRSFHDG,3542.394495412844
DLNWVGNKL,3876.605504587156
WWLVEPDS,10360.261467889908
KRDSPPNHVG,1294.9954128440368
NGKYNDVQFKVS,3050.0733944954127
VARNDHARWG,4380.220183486239
NSVPNQNKHDAL,1571.6376146788991
QGFWFDALREL,17472.01376146789
SPNKWNGEWDA,2942.261467889908
SQLHWKDVA,2788.5963302752293
FRQYSPYLFPNG,12573.555045871559
NVPPGPHLS,2184.394495412844
PPAGDADVS,914.0
SWKNDEWNKHDV,1976.6467889908256
FHQWQRAGYDVA,6881.3302752293575
ERFKWNHVLSG,3874.422018348624
YAGRYSYQRKAG,4449.9908256880735
YNKQRYDHVLGW,9711.449541284404
HSRQARYWKS,3587.862385321101
HFLYGRAS,5857.394495412844
PSSPASWHAL,4161.178899082569
GSGKNVAG,1077.7706422018348
FRGFVSALFG,17978.74770642202
RFNESKVAS,2280.197247706422
YPVNFRVLS,15432.97247706422
NRSQFDHDG,3067.1146788990827
EVSFQEYLEWH,9170.188073394496
ESLPHVNHVAS,1884.9449541284403
LGPWPFEPNVG,6346.876146788991
FQFGWSQWNDV,11891.522935779816
WAYFRDVHAG,9252.555045871559
QAWQWGQHAG,4598.9495412844035
YHEYVNDVGVLS,7027.165137614679
HVDNGPDAS,1296.2247706422017
RNHRAQNGWNVL,6036.495412844037
EQDDPWVALSG,2283.3348623853212
YDSYPQEYKHG,2649.0091743119265
SWLRRPHVAL,10179.834862385322
NSFYPYSQKDS,2841.7247706422017
FFQVRWLG,15742.834862385322
GDQYPKL,2002.2614678899083
PWRWVQYPKHL,15314.738532110092
WYHKGKLG,3323.5412844036696
QYHLNQNSGPNL,3138.9174311926604
FKGDSFEALSQR,2350.261467889908
FKPLHEYHLSG,3311.9036697247707
WPQYFKHDS,6564.380733944954
SNSKEWSG,1353.8623853211009
QKDNSRYLEYVA,4336.9495412844035
EHAANDSQYDS,1242.4908256880733
LWKLGDNSG,2361.3073394495414
VHSAFLSG,4317.307339449541
DWNNVYWDVAL,17364.977064220184
HYDARFNVL,8895.449541284404
PRHEFYDLS,5735.761467889908
NQRKHEWLRNG,3134.3577981651374
WWKEFKDA,2648.0550458715597
ERWSEQWNKVLG,3286.256880733945
NRHVLLFPA,23230.536697247706
HPAQGPWNH,2629.8577981651374
EHDDRALRNHVG,1758.045871559633
SEYARELPWKS,3568.2247706422017
HYRGHVSG,2687.9862385321103
PRLWHNASG,4312.614678899083
RFFVQHVS,9127.435779816513
RNLGPPNAEWHL,4714.302752293578
DVFLVLSQRPG,28834.577981651375
WKKQGRPLSG,1839.0825688073394
DKEDDALS,623.9266055045872
NKFNRPNPVAL,3977.8577981651374
HKRWHQLSG,2958.7844036697247
YEYWVQWDRHA,9593.229357798165
EQRAAKDALS,1017.3715596330276
RAYRHQFRW,10920.426605504586
DWPYGVALSG,7038.853211009175
HKQPNHYSG,2148.9449541284403
FAPVADAQRS,1378.408256880734
FRAQKLPVQRK,1536.6376146788991
YVHLWQPWKD,9650.091743119267
VASVFHFYHL,17284.577981651375
ERHSELRSG,1260.3440366972477
PSRDYWFNKDAG,3467.830275229358
SFWRNFEYND,10788.720183486239
NEDQSRPNDG,1405.5091743119267
RFYGWFEHSG,9867.01376146789
RKNNFKDLSG,1301.1009174311926
WSQVSFYKLES,27817.47247706422
NARGRPFAG,4632.311926605505
HSVLWENKHL,5636.605504587156
NVNDRDHVSG,1553.302752293578
GRFDAEVALS,3434.3440366972477
WLDAQFKSKHS,3147.1284403669724
WLLGPEHVALSG,8701.756880733945
ENHRSRYSRNKA,1693.4220183486239
FNDDVNLGQDG,2438.440366972477
QHVVKDVYLSG,4808.201834862385
DHRAHALSG,1842.4128440366972
EPHLNSNKREY,1878.2201834862385
WWNSVQYHV,13635.43119266055
GRKWWHLG,7185.655963302752
LGKRFRAG,2232.706422018349
LRFDFRNVALG,9583.990825688074
FNYERPNKDL,2523.912844036697
GQLGHFPHVS,5243.816513761468
RNAYEYWGVS,10663.885321100917
NRVHQFDALSG,4154.646788990825
FDFDAGQWDASA,4461.344036697248
FPPQSGREKHVA,1414.288990825688
AARAPHG,1595.6605504587155
RYHRKLQWDKHA,3022.97247706422
HQFEQDSQYLS,5224.871559633028
VQSPQYVG,2281.5366972477063
WPGAHAG,3007.7522935779816
KPWQQVLSG,2484.183486238532
NDVVFDLQRNH,7066.472477064221
LPGKVDSG,1071.0871559633028
HDKVYGWNKL,3408.2247706422017
EDSDDGRYG,1943.7385321100917
DWNRWAFPKHDL,10211.40366972477
AVSPWWKHDV,5684.922018348624
RHHGQRGWKLS,3923.770642201835
HWYADSG,5631.701834862385
ERWHYDRPA,4789.811926605505
QNGKKFWNKDS,1168.559633027523
GNLAWNALSG,4528.51376146789
FSGHVESEPWDL,5569.95871559633
REDFNDSVFENG,2613.821100917431
FASVVFRYWNDV,28607.9128440367
QDVWDVNSHVL,6299.270642201835
FFEYPHAKHS,3170.178899082569
LNKEDFEYND,2173.0366972477063
KEDPKQWNHS,1214.605504587156
LHQEVHSG,1771.3623853211009
QHSQQREPKLSQ,1253.1880733944954
YFLVDLG,16086.490825688074
PQLDWKHDALS,2733.651376146789
SPSHYKAS,1389.045871559633
PNWVKAEWKAL,4804.564220183486
RSNYLSEYNL,6826.784403669725
EPAVQEHPKDA,848.2339449541284
AGEEFKHDVALS,1609.926605504587
FQNKGEEWHG,2192.6284403669724
WSSDQRVSG,3236.7201834862385
PFERKFRPYV,10040.642201834862
PDFSGWKSFH,7243.90366972477
FRNQDVLGVYNL,15164.894495412844
RHREVFHASFE,8743.54128440367
GPFRAENKHS,1517.3761467889908
LRKGASPYNKV,1786.866972477064
KEPRVQENKVAG,901.4862385321101
QEKFPHFLYKV,7220.334862385321
EHHHYALG,4017.0825688073396
WERPSFPWKS,10824.463302752294
RRFAPVLSG,5701.09633027523
DGNFNQPWNA,4269.802752293578
YERHEKG,1425.4311926605506
REKSDANKFPND,1168.7385321100917
YDEPLYVLQY,36256.55504587156
GFFPLPSG,11047.495412844037
SEDPGVSG,1302.197247706422
EYFVQKAQEYAS,3385.9908256880735
KAAPRPHG,1666.788990825688
WSENSVGFWNS,12238.660550458715
DGLNKAPNDVL,1621.091743119266
RNQYKDKHLRYN,2760.233944954128
WSAVWAS,10401.802752293577
YSNFLWVLS,22047.128440366974
RGWAFVQENKDL,4921.247706422018
AALEKDDVALSG,1115.974311926605
WDKFKLNKS,2425.587155963303
DQGDHASG,1031.834862385321
LVPKDHSG,1115.894495412844
KSQFEGYRYHD,6818.394495412844
PEPLPREPYVA,2325.435779816514
RLFKSKDGQRKV,1531.5
PLPNPHFPNK,2671.8899082568805
PFEHQLGNVS,3652.756880733945
SVHVFRPYWNKL,11371.30733944954
YHPHKAQPALG,2178.5045871559632
QFDVQWFNVDSG,12411.825688073395
KEAYPKLS,1554.8990825688074
PRAHWASG,3871.105504587156
WNVFRVLYWQD,34056.40366972477
WVEAWVSEWNL,26029.316513761467
DLWYEYDSG,12008.51376146789
NNWAFVALSG,18925.059633027522
LHVSPYQKDAG,2918.2247706422017
LSFLNHSREYWN,11719.059633027522
HYAAGNSG,2272.178899082569
QQQRGEPS,1190.2018348623853
NDHRVAFEYWHG,13784.775229357798
GEGKWHG,2953.6743119266057
EHVGVFALRAG,15862.38990825688
FQYSQYREKHA,3720.967889908257
WDWSWLGKVL,15093.330275229358
NHLKSQPDPNS,1232.5825688073394
KEHSPQFHDS,2061.9449541284403
RKQWVRYARPWH,12536.091743119267
FHQEPGKVAYKL,3837.2798165137615
FRAAVALPNKAL,5059.233944954129
HRNPGRWSG,5660.302752293578
EKNHLQGNKH,1139.8623853211009
PKRENHRHDVWD,5060.266055045871
WRKLVGWDALG,9934.58256880734
GPPNFEDLS,1892.334862385321
PKKHLGWLVA,5646.105504587156
WARLKDLPNKDS,2075.637614678899
SDREKHRSG,1134.940366972477
PHKHEVQWAG,2276.954128440367
HFPFSFYWAG,24992.816513761467
YQNADGRPKLS,2619.4954128440368
KAKLDVRYWHVG,4900.880733944954
WNFHHFYNKHD,7393.142201834862
YRVSNGWKHDV,4336.362385321101
YFHQWPNKHA,5275.522935779816
LQPPYDPWKHV,5418.545871559633
RQFGGRHVAS,3895.5
KALHVPHYWK,5833.073394495413
NHENHSGYVASQ,2453.348623853211
YNFNQRAGPAG,3105.077981651376
AFYFFDLG,27486.371559633026
LAFNEHLG,4886.573394495413
EDAFDRLPYDV,5269.082568807339
KLFWVDFEKV,12014.995412844037
RKDYNALWPVL,9850.362385321101
RSLVPNDG,2357.394495412844
EHLQNAQSFYK,3239.6330275229357
HFEWRLYSG,12353.48623853211
DVRFLRPYKDA,6083.362385321101
WGYEQWAG,9510.091743119267
QAKPFRWKHAS,2508.7752293577983
VFFAQSG,5917.637614678899
VPFNQFKG,2822.7844036697247
EAFHPYKDSWL,8982.87614678899
EARAKDAWNDS,1213.8256880733945
WDVADSEKLQEA,1556.0642201834862
LSHADFWNKHS,3365.9816513761466
RGFLKLQWNV,13437.229357798165
RVVGVFWNHD,14670.839449541285
PVEGHQREA,1404.1422018348624
LAGPYHQS,3868.206422018349
AYGFWFVG,25844.825688073393
GDREWQFG,5528.733944954129
DDREFDLSG,2211.8119266055046
DQKDPWAGDVA,1596.7293577981652
KSLEFKDS,1029.0183486238532
PYGDYHVRYDLS,14487.344036697248
YKLQRKQRLPNL,2974.743119266055
LGQFPRQRPWL,15414.165137614678
QRDEFPDRKAS,1835.880733944954
ALLYLQVG,35811.14678899082
VQFWEPHGRVG,8855.912844036697
YYENYHAS,4419.04128440367
FGGGVLG,3419.105504587156
DYDDKHG,1411.5871559633028
RYHRSEWEHG,4853.366972477064
PNLLSGNAQWL,9703.408256880733
SHVQAREPVASG,1387.7247706422017
LAFFNALS,10356.330275229358
HSFASFPQFEDL,10549.504587155963
HVFEDRDFNVA,7845.385321100917
GGYHQREPALS,2613.169724770642
HLLENADG,2312.440366972477
NSLVGEALSG,1635.0275229357799
KDFYGFSRNKL,4860.802752293578
NWFHLLSG,12720.701834862386
FHGARPGYHDG,5536.284403669725
KPDLVFRKHA,1930.7798165137615
YLVRGQWG,9662.944954128441
EPAKFNGWNKD,1680.9357798165138
YHYLVSQWDV,15354.90366972477
WGLWWALG,23845.02752293578
PRLKWKLG,2961.7752293577983
WLSKREGRYDV,5013.059633027523
EVNAVFHDVLS,4977.816513761468
EPHSSGFYENKS,2336.853211009174
EHDFKVQLGWA,6793.770642201835
HFPPFHLG,9451.747706422018
HNGDWNLSG,3126.7155963302753
NFSEWQWNL,14386.37614678899
DALSWLRGPNHD,6977.417431192661
EARGHASWSG,3104.0183486238534
VQYAAPYDVA,4888.068807339449
LKFSNASG,2905.2844036697247
YESRYYVG,7446.495412844037
SEQSALG,1268.3165137614678
FSSNENSG,1455.5871559633028
DFHPNSHDVAS,2139.52752293578
FVLHRPNRSG,5104.247706422018
KQHNLKHG,1332.4495412844037
YDLLPNLRNHL,8696.61009174312
GDAFSVLS,4927.752293577982
WQKDALVGWKD,4451.376146788991
WWKNQNHG,3721.045871559633
HGAFKDRYWNS,5317.733944954129
QWSGQKPLYHAS,5154.678899082569
GEDRHDHLSG,1918.9724770642201
PKDGDGEFRKHD,1277.1743119266055
YSQHHDLSQHA,2625.894495412844
SRYFVSQRHALG,8720.385321100917
WAEGNVQENHDA,2573.2155963302753
KDWWFPKSG,4594.0
HYVSSNLS,3849.5550458715597
AEVHAEYWKHV,4315.027522935779
KGFREQNVKASG,1265.9357798165138
DRDRFEAS,1667.9128440366972
FRPQFPLFHFR,23146.05504587156
WNGANHPWHLSG,9045.688073394496
HQLRPAREVAS,1825.045871559633
LKQFSKSG,1957.073394495413
RGEKSQNSYDL,1706.6743119266055
KGKQHLQRNKG,945.0871559633027
DKVFEPVHG,1724.7431192660551
RGVPRYDSG,3038.376146788991
WNFNWSQHDV,9203.091743119267
EAYGALRPNS,2656.5366972477063
WHDRESFNVPA,5555.454128440367
RRDLPLFLS,12866.0
ERQRFKLG,2620.0183486238534
PSAQWKKDG,1459.3073394495414
FFQWHHVG,8885.220183486239
QQWDYHLPWNS,12236.059633027522
ALHGNVWKHDSG,2938.5229357798166
SWNANVQRPAS,2782.201834862385
VPFNYNLS,5598.655963302752
PELLQESG,1816.908256880734
YKWDGRDSQEYV,4423.243119266055
DVKGEQFREPND,1141.3302752293578
VAQPLPEVLG,1567.7660550458716
HAWAAEPWNVAG,5119.178899082569
RYGYNGRYFEVS,14954.573394495414
YVVNFRLSG,20117.82110091743
HYEYVFAL,33863.97247706422
RRNHKHQPYNLG,3616.619266055046
HKLDDAG,1220.8440366972477
QFKRHFWNHSWA,10856.935779816513
QRAVNGRWVAL,8913.587155963303
DSRRGEDSG,963.2155963302753
QQKSWRYNAL,4872.628440366972
QPDDNHVFWAS,8307.935779816513
LWVWSEAG,7693.527522935779
PGESPYVARDS,2827.894495412844
ESKFHLEWNHD,2993.564220183486
YSWNNLQVS,4784.288990825688
FAYKNSNHVG,2587.5045871559632
LGHESFDSG,2205.853211009174
HDAKRYDALN,2070.5412844036696
QAFDSHDVALSG,2686.4013761467886
ARFGALG,4266.866972477064
EYHYPHVRYKDA,4587.256880733945
QNYSWQFDG,10426.004587155963
VHVYSHVG,5474.40366972477
NWPHNHS,3553.4587155963304
YKNERYSG,2127.4862385321103
DPARPALSWNS,2427.743119266055
DYRWAFSG,9372.275229357798
RGWKHRAPYDLS,5367.935779816514
NVNVYNKYHDVA,3313.435779816514
GWVKLNVALS,12683.188073394496
ENFQYWFHG,14187.266055045871
YHLGLSFYRWHD,14799.018348623853
WRHPYPWNHSG,8937.344036697248
WWQDLNG,7343.142201834862
EAQNFAFEHAG,2719.697247706422
SWQFAFRSG,13410.587155963303
FLWWWLSG,11544.98623853211
HEAFDVVA,3690.9908256880735
YYGNQWASG,4001.3577981651374
FGEDHLQWKHV,4589.44495412844
KKLPDSHS,821.1009174311927
DAGSVLSPYWLG,9261.674311926605
PHQWAPAFRNS,5977.399082568807
KLHDKHEWV,1805.5825688073394
WWVGGYASG,8696.518348623853
WFREGHEPDAL,5191.362385321101
NGAPRWSG,3110.422018348624
YWGRYAPLGYWL,17150.903669724772
HYWVSFSPKVG,10976.70642201835
RASKYDLPWDVA,3837.908256880734
EDKSQWHFYHV,6607.064220183486
EVFFLQFRPY,47504.48165137615
DPNSGLQPVAL,2193.9174311926604
ANDKHWVAL,3241.683486238532
EPWHFSPSPHV,9878.256880733945
ESPEWLRYNDVA,3223.376146788991
SNHNQNKLS,1281.9036697247707
SGYNHVHFALG,10323.724770642202
PGDWEASG,2009.2064220183486
NQDHPYAG,2114.5366972477063
GKVEQYDAL,1455.2660550458716
YHNDKDQFPHDL,2764.266055045872
WQNKPRWKS,2947.2155963302753
QKDASYDSNDKV,941.0045871559633
QWDALYREYAF,25712.61467889908
FQRQAWKALSG,4221.151376146789
VHVFRNHEKHL,2933.9266055045873
DYGKPNASG,1117.2752293577983
EQDQRPFNVS,2032.0275229357799
QLKFNHDRNG,2459.5091743119265
QPQNEYWHLQAL,9240.454128440368
QWRFPYNSYWN,17331.65137614679
QAGHVHGREVLG,2367.211009174312
DEFYRYHDVA,5590.3899082568805
LNQAQNAG,1255.1100917431193
DQFAKAPWDAS,2638.6926605504586
VPPKNVSG,760.4449541284404
SKLHKHLSG,1641.6743119266055
QPWVQNSQLQPK,2536.146788990826
QKSAYLQWKHVS,3086.5091743119265
ASPNNVEHDVG,1394.7385321100917
NSVHNHVLS,2986.743119266055
RPRLVGQFEWH,13966.12385321101
WGWYEVAG,13940.637614678899
RFEHFRHVEYNA,8603.949541284404
NYEPPHAG,2493.087155963303
DHGGNHAG,1360.7201834862385
RKFSAEPYN,2582.6422018348626
QWELDAFRPYA,14496.036697247706
HNHSRQFKS,2209.3256880733943
RWYSDASQHLS,6374.215596330275
EGELFQYHDA,5447.123853211009
GEQANLG,1421.8899082568807
YSFFKLQKHLS,5908.036697247707
GYVRQKALG,3393.422018348624
RGPLPDWNLSG,3718.9495412844035
PERYEPKDAS,1316.5550458715597
WYGKDNAG,2448.9908256880735
GNYVVAG,3439.178899082569
YFDANFPHVG,6984.527522935779
DVYPHVQWKHG,4238.701834862385
EQSKAQESG,606.3256880733945
SQSLFPWNG,6011.174311926606
RHHPNDQFWK,4921.188073394495
DVVPPKVAL,1919.8165137614678
WGPWWSFHDL,32513.536697247706
NHENRELKHDA,1620.1926605504586
ALGVLEYVFHLS,27382.275229357798
GLHEKSG,1415.091743119266
LKAQAYDG,2055.954128440367
DQAGFQWKDL,3351.3119266055046
ELVHFWAG,11483.954128440368
VRKHNPYNDVLG,3636.738532110092
PHEAGAKVLG,1766.866972477064
YYDWNGPNHALS,6466.8302752293575
VFHQLRSG,4367.866972477064
KWHGRRYHA,4960.302752293578
FQRVSRWPNLS,9669.366972477064
DEVYKYDVASG,2586.6743119266057
VGHDDQWNKHV,2300.9770642201834
VGWQGEYWNA,8305.79357798165
FSVFESFRVLS,27321.60091743119
RLRPPSYKSG,2505.9266055045873
PQGLYNLSG,3510.683486238532
YNDFYGLQNH,7319.339449541284
VWGNHEDSG,2344.876146788991
FFFAHDVALG,9476.188073394496
QVKWSQWHDA,4480.95871559633
ERVFQFVALSG,39980.72935779816
RKGGLGFWNHL,7095.178899082569
VADDRWVSG,2888.1422018348626
PQFDEPWNRKVA,3481.8899082568805
HGPKEAYWDASG,1906.4724770642201
KYLGNQPWNDL,5442.224770642202
LEPFPQEYWD,10692.444954128441
HYQWQVLG,9569.357798165138
ELGNEPVFLSG,5003.623853211009
HPPQKALSG,1113.3532110091744
WWSRFWLSG,17956.344036697246
KLKKRNSG,812.5045871559633
KDVGPRKHSWAG,1836.8211009174313
RNQVHGRWKS,2797.706422018349
RPLENSHVGNHV,3473.2247706422017
HFQFSFVG,26539.353211009173
VAEFGPNG,3049.0229357798166
YQRLFVLEHVAG,28774.408256880735
WHYGVAFENKLG,7999.788990825688
YYGGDVSG,2777.8394495412845
SVEAHDLSG,1435.802752293578
QVSQGPNDFDA,1948.9311926605506
YADSDLYNHDV,4171.931192660551
ELEWAYDPWVAG,15364.830275229358
VGFENWSGREP,4343.077981651376
LNWNPKSG,2694.288990825688
AEVESWLS,3468.4174311926604
KLWFWVFRENKA,11264.743119266055
LPAHQKDVG,1272.2614678899083
WYWPNSNALG,8780.440366972478
DQFGRGQVG,2384.6009174311926
RSYENGFAG,3697.2798165137615
FSRNAFNHPNSG,4091.2201834862385
FNGNLHGFYDA,13003.834862385322
VEWSWQEPYKL,13104.504587155963
RRGQSEVALG,1912.1467889908256
HLFWDVYLPVA,30010.22018348624
KPYPHQYWKVL,7970.339449541284
NSKQRLFLS,6910.059633027523
YFARGWVAL,15723.674311926605
SGWFVNHVLG,16223.555045871559
SKFKAWG,3430.5963302752293
RWVWHLGHGRHL,11995.348623853211
KPSWWNVSG,3399.137614678899
SFLAPWDSG,10072.114678899083
RSHANHAQALS,2026.0183486238532
LDSFEEKSG,1502.1926605504586
VQFKWLRDVSG,6419.440366972477
EGNYLRDLG,3157.9587155963304
YPQDNLSG,1821.2660550458716
YSLWRYVLG,12496.509174311926
GPKSESFPNVLG,1327.1697247706422
SEVEENSG,904.8119266055046
AKQRSDSG,819.1100917431193
GREELQKHDVLS,1616.967889908257
YGFNAGRLQYKH,7779.243119266055
LRPPLQYWKDV,6290.252293577982
ALASLSKLS,2981.683486238532
EHPNQPDFPND,1794.9220183486239
AYVFRHDEH,4626.215596330275
SKVEYGWNKHL,3514.467889908257
AFDSLFPYWLG,16694.032110091743
DASQPYYHFN,7712.651376146789
RWSSGWHASHG,6859.160550458716
VLYSVAQFEPG,9824.95871559633
VEEVQNHVA,1587.3211009174313
HEHNDNVS,1445.8211009174313
DVEQLFEWL,13437.711009174312
YERYDYSG,4785.270642201835
HHEQFKL,2260.738532110092
DFDEQKSG,1030.9908256880733
FQQYPKG,2746.270642201835
WFLWPLG,18724.596330275228
DKLYHYWDVG,6663.802752293578
GQLAASG,1479.573394495413
FVHDKDRENDA,1310.98623853211
YYREDSSG,2385.0045871559632
YLPRSGRNALS,3706.9633027522937
PLASKAYHG,2950.151376146789
DRSGQGHAS,1152.894495412844
RWKKFEKLSND,1517.7522935779816
PKPNKLEDGRA,963.440366972477
KHVLQLPWDFK,11019.79357798165
ASLHQNVG,1940.9174311926606
KGYVHAGRPY,6169.876146788991
QHFQSGRENDS,1880.866972477064
DSWALELGQWHV,12122.087155963303
WARVNKAGPWNK,4000.4770642201834
LREHRWYWDLG,15024.366972477064
VFSFKSQRNDVL,5482.0
AYGQPQYG,4705.692660550459
DFAAWDLSG,5480.633027522936
VGKWQNVG,2328.798165137615
HDDVLHNLS,2885.651376146789
GRLEQKVG,1188.7798165137615
GDGVSNG,1239.1743119266055
GFRVSDWDSG,6170.811926605505
GSRQFSG,3003.454128440367
AGVSRHFYHLG,8663.990825688074
AKPKVRSG,815.6605504587156
HRGSQRLS,2502.1009174311926
KQFGDSFRNAS,2951.5688073394494
SEFRPQYWKLSG,7048.293577981652
SGRDQRWKVAGN,2875.2247706422017
EDYWHGSPNH,3906.711009174312
RDLAHVGEPD,2116.6330275229357
LVRWNARG,6219.912844036698
AVKHQFPWLS,9152.591743119267
QHSWLYKQWHAS,8768.444954128441
RDYGKLQPHVLS,4280.119266055046
FPAAPNHDAKH,1852.0275229357799
RRNWYWG,12776.97247706422
KHGVQPWPNHD,3974.316513761468
RFNDDRDVALG,3228.5963302752293
ALKAYHQDAG,1812.7706422018348
YGQNEWHEVL,6022.568807339449
NHNHDFGRPKVS,2659.243119266055
RGHNYKDAL,2509.3256880733943
EPWPREWVFKS,10635.385321100917
PWAERSQRWHVA,10891.522935779816
NEKAYGQVAL,2798.3348623853212
EVNAPWGQREPV,2195.1422018348626
GFSAPDALSG,2782.1100917431195
GQGDWAG,2430.454128440367
PQYDRYDVQPKD,2677.0963302752293
HRWYNRNLSG,6389.931192660551
WFHKFEKVA,3980.3990825688074
FRHEAGEVGQFH,4922.6697247706425
FFVLLYASG,13074.408256880733
FNHRVALYVGH,20518.408256880735
DAFHNLFYVG,20329.903669724772
HYHQDFEYHDAS,4851.348623853211
NYLGDPNLG,3311.3348623853212
FGLSSWVG,9414.69266055046
DEQVDLG,1501.3394495412845
YWKHVFSWGPNH,12303.477064220184
RSNAFKAPKS,1304.9174311926606
QYSEKLNDAWKS,2828.701834862385
SPYRNFEKAG,2076.697247706422
WAKGWREVS,4462.633027522936
RQSVDLG,1787.3853211009175
DQKGGFHVA,1579.0504587155963
AGRNVYHLFKA,7491.651376146789
WNPVFRNQRNHV,7515.229357798165
SYRGASG,2468.97247706422
AASQFWAKA,4463.01376146789
GYKEPSHDA,1415.3165137614678
WFAPSWSG,13801.252293577982
KQSPDEDVS,802.0733944954128
EPQFHLDANKD,2014.366972477064
NGAPHFKVALG,5274.321100917431
VGSNAEALG,1277.01376146789
QPNLKLENSFHS,3460.6100917431195
YNLNVLKYNH,6005.146788990825
VRRSALSG,2173.6100917431195
SKYWGRLSG,4404.857798165138
AYLDGFSG,6455.09633027523
YLPPWLEPKLG,9773.577981651377
PHYHWHAPYKAL,11297.408256880733
DNFGALG,2812.1330275229357
KQSGNHRAG,1344.7568807339449
YFHWNGYHDVL,14001.61009174312
WNGNSFRFYHLS,19444.018348623853
HQEHYSQKLS,2490.256880733945
HYEVHALS,4062.0688073394494
VKSALVG,1545.7798165137615
FHKKGQYWNHLS,4478.206422018348
DSLHFHSG,3374.8394495412845
GQNYKDQYWVAL,9000.188073394496
HNFAFLG,10884.06880733945
KANKSNWHL,2839.1559633027523
WGEWAQEEWDL,8427.48623853211
DPYFGFRYNKDA,5637.45871559633
AVWGQFREYWHL,21759.15137614679
DQSAYNLG,2035.8302752293578
FHHFPDALYL,23225.729357798165
ADVDVHG,1725.3211009174313
YRLLFLSG,26321.0871559633
NDWLYKAGKVS,3414.729357798165
SKGNEVG,899.5917431192661
EYNGQFPHSYYN,9154.311926605504
FVFGKFPWNV,12232.545871559632
PPNGGRDG,1267.8165137614678
LFVRDAHVSG,5030.339449541284
APSAKHVALS,1091.4908256880733
DQYQDSFND,2724.7477064220184
ALKERDALS,989.2844036697247
QASPDGPKSQRH,1235.7064220183486
WYLAVALSG,18007.655963302754
LRRGDLSG,2946.178899082569
FVFLKVSRYK,17420.880733944956
FQNPGPWLS,10916.536697247706
GWRKSFG,5386.256880733945
NYRWELG,7738.399082568807
AKNHLPG,1307.1743119266055
EHGYRPWDRHG,5891.559633027523
WRPSQDYDAG,3417.330275229358
EWAGRHFDFG,11664.183486238531
GRFESNSG,1785.059633027523
EDLFVSGPQEDV,1946.6009174311926
KHDLKGYNNASG,1356.3073394495414
ESNSLQEPWK,1209.9357798165138
HWFDAESG,4410.087155963302
HANKSDLEVLS,1322.2568807339449
NQQNEPLSG,1007.6100917431193
VAAEKEKHDVS,577.5091743119266
DASYRYKDQHL,2651.6146788990827
NSFHHSEPAL,2792.1559633027523
PDSWENRWDLS,5508.192660550459
DVFRKVKDYNL,3060.302752293578
EKADSVLSYSG,1140.2522935779816
QLHADFRKVA,2718.9633027522937
QDWELGPYWNHS,8420.385321100917
KSKGPYSFENAS,1436.151376146789
HRDLHGKLSG,1624.4954128440368
YQPGLGWNKD,2622.3256880733943
GALVGDG,1933.7568807339449
EVWYGEDL,5133.394495412844
LENDDSPNKV,973.7706422018349
PEGKHHDALSG,1115.1559633027523
AGLWAQSG,2741.701834862385
WSLQHPKVALS,5276.183486238532
DFWYNAFEKAL,9352.669724770642
RDASFQFKHEND,2181.6651376146788
QYQASQSFNHA,2525.8119266055046
HEKVLVQFPDA,7055.715596330275
PQWWVLQHAL,15316.357798165138
NQSSEWVAL,3525.4816513761466
AAQDKSG,858.3256880733945
FSSVWKSG,2574.788990825688
FAVHLPVG,5873.357798165138
QQLFNAPWKH,5388.894495412844
HGWLALEPWH,18576.92660550459
ASWGEPHRHVA,3602.9862385321103
EKWFNLFPHVL,14666.871559633028
VLRSWVSHSG,6383.94495412844
YDQQVSEWHS,3670.0733944954127
HQPEPVFEWHD,4513.59633027523
QLNAQNQDA,1048.967889908257
GRNREQFAL,3629.6743119266057
SRKKRYSG,1143.4449541284403
EDRSWHLSYDVA,5326.821100917431
FGLHKHG,2783.605504587156
GHEHQNG,1269.2935779816514
NKVKWNHRYKHS,1966.7201834862385
NGVHGNDAL,2084.4174311926604
YLWHYHFEVAG,12181.178899082568
VYDSFYHPHD,7601.866972477064
YLKSKLRNKDL,1672.6880733944954
QVERQFYWKHDS,5025.385321100917
LVQHQFRYNDG,5836.321100917431
RAAYPKG,1979.01376146789
WKKYFEHSG,2826.8256880733943
EVGEQENVVSG,1054.9724770642201
NEFLRENKLS,2773.2247706422017
YRSDKAG,1538.2522935779816
NQVPRPDLS,1748.0779816513761
FRDYFPVLYDLG,20289.52752293578
LQAWAGPWNVAS,7877.651376146789
VQEEDFWDVAL,5211.119266055046
HWPRVLSG,6648.807339449541
FFNPLWHVL,18512.75229357798
QLGFLSWAGEKL,8068.417431192661
PPHPQYDVS,2229.5825688073396
HVDKAGQHLG,1496.2798165137615
LLQPYADLG,6519.100917431193
NDEVAGKSRNVA,1253.9174311926606
KNSYNDQALSG,1469.894495412844
KEESVLS,781.9220183486239
KVAPHGAPYHLG,3523.440366972477
YKFDHDVYWNG,7802.279816513761
EPKHKLFAWKHS,2539.0825688073396
YHVQRVGQYLFN,16210.577981651377
KDRVSDYNKD,1272.2477064220184
WKEPVQRYGQFE,5192.642201834862
HQASHYNDALG,2693.5504587155965
LKHAHRPKHA,1799.059633027523
FRHWENLGEAG,3540.935779816514
AQYFKLFRENL,9963.284403669724
GRAASKALSG,1469.0275229357799
RAGYHELHASG,2868.229357798165
FQFLKHWHAG,7575.178899082569
GWSGQFKEHVA,2931.3073394495414
KAREPGARWNS,2248.8440366972477
VSELPWVFYDS,30673.33486238532
RQHKLRNKHDAL,1616.3394495412845
LRPGFEHENKAS,1457.440366972477
KNYKVYG,2460.5
AQQFYESG,3712.394495412844
GQFNAGWRWVS,15764.977064220184
LRLYAEKHDVA,4063.5366972477063
GYRDHASG,2565.908256880734
PFERWDQFDLS,17064.243119266055
YNSHPVGKALS,2740.1146788990827
PWWQLSSG,12862.055045871559
NQRPWSKDLFV,7492.256880733945
RPDPPWKGKSG,1578.2477064220184
LWKKPWASG,4001.6330275229357
DWGEVQASG,2142.6146788990827
WKEEPNRYVS,4443.54128440367
KPLSRALHAL,3022.1605504587155
WNRSKHEPW,6547.821100917431
EEQWEHDVS,2079.1146788990827
LFNFLENKDS,2686.091743119266
PGGALYSG,3902.422018348624
DGEPEVSGQKA,881.8440366972477
NEAYKRDG,1850.5045871559632
GGEWYDVA,4890.064220183486
RDEDEPLEYNA,2225.2477064220184
QSQHSKSDVA,776.2706422018349
ENPELGFDAL,1878.2155963302753
FEEKRYKQEDV,1259.4036697247707
EGVEQFEG,1376.4036697247707
PVRGLQEYDG,3428.5733944954127
WQEERYDASG,4191.0504587155965
WDKVSDGQKL,1889.2660550458716
QYRPQEHNLS,2019.2981651376147
GQYQQDAG,1480.7568807339449
FARHHRNHAL,4970.399082568807
LSPGGQKAG,1083.0045871559632
KEPPDGQRYKL,2047.0779816513761
KQAWAEALSG,1711.6926605504586
WQPEGQFRPDS,3342.623853211009
RRPYYPDVAS,4564.6697247706425
YSAFDYWNKAS,4522.48623853211
PEAPQFKDV,1500.665137614679
LRAGQYDDVAS,2677.5963302752293
DEFNAKLG,1627.0779816513761
KFDARPSRAS,1906.045871559633
LKGAKDVASG,1035.5045871559632
YGPNFYDGQPHV,9170.619266055046
WANRRWDVAG,7401.302752293578
YKFLYGFEWHS,15196.137614678899
RAYPNEYWDG,9656.733944954129
PNALRQWPKALS,5630.119266055046
FGKVQLKDG,2434.8348623853212
SHPYWYDG,14326.385321100917
WGYHDNDFVL,20648.903669724772
KFLQFKASDVAL,5209.954128440367
YFDVFGQEWK,6170.600917431193
RPRSYNARVAS,3539.940366972477
FAGQKYNDAKA,1551.5688073394494
GDFAYALSG,6088.724770642202
YQFLSDVQRWKH,8359.711009174312
PYLKPDSFYND,10112.825688073395
AKLSHSWDLG,3651.467889908257
WSAAFDG,7491.0
DSQYLFALNVS,28624.729357798165
QRSLQPREYWK,4902.48623853211
EKVPAFPHRNA,1750.7247706422017
DFRWDSYQFVL,35637.050458715596
ESPYWEKVSNV,3029.4862385321103
LLSALNSG,3325.8853211009173
SRFYHKS,3630.6009174311926
HPHQQYHSG,2465.233944954128
RGQSHSPDG,1532.9587155963302
KYFQKHDVLS,2883.559633027523
KQYGAGFYK,4660.224770642202
AYDDSNAS,1606.5642201834862
FWKVYDQWRPD,10258.97247706422
VFSYEKLS,3852.376146788991
NQPLHQFYWD,17718.97247706422
GFLAGWDAG,8830.651376146789
KQQFPKHEL,1422.8302752293578
YFVKEWVG,6893.715596330275
KSQLPAYAS,1890.1605504587155
PYRYHQVQKH,3863.1422018348626
NDQRASGDKHDL,1317.7155963302753
WDSRFYKDGRL,8586.949541284404
PAGFHNVNKDA,1770.4816513761468
PGGSQDVSG,1267.6376146788991
QHVQVLNRWG,9719.90366972477
VAQHNHDKASG,1154.1834862385322
EESVFEYHDS,3269.5825688073396
WNDDKGNDS,1400.5045871559632
NERDYNKHVG,2005.1743119266055
VRNEVSNKDV,954.1330275229358
AEHAKDPYKSG,1100.908256880734
KKPVVSG,899.802752293578
LKADQKALG,1182.9220183486239
PRYPAGWDVG,6709.853211009175
ADLNYNDVLS,3276.0504587155965
WLRPPVGQEWDL,7688.123853211009
WYFKKDSG,2959.4174311926604
ERYQFQREYWK,7625.678899082569
KFHEGKALSG,1421.0183486238532
FDEFYASLG,7568.091743119266
KQKPASRENHV,1046.633027522936
YVWYYKDAG,8073.302752293578
YYDLFQREVLG,8625.495412844037
LDLEPSHG,2478.5183486238534
EGWVQYALFD,34770.15137614679
YGLNKQEDVSG,1462.6880733944954
PPKHSWSQWA,4355.775229357798
QHNQYHDPDG,2341.706422018349
NDRNRLGKA,1741.348623853211
SNDAFLSFDL,21107.325688073393
WPLDWNVASG,7292.123853211009
LRHPWRYNKAS,4843.215596330275
GSYWKESG,1937.3165137614678
GEADKSG,796.2064220183486
HVYSNHDEKV,1839.7981651376147
PDPNRWPKG,2325.3853211009173
RGYNQDSFREYH,6796.545871559633
QGWNNSPNVS,2634.376146788991
REKEALFAENHD,2006.880733944954
ALNSVLFRENA,5884.073394495413
FGQEVHVFNAL,16044.371559633028
EKGEHPNKFPL,2120.5504587155965
PWEFLFNVS,35631.949541284404
EQPHQRKPYNS,1812.866972477064
NYLLVALSG,27482.559633027522
ESEFNQFPN,2857.4449541284403
HSQYHSNAPVLG,3320.862385321101
ASYNNARNG,2461.4266055045873
EHQWWASNG,4924.54128440367
PDHDKHQDVLG,1411.3990825688074
VHPYVHDAL,8181.600917431193
YWGWDFAGFRE,16089.853211009175
FHKREHVPHA,2067.697247706422
WFKENQEKHVA,1976.454128440367
FYHPARWHLYN,14483.481651376147
RWLQPWAWSGYN,22131.9128440367
LWWHSASG,7270.004587155963
GDPDPSG,982.8990825688073
DKLFSYHDLS,4506.715596330275
RGQEDNLGYNK,2286.1330275229357
DGPVSWAVAS,3660.0550458715597
YYSKAKLG,2454.4633027522937
QARLKLFKHLS,5795.422018348624
NEQGWSG,2881.9633027522937
ELAHKHDSG,1237.6009174311926
EWVQVSPVQREN,3205.9587155963304
QRPWLFHDLFEN,19603.89908256881
KLLDPKG,1337.8990825688074
RSRSNAQND,1381.3440366972477
RWKLRYRYVEYK,11385.866972477064
QHKGKGPVG,916.197247706422
KDHSGVYASG,1790.954128440367
EVAPQEVAEHVA,940.5366972477065
NFKVRLNHVSG,5567.811926605505
ENEAREEWHL,2437.3440366972477
ELHLLSKHDA,2825.146788990826
NAWSFHQYAG,11305.935779816513
QEKPEPWSKH,1313.2752293577983
EYDVHGWLFWKD,15856.330275229358
RDLNLHGWDLG,9277.481651376147
YEVEAPKDVG,1777.2981651376147
FNHPDVQNREKS,1173.9495412844037
PNYLVQPVS,6138.197247706422
NNYSWKLSG,4504.51376146789
GWASEQWHL,8566.954128440368
VRNVEWQPWHDS,7712.045871559633
QSELPDRPG,1540.4587155963302
NQPVFNGEWKLS,3921.1009174311926
FKEFSRKDAL,2924.912844036697
YRVLFLASG,34340.99082568807
LNSLHDG,3323.7798165137615
PKVSFLDFPNDL,11416.133027522936
DGGSPDS,1200.834862385321
SGLGWVEHDALS,5608.201834862385
FVVASRHPNKG,3141.9174311926604
PNPQHVQFEHD,2638.091743119266
YSEYFHVEHG,6223.747706422018
FLFKYLPYWD,9079.908256880733
HDEYVFKVNKA,4845.123853211009
ARRWDPHS,3999.587155963303
GDLQRDGPL,2490.266055045872
YRAGKSQYNA,2671.1880733944954
LVGVRKG,2438.6284403669724
SFKNENSG,1153.3119266055046
AAPKLNHDSG,1053.9495412844037
VQAWGRKHALS,3786.756880733945
VGHKNSG,1125.8761467889908
NDRKKRPKG,720.1880733944954
VQGFQESG,1969.9954128440368
YRYWVLPVGYDL,28734.770642201835
GGQWHKSG,2763.4587155963304
ENKQARYRYHLG,3720.4862385321103
HKFLASG,2660.8715596330276
KRAYSPLS,2497.4449541284403
RFRWQEWAGPNA,6165.155963302752
ERGFNSHLSG,2665.5550458715597
YESRNYKAS,2581.266055045872
LSFSPGEHAG,2395.4266055045873
FDENSLSQWHA,5756.651376146789
EYGSHLWNG,4779.454128440367
KAKWRYVG,2959.0229357798166
WQLPPASG,3672.646788990826
RDYKNRPWALS,5171.334862385321
RSGWKEYLQAG,3167.7155963302753
DRPSSQRPHDLG,1634.2798165137615
EERVGRG,1529.3853211009175
AGWSSQEYDVA,3512.7844036697247
KGQQFNGREWNH,3149.788990825688
EAQEFPHDLFWH,11127.339449541285
AAWLVSG,7003.3899082568805
LEEWVWSG,9801.142201834862
DYWEQWALSG,8308.688073394496
NGDSSEWNSG,1497.0275229357799
FDLSQKYNLKA,2302.077981651376
KFHGESPAS,1050.8440366972477
EYRKFWVEWND,10233.252293577982
NHESFFYLG,18914.142201834864
HGYKVPPKDVAL,1934.6743119266055
SDPVFNLS,3072.559633027523
LEYQWGQRAG,4991.477064220184
EEDNYNKHDVG,1368.426605504587
EWHAWLPWQWNV,26225.211009174312
EFNAPNRYWD,10482.51376146789
YYVLRSRAG,8306.880733944954
DYSAQEPNKVA,1016.8899082568807
NYKRKQKSG,811.802752293578
YASKNHVSPYL,5434.206422018348
EYQGHVLENDAG,1750.211009174312
YDLKSHQWHS,3227.3256880733943
LNEDQDVAL,1329.5871559633028
EPDWYHLQEWHA,7341.454128440367
ASSLFPG,2286.422018348624
NSKYPNSG,1134.9954128440368
AALEEVLG,1347.3577981651376
PFFEFRAG,20272.4128440367
FRLHLWAWHG,15526.729357798165
NSEANLQNLSG,1438.0412844036698
NKERFRYS,2811.3715596330276
PVKAEKGWDVG,1161.1009174311926
LDWAQLSG,3289.623853211009
QVRFLSPNV,7917.362385321101
AEDFLENVG,1941.4908256880733
NVRAASPWA,4658.48623853211
SLYHWALG,7423.467889908256
DSKEWQWHDA,2096.4587155963304
RYQSENVDG,1449.1238532110092
SEVLNFPWLS,15610.412844036697
EYGFVWHAGWDA,13450.779816513761
DVLNRKDWKDS,1603.0963302752293
DNEVHDG,1133.059633027523
GWHGVYDAS,5586.348623853211
PVYPWLYWLS,22707.52752293578
FEYAEWQFRKFY,14870.178899082568
RLKLDAEYKDS,1593.4174311926606
VDSFKFVG,4539.912844036698
AWFVLKSG,16013.256880733945
YQQFKLYKHAL,7905.6697247706425
RNADRNVLQND,1920.6238532110092
YEWNNKAEDVAL,2154.678899082569
NGLWVQALSG,7152.839449541284
HEAHSALG,1807.3761467889908
NFKADPWNH,3618.683486238532
DKASVYWS,3746.266055045872
FSENLSKALKDG,2112.908256880734
QWGGLSYWNKL,10591.114678899083
EGAKGYKLG,1416.48623853211
EQFQYSFNAS,6907.587155963302
RWRSQNSKHVG,2421.8440366972477
WNEHPKSFKVS,3891.6422018348626
VGLLKDSG,1907.5642201834862
SDLFFVALSG,31391.908256880735
QLGWGPYVPHVS,12149.018348623853
PYENRLNVG,5093.646788990825
YLRPVEDASFH,3934.766055045872
SENFRDFREWHD,8452.41743119266
VAGKKAEPS,639.5871559633027
DEGGHASG,1264.7935779816514
WFSFYYWVAS,8109.325688073394
VSKWLSPWNKH,4226.252293577982
NDKVHVRKDVA,1262.6100917431193
HHALYWYNVS,12243.146788990825
DKWSFSG,3168.9036697247707
GRHGLQPHAG,2792.793577981651
RDPEKVLRAL,1960.2293577981652
HLLLHASG,7068.09633027523
RGQWWALGQV,11290.298165137614
NFFPNPVG,6518.087155963302
FNGEQDQFPYAG,5558.188073394495
DWLRHRELG,5751.201834862385
QEGHGEDPYL,1989.2431192660551
SYQNRDVASG,1857.4633027522937
RPWKLFRKHPAY,7066.954128440367
LRLGLRYLS,13703.449541284404
LNVYPDSG,3634.8348623853212
FWFNEYKSYVG,6201.825688073394
SGFKGGPYDLSG,3851.1146788990827
LLFRYQRALS,10125.08256880734
NPFRYEDG,4427.01376146789
PSNGGRPYKAG,2192.9449541284403
VSWRENVLSNHA,4396.0091743119265
NDYVWNHLQKD,3742.7247706422017
RRHDYSPWSG,5931.522935779816
GKHLHQNDLS,1832.7981651376147
DEWRDREWNHG,5111.981651376147
WGHSFDYDSG,9210.366972477064
DEQVEDSG,887.6559633027523
HGHEASRDALS,1471.3165137614678
LQGARPLSG,2624.5825688073396
RDAPYDFSGVL,6606.981651376147
QRANGFPSPKD,2170.288990825688
EYNGKLYWFKV,12910.798165137614
KSQALSPRYAS,2840.9954128440368
DLGAYHVGYVL,18545.05504587156
YDVWPDSPWVSG,11923.839449541285
ERAPRNSG,1374.573394495413
EADDQRVSG,1028.7247706422017
RWYHSPVLSEHD,6667.880733944954
HEGEPAFEYNL,6967.334862385321
LDQYVWSG,8019.688073394495
DAQQGQEWKSG,1208.0183486238532
RHELPYPKDS,2199.738532110092
DAPHGHPYHVL,5947.747706422018
YDENEPLFKDV,4137.316513761468
VFPEVGQKLG,1702.3073394495414
ARAHFRVASG,3271.9587155963304
RRYHWQEWNKG,4375.655963302752
ALADEHLG,1752.5550458715597
GPKPRHSG,1341.7706422018348
ELDDKDSG,927.7247706422019
PDPLWNWNSG,5147.201834862385
VLKKNHG,1347.2155963302753
LARAEWLS,5807.995412844037
KAWDKVFVL,13578.926605504586
YFNNLRWNHA,7898.114678899083
NPSDHLSG,1462.711009174312
WQPWSEGFPK,7314.220183486239
KLWVFRLRELG,21529.142201834864
SHEDQAS,1133.4770642201836
QHYHDSLSHS,3100.0963302752293
WEVEYNRLG,12053.518348623853
FPYGAQRYWFL,28561.256880733945
ADRAQREWDL,3914.146788990826
HEWVFLEWAL,34374.90366972477
RVWSEHPWKDA,5182.059633027523
YNGQNVEKDAEA,969.5779816513761
EPHALNDPFHD,3932.5091743119265
FLDVQYKYHDAG,6058.5
ENASLREKEVAG,947.9816513761468
LRHFNSRDAG,3776.922018348624
PRRWSRSG,3164.954128440367
EDYNEWYALG,7629.288990825688
NLFRELSVSWKV,23319.105504587154
EEFKLVLG,14344.660550458715
PVVPDGYKV,3051.6100917431195
KSGLFLSKAG,3958.9862385321103
KYLQWPHALG,7106.908256880734
NGFFSRKLG,7196.568807339449
LWQFRGVSG,7404.706422018348
NLNAGNSQDAS,1309.9036697247707
RLRHARWQEK,2681.412844036697
WFLAFALG,17898.15137614679
KKQQPHSG,1075.8440366972477
DSDARPQEYN,1561.4587155963302
APNSARWG,2849.330275229358
EHLAFWHFYVLG,30327.481651376147
HGSWVQSG,3762.3440366972477
RVPHADFNDVA,2276.266055045872
EHLDSGKKHDAG,1046.7385321100917
EYKHWWGRPYW,21155.619266055044
SYNKFHSGREHA,2428.2201834862385
NKGLDASEYDV,2036.5045871559632
LAGHRKDVAL,2828.408256880734
EHGWWKSFPYKL,11363.30733944954
YHSHHAEPYNKH,2780.733944954128
LHRYHESG,2964.559633027523
AELDFYSG,6340.454128440367
LFRLGGQEPNAS,2771.706422018349
NRLFFHDLS,14813.229357798165
RHKQHDYWHAS,3720.729357798165
PFVKLQSG,4677.917431192661
EQNHYGPYD,4807.146788990825
HVKARGFPWKVG,4746.334862385321
KLEDFNGNALS,2176.9587155963304
WLEPYAKSRNG,4603.220183486239
YDWPALRWKG,8789.302752293577
EYRGPGNHG,2614.545871559633
DYEQKASG,964.3256880733945
PPPDQPNHALG,1679.0366972477063
LSNKRLPYNHSG,3295.6009174311926
FFKERHDLS,2736.733944954128
NWKNFEASG,2522.467889908257
QFGLWKFPYDAL,15973.04128440367
PENHNKSFEPW,5152.087155963302
GFWWEYHALSG,20248.298165137614
HDNRYWDQVL,9943.69266055046
DKAPPHLG,1297.3073394495414
KNLSDFNKHA,1504.3165137614678
YHEWRKQENKDS,1312.2568807339449
DAYGFEQYNVS,5620.651376146789
NRVNYLSG,4894.917431192661
ENSHLYKPKVA,1591.98623853211
SRLAFNVG,6669.422018348624
YVPYKFSGKVS,4892.04128440367
EVVYVSVASG,41334.31651376147
RYPWEHVNKHA,4259.8302752293575
FRPWGYAQSYKS,9654.509174311926
QHHKSPKHVL,1818.605504587156
FVHPLSKVL,7689.862385321101
SREPVHASRWVA,5461.151376146789
QLDDAPHVAL,3580.6605504587155
RKLHHDVYLSG,5252.504587155963
DWKVYRYWHVA,12660.47247706422
DLGKVKDDVL,1071.211009174312
ELDWGDLS,3338.3669724770643
AWDKDHLS,2311.5366972477063
KGEFQYWNKDV,2855.766055045872
ERVDQFSG,2724.2752293577983
RYLNKARVYWHV,11949.963302752294
QSFNRPSYVSG,5527.711009174312
GKQWSSG,2089.105504587156
KHYPWNSPLS,5610.857798165138
NHFNWLPNKHV,6854.51376146789
EWWWALRPNDG,12269.866972477064
EKWHKHYWV,6800.362385321101
GRASLNLG,3826.564220183486
VYPYVFVG,27827.977064220184
ESYRVSEWHG,5513.495412844037
QWLRWAPNVHL,20924.211009174312
LSSAHDVS,1753.926605504587
KKQYYSG,1733.7385321100917
QFFDVLNGPWKS,8464.665137614678
AAGDPHG,1477.697247706422
YALEHVYAGPKD,7100.183486238532
NEKSPQNLG,1302.802752293578
EWYREHLEYKV,9285.348623853211
YYENWALSG,7283.51376146789
VPNALVSQEPS,1272.5
RFAENFYVSG,13995.88990825688
YQFFWGQPWAL,30196.761467889908
HPKNDSYASG,1417.9220183486239
EGNFEQFKSG,1740.5
QAEVEAQNVLG,1209.802752293578
SWKHGSRPHDG,2492.4174311926604
RERAPKRNKVG,970.8073394495412
WQGLKDAG,2602.5963302752293
EFKSQENYHD,1935.3532110091744
PSNSQFVPDS,1849.302752293578
DAVHGQVL,2348.1284403669724
QGNDSVHVL,2163.766055045872
VEGQEEPVLG,1173.467889908257
YAQAVFPKHV,5110.45871559633
SRQKHPAG,1464.834862385321
QPDVYHFWSNV,16408.60091743119
SQWWRKVG,6862.848623853211
QPVYPVGQPY,10349.802752293577
NYADENSG,1718.426605504587
FAVDGHALG,5029.761467889908
VPGEGESG,901.605504587156
PVWRAPHDVL,10413.949541284404
KEHYAPKHVG,1869.545871559633
RDLNKYWPKG,3224.4862385321103
LRHEVSKHAG,1813.7614678899083
NFYEQRDA,3686.9770642201834
HFLPKEVL,3254.146788990826
NQSRASGRAL,2644.637614678899
HDSAHAQPYWH,8048.568807339449
GDDVNALG,1906.7981651376147
LVFVWNVLSG,29680.018348623853
DFRVEWKRVG,6029.357798165138
SYVKFDALS,6622.899082568807
YNHWQYWPAS,16159.747706422018
ARHDRVPDASG,1487.5825688073394
DLAPGYAG,2552.077981651376
DRGKSRLG,1243.9036697247707
EVRPNSWVFNAS,5487.082568807339
QHSNAHGPYG,3632.6926605504586
VVLWANSG,8133.660550458716
YENFVGQFWK,10229.69266055046
PVVYLFKHAL,36274.94495412844
PFVQDSFRASG,6125.091743119266
RRSHFALSG,4133.963302752293
PQPHLKDWHA,3074.316513761468
SPHQQEPWNHV,2828.5504587155965
NHSRFRDVREPK,2136.4266055045873
AHEKWAS,1482.98623853211
HDGLWAFWG,20241.894495412846
WFENWDAGWVAS,15824.211009174312
ALYNQKPNG,2152.3256880733943
RVEPYRSQFNG,5596.522935779816
HNLGERPYAL,6478.073394495413
YQQKHFLSG,4115.8899082568805
PPVKGNLSG,957.5825688073395
YQGYYDALG,7425.073394495413
AYQPARLG,3892.151376146789
NSNVDARLG,1822.045871559633
PDWQFKHWVALS,13866.908256880733
KHNSNVFEKHA,1676.4633027522937
WDEGRHAQFKL,8900.701834862386
WWSQPSDSG,4056.183486238532
EQRPDEQYDSG,1387.6788990825687
VLSFVLFGFRP,32805.779816513765
FKHYEPVGRENK,1977.2431192660551
ENNVREFPKHSG,1404.8165137614678
KEPKLSVQWDL,3313.545871559633
EFVVYASG,34875.5
QDFDVPNGQPYA,4101.967889908256
NKVQDVKHNVL,1157.045871559633
FYNYLQAYNKDL,3113.302752293578
FKSNYLFVAS,17220.518348623853
GASPQEG,1140.0045871559632
RSVLQPSYHG,4681.197247706422
RVNAWNDSEWKA,3385.912844036697
RFQHRYSG,5588.201834862385
NREWRQEPALG,4188.339449541284
YVAWNGHLRWDV,16414.97247706422
NVWWRYHDVA,14591.02752293578
PNQPEYLSRYA,4303.123853211009
YHSVREKQPNHV,1857.197247706422
LRGYHWDVLG,10279.944954128441
KDVEHLRSYNK,1940.059633027523
FGSHNDALSG,2322.5137614678897
DWDLEFKHG,4128.316513761468
KKHPQWNLG,2216.5688073394494
SGLGGEWHVG,3515.954128440367
SFQVHDALS,3771.270642201835
KRKREFHALS,1201.4449541284403
VFNFNVSPWKVG,9752.463302752294
HNLKVRNHVL,3997.197247706422
QEFWSHREYNKA,3852.7522935779816
WPHLYRYWHDLS,19469.32110091743
NPDNSNAG,1012.5963302752293
YGWSEDENVL,3748.3256880733943
HDAYLQNREG,2028.7981651376147
YLHNHFNVAG,4328.90366972477
ANFPGHLSG,2817.678899082569
LNANNDSG,1086.7477064220184
QYLSDSEWHPK,2829.564220183486
SVSHNASG,1196.5642201834862
VWAPQEPG,2113.52752293578
GRQRAEASG,938.8302752293578
GAYHGRA,2935.862385321101
NKGNNHGPVLG,1783.105504587156
EDHYVSFRYK,7492.51376146789
DWNQNHQHAL,3053.5963302752293
RAWDNDENHD,2296.8715596330276
FAVPSFNKV,3597.2522935779816
YVYQQEPLS,2763.706422018349
RFVWNYHDVA,10266.821100917432
DKVDLHASG,910.1467889908257
LGWLSYSENLG,9190.06880733945
SNLGWKYWNHA,5776.6697247706425
AYVSRQRYNS,4101.577981651376
YYSNHNALSG,2659.7798165137615
YEAKDDLSG,1290.440366972477
AYLLKASG,3861.288990825688
QFKYFYQEHAL,9149.70642201835
PAERSRNKHG,1061.2385321100917
HPWDEREWHDVA,3449.761467889908
KLSKWSGEWHG,3039.7752293577983
FNKQFFHSQPN,4258.94495412844
VPGHGYHALS,3207.0550458715597
SEHSVAPDA,1091.711009174312
PGLPEPDG,1321.5825688073394
DLNRKANKDALG,1076.5550458715597
DRYWNVGQPHNH,4063.922018348624
FAYGSENHDS,2284.0963302752293
LPYSQQYDAL,4714.532110091744
DEHRPHHALS,2671.8394495412845
GEQHFYG,5315.715596330275
FEVGSFYHREW,15200.114678899083
YAVPWLFRNKVA,8315.371559633028
LSDAALPWNHS,3756.376146788991
QDAWFWNANLG,11511.977064220184
WSYKSQWKFRPN,5342.344036697248
GWSRSEASG,2256.9908256880735
PGFPVALKHLHD,5125.022935779816
VFALGASYNH,7549.082568807339
KEEPWVKG,1428.2752293577983
NGWFYFRPKHS,9165.02752293578
GYSWRALG,8290.798165137614
VSVSLGFWK,14719.733944954129
WQEEEPDVASG,2017.2660550458716
APANPKSG,651.9587155963303
NGWEENKDAG,1440.8990825688074
PQDFYLDAS,7585.123853211009
KYGKLPSG,1421.1926605504586
QGNQSRWLSG,3853.270642201835
AQGFAYLSG,7773.655963302752
VWGDFHSG,6370.0
GYLQEFDLG,6987.004587155963
VNLHRDAL,3726.412844036697
QWQVSQRVPDAS,2842.3073394495414
NVPWYHDAFG,14352.848623853211
HYQLQKVLSG,4170.5091743119265
NRAPHWKHDA,2999.967889908257
PKFVVFPYNL,29098.1376146789
QFWAVQFADAS,21675.128440366974
ARPALGDNDL,1741.7844036697247
FPNFGQPRPHAG,5564.573394495413
KHDFSEYWHNH,4908.059633027523
GFWASRKGVAS,3671.3348623853212
REYDSYVWHPS,8511.88990825688
DGYAYDWKS,5050.90366972477
NPSDKHAL,1133.7247706422017
YLALKHDLD,5517.683486238532
KGLPKVLYNKHV,2612.788990825688
RAQNLNFENVG,3083.4908256880735
ARWKQPNVAGYK,2798.3715596330276
VEPSHPWDALG,4297.848623853211
KDRWFYLFNKD,8277.426605504586
RYNFFEKAQYW,11900.036697247706
AYPNVRYAG,6038.733944954129
QQNHKGYKAG,1210.3073394495414
KYGANHSG,1689.366972477064
FRDRDAEWLPW,15960.58256880734
YFDNKSRYKV,3612.330275229358
QLAHREALG,1989.926605504587
GVAKAHVLSG,1991.967889908257
QDARHPHRNHG,2422.394495412844
YAVKYHSG,3434.362385321101
EWYFNKWHVA,11564.866972477064
YQVFRVAGKVAL,14778.348623853211
SYHRVRPYVA,8257.059633027522
AVPKDNALG,1085.3119266055046
RLAVAQNVL,4455.082568807339
QWAGPVEDGRHL,3536.197247706422
HQAFESPYWAS,9482.655963302752
AVYVNVG,11401.532110091743
LPWFLNDS,13965.871559633028
KHWRWGREAL,5323.151376146789
VRPKWHSEYNH,3733.146788990826
GQRSKFEKHA,1196.4633027522937
NYRGEHDLSG,2628.5229357798166
QQPPKGQYWAL,4293.321100917431
VGPFHFYWNVL,25167.58256880734
EQPWQWQWNKL,7000.463302752293
NLPNHPFWNG,8572.055045871559
HEDHEWSG,3057.9587155963304
KEYSESQPWKS,1691.2385321100917
LSPEGKDASG,883.9174311926605
KHQHGEVEVA,935.894495412844
VLFESPKQWAS,6476.348623853211
SPVSGDYDALG,2075.770642201835
SYWNQYHDQVS,5620.95871559633
YEKLRVPWKDL,6250.435779816514
DYKFPENALG,2003.4220183486239
PARHQQRPAL,2691.9770642201834
EPQGHDGWHL,4637.0504587155965
LKGVYVASG,4441.912844036698
KRDQYVRPKVL,2201.9770642201834
KAWFFPKDVAL,9026.435779816513
QSAYQFSG,4021.4311926605506
SQPEVPYVLSG,3414.733944954128
RNLDSGPHLFDV,9298.59633027523
EHFWFVALRDA,34030.19724770642
YRDNGRVA,3349.637614678899
NHAKWVQRKDLG,2619.0091743119265
VGDQEVAPKV,856.5045871559633
NDYYNGNDS,2586.316513761468
EGKNAYDVL,1790.619266055046
QGKWSYDL,5559.316513761468
WQFWRWNDQWLG,29108.43119266055
LKYHARSG,2704.8715596330276
QSNPPWVSG,3433.545871559633
EKGEREYVHVAG,1477.5412844036698
SEWYFKLG,10006.0
PQNFYWRED,11438.119266055046
FNSGYDWDYWNS,14646.11009174312
WLNDNYKSG,3812.316513761468
GAGNYVASG,2242.6330275229357
EYAAAYWNKAL,4832.307339449541
HRLEHKLSG,1860.5045871559632
VPAKHWSG,1872.7935779816514
AFRNGKNDLS,1870.866972477064
DFYKPSQFRYN,7615.247706422018
PYVWDELSVLG,12244.97247706422
GREKVAPEWNV,2499.7798165137615
QWYDFYNQKHVL,11952.79357798165
SRWSWYWVLG,24691.08256880734
QYAKPNVEPNKS,1374.7798165137615
DWEVNHVSG,3505.3669724770643
EVNLGKVRPN,1547.3440366972477
VYQNDEVSG,1654.467889908257
NLSAFDAVG,4252.784403669725
PSRKYVAPWL,8497.477064220184
EHEAKDRYHALG,1818.8853211009175
FRNNDQFKEKH,1757.5688073394494
HQWAALENKVAL,4758.926605504587
SFNNRNHDAL,3845.435779816514
LDGKWALSG,3538.123853211009
QDWLEHSQEYA,4137.545871559633
PYPANHSWHVL,10385.270642201835
QSRVSFPGFNKV,6384.01376146789
PARYNSQPGFK,3554.3348623853212
HSQAKDVNKVL,1432.059633027523
RWYVLRENHDAF,18123.623853211007
NVLAWHFEPLG,16731.39908256881
KAQNDQWAFYWG,15113.045871559632
ADVAWVNVALG,8208.399082568807
WDNFLPWKVS,14890.114678899083
GEQFPFHS,8125.40366972477
HEGKYHG,1924.4724770642201
HRLWDDSG,4936.651376146789
QREHRPGPFRW,8126.5504587155965
ESKEKANHDA,658.4174311926605
VEFKKDG,1381.3761467889908
WDQSWNVRS,8577.80733944954
QQGKKSG,800.3853211009174
GEKLNAPWHDS,3135.8440366972477
NFPPNSEYWKA,4636.215596330275
DFEWKLLFYWL,11540.059633027522
SRYSSQEWS,4788.495412844037
EDPWGSGFWKG,5748.940366972477
RHRHWNPASG,3631.8669724770643
KQDLWNKQDLG,1529.6376146788991
ELKAFGPSG,1988.9587155963302
AWNYWRWG,17327.284403669724
YRLHDFKASG,3758.1100917431195
WRENWKHEYKD,3770.376146788991
DSVKVPDLSG,1064.4724770642201
AFVKRASG,2529.678899082569
DPRNYWVLS,9650.330275229358
SWPQFSG,9526.697247706423
WVRYDQFLYNV,25612.17889908257
DFDWPVG,6508.293577981652
YWGKFRVWKHS,6747.6100917431195
QYSLHDGPDSG,2749.8348623853212
NLANLHAL,5584.220183486239
KKGAASG,634.6238532110092
KYWVYKSRKA,2653.288990825688
QNYLHQFWKV,11262.908256880733
FWGGRPNHSFRP,9087.077981651377
FYHQNAHLFNV,9992.733944954129
DLHNWVLG,7836.40366972477
NDNVAREAGFND,2652.5229357798166
RYYVHDNKHL,5421.738532110092
FREHEWALEQEH,3500.9862385321103
EKRPPWSQFHV,5195.614678899083
WFFYHNVG,7887.724770642202
LYPDDVSG,3198.1422018348626
FWQRWKEKSQPY,5095.192660550459
DVQEYQDAENKV,1294.4908256880733
GPPSNKVG,1025.6926605504586
DDEAFDSG,1612.2293577981652
QGVQNLPYKA,2283.4266055045873
RNPVASDVDL,1730.0
KPHVKLYWNVS,5356.463302752293
RFWEKQWHDA,6254.224770642202
VSYDRPGDSG,1821.3394495412845
NPHNKENS,1011.1605504587156
HSQGVLFRYHV,17981.76605504587
KYNFLYNHVG,6030.793577981652
FERRSGRPWHVS,7689.793577981652
ENQESKVEKHAG,831.3119266055046
NVHFFEPYNKAL,11294.362385321101
YSVANVWHVAG,7140.4908256880735
GFHSANALG,3599.2522935779816
NWASSDAL,3565.0688073394494
LGNRELFDSG,3978.798165137615
WKEGKSQHDA,1486.7477064220184
WNGGHVGPLSG,4585.279816513761
RAAWGQFRYSG,11301.733944954129
EERPARHS,1919.940366972477
EFVFFPAL,44821.0
FVSEDQLQPNKV,2395.678899082569
NLDNAPVG,2190.802752293578
QKLYPKDLSPV,2114.197247706422
LWQLSQHVAS,5703.633027522936
EPFHNAGFYL,24348.89908256881
WFQPFEVLS,23713.009174311926
ASGHGYSRDSG,2505.8715596330276
QFWHNVQRSGEH,3807.1880733944954
WSAHVPAG,3967.646788990826
EVLLYWARNHL,29410.66513761468
WHNAWKLYND,8979.12385321101
LQDFDEWHDG,4861.311926605505
SNLNRKVSG,1905.5963302752293
ENYQNLFEYLG,10010.532110091743
SDGVVLSG,4263.165137614679
VKHKSYAL,1883.3394495412845
VRGSASG,1914.5871559633028
YRYWELRWKLG,13298.481651376147
HYVSDWVLSG,9920.90366972477
EWQELKPNHAG,2575.6743119266057
EFNLRKRKDVS,1557.6559633027523
GHVGWNKKLS,2378.5
LNGKYLG,3058.293577981651
KGGNQRAL,1471.3302752293578
EYLPNQWLSWL,23205.92660550459
NKGNRHLKHD,1711.197247706422
FKKWDVGLS,3210.816513761468
PFDVDAENA,1981.3715596330276
DQYGNASYNDVL,4522.252293577982
PASEDRNSRHVA,1910.6743119266055
QDFHKFPNKLS,2734.5504587155965
VGDQHQYKV,2139.1880733944954
LWDHYLG,10421.490825688074
LSWRRPDG,5954.963302752293
FGSSGSG,1584.4724770642201
LVLEKGFENS,2964.238532110092
NEHKKLS,961.4036697247707
QHNRRDVLG,2579.6284403669724
PGPQDGPYKHA,1750.8165137614678
NAYGSGEPYL,5436.825688073394
NWLLGLSG,9814.275229357798
ANQWFKSG,4587.45871559633
DYYWHREG,5293.5091743119265
AFDVEASRNHDA,2068.0
PGNHKAGREWV,2782.0688073394494
QLADFYLG,9158.197247706423
PYELQRHGYHL,10879.963302752294
QAKFFDLS,5276.977064220184
PQRSLGEPYWLS,10758.701834862386
QFDDDGNDVAG,1911.01376146789
LFQDEYAG,3567.862385321101
FAYLGVGPLS,10887.133027522936
QYLNRLFWAG,12265.018348623853
RHASHVYDQYHG,5611.651376146789
GLHSQFEYKHL,6004.678899082569
NEFAVAG,3288.146788990826
WGVGDWHASG,6653.087155963302
HVDRALEYHVLG,6835.408256880734
DWRDDVLS,4104.073394495413
KRAYREDG,1248.3853211009175
FSWFQDAG,6165.545871559633
EVHWDLRVAS,5064.229357798165
QQNYQKSG,1396.1788990825687
NEHNWSG,3373.2477064220184
HPLLYALSG,11418.990825688074
WYPWKRASG,5841.09633027523
ALHRKHARNG,1862.1422018348624
PFNKWQWHSG,6898.6100917431195
WGWALAKDS,5331.256880733945
GHDPYVRWG,8621.091743119267
VYVDQHVG,3178.7844036697247
FSWYQRWG,10653.926605504586
PYVQDANHGDL,2944.8348623853212
VQLWDKVA,2790.912844036697
QWNVGPWQKSY,7737.3302752293575
KVHYEKALG,1501.7201834862385
SGGGKDSG,787.9633027522935
PYHSLGYSWNHA,9103.954128440368
KWNSSRNG,2206.8073394495414
AFYYHYHDVG,9279.857798165138
QYGNYHYNKAL,4968.174311926606
PWLWQPNHVSGW,18629.238532110092
EVANKQDAFVG,1122.1926605504586
YQSKFWG,5495.738532110092
FPLNREKWHG,4132.431192660551
DPQALESG,832.5091743119266
QFHPNDGKSQRW,3348.6743119266057
VLPNYLSNHSG,2753.894495412844
VAHAKLNHDVA,1261.3211009174313
PGSEVEAG,977.5321100917431
VFLFNGEYVL,27886.990825688074
FKSSHVGKG,1312.5642201834862
RANRDVLFDS,3776.7201834862385
ALPKARPFKLG,2612.1651376146788
DGDNSEHG,1150.2522935779816
AEFSPLSG,2638.6559633027523
SRNSDGEPAG,1023.4220183486239
GRPLGGQHL,2536.119266055046
FYWLPAEDQDA,2562.467889908257
VFDHYKLSG,3141.908256880734
WHDSYVARAEKA,2628.8990825688074
FAQPGHVLYLG,17150.16513761468
NLHLWVFRNA,15463.151376146789
VRPNPNKFRDAG,1848.7155963302753
SGASNHSWVAG,2539.646788990826
KAHNFEVLS,2271.238532110092
EGSGNAHSG,1047.0642201834862
SRGKREVSG,877.6100917431193
WGVEPQKHVS,2449.9311926605506
YFEDFYNKSQVS,2580.0963302752293
AHDYGDASG,1569.6926605504586
DQRSSRPYKL,2833.8256880733943
PQGSNAG,932.8211009174312
NVGRDVEQPWDV,3491.266055045872
KSERDEWNKDS,909.348623853211
LWNFKWNKHAS,4316.357798165138
FGNPYGWNLS,11466.481651376147
PNGSKAEWNHDA,1482.059633027523
VSNRPSWNKA,2374.7844036697247
QGHHGDVS,1631.7064220183486
KAPEVAQPW,2019.880733944954
PPFNPKLSG,1925.8990825688074
NWNFDRLSG,7020.711009174312
WKNNLSEYNKAL,3676.0229357798166
QKDEGQRVENH,1129.3165137614678
FANNSQSG,1621.8394495412845
KSSVFEVSG,1917.1788990825687
DRAAHLSG,1751.2844036697247
DAWFEAQNKL,3710.454128440367
ENDPQFPDPYHS,2745.4449541284403
RLRAAFRPYWNG,10020.857798165138
LAYKPVG,3392.087155963303
KGYLNAFRKL,4014.7844036697247
WDYSFLGDS,8889.738532110092
WYQEKFDSG,4116.756880733945
WRAFVYAS,25073.119266055044
YNGLRESRWVLS,11167.555045871559
VQDKVRYLSG,3077.830275229358
DGLVEYALSG,6243.394495412844
NKRHWANKAL,2555.9449541284403
PDLNVNVGENVL,3058.1330275229357
LQHAKHWKSG,2009.3302752293578
NDQENNGQEKVS,909.0091743119266
NEFANSG,2206.151376146789
YKNDWNGYG,4678.142201834862
QDYLSLRVASG,7566.435779816514
EDLESFGQYWKG,4913.334862385321
PQEGSGRVLSG,2325.6284403669724
KNYKEYHDVL,2196.830275229358
DSFQGRWNKG,2418.4908256880735
SYWEKFPG,4538.09633027523
YPSEESG,1145.0504587155963
GFFPAKSG,4315.600917431193
QPRLDEPNHDS,1866.2522935779816
RQAHEPVG,1321.4816513761468
DDPWYKHL,5494.233944954129
PPEGFVAS,1801.0963302752293
PWAQLFKARDV,8353.665137614678
WKRKHREHLSGN,2094.5550458715597
EWVWWPYWHDL,34355.35779816514
LPAAPAG,1344.802752293578
ERAEPPALSG,1095.6743119266055
PRWSQRLGFHAG,9759.399082568807
WNYQNAQHAG,3299.4908256880735
NAPDQFKARVS,1819.9357798165138
DVDGRVNDLG,1992.0
DPNLWSQRNHDV,3557.4449541284403
AELYREAS,2641.1559633027523
WGRVNLQLSG,8510.857798165138
KFWDVPLEYHAG,7611.5
WFWHVGQGQRAS,5512.834862385321
FRGRDRKREAS,1131.6743119266055
QLGGQWFPDA,8011.871559633028
NNSSWLSG,3324.233944954128
GHLHEKHG,1500.6926605504586
GSQNKWHDS,1705.4311926605506
QAEEVSFYWND,13960.490825688074
KDFKSYAYDVG,2992.559633027523
AGWAERYKDG,3166.5504587155965
LSRSQRWKRYWN,6068.059633027523
PVFDPNEWKDG,3454.9587155963304
QQEFPAFWKDG,6069.706422018348
REAHVRAQDG,1492.2293577981652
YNKDPGPRYWD,6807.724770642202
PHFKDWAPWK,6494.05504587156
DQHGLEYWA,6729.912844036698
QNQFWHGDVLYA,22267.215596330276
KANEAQFPWKG,2064.4816513761466
QQSPYKVVS,2812.770642201835
GASGKLHAL,2054.169724770642
LESGWFNKDS,3451.1146788990827
HDYLPVGNA,2895.1605504587155
ARKLFHWHAS,5660.091743119266
QNPEDAYWHVA,3495.2155963302753
SGLLQWVASG,7305.733944954129
PWSDPYWARYA,23109.55504587156
FPRWWASFPHVL,30604.711009174312
QAWKWSRYDAS,6568.357798165138
QHWFVAEWNVG,17067.922018348625
YESLSEDAL,3167.8256880733943
HSDFSQDS,1833.7568807339449
ALALSLGWDV,18646.536697247706
GNNGQFWNHDV,5098.619266055046
WGAQWALNDV,10243.816513761469
KLHVFRWFKDS,7477.3302752293575
YQEQALRPNAG,3071.587155963303
GQKDSGGENH,955.9449541284404
LQDWFEVSG,6820.779816513761
RAFLSVQPWNS,11956.715596330276
WNDQNDHHVG,3044.9495412844035
QDKEFPKHDL,1064.1605504587155
RDNHFLGQWNVS,8008.192660550459
FQEHRHRAG,3611.4174311926604
RKGQPHHEYHVL,3682.5045871559632
AKHPDVRSG,1290.1880733944954
KGALHAPWHAL,6540.605504587156
VDYWYKHVAL,9992.47247706422
KVQVGWDQEPKG,1627.4770642201836
YPQREFDG,2904.316513761468
VGPLPHFWNG,7201.504587155963
VDFWAPLSG,8608.93119266055
LPQKGNSG,975.4220183486239
LEADGDVG,1894.2844036697247
VYHNDEYWKHVG,5038.9908256880735
WKVADSQWKGFH,5739.178899082569
FWVDKLGKHAS,3110.3073394495414
QWEYYWQKHA,7900.151376146789
GYFWGEASG,5022.215596330275
FRGHDFEHYWNG,10238.866972477064
VLPQYAPHALG,4628.472477064221
KVADAPLNHAL,1893.0091743119267
PKHWNSPNDYWD,9334.41743119266
VDVNVKSG,1285.0091743119267
AEFVDLS,5233.688073394495
HPVPPNSG,1464.4770642201836
WWFRFPSG,14315.683486238531
FDALALENFNKS,4356.119266055046
NFRVWSQHVLS,12637.59633027523
LWNGPALDVLS,7336.908256880734
FHHPRPDAL,4155.064220183486
YWNAGFLYGPWK,14628.330275229358
PAGWLFQYNVS,20491.536697247706
KHESGQEDQRWG,2231.97247706422
KKRLKHVAS,782.3853211009174
RAHAAFPNKL,3269.0504587155965
ELKRFYVG,8019.683486238532
VEYKHNSEPA,1463.8853211009175
FNDAGQQHSGPV,2572.298165137615
WNEENFYALS,17253.215596330276
FVSHSYWSYWKA,10118.02752293578
LFNSPAFEVL,12251.252293577982
VRWKGKHRKAG,1294.7614678899083
WPFKQPASG,3705.8440366972477
RWKRLSWDLRYD,13299.522935779816
PSSHDEHLG,1756.7981651376147
FFVNHRLG,7379.701834862385
VSGSNAHVLS,2007.0963302752293
FSDNAFVS,5307.119266055046
DVGGPVLRYKD,5084.55504587156
ENAGGKLHVG,1347.802752293578
KHPYQEGFYHA,4948.839449541284
PEWVDEYNKG,3795.848623853211
HAYSVLPYND,9830.43119266055
NNWKYVLG,7102.4495412844035
RADPFRKALS,2439.766055045872
QLAYPWDVAG,7569.266055045871
DGHRYQPNVLG,4614.45871559633
GYSWVYSG,13986.467889908257
ESEDQRYLYKHS,3241.559633027523
KPAEEKSG,539.7889908256881
QNQWRNLSGREA,2840.587155963303
GLFVHLS,19627.009174311926
GKWREAS,1882.3853211009175
ALSFSEPYEDLG,5336.018348623853
YRLQNPSG,3497.5137614678897
WDNWVEPWNKG,7546.655963302752
AHGQNQFRYLS,8138.642201834862
QHSDKHAPYHV,2554.4770642201834
WSDWFNLG,16650.077981651375
PLEGPDYDS,3938.1100917431195
VLFWSFENKSRY,12715.29357798165
KPNRYSEALS,1940.0825688073394
DYEWLDG,6561.036697247707
QRVYQFYDWDA,25860.811926605504
QDQLWVRPALG,9210.899082568807
QDQAVAQEPKA,980.045871559633
VYQFVQFLG,33937.779816513765
LRPHKHVPWKV,4363.724770642202
NGWQEKYLG,3741.0045871559632
EDDNLWKDALG,2484.756880733945
FQFQWGQFWD,29966.325688073393
QLEVRYSQNDVL,7346.674311926606
HAFQWHNDG,7138.908256880734
EWLYYHFYNDVA,21843.17889908257
VSDPDLRPWVL,10094.862385321101
HKSWWDL,8512.747706422018
LVGVKSG,1912.3302752293578
PSQSRLRSG,2035.334862385321
FFGASKAS,2385.178899082569
QLFNVLALRYH,23070.5871559633
RQQVGYLG,4884.5504587155965
FRNQQWLSNAG,6055.105504587156
DLHQGEYWK,3469.5045871559632
LRWPFPLG,16690.19266055046
QGFNYWHRLG,12680.54128440367
VEYRYRKHDVA,3893.5366972477063
QDRKQNQWNDL,2269.876146788991
KKSLYWLG,4142.633027522936
DGGLDVG,1758.6238532110092
FRQGDVSQVLG,2643.321100917431
NGAFRQLS,4205.440366972477
KYKSGGWVLS,4463.761467889908
LFHSNKVYWS,9608.591743119267
EPYVLKHWLFN,20832.82110091743
KDVGGRYDLPVL,4829.004587155963
NRKNVNDAS,1059.9357798165138
KARSQYNDAQRP,1754.2798165137615
HGDVQRFEVA,2793.4311926605506
QVVPFPHG,3873.940366972477
NWHAHSEYWSG,9854.229357798165
RKSAQFHQYWK,3263.9816513761466
LSNRELQLSG,2777.738532110092
GRYLLRPHALS,10215.399082568807
DYLQYLFEWK,12068.077981651377
LQVDLKLG,4325.0504587155965
WLGRREYLHA,10412.573394495414
RYLKRKVQFKA,2573.440366972477
LLEAHALS,2793.7844036697247
VGNPWHEDVL,5588.334862385321
HKQWRLSG,4538.90366972477
RKQEKAAYLSG,1222.2981651376147
QLDGEKGEND,1051.01376146789
QPVAWHDGREWS,8298.146788990825
PRDKDFASG,1924.105504587156
GWLFLVSG,38086.48623853211
QQFNHFFEYKVS,17807.5871559633
FYKQPSFYLGWH,17726.20642201835
SYDFVLDALSG,10147.018348623853
SREHYWQLS,8750.256880733945
DDVSGVFEYWDV,9558.646788990825
RSVQAGDS,1241.6284403669724
ASVFDFDG,5949.321100917431
RQRKVAAQFPKA,1340.426605504587
QLSGDGEDSGFR,2025.1467889908256
HPWSPANKL,3678.729357798165
NAYHQNHQRYDA,4424.201834862385
WFDEPLRPNALS,8387.266055045871
EDGWFVALPW,35334.8623853211
NGELGQASWKL,4242.972477064221
QPANKDEAGKA,606.9128440366973
FANEFREPKV,1988.1146788990825
LDPNRKALSG,1588.834862385321
SQSVRKSG,1211.6100917431193
WAKDSYAYWV,13598.509174311926
NFEDNDVEWL,8656.371559633028
AVWAFWDVA,16609.477064220184
HVKPVARPNK,1411.2614678899083
VYLQPQEPKHV,2322.4036697247707
FSLLDAG,3965.9174311926604
RDNENSPWHVS,3572.169724770642
YEKYVPDALS,2888.1605504587155
PLLGKAGQFHL,7310.279816513761
DFSGKLYWVL,15744.899082568807
HYVVGYVLG,22366.633027522937
LHQPVHDSG,2162.091743119266
QFNAHFRAKDVA,2903.646788990826
PYENQFHDRKV,4061.697247706422
RSLNHEDG,1608.151376146789
GPGERWLSG,2448.454128440367
NGWGYPWDSG,10729.087155963303
GKHFVNLS,3452.4908256880735
NRDSAPYHAS,2279.4633027522937
RWGDQEYLQFEW,19118.133027522937
YLSHAYKWNVL,8346.01376146789
QSHWDGRYK,4318.784403669725
HGEANKYWNDG,2760.032110091743
ASNSLGQEWSG,1949.7660550458716
KQNGAFHVAS,1898.908256880734
ALNQPLRPWDV,7734.793577981652
SNPWQWDVA,7350.435779816514
DRYVFSQYNAG,9111.146788990825
VLRSVRYWNHDS,7174.399082568807
NWRNEYG,5915.481651376147
HFESVFPWNA,12536.229357798165
YRDSEKLYDVL,3476.422018348624
QSWQNLQFEYN,10807.784403669724
AKHALESGRYNS,2020.6284403669724
VQQDNHVLG,1629.3853211009175
KVAGFKLQWEV,8036.399082568807
KYKPEWKHDL,1756.8532110091744
LGSLGYLS,5599.660550458716
RGGNAFASG,2279.7798165137615
REQAHQPKHVA,1099.5275229357799
DFALRVDAG,5497.784403669725
LFVWDQNDVAG,4656.133027522936
HFVKFHDSG,3693.8394495412845
SSGQKKDG,657.454128440367
RYNGSEDLQAL,1817.2385321100917
RWSYPKVSKDVS,2472.353211009174
RAVWQFWVALSG,19943.380733944956
FYLSHRHALFV,15024.362385321101
SRVEVREHV,1955.0
SDNKHWHAS,2134.0
VPNSYFNHVL,6032.655963302752
AFKSPRWVG,4648.908256880734
VGRGHLREWD,6176.6697247706425
LYQFPHWLS,14688.463302752294
WEWQDQRPDLG,5867.233944954129
QKSHFPHSKHA,1490.7155963302753
YKRSFSGQPNV,2811.211009174312
VDFPRNKDA,1411.711009174312
HKPNLSNG,1538.940366972477
LWLLPDALG,13801.646788990825
WQRDSQNQPKVA,1880.2522935779816
EHRFKHSYLS,4099.431192660551
KSNPNLPWHDL,5114.09633027523
GPWNHRERHVG,3263.362385321101
NKFEFRKARK,1130.0963302752293
DSQAKSGDG,637.545871559633
AHRPFEPHSG,2581.211009174312
NYQKPLG,2038.6559633027523
PEWYLPNLG,14873.536697247706
ERAHRYALSG,3050.2844036697247
KRVAQSPLG,1343.3165137614678
NRYYWHSGQEYH,9432.784403669724
YQWWFWVASG,19542.224770642202
DENSDQHAL,1732.8715596330276
REPFSFRGEA,3560.5045871559632
FVGQYGSPYNK,4918.284403669725
FFEYSEFEALS,12526.41743119266
RGEEGEWNKA,1252.9220183486239
HENNLFHDVLG,6064.229357798165
QWPFNDWVL,23363.92660550459
RVSYVWFWKVS,22061.0871559633
DRFNAEALSG,2337.0
QSEEQFHALS,2212.701834862385
WSGYGQYNQEKS,2580.876146788991
EFNKNLGFPWA,8684.408256880733
DYERDVG,1703.3899082568807
FKGQYVQHLFWN,13714.247706422018
GFHYPWVG,13918.688073394496
WVNQYKSNKSG,2593.4587155963304
WVDEFNSG,5274.995412844037
KAWADSEPWVL,8390.504587155963
RNEYKGEKSRWD,2476.440366972477
FDRQHQFPYVS,11310.073394495414
WSFWYHLGYALG,11141.183486238531
FKDQNHQKQFNS,1902.9311926605506
SQDWLWKDVL,6890.385321100917
WRLDFRVG,15730.43119266055
LDSGQRHKVA,1753.711009174312
VQENEVAGEHD,1186.3577981651376
EDYYQVLS,5817.036697247707
WKEYEVFWNLSG,14289.275229357798
GLNVQRWKVALG,7180.600917431193
PPDQASFREDG,1397.2064220183486
PNPHHSREPLG,1801.6880733944954
LFAVKHG,4388.206422018348
SALWLGWLS,19189.963302752294
EFDLDLRYWDAL,14740.08256880734
WNNRDQYKDV,3412.5733944954127
QFQYHASKLREY,6074.770642201835
KPPYQWKH,2592.211009174312
QQPHFYAGWHL,16240.56880733945
QELGHGDVSYD,2798.077981651376
YHHGLGPYAS,6093.44495412844
QSGGAFHDALS,3033.738532110092
QKQLHVFNDAL,3569.316513761468
HGVHAQHLG,2863.302752293578
QSYQSFKLS,4735.935779816514
WHDDVQDRLS,3850.646788990826
QAQAVSWNLG,3478.032110091743
NKNYWAFDVL,12559.399082568807
WWLDSESG,6504.995412844037
RGPERKHDVS,1045.7064220183486
ADYWVVG,8617.04128440367
VGQYQVARPND,3147.908256880734
NDELYAGQPAG,2420.7798165137615
YWSPPWKFKV,11403.761467889908
LSQAQDAPDVS,1127.348623853211
FDSHWNQNHA,3759.8348623853212
KPNDDRPHDVG,1224.045871559633
YSYRGQFREAL,6653.178899082569
DGRGGQRWHLS,5651.073394495413
SVLWWNSG,11251.004587155963
VKNGQFKLG,2124.935779816514
SQQVKDVALS,1179.940366972477
YVPLEAQPSG,2102.756880733945
AYHRRHSG,3128.1146788990827
NPYAPEPSG,1769.0963302752293
NSLKENG,922.6009174311927
LPVRDFNASG,2475.4770642201834
DPLGALQHL,2665.211009174312
DGAKLPASG,1198.0183486238532
VRSFNYDALG,7098.100917431193
NNELEHLSG,1839.6376146788991
FLPDYKSEWKLS,3527.178899082569
FHHDNKQYNVAG,2175.197247706422
RDRLPHNDVA,1962.2752293577983
YKDLYHHDAFKL,6335.637614678899
DGAFYDQFPH,10502.908256880733
LQWNQYAGEND,3297.1422018348626
KFHQKAQYVSG,2280.853211009174
QLHEHALPLG,3722.8394495412845
AFAWFYSG,16590.26605504587
HYWFGPKG,6621.747706422018
GFAHQRSG,3244.770642201835
YRSKQNLG,2490.6009174311926
PSDVWHFPYW,25811.25229357798
AEFHFPSG,5119.243119266055
QQPDAHSPWNKD,1736.2339449541284
EFVLYQFRWHL,45392.24311926605
KFDSQLRAG,2733.637614678899
NSHSHREYNHLS,3614.770642201835
FQDEENLSG,1690.426605504587
VWKVYWLRK,13454.440366972478
EPGHYNEPWNH,4864.284403669725
EVAYRPGFRES,3997.738532110092
PYHFWGEWDFWH,30984.610091743118
RRDLKVPVA,1830.1697247706422
GLGEAPALG,1599.894495412844
PVPPPDASG,1316.545871559633
DENLLGNALS,2589.362385321101
NQSQNHQYLG,3260.7752293577983
PSHKARKHDL,1407.9495412844037
GEQVFHG,3697.238532110092
QRQEHDPVFKV,3031.206422018349
WDDKNKLG,1860.7018348623853
NEPWNAAGWKA,3467.5550458715597
EQWNESGQFW,8626.91743119266
FQPKRDAHSG,1383.01376146789
QSSQSQYAS,1406.894495412844
WQAEENKHDG,1714.7431192660551
LSQNFYGNKL,4663.839449541284
QESFKSEHQRKS,1118.545871559633
FFYHDFVAFDV,20938.174311926607
HNHNAYNLS,3524.408256880734
YAANVLWKH,7765.4908256880735
YFSERKLSG,2570.940366972477
NNHWFNLSG,8393.100917431193
KSGPSYQFPWN,4553.394495412844
FHSGFLPSPHLS,11726.275229357798
VQKEWKYHDVG,1941.091743119266
DPVDVPKLSG,1064.3532110091744
QFHYNDRKSEKL,1812.6238532110092
WRDDPHDG,4197.3302752293575
YQERGREYKHS,2924.467889908257
KALNPYVQPDG,3026.0045871559632
FRYYGAQHDSG,3792.064220183486
WNAGWKFEPSPL,8318.954128440368
WADAGYQASG,3864.559633027523
RNWLARWNKH,6693.573394495413
ASVFQRYWND,10675.637614678899
LSKGNGFRYV,7416.720183486239
WWHQLWVLS,31350.60091743119
FDGGFKVQFPN,9232.935779816513
PSNNQVALSG,1659.302752293578
KQNDDEWNKVA,1104.3761467889908
SGPHVVYLS,22016.243119266055
LPRWYLG,17270.169724770643
RYHRHLRKAEPW,6352.738532110092
GFFHYNHDVLS,11739.454128440368
PRSWAHDVL,7558.504587155963
LPGGNVLG,2130.9862385321103
FNEWKHQYSHAS,4659.211009174312
AGEHQRLQWNDL,5679.211009174312
HVHPKRPALSG,2470.197247706422
HEKHAEAWDVG,1960.802752293578
HFANENSG,2082.5963302752293
DKDWFPAG,2850.1009174311926
NYYDFHDVAG,6787.4908256880735
VPEFVAG,1963.8715596330276
GVLYLDALSG,26822.61467889908
DWKFPFVAG,9236.885321100917
RWQYNQFSRPN,9445.62385321101
KFFWQRVAL,12671.940366972478
PHAESWLGNDV,4218.642201834862
YLHSRYAFDAS,8581.633027522936
PRYASYDREWG,8974.56880733945
WERLWHDVG,12298.646788990825
WDDNPWASG,7633.59633027523
WYHWSFNG,12344.614678899083
RSPAFNGYND,3918.077981651376
SGGKVSNHLG,1655.4357798165138
NKHEYFNARSG,3889.0183486238534
YYWDYWHNVL,15393.940366972478
VSEPKFPLFEL,7333.40366972477
WQNSARENLS,3253.454128440367
LGHRHGQFYNV,9690.47247706422
NFPSYFHVS,13548.738532110092
QPHANKLFVSH,6402.582568807339
FDQYYNVFRYWA,14200.715596330276
PNVHALEDLSFR,6927.834862385321
KHFWVAYDREPV,9115.229357798165
YQYLGSGAS,3443.880733944954
RLEEYDAQPHL,5382.133027522936
WSQWYWKFKVA,13319.775229357798
LLKDEALG,1668.8394495412845
AWGKAVLSG,3250.6330275229357
YGYFHFEYWHD,20257.201834862386
VAPHNVSYWNK,3482.577981651376
HPFPFEASG,3635.5183486238534
FVQEHGKSPVG,1887.545871559633
QFWNQRNVARNP,6313.972477064221
YRRWSFRG,9218.399082568807
DSYGAFPYKDL,5446.720183486239
DPKGELFRKHV,1472.6376146788991
HQGHRNG,2076.7155963302753
GVSWFVLG,27317.802752293577
NVDWVAREYW,16312.444954128441
LKVLKFYKHALS,9495.30733944954
RDFRYEYLRYNG,10361.770642201835
KPYLFQKDG,2923.316513761468
WVPGGFWHDVS,12528.646788990825
EQSWGRLG,3892.954128440367
PRLWDQDVAG,3769.7844036697247
SAEDFRWKHDG,2361.412844036697
WQYLNSPDV,6418.128440366972
SYQHDWSG,4415.8302752293575
PLVAVSPKHDVS,3359.9311926605506
QYRSREPKFVG,3276.5504587155965
KWVRLHAG,5626.059633027523
NASHHDVSVA,1837.1238532110092
ENRVKVFNHDAL,3350.683486238532
GFQPGNVG,2840.6100917431195
EERGFWDVG,4869.307339449541
NVFRHLQWEKHA,5889.376146788991
AVFNYNG,5959.5
AEWSKLFRPYN,7955.536697247707
RFWKKASWAG,4969.600917431193
WVDVSDEVS,3187.5183486238534
EVQHLQALNKV,1993.866972477064
LARPAYLG,6630.995412844037
NFGHGNVS,3194.564220183486
WPYEKDAQDSG,2164.422018348624
FKEAVGREWNV,4060.4036697247707
QWAWHVFALPW,38337.98165137615
QSNLQGNVSG,1799.1880733944954
RHVSGLQYWGQF,19025.15137614679
EHNYEPWKHLG,3693.243119266055
LVLYALHAG,20439.032110091743
FDANDEHSGPD,1754.9357798165138
APRNQPSG,1089.8853211009175
RGHEFYHLSG,5632.243119266055
EGVQWAQFYNHG,6896.4908256880735
NSWAKVWNKHAG,3041.183486238532
FHDDDAQEPYHA,3228.1559633027523
FLVNSYVS,8564.522935779816
KQDYPHLG,1807.366972477064
VGWGLQWALG,18617.504587155963
PWEEFNDS,6092.885321100917
HQRDFFNVG,5984.275229357798
PEADGVLSG,1585.2568807339449
HAHVGQYFPKAS,3617.6100917431195
YKRAEFRYG,5121.0
RKVDYKHQRNG,1291.0825688073394
QDSENAGKSYNV,1315.0504587155963
YHVPREYPNSG,2640.0366972477063
RDARVDVARNS,2197.6880733944954
PDGGWVAVG,6219.834862385321
NKHAWNALWNES,4165.261467889908
DYKFFVLSG,22860.724770642202
AVLQNESG,1192.467889908257
RPLQDRLGQWK,4090.064220183486
HLWPNARSG,5424.339449541284
LRKGQVLPWKAS,3864.321100917431
LSAEWSFEPYAL,15106.678899082568
LQQYRYASG,6241.614678899083
PWAKHKDEYDG,2084.97247706422
PSNQFNHGWH,7094.146788990825
FVGAKFEKDAG,1493.6697247706422
KLYAYWNSRPNS,5760.220183486239
HPGDAPSG,948.5045871559633
KNLHFNG,2681.435779816514
AYFNVRDVLG,8797.600917431193
RQQFAPAG,2472.197247706422
FDANVNALSQV,2471.711009174312
KPFKKDVAL,1033.8211009174313
YFKQRLQFPKD,4139.4495412844035
PHADAHSGEWD,2676.9266055045873
SGRFEQEHA,1768.1284403669724
FYHVFRYLSEPG,9208.52752293578
DFFEKLPNHG,2704.912844036697
NWHDYLNKVLG,6421.266055045871
ESGNLQHDSWNK,1539.302752293578
HHEHHDALS,1662.7614678899083
AFLRQEALS,3027.032110091743
KYAFHKVG,2374.1146788990827
SYKKREVSG,1092.2431192660551
RDVYVPWDWDS,13498.229357798165
EDWQQPHVLG,3735.270642201835
WNDKGYSNDG,2397.591743119266
LRKYDAPS,1802.894495412844
YAYALGALRESG,4089.756880733945
SGALEAALG,1394.2706422018348
HFVWKLRPNVS,6455.674311926606
PLNHYSVLG,7176.339449541284
YDQAELQPYWKD,4449.573394495413
ARGKSPDS,682.743119266055
HGEHWDFEVAS,5059.348623853211
LPNPQYLG,3107.9633027522937
VNAHWAG,3463.9770642201834
VLHPGQRVLG,4152.472477064221
FDKANRWKHDAS,1697.0275229357799
NGQDSEPFWNAL,3529.8715596330276
FDNPRWHVAS,5855.834862385321
PSWVRWQHG,7248.5091743119265
GYEAFEYWHL,13720.380733944954
QLRHVLKVKDS,2964.619266055046
YWENDQQEDASG,1993.1926605504586
KYLAHLS,3203.619266055046
LASNDNLS,1503.2064220183486
QQWGRDGDSG,1888.4633027522937
PHHDPYSYLG,7135.197247706422
PGFNEPDPWLS,5865.284403669725
QFSNGEPGFRDL,4237.633027522936
DVENSFPGRV,3103.733944954128
KNDNKQLSG,862.0642201834862
QSKRNKSEKHLG,797.894495412844
RAFYRWYHVA,14104.839449541285
HAKLWAYNDG,5279.6697247706425
VWQEYKYSG,4840.362385321101
KWHYLHAG,4980.426605504587
NWKEEVSG,1351.408256880734
YHFSALFRWK,8492.02752293578
RLLWHLPNKVA,6099.201834862385
NDAFGRYNHEDS,2959.8853211009173
NDAQVLPYQYN,5791.857798165138
PDPNLQSEHV,1395.559633027523
FAANYASG,2762.394495412844
HYSFFNG,6895.912844036698
WSFRWRVEYHV,23989.623853211007
HREFYGNHVAG,4768.756880733945
EDWREHAYVL,9812.798165137614
RLPYPHLFWKHA,11115.908256880733
SQNDWHSWAL,10009.633027522936
NADNSDSG,1059.9449541284403
APNRNSREPVG,1171.9633027522937
GESRNKNSG,963.1100917431193
HELSKRNVAS,1868.7798165137615
GVRNVVSG,2056.6605504587155
SKFLQFEPHDS,3518.5183486238534
PDVQARWDSHV,3766.422018348624
ANALYHWNHVSG,5655.3302752293575
KHKQWKPKS,756.0504587155963
YRAVRYLSG,9154.055045871559
DRADDVALS,1393.4587155963302
YEDQKFYKHSG,2446.9862385321103
WPDNAPSG,2764.087155963303
QASRPWLDFPW,18105.183486238533
KLNNDVFPNAL,3398.577981651376
AGFQDQPWALG,7755.853211009175
DEQAQYSG,1436.967889908257
KEPWFNKEKSG,1389.9587155963302
GAEKVHG,1009.6009174311927
GQWVYWRPLG,21256.339449541283
PSSEKDEPNHAG,1008.6743119266055
FPSYRVQRAS,6518.963302752293
LHFARHVG,5515.853211009175
ANSEENG,889.8302752293578
SGSKVWG,2628.894495412844
QGKRFYKHDAS,1771.0550458715597
EVFAALQRPD,5841.091743119266
VLNNALRPWDVG,8295.98623853211
SDQFFKS,3236.880733944954
SDVELWVA,5568.95871559633
AHVYYKLSG,8728.142201834862
ELYSDPWNAS,4767.48623853211
KSSEDFPYWKV,2341.5
KAQAEGRVS,944.8348623853211
DHFVDASG,2791.3577981651374
PGENRPKYVG,2370.408256880734
WFSWLNAG,9932.04128440367
YRGYAKLS,4569.40366972477
WSAPALYWND,17634.275229357798
AYDRAFASG,4000.7155963302753
HFYSWQYNKA,6045.871559633028
KFYGFHQHVS,5339.105504587156
ELWEDSYHVA,5623.1100917431195
RPGVEPDYWDAG,4472.032110091744
HNRPWHRVA,6590.51376146789
PEENRLS,1419.348623853211
GFGFWQENHL,13070.761467889908
YVHDVESPDL,2605.52752293578
FNVEVFRAFPKG,20281.128440366974
ERWSKQPNDLG,2460.908256880734
FNYYNKLPNHLS,5671.807339449541
AFNSRSRDALSG,3392.9816513761466
WPLDPVLS,6845.720183486239
YPQPANKHG,1893.940366972477
NHHYYHG,6097.091743119266
HSFDRPQRVLG,5049.761467889908
KFGQLRDAS,2391.894495412844
VFPFKSQFWKVA,9991.178899082568
NQFEYSRASRYL,12424.834862385322
WAFAYAPWHAG,18796.27981651376
LVWDDVSG,6105.178899082569
FGRKNEPYWK,3732.4449541284403
ESVNNDG,1126.8211009174313
RPNHDFWAYLG,17276.91743119266
QVGNNDFRPYW,14734.091743119267
AQFQPEHLS,3102.816513761468
HPHWEHDS,3317.766055045872
DKSENELG,682.9449541284404
APAPRKVG,955.1559633027523
WFYGPNAQLSG,5830.440366972477
KSVLDGQENL,1254.0366972477063
SRANSPVG,1765.4220183486239
SQSRGQSG,1374.426605504587
RESLFYKEYNH,5531.954128440367
GRGNSEDG,1117.4311926605506
KREQDQPYNKD,1270.165137614679
LDAPAKLG,1803.3211009174313
PYYQFYNGPNG,12065.91743119266
ALDPSPVG,1479.0642201834862
VFQSASG,2641.3256880733943
LNEKNLSG,1145.9724770642201
KPVAASQEKL,727.2981651376147
YNNYFYAS,7838.3302752293575
FDWWHGFNA,14233.47247706422
EKRNHDLKQRHV,1710.045871559633
VWDFVQHDVAL,11796.142201834862
HKLPPLSG,1774.01376146789
LDFFHDALS,7648.307339449541
RFRYHSLRED,4440.55504587156
EFYWPLRPKVG,9389.58256880734
SRQYLRPNL,7736.325688073394
YQWYDLALG,17639.077981651375
VLGNDFPPWKVA,6745.155963302752
VEPPRPWNHA,3856.908256880734
YGNVFYFEVAS,49218.98623853211
GRPFPVFAG,10102.922018348623
RDDVLQYNEHS,3456.435779816514
KAHLFELEPD,3447.0550458715597
NRQVAVASG,2026.6880733944954
DHLYFWDSG,12620.142201834862
VHVHQPLS,3007.183486238532
QEAQSGEYQRL,1464.1146788990825
HERLEKHALG,2021.0091743119267
HNKGNHKDA,1081.01376146789
GWNYKFHDLS,8611.19266055046
YFKHWHGQLS,5878.325688073394
WSDASNAREYL,6684.527522935779
SLFKRVALS,6814.059633027523
KEYNYKYDAS,2300.9954128440368
SFSQHDDALSG,2805.3577981651374
YEAQLWAG,7001.211009174312
GPDVKSENS,788.802752293578
SVSSWHDVL,6415.573394495413
YQWNNYWNG,11538.48623853211
QYYWSEAGPKL,6142.348623853211
FKAYRYVYKHLG,10494.183486238531
YGDFLWHVAL,21203.389908256882
WPLDYAG,8063.252293577982
KHPDYGQFRN,2445.0412844036696
NNVGVRAG,2361.064220183486
SKQPDSNG,933.2477064220184
VFHWGQDG,5479.761467889908
HRLNDNLG,2881.6100917431195
WNDVDVPVQNKD,2325.7477064220184
KHADRVWHSG,2623.206422018349
RKFPGQFNGYKH,3952.3899082568805
GRPWGENGFVLG,9768.19266055046
ADENWHSG,2631.087155963303
KWHQQHDG,2197.0963302752293
AKVRWFVG,11379.04128440367
APRYADLG,2565.0091743119265
LKQDVKVG,1173.288990825688
EYYFQPVS,13208.133027522936
SYRYNKVENHV,3320.6559633027523
FLARDLPSG,4254.114678899083
GEFLWVG,19762.064220183485
HSKWHALVLSG,8510.747706422018
HFGVWHDAS,6946.068807339449
SVLHAYSG,5175.587155963302
RPHYEPWKYG,8371.279816513761
ARVYHPNG,3516.935779816514
FYYHDPGHVG,4863.252293577982
DYKARSHVLS,2493.316513761468
SFEYVLDYNHLS,22649.74770642202
GWRPQYNHDA,6018.316513761468
FHRRKSQFKDA,1644.4495412844037
NQGLEHDASG,1479.0688073394494
WHVVHDVGFSG,12920.215596330276
RPWRYKGVAYD,8517.95871559633
EQAWDEKALS,1484.4816513761468
KVDKSNHVSG,913.9633027522935
FLEHRAGEYDL,6264.688073394495
SFVNNVG,3184.0229357798166
DRGDRPDVLSG,1951.1146788990825
HEVSFHVKLS,13006.766055045871
SDYVVAG,2752.4633027522937
YFLNRYHVL,10670.449541284404
PDEYAQKGEDV,1140.6926605504586
WNHGNHLKLQWD,10858.844036697248
KQKVQSDLS,961.1651376146789
VASLYVEYHDG,25982.39908256881
HQNSSWAG,2909.623853211009
HFHYVEPVLS,11195.091743119267
RGWQQRNKDAG,2200.678899082569
VSRGNDLEN,1421.9357798165138
SKRLNKG,1116.059633027523
WRFREFHDVAS,8719.683486238531
ARLLYDSG,6338.559633027523
DPKDKAFWKLSG,1376.0825688073394
EYANSRDVRYW,10887.665137614678
LHDPKFWKDLS,3706.0137614678897
PWLGPQPGPG,4048.5
PLEAAGWALG,7471.532110091744
SRYVLQQENA,3139.5229357798166
PWAVAEAGWG,6970.821100917431
VPVWPYG,9360.412844036697
HGSRQRLG,2863.1926605504586
KDQGDYWNHG,2267.564220183486
DVNEPPYWDAS,3806.3394495412845
FNNAVQEYDAG,3233.651376146789
LYRQHDLSG,3638.830275229358
KPFEQWG,2705.1330275229357
KDYNRSRWKLG,3063.2477064220184
VGHARFPYWHS,12582.302752293577
WYEGQKHS,2813.9587155963304
GFSHQALSG,3017.8853211009173
WKYEHASEHDA,1942.2155963302753
RAAQASEHDV,1227.6009174311926
ALGQAFVGYKDA,5226.917431192661
HNGHNSG,1526.1376146788991
QSHAKVAYV,3981.5229357798166
DQHLAQEVAL,2253.440366972477
QNGEFRAGRDA,3105.7477064220184
NWPGPKLG,3923.270642201835
NAPHYVSVG,5006.623853211009
DVYDRWVRLG,12970.454128440368
EVEFWSFSG,22339.577981651375
HYNPRPYNKHS,3597.940366972477
YPLYKYLG,8157.912844036698
FAFEWVKYKAS,11672.137614678899
RWGLSPHREYW,17422.036697247706
PPNGSEPNKL,1059.7568807339449
WVNFQRYWKA,11671.715596330276
YQEPAFRPVRHS,4843.802752293578
PLDKQRHG,1745.5229357798164
LGANKLGAS,1824.4633027522937
FGQFVQKHPL,6508.573394495413
PDPQSYDVLG,2060.788990825688
YFVKNKSG,2393.8577981651374
LPLELKDG,1719.8853211009175
QSVGWGPKASG,2208.2247706422017
YYEGKDVALS,2437.9036697247707
EAHSSPWHVALG,3949.3348623853212
DEYRDQFYNKH,3735.412844036697
VFRGVEPWDV,8887.114678899083
DLNLNQEYKDV,1982.288990825688
PPQRVKASG,1040.8623853211009
GNSKFNKHAL,1960.2431192660551
QVFRYQALFDVG,22061.844036697246
WNEKPSPWVLS,11156.683486238531
LDPYGSG,3198.646788990826
DFGRNKHKVL,2173.683486238532
LNSESPVAG,1463.467889908257
PYDRHLQYVFN,17754.009174311926
VRHWEHSG,4183.211009174312
PRFDFEPG,4791.798165137615
HALRPYPNVGNG,3322.2844036697247
FYRQSPYAL,8538.440366972478
AHQWSFLSG,9641.197247706423
DSQGLGPDG,1483.9908256880733
KNDLWSKHDA,1793.7064220183486
APWKQEDVGNAG,1188.9174311926606
QYDGKHEPDGN,1214.6788990825687
PPLFDQYASG,4552.9908256880735
GWLEWFPYNKAL,16960.155963302754
YYDVHNHDG,3896.793577981651
SYDFDPNLS,4053.821100917431
AVRHLPG,2589.1284403669724
QQSVSFASG,1976.9357798165138
RWVQLQWDQEDV,5554.114678899083
RKWVFGQFRVS,15084.467889908257
KPQGVLG,1022.6651376146789
QHDEFEWLEPDA,3747.4036697247707
RGDAEKWLS,1881.01376146789
NWNLALEKVSG,3560.5366972477063
KGRELYWHLGYD,10680.151376146789
KYREPQHSG,1460.4816513761468
AGHDVKVAFHDA,2518.6926605504586
HVSNHALRNYVS,6568.160550458716
KNHDLLFAG,3574.9908256880735
GPDPQKDG,778.1422018348624
VAWEHLNKV,3244.330275229358
DQYYKVRENV,2528.4816513761466
DYSQPPYNLG,3945.1605504587155
PKPKSQDQRVAL,980.6146788990826
VHGDAPG,1202.5642201834862
NKPSYKREWNK,1211.2798165137615
AERYANLS,3302.967889908257
FHDSYFNQFE,8976.01376146789
QFWFKAALFRH,12929.880733944954
RSELKFHVL,6329.853211009175
NAHKFRWNKLS,2810.706422018349
RHRDEYLQPYNS,4444.399082568807
RKKGGQYWHS,2050.697247706422
GFNAANDLG,2259.7477064220184
QYAAQFDGRVAS,4918.848623853211
QRDPSYGFNHV,3354.2522935779816
KAKNPDVG,659.5091743119266
DSHAYVRWDAG,4676.467889908256
NLSWQFHYKALS,10660.715596330276
WQVGFYGKL,14065.440366972478
AGYARWLYVSG,17247.119266055044
FSESNFRPVS,3981.4816513761466
AWAEDPHALSG,2017.1422018348624
YRAHHALS,3356.4862385321103
KNEKVNG,620.9174311926605
EHFRWQVGAG,4096.201834862385
QRFFLGWVALG,22641.1376146789
LSWNAVFYWKDV,15557.5
LNAAYKDLSG,2533.6926605504586
RPDFPGDVSPNG,1679.605504587156
DAERASNVSG,989.8348623853211
WHHYWQRPHD,8118.325688073394
RQGRSDLS,1480.651376146789
HEQVEYG,2509.8440366972477
EFVVSEKVLS,5498.293577981652
FKGFEYGWFHV,15125.756880733945
NYEPEALS,2067.564220183486
YPQFLEPLS,6743.3302752293575
DWFLYDLG,16887.75229357798
SRRWRPASG,3871.7522935779816
GQHQVSYWNKAG,2645.6743119266057
QFDQEHGGFRYS,9499.56880733945
SRHSRVGYVAS,5040.871559633028
DAQASEWVYWDV,8947.724770642202
SGPNGYAQENL,1931.7798165137615
HASAPYQEYG,3567.1009174311926
RKSPDQGEWKA,1072.4954128440368
YSVWYDVG,12160.371559633028
EWRNHLPNARWA,9732.811926605504
RWHDNKRKSPH,1614.573394495413
KAGDDAFEYWH,5006.967889908256
SRSVQFDS,3383.5366972477063
PQHEYVFDG,5422.344036697248
YDKLYDFREWN,6582.477064220184
GRGKYHDVSG,1893.0275229357799
YWDPDQWSGYKH,7870.477064220184
VHLHQWAG,5835.628440366972
YGPEEYWHD,5051.674311926606
HHGVFSG,4447.619266055046
HYFFHALSG,8470.252293577982
GEWGGDSG,2677.4908256880735
NHEYDFPFYAL,22366.275229357798
LRSWLDSG,6202.568807339449
WHKRKLGYHDAG,3455.770642201835
KANENVFDG,1639.8440366972477
ANQWQPDASG,1947.7752293577983
PRSEYNYAS,4291.724770642202
KYARLFHG,4986.95871559633
KDYYSRYWKD,3404.261467889908
WYQHNDSG,3679.6605504587155
KHKYWGYDVAG,3270.646788990826
HGLRAQAG,2160.894495412844
FREEEKVGHVS,1419.2155963302753
KKEWFPHA,2403.701834862385
ANGEQEVS,856.9816513761468
FHYAVWHDAS,7943.605504587156
QYGEWKGFDAEK,2447.669724770642
YGDPWQDALG,6481.133027522936
AHARRDG,1961.9174311926606
WQKNDWKVL,4814.701834862385
EWLYKDGKAWL,9454.229357798165
AHPKFEWKHVS,2730.9633027522937
KFGVQPWG,5778.463302752293
GFPYEAYKL,7868.8302752293575
GSGWDAWG,8217.444954128441
PPKSRDPYG,1612.4128440366972
DYHVVPWVAL,19698.967889908257
DNQKWLS,2084.5
SHRNKPASG,1170.619266055046
AEDKYAG,1124.302752293578
LWHWWNVASG,10434.233944954129
NGKEVAYWNH,2926.119266055046
AKRYSPAL,2226.3899082568805
RPQADAFEPYKD,2707.467889908257
QNGYDGWYHLS,13954.605504587156
EQVLPAWHSG,3549.0688073394494
RVHYSQDVL,4877.899082568807
NDHDASPGFNV,2918.922018348624
FAGANVGFRWSG,12465.366972477064
HNRAKHLSG,1868.0550458715597
QKFGDLQDS,1291.4816513761468
DRPLAGNVS,1437.2018348623853
YFREHQFDRWD,13837.954128440368
KNGPPYG,2271.380733944954
VPKRSQKDG,909.151376146789
NGFSLSFDA,21426.45871559633
VSPADAPNKHD,1246.6284403669724
PKFPWLESYWN,14331.555045871559
NKSREFDVYHD,4882.252293577982
DHRELNAL,2309.261467889908
VHVNFALG,8424.128440366972
DAHSDVWNKHVG,1946.6376146788991
FGNFDSPHSG,3894.853211009174
FSNLSSGHG,2788.766055045872
PVRPPLSPKDG,1450.0688073394494
HHQKGVAG,1162.3302752293578
WAFPQYKVSGPW,16746.077981651375
KYYVYDVASG,6572.472477064221
LQKEGQREPK,1029.5504587155963
DQLWWDLG,12842.894495412844
EEGQERSG,1029.7064220183486
PHRPRPLFPYWS,22136.729357798165
PHQKRYFRPNVS,3500.9036697247707
PPYRNLALS,5919.655963302752
RAKKQYASG,1022.5550458715596
PWVVEYDSEHSG,9435.495412844037
PKYKQAGPHAS,1426.2706422018348
VFWRGRNHALS,8707.550458715596
QAVWVKVLSG,15869.215596330276
FNNWYWLG,17253.0
QKENYWKQPKLG,1885.6467889908256
GQWQWLWKHAS,11159.619266055046
YFESAGRYWN,7945.582568807339
EPPGWVFYNHV,12683.20642201835
QNEKHREQFKG,1533.3440366972477
HLWSFWRLS,17811.17889908257
DRNDVARRWKG,2436.087155963303
SPNDQPNPKAL,1327.2339449541284
GQASSQVS,940.5183486238532
WNNEDGQVAL,3708.743119266055
NPRSWDVAL,5036.678899082569
DPVRWSYWHDLS,11378.444954128441
QLPDAPYHEPNA,2137.52752293578
QFDVVGHVVSG,5054.477064220184
GASVHDG,1608.408256880734
QNEWGQQHDL,4177.614678899083
PYYPVGFRWA,24847.16513761468
GFHHQPHG,3745.853211009174
KQWPFPDG,5332.844036697248
RDLKPNAWAL,5595.5
YVRDGYAFEPW,20628.57339449541
LGYQWQYWKV,14090.885321100917
SEYEEYVALS,6447.798165137615
QSVAWRYKHV,7262.1697247706425
WVVYYDSG,28192.922018348625
DVQRSQWRYHD,8218.178899082568
KNLRAENG,1461.197247706422
PPQVNLSG,1352.6697247706422
VSVHQRAS,2169.3256880733943
PYRWLRGFWHAS,17625.44495412844
ANLWHPDL,7769.206422018348
NVSQNQAHAG,1482.288990825688
QQDAWDREKV,1529.211009174312
ALNALLYNAS,8989.678899082568
EHYKGLEYWHG,5534.431192660551
GNASDFYNHD,3955.7477064220184
FWRPWENVLYK,22662.58256880734
KVRQEWSYAL,7258.4495412844035
LFLLEAG,16115.022935779816
YWQLGEDQPVAL,5973.334862385321
DRWFWLRWHV,22848.07339449541
YWQFDNRPNV,8042.160550458716
SPELVAG,1422.2568807339449
VFVKDWDVAL,10481.720183486239
HYVGAYLSG,8200.48623853211
WLGVLPDYNKHD,7104.834862385321
HQHLQDPWAL,8279.06880733945
PLQYWVWVKALS,30582.688073394496
WLGKWVSEWKS,6838.9908256880735
FKHEDSPSFRWV,10324.59633027523
DENDVDWVLG,4046.935779816514
NKHFFRWAPYHL,16404.34862385321
GRLQELPAG,2046.8211009174313
AWNSHLVAL,10800.545871559632
GKFYLPSG,5172.733944954129
KYAEYNEKHLSG,1862.7935779816514
PEVVDALSG,1801.3302752293578
SPFNFNG,4201.059633027523
DVSNKFKQFWVA,5468.165137614679
LANFRSG,3821.1422018348626
PYGERKVYDV,4988.811926605505
YRFNGNSG,3360.1926605504586
SQKPKLPYKH,1637.133027522936
RGQLDASYWNA,5585.178899082569
NGGRSPLS,2212.816513761468
LVSWYKSG,6346.197247706422
KHHDFYYWKDAL,6416.848623853211
RRSEPAPYNKG,1444.5871559633028
FKLYREPRDVA,4002.1559633027523
FSSFFPVLS,14124.963302752294
RWKNASVRPDA,2283.412844036697
GPHDWNAQRWNA,4761.44495412844
KVAGHLNHRNVG,2523.802752293578
DEGDVYSG,2246.6559633027523
EHEPLPNAYWHS,5525.665137614679
HKQRDFASG,1632.2431192660551
HWPHAYSG,7731.651376146789
KARPGPASPNG,1332.0779816513761
HWNWRWLG,18905.366972477063
QWWREPFWSG,25348.059633027522
GHAPHVHSG,2434.967889908257
DAHPQRPYKHVA,2784.2752293577983
AKHDQRNHPNHS,1746.4036697247707
YFRRDLFEPW,16410.174311926607
NGAGSGYKHLG,2438.761467889908
NFDDSPVLG,3783.830275229358
APPLALG,1762.880733944954
FSAYFVSG,18524.550458715596
KEPFHLEYWKL,7541.844036697248
NHHKAEPYHA,2057.376146788991
GHQWFALSG,11575.784403669724
APKYKRNS,995.0825688073395
VDSRNPNLSG,2050.348623853211
VQNKFANVG,1959.9311926605506
AFSQVGQKD,1517.440366972477
LRRWQELS,5341.408256880734
FWFFFWNHS,6767.931192660551
EQRDNAPNDS,1136.2431192660551
WEWLYLFEKH,15270.330275229358
HEPPQEWNHD,2574.435779816514
WFGQSRDG,4908.0504587155965
DEPDKHQWNDS,1533.2798165137615
NYWDVSHEYNS,6756.752293577982
RYSGQDSNVSED,1551.4128440366972
FVVVWKHVL,27478.270642201835
RVGHDRSQNAS,1869.380733944954
LQQWVEAG,3036.8990825688074
EAFFVPKAS,4539.091743119266
WDEKKVEPWHDG,3521.8669724770643
EREYDQLEHDAG,1852.6788990825687
VRPEEDAG,854.0550458715596
GNWKEHLSG,2069.733944954128
AALVSYLS,14361.467889908257
DFAHGYLG,6651.619266055046
KHQPQVWNKHS,1660.5183486238532
VFDFAQRHVLG,8149.091743119266
HHRYLWG,10009.922018348623
SPQRNLGPLS,2365.087155963303
YFVGFNFRKAS,9503.128440366972
WQFHESGPYKS,6812.564220183486
NWKHQRPWFWG,21213.174311926607
PEKRFYDSG,3459.5825688073396
LGYNSWKREVS,3351.7201834862385
ASLFSYSG,6821.431192660551
HRVHEASG,1667.3577981651376
LKYSESG,1592.894495412844
WPGEYREG,3964.532110091743
RWFPFRVESG,11052.724770642202
NRGPYAKDV,2508.5
HWRKQPWG,7090.1100917431195
VDEHNLG,1599.1467889908256
NKWRDLQWNVAS,5274.683486238532
AALRDVYG,4410.344036697248
GEDFKEWHDG,2715.380733944954
VEPLWLRHDLS,11815.169724770642
FEGLKHDGKLSG,1712.2935779816514
WSFPNFKLKLG,12555.045871559632
EDRSASRDAS,994.4082568807339
ESLDAYDG,1826.3761467889908
RDWNVEKALQDV,1915.5045871559632
LDSDKLSG,1184.7522935779816
KRRDVNSG,952.4082568807339
EGNDWDSENHS,2017.7614678899083
DSGNDRARYNV,2258.9816513761466
ANVWGRHALG,5831.935779816514
DFQKPWDVG,3342.669724770642
RFAFFYWHDV,25837.940366972478
NYNKRYGHDA,3525.3990825688074
SASYLYVALG,20327.95871559633
NYQVHDLG,4247.114678899083
EFDYNSWVAG,5374.788990825688
REKAEYVFQEYS,8591.880733944954
YRVNSWKVASG,4173.128440366972
NSWDAQAGWVG,5559.238532110092
KDEYASSPNKVL,1676.8119266055046
RHYFGEPYND,7118.422018348624
YEEGVAG,1650.0825688073394
SQRYQVGPYAS,6358.261467889908
HWLVPYLSG,14649.711009174312
DFRHASWQYLS,12150.678899082568
KLQLASQPYW,10871.01376146789
AQSHQPLS,1480.9128440366972
FGQWPGFPKDS,4744.646788990825
HKDDHLSG,1011.6192660550458
HADHLFLSG,6441.876146788991
RHYRNQNDALG,3037.293577981651
FHRQPFENALSG,4320.8899082568805
RWQPENSYHVS,4302.215596330275
YHQPHDDGQPD,1739.7155963302753
VRDASHQFNKG,1801.0183486238532
AYELSPWKAL,5870.527522935779
DKVVFPDSG,1583.8990825688074
WGFVKSFEYNH,14698.160550458715
PPHRQRKDG,1131.633027522936
QRHSWKRNGRYK,2121.8073394495414
HVELREVHSG,2463.1559633027523
DVAHDPKHPKDV,796.0137614678899
VLRVKHLGNVA,3867.6743119266057
QPQNDSPDQPWS,2731.321100917431
QNLPQPDQWHAS,2915.743119266055
QASEQFNRNKA,1697.7798165137615
HRHEKFPYNSG,2299.8073394495414
HSFLFANHSG,7667.302752293578
PDRVHAQFRS,3740.6146788990827
QLWARDVPYNKV,5679.770642201835
FHHHNDSG,1869.7935779816514
KFPHVNVRNVA,2386.9908256880735
EVVVGVSG,3388.9174311926604
EGRWVLNAKHL,6370.018348623853
FDGQVQFLYWKL,28975.830275229357
AELSGHRDLS,1976.3532110091744
YKSHRKSVS,1113.8119266055046
FADHGKVG,1377.8165137614678
PLAYYASG,8158.4495412844035
GHRGPLSG,2325.353211009174
ELDSPVFWNG,4231.133027522936
ARDWKLYLS,7857.628440366972
KAHDHGREG,1016.0733944954128
QWWDANFRPKHS,5490.8302752293575
KSKQSPHDLS,750.1284403669724
QQPWRNDVEKL,1757.151376146789
PDFWGQDALQAL,5856.651376146789
VHHDARSG,1980.5550458715597
QEPWRPVGFYFR,32359.110091743118
PRLVDVLSG,4194.201834862385
AQWDVPSNDAG,1876.8211009174313
QFRSHALEPLQD,2931.8394495412845
PADLDGRKHDS,1333.98623853211
NDEHLALEPYWV,13926.894495412844
WLHWGYKHVLS,10659.954128440368
LQNNRVLG,3046.233944954128
LWKDAYSQYWK,5835.715596330275
HERPYWVNL,17460.69266055046
LRKHAWVPWA,10915.651376146789
DWNLVRALSG,7329.45871559633
QNFSKHALGAS,2189.4174311926604
KVSPAFVQEV,1516.894495412844
WYYEDVLSG,9775.628440366972
VGFPKWWDAS,6398.674311926606
WENPDSNHDSG,2751.587155963303
PGHHQEDG,1296.633027522936
NAGHEHSRENV,1354.7981651376147
LQLLDAG,4080.4036697247707
QEVLKEWHGVG,2131.5183486238534
RPLYNSHYHDS,6577.243119266055
YAVGSWVSG,6458.261467889908
NYVVEWSG,12154.990825688074
LQAEDPKDVALS,1204.8073394495414
YNPYSQLPKHDL,4676.339449541284
LYVPHNKHL,3932.5688073394494
GAQAWSG,3011.059633027523
EFSFQVALS,37414.55963302752
WVKGQKAPHS,1984.5825688073394
FHRRGRWHDL,8012.348623853211
LQSFSFAG,10223.201834862386
KSRPRWKLQN,1674.2247706422017
AKRHSFEG,1494.2247706422017
YHFHNKHQRWVS,6470.344036697248
FDEWFLGFPYKL,10531.366972477064
RFKLALRPWHVA,12665.270642201835
DGPEEHASG,1145.9174311926606
RQEKHSFEWASW,8257.036697247706
FDAAWHVPALS,6977.100917431193
NYRAWSG,5834.325688073394
ANVPYNKDQYNK,2062.564220183486
WWWKFYVG,17416.711009174312
EGNQHFNKVG,1635.591743119266
YANYHGEYH,6471.0504587155965
FFPASFAWHA,14094.09633027523
NRFGVASG,3489.669724770642
LSPVRNKGRG,1396.7660550458716
YYFRLFDS,5886.536697247707
FYRFWKSFHSG,6942.04128440367
FAYEYQYWNVS,14033.454128440368
LWDQWHEVG,7081.100917431193
NDWRKVFRPNHD,4803.01376146789
QFGHDFKFPVA,6113.128440366972
HDALDGYNQEND,2624.559633027523
GKPHHSG,1500.7706422018348
WELFAFHLG,16152.59633027523
GWALNRNKHV,4911.334862385321
DQNGPNQPYWD,7370.573394495413
PASDPALGHVA,1613.954128440367
ARKLESQRPNL,1729.0779816513761
HYSHPKG,1898.366972477064
HAKWPWKHDG,3303.876146788991
FDGEVSGKDQHS,1525.894495412844
HRYWHGYNKQHA,4177.614678899083
HPHLFNHPVLS,7675.256880733945
LPVRRNDVAG,2105.1009174311926
YAGPFYNKFYDL,16661.79357798165
HWNLPLRNSG,6453.706422018348
RPEKGQKDWKG,1130.619266055046
EYAAFNVFRAS,17146.339449541283
DRDDYHLS,2958.9266055045873
DLWADNHDV,4424.857798165138
YSQNWAPWNK,5894.022935779816
NHRWLEFRKDV,5932.756880733945
FQYEENVLSG,3866.435779816514
SNHHQNKDAL,1361.591743119266
DQQSFPALG,1942.3073394495414
WNFRGFEVEHAL,13339.660550458715
EHNDWDFPYNA,7400.871559633028
KGRDLPFPYHS,5134.380733944954
WEEHYVALSG,11645.61009174312
RSLHEDLSG,1866.165137614679
YRDLKRWHVAG,4809.880733944954
FKNAERKVG,1117.6559633027523
VDVKKAG,752.3853211009174
YFKWVPKHDVS,3604.1605504587155
KARAHSQNDLG,1369.0779816513761
GPWAAKVG,2247.1422018348626
PASNSHDVGWKV,2515.908256880734
FHRLLSQEYWA,13677.050458715596
EKVYQPVLSPHD,2916.298165137615
PHQSSFRPHDG,2498.793577981651
EHRPALYLNV,11781.802752293577
FKRGFENKHWKH,2966.5366972477063
EVSSGFEQRAS,1565.2339449541284
LLFREAKG,2580.756880733945
RQFGRYYALS,14628.577981651377
VPSRAQKHALS,1766.2339449541284
VPPLWDVAL,7549.931192660551
GKAGDVNDVLG,1229.2155963302753
VSQGVARWNDSG,2350.6146788990827
QNDPKAYKSKV,1163.0412844036698
SWRNHFLSG,9541.977064220184
WQGNNASG,2357.5825688073396
AYSEPPHG,2108.302752293578
SGLRAGRWLSG,7223.628440366972
QRHLGKGDPNS,1394.697247706422
QLPHKQNKSG,1044.9816513761468
HNEYFNHVALG,7689.95871559633
YSAPSREKHV,1967.4128440366972
PQEHPFRYS,9528.720183486239
RVRYGYQRPHA,6421.1100917431195
DAHWYWHVAG,9884.43119266055
QSQNLLEPVA,2038.5091743119267
DHLWNDKLS,2640.059633027523
RAPPPWALG,4969.825688073394
FGVYDDAS,4715.243119266055
FAKSQAYWLS,8197.70642201835
PRVQSPHVALS,3229.045871559633
YNRVWHPWNDG,12010.678899082568
RLQVKPNDVA,1682.8165137614678
VVSQYPNKVA,2399.454128440367
HHGQGKSG,1170.9816513761468
DVPWLQNSKVG,2561.119266055046
WFEEFPKG,6324.256880733945
NNGEKENHDAS,1095.6422018348624
WVAAWLNHDL,18733.174311926607
FAHWSALG,9067.816513761469
RNLPRWEVLSG,7472.3899082568805
ADYDQRWVAG,4404.894495412844
HQDQSDALS,1195.0
WPWPHNKALG,7023.45871559633
DSLRLGPNAG,2229.1422018348626
DQNAWVLPSG,4158.311926605505
AYEHQYWNAG,4896.321100917431
NSHQQNDLSG,1388.7614678899083
DSENQFGYVL,9953.940366972478
EGSFAGEPNHG,2139.0137614678897
DVVEALDVLG,2929.5091743119265
HQDNFRVLS,5154.192660550459
KWAQPYDNG,3788.701834862385
DFYVSLGWND,27556.963302752294
WDPREYDWAG,7591.068807339449
KESNGPDG,1061.9357798165138
RSQFKGLSPWS,6600.605504587156
HFFHPAG,5946.114678899083
QNGREEWGEHV,2910.908256880734
PWGLLQNKAS,4461.54128440367
VHWNEAG,2553.766055045872
RWRSGQVRPHG,4912.256880733945
YSWRKAEYDS,3367.908256880734
HRRAPYLSG,4527.01376146789
RNYHHVADLSG,3468.4311926605506
QHHRYHGNKDG,2182.2477064220184
DPYWQFGRDV,9594.940366972478
LRVHKVSG,2434.559633027523
PQQKSEAS,645.1926605504588
DDSFSFDL,7690.738532110092
PHSGLEKQRAG,1242.5
GSFWNEDAG,3453.821100917431
KANNSGQPNDV,1046.51376146789
DHYNNAG,2008.105504587156
HLVSNKSRDG,2320.6146788990827
VGGRRNG,1701.288990825688
QANSHAWNV,2812.1146788990827
LFSHQDG,3029.5091743119265
QSGYGHDQNDV,2099.6559633027523
NWGAHDVLSG,4974.642201834862
EFSKYNVLG,3037.169724770642
EWGKDAHAWNKG,2053.5963302752293
FQHSFSFRPHV,11128.224770642202
VGLFDEDVAS,3270.821100917431
HQPHNQRWNKD,2282.0504587155965
ADEGQAG,919.394495412844
DWKQKYKDV,1407.2660550458716
SFRQQFWNKDSG,3667.4449541284403
FFWERVAS,8174.784403669725
HPENKESG,823.7293577981651
WKHVYDFDVGEK,3694.2155963302753
DAGNVFLGYDV,12701.036697247706
EEVSKFNHDAG,1432.894495412844
KHHGREWQEHS,1908.0504587155963
NKFNVEPPWHG,5489.793577981652
WKERYHWVG,8767.032110091743
AHAEKQAG,845.6467889908257
YDNYNHGEHLG,3486.876146788991
VEKNYNG,1887.3853211009175
HWDESYNHDAL,5416.917431192661
RHHQLGKDL,1849.9357798165138
ADGWNRVLS,6640.385321100917
GKYLPKALSG,2278.8577981651374
RAANKKVG,829.1467889908257
QQALLSEYKHSG,1970.6422018348624
FHRPDQNDPSG,1412.8440366972477
PREFFEHVAG,5965.5504587155965
GLWKGAG,3129.211009174312
PDRPPNLSRPNV,2173.4495412844035
FDYAHDRPWKH,5780.6697247706425
RAPVKSPKASG,888.559633027523
KAWSHSPHAL,4256.587155963302
DDWDNDALG,3135.1605504587155
SDKFPVLG,1865.408256880734
AHPSASG,1283.6467889908256
WWQYAVLS,22343.633027522937
RHNSHPYNKHDV,2562.876146788991
QWPFQRPNKL,6964.293577981652
LSFLGPSQKDLG,3453.6284403669724
GRGDHDVALS,2030.1559633027523
YDLQNNVSPHAS,2307.4816513761466
FVEHHVYNKAS,3683.0366972477063
AELWPWSG,11980.87614678899
FLPHKHGNDLS,2267.9816513761466
NGALEGEPNKHD,1169.3211009174313
WFLGDRYKDA,5532.1100917431195
HSVGYALEHVSG,4410.798165137615
RDGEWLPQRWHD,13612.839449541285
NRQFPGQPLS,4216.137614678899
QSQFASPDNKD,1379.7568807339449
FEEPNGENKGHS,1067.1422018348624
AFRRKAHDSG,1785.165137614679
FQNERYDVALS,5254.715596330275
PVPQASPHDG,1431.9495412844037
VEWHWDVRPYDA,14401.45871559633
WDSNEVGENHV,3141.6743119266057
QPGNDVWDFRWG,15410.380733944954
DLYRHLKHDAS,3169.6880733944954
EEFEWHKG,2391.5733944954127
DEHWNFPG,5992.073394495413
AFWPHSWNVG,12564.926605504586
VGFAFESRNHD,7357.701834862385
KKDKRDVG,620.5275229357799
YSESVGFRKD,3627.2752293577983
QWQNRPHLNHG,5267.811926605505
LNKRVARDVG,1714.3715596330276
FVLSYGYVARYK,19040.73394495413
VGHPVGPYWHA,11968.747706422018
SNYSKDLG,1769.2752293577983
YYKRLGYL,8152.344036697248
KWHPEKLSG,1782.091743119266
FLLFQRDS,9334.61009174312
KEDVVGYDAG,1494.0275229357799
FEDVWNRDSQRK,2464.9770642201834
YVEWAQGNHVG,4706.256880733945
EWHYLSGPKSG,4055.6559633027523
NWRFEWKHS,7960.6697247706425
EFGFNFWG,17462.440366972478
RGDDPDSG,1144.0183486238532
DQAQHSNG,1031.4220183486239
HKGKQKAL,777.5183486238532
QLVANLYDV,10000.926605504586
YPFFKLG,10965.935779816513
ARKGPVQEWG,2323.362385321101
YFEKAFKVREV,5390.087155963302
SGDLWGENAG,2560.7522935779816
QLGGVQEYWL,12232.981651376147
KDYPPNALS,1518.8577981651376
PDQKNGQFRKLG,1928.7064220183486
FNEDALQWFEPW,25875.922018348625
SHGQNNLG,1756.5550458715597
KDNQQRVLS,1458.0366972477063
PNYHKHGPSG,2125.288990825688
DLFPGEWHVREK,2589.876146788991
WQLDDVLSG,6144.642201834862
WRWGPSEPKAS,3320.233944954128
FRVQSQSGHVS,2587.5183486238534
YSSLDLG,2913.761467889908
KLGVDGYNAL,3605.683486238532
PNKGAQFYLYND,13387.577981651377
FWNLDLGYAGWH,16308.422018348623
SGDYNALRWDS,5828.270642201835
QGWNSYWLGEH,9151.862385321101
LDGPAAG,1787.4128440366972
REHQSQDSRYKD,1295.1880733944954
YSEQHQYWNHDA,4413.504587155963
GPYHVQEPWDSG,3988.3440366972477
QVFKKLGRSG,2431.8669724770643
RREPALPKDAGD,1076.7155963302753
KQLQRYFNKVAL,5346.655963302752
GNEAEHG,922.7889908256881
NKQEKQNAQPDS,739.0963302752293
NNRENPYDVG,2591.4770642201834
RPWDLFVQYEP,31200.24770642202
RQLVHDVLSG,3595.5504587155965
AFWWFPDALG,21650.142201834864
HLNKWDQPYKH,4405.9495412844035
ALLWYKVAG,9757.56880733945
KEYEWFRENAL,4310.665137614679
PDDVEKKHALG,782.2614678899082
GRLVSNAL,4571.981651376147
DQLYGFVG,8866.839449541285
WRFDLFESG,12497.908256880733
YKYSRPVANHG,2437.5825688073396
EYSGKVQKQEK,775.9724770642201
SPDNDYKDAS,1023.4128440366973
WPDPVLSGQRHS,3466.6926605504586
KHHKHANKDV,709.0137614678899
DLANKPKVASG,807.2201834862385
YQYGFRQRHVL,9227.243119266055
LFKYKFYKDV,4666.738532110092
RAQLRAQEDL,1777.5642201834862
HRKLYDAREWL,6195.454128440367
FFGHGKLSG,2589.9174311926604
EQGYKPLSG,1005.045871559633
HEWKGNRYWN,6418.201834862385
AGYVFLQHVG,14306.422018348623
ANDHWVLSG,3497.788990825688
DVFSFRQEPYLG,11988.518348623853
FREWEDVLGDEH,3932.894495412844
SRNGFRFDLSG,7380.504587155963
NLWFSEPDV,9136.555045871559
PKKQWLFYHV,9158.949541284404
VKLPKWDLG,2664.4495412844035
HVVSSRVSG,2630.6330275229357
YALPAFLRPAG,8772.215596330276
GFAHYVG,7121.091743119266
HRHNYWLG,7887.697247706422
HAYWAAGNVLS,6720.348623853211
DLVWVRHALG,11507.009174311926
YGSNPLSG,2465.8577981651374
ESEEQENSG,742.2660550458716
SENPKPNKDVS,729.394495412844
NYDDRENKHA,1374.619266055046
NSYHWNVYDVAS,9660.857798165138
VHEWHWG,8076.197247706422
EQAYGYSG,2846.183486238532
EPAQRAFHVQW,8646.899082568807
LSWQAPDVSG,2895.1009174311926
EWYLQREVNVAS,6531.51376146789
DAYHLRLPWHAG,10960.756880733945
HYRLVLG,12850.61009174312
DAWYYHDALS,12135.701834862386
EFVFVRDVAG,26729.39908256881
YEFRFKSG,4284.481651376147
EQFGFGRKVLG,4968.798165137615
RVHLGNHESG,1903.0183486238532
VFVPDLKDSG,2231.435779816514
GKLDPKHVAS,1234.2935779816514
SWDAAFEPWNA,8719.440366972478
SKAVQHSG,1101.8073394495414
PVHKEYDVL,2289.3669724770643
SWAREHASPNHV,3734.8990825688074
SENLGRGEDL,1945.7752293577983
QPDSYDVEFPWL,13103.165137614678
NWLGNLYWKV,14160.353211009175
PAAENSRPWKS,2102.1559633027523
QVSVHALHDSG,2382.683486238532
PDWDPNNDVLG,3542.5183486238534
RYLWVQRSKHVL,11728.564220183487
ESLPEHLG,1693.2614678899083
VNGGRVLSG,2297.5825688073396
VRRLRNHDA,2805.266055045872
GDSYRDVASG,1935.954128440367
EAQFPLHDVFHV,6640.692660550459
QNGNAEGYDS,1944.0550458715597
AREDSQVLFYHD,13908.894495412844
VSLRALQRPVL,8626.70642201835
DQVPDANKH,1007.2844036697247
YANQVLQEPH,2839.6422018348626
QHHRSGPWNKD,2701.151376146789
LSSWPYLG,11446.683486238531
DWFLPKDVAL,9313.133027522936
HSPHWNHWNDAG,4754.40366972477
DPKSLSPYN,1371.0412844036698
NKKLLFWAG,6778.995412844037
EANHDQLSKAL,1236.6697247706422
GWAKYNHDLS,4367.9495412844035
PGPLDVRWG,5305.288990825688
LSRGFKGQEDVG,1613.288990825688
EGLKLRVSG,3554.880733944954
EQYVQYSWKHVS,7198.472477064221
HEAYQKALSG,2083.3073394495414
VKEADSG,665.7385321100918
SYDKEDVLSG,1438.0504587155963
YKDWKSGSRNV,2492.435779816514
PGNWFWSG,15661.880733944954
WWASVYKG,9182.949541284404
WNENEYHGRKDA,3109.243119266055
YLSWYHVFWHVS,14266.665137614678
APGGRLSG,1594.8165137614678
VGNHGLEPDV,1853.0550458715597
VYPHQEPNKDS,1486.073394495413
YRNHDAHALGEP,2511.1880733944954
AESPWRNS,3768.6146788990827
PVLRVSREQEV,3308.266055045872
VKYVAAL,4558.247706422018
FVRWNFNDGWNV,18949.633027522937
HAGGKDVSDLSG,1182.0688073394494
ESQNLFEGEDL,1735.633027522936
GLYANASG,2896.440366972477
QYPAGQRRDA,2126.0688073394494
NAGNDPDEHSG,1151.8853211009175
HHVRVWVG,14349.697247706423
DEFVRDSG,2496.0366972477063
NPPHQHVG,2063.4633027522937
RKLELRAGEPD,1641.0091743119267
NPRPLDVAG,1701.0
PWSNNAQRDG,3367.0550458715597
PENFNRYNKVG,3629.316513761468
DDKHLWSG,2534.302752293578
GRGLGWAG,6347.5091743119265
SGHGFVSNA,4092.802752293578
FLPNPGQFVL,16002.834862385322
GKHVYLRYV,17760.715596330276
FALKSYVFWNV,25378.169724770643
KGVALHRASG,2509.8899082568805
RHSDDVFPWNA,5332.715596330275
SQWPYGYL,18528.83486238532
WPNHEASPYVG,5296.142201834862
RDAGGQNSNHDS,1355.0688073394494
HDRNNVQFNVS,3857.9954128440368
YVHLQHPWHDG,9210.467889908257
QNWFDVAWKG,10365.321100917432
LHSWSDLS,6577.481651376147
ENKFHGFHFEYV,16396.325688073393
WDWDWLFPKG,13243.88990825688
PRNNWVLG,6830.256880733945
FFHLLGPNHDG,6582.45871559633
RFVVKASG,5022.545871559633
WHGLLGFEPWHS,20295.880733944956
GWHVEPNDPHD,3165.1330275229357
WAAAQYHASG,5054.788990825688
YVSNKAFDAPNH,2986.4862385321103
YHFAKFPSG,4841.064220183486
QQHKAQALSG,1280.302752293578
WLQSFWNWNG,16344.532110091743
AKHEDAHAG,1053.3761467889908
WLFFYQFNG,11915.114678899083
KNGKWHLSG,2085.238532110092
FRPLHLQNYNHD,7736.371559633028
ENDRAASRYHVA,2391.697247706422
FHRYYWNQEYA,10795.316513761469
PVEKYNQPNLSG,2387.52752293578
YGAEWEKSG,2226.3119266055046
ERKGGFAG,1543.7752293577983
EFALKVAYNG,12088.380733944954
RRRHQPSG,1910.6009174311926
YQEPRNKSRWG,4319.082568807339
VKRYKVDLS,1983.380733944954
WGREVNASVLS,7244.559633027523
FAFAVRPNKHG,5588.045871559633
FPNENSEHEKD,1237.9633027522937
EHRWFWNVWHDA,17414.839449541283
VQVFARYWNVL,29558.4128440367
DGWDFYLFKL,34006.266055045875
NKAQGENVGWK,1899.894495412844
DDFQASG,1745.6926605504586
WYNPRKDAS,3153.5091743119265
SGWYNARNLG,7928.779816513761
EKKEPKSWVSG,971.1422018348624
KLEKALLDVLG,2878.5688073394494
DSEQAGFREPDA,1619.7568807339449
DLNPGEKHDS,1127.3853211009175
WPKSVWDLG,6802.95871559633
QWFVRDAQRPL,12679.830275229358
YYQYPNG,4180.467889908256
HFPFFYWKD,19467.01376146789
HDPWQNDPWKS,3956.233944954128
FNHHKLSEHDS,1628.9220183486239
GNPFKVG,3109.270642201835
SGLLWNG,5776.188073394495
QLQNWNPWKS,6571.775229357798
HEGPPKVG,1343.2614678899083
NAAYQHLS,3387.5550458715597
GYSPSQAG,1748.9311926605506
FFYSEPYHKDG,3189.5137614678897
AQPGWLRYD,11989.330275229358
VFRVVEPNHDA,5137.064220183486
HLKWGRVLS,7403.440366972477
LRLFAPWVAS,19683.798165137614
DQQAKDAS,745.4954128440367
RGAHDRKDAL,1402.5229357798164
VAHGHSQPVAL,2901.862385321101
DSAQYWPDLS,5306.692660550459
VFQLRNSG,4237.220183486239
YWYSKVAEYDAS,5117.880733944954
SENPHFNKHDG,2269.3119266055046
LEWEEYDLSG,6760.697247706422
HELPWFDG,18262.866972477063
EVYNSWGQPW,14300.45871559633
DDVVNHALSG,2097.848623853211
QAEFYWKHEDV,4063.6651376146788
QWGQQYHVFHVL,27334.816513761467
RSPVAGWHRYS,8550.449541284404
FHEWPDFWAS,20252.52752293578
HLNVQPNEKDL,1549.5183486238532
YGPAVLREYKG,3552.47247706422
YLLWPNVSG,9991.119266055046
QGVHKHASG,1566.5688073394494
KRWYHASYWVAS,11959.022935779816
PLNHQKGYHDG,2643.3073394495414
SLFPRLG,6731.866972477064
ARVHPKAG,1309.1926605504586
WGHLRSEHL,7416.165137614679
HHEYYKDVAG,2544.6880733944954
DQKASQAFENDA,1154.7431192660551
FNEPYRPYLGDL,15903.114678899083
SEVEQYWNH,4523.380733944954
FWVRQWHVPK,8585.38990825688
GESGQLPSG,1711.1926605504586
ERNKEWALQHDV,2394.211009174312
WQSSFHDVALG,10301.871559633028
LDVYNWLG,12341.270642201835
RSKYRVLSG,2711.0091743119265
SFRVGDPYNLG,8017.09633027523
RVDYRPHSG,3211.5137614678897
PGVNYKG,2307.706422018349
YANDESQWG,3375.646788990826
HGVAELGKSG,1296.2752293577983
QGLEQEVG,1030.2844036697247
KGVLSAYNKH,2407.97247706422
HKGEFPVALS,2083.5733944954127
YHPEPNKSQYHA,2039.4220183486239
SHDFPPNHDVAL,3903.7477064220184
DWSGDRSG,2359.9816513761466
EVEDDPWNHL,3248.3073394495414
RRWRVGNHA,4368.243119266055
KWEHRDLG,2418.4954128440368
YDPKEASGAL,1197.4954128440368
VFASQFAQYA,10669.348623853211
QNVAHGENSRN,1406.6880733944954
EGASNFNDALG,1743.2568807339449
PGVRFYHSG,8635.963302752294
PEYWSSREWKG,6338.90366972477
DGGNVNSG,1474.9220183486239
NHGVVSFVAS,20577.211009174312
VQLHRSG,3000.077981651376
EQRLNGQVS,1421.2385321100917
HPFEHVDLG,3480.52752293578
GWYVYVALSG,33803.77064220184
LQEWVRWDNDV,14913.12385321101
WNNRAFWHDS,12747.743119266055
DLHRHPYNKHLS,4291.894495412844
NSGLRKGPYVSG,3608.9036697247707
RKVQLQVLKG,2269.183486238532
RSWEVLPHSG,4574.98623853211
KWNSRQRDVLG,3156.2201834862385
RAVSWKQEPNL,2635.3394495412845
AHLYHGELG,3421.422018348624
AWPDKSG,1912.5412844036698
LKAGPWHWHAL,13185.738532110092
NSRGVEWALSG,4228.211009174312
NREVKGFNG,2619.0504587155965
YHVQFKLKHRYS,8986.316513761469
HGRGDLNHVS,2419.394495412844
YNNPDENKDVG,1378.348623853211
NFDDLKDVA,2262.348623853211
GDLAKASG,907.4266055045872
KSVVSYKHVS,2469.646788990826
GPQRQNALG,1653.880733944954
PYSYSQWFPWAL,31139.949541284404
YLERRYHDAS,4935.252293577982
YPVWNDYHDAG,6679.587155963302
EPGSHDLENG,1234.302752293578
QAWDRYRNHA,5957.912844036698
RLHKEYALS,3342.6284403669724
SRLQHFPVAG,4378.559633027523
NFNDESFPAS,2673.591743119266
PAADFKSG,1199.8899082568807
LYDYSPLG,6665.032110091744
HGWYWFWKDAS,12099.637614678899
HPAQSNLG,1554.211009174312
QFWNRLPWRYNV,17496.738532110092
PYAWYHVSPYA,19792.903669724772
SGDNVYDVA,2334.97247706422
PRKYNLGQA,1789.591743119266
FYFLDLPNVAL,13085.752293577982
KYLKEDAG,1079.408256880734
EDLFLYNAGEYA,10168.02752293578
WVHGEFYWKVLS,21199.729357798165
HDWLYNAQKAS,3369.091743119266
QGNQNQEPYHS,1859.288990825688
QEYNLKQYKKA,1739.8623853211009
YPAVRVLG,4659.866972477064
ENHWLRKVFPKS,4325.857798165138
LHWSVSG,5744.275229357798
HVVEEWDSG,2775.178899082569
PFELHGQFN,8757.20642201835
KVSAVARPD,1409.6146788990825
RLVVKVSG,12253.09633027523
PPQFWQEYDL,8882.853211009175
PWSVKGFEYA,9768.559633027522
QFPKAWVHNHDL,6151.848623853211
RQEFLSWDVSG,6845.816513761468
KEGDGDLS,860.4082568807339
ELKLDFEPYHL,7799.779816513761
NPEHKALG,884.8211009174312
VSHQHAWNKHL,3245.435779816514
DPFNWNSG,2875.7155963302753
WPPNLRYDAG,8063.298165137615
KYYVHLS,5816.215596330275
DAGNPYNKFWV,9420.146788990825
WFSWWDLSG,14850.922018348623
RGASSQDG,1253.5688073394494
RFPLFQEYS,9946.490825688074
EWHRAENGRNH,2554.8990825688074
YYAWQPVG,6251.756880733945
RGEDSFAQYDS,3246.7752293577983
WKLWFRFKHDG,10968.270642201835
FYEFDSFPNHD,5694.435779816514
RSYSYVFRKDL,12279.646788990825
EALASRAFYKS,3894.137614678899
KLAVWSG,3401.2201834862385
YWNYSGFANVLG,8921.220183486239
KEAYGWDVLG,3729.830275229358
HVLWNQPRYWNL,18045.490825688074
HEGSKDG,903.816513761468
PKQNSYKWNA,1625.7752293577983
RHVAWVQEGQDG,2170.045871559633
EHADLYVRPWN,6821.876146788991
SDYNAPAG,1400.5779816513761
DRYNRREWL,6685.564220183486
NDHKRNHALG,1675.2798165137615
SEEWWKLG,3939.9587155963304
GQDGWQEYKHS,2318.362385321101
QDLRGKYWVG,4504.261467889908
SRLRAVSG,2703.7247706422017
ENWDDASYDAS,2871.1605504587155
HQEALKYDAS,1527.3302752293578
WPPSVSG,2763.6926605504586
ASQDFKSPWK,1734.8256880733945
LQGGALG,1641.1009174311926
KDGKPNGRYDA,1521.4816513761468
EPKHLHPDREH,1449.2201834862385
QRHYHEDNLSG,2353.619266055046
RFRGKLQHLS,3358.4633027522937
HSVQSGNASG,1117.334862385321
KQQANKHAS,861.7385321100918
WYFFALSG,9842.348623853211
LYYQWSG,5072.564220183486
WPDPKGWLG,5200.137614678899
KADEDSEPNHL,980.6376146788991
PVGQWAAEWVAG,5995.192660550459
YYDDQWAG,6189.087155963302
REVLYAYFYKAS,23289.422018348625
KDSKLPDAKVS,895.3761467889908
VVGFNHPG,3256.3440366972477
VLFWFKDENKS,5952.05504587156
AFQKHRLS,2837.146788990826
VALENHEGFREA,2302.6330275229357
GAQWFREHVG,5166.5
VYRPKPALG,3136.908256880734
FQLRWNKHWL,14075.90366972477
DDSFYELG,5284.545871559633
NNRNKNG,1262.2293577981652
DYLPFWLG,19131.408256880735
GDFAHDLS,2934.256880733945
AKVYNQVLS,2889.5229357798166
QALPQEHRNKL,1357.394495412844
QAFPGNHSYWS,7945.844036697248
YEDQEAPLG,1921.967889908257
YRAVQPVSG,3129.678899082569
HDPFQFRYWH,18620.738532110092
RDQFFLSFRKL,23908.463302752294
RWEDNVPDVLG,5498.95871559633
FQHLHVYWHG,16063.825688073395
FAEAYKWHDA,5114.004587155963
KSGKRYWVGKHD,1915.059633027523
FKPRHLFEWHA,8342.41743119266
FYWGKGEHALPD,3565.9587155963304
VAPWVLQWAWNA,20253.504587155963
FPSEDLNASNG,2493.288990825688
HRGARWDAL,6257.3302752293575
VKDDQYHLS,1798.6467889908256
FYFSGQFSRLG,8590.564220183487
WGFNSNASEAL,4426.316513761468
NPPAFYDASG,3673.9954128440368
NNRARKLSG,1594.9495412844037
SPEPYAWG,4317.876146788991
VPAARYLG,3427.2247706422017
WPFQHALG,11128.288990825688
GQRVKLWAG,4760.266055045871
DDWVNSG,3136.954128440367
EKHLYVVYKAL,20064.04128440367
EDAKYNHGEWAL,3391.743119266055
PAHPVAHG,2004.5779816513761
PLRAYHQFEHA,6549.954128440367
SVHDVWALS,6964.660550458716
VNYHQREPWNL,7740.40366972477
NLGVYWLKALG,14487.62385321101
PFKNHVWKHA,4141.307339449541
WDFKAGNFKHDV,3925.3899082568805
EGNWNANKVA,1505.3256880733945
DRHFYGQSG,3981.0137614678897
RYHKRPYEYKH,4189.642201834862
GLFPFEYWS,25426.67889908257
FDWVAFHFAS,21407.050458715596
ADSQNHYHDSG,2216.1146788990827
NHSADAFWDVS,5348.454128440367
KGYQPNGQEK,1067.2431192660551
SQWKAWAQFRYW,19122.74770642202
PGQFAQVLEDG,3108.587155963303
WGKVYRENKH,3397.52752293578
QYQPRSQRVS,2851.9770642201834
YVGPSQVAQNL,2241.211009174312
WGVGAPKALS,3805.3669724770643
NKKHPVRPS,1444.3302752293578
PQQPYRLG,5734.279816513761
VYNRQYLG,7259.940366972477
NAKLPKFYHA,4503.8899082568805
HVLQQNHLGENK,1530.2201834862385
VESVLEVSG,3364.5688073394494
QFGALQEQFKH,3201.6651376146788
VSVGNEWNKDL,2109.8577981651374
KNKRELSRAG,941.605504587156
QQGLGFSG,3212.7522935779816
EHYFPQRVAS,4969.481651376147
PRYGWLKHAG,6281.532110091744
PDWKFHAEWNA,5631.454128440367
AEVHGEHVG,1682.045871559633
NHVLEPVNVGY,9149.59633027523
NGFWLYWVSYKS,19235.169724770643
VQSYNEWHDA,5070.004587155963
YQHWRPHLS,9310.004587155963
FLHKQFPYWH,13206.298165137614
FAGEKAQWAPKH,3418.6284403669724
KWSVYNHDVAS,3688.229357798165
VPKAAFWNDVL,3946.0733944954127
WLAQAGAG,3671.0045871559632
GYQRKRWVLSG,6055.688073394495
KARFWALFEYV,23352.922018348625
YQAHKLSG,2361.229357798165
VREFAEYWKL,9490.912844036697
RFKDAYGPDVA,3056.151376146789
HKQAPDSG,868.7660550458716
FDAYHYWKLQH,7575.064220183486
QYSKWVLENH,5166.192660550459
WWNHPQPWNKHA,7005.454128440367
REFDDQENHVA,1842.711009174312
VWGVGNVLG,6635.692660550459
AGFDYWKPNDAL,5871.821100917431
HGSWRWLG,12801.146788990825
VQEHWRKHDL,4684.573394495413
PNSWDGYENA,5125.605504587156
NVHSRGEDALG,1875.9587155963302
YDHLWGKDALG,4418.573394495413
YRVSVNAG,4023.9174311926604
ARKHWSNKLS,1956.9495412844037
PHRKFWPYWDAS,12196.201834862386
YGQNVNSFPHDS,3657.8853211009173
DAAGLEWNDG,3045.288990825688
YHAVWLPYKHVG,12990.97247706422
DLWWHQEPYVG,13566.018348623853
KLRLRGQPKHVL,3275.848623853211
HPERYVSG,2441.454128440367
SKHVRLRYWNHD,7483.275229357798
GEDRKDSKHG,858.9357798165138
SYQDDVSG,1869.7844036697247
LFYRSFYWN,7685.738532110092
RSSFKYHS,3086.697247706422
HHAEFKLG,2884.288990825688
FRDVKGFYHAY,9070.032110091743
SRVWYSG,10642.87614678899
EHGPYRLWKAG,4511.256880733945
VGPAKHDVVL,1669.1100917431193
GNHPLKSG,2005.4587155963302
LQNVAFGQWVL,24592.330275229357
RRLAYVG,6160.926605504587
PSFSEHYNG,4024.8853211009173
HSEPVWAFYDV,20898.853211009173
PLWNKHYWLGNH,11033.449541284404
PGWSNRKHDL,4170.816513761468
NREWQPKAPWDL,9291.977064220184
DDRVNVALSG,2134.940366972477
NLGFSGDPYS,7210.798165137615
AEQPEHG,1182.5550458715597
RQWASNWHVALS,11144.834862385322
QAKEQELS,648.6926605504588
RQDWYVG,7634.220183486239
HRYGQLSEKAS,1643.6605504587155
YPKDAPSQKHA,1044.3256880733945
SYYLYSG,6584.532110091744
KLRQWDWNKDA,3057.6651376146788
GPRLHVLG,3765.4311926605506
APEKYHALG,1189.7522935779816
KEKWSEVALG,1909.9036697247707
WKKYRNALG,2860.238532110092
RVDANHQYHVLS,5737.527522935779
YELWPNSG,5573.3899082568805
GPPHYKAG,1596.7247706422017
FLELPYEASG,5936.807339449541
YAHRQNSG,2411.4449541284403
GSEYFAS,3806.9587155963304
PVDPALRYND,3687.2477064220184
ELWAPFNKDLS,6011.582568807339
QFARRWLPYDS,14475.06880733945
GDSWVFAG,9707.29357798165
HRRNGRLG,2698.5
FSHVVGWNVASG,6399.614678899083
LLSLVAG,6478.665137614679
FGPRDYKALS,2797.880733944954
VDAAYNLSG,2892.7752293577983
WYVQDSVG,5064.229357798165
HFYFNQEYNKDL,6535.922018348624
QDGFPEVFRD,4707.454128440367
GWYGDVLSG,8615.724770642202
FNNYHFNDAS,5662.935779816514
YAEKDEYYNDAG,2584.9311926605506
ASALHREPKHS,1474.48623853211
AKALDLWDVAS,2981.454128440367
RSPFNHLQEYG,4628.426605504587
EEERASG,771.6743119266055
PHQANKDADA,836.3211009174312
SFLSDSVG,3554.1605504587155
PAQHYWGFPL,20503.022935779816
WAVLYAPYWAG,28329.24770642202
FVPRLFEPYHDV,11296.633027522936
WEYRYFRPKA,6933.288990825688
LWFDSWG,16437.80733944954
VREVEHLQFHVA,8430.01376146789
LDPHQEPVG,1799.7339449541284
KVLFRSNLFNH,10182.637614678899
SDFHLNDG,3180.8669724770643
QEPLDVLGWDKV,3544.9816513761466
LWRWVPLG,17229.018348623853
DLVDDASG,2017.8623853211009
SQPGWGYHVLG,8819.30733944954
PRLQDGNG,1968.4174311926606
PDHRWNPKDVA,2081.940366972477
DLVYHYNDLS,9890.62385321101
LHAQYRDVALG,5520.426605504587
WHHYGPKHVL,8464.394495412844
RFDKEHVG,1860.7660550458716
RRNEDLQENVAS,1334.9587155963302
KLNYASNKHLG,2927.623853211009
VLYEPYDKHVA,5617.45871559633
EPVGPEQKHDSG,860.7018348623853
PWKRNARQHAS,2325.8990825688074
EWVAEGKDHS,1593.4174311926606
YDEGPKRLSG,2972.0229357798166
VYYHFRAS,7248.178899082569
PHLKPYDGPYHL,11712.651376146789
VHAFYSPDALS,8510.587155963303
VLENQQRLG,3331.9495412844035
KPLEHFREYWH,6352.678899082569
EEGREHVVG,1372.2247706422017
KDSSQFWPYAL,11052.348623853211
RFVLFDPYDVL,34310.35779816514
AWGNVNVS,3728.0825688073396
RQQWQEVG,2233.045871559633
GEDDVHSG,1306.7935779816514
VNVNHHDVLSG,2624.261467889908
VEDYKAWAL,4699.752293577982
WRKNWVSG,5202.683486238532
ANAAPDG,1167.2293577981652
EFNQWRWS,12694.715596330276
PEWDNFREVG,6118.866972477064
EHYRHLGWKH,5284.940366972477
PNLSFYGEWDQF,25638.60091743119
NYRNKRHVAS,2500.206422018349
FHGASNGQPNH,2715.876146788991
WQYYDLREWHAS,17459.17889908257
QFEVYRYHYLSG,20186.110091743118
GNQDELSG,1316.1559633027523
WKGPWSYSYH,16697.215596330276
GFLNDAHG,4027.6009174311926
DRAGWNENG,1960.7706422018348
KKLVAESG,812.4036697247707
EDLAGFGYNHG,4097.142201834862
LFAKQWDAG,4483.880733944954
ESKHSKFYHDVL,2189.793577981651
KDFNDYWNFNH,7286.633027522936
WNLYRYKSQNKG,3919.077981651376
HKWANALS,2988.151376146789
VVYQVSG,4584.761467889908
DEWWFWAG,20626.169724770643
QKAPYFNASFPS,4817.802752293578
QDEHPWARPWD,11826.628440366972
KFSEGHSG,1277.0642201834862
DGRALVSPNS,1975.059633027523
YPENDPNKHVG,1447.9174311926606
RGGKNASG,971.5412844036697
PLQPSDVHVAG,1405.6284403669724
WPQNVRAS,3195.967889908257
ASFWDSRAQYS,8167.504587155963
ERQVDAG,1060.9587155963302
WVNQVEYHALS,8848.43119266055
FQQKDELSG,1106.2614678899083
GFGFAFNG,12748.761467889908
HFNDAESEPKHG,1445.7201834862385
FWAPVAQNGLG,3678.788990825688
NSEYPLFKAG,5324.133027522936
FLKAPSYWG,7730.811926605505
GAQHVHSG,1837.8623853211009
WPNWNQNAG,4116.637614678899
KQYSYHWKHVL,5946.6100917431195
RLEKLNQREWVA,4847.275229357798
GQLYFDVG,14307.412844036697
VQQKEAG,687.2798165137615
ELNDDVQFNKD,1405.3623853211009
NVLRAQRWKKD,2533.2844036697247
YDWWQYWNKDA,6576.293577981652
PWQGVLGNKDS,2253.9036697247707
PPHFSYNHDA,3617.733944954128
DLEVRHDGNSG,1642.2660550458716
SRAPNAPKLG,1510.4724770642201
RFEYLWNHEYAG,10577.233944954129
FALWPWLSKHL,15978.967889908257
YNVFNGHDFRK,4930.9908256880735
WAWRVAYKDS,7362.357798165138
FYDHDLHSEKLS,2478.862385321101
LVWHQYKVAL,10979.87614678899
VSAHQWDAL,3884.8440366972477
FQLFAEVLS,22519.229357798165
DEFAEDALG,1677.3899082568807
QHADVFYGREKA,2309.077981651376
QVHEHGQPNDA,1115.7981651376147
QSGGGREPNKH,912.9357798165138
FESDLSVSFEH,5699.917431192661
PGVLPGQNAG,1254.3073394495414
EGHWFPKHLS,4679.775229357798
YYSGGFESG,3084.4174311926604
DVNSQYKHVSQS,1404.545871559633
QPVHLPHASYLS,7257.678899082569
KHPASQAQYNL,1361.98623853211
APHVQRQFWLG,9593.660550458715
YFARWNVDALG,8449.114678899083
AGWNNARPNLS,3232.637614678899
AWLKVYDSG,6719.1697247706425
FAGLYAHDG,5233.642201834862
NLVGKVFHDVS,4476.261467889908
DNALANDSG,1179.3211009174313
ANANNHLSG,1461.7064220183486
GDLNHQRLS,2213.261467889908
DYHNFRDLG,4000.1422018348626
DNANDPVALS,1173.1834862385322
AEASYEWKDAL,2343.1743119266057
LRGKDNVG,1580.7431192660551
NQLSDGFKL,4079.5963302752293
PWYNLNAEYL,20930.91743119266
ENVQYKPAFK,2330.9266055045873
AALQDVPG,1320.5825688073394
NEFSPKVAL,3996.256880733945
PSPVFHEYNDL,4909.880733944954
FNDGYKLDLYHS,9720.509174311926
RNDPKEQEKAS,625.3440366972477
KFDANVHDVG,1817.7844036697247
HNQPHRAG,2155.830275229358
WWKDPVEHLG,4150.912844036698
PYAFSQRFPWK,12821.454128440368
EFKNDAQWNAL,2810.137614678899
PQEPFRDSEYAG,2592.7201834862385
YGVNFVSG,6969.5
KSFHWALQPD,5020.1100917431195
QHAWRNSFENKS,3175.6284403669724
FDHPHDQFRVG,5837.412844036698
AKFPLLG,3880.8073394495414
EFVASQYQPVA,3744.0550458715597
KYAYSPASG,2465.8715596330276
SKAHLALS,2498.4633027522937
GKRFVSG,1991.165137614679
EQELRDLNHG,1931.9633027522937
RSWERNKSG,1974.8073394495414
WHNLAFEKHAL,7864.481651376147
LNLSEPNWAS,4268.995412844037
NVSDYEYNAS,3344.293577981651
KKEHKDVAL,742.8715596330276
VYVQYPWKHDV,10127.628440366972
FFGWQNASG,4365.440366972477
WFGLSDAG,5988.059633027523
DKWKKSG,835.2110091743119
VSQHYDVVALG,5867.967889908256
FFLNYHSG,4013.238532110092
WYRAQRPYHS,9034.600917431193
VLRHSWFRESG,6576.05504587156
YLSLFHPVG,8986.444954128441
QVYQDRPYNHS,4444.307339449541
WQAAPWG,9466.004587155963
KPDQKFRKDVL,1145.4220183486239
SWRDRNHDSG,2894.821100917431
LGQAENPDAS,1077.651376146789
EGARFKVS,2151.9816513761466
HPQSWDG,3186.146788990826
PNSRPLFAFALG,25702.522935779816
QLVHGEAS,1711.866972477064
WRAFRSQFEPKH,6327.477064220184
NARKFYASYW,12630.275229357798
FFPGQQEHS,2086.532110091743
NRYKGKRWL,3424.706422018349
VSHWYDAG,6421.4908256880735
WFLKYDSG,5989.756880733945
QAGWQDVREYS,4742.266055045871
ENERVSRNHV,2096.1559633027523
SGQKYDAQNKS,1130.6009174311926
PGWPLEPYDAG,7278.0091743119265
EHPESFYLS,5045.288990825688
DEVAYAPVLG,4269.729357798165
SWYNRVAL,10840.215596330276
WGDQFKPAG,3205.880733944954
HDNQHLYDVAS,3522.793577981651
KNFEFHG,2898.9816513761466
YQQLHDVS,2848.1651376146788
DANKYQREVLG,1530.7385321100917
WPKYGWKHDG,4744.417431192661
NAGGVAGQPWDS,3418.9908256880735
EEGKDFHG,1425.51376146789
LRLPKAFREPK,1996.1009174311926
QFPWFNEPSDA,7742.917431192661
PSFRDRAGKVG,2039.3302752293578
DGPFRQFVS,7672.678899082569
HPWYLRPYHDA,15629.839449541285
LYQEHPHLS,4720.454128440367
WHHFFPLS,18747.70642201835
WDFHVPWARPK,9650.729357798165
AWALFFDVSG,37581.50458715596
FFHESFWAL,18393.20642201835
RNDALQSKHENK,1144.7293577981652
RYQVEWVFRKVA,16424.004587155963
HNKLSDNHLG,2144.0045871559632
YQRLSQGFKHSG,4028.8669724770643
ANWPWDALS,9026.412844036697
PYYKNKAGYG,3980.5550458715597
RLQDKHLSQRYW,8475.247706422018
WWKGQDAQHAS,2596.7522935779816
VQFNNHVWVL,23406.674311926607
LWGRARKG,2912.532110091743
FWWYQWDSG,11184.724770642202
YELWDQSG,4825.288990825688
YQFFVREYWD,35475.5871559633
YPPYKPSG,2344.4908256880735
RLWGKAGWKD,4349.371559633028
KHWVDALQDA,2676.4862385321103
GLSEARLS,1874.0642201834862
RSKWRHLSG,2897.408256880734
YYDFKAYKG,3074.105504587156
QEGHFWVEKVG,4141.211009174312
VAYKGEVQPHAG,1653.1880733944954
EEGHYHDLG,2696.701834862385
RHVWRPKLFDLS,11639.752293577982
EVKSQFVRSG,2130.0688073394494
FGSFYLYNKHV,9398.894495412844
WGYDLRPSGRKH,5484.591743119266
FYLSAFPYGEH,9484.077981651377
GPLASEG,1098.0091743119267
WHDHLPEYNL,9742.288990825688
PLRHPAPYWKV,10724.01376146789
YFYRVQDVALS,9876.995412844037
YLPNAFRSEDA,3253.706422018349
LYASFEFPYKV,23528.311926605504
HLSRGPWKEWN,5755.633027522936
YQGGPHLS,3757.256880733945
PEHQDGRPYH,4948.4908256880735
VREEGFEHDVG,2400.270642201835
EQWAFYLWKHV,25927.10091743119
FNAVDAGWVAS,6224.678899082569
KREHANHKDG,1115.3119266055046
NASLFEWGFHG,13863.004587155963
RQLPFKVSG,3747.876146788991
KVQGGQEWDAG,1710.348623853211
GSEYKKSG,1105.2935779816514
WALSSWLFNDLG,20860.70642201835
NGGNVWVAS,5290.926605504587
LGYEPASVA,2459.5688073394494
ENKYGRWVEDVS,2704.9449541284403
AGQHPNHYLS,4153.087155963302
RAKEFDASG,1174.8165137614678
GYFVQNSG,5786.325688073394
FYDQRAQQKDS,1540.9770642201836
WFPGNFENHLG,8727.51376146789
GPEVSKLS,999.8807339449542
RYYYEPYNHAS,8750.862385321101
AWDLNWKHV,7388.022935779816
QVSQESHYHS,2416.0550458715597
FGGQQYASG,2921.711009174312
YPFVSYLS,22997.889908256882
LYWGKQAS,3052.0045871559632
DNDDRNVLS,1566.7660550458716
VHEDNKALG,1075.8165137614678
VQQNYAG,1637.9908256880733
YPDSHEKHAL,1686.98623853211
WHFLSQGNKH,4771.743119266055
VRQREDVGVLG,2074.9174311926604
PVNRQWLG,6251.935779816514
EPGSENKEDSG,686.7293577981651
KVENRDAGKD,871.6743119266055
SWQSHASG,2992.7477064220184
RWLWYKDVQNG,6961.665137614679
VAHPEHSG,1462.119266055046
YAWEPHAFEAG,6004.160550458716
AFYEEDVALG,4733.9908256880735
SPPNQLS,1484.591743119266
PWEQWNDLPWS,24209.605504587154
FPKPSEKQKVL,1319.0642201834862
LVLARNLS,9458.137614678899
NFWYYNKDVS,6403.036697247707
LSGWPAEHVASG,3399.3256880733943
FESYYKGASG,3286.3577981651374
ALFAKVQPWNKV,8415.37614678899
DKARGHVS,1372.045871559633
AANARALS,1815.532110091743
PKRVEQEYAL,1926.7293577981652
DVHLAGFEWKL,10774.371559633028
FLNYDFRKHAL,5911.224770642202
PEVKEHAS,906.7660550458716
RKHLGSRLSWG,5182.032110091744
WDLAAQRHDS,4091.623853211009
FDKYQPKAL,2378.0550458715597
VAWKFVSQFWV,31215.022935779816
PVPNDYEPNDA,1882.032110091743
DHDHSWLSG,3455.02752293578
KNSRKGAG,815.2064220183486
QRSDQPALYNL,5464.224770642202
ARWDALFGEV,9356.091743119267
NKPPEPWNKH,1515.2706422018348
NDHAVLRPWK,5325.022935779816
VNDPRNASG,1371.926605504587
DSVNKFKHS,1107.711009174312
AKSGNEHVLG,1257.440366972477
YFPWGWKFPHDS,13221.995412844037
RFDWKRSG,3619.3073394495414
WKFDFHAQFLG,16415.545871559632
LSEKRVLRNKAS,1952.6559633027523
FASFFPKGPAL,8617.133027522936
VELYVHLG,20828.711009174312
AQPAYKGFAG,1957.0963302752293
VQDQGQKHDASG,981.5
PPAQGFKS,1205.0550458715597
YGFDDVFPKG,5486.811926605505
HQSKGKLG,1166.0229357798164
NVQQQFWSG,5856.711009174312
FDLQEDYWNQVS,6052.1100917431195
LKDLFLDVAL,12063.98623853211
GHWHVRPHDA,4615.977064220184
YWFHAGNKGQFG,6160.233944954129
WRAGPRPDA,4306.775229357798
KREANSEYALS,1953.8211009174313
KSWQGEKHDLS,1563.366972477064
NNVRQALSG,2128.2477064220184
NVWFQREDVL,12073.243119266055
AGFVYAENHDG,7755.472477064221
EFRNKRVLPWHV,9528.967889908257
RLYVDQPYHAL,15665.47247706422
NLHNDGKHV,2172.4862385321103
QGPNKDWHDPWN,4016.105504587156
DGAYVLNHDV,5250.582568807339
DSYYARHVSG,4472.477064220184
QQEQKSFYKSG,2324.4311926605506
QQNFNFEDLSG,3266.123853211009
VWVGQSFENAG,3752.766055045872
FASKKDQYWKV,2635.6100917431195
EKRSVAQFHDA,1729.605504587156
SKYKGAG,1216.7064220183486
GPYPKQWS,3289.6100917431195
EWQRFRYDWN,14504.09633027523
DKGRSPVAL,1649.2706422018348
RNAAQVAQPNA,1496.4633027522937
HFWNKRVKAG,2270.298165137615
NDNGKDPYVS,1650.8761467889908
VWAAYKALG,6979.256880733945
SDGYAKASG,1562.467889908257
VQQFRGHG,3135.701834862385
LPAVQYSG,2418.4954128440368
ADGRPKQEALG,999.1880733944954
LDGEGVLSG,1998.5688073394494
QLGQEDLNSRW,6455.137614678899
PKHFEPWFEWQN,13902.188073394496
RVAQKEKVLEW,2247.206422018349
VFHSEVHLS,4430.426605504587
QKPWNHPPYNH,4453.192660550459
HQWDFNPKVS,4399.94495412844
VGANYSG,2307.064220183486
FDWDYALQHVSG,8345.825688073395
PYASNHSEDQYA,2581.1880733944954
HDLRFRELREKH,3050.788990825688
HASKGQKVQFPH,2086.0091743119265
RKVWQDFYNAL,9495.660550458715
NEDGYFYVS,21998.660550458717
LGWFFNHG,12667.95871559633
WSKEWARYKH,4819.6100917431195
GYWSLPYWKHDG,12051.09633027523
NVVEAGKG,974.4449541284404
SNYNYVG,3553.6651376146788
WFDYKQNLSG,3851.087155963303
YAEGQYQNSG,2494.770642201835
WGRDPGPVS,3149.5137614678897
NVDKEYLG,1633.3990825688074
EWHEWFNKFEKH,7202.467889908256
NLVQFKHSWHG,8543.908256880733
SENLQHVVSG,2450.151376146789
VQRVDQRYNVS,3608.4633027522937
NAKPLRLS,3011.3577981651374
YLRWHGEPYNGN,6113.215596330275
PEAWHKAG,2252.2752293577983
QEENPYGFRKDA,2355.876146788991
PQKQKQNKHL,756.7935779816514
LNDRYSRENKL,2655.8669724770643
NRGKLWSG,3573.559633027523
VRLRWGYWHVLG,17450.816513761467
KGKRNLDLSG,1153.1926605504586
RGFWYNHAFRAL,16149.821100917432
RYDEGWNRWN,9277.912844036697
WYKGNKARPKDG,1657.032110091743
SREWDHSYHAL,8942.733944954129
RRGQPSQRNHV,2474.3853211009173
SYLDYLG,5897.243119266055
KLWGASEKG,1550.302752293578
KPFLNHALSG,2737.123853211009
PEWANFEPWD,16744.619266055044
QFQENSRHFRWH,11087.963302752294
KGGRQNSG,954.7752293577981
GHDAFLKHG,2897.348623853211
LHPNAKG,1281.9724770642201
YFFEPVAKHG,3234.761467889908
PAELHGEPYKV,2272.9954128440368
WEQEFKSG,2357.293577981651
KSWSGFSQDV,2654.238532110092
EAQYKARHDEKV,864.4678899082569
RDVFFEPVQEHG,4299.981651376147
NNLHSNG,1605.9220183486239
LHLLKVG,5212.357798165138
KLVGFSQVA,3581.3577981651374
HSNERVAG,1017.6238532110092
GNSYSHLSG,2615.8440366972477
DSPWQFGEHD,3336.52752293578
QGVSDLQDAL,1273.1422018348624
YKKWKLREPWLG,4818.45871559633
LPSLNVSG,1628.6422018348624
NAPWFHYKDLS,8192.38990825688
HRHSNHEDLS,1493.834862385321
YLQQHVFPYV,14066.036697247706
ANLVPSG,1327.2752293577983
LYGQKGDSG,1090.0504587155963
NDGFYRSWHG,10570.454128440368
PQGFFVLSG,26767.128440366974
PGPGNLPYDVS,2818.577981651376
FSLAPHALG,4575.463302752293
RDQANSPNKS,1212.8761467889908
EPKRDVWHALR,4288.165137614679
DYLRYFHG,7635.155963302752
HFESQEFWDSG,6129.211009174312
WLKKSFKHDAL,3477.5091743119265
VWLRFNKSG,6452.5
VEDFGDLG,2770.2477064220184
EYAPRYNVSN,3530.201834862385
EPWQQFEVQWHL,17569.70642201835
VLAVSGKVAG,2548.564220183486
GKFEHYHAS,2632.706422018349
FDRAYKVLFPA,12671.174311926605
VQYDWSQYKDG,4434.252293577982
QLKVYNSHVL,6842.44495412844
NFVYQNSG,3935.330275229358
QDFRNDNDPKD,1220.4770642201836
WVKDDVYKVL,5965.233944954129
SQSFVLHDVL,14182.729357798165
PSKSFEKRHDL,1688.1467889908256
FALGYGDGRWNH,10075.43119266055
DPYWHPRYHDVG,8415.912844036697
YHRWDAEQFWNH,10574.178899082568
FYWSKAGQAQNK,2025.591743119266
AYFGDSG,3069.5366972477063
HLNHESQWDS,3366.6651376146788
RRNFNVQNLS,3550.5550458715597
LKSKSKALS,814.9174311926605
DWNVHLEYWKD,9865.977064220184
GDQHELG,1423.9220183486239
YKAQWSDSYSG,4714.463302752293
QELYKVQVLFE,47402.65596330275
FRAWKHGRQKH,2477.435779816514
PDLHLEQFWAG,8596.490825688074
FYEEHLQPKVL,5359.683486238532
FGLKDNVLSG,2651.4266055045873
LSDWRELSG,3929.912844036697
VYFHEPLS,6531.151376146789
VSGVPDSWAG,2768.1100917431195
PFKPVLQPYDL,11143.19266055046
GPNGEHAHV,1665.5688073394494
LRKFDAEHLS,2607.9954128440368
NEPASKVSDVS,796.7889908256881
FVHYDSYDV,9610.385321100917
FAYHRVSHDV,5285.532110091744
PHWFDQNHDS,5361.697247706422
SNVVADSG,1596.2064220183486
RWKSLSGPVQFY,16128.784403669724
QFHHLEWPYWHG,17486.261467889908
YGPYGVQDSG,3644.532110091743
NFVYNFWSG,17308.98623853211
PNKRPEPSEYWS,2777.02752293578
LESDLKSG,1224.0779816513761
FSFAKDYVSG,3971.394495412844
PPAFAYHAL,7645.729357798165
SQDNGQLSG,1512.366972477064
EGPLARPYWKA,3538.5
HPESASG,911.2660550458716
VEEGKALG,1078.1880733944954
FYNQPVYNGPDV,4018.605504587156
PNVRPKGWVQKV,2740.1100917431195
NNLWSKLS,4926.247706422018
DHGWQPG,3603.7477064220184
RADGPAELG,1646.073394495413
NYLAEYSG,5667.155963302752
YYKVKVYNKG,4598.307339449541
YFPEAGEYWK,4388.908256880734
VWEPQRSG,2923.412844036697
YGVFREWRPDG,9943.848623853211
SQNKVQVEHDA,1114.454128440367
PNPWPDANDG,2364.894495412844
LGWARKQSG,2742.2798165137615
WVQRLFEWKGRN,9022.518348623853
VALWQRLEVA,10618.637614678899
KKYKQLG,1029.2339449541284
FDGVDQRPHV,3897.697247706422
SNYGNHSG,2297.146788990826
LWAHLWVLS,25017.24770642202
DGRPRNLQEDL,1905.5275229357799
HHFYAHAL,9832.545871559632
QPDRQYNNDG,2414.9449541284403
WLARLSPYHAG,12510.11009174312
WFVNFNVS,15707.47247706422
ALEAQFKEWVG,4491.334862385321
SVEWNSDAL,3346.8577981651374
LPKQKSQYNV,1519.9357798165138
FHGKLLENHL,3934.8073394495414
YRVRYLYWG,19619.967889908257
LQHGHEKHDSG,1399.6100917431193
YAPYDLSESQKD,2343.2247706422017
LRPDGFRVYWV,38913.95412844037
DSNSHNDVALS,1798.51376146789
RDAGQAGKDSK,843.5366972477065
VHPYEDG,2840.6926605504586
KEVEEKLS,661.743119266055
VQFGEPLFHS,10155.633027522936
KFKYSFRPKG,2020.8302752293578
WYWASGLREDLG,9124.697247706423
LDVYPVLSG,7453.334862385321
GNLRAPSG,2332.830275229358
NSWWFWNG,17711.5
FDKPLEPNDS,1441.5183486238532
YAGESFSRHV,7241.463302752293
LRDDGELG,2043.3073394495414
EEQPGYALG,2357.8577981651374
PKSRWLFFEKAS,9670.504587155963
NRRYDQLG,3955.3577981651374
AHYDHAG,2682.0963302752293
FGGKFVSG,3566.591743119266
AWPGRKHDVAS,2612.2522935779816
AKEHFKHA,1274.3256880733945
YSNFNSYWDALG,11610.41743119266
NDWNFRNVSNDG,4149.738532110092
RWRAPNDREHG,3071.9266055045873
ARKFGFHSG,3409.032110091743
NKQVEASYKDG,1211.633027522936
RRPGAFYNHDL,6549.5504587155965
DQSKVNLG,997.6192660550458
NPYWADLQFEHG,8580.114678899083
YLYGPNDGQRPA,3878.394495412844
DSHPYWHWG,13213.238532110092
YSLEHEHDG,2737.7247706422017
VLVVVAG,34852.05963302752
NVQWENEPWKHL,7347.995412844037
AVGWEYVG,8556.61009174312
RAHGHFRPYV,9674.371559633028
AFQWYKSG,5862.518348623853
KWLPANKDVL,2897.3899082568805
VDANVEASG,1268.2018348623853
APFGQKDVALG,1867.4449541284403
VHQWLRSG,6753.665137614679
GQVGFHVYDAS,9596.298165137614
EDGWKDPNAFNK,1941.711009174312
HFFRQRPLG,7355.284403669725
ERWDRQRPVS,3372.059633027523
GYFEVPSG,4620.733944954129
KAENHPLENKG,1038.0963302752293
AFSPNPSG,2801.5183486238534
QPLLFRHVQFA,25750.88532110092
FDVESFARHSG,6642.9908256880735
NERWAPLS,6504.100917431193
WNQWPYSEPDL,12336.252293577982
FLKGNDQFWDV,9531.770642201835
RVYVEHPDLG,6285.811926605505
PHHFSQNKHAG,2147.9449541284403
DPGNVPAS,990.6743119266055
QGYVSSQKDL,2085.4495412844035
FPFQVSGFEPHV,14334.142201834862
WNFRPAVWKHLS,10417.545871559632
KGPNWHPWKSG,3550.8440366972477
RAPDKGREPKS,766.6697247706422
SHDEQDALS,1172.1926605504586
RLFGKDGVLSG,3755.9311926605506
GFSAWHSG,6853.518348623853
NFGPQDASG,2068.321100917431
DGHPKQWG,2680.8899082568805
WRAENFKAL,6700.779816513761
EDWGKFYWNKL,7454.151376146789
DDSFAKVAL,3347.5
KGKLLPHDL,2073.788990825688
ALQSWKDNDVLS,2463.412844036697
PLQNHQLKDLG,1862.6376146788991
YWSESEYKRYLS,7185.733944954129
SEHGWQFSG,8848.880733944954
NHLDALWGWKHL,13253.155963302752
GRHLSQARPKLS,2890.5183486238534
QPPHDQWLWN,9231.770642201835
DKGEQKLG,799.183486238532
NKLSEYLQGFH,8102.224770642202
SEVKLQFPWLG,18347.0871559633
PFESYPYNVL,17437.11467889908
FWHHDKSNKV,2223.1605504587155
NGPDRNSPYWHD,6303.733944954129
QFPSKGFVPKDV,2647.9770642201834
FDFVANQWKHLS,7370.977064220184
RNVKNSREWHV,3237.743119266055
RQNRLGWNKA,2568.605504587156
NYWPAQPYWKHS,11389.243119266055
PAVDSYDLSG,2775.3669724770643
NKFQFNKREHG,2142.935779816514
SKGWKFLS,4397.545871559633
RQWQPQWHG,8188.967889908256
YFYKFLQREH,4680.362385321101
QRVRNSGKSPHL,2042.1743119266055
FGSALYSG,6180.614678899083
YYFSASG,4173.784403669725
GRDAHREYDV,2649.587155963303
ARPFYRYKLS,8070.94495412844
FLKQVANDA,1914.8899082568807
EVKRWPHDV,2705.0366972477063
NYLVVSG,16669.73394495413
WKSHYVGFEPL,10286.577981651377
SFLFDQALSG,8320.912844036697
DVGYAFHFYWLS,25973.467889908257
NFWHFYEPKHLG,12124.302752293577
RSEWPRWHG,9185.004587155963
SYEHNDVAS,1948.5275229357799
PESDPLSG,1430.8119266055046
LWDDNAG,4232.752293577982
RLFRHFHAPNKA,4520.605504587156
NRYPLGYNHDLG,8494.422018348623
SQWNDDGRPG,3089.394495412844
GSGYAWS,7017.05504587156
HKDPQRVLG,1524.0688073394494
APRGNKHDV,1035.711009174312
RVQSVRPNVSG,2400.4495412844035
LRYSPHYNDVS,6871.022935779816
GRNSSFEYWS,10440.839449541285
LWGFVWDAG,17459.394495412846
YNNEPHPSG,2099.47247706422
NFGPWSNG,7605.022935779816
PWYGFWPVS,29470.059633027522
EHDSWFRQYWH,17233.853211009173
QHKQQEYWND,2698.4954128440368
NFALQRWQKD,6307.981651376147
EARRFPKHDAG,1733.5229357798164
YYQKEWASG,3044.6743119266057
EWLEHGEHSNL,4056.788990825688
DENDFHLWVALS,16000.018348623853
KHHNHVQFNKLG,3024.8899082568805
LGSKKHSG,1105.954128440367
QVNESGEYWVA,4057.9495412844035
SYRDRHDVALG,4173.380733944954
HYARPPWNDA,5786.077981651376
YVEFASREPNV,4999.334862385321
HVKRPDPYKS,1776.2293577981652
ERWPPHDVLSG,4459.95871559633
DRGEHFYLSG,6470.100917431193
YSAYRNAS,3635.045871559633
WNSKHWGPHD,6019.064220183486
RLSYVGYNGEYK,6956.183486238532
YFQAGRASG,3338.032110091743
VSQKVQAEHVA,1075.9311926605506
EPEVHSEPNDLG,1417.045871559633
PESRFASG,2908.697247706422
KFKEPLNDALG,1559.9311926605506
QFQVHQFVSG,8491.330275229358
SFLQFVLSKDL,30465.174311926607
HSVNRPVAS,2265.376146788991
PQDDNLSG,1516.105504587156
AVWVRLS,21572.215596330276
AGPGVLQREG,1416.619266055046
VPQFYSKAS,3297.0229357798166
KVGYVQPWQHVL,12441.055045871559
DNYRDSG,1944.366972477064
FNFARHDSHL,6652.44495412844
VAGRQWDVKVAS,3091.8256880733943
RVRPGQPHSAG,1782.4128440366972
NGPEFWKHVA,2790.151376146789
KFRYRKGRPHA,2228.853211009174
EKPVWGRKSG,1528.6100917431193
KYRWYWSG,9359.004587155963
EQHPPNVSG,1146.6467889908256
NLKDDVGWKDAG,1494.3532110091744
PYDSDADAEPD,1504.2155963302753
GKGFVSHLS,3983.564220183486
HFFKLYVG,17717.550458715596
KVFKFVAEHV,7572.857798165138
KDYGASEWKLG,2072.1651376146788
SFKYEAG,1972.366972477064
HERHAFESG,2350.8256880733943
DSWHAENFNKH,3406.0045871559632
SRNYFYKL,9238.311926605504
DGARGQLSG,1651.5275229357799
EGRGWPHDSG,2732.967889908257
FPDQPDAWVSRK,3435.651376146789
PQPDEYSQDA,1188.4908256880733
GRNSKLKHVAS,1222.7752293577983
YSWHKDGPKDVA,1852.6284403669724
DWFDYHLSG,10681.848623853211
PYYNRSENKHDV,2726.816513761468
RNQERESGPNDA,1132.98623853211
RQHGPDEKDALS,1002.302752293578
RNLYPNKHQAG,2128.591743119266
DWEDAYG,3907.169724770642
SPNNHYKLS,1879.440366972477
KRYRHGEYNDA,2271.137614678899
GNSFYEWAG,8531.394495412844
SWYWLPG,11966.018348623853
DLRERYWAPYVL,19229.564220183485
KSQQGYNKL,1476.302752293578
GERSVLSG,2360.7155963302753
QEVSVSYGEYD,5015.876146788991
WWDDGEDLG,5461.422018348624
PPALQNEKSG,700.7247706422019
PPFLRNAS,3001.701834862385
KVHDRVEKHD,864.9678899082569
RKPSELRNALS,1097.2385321100917
EYRKLHLRPAS,3270.454128440367
LVLNHQVLG,4697.683486238532
VGGEHRNDAL,1384.940366972477
RFAYPHSG,4880.348623853211
PSVRPPYKHVG,2728.059633027523
QSKDNDYNDL,1301.454128440367
EKQHHVFYWNHS,6227.683486238532
HEEHVFVALS,18759.215596330276
PGPVEPASEWG,1766.591743119266
DRVANSEHVAS,1102.9311926605506
HRKQVAYLS,3759.4954128440368
GKHWFYHLSG,7234.128440366972
HYQSNHDVG,2408.408256880734
DSHPSRWNHG,2401.2201834862385
EAEWWDRDLG,6361.885321100917
YNRFDLQRPKD,3064.8715596330276
EPAANKDVGRKH,757.2247706422019
YNWEQDLG,3712.6605504587155
QGALYDVSLG,5054.711009174312
RLDKPNVASG,1355.880733944954
QVNSVYWKHDV,3180.605504587156
FPAPYHARFYKV,13654.151376146789
NRYDQVQEWK,2775.743119266055
WALFKEVFNKVG,7551.715596330275
HYRRKVASG,1938.165137614679
AAQWYDALSG,4918.8302752293575
ELSAKQPWND,2035.7018348623853
YEREWWLSG,10422.674311926605
HFRKKFNKDS,1157.7247706422017
QYLWFNHWDAG,12867.839449541285
YNVEYGFWLGQF,20652.261467889908
NKNFSQYWNHV,5217.665137614679
DNEDPLG,1005.0229357798165
VFRRGQDG,3165.876146788991
EFWVVGPKHDS,6371.206422018348
YDKFRSEKHDVG,1510.4128440366972
FFRQWSGHDASG,4757.454128440367
QEYLPWDYNVDS,6885.839449541284
AWNKQLQPYWG,9026.224770642202
QNWLNLREVA,6688.146788990825
PFEWVPLGNH,10948.261467889908
EHPKPWHDFRNV,3924.821100917431
WRVHNHALS,6499.816513761468
RWGFRHSSEYKV,5708.963302752293
HEKQNFREYHVL,5357.857798165138
FSSAENALS,2090.7155963302753
DANPWARPKHS,2645.261467889908
VFSNYHDVSG,4106.151376146789
YWKKHDNYHVL,5443.701834862385
EDQKHPSEWL,2361.256880733945
RNKNFPGYDVAS,2730.321100917431
WSAHSDSG,2598.3669724770643
RDVHLRRNHDS,2651.605504587156
HSGPPNRNKG,1259.01376146789
QEPYRYESFND,6967.674311926606
FRVEYAYHWHS,15778.642201834862
FQHRPANKLG,2865.4862385321103
VQNPGNDA,1176.0871559633028
AYDLVGDASG,2435.6009174311926
RFRDSKHFRWG,6189.518348623853
KEFYFYSG,11296.798165137614
PDKDQWFEHV,3765.087155963303
DPYLKGFRPD,3550.954128440367
NPLADLSG,1748.6422018348624
AYEGDSG,1514.302752293578
DVYAALWKDVG,5960.628440366972
SNPGKAG,1179.151376146789
FHQSHDFWS,9467.628440366972
GRVRGNSG,1698.5
PERNFPSG,2615.302752293578
PWHGFKHWNQEP,5484.201834862385
RDVLNDFLGWK,7494.660550458716
KQASVSLS,1445.591743119266
NFPPFREYWDS,14152.646788990825
QKFHHDSYWNG,4727.715596330275
HWNAPLQAS,3074.4954128440368
KSYFKRPYKLS,3234.8440366972477
SDKDHALS,1137.802752293578
AGGWKHELS,2085.3073394495414
EAYRVAREYH,5462.6697247706425
EHDYRYKAFPHS,4223.59633027523
HRWNLENFYKAL,10468.954128440368
GFHEPREYKHDL,4009.4954128440368
HVLYYWLQYNS,18368.660550458717
SHDFDWKSG,3041.821100917431
ADPDDVSG,1020.6376146788991
GFPQYLEPDLG,5234.798165137615
VAQRKFDRPDA,2184.637614678899
EERHAKASG,898.316513761468
DQFQQEWDVG,3609.3990825688074
NQRYQWNKVSFA,10881.087155963303
HNVEHLNL,3739.9816513761466
SYKLYSRPWAL,14225.266055045871
VQVYNFKVAS,12284.899082568807
YAVYGHAG,5739.353211009175
SGLWFRAG,12112.58256880734
DFLDRKVA,2221.802752293578
HHWNHKHVL,4571.894495412844
PRNAASPWKDL,2984.059633027523
HRQSVASG,1513.9036697247707
QPWNYWQEGEP,4613.211009174312
HHQSNDASG,1242.4816513761468
HSFQYSPHVAG,5870.756880733945
NVQWQRKQYDAS,3565.032110091743
AVSQSPAG,964.7522935779816
KLHGASPHV,2173.087155963303
GDYLKDSG,1450.940366972477
FPRKSEPNAKD,1099.4770642201836
GKFRKFHLSG,2940.0091743119265
YAWNEFRYSG,12965.348623853211
VRKQEYLFRPV,5609.371559633028
WANGENEKSG,1294.3899082568807
HLNRHVAPYKL,7325.844036697248
AGEQVSRNHAS,1718.665137614679
AWLWPDVS,11508.155963302752
QWRHADGRYNKH,4867.926605504587
YWLWPYKGLSG,7267.233944954129
NFPQWGQEKDV,2371.229357798165
KLWLPRYWAS,13776.688073394496
HENDRYRKDA,1961.9816513761468
KVPLDVFYHA,6949.646788990825
SYFWRNHDVA,7177.559633027523
NQKVNPNKLS,1429.4036697247707
HPSLPDLS,1874.2752293577983
PQSDKDLG,875.816513761468
YKHDNFLFPVG,9745.155963302752
FWDPLGREVQKG,3268.087155963303
PLQEFREWAFWN,27668.33486238532
WWFQKDLSG,7842.51376146789
YRPWKEYVRKD,3872.119266055046
YEQVANVS,2503.353211009174
QEAQELVSGY,2999.862385321101
APHHLFDASG,3394.362385321101
ENELRHFAG,4389.408256880734
QVQNFYASRKVL,9524.009174311926
GEVYAYNKDVL,6054.876146788991
VQYNNSGEKLS,1504.7431192660551
LDNKKHAS,1079.7477064220184
PRHQFNEVLG,4465.275229357798
DRWSGQEHVFRN,5252.01376146789
WFAQVELG,11539.160550458715
KFEHNAGRDVS,2020.151376146789
QWEKYWHSFREK,5257.564220183486
WSYVYHVQHD,12726.256880733945
NDAVLQFQFWDV,41723.20183486238
NWSADSG,3033.587155963303
DAENNVSWVG,3927.623853211009
WGNFGDVLG,10118.532110091743
LPYPSFEYN,9616.45871559633
QHEKLRKRPKV,1059.7752293577983
LHLRFNVASG,8660.729357798165
AYKSGSGPVLSG,2212.288990825688
LAPKFLSG,4089.3348623853212
EPHKPYSQHVG,2224.532110091743
FLWFGQPYKDG,7703.811926605505
WPEVDVG,3220.8715596330276
LGPLYHQWNKHL,8412.004587155963
DSNFRHPNALSG,2639.9816513761466
ALVADEPWNKHL,3772.045871559633
YYKWHNHLS,5969.637614678899
FQDAPASEHVG,1943.3440366972477
PFNQQPYWNLS,13286.674311926605
QPYWLGWNFVL,40375.252293577985
HQWGFVGFNKDG,10366.61009174312
GGWNFEPKHDG,3033.1743119266057
WEWKGLSRKDG,3516.9266055045873
FVWPHYNLSG,11670.30733944954
VLPASKFPNVA,2002.7431192660551
NVKAGDQFEYN,2569.348623853211
RDNRSQYKDVS,1796.4495412844037
KGWPHVRPKHDL,3755.52752293578
RYVDNDVYWVAG,14416.577981651377
LWLHAKSG,4555.628440366972
HDFRKPDGRDVG,2250.059633027523
WWEGALG,10746.444954128441
RRWKLKLSENKD,1537.5183486238532
YKDYENHLRS,3726.440366972477
VYHRNSPVG,3248.4954128440368
VRDSQEPQNKL,1067.3623853211009
NKPGQDKLS,746.1100917431193
PEQLGPS,2186.5045871559632
PLYYDEYWDVG,19880.371559633026
FVPSEAQPYHS,3485.637614678899
VFAAWNALG,8192.224770642202
QAHDLPANAS,1370.7339449541284
GWAQVPWVLS,22790.83486238532
KDADPHLFEW,5363.036697247707
KHPWVPWLRWD,23555.701834862386
KHNQEYDWDSG,2869.770642201835
YVKKKAS,948.5091743119266
GNLFHQEHDG,2940.3256880733943
FNGFLEKLAS,5058.706422018348
SGQLQFHPKHS,3202.591743119266
KYHHGDLG,2263.6100917431195
KVGLLEYHVA,6287.8302752293575
WGAFQNVS,6895.518348623853
RSVWWVSG,10930.224770642202
ARHRRYHDAS,2761.0
PSAAFPLG,3247.1559633027523
KQSPPHDVASG,986.1009174311927
KSEEASEYWK,1131.440366972477
SYDAFQDALS,4790.032110091744
GPSVWVSG,3614.0963302752293
KAQEEPDFVA,1279.6284403669724
GPVSAFVSG,2840.4954128440368
QYRHRYWRNDV,8249.344036697248
VSNLAREPYAS,3468.678899082569
RHSNSQEKFNSG,1457.334862385321
GQPSEVRPYWAS,4272.261467889908
LGGAHDSG,1663.9036697247707
PEHRPRYKDS,2083.045871559633
ENHAFPSREARE,1487.6743119266055
DNVNGYKDVAL,2213.545871559633
YPWEWQFYNLS,29275.256880733945
RFHPGQHG,4093.270642201835
VGASAWVAG,3695.169724770642
YSEFSGHG,3831.0504587155965
WHNKRDGYWG,8791.949541284404
YVPGWAYAS,11098.660550458715
FPDDPHSDLG,2803.408256880734
YNHRENGASGF,5689.94495412844
KNEKGYLS,1417.4724770642201
KSPADVSEYKDV,914.151376146789
PFSVGVAG,5192.100917431193
NAKVRDYWL,7147.527522935779
EPYNESHSQFYK,5944.5091743119265
VEYRQYKDLG,3889.587155963303
SHWDPVASG,3022.9770642201834
WHASLPHDEKHL,3161.0366972477063
VFDKNKAG,1537.4633027522937
HRSFLFLG,23029.83486238532
FWEALSFAGNKD,7496.151376146789
PREGHSWNDS,3228.348623853211
VERKDNLSG,1287.288990825688
FRHSWAPGRYD,11247.885321100917
RHKFKVRYWHDS,4745.366972477064
PQHDWAEWNDVG,3985.0229357798166
RYELPYSFYKSG,9160.724770642202
LDELFASG,3777.830275229358
KHQFWGRYDEDG,5502.761467889908
DYLWWHLG,17303.605504587154
HGLRVLHALS,10575.477064220184
PHNDRAGQPNLG,2113.6422018348626
YQDQKSQFN,2090.97247706422
QPRWKALFSQFP,15240.032110091743
WVVPHGWKHG,7487.454128440367
LGDSVRKLS,2091.0
VGLLSNSG,2464.605504587156
GPHFGFNKDVS,2767.1559633027523
LANVHVAS,2945.6100917431195
RPNQVLFGHVS,12075.90366972477
WHLVLHPWKD,16813.05504587156
RDRPFKVGPHDS,2389.3853211009173
AEGWLVLSG,15649.279816513761
DPSGANAG,1174.0275229357799
GWWQFHDVS,14554.01376146789
WHHFRNWNVS,9734.90366972477
HYVKYAG,4269.224770642202
YFWDSHYNHVS,8096.8899082568805
AGPQNVFKHG,1825.7844036697247
DGAEPVQKL,1089.348623853211
FYWNKPWYGEPW,18640.577981651375
HLHLKLNLG,9404.922018348623
HPVGQGKALSG,1208.8073394495414
LESDPYLSG,3637.1009174311926
QDRRPKPYKHL,2401.4311926605506
VYDDLPAG,2466.880733944954
WKFLGVLNKVA,7472.582568807339
QNFLPKHDQYNL,5165.633027522936
VQQAHVAG,1463.8715596330276
VSKQPSWDVL,3415.47247706422
VQVHYHG,4297.201834862385
FYNFPVNKGQVA,2209.6605504587155
KDHFASNKD,1282.6422018348624
GPDLKVWKDG,1525.7522935779816
RQPFGRVALG,5036.366972477064
FWWFDVSGNVAS,9557.545871559632
EVDQVWHDV,2971.1559633027523
PFWWAQWVL,36448.47247706422
YHDRLGWLYH,15062.091743119267
LKRQFVG,3774.8394495412845
KWEKHRLG,2283.564220183486
QYGFWSYVGEHD,12489.532110091743
DNPAFKSG,1522.6743119266055
DYDLFGHDSG,3730.146788990826
WAKGASNLSG,2386.894495412844
YGYAQVKLG,5273.495412844037
WNAARYNEYNK,4755.408256880734
PGKGFKFPYVS,5993.311926605505
AFYYKSQEHDS,2709.5412844036696
EAVHAKDLSG,910.2798165137615
HGYSVAENHG,2412.756880733945
GEHWRYVASG,7168.655963302752
NDVNGYAHAG,2469.5183486238534
FLLNRDSG,3563.5825688073396
AAEWKEVALSG,1423.0688073394494
PFYWAFRLGEHG,16168.440366972478
VYAPHQKL,2549.5091743119265
PGFLQNPYDVL,13548.52752293578
FWPDLEDFES,2734.912844036697
FSWQLWDVAG,11164.288990825688
RHNPEWVASG,2873.3119266055046
ASNNLSGPYWVS,8320.119266055046
LKRSGWNHDS,2311.4816513761466
AERKNHDLS,1004.5229357798165
ARDWQYHDG,4667.922018348624
EYNQGQYRPDA,2116.683486238532
HWSHYASG,5028.344036697248
NHKFYNNHL,4102.995412844037
PKRFPWGYKHD,4509.995412844037
QFELWKWNEPYA,8979.495412844037
DWGRYVELS,10689.467889908257
NAKHFYGYNVG,5104.201834862385
LPYQKFEYKDL,3653.3990825688074
KWLRPVPLG,4889.568807339449
WGWEPLEPNKL,5515.05504587156
GRHLLRYWKDS,5101.678899082569
KRWVLFLWAL,25003.463302752294
YQGHKDVG,1456.940366972477
FLYDRQREPNAG,2052.1284403669724
YGAKANVASG,1193.4220183486239
RYQHAWSRPKLS,4370.385321100917
WDLNELSENKD,2283.1330275229357
FNVRSFYNEVAS,7558.871559633028
YNAEAEWNVRYS,10159.61009174312
SQSHGHDSG,1259.4633027522937
FGFYFPYKRD,7057.802752293578
PKERWNAEVLS,2153.238532110092
VYSEDEDLSG,1655.8119266055046
WHRHEYKGWHAS,5121.564220183486
DHSQYQFPHL,5517.756880733945
RYRLEWAND,7475.045871559633
GQGQVNKVAL,1402.926605504587
PWSVQDRNHDG,3306.669724770642
YKNWLGREPWHA,7751.628440366972
KSQLVSEYAL,3129.9449541284403
DEEGRVG,1289.6605504587155
FEDQQKDLNK,861.0504587155963
PKEWASRPVYWN,12011.80733944954
LQKEWGEPLSG,2144.298165137615
NVVAQNHPYNH,4444.334862385321
PEFDVRAG,3528.743119266055
GQKEKLRPYKD,1092.8623853211009
ANVDEDLSG,1280.880733944954
RDYYYWNKDV,4638.94495412844
QAFRWRDENK,2962.6100917431195
FRQYQYWHFHA,14322.050458715596
HVRDGQYHPYW,15579.197247706423
GPVGRLSDAS,1619.073394495413
YWSQYARYEKHD,5205.605504587156
WEVRWFPWDG,26476.30733944954
AHESYLSG,2606.288990825688
KDWNDLNRPWN,5368.238532110092
LFAWDRNG,5993.394495412844
WWWAHLG,18080.298165137614
KNVHDELG,1248.5688073394494
WSGQWQHSQEDV,3054.7201834862385
KEHKQHASG,964.394495412844
RDWVVRPWNDV,10368.591743119267
YFNGSYASG,3681.4816513761466
PAAPKHSPDASG,1040.9036697247707
NDGYQPWHREKH,4231.284403669725
GLGYKKLG,2549.5963302752293
FSDFEQEPYDL,5087.137614678899
RDLSDANSEDL,1329.4495412844037
VWNVNVPYKHA,5843.876146788991
PGEPWQWSEPY,12422.614678899083
RLFDQLGPYWNK,9127.325688073395
NGWYDLYWHS,20559.76605504587
WLHYRYNKHLSG,7213.233944954129
QQHALAPYWND,7800.211009174312
KRNGDAFYKHVS,2595.0229357798166
SQHVDSGWALS,4716.876146788991
ADKEKAS,578.4724770642201
ELNHVPWSGK,2822.802752293578
VKDDNHG,1149.5688073394494
WADQLFYNKHAL,11994.756880733945
YNVQNWHALDLG,9540.366972477064
YEPAAGYWNV,7399.206422018348
NQEYGYKGQHD,2742.880733944954
WKWWKFRENKS,2975.908256880734
KAQWQEAPHVS,1967.4495412844037
FPSQPWDFLQYA,23372.811926605504
VHLFYFNG,18725.357798165136
RRHKVYLSG,3887.8990825688074
DQLSVQHVAS,1965.3577981651376
HWKELEPLG,2721.4449541284403
HFVPDEYL,7662.766055045871
KKVVAPALG,1045.0871559633028
GPPKQHA,1075.2706422018348
FVYHQYVSENHL,10325.555045871559
RNKKFRPLVL,3402.967889908257
SEDGDRPHDVG,1998.4633027522937
HWKAYAFYL,20978.628440366974
SRGGKSG,1366.1100917431193
REKDYNKWNSPK,1359.4633027522937
GFEAKLWNLS,8057.40366972477
PGKLVSWKHVS,3859.6651376146788
NYGGNHALSG,2906.4174311926604
GFRWVELWKD,14122.247706422018
FEHWASGFPRWG,17484.4128440367
LFLRHLSVLSG,11453.522935779816
DVESLQREWNV,3930.894495412844
GHDYVDVG,2940.605504587156
LGQYEQEPYNG,3506.7477064220184
VQHDPSPNKHV,1326.8440366972477
RWYNGNVYNG,8713.747706422018
RFPHFGHVL,12650.146788990825
ENYGQEWGEWKL,5143.802752293578
PKNPGFREPD,1903.1697247706422
VFDKLYKG,2840.5183486238534
VRNQYLQNKHA,2810.3899082568805
VAKEWKRPNVG,1768.1284403669724
KKVAHLRPW,5223.651376146789
LGHSYKGKD,1734.48623853211
EAQNQPYKPKDV,1265.6146788990825
DDGQLRLG,3214.0412844036696
GPDYSEVS,1666.7431192660551
QKDRPWPASPWK,3597.623853211009
HVPKNRWDAG,2678.5733944954127
SFSYVYLG,22231.463302752294
VHKDRWALSG,3455.7247706422017
WEGPGVAL,9068.747706422018
HFGARHLSG,4919.0504587155965
NFFEQVSG,5046.064220183486
FQYDLRKGWH,8416.165137614678
VYQEYVVALS,32232.596330275228
WVVSASWHDA,15334.233944954129
HQRLGKDQENK,1131.1422018348624
AHVEQNAG,1276.573394495413
WYYRALG,6906.357798165138
PYVERENRPYV,10203.302752293577
WPQHVRDALS,4966.573394495413
HGAVGDVG,1743.4816513761468
DVERNNKHAL,1780.2844036697247
WPRWLNG,14724.321100917432
SSFAQFPYNA,7773.825688073394
YNLNYWARYVLS,18414.05504587156
YLFFFHDALSG,12610.339449541285
EGALRHFDG,4486.334862385321
NHWNWHQWHDSG,10034.52752293578
SGRLEAQNG,1696.8302752293578
FRYPYWVKAGQF,16956.761467889908
SQSDQYAG,1573.3899082568807
QNSFRDAEDWD,4013.816513761468
DNKGWEHDVLG,2703.454128440367
EFAVYVG,31847.133027522937
RPNWKVGAEWKL,5542.440366972477
WADESRPNKLS,2480.467889908257
FLHRVSQFREN,5609.912844036698
PYDEKLWLFNVG,16113.348623853211
YHRDKHVGREPA,1911.6743119266055
RVKRSKDLSG,1289.8761467889908
PYLFVRNLRPA,26049.44495412844
GPAPHFNG,2450.9816513761466
VYRHNHVAL,6103.261467889908
SHDKAALG,1174.651376146789
AWPDFREHDVLG,5780.261467889908
HSRAPLSYHDL,7881.6697247706425
PQAQYFEDALG,4156.0
ALWHAQSGFPK,5374.880733944954
PFADANLSG,3438.5137614678897
EVRWEVAGHA,3836.802752293578
HFSKWKDVAL,4006.348623853211
YFSEPWHWKAG,8563.619266055046
VRNPAFWNSG,6828.633027522936
VFKLGYGQWKV,9043.56880733945
SFVDLQDG,3939.3899082568805
VHEPVFS,4592.8899082568805
QGVLGQQKVALS,2105.52752293578
ENDLHVQSFPW,10224.587155963303
FLLLNDVA,13539.660550458715
YVYHHQEPYA,7117.4495412844035
FNLGGEALPD,3253.9862385321103
RLPGKDYNHASG,1740.2522935779816
GSFYADSG,5297.165137614679
RVDSHDFWKA,3420.1284403669724
LRQEYQLSG,3406.9908256880735
VSLDLVLSG,14729.701834862386
HVYWDAFRLSRS,15883.912844036697
QDQQPSGRPWN,3591.7201834862385
LHFRVWALS,19366.88532110092
AFSRRHSG,3732.8119266055046
APFRGNSG,2006.8990825688074
ADWNGWVLS,12183.52752293578
KYNFDGFPYWA,15820.01376146789
WYHPSVLG,10562.215596330276
DYDPNDRLS,2259.876146788991
LHRNSKSG,1513.6422018348624
YYSHFAG,4629.591743119266
WGLEWEKHVSG,6114.922018348624
DSDLPNYVS,2158.4587155963304
QPQEVPKLGHD,1764.573394495413
PHEVFKQENKH,1609.4036697247707
QDSPRPKARYLS,2856.5504587155965
FLVYLQWNKD,14673.522935779816
ARYEWLEYNKG,5950.623853211009
RDGDQKARPYD,2924.256880733945
LWNSLWDALS,13750.766055045871
HKNDFVG,1953.665137614679
NDEEFRWKDVSG,2185.7522935779816
HGLKYKSG,1821.8853211009175
PNDEAWNDWDLG,6305.256880733945
NWSKLHSG,3434.8256880733943
RPRKYHSWVL,8508.146788990825
WNVEQPLSWLG,20589.394495412846
NYDQVGPYNDLS,5591.940366972477
QSPEASFEPY,2213.788990825688
SEQWWNHDAG,4793.623853211009
WHENSPRWDL,13436.651376146789
DHLEEYALSG,3011.52752293578
QFGPFRHLSKD,4335.522935779816
LLEYNNLSG,4801.816513761468
LNWRASG,5153.527522935779
ELQAVLRWD,15169.165137614678
SKDGRHPDVG,1558.5
WFSLFYLSG,10392.47247706422
AYWHHFWVLG,21192.47247706422
KRYGRGALG,2937.348623853211
PNFPFRNKAPYS,6359.481651376147
SNSVVSG,1917.1467889908256
KEVFSRNDLG,2896.7155963302753
PKGLSGYSYKHA,3673.2752293577983
PPHGFDRLG,4269.536697247707
WWPQPVAL,18229.01376146789
EYKEDRPALKHS,1563.926605504587
YHEYKPYWGFWN,15530.51376146789
HAVLDEWDA,4552.48623853211
PWDHYALSWK,13214.990825688074
RWDQKSYAEL,3501.2752293577983
ANAQRVFRKDVS,2346.559633027523
ARLSSRDVALG,3004.0504587155965
NLVVSKASG,3179.077981651376
RHPHFELFYWK,17664.10091743119
WQHHQNHG,3842.288990825688
PGEYFPLSQYWH,22620.16513761468
VRSHQYG,3663.229357798165
VYKFARPHVS,5059.633027522936
SQRFKSQENAG,1462.866972477064
KFSHWDSG,3223.6743119266057
KDHVKVYDVAG,1771.1788990825687
DYYSPKSG,2354.7798165137615
AQDSSNKSG,963.454128440367
GVFRWPYG,17203.04128440367
HLNDFHGYVL,16668.160550458717
FPDQALQRDVEW,6987.655963302752
WWWPASG,14479.80733944954
REEAKGQPLG,1379.7201834862385
YWWKLQSPYWV,20276.871559633026
RRANGALS,1904.866972477064
SNSQHHAS,1761.5642201834862
KGQQSQKDG,757.2660550458716
LSYLKPKDVLS,3199.954128440367
VSFYSPAGFSG,11991.215596330276
RVNDDLRVA,2683.564220183486
VLDPSWHG,4897.688073394495
AYNAYPYNKL,6643.711009174312
DALAQFKLWHA,9681.56880733945
DQFKLVQPKAG,2529.0366972477063
DHYSHSG,2258.9908256880735
PRGWLFEG,9697.587155963303
RHPQWKGPG,2550.3715596330276
YKWNQRQYNKD,3326.119266055046
SPDAGFPQFHVS,5827.417431192661
GRSFDRLG,4614.339449541284
SRAKQALSG,1520.788990825688
EKVVFKAQFVLG,28374.25229357798
NGNFASDVAG,2669.1100917431195
WHQLKVFDL,18812.477064220184
SHVSLHSG,2980.3440366972477
PHPERPDL,1483.3715596330276
NQWPQRPYKDL,5773.0
DGHGRFRPKDS,1923.4954128440368
QWDHWHYWS,19790.940366972478
KRLNWVLG,6336.701834862385
DVDGFHVAWAG,8740.600917431193
VQQKQPLG,1330.7385321100917
GQLKHWDVALS,4291.077981651376
FVSVDGEYS,4728.582568807339
WDNPWFNKVLS,14364.798165137614
HGGGNKHDV,1534.1284403669724
YPHQPEHVL,3011.5550458715597
FKVRRPWHSASG,4995.155963302752
PAVDENVLG,1585.6559633027523
RHQPWFEDVPY,11778.766055045871
PFQEGYVL,11390.940366972478
RSPFSQFEYHDA,6044.064220183486
RLPSYKLQHLG,4270.142201834862
QVHQALPYKHS,2704.729357798165
YRKYYWSG,7476.142201834862
FAWAQNYHG,7160.334862385321
GKVPYSEPWKG,2440.408256880734
EFHASRAYVS,5791.238532110092
RPWNGWGQPKLK,5122.981651376147
VFSKHRHDLS,3314.697247706422
HFEENQRKHVG,2159.238532110092
SAGHLAG,1735.5963302752293
SRHPKLYSG,3543.330275229358
NEAYFYSG,9137.045871559632
HEGQQDAS,906.5642201834862
DQKPVGKHVS,823.9633027522935
VVRDVDALSG,1764.288990825688
ARQNHYALSG,3156.2201834862385
VRVLQGRENA,1981.2981651376147
KHLLRHLYDAL,6708.472477064221
DGVWENHLSG,3776.1284403669724
WDGKWLEPAG,3911.935779816514
LDQNFHG,3185.435779816514
GAHVELG,1774.366972477064
VLFQDLQYDVA,8335.064220183487
QGKWDRNKDS,1112.6788990825687
GQNNHGNKDAL,1040.7155963302753
YVDGGYDG,3791.743119266055
HWNNNKVALG,2524.761467889908
FWDPWKDSWHGE,4575.1100917431195
NKLLSRHQYNA,3541.564220183486
YDNKSPYLEDAG,2456.123853211009
QGQHNDVRPYV,3491.1330275229357
RFGYRLSG,6410.605504587156
ALYQVPYHVS,7958.912844036698
PEFRKRPYWN,6882.431192660551
FLENRYVQWKDV,5783.646788990825
EKDGNGRYEHA,1253.866972477064
FPVDFWHDEHS,5660.394495412844
VWPKQESG,1004.1376146788991
YDGSGQRAFAL,7838.206422018348
VLYVEGHVASG,6459.334862385321
RNKYYLSRNSG,3117.3440366972477
RVKQDVREPL,1273.697247706422
FDENHEFEKAG,1749.394495412844
KVLRFALSDVLG,15588.174311926605
FAQFGHLGFEPV,10975.105504587156
HHKLASG,1547.151376146789
WEESDLSG,3147.454128440367
QWEWEAGNHDG,4954.54128440367
HEDERHAG,1285.334862385321
EAWWNDVGNDL,5063.302752293578
QAGARHVKHV,1910.545871559633
DLFEWPFYNSG,15170.614678899083
NYGNLQREYA,4578.775229357798
SKQLYLSG,3480.266055045872
WVLNVGRQYA,12668.43119266055
HPLNFWHAL,13774.004587155963
QDKQYGQFV,3064.266055045872
DQPQENFRAG,1485.7981651376147
ALEAFPAQRW,12687.211009174312
PYFKRVYWDAG,12867.266055045871
NDNNAEWNK,1467.3623853211009
LSNYPNKHDLS,2395.394495412844
FKWFARPNKLS,5111.825688073394
KWVKQWSG,3134.1926605504586
FWLYDPVEKHD,5318.715596330275
EGFYEYNGPWKV,12037.922018348623
SGLVLPVS,9524.45871559633
EFHPEASG,1515.0963302752293
LGEQYHRNKS,2402.954128440367
YPPSDVG,1690.5091743119267
KDVNFYKHRYLG,5166.5504587155965
YNDEDGEPLQWK,3450.6009174311926
NLVESWVLS,10699.605504587156
RWQHPKAGHDLG,3209.1926605504586
WLVNRVLG,12464.747706422018
NLWGNGQRYKHD,5541.784403669725
WYDYAALG,9836.114678899083
QSQPDGNSQKG,835.3669724770642
AQVWWNAG,6003.522935779816
WLQVGQEKPDVS,1702.967889908257
LSDKKHVAL,1581.8853211009175
NHVGHVLGKAGH,2386.233944954128
WHYWLQRQYKHA,8187.811926605505
AYLQYHRWVG,12218.97247706422
VHVYQDVALS,5653.0504587155965
RGKLEALQRW,5868.866972477064
ALNDYNAYLG,6877.3302752293575
NWKAYLREYA,8448.440366972478
KKHDSNGQYHA,1527.7844036697247
FKSEDAHVFPW,10665.146788990825
AEVAYLEPHA,5493.779816513761
LLSWVKDAG,4024.233944954128
DNQAHLSG,1486.573394495413
FRWRYNEPDFNH,10486.954128440368
FQHHFEWNKA,3966.0366972477063
RLLSGKNHSG,2179.302752293578
RAREWKNVLWLS,12207.155963302752
HEKYWGNHDV,3777.7752293577983
ALGVYGFLSG,16997.811926605504
NAHPQFVG,4503.01376146789
WSLPSYVA,9792.738532110092
ESYLNGPHDVA,2634.798165137615
LGNRYDNVAG,3618.5229357798166
WPHDLPDGFNK,5762.747706422018
NYDNDWDVG,5257.211009174312
NLKLQQPVLG,3281.435779816514
PANFLSRPD,4261.637614678899
YHLYQWHGDAG,7002.307339449541
WSWGWDPNKH,8502.816513761469
HGFFRALSAG,8510.52752293578
YWPKNDEPVLS,2587.6100917431195
WLAGAREALSG,3960.4449541284403
LYDERHDASG,2266.940366972477
RSLERWASG,3561.5366972477063
VGKPPNAS,1347.3165137614678
GHPNNALS,2152.6422018348626
AYFFASG,15522.022935779816
NRVEKQEYWKAL,2798.256880733945
VHGDVRHDVAG,1916.788990825688
RQFFQRENKLG,4340.894495412844
YNAVGKFREV,3945.802752293578
DSVLHQNDVLG,2512.233944954128
EKSGRDSDPDV,809.697247706422
PKRPDFGENG,1428.2385321100917
WVQWKRVAWNVS,11865.51376146789
SYNDVWQFYWHS,21169.298165137614
PDKSGFAPKHA,1766.5825688073394
QEDAYSWHFRVG,9068.334862385322
QSFSWLEWHVAS,13936.848623853211
VREDNHQPALG,2787.6926605504586
WNVWSQPYLFNL,36391.37614678899
LPARRYSG,4862.192660550459
RWKDDVLWGQDL,7461.633027522936
LPNEVQPVAG,1718.0825688073394
RPWNWEPNLRY,25542.80733944954
GPEAFNKVAS,1426.8899082568807
NRGRNDYG,3178.8119266055046
VNVQKFPYKHA,3420.3715596330276
HGAFASPYDV,7812.0
HGHWVALNKHS,4502.036697247707
QSQAWGWKVG,4577.321100917431
LPASRKRKL,1152.440366972477
EALLSNHQPNDS,1963.467889908257
LEVSKEWVAG,2584.793577981651
PVEKFYKFYDS,16818.330275229357
WYQAFEWNHVAS,11492.5
NSQKAGSPWH,3031.605504587156
RLSVALVNDLS,14917.729357798165
LVHGHLSG,3554.4495412844035
GRSFWFKHDALS,9164.316513761469
GNWKKDASG,1360.9908256880733
WWAGRSGELS,4593.197247706422
RFSPNVYASG,6972.646788990825
NFPSDSQYKD,2296.137614678899
QRAGQHGQFGYD,7188.885321100917
HNGYYHG,6370.522935779816
WPFYSFLS,34947.564220183485
WLENDSVEKHAL,4253.01376146789
YNWAYWNFEA,16722.17889908257
VDVPEASG,1309.5779816513761
KRVSLWLSG,7058.1697247706425
QASLVASGDLG,2247.743119266055
REPFHRAKASG,1971.559633027523
HWSQWKDGQYVA,6612.142201834862
GWARNYHDL,10792.366972477064
SHLSWWDSG,10124.032110091743
FLFYRDASKHA,4115.362385321101
WNGPHLQWRWHA,18910.54128440367
WEWDYLFPYW,20997.188073394496
YFYAYGYLS,4997.004587155963
KSDVYNQYA,2510.940366972477
GPFAVALSG,6782.926605504587
WSPYPDSFYDLS,19825.756880733945
SHPAASG,1493.7568807339449
QSYVWASPDV,7194.733944954129
PFRGQREQPHV,3578.8669724770643
PKRYGENGHAG,1779.7660550458716
LSYVHSFRPWKG,9414.385321100917
HFYLKQRENHS,3428.756880733945
EYVYLGQNKQNV,5087.559633027523
REDKEPYQFEY,2848.3256880733943
EKSAWNGRVLS,2461.5183486238534
SAFQYLS,7889.697247706422
QNNGDVREKHV,1256.4174311926606
PWASEFRKVPYL,16175.215596330276
HVHAKHQSG,1536.8532110091744
PENPHLSPYAG,5330.302752293578
EQFSLGPNVLS,3833.0412844036696
DVNRWAWVG,11684.637614678899
PFDLLFEYHDVS,20080.02752293578
RNDSWGWSGKG,4582.825688073394
WSWLFAGWNHL,23455.89908256881
VEELDAG,1720.6238532110092
KWDWENAG,3727.0733944954127
NQRALWKDFLG,7119.697247706422
RPLPALSVLRPG,6558.587155963302
YQLPNEKVASG,1467.1467889908256
GLNLVSG,3569.376146788991
PHPKHVKGPYDS,1861.3073394495414
AYGWPAG,6792.178899082569
NHGFSEWNSGPA,4957.811926605505
RDESDVFEPWAG,5177.729357798165
AYVVGKSG,2769.9449541284403
RSSSEHSG,1385.9174311926606
NLVSYVRDLS,14085.40366972477
QSAAFKG,1712.4908256880733
GVLYHKASG,4315.1697247706425
QLYGKVYKVLG,9696.665137614678
EHQEVPDAHAS,1287.9954128440368
YWLSLEQFPD,18845.596330275228
HGAVSPAG,1728.1238532110092
RWPNEGFEVLSG,5858.720183486239
YFSRDKLG,2684.201834862385
RKKWKHQPWH,3195.087155963303
VLHWRDLG,9431.298165137614
WESVSDVAL,8752.866972477064
PGSLALG,2951.788990825688
KEDLDGKHLS,1185.2247706422017
QRLNSRHQENKG,1503.9495412844037
PVGAWNAFENHL,8849.880733944954
KKRYYVS,2568.233944954128
FAWWDLNKHAL,12858.504587155963
KQPLSDAEVAL,1158.9128440366972
DRDFLGRENDA,2049.0412844036696
FREFRVLHFRN,15088.52752293578
ESHYPDVG,2035.7477064220184
AASHQSG,1134.467889908257
RRYANANDAS,2063.2844036697247
KYVDVFYNSG,9821.573394495414
DLKGSQFWSG,4654.137614678899
GFHEGWHVA,6403.119266055046
AYKHFKAQPYKH,3272.7247706422017
VGSNLQWHV,6187.1697247706425
QQQLDSG,1163.2752293577983
YEQVYHASG,4761.183486238532
YAHHAHDLSG,3376.7798165137615
GENWWLSG,11541.463302752294
FYDEHFRDHDS,5615.642201834862
PSWKVFDPWNVL,21509.32110091743
AGHNHGYKL,3750.3256880733943
LPELALSG,2194.8853211009173
QGPLYGHDG,3384.733944954128
PQHGRGRNDV,2062.077981651376
EKGAVSQNHVG,1010.0871559633027
SDEAQLSG,1378.5688073394494
PPYVQEAPYKDA,1955.3990825688074
DPYGYARYDS,7689.940366972477
GNHPRWHAS,5006.839449541284
AEAPKKHSG,836.5825688073395
SEWQGEWKVLS,5599.559633027523
ENLDHVGENKVG,1286.467889908257
DQWVHDQWG,7205.90366972477
PVYYDQRPWVL,30563.238532110092
DDSHGHG,1781.5183486238532
QWSRKRDVSEAL,2497.105504587156
RDPPPYALG,3803.532110091743
GRNKFVQYSG,5079.788990825688
HVNNWNLG,5386.899082568807
RNSQENKREPND,1117.3211009174313
FDSYKFKLRWVL,15584.275229357798
DFAWNLFEPYH,16975.69266055046
LEFRPLLG,8841.669724770642
FLKYNARYNDVG,4964.977064220184
PYKWPNVFYDG,18294.43119266055
DAKHKPYWVAG,3072.7522935779816
AAGHSHG,1650.559633027523
YVLFPFHARWA,27078.95871559633
LKVAALSGHDSG,2330.0
PFAEQWAL,8730.5
GWDNDRLS,5007.206422018348
LREQSFHVASG,4914.802752293578
WHLSNSKGNL,4077.316513761468
RDQFNYLSQNHV,6635.082568807339
LEQAKVG,1604.045871559633
FQNQDLWDLG,7242.279816513761
HEGSNSG,1415.440366972477
VPNFSWVAL,14188.665137614678
NFGEPPDSG,2174.233944954128
VGWYQFEPKG,5903.577981651376
LEQVLRLG,16037.509174311926
KFPQEGFYWDL,12854.711009174312
EERLVLG,3167.5550458715597
FNRGEPYDHL,7875.224770642202
EGVLNYNLSG,3071.5
QARKPDQRNKL,1156.0
HLKRNSFRWVA,8285.990825688074
EAAAQRALSG,1263.2706422018348
ESKPKSPWALS,1728.8073394495414
NGFGYGEVG,4567.8302752293575
WKYEKSQEWNG,2391.4495412844035
EVAQSQRHFEYD,3711.0137614678897
LQSGHSNKL,1643.6880733944954
LYNLASRYWNG,8456.559633027522
SFVQQKALS,2754.52752293578
LGVASFGYHDVS,9574.105504587156
NSVVREDALG,1748.0550458715597
RHNAYWHQEPD,3828.183486238532
ESAEENALG,1063.4311926605506
NGFVWVSWLG,37442.247706422015
RVSGFNEYDLRE,5678.633027522936
YGVNLRASG,4305.756880733945
AWRKRYHDAG,3696.9862385321103
EQFWFDWNAG,14333.01376146789
GQFVEYFPVS,22533.467889908257
FQDKPYAG,2604.683486238532
GLNDQDVAG,1303.2477064220184
QPGNWHSENKDL,2250.1605504587155
EDAAKLGYV,2075.830275229358
YDVKAQRPFDA,3342.0733944954127
DQAHKDS,673.5366972477065
KKLDANVLG,1104.380733944954
PYLHQKDLGVLG,4128.298165137615
QNHEALNLQWN,6150.678899082569
EQDDSKDVALS,811.243119266055
QGHKRKG,850.697247706422
HSYSLGEWDVA,4941.6100917431195
EKPSASFYALG,2334.353211009174
VGLVNKG,1821.302752293578
YFKDSYREWKD,3168.288990825688
NWLHEDAG,3484.293577981651
LLQNQDVAS,1457.197247706422
LKLVLPAG,6279.275229357798
ENSHNKDKHDL,786.8715596330276
DLKSFALPS,2146.6926605504586
RGAPGPLSG,1966.8899082568807
WLHWREKDVS,3852.605504587156
AFQHYDVLG,6205.100917431193
DGPRYLPYVA,8375.756880733945
NKGAYSFREHG,2373.9862385321103
KKLVQWLG,3322.637614678899
NNHKDPHG,1069.1422018348624
LRGQGNLG,2678.211009174312
RPKWFWVAQNV,10984.454128440368
HYVPLQDVLG,4617.582568807339
VLFVFKLYNALG,24629.669724770643
DGSHDFYAG,3547.683486238532
RGWENLENKHD,2016.059633027523
EAENHQPLKVAG,1076.1834862385322
HSEDSWPDSG,2013.7981651376147
YNYLESQYVG,6639.766055045871
HREDQAQPYNL,3350.6146788990827
RFESQSQFRH,5200.504587155963
SKLYQKSG,1558.9587155963302
RYLGVSGHEDVS,2067.637614678899
GWPFWNHDVG,8032.963302752293
PQKHPLQKAL,1799.1284403669724
HWNLWFREPNV,11712.69266055046
FLSLSYWDWDAG,12512.449541284404
LWVSVPYS,15697.009174311926
GKDEKFHASG,927.1743119266055
YGWVESNVLG,6794.201834862385
SLQAFVSG,5784.215596330275
VQPSLQVLS,2105.3899082568805
WKKRENQVS,1174.9128440366972
EHEAQEWPNS,1663.8440366972477
RADLLRNG,2596.545871559633
GAGHVPVSG,1742.2706422018348
EVFWEPGEPWL,14199.88990825688
WLPLLGEPHVS,7268.59633027523
SDRLNLSG,2033.788990825688
KSNNWKSG,1191.6880733944954
RDHDNKFNG,1567.7522935779816
YHSFQHASPL,6082.504587155963
SNELGVLG,1957.105504587156
RHEFFPHDVL,9481.577981651377
KYAFPANVAG,2456.266055045872
AEEVKVLSG,1333.9357798165138
LFVNHQKS,2311.862385321101
HFYPLGPG,8103.353211009175
YKVPDRVNKV,1492.2981651376147
PVFLEDDSG,4429.720183486239
KSGSHLFWVLG,9620.646788990825
VLFYYWFRWNKD,11200.660550458715
KGFKGASNKG,948.5
NLNDVWGQRNL,7352.807339449541
PPGLVLG,2771.816513761468
ESNRYSQLG,2252.5963302752293
VYNVRPQPWH,11335.614678899083
QDLAWDPYKHAG,4263.417431192661
YDQELFFRNKL,7877.339449541284
VPRQNHV,1777.165137614679
VHHSDLSG,2079.2201834862385
GRWVWSPYG,20437.238532110092
FNHSGKVYSVAS,4471.100917431193
FARYDPSQELS,3175.733944954128
ESHNSGAG,1117.98623853211
PNFLWASRAL,15284.38990825688
VRNAYNENASG,1878.0045871559632
LARVQNAL,3490.4816513761466
HQEDSKSHG,968.8211009174312
WNGGWHARPYAG,12025.41743119266
EEYSELRDG,2073.1880733944954
HQPAHAFENHVL,3732.954128440367
YKLPLSALRKH,4068.7477064220184
WEAHHDVAL,7182.940366972477
KRRSQKDVLS,933.5871559633027
PVYAVLPKALG,13794.59633027523
WWFAASG,10679.018348623853
GHDHWVSG,3671.422018348624
LYGYKYKDVSG,2718.2155963302753
AKSLFVG,3550.380733944954
YPQQVSG,1585.605504587156
FGVAFGNHSG,5803.293577981652
WAGDWGRWVG,16543.454128440368
PSVGKAFRYLS,6581.256880733945
YNGREPQVLSPN,2320.52752293578
QKHEVFPRKHV,1949.0412844036698
QAEKEDGQVG,694.3302752293578
SWRKHHLG,4105.54128440367
NFFKQHG,3736.0229357798166
FWKHWVFAGRK,7446.082568807339
AFDGENPVG,2359.711009174312
DRWRRVAS,4227.848623853211
DSHQRPLDVAS,1715.665137614679
EDFEAQYLPNHS,3711.4816513761466
RKRANHAFRD,1937.4633027522937
YGEDVSSQYH,4618.431192660551
GFKLKVQFKAL,17417.284403669724
AFPRFEWNKHV,6232.064220183486
DRPEFEVLSG,2278.605504587156
YLQDWGFWLS,21698.963302752294
LWHKFKALG,4892.655963302752
EKQLLFPNLS,3125.045871559633
LDSENGWG,3707.0733944954127
QKLPQEWNLSFS,6489.752293577982
WGLPDKVAS,2850.467889908257
LRAFSEAL,5802.674311926606
EFNFSRYDVL,15563.761467889908
KVVASGPNSPWN,3061.5825688073396
FYPQNVEHVLG,4354.724770642202
PDRRHSREND,1603.0183486238532
ESESEHGKG,796.8440366972477
HYASLQWG,8961.018348623853
VKLAQDSG,1252.2018348623853
QQSKHFVSG,2152.6605504587155
RNRNALWREYHV,11052.747706422018
DEEVAQG,1147.133027522936
DVNPQRWVLG,7157.633027522936
FEGKHALSSFL,7275.977064220184
QFLRDVFAENDL,8661.233944954129
FNDFPASHEPKL,2658.2752293577983
PSWFKEPKG,2543.1284403669724
SPQEHDDG,1088.8899082568807
WSKFYSRYNHVA,7857.018348623853
WGLFLQHSG,14825.69266055046
QFAFHPWKGEWK,6812.224770642202
LSQRDFKRNHS,2692.9908256880735
VWSHFKLSG,7367.816513761468
FLKSWGPWNDLS,10356.761467889908
FKQVDSQWKS,2168.0550458715597
VKFEVEPYNKD,2421.788990825688
PWAGQKGRWKD,3082.1559633027523
EGKDLDFYNKV,1559.133027522936
VGQRWEHGQFVS,9425.981651376147
YGVVYDLG,15306.055045871559
QGGHWKSG,2144.137614678899
NHRLDARNA,2528.8394495412845
YYVPEAG,2612.651376146789
NVYASEVSQFLG,9248.866972477064
WRWQDPYWNVA,19369.01376146789
WQSRSQLG,4748.711009174312
RQPEWAFYNH,8724.426605504586
NKSDHDRNKHVL,1526.032110091743
YDQAQWVLRPKV,8457.885321100917
GWLSVYKAL,15563.880733944954
ANHGRWLKLS,7798.334862385321
VLWGLSFRNV,16391.91743119266
PVRFKAFRPG,5847.293577981652
FKFDPNDEPWHS,5599.738532110092
FPGKSQSFEHVL,4378.683486238532
RFWSLFEHDALS,13010.06880733945
PHVKGEFWHDL,5851.876146788991
DYKNGWVG,3221.6146788990827
GKYSQLG,2158.467889908257
YKKVFERNHSG,2261.532110091743
WYSWKKSG,4270.463302752293
NFWAVRPVAL,22411.256880733945
DQEFQEYWNVS,5746.100917431193
VEQLKDALS,1740.802752293578
QLRAFNGFYWHL,24011.183486238533
HHNHQRYWHLS,9631.70642201835
DEYNAKSYND,1747.7385321100917
EEQYHEVLG,2086.8853211009173
EWKHSQGQSFKH,2404.7798165137615
VFYANFPWNG,14183.51376146789
RVDKEKDSG,802.6880733944954
DVSLDQEPHDL,1907.834862385321
SNRSFYHVLG,8745.701834862386
DSHDYGQRPNH,2750.2798165137615
GDGLGKLSG,1613.4816513761468
PSQDLEKQEPY,1430.4816513761468
SHGQLFRG,5469.440366972477
VHEGDAS,1357.3211009174313
NSSNAQRVG,1632.1834862385322
EKRAWKQRKVAG,997.7385321100918
ASRAELQWHDV,3741.0550458715597
PWKWKGWKPWN,6733.454128440367
RFRDRVPWLS,11420.247706422018
VLQFLQFQYDA,37647.85779816514
KPVGSFEVALG,3659.8899082568805
GHRVQVLG,3586.3990825688074
EGRGPHNKDS,1094.4357798165138
VNHAQEQYNHDL,2725.6330275229357
NAAFLRKHVSG,4262.380733944954
GWSAFWDVAG,13320.830275229358
AFWPFNHVAL,23094.55504587156
VDWSPLSG,5123.954128440367
RVFLQRQWKH,8460.362385321101
LGPYLYLPYVG,30930.72018348624
APVGHPNALG,1968.4908256880733
YGRKSGYFENS,4347.862385321101
PEDFPFRPWNVA,9882.362385321101
YVKFRWSEYNHA,9238.087155963303
PSEAGQVPYNVG,2728.3899082568805
AFSLFPLSG,12410.050458715596
EGWRVAKHLG,4556.128440366972
RHPPSGPYNLG,4073.6743119266057
NSHSNSREALG,1467.467889908257
YLHVNLEKALS,5618.614678899083
FYAGLQEPLQAS,2929.3669724770643
FAPRWGQFKA,7120.715596330275
PEYGFLFKSG,16033.19266055046
GQADFNALG,2275.853211009174
WDAHQRHFKDS,3704.9495412844035
VLYKYVEWLSG,15126.573394495414
KAKVGAFWKHL,3344.137614678899
HPHEVEDLSG,1547.5
FYFLNASQRLG,6597.54128440367
DVDGALYWKG,5149.348623853211
EWEWSRQFWNKD,11572.362385321101
EHWQNDEYVG,3675.435779816514
HNLVHVG,3852.330275229358
KAFEPEDAPWG,2602.353211009174
FNQLALRKG,4679.6697247706425
DHDNFYLG,7180.5
LRRRVSG,2610.3440366972477
DNSRLQLG,2084.151376146789
QSDGDGQPKDG,1007.6467889908257
SYNSWEPYKVSG,5507.454128440367
KVGEHNLFYDA,7556.770642201835
WNNAFWVAWKHD,18585.577981651375
PENLWQYWNDV,13493.848623853211
QFFLLRWHA,19350.518348623853
KYNAFDFAG,5198.623853211009
YQRFQFEYNHA,13660.119266055046
YHAFDLYHLRKL,10787.825688073395
NHVLLRPVQWK,12415.399082568807
HDVRALSLREPH,4878.5
HHPAEKSG,1107.4174311926606
AWKYVFREYWG,18802.880733944956
VAGDGRSQPYL,6431.848623853211
GRNLKGQEPYV,2909.4174311926604
SGVSAYDALG,3157.5504587155965
RNAEEYHWVA,7377.311926605505
RPYLKQPDYNDS,3411.8577981651374
NQLSKGEPWKL,2629.1605504587155
WEVHKASG,3274.0229357798166
RQPYHREDGWVL,10008.238532110092
LGHYGKVG,3094.766055045872
WLSGWSESFNH,12508.449541284404
RYGVGNGFRYG,11062.408256880733
WRFLWDG,18778.935779816515
HEYNHFNHSRH,6037.564220183486
PSAAEDALS,1063.2293577981652
HSDDAYKG,1454.3623853211009
SFQLALG,9029.761467889908
SYGAQKG,1827.032110091743
WWDSDYNDVALS,10603.137614678899
YWQNSQRPAQYV,8056.8302752293575
SSYHPSG,2775.619266055046
DGKVAPKDNASG,740.394495412844
KYQWEAS,2230.032110091743
VAHGGFWNHV,7243.651376146789
PAYSQKKLSG,1559.926605504587
KFFKYASG,4027.348623853211
RYRLFNADS,6671.362385321101
EFVAWVLWNA,35854.45412844037
LNDLNWLG,10055.30733944954
NARLARPDALG,3406.853211009174
PGSFVLNKA,5082.51376146789
GQARQNVLS,1919.0688073394494
EEGNYVS,1840.9220183486239
WQHRYDHLS,9268.449541284404
HHGYKKSG,1548.1605504587155
RHGRAPNRWAL,8270.325688073395
YKGYKQRPQYVL,7781.825688073394
HQPLNKHYDVL,3501.6330275229357
NWHFVWNHVA,15239.550458715596
VNQKAPAS,1119.6697247706422
QFPYRQEHQYHV,8438.87614678899
RNPWNLQNPWDV,10149.967889908257
PNWLNHEPWA,10795.137614678899
SEAYLLSG,5851.160550458716
HDVHDEYSPWL,8600.08256880734
HPLWSKAL,5096.087155963302
SQDDNKHDV,934.3990825688073
PVEEASNDVA,1026.5825688073394
VLFEPAVASR,4224.399082568807
DYPWYDVG,10825.399082568807
EDEVNKEPYKA,853.1743119266055
LAGYYKVG,5254.344036697248
LRLNKRSG,2022.2935779816514
FALPGQVQHD,2814.0366972477063
WWHHHLG,9246.990825688074
GQPVNHSQRKDA,1047.802752293578
YKDGHRNHPYVA,4723.894495412844
RGVWGWVALG,15211.935779816513
PVLGEVEHSWNL,6928.926605504587
YYPSRNDVAL,5198.073394495413
RHSPWLFYEDVL,18247.123853211007
NKSQHVLFGEHG,3719.743119266055
NDGNSNYNAL,2617.3715596330276
NAWFLWDVLSG,22382.481651376147
ARVRDLDLG,2688.4036697247707
PHNKDGWHFEH,4764.059633027523
LGDQWNWVSG,6660.366972477064
KFAREANVAG,1471.9816513761468
YAAHHLG,3417.3715596330276
KDEVFSFKVG,5262.880733944954
YDELVFEPWNV,14826.747706422018
NYNSEFRSG,2747.1284403669724
KGEEVPHAL,1364.0504587155963
SGFPFYDSRHG,8591.348623853211
YNLAQPHRKVAS,2683.1330275229357
WLPQHYVASG,6665.243119266055
PDYPVQFPKH,3227.1743119266057
RPLADVGWKSG,3147.6605504587155
NFREGAFEPN,3536.4174311926604
APAKEDVSG,616.5045871559633
YYNKGFFNAL,7377.302752293578
SYDHSHSG,1891.98623853211
DLWHRVFRYA,15068.871559633028
ADRNELG,1243.6100917431193
VSLPPYG,3875.532110091743
GWWDGDA,6530.0
KGHDPHRPS,1410.4633027522937
HFLFVFEYHDV,33080.04587155963
EEFSVAL,5450.6697247706425
FSNWPKLSG,4000.7798165137615
NNDQRVLWVG,8784.98623853211
EVLPHALGKHDP,1306.8623853211009
RFASHENKH,1969.9633027522937
ALEHEDVFEYS,4345.853211009175
PKNGRGFPDS,1627.1467889908256
LGPFLFKDA,6399.738532110092
HRDSWSFYKG,6334.100917431193
APWPVAFG,8310.266055045871
LSARSFSG,3206.9174311926604
ARNGAYHS,2324.454128440367
DQVYRNDVL,3537.4311926605506
VENSWAQNAG,2011.211009174312
NSFSGDFHG,3967.7247706422017
WDPVGFWFELS,30975.045871559632
EHDYNYKREWD,3449.6651376146788
GFYEQPVAS,3645.206422018349
RKWDPDFYASG,5023.371559633028
GHAEHYALS,2967.7752293577983
NYRKVFRLS,8411.550458715596
YDYFEQYDLS,8318.724770642202
YSPHQKHGFVG,3819.178899082569
FARPNDLGNHWN,6197.587155963302
DPLWQRKALSG,2544.270642201835
GDRLQYNVALS,5166.100917431193
KPFWRPG,4745.825688073394
KGNLPLNKVL,2178.330275229358
DNEYYALG,6434.536697247707
SGGPEYSG,2089.032110091743
KDRLPREVALS,1691.3119266055046
NLQRAYWHLSQN,7540.192660550459
DAEQESREDV,944.8899082568807
WSSRKQYWHDAS,5106.701834862385
FASAEYKALWDS,5258.587155963302
VSRQFPKNKS,1224.940366972477
HKYRESG,1239.302752293578
QWFDYQRYG,11188.160550458715
GRKNDVWNKHSG,1485.197247706422
FQDKRPHVAG,1918.5
VRGRYPSG,3141.2201834862385
DGHKVDVLS,1454.8715596330276
QQWNPKAGPSG,1874.848623853211
ARPWSGLQRDL,5455.4908256880735
NSLGYGFENL,7392.743119266055
NDYESGESG,1494.1605504587155
RGDVGPGWKVLS,4310.573394495413
LSWQYAYWKSG,8166.032110091744
DFPYDEHDSPNK,1982.4128440366972
RSPQKHDPND,990.9587155963303
YNDVSLWKSRW,9843.256880733945
DADFLNVALG,5586.844036697248
LNYQEYG,4428.192660550459
VWDGHFNHDVL,10545.371559633028
WLERVSQPHV,10840.146788990825
FDKGESFPNDV,1779.4174311926606
QENYEYSGND,2683.743119266055
QNGWAKLWKAG,4276.371559633028
PYLQDQKRNHL,3861.0045871559632
HFGEEVLSG,2487.564220183486
QKGHLVLQKG,2313.9036697247707
YQQWWVLS,19645.238532110092
HFWPPHSG,7709.44495412844
PWVGNLQGRKAS,3267.422018348624
PRANKGEWKH,1553.1880733944954
YPWFDQEYWS,21504.633027522937
LNSFANAG,3080.821100917431
LYLRSHAG,4848.068807339449
SEANNDG,1329.1146788990825
QLDYGRSG,2758.4862385321103
NDFFAREPNKHD,3346.5963302752293
RYKAGSGQFLNV,5490.967889908256
VGDHFRVG,3744.0688073394494
AHGNHHSG,1958.3440366972477
DHLGDEKG,908.4082568807339
PRGFEKKG,1005.105504587156
EKASHADVLDVA,1169.8623853211009
KLAPSEDLG,1132.0642201834862
FRHEWAFAQFRA,17880.683486238533
VSHVSVSENAL,2555.876146788991
GWSFKEVG,4142.032110091744
WKLSLFRAQFNK,10953.79357798165
GLPKANALS,1918.4220183486239
DSLYRDLG,3826.4816513761466
HGGWGYSG,7401.091743119266
ASGEKQVSFRHS,2441.1284403669724
ERKPLFEWS,4400.697247706422
NQYWFEVEPHA,11016.045871559632
EPFSAENHL,2780.422018348624
RQKWYKVSG,2575.1559633027523
NRAQEVQKDAS,944.5
YWLWYNDSNAS,6883.917431192661
FGLGDRVG,3463.211009174312
EGRKNHSFKG,1226.6146788990825
RRKFWAQPNKHV,2987.7844036697247
YDPGDSGWNHA,3723.8853211009173
PDLGGQARNDVA,1751.4816513761468
LPWAQSHVG,4077.577981651376
LHSDSFSG,3029.288990825688
HAGQGEHFWDS,4929.724770642202
GKGPRPYNKVL,2592.206422018349
FAFQFHQEPNKS,3860.0229357798166
NQYAWVALEDV,9229.339449541285
RFGNHFDS,6053.417431192661
NFWPVQWHVS,20228.669724770643
WDAGKVLQVQF,26197.15137614679
KSWEFRPYKSG,3626.3715596330276
HKHEKWKG,1084.4770642201836
ELNGAGHSG,1702.5871559633028
AHVFDRVLG,7251.55504587156
DHWEDLSG,3256.123853211009
SNKEAYHSG,1279.2522935779816
GQQDDSG,979.3853211009174
HFRRQPNHDLSG,3758.3899082568805
NGQYGYYWHVG,13387.509174311926
LQKYLDVASG,2710.701834862385
HKLLVLG,11723.811926605504
WPAPAEVG,2314.1926605504586
VNKFEAQYNKAG,1739.0871559633028
DQEGGQRHSG,1423.7018348623853
RLLKARVG,3126.1926605504586
RKDYSFDQFEWD,8571.788990825688
LHAHADLSG,2567.3073394495414
GWLQSLSG,6710.481651376147
YGFRYPHLQAS,7858.022935779816
KRNFHSPYDV,4675.247706422018
KFSGHEHG,1657.045871559633
KFPGGEKHD,1068.4036697247707
FAQPHQDSNKH,1407.467889908257
EWNKHNRHNKDV,1470.2568807339449
NFQRANKHDVA,2520.7798165137615
GQEDKGFWHL,6213.798165137615
DGWLDFEPYKV,11973.646788990825
GNDYLEKG,1715.5642201834862
NNFWSSG,6606.48623853211
YSREDQHQFWH,10511.009174311926
SKQHFWAL,8031.5091743119265
YLPYKVPGFHV,10856.536697247706
WFFSYKASG,6767.3302752293575
SFHLWASFWKL,16363.885321100917
EHNGSEHVLS,1723.1926605504586
RHFFGREPNA,3814.9770642201834
PFHWVVASG,12793.784403669724
KHFSEAFSG,2990.894495412844
PVWPEKVL,4505.188073394495
EGPLRKVLWDV,5556.51376146789
DQRLVQPYWL,23524.224770642202
DVQHWVGYHD,10260.54128440367
HPGVNVG,1518.3577981651376
VYWRDAKLS,5265.651376146789
KRPKYHAFPDS,1730.967889908257
EQERDREYKA,1007.7247706422019
NKASDSEAFEK,762.2889908256881
HGKKPNLS,1089.8853211009175
ERNSWHYWNH,9029.967889908257
RVEHWDAAG,4139.6100917431195
KQELYKGPKS,1067.01376146789
VWQLGQLSG,5682.160550458716
WQHWYVLG,23551.69266055046
SHDGGNDVLS,2050.678899082569
SPLNGYAG,2857.0366972477063
HHVGYYWNKDLS,7203.142201834862
PRPVFDLGDL,5978.821100917431
AEFKSNG,2029.211009174312
HYVRGPVAG,3621.4587155963304
LSHHHDG,2405.376146788991
AREDPDVLQRA,1723.7706422018348
KLHEYSKSG,1385.7339449541284
WFPSPWNAREPH,8745.862385321101
YVGGWGENDVA,3499.5366972477063
QGFRYANSYWAG,14004.321100917432
DEQVNDL,1465.5963302752293
DKDAVSNHDS,833.7110091743119
WEEKPVG,2478.077981651376
EAEWRPSEYDL,5890.655963302752
HHLLDALG,4513.51376146789
PYKGEQYANKH,2406.0229357798166
PHNKGRKEYNHG,1449.165137614679
DDWEKSG,1485.559633027523
YHVPLQRELPWD,9865.348623853211
KDFKYWAGALS,3843.954128440367
PYLFFRKENHAS,10611.770642201835
HVWAWKWVASG,10670.87614678899
SFVRESHVAS,2932.02752293578
PFHPDENHDVAS,2464.4816513761466
PNWFFRHAG,13663.009174311926
NKFAQEARWNLS,4281.8899082568805
GVYLQEYNHD,8850.454128440368
NDYELREPYHV,6610.261467889908
NLNWRYNKHDL,7356.94495412844
YNKRVRHGYL,6543.573394495413
LQGPPYSG,4079.4266055045873
SFSNREDALSG,2311.02752293578
QYNRPVPNRNKV,2344.3073394495414
VADPFYVSG,7473.183486238532
LQNALYSYWAG,15239.711009174312
LEVVHLG,10987.504587155963
KVLPVEWYWKA,8178.463302752293
DWHDAQLGPL,6231.564220183486
AGDSVARYG,2449.4174311926604
KLRVLDRENKD,1742.5779816513761
WVQKPKFWNKH,4515.619266055046
GQPPAQPWHA,3292.3440366972477
RQQKVNVLSG,1715.1100917431193
QKENDKAPWNHL,2136.701834862385
ESHKGHAS,993.3440366972477
FADREVGYDAG,3094.559633027523
KNSERWVA,2249.683486238532
AGVYFWHDAG,12388.628440366972
KPYPVAFREWHL,10972.238532110092
NSNWNVREWNLS,7248.637614678899
SVSEEYWDALG,4595.784403669725
SPRVFPG,3322.532110091743
KYWPDHSG,3119.637614678899
SPNFLYHDVA,6744.894495412844
EGFAHGEWHDG,4241.477064220184
LYGNQELG,2728.880733944954
SNRKAFEKHAG,1549.5091743119267
VYWFLPYWLG,16733.954128440368
ESPRYLWLG,11253.678899082568
GYDVKGWKH,3136.848623853211
PYKQKRPYVNHV,4460.995412844037
PAVLQQHLSG,2980.967889908257
KNGLALG,1928.9816513761468
EPYKQHNHREPA,1540.6926605504586
QRWYDGEDQFHV,10070.08256880734
KNHFNPYWDA,9484.591743119267
WDDQQYDLS,6255.697247706422
FPWVKASRDLK,5272.954128440367
PHQGYWLQHALS,10001.766055045871
SQNDGSGFRYHG,5253.866972477064
SRYSKSQEV,1790.2155963302753
LRPLALQHVG,4276.435779816514
QLKGVLGYNLS,5887.51376146789
WEVKHHVLS,6493.05504587156
DFSNWVALG,7747.362385321101
VWVEAREWVLG,12505.967889908257
EQWGELGRYWA,12997.871559633028
PYFDALWKREYW,19367.97247706422
QRDLDSGAGPH,2133.922018348624
YPGNSQPAS,1410.2752293577983
HVWQWHQAS,6986.646788990825
VRQDNVLSG,1920.454128440367
FPKLSYKKDKV,1571.4311926605506
WDKYLGALS,5520.279816513761
RDSPDWVAGPLG,3974.7844036697247
VGVWFRVLG,25082.174311926607
VHDVRESPV,1537.380733944954
DPQPAENVLS,1177.6100917431193
DSDQDPDALS,1068.7752293577983
NPWLDNKDVLS,4216.133027522936
VDVFSKDS,1840.454128440367
NLNRGPKHAL,3610.793577981651
QSFRVEKVFY,29454.05504587156
YYYSVLSG,5771.522935779816
LGWLEYDNHDVA,8008.380733944954
VGNQKASGVAL,1582.394495412844
LFSFNKRKV,3505.229357798165
SYKNDHVG,1627.3211009174313
EKRLVSFEYNHG,5987.412844036698
DLSDSYWPDVS,4436.922018348624
EYKRKAPHSKS,971.7614678899082
PDGSDSGPS,1108.5366972477063
QVQQNAGWNKAG,1677.073394495413
SKPWEPSG,2052.2752293577983
RKKKDYNHDLG,893.0550458715596
FERRWNENDAG,2903.880733944954
PSRAFQPSG,3073.0229357798166
FSSDLQHAG,2111.1330275229357
DVYPEYWNHD,7624.931192660551
DLRLFPYSWDS,18473.683486238533
LRLWPYAS,13382.821100917432
NDEFFRWDVAL,14999.830275229358
PKPQVLQFPKHS,2120.4174311926604
HSKKDGWKHDAL,1727.211009174312
DANWQHAG,2858.9311926605506
RWSQVARAFWK,9876.54128440367
DDAQDLEALS,1275.6605504587155
KRPKDEKGFEK,708.545871559633
WNKSPNSFPYLE,5731.270642201835
FELFRLPGEPYD,13467.62385321101
KAGFQNHQPYDS,3066.9266055045873
RVKKNLG,983.848623853211
HPKVHSPHVL,2325.8394495412845
QPVVREENHDS,1282.6009174311926
WFYVGFRGKDVS,9330.51376146789
QKQNEKYNKSG,937.9954128440367
LWEALNHVLG,8222.105504587156
WPHSPGWHVG,8226.224770642202
NFAKALGPAG,2452.6100917431195
YWAFPWYAFEA,27649.51376146789
YAWLRVQVS,22836.243119266055
YRRGNDG,2999.0412844036696
RSAADVLSG,1391.2981651376147
WDLYNDQDSHG,4233.752293577982
FVGSWKRPYK,4916.201834862385
NQLYREHLSG,3955.0733944954127
KEWVWGRYKHA,5515.701834862385
QNWSLWVASG,10677.08256880734
SRNDVNSPDVAG,1133.5
RSRPQWGEHG,2436.261467889908
HVFDYKVFRKAS,6201.366972477064
SWSQYRDSG,3976.770642201835
WYADGRASG,4266.821100917431
AWSRGNSG,2843.5504587155965
FYKAHDKFEYNA,2497.0412844036696
RDGDNHLGPWG,5451.564220183486
KVDLPGPWAL,4959.027522935779
DFHSKVEPHDVG,1390.2018348623853
WNNSHGPKH,2426.0
NKHNWLGEYWNV,8048.591743119266
HGKLSAGWHDAL,4031.376146788991
WGHFDVFYKDS,12716.885321100917
PFHHQEAS,1508.3394495412845
PQQAYWVALSG,6418.440366972477
EYGSWDSYAL,8769.29357798165
AEHGHQNKDVL,1182.5642201834862
VPLSGNQHLS,1499.8899082568807
PFKRVQEPHAL,3211.3853211009173
LWKAKQKLS,1503.2981651376147
EKYGPDGRPH,1952.7018348623853
HNHYRHVLG,4847.178899082569
YQGDFDSG,2301.830275229358
SWSHKVALS,4232.871559633028
QYRYPWKFNG,6840.431192660551
DHVYHHVASG,2865.729357798165
KVGDLHLKVSG,1835.5183486238532
YVASPVGGQWKA,2570.8899082568805
RGWFQFYWNV,23322.76605504587
GQEFFYHDVL,16669.802752293577
FVYGHVASPKD,3128.9036697247707
FPLDPNQPVG,3056.9495412844035
VSFKYNKVPVL,4682.59633027523
ENNVHVDVLG,2741.7477064220184
FRWFFWKLEV,19950.866972477063
WGQDFEWLFYWD,30194.04128440367
VPPGALSG,1501.7155963302753
WLNLHLRWNKHD,8808.426605504586
RYKDEYNPSRNK,1763.2155963302753
LYDKPWVS,4909.357798165138
PYYAASYNHDAS,6907.738532110092
WKLELNDSQNKS,2001.9495412844037
NGGFDQRG,2531.9449541284403
DNEKNDVALSG,962.9724770642201
WNQHLFPGPKVA,6168.922018348624
FHANYHQPYHD,7958.628440366972
DLHLRKEYHVAG,2915.3669724770643
WYFYKPVLSG,7526.6100917431195
SYEPPVG,1916.3211009174313
ADGWGKLSG,2750.830275229358
SDRALWSG,4965.729357798165
LKDEGWVLSG,3284.935779816514
VWLKGEPYKHD,3852.206422018349
PRQSDLSG,1648.1743119266055
SKQNDNLS,949.5183486238532
QVPAFESQFNKA,2048.178899082569
FRVFAQPYGYW,24870.95871559633
QKKPKDFPHLS,1275.9816513761468
WLDPKSRPNS,2910.302752293578
PKKQVFKLG,1322.6788990825687
GPVGYYHSG,5246.821100917431
KGGWPWG,7493.894495412844
FGWRALRKHDA,5129.839449541284
QRQSFPRYHVL,10157.284403669724
FHGHPVQEYDV,4902.660550458716
KRHHSWLG,4268.922018348624
PQDDPKAG,942.0642201834862
PYRNAYKAQFPW,14439.091743119267
PFSYEPAG,5067.371559633028
WSSPFPSG,6841.018348623853
NYVWQPDVSG,4586.1100917431195
QQLNVAQNDVL,1946.8211009174313
YWGLSEPEPVA,3119.091743119266
DWFVSDAG,8678.362385321101
PYAPDVAEWWKL,8350.683486238531
LGQYRVLWDVS,19258.128440366974
HYDKKDS,1033.545871559633
ELDVQRHGFYKL,8732.288990825688
VSFAVSFPYH,37912.50917431193
RSVPGYKASG,2227.0137614678897
HHSLSKG,1580.9036697247707
EKYKSFAQRDLS,1954.454128440367
PKQHNSPNG,1276.7018348623853
NGQHDSYLQS,2792.454128440367
WVVKNHG,3976.412844036697
SKHNKNKDL,841.3990825688073
KYEYAFAL,11608.48623853211
HYDNLEWKHVL,8008.821100917431
VVYADASG,3350.6284403669724
EHKFLRKHVS,2139.743119266055
KWFADVSG,4110.995412844037
KPPVRPLSG,1500.9036697247707
DANGDGRPNDS,1241.0045871559632
WHNDYKSQDS,2283.123853211009
RFKRVGYKHS,2519.2247706422017
EKDFWAFVKDA,4893.793577981652
NEFDSHG,2914.1009174311926
WGEAEREYS,3930.793577981651
LKRDRHG,1736.2660550458716
LYSSFWLG,11605.848623853211
NLVYHGPYWNKL,15694.20642201835
HWGWYWG,21698.802752293577
KDWQKHYKAS,1847.9770642201836
PKHQLSRKVYND,2244.1100917431195
KALNDSNQWHV,3364.8394495412845
SNDKPDSG,804.2935779816514
KEGYRHSG,1863.9357798165138
HLKSYSQREKSG,1513.7844036697247
KKNQRNKDAG,656.0688073394496
VGGWHKLG,4418.0091743119265
HSKNSQREHDA,1026.366972477064
VHSVNVG,2008.802752293578
LSFHVSSFENG,9743.477064220184
EFESFELWD,20941.642201834864
HVYEARPYWHV,18873.160550458717
YRQYLQNHVS,5497.811926605505
NYFDELSG,5271.366972477064
NDDFQFKLSG,5239.339449541284
PYGVKQPYSG,4625.142201834862
HWVNYVLS,19276.032110091743
KQGEKAPHVL,1230.7614678899083
KLKYKFPYNA,2651.0229357798166
SGDWNDARNLG,3294.298165137615
RPSYDGNGYVAS,5492.55504587156
SYRYHFEG,8259.98623853211
VKADFHG,1661.7798165137615
HDNSFNHFEPKD,2975.266055045872
WRYPEWKHDAG,5706.9908256880735
KQWDAAYWVS,9781.362385321101
RYLYNLEPEDL,6597.243119266055
PQLVQHVLSG,4059.077981651376
GWDKVNDAL,2650.8990825688074
FRKGWRHLWKS,5500.940366972477
VLHVRKEPSG,1934.5412844036698
PGDDDAG,1337.5871559633028
HRNVYNFPDVL,11805.091743119267
ESFAFKHLNASG,3741.711009174312
DPEVGDLG,1072.8440366972477
QQQNAFWG,5989.229357798165
WPNLWGRDLS,12905.69266055046
NGGEVPSG,1300.1467889908256
ERLRDQFLSG,3918.908256880734
DFNWAFWHVS,19243.646788990827
WSELHFYKVSG,11842.963302752294
EHPAHQFYDAS,3209.1146788990827
RNRYNSPNHLGY,8548.93119266055
NFNGESQLSG,1827.6788990825687
NYHVPHEPAS,2132.2752293577983
FALWDLWGKHD,10641.98623853211
FEPHLRPHEYHA,4652.0
YGNHLLRPYNH,10320.545871559632
VYARGAG,3732.532110091743
QDYWKVQWNVRW,17645.48623853211
FNGSQHAQKDAS,1586.334862385321
DNSYYHVLSG,5830.95871559633
HHDEGRNAS,1482.1376146788991
QEEHVAEVGDS,1054.5825688073394
RRSVLFLSG,19422.880733944956
LRFQKLSG,4679.284403669725
LPLADSG,1671.7522935779816
LWSVSRDALG,7514.238532110092
FLQQVWNDAG,4969.357798165138
RHSSGSQVS,1637.6238532110092
REEQALFPWNDV,4722.472477064221
FLYRARDVAS,4162.371559633028
PVQENAPYHYKG,4201.871559633028
GNDLLPYWHVG,12246.362385321101
ELYWEKHWNKVS,4945.224770642202
PDDPLFDALG,4171.137614678899
NLFYGKGQEWKH,5117.192660550459
NHHVNVFYWNS,20575.009174311926
EYDLKEVLSKDG,1698.4908256880733
FVDVALHNHDS,4673.825688073394
ALLNGFAG,6131.238532110092
NKSKNDENS,710.4357798165138
PRGEDFYNHG,3315.105504587156
LVEANSG,1606.6146788990825
YQVNFPALSG,6156.646788990825
HDFGWKDQAG,2590.545871559633
ANQKRKSG,881.3440366972477
YAKWYHVLG,9468.633027522936
HVARFRLWSG,14840.848623853211
LASEKPASG,983.4220183486239
SPYRGQPYWDA,11275.495412844037
AYKFNSYHASG,4263.357798165138
VENRNHSQNG,1756.9816513761468
FNGPGEDVFKH,2176.2844036697247
HDKKKDLG,681.454128440367
FLKQSGEVASG,1310.1376146788991
PNGVREDQELG,1275.6100917431193
YRELEDLEG,2953.5550458715597
PPAVLVLSG,17096.949541284404
KKSALDG,953.4816513761468
QYFHVFSYWKD,11208.302752293577
LFDFWREKVA,5525.683486238532
KREPLRVLWNHV,7467.545871559633
YQQHYKSG,2600.1422018348626
QSVNYWAG,5554.192660550459
RFGKHELG,2524.3990825688074
YVYEQPNHG,4396.0091743119265
PNKPGNKYDVA,1317.6467889908256
YVSQYFPWHLSE,16702.41743119266
DAWFFWNKHDV,11939.077981651377
QAQHRDWNS,2876.0045871559632
VKHKHYKG,1052.7155963302753
GRNWPHALS,6853.288990825688
KRQYQRG,1685.6605504587155
NSRFNANKVL,3856.908256880734
NHNPVSYWNH,8389.866972477064
SPLRKELS,1229.8119266055046
ASDGYLREWHV,8339.018348623853
RLEPKFWVSRA,9522.58256880734
RFKSAREKS,1212.2981651376147
VVSFWQDL,16301.105504587156
ELVNYHASG,3351.201834862385
ESQRAKVEWHS,1827.2844036697247
QDSEFKDSRPWK,2377.467889908257
LKGFWRVG,8947.399082568807
WYRLYHDS,9861.894495412844
WAEGPAGYHDV,7880.747706422018
QWERGFREWVSG,11461.449541284404
PLQADVALHSG,2652.0366972477063
FELHEYRWKHS,5545.151376146789
WKHYVGRREDAS,2857.5137614678897
NNESYASG,1991.197247706422
KLNYNPWNDG,4917.022935779816
ADSYYKVAG,3140.9266055045873
QWGWGWAQKHG,9381.775229357798
LWSFSWAS,14728.215596330276
AWRPPSG,3634.701834862385
QNAFHQPHASRH,4508.766055045871
AYPWPKAL,7321.51376146789
YGPEYRYHDVA,6050.821100917431
YYRHPNKH,3219.97247706422
ARQYSFKHDVAL,5957.0
HRNLQYKLNHSG,3639.816513761468
VYSSVLSG,4216.426605504587
VAPYNVNLFWD,25987.55504587156
GYSQSRPSG,2731.4495412844035
ENALQAEKAFN,1226.0504587155963
DHAQVRKLS,1800.2798165137615
WLNNNDG,3869.3715596330276
HVYNVKAFPNVS,5622.114678899083
RVHVVSFRKV,12711.12385321101
LKDGNQPNHDAL,2065.1422018348626
EPSPAFRGRPYH,4986.408256880734
GKPVHDSG,1134.8211009174313
YVKLGHSGEPV,2243.243119266055
YGHKYHSG,2859.211009174312
DGVDHDVALS,2332.1422018348626
QRSVYVRSG,7847.362385321101
KRFEWVASGNHD,3294.266055045872
QQNLAGEPHA,1519.0091743119267
NHEEAYKVS,1515.6284403669724
ENYGENWALG,4305.972477064221
HWPYVNALG,11981.743119266055
LYLLDVSG,16597.19266055046
FRHQSRWASEYA,7453.178899082569
ELNKFKAENS,1132.4128440366972
HPARFWNKHDA,3000.678899082569
PLSGQSHVAEP,1411.0688073394494
HGNWQYKVS,5223.380733944954
QNELVGRENKHG,1630.7798165137615
AHASFQNSG,2203.238532110092
FGKLGKQYNVG,3005.4036697247707
RGHEWDVPYVLG,12075.490825688074
LNQVPNHAS,2242.9495412844035
YLRFRWHHDLG,12446.839449541285
PDERRYNKHL,2760.7477064220184
LWEVYNHLS,12117.022935779816
FKSWLWKFHLG,11190.38990825688
PSFARNRYWKH,7347.091743119266
WVHQPRYWN,15041.504587155963
DWAYARLG,10498.784403669724
YNNGENQEDV,1406.4587155963302
WPWYVPNDA,12107.848623853211
YDFGNHVQEPL,3693.5688073394494
RYWAWHRRPDL,11452.56880733945
YGVSFDHAG,5319.270642201835
WWLGLQWS,19857.435779816515
FSQFRRAFEWNS,10902.56880733945
KLYNFWDRWAS,11362.912844036697
NGLYKKHL,3289.577981651376
YELHYNDLG,5490.279816513761
HDYNAGFEWHDR,8793.045871559632
AKKDEVS,564.2752293577981
QPKNASQYKGRP,1579.6926605504586
FSVRHSQVSG,2695.0183486238534
GYSPYAYG,8834.133027522936
EEQDKLSG,791.7247706422019
HERSGNG,1649.1422018348624
AHLLALSG,5338.151376146789
YEYNVESFDVLG,11183.701834862386
QLNAKVSEWNHS,2234.545871559633
WADWFWDS,20229.270642201835
LRPYVSWDGNV,9638.211009174312
VLVKPNVA,2979.706422018349
WKLYYSGNHV,9349.091743119267
FEPQALRWDYWL,26454.75229357798
FHKDPYKVGYKH,3270.0733944954127
ENRFWVSLS,15990.298165137614
RNDEQHLQPKLS,1842.967889908257
FKVWDEPSRHA,3601.0550458715597
VLWFDLSWLSG,21903.922018348625
AQKQAGKAL,904.4954128440367
DHGYDNLSG,2269.7798165137615
YELPFNSG,5155.495412844037
NDWDWKLNVLS,8054.45871559633
VRNASHGRLG,3320.440366972477
NVSFFPNQYNK,6177.302752293578
FPDVNVPWAWL,26243.610091743118
QQARNGYHVA,3007.8073394495414
QNELEVSELS,1654.3623853211009
YFYPRNHG,3762.3394495412845
HKASHKSG,791.6100917431193
WEAGGRVG,3882.646788990826
KEHNWHAG,2169.6422018348626
LDFHYLSG,4581.123853211009
GWEKVELG,1751.7752293577983
DLKEYKLNG,1028.380733944954
NKKKFRDSG,671.7844036697247
PRGDVEALG,1025.3577981651376
YQKEFDLG,1709.1284403669724
SVHDQFREKHA,1321.4311926605506
DYKFKGWKVA,2639.1651376146788
DHPWRALSG,5291.307339449541
SNRPQRWVS,5226.775229357798
WWSDFYVSG,18218.798165137614
KDSRNFQEKDA,1071.0550458715597
LSEFHAFRYHA,8246.077981651377
HQYKVAVLEPS,6113.894495412844
SGYQLRWNHAS,5275.678899082569
EKNPFNHVLS,2580.559633027523
SWKQHVQNHDVL,2999.848623853211
PEYWRNKLFYKA,8777.408256880733
EYPPALFYHVG,12189.490825688074
VQPAESGEWD,1594.2293577981652
FYPRYDQYHAG,7444.09633027523
SEGWKQLG,2668.0688073394494
FEYSQFEQYWSG,19370.9128440367
PNRGPALYVAG,7341.366972477064
SVQVFREYHDG,6905.628440366972
YWDKVSHQWNK,3466.798165137615
PNWLLSGYNDSG,7088.454128440367
FGAERHAG,2115.435779816514
WQVPHSFHAL,13804.032110091743
LLGWLDASG,7604.720183486239
GRFAWDG,8165.298165137615
KVHDPDVLKHVS,1388.3302752293578
VDGFSEHS,2816.683486238532
RVGVYKSFHDVS,6960.683486238532
YSYLFRNKVFHA,7720.454128440367
VSKRDFYWNVA,5166.793577981652
EKELEPVRPNG,1122.908256880734
SAVQFVLSG,24142.701834862386
NWGRRDSG,3690.1651376146788
NGFRDAYASPHS,4623.678899082569
WSFQHSYKHVL,10059.839449541285
ESPWAFHGYHS,9295.02752293578
FSNAGRRELG,2993.5091743119265
PLAFGYSG,14226.802752293577
AYDKVYHDVG,3076.6651376146788
SYGGNASG,1711.7293577981652
YNHGLQRNSYH,6200.779816513761
HKQHVYDLSG,2551.6422018348626
KWSPHHVLG,5029.729357798165
QLGSELGRYWKD,4861.01376146789
WRNHAELRPNDA,3033.412844036697
QFSHQFPRVLG,10746.036697247706
HDRKRAQEHDG,1191.48623853211
AHALEPQKALS,1333.2477064220184
QDAVWSQYL,9686.940366972478
WLSHGRENAQWG,7311.256880733945
QSSAVAG,1208.0045871559632
YGSGWAQFYHL,18477.642201834864
QPLLQWSWNH,16620.330275229357
SEQDHDALG,1660.5366972477063
DNAEVRKG,828.4678899082569
RSHHNLSG,2285.169724770642
KGGHGYVSG,2483.798165137615
RNFLLQENDLS,5274.5
FSPRYSFPND,7558.885321100917
RADADKDAL,1032.0825688073394
NDVKLHDGFS,3223.298165137615
VAPRYQRYWDG,10000.701834862386
PLRAHALNG,4157.463302752293
FPAADVAEVLS,3135.0504587155965
QGSDYNHVAL,2802.8853211009173
FSNEVFWNDLSG,8650.29357798165
WPRYARG,8665.912844036697
KDQLHAWHLG,4665.761467889908
GPEYWQSG,3470.4266055045873
LYQKYNVALS,5433.9908256880735
FEGNHLRKHSA,2556.4311926605506
WPDVVQRENS,2651.288990825688
NWHRGEWVS,9178.325688073395
NSRRPFRYAL,11809.247706422018
NGKFWNHENVG,2843.380733944954
EFHVSDFYASG,9273.70642201835
RGQYPNVQDVG,2423.032110091743
ENFNSFVWAL,22718.050458715596
QPLKQWDQFRND,5894.123853211009
YEQYVRLSG,9724.52752293578
LRYPSPYKDA,4965.454128440367
NFRNWKSENASG,2320.0504587155965
YNAWSREDFPNK,3494.2522935779816
WWQSEKSG,2905.6559633027523
RSGHWSGNLS,4774.036697247707
WGWESGYVS,16088.788990825688
EKQGQYHLFRES,2502.821100917431
DQALHDPYLS,4295.293577981652
APYDYGPKHAL,3927.5504587155965
FNHGLSRYKLYA,11009.733944954129
NYGYSKL,4694.325688073394
PPRLDVSG,1615.3440366972477
VLPRAFPVLSG,7136.385321100917
FWEQNVSQDVG,3778.7798165137615
SNSPPDVALS,1673.4954128440368
FEPKPYYKEYH,3884.880733944954
YQWYWLEPYDA,22052.683486238533
QLHFWHVANLS,13343.100917431193
QASANAENDS,906.2155963302753
GDPNKFSG,1360.1146788990825
LPYGWSFRPS,13285.279816513761
DPFSWKSG,2715.0366972477063
WNKGLSNEALG,2102.733944954128
PFVQAWNS,7978.8302752293575
GELEANDG,1461.2981651376147
DVNHKSQFWKA,3199.353211009174
GGHDRALSG,1895.3990825688074
HGAWYNHDVL,9799.880733944954
DVDLDEDASG,1412.2706422018348
YWPRRYNKDG,4808.5
YVKEPAYKDG,1923.2155963302753
PQRVVSYWNK,5151.068807339449
SKFHHVG,2627.47247706422
GNFYYHSG,9605.133027522936
KGFHYKGVLS,3824.1330275229357
VGHVEVQRPNS,1946.98623853211
GRNPALQWNKDV,2939.362385321101
WQWHPKLWS,16722.876146788993
RFWAKVQEWKA,4648.307339449541
RFEWQEPVWHAG,12100.01376146789
RVGDQYSGQEAG,1678.6697247706422
GPYDHYNVALS,6186.798165137615
WHHQPPWKHVA,6740.022935779816
QVHPNHWHDL,7285.077981651376
KHDQWALPGPNL,4585.5091743119265
HSKLHQENLS,1469.6100917431193
RAFVLKLKHVLG,17414.27981651376
LVFHANG,5478.752293577982
FKRWVQSQHG,3906.587155963303
KRRARPSG,1048.697247706422
GRYVQVRKAL,6020.146788990825
RLSLLGWKAG,6254.8899082568805
RNRHQRHWNAL,7309.816513761468
VWSYWVKL,19284.229357798165
NLVLGWFEWNAS,25583.95871559633
VSSRSDVG,2171.4311926605506
QLFWSWQFEWA,34446.15137614679
FSGGWGQRWVA,13630.779816513761
ERDWQFEPWVG,10105.435779816513
AVAGAKDG,1137.151376146789
LRGYSHAG,3953.2155963302753
HAWHKVRPHG,4059.8577981651374
DQSFDGAS,1807.9128440366972
PNPPPYVAG,2279.440366972477
VRGYLFEWNKD,8059.316513761468
FPDQYHRHQEW,9866.09633027523
DKVGKQEYWKDA,1252.848623853211
VWKDGLRPAG,3439.229357798165
PKQSVSGRHVS,1481.091743119266
HPLSWSPG,5324.614678899083
EEESVAS,967.5642201834862
QFPSWDLKFNAS,10334.426605504586
QAQHFNVLQVG,5677.243119266055
HVSNAQVGEPDG,1555.8853211009175
WEFNRDASG,5340.178899082569
HANYLSYNKVL,7004.857798165138
GLQRWSAG,6300.073394495413
GQLSFANLG,7402.899082568807
KWPSKHSG,1764.2798165137615
PGYEGRYWKL,8497.481651376147
KVREPKQFHAN,1655.2660550458716
DRREAWLSG,3491.853211009174
SFFKYWG,8746.711009174312
RQHYWVQRYD,12253.93119266055
FNRQFNWHLSG,12090.339449541285
KAVEVSYVAG,3291.0091743119265
KYDSWLSPNDV,3566.821100917431
LQKLFKGQEYVS,3569.5550458715597
EGLPWDEYHDS,4734.174311926606
EYPGQPNGEPKL,1542.711009174312
EDGWWKDSPNLS,3499.5825688073396
WDVEKQNSAG,1683.3165137614678
RKDQVLRWFPDS,7534.825688073394
FAPVPWDFEDL,7814.655963302752
LEVLRSEDG,4635.94495412844
KLNVRHSQEPH,2083.3440366972477
GHFANASG,2913.967889908257
EGYEDFEPWKV,3758.9174311926604
RAFLYVAVAG,28909.45871559633
FDEHEVRPYNDV,5032.633027522936
WYGENPSG,4319.298165137615
QANDYKEYLG,1982.9770642201836
QVQGREYLRNL,5780.633027522936
AAGYHFRYG,9150.38990825688
QHFWSFPWEAG,18866.880733944956
SEWKYFEYSG,9422.775229357798
RHVYAFVGQWHD,24050.5871559633
FKLRGEALEHS,2095.362385321101
QRGDQNVLWNH,4933.472477064221
VWEQPHVASG,3721.5137614678897
KKVVNVLG,1501.1743119266055
PRPQGYWG,6138.655963302752
NAFLSQWSQYD,14788.188073394496
AKLDLHSG,1551.5825688073394
LHSKDHDLSG,1612.3715596330276
WAWYQFWSG,23965.876146788993
QELWWNDGQHDV,5773.674311926606
HWENHYASG,5214.454128440367
YPNAFNNDLS,3983.954128440367
ALWHKGFEG,4276.311926605505
KWVPGKDAG,1544.5779816513761
WSGVQWGRHAG,7571.866972477064
DQDPDSNKHLG,1064.545871559633
YNLEGPLQDAS,2605.2155963302753
HELLDASG,2451.4036697247707
NQKQGALG,1248.8073394495414
SHAYDEDSG,2021.165137614679
VNLRPGRPAL,5790.380733944954
FPDFLFFNHDV,30602.82110091743
FWWFLRKHDS,7452.6697247706425
HRWYPWLG,21690.284403669724
ELRPPNDRWLG,4714.825688073394
QFHAKLFEKNDG,2521.591743119266
NHKAQWVADL,4289.701834862385
QHQYYAPWDVG,11301.151376146789
KLGWPASGQVG,2910.9954128440368
KWLYPVSG,7245.307339449541
RLQQSEWHDVS,3464.6330275229357
QLFHHAFPYW,23765.56880733945
SPSPPVG,1331.908256880734
GRAPDWKLS,3194.0963302752293
YWWKNVSQFNH,8573.93119266055
WWQYLYHSG,12430.674311926605
NHLGHEDQPG,1971.5688073394494
QSEHYWDPYK,7014.45871559633
DYGPDSVSG,1904.0275229357799
GFWHYSRPWNKG,9256.47247706422
PQAQWHHDL,5116.6697247706425
PSWEPLQFNHDG,6813.174311926606
SVFKAKSG,2063.4633027522937
GAGAYLSG,3191.0137614678897
HEDVRDYNSG,2501.293577981651
RVGDDVLPYKL,5683.412844036698
WYVFPLEPNL,26748.41743119266
QVVSFKNLSG,5466.770642201835
YSNADVPYNHDG,3502.3348623853212
SDREEYLS,1894.165137614679
RQLNNHDVALG,2877.4587155963304
RQPLDGKVAS,1266.6009174311926
YDHVRDENG,2151.2522935779816
RKHLWVYHFRH,12246.284403669724
HAASSKHLSG,1477.7064220183486
PHEAYFPHSG,5583.165137614679
HLPWVQSFEPWH,18103.97247706422
SQQFSPASG,1927.4587155963302
FAFQVQPYSG,10741.02752293578
SGVQARVG,2051.683486238532
WVLWQPYDQEWD,21828.871559633026
FQEYDQASPYS,5799.6697247706425
WSFWFNQFNDLS,21633.866972477063
EFFLVSG,37732.20183486238
EHWVLFNANVA,15715.261467889908
QDVDLQNHEKS,1019.6146788990826
EVAEPEKVGWDG,1563.1146788990825
SQHNHVEPH,2080.738532110092
NRLYGRVLSG,7210.151376146789
GFPGAGKHD,1720.1376146788991
EEHLVGEPYWD,8522.97247706422
QKWLNHAEPW,7269.926605504587
VEDHAYDG,2676.1880733944954
FDRFQRPYKV,6732.701834862385
RGVGSGYKD,2180.5183486238534
QGKRVWNDVAG,2042.6376146788991
SFAEDAQENHDA,1564.3577981651376
HPYVFQRSG,7720.779816513761
DEWAGSQFDVG,4846.825688073394
DLERGYWKHV,4887.215596330275
QRPYHAWHRDQH,5669.463302752293
PFRNNAQENHA,2102.940366972477
EPQYNGAQYVG,2834.376146788991
VLDSNAWKHDA,2419.169724770642
LFDFGEDLS,3848.9266055045873
QNWHQPAFEYWA,19090.018348623853
FSFHGPVRYWKD,11526.233944954129
NYKRYFENKDA,2486.169724770642
FLGSFNYHALG,8380.188073394496
ADRNGKLSG,1274.151376146789
WRYSHSQHG,4828.651376146789
FHKYNFWNKV,5077.646788990825
YQLVLWVALS,37447.93119266055
WDWAWSNAG,9341.045871559632
YRRGALG,3475.435779816514
WAFQLQYKDVA,10290.61009174312
WDFWDVNARPNL,12666.949541284404
NFPDEGQPWNG,3263.0091743119265
EFENKEAEDA,761.3807339449542
FHSDPVGEWVA,4016.0825688073396
LDSLKVLG,2733.6422018348626
QLGWVGNGQYK,5155.293577981652
HQYRNASEYWG,7513.573394495413
VYHSKSNKHVA,1772.380733944954
HGFWFQYWG,21627.01376146789
ERENSEYNGNKV,1231.2844036697247
NLPNVWLRPNVA,6301.637614678899
VRLNDQNAL,2260.4449541284403
RVPDLFFRPNS,5264.018348623853
RAVPQHDG,1449.6743119266055
SYVFGEHG,4251.807339449541
KVAAHVAYNS,1973.4587155963302
GKYVNALSG,1912.6559633027523
GRSRDWHDA,2947.348623853211
LNFRQDSG,1912.059633027523
PWHRSYWHQEKD,4361.284403669725
SKSHHVLS,1560.0688073394494
RSGFPQDSGKHS,1096.8440366972477
FPHGRPANALEY,3432.5550458715597
YVPADLEDG,1425.1376146788991
AFRPSPWWHVAL,16697.41743119266
ASLHVWG,5577.362385321101
RWNEEPVQFEWD,11388.93119266055
PVWFHGEKHVAL,7895.940366972477
RKNHYKAGWNL,3142.087155963303
DDWVDLG,3755.935779816514
NVGAFLGRWND,10076.80733944954
NFAGAKSG,2071.1651376146788
RLALGRLYAL,15440.444954128441
FNARLRLELG,13764.298165137614
QYYFYNQLSG,5227.8302752293575
LQDSYQPVS,2240.802752293578
ALNPENAG,1246.2293577981652
NYLLYWLSG,12829.275229357798
RHRLRPVARNVA,3044.8577981651374
RVYENYNDVS,3833.683486238532
RKQWYQRKLSG,2480.9908256880735
WHKQKSYKHAS,1474.5779816513761
DVYQKSRPYAS,3088.4449541284403
GEDWEYKVALS,6427.935779816514
FHRALDGQRALG,5197.279816513761
FWVQQPKQHAS,2578.0229357798166
QAFHLSFEASHD,11280.284403669724
DQVPLRKHDG,1516.5366972477063
PYLKLHALQDV,7150.233944954129
NKSRLPHVPYHA,4468.307339449541
WYFDLHAL,13932.100917431193
PVRYDNHPKDL,2941.1743119266057
YYPNAESG,2101.321100917431
PVAGKQHQEVAG,1083.633027522936
RVDFFYASG,19611.23394495413
YSQLQDRYHDV,4800.8302752293575
PYHYDVDAGKS,2640.330275229358
FKDGRDAQPDQH,1752.366972477064
RHLSFFANLS,13578.715596330276
DRWAFLFEYNL,40042.0
KQRPGFFRYVL,14108.743119266055
VSQVNLSPAL,3328.940366972477
PVPNFYKSGRHA,4013.770642201835
KAFSGFNGEKL,2239.1009174311926
YLVFSRYLG,20262.0871559633
REGPKGKRPWL,3021.1100917431195
PQHRWSENK,2051.683486238532
QQFGVFRWKVLG,15130.853211009175
EAWPYDKVSG,3206.683486238532
RDLNRARHAS,2935.3348623853212
WANQLRYNKD,5072.527522935779
SDPWVFASG,10336.761467889908
PDERQWHVLS,5152.600917431193
APWYARNG,5723.816513761468
WAPWKGYGQFRN,10879.06880733945
AWPYVQLS,13559.90366972477
LQGGKDLG,1334.3394495412845
PFENPHGNHVLS,5453.834862385321
FWLQGQFYSQL,17110.697247706423
AEGYVDVSG,3752.798165137615
PHYFDVEYDALG,12193.577981651377
WVDEHVAVL,10876.243119266055
DDFSKVAS,1584.2247706422017
PNNDLGYNQHD,3426.7522935779816
RFSESWLG,7283.98623853211
KDALRDVLRVRY,10398.279816513761
LEAEHVQSG,1461.9724770642201
APQRAKG,936.2522935779816
FHQGDSPYNHDG,3311.0183486238534
HGHHVPHSG,2517.9908256880735
FNSEGFEGNDG,2798.954128440367
WWGESPLG,7212.036697247707
VFLVFEDLSG,43329.20183486238
PFLSGNYKAS,5483.54128440367
YGLLVLS,33770.252293577985
LFGDGHSG,3450.7247706422017
NFVRREAS,3463.9036697247707
FGERDVSREHL,3648.4311926605506
PKSWENVRASG,2472.6926605504586
GDEEASG,903.7752293577981
DSAHNKDVAL,1196.8394495412845
FLVANENKDV,2632.766055045872
GWGLGVAL,11642.38990825688
WYQHFDVLSG,14028.545871559632
DRLPSEALSG,1752.532110091743
GPSRKHKLG,1196.2339449541284
DGYLFRYSEWAG,20885.949541284404
SRPEYAREWLG,4722.770642201835
VSARWDNKDAS,1928.5688073394494
SPNELNKLS,1224.545871559633
DESVAYSG,2389.97247706422
WVVSDLREYDAS,10262.087155963303
SEKGAWHG,2602.440366972477
LHPDWASG,4381.724770642202
RVEDSPGPNKHS,1369.151376146789
FKFAHDSFYN,7680.220183486239
HGVYGPAG,3742.862385321101
AVGFSHLG,6028.48623853211
LSDEKRPNHV,1465.4495412844037
VSDGSQEYNKD,1329.7247706422017
FAWSDLRWASG,10789.224770642202
KVGHNVQNKD,1201.5229357798164
EWSPFRERKDA,2286.954128440367
LNDSSPLG,1642.0504587155963
GPEDFLG,1740.4954128440368
QSQKFEYHGHD,2542.9816513761466
WSENHAPYVSRV,12789.669724770642
WHSNAFRLENKD,4836.100917431193
QFHNSFKVSEWL,13291.98623853211
GHGPSNG,1988.1284403669724
FQKDDFRVLG,4437.394495412844
WASYAREVYWL,33594.73853211009
WSSENAWNALS,6513.380733944954
HFVVNVLSG,21925.52752293578
PKGAQPKDRNDS,1017.1146788990826
LVKHAALS,2702.243119266055
YYKVPGNHDLG,3414.637614678899
SKYKESG,891.7018348623853
VLQSNKWKA,2122.1559633027523
DKVGHPHG,1600.2293577981652
FSKARDLYVAG,4535.866972477064
GNKNVWHVA,3385.1422018348626
RNQYNVKRYAG,3568.3394495412845
ERFGDALSG,2514.1100917431195
FNQWLPWLHAG,23735.940366972478
EGWYPHDALSG,6808.981651376147
WKKDANSRYKG,1523.4495412844037
KWSSHSG,2264.137614678899
ALSKHYDVSKLS,2308.0412844036696
VWQKPNAL,3536.1651376146788
YWYWWKDGDVS,6502.1100917431195
YLYHSWLGEKHA,5457.816513761468
LGAWPHDVAG,5204.811926605505
GEKALDVLEPA,1299.7798165137615
PEKPQNKALG,983.802752293578
SPNSQHPVS,1641.4128440366972
ASYGKSREYAG,2506.2477064220184
KGVQFDVYALS,19201.61467889908
SVFVVLS,43545.71559633027
NFAQNFKHAG,3568.435779816514
EPANSFDYWH,7492.853211009175
QLPADAEYWL,5797.435779816514
WVSWNDFRDLA,20052.353211009173
KRHNVKDS,899.7798165137615
NDWDVNVEPKHL,4281.064220183486
PRWVFHVEYKDV,21219.045871559632
KEGPSEAG,939.5412844036697
LYDANRPHDG,3580.0412844036696
WWAFNYVAL,27501.371559633026
NALAASQENL,2261.151376146789
NFDLYLSGHA,13117.798165137614
YHVVNHSRVA,4488.09633027523
WDYQQWLS,12688.366972477064
SHQFRERVLSG,4065.243119266055
SFPNYVQREYG,7725.068807339449
YSVWNRSG,5944.591743119266
LRDFQNALG,4336.522935779816
NEWAVSEPYWD,18829.610091743118
NFQQHVG,3348.802752293578
LGDEFYDVAS,4742.082568807339
YAAFRVWHG,14294.614678899083
AQKAGEGREVA,902.4770642201835
YQVAGKNAG,1758.4036697247707
PAAHFRSG,3619.97247706422
QAVDGFVLSG,7477.532110091744
LSKVSHEAG,1235.619266055046
QWQGVAKDVAG,2015.0550458715597
SNQYQKVALSG,2198.6743119266057
SQHWENKHDV,2229.8073394495414
VASHYKVEHVL,3707.1559633027523
WLKRYHDYVAS,8393.233944954129
RSKSKFPWNVL,3250.1926605504586
NNVLQQFEWDS,7068.577981651376
AQLYDPDAS,2170.077981651376
HWWSNKDVG,4526.261467889908
RNREENDVWHVA,4000.5045871559632
WVHRHAGYDL,11358.211009174312
LFVGVVLG,30765.990825688074
NRRRHVG,3149.1009174311926
PDAPHPWLYDA,10382.90366972477
KYAEAGAG,1192.2522935779816
HWGRDSFEPSG,3873.2752293577983
PVNDHAFYDV,7157.564220183486
GAKSQEYVASG,1453.5825688073394
PSDLKGEDVA,911.5
LDKAKDG,1164.059633027523
HKHGSHDG,1442.1009174311926
AQGDNASG,1032.3302752293578
RLENPQFREYH,8475.697247706423
VFKNDRYWG,7444.233944954129
DNHEPEHVAG,1390.6834862385322
RLYSVQPDVLS,8225.220183486239
FWNHLALYKGYS,9628.357798165138
HRLLQDG,3350.288990825688
SDNHPLSG,1911.1100917431193
SAQKEWSG,1445.6376146788991
ELPVPAENKHL,1282.1834862385322
QHLDKDVWHDG,2999.2477064220184
DEGFDLAG,3340.0045871559632
QEFNEVASRWL,8221.490825688074
VSYRSGEPHG,2927.7798165137615
SQSHYLSG,3174.206422018349
KDPQPWLPHG,3761.348623853211
FQQELRG,2835.201834862385
RPVKWAEWNKD,2947.7201834862385
SNFAPASG,2024.8899082568807
VPKKGKAG,675.5550458715596
AKPYKNSG,1137.0642201834862
QEVFWKPWREYK,9305.784403669724
HQLLPDALG,4375.288990825688
HWAWYWASG,17110.98623853211
ASWSEFEYKG,4951.243119266055
WQRHPSWAG,10071.720183486239
PRRFVLG,6935.366972477064
QFDFPQFNDGED,3142.5091743119265
FYKFNHSFSPWK,9591.564220183487
QSDYSGWDVA,3827.683486238532
SYYLPKSG,2827.5412844036696
HKDWVEVASG,2412.3853211009173
YGNYGFHALG,9213.059633027522
WLDHEKLSG,3753.761467889908
PNHQDVQSPWAL,4311.899082568807
EWQQQRASG,2416.880733944954
WPFWAWSG,29128.110091743118
GYDWFRAL,14338.633027522936
RKWKVDWNDVAL,4496.073394495413
RQAGPLPYNA,4373.899082568807
PWDLSHALRGEP,5506.931192660551
LKVALPVPDG,2531.3348623853212
PAVAEWSVAG,2715.1330275229357
LDSDAEASG,1129.5091743119267
ASEEWHFVG,6841.1100917431195
PHFKWKGPDV,3024.577981651376
NWVWDHDSG,8100.977064220184
RALGPWLNPYNK,10391.52752293578
YHVSWGKQFHD,7706.848623853211
KRYANGPYKAL,3170.706422018349
PRNGVPKHSG,1487.3853211009175
QVSQNASQDWKD,1544.1376146788991
NGVFEQHVG,3319.077981651376
FGRLVQFRNAG,9873.922018348623
PLGAALSFKHVG,7087.564220183486
RDQKAQQYSG,1618.908256880734
AEFENPNHAS,1947.9816513761468
QRQGSGFYK,3782.6926605504586
YKKSAFKHASG,1411.3440366972477
PLKFLQDVSG,4406.545871559633
FEVQKSFNVGA,3005.201834862385
VPRHQNVLG,2269.8119266055046
RYFFKGQNLS,6187.591743119266
EFAYHAESG,2784.02752293578
YASHKALSWKD,3385.261467889908
PSHESGEPKDA,872.1146788990826
WKRQVAGQEDS,1226.1146788990825
GQVRNGHVLSG,2549.293577981651
KNWGALSG,2703.0366972477063
NSLHVKLG,3458.3119266055046
NFQAHDS,2360.532110091743
PALWGESFYHA,14285.449541284404
VNFPQSG,2324.146788990826
NNEAQEPNDG,1092.2064220183486
PYNRHGQNFWNK,5665.94495412844
RDSDLWVPYNVS,7917.54128440367
WSGREGHVPKDV,2921.8348623853212
EFHFHYKDAL,6320.614678899083
VRQESRVLG,1958.9357798165138
DQVEWRALS,4035.0045871559632
WVWQQYWG,19323.3623853211
EAWDYGWKDA,3949.1422018348626
HDVNWKGYKDG,2566.623853211009
ADSQESLSG,1036.6146788990825
GEWQNQFEWA,11815.954128440368
AAFSVSG,2924.9495412844035
HDELVWDVL,9392.394495412844
HGEQEWLPKHL,4210.522935779816
PKEPARHYWKA,2541.059633027523
DGNVQLRWKV,5687.821100917431
RDFWPKVREPWD,9756.91743119266
GFWNYLSREK,4775.385321100917
YRDWLKSG,4632.481651376147
SNEHGWDLG,3287.0550458715597
RNVDDSHDVLG,1852.559633027523
PRAFEQEYWKA,3914.288990825688
SVLPPDLG,2374.1146788990827
DEVELQDVS,1254.5366972477063
DSYAVLYWNH,17126.1376146789
YNKQLGPARNK,1490.894495412844
GKFEDVFRNHS,2173.1559633027523
AFDLQQVSG,2110.211009174312
SQRAPRPLG,2400.3577981651374
GKHYPDAG,1474.9128440366972
LYDSNRWNHLG,6031.600917431193
VSKFGWHG,4366.454128440367
AFNEAYVLSG,6788.963302752293
FYSKRVSYHV,6274.435779816514
EQKLPVYNAS,1231.926605504587
AGPKKGWHG,1324.7614678899083
VESQHFRDVS,2502.6330275229357
YHKENHVRENAS,1030.1788990825687
KRPAESFWG,2287.201834862385
VPDPSFYWKHLS,4638.922018348624
DSLGKQHG,967.5917431192661
VDSHVHVG,2012.8211009174313
NWLEARDG,3805.0137614678897
YKHEAFRNEAL,3154.683486238532
RHYWQWDQYWLS,20985.642201834864
RNWRNKRNG,1872.0963302752293
DQSQGQFPWDA,3068.302752293578
EWDEDNDLQWDS,3997.9908256880735
VPDYHQWKL,3051.5963302752293
DDRYQPLG,2540.6880733944954
LQEPSRNDWNK,1648.8853211009175
FYQKREVHAG,1820.3440366972477
YRGWVPAG,4709.146788990825
QWLQSGYWGDVG,9695.087155963303
QVLKKLQRAG,1583.926605504587
QNNAKHQWDL,3244.0688073394494
DPALFHLPYWAL,21546.761467889908
RHRERPYLFLSG,14049.52752293578
NNRDNAG,1418.7706422018348
DSKRKHSRWLS,2237.3899082568805
LHDSLGWAS,5045.307339449541
LPVEDHDS,1409.1559633027523
NWVNVQDALSG,4104.981651376147
PPENRPVAG,1029.4770642201836
KEGAVLG,1149.8394495412845
YDRRNDEPYNL,4820.284403669725
VDAWNYVSG,5666.036697247707
PSSVDSG,1139.7981651376147
REPHGHARARH,2457.146788990826
HQWFSEYWNDA,12606.11009174312
EHEWGWKLHG,5578.394495412844
DGNSHQRPNKA,1173.7660550458716
GQLARPG,2123.770642201835
VHLWWDG,14453.045871559632
FPHLRLEKVQN,3663.1880733944954
VVAGEPKYHL,2360.064220183486
ALGSVSGKDG,1178.2155963302753
FGDWKPHSG,2822.559633027523
EHFPALDVWNA,4881.866972477064
NWGHDDAG,3291.105504587156
YSNHFNQFEND,5069.238532110092
VPRKGESG,739.0412844036697
EFWEENHDVSG,3130.0183486238534
NYQREFVSG,4529.4495412844035
EKFSWDVNDVL,3922.3669724770643
SNQHDEDLSG,1432.1146788990825
YQPRNLRPWH,10332.197247706423
QASFFEWYDSG,13917.467889908257
LESFWREDSG,5138.321100917431
KEWEPSFPWAG,8157.532110091744
QPDENKHVGEHG,1379.7064220183486
VSEVGQGPKHS,1314.2339449541284
HGVWQVAS,4482.752293577982
EDQNWKYHLS,3296.0229357798166
NGPGWSRWAL,14094.29357798165
PNVKFPYAEKA,2212.7522935779816
LRDHWLSG,5902.201834862385
QARGHLFYNDG,6806.697247706422
SRNDSQSFKV,2037.5825688073394
LYKWFWDLS,12166.669724770642
KQNWHNHA,2785.5550458715597
QGPPWEPALS,3578.3440366972477
ANRYSKG,1734.0871559633028
GEKHNAPNHVLS,2058.0733944954127
FEAEFYLGKDA,7747.417431192661
WHNHFYNREPNK,4145.137614678899
KRFKLWAG,3239.8853211009173
SGLHVQVLS,9155.330275229358
EPSRYVEPEYN,2944.770642201835
RSPGYDEPNDG,1854.5688073394494
KYDQRDQHVG,1802.2064220183486
AWLGNEKASG,1872.7018348623853
LDSQHFNKHLS,3112.9862385321103
DDGADAG,1192.7201834862385
DPDSFWYKL,8181.385321100917
GVGHNALS,2357.321100917431
YVVSPKYKS,3620.1880733944954
PRLFPHDPVA,4205.821100917431
KWHQRPGPHAL,5053.128440366972
PQHHGRDLS,2146.3899082568805
DSYELRYNKH,3711.940366972477
DNQVWVAS,3589.362385321101
RRERYLRYNKDL,3769.9954128440368
LVFYKYHG,12359.80733944954
FVEAKLRWKHV,6407.59633027523
WGNAALEYKHVL,11284.408256880733
FYAVVFEYG,42791.036697247706
QAVRALDLS,4051.4266055045873
NYLYYWALS,11823.298165137614
SGVYHVREWVG,11321.963302752294
PVSESRKLFRHL,5733.802752293578
NKDSYHGNKEN,1029.3623853211009
YPKDDQHDVL,1620.2339449541284
HQGAPWSG,3737.587155963303
WVHLQRPFPN,14001.642201834862
FQYFYGHDLS,12373.651376146789
HSFQVLEPYWHD,19915.559633027522
WALYEPKAQREY,7314.55504587156
PSDSLSQNKV,1193.9220183486239
WRAKGEKVALG,2277.619266055046
DPKQGPAG,847.6605504587156
NERFEDLSG,2749.894495412844
SEKGVEPKHLS,1174.467889908257
YDPYKGVFYSG,11952.133027522936
FNFKALKVQND,3196.119266055046
YSALQHNKHA,2584.1009174311926
DLAFKHAWNHA,4618.082568807339
HYQARKSG,1919.1467889908256
YALNSQDPNHS,2150.02752293578
VFKYNSGQNVA,2410.5550458715597
RDSPGQEQRPVG,1333.2247706422017
PRNRKEYNKL,1237.4816513761468
QKLGGWGPDS,3055.894495412844
KFEKKDFYNLG,2543.9495412844035
HFAFPWWDAG,21585.169724770643
HAQFVQSGYNA,5255.908256880734
VDNKVDLSG,1273.5366972477063
KQQRRPSG,1114.2155963302753
QPWGGQHYWHAG,11822.178899082568
RPRFVFRPHL,15616.775229357798
QARHQFKWDV,5291.279816513761
PDLSRAGFELNK,3456.1743119266057
QDDNHAQWNK,1590.3302752293578
NGFASQEEKHAG,1355.7018348623853
WWVDHLSG,13917.752293577982
YVLYPNSWHV,21192.440366972478
GPWASRFRKD,4478.270642201835
HDPFLSFREPS,6256.931192660551
HLWALQVFEKHG,12731.683486238531
EDKFRVQVG,1811.605504587156
AEQEKYKHVAG,1084.5963302752293
LPDYLASG,2957.605504587156
QGGPSQEAG,923.802752293578
PAEHQARYVLSG,6043.623853211009
PQEAQPVFEKA,1518.3899082568807
VSPGFHQDL,3307.8073394495414
WPYSVGWNV,20733.036697247706
PLYGEREHAG,2462.316513761468
HEHKARAG,1310.51376146789
NHLSYFYWLDLG,20643.967889908257
EPSRLGQKGYWG,4779.738532110092
RVENPVAGPWVS,7666.706422018348
KPPHNLG,1387.2844036697247
KLNLLQFRPKG,3747.266055045872
QRLLEWAEVG,5442.788990825688
DPAVKAG,844.5091743119266
QAEGGWVALG,4735.963302752293
GQPYEYDEHAG,2436.394495412844
QGSVREG,1104.4587155963302
HASQWKHLPGFR,8595.756880733945
WGVLRRYDVG,13829.90366972477
WNSSVSGQEWHL,8273.79357798165
DWVEYWFKS,17785.642201834864
GDFYNYVALG,14691.243119266055
SDWVHDG,4280.733944954129
EPVQPDWLSEP,2270.1743119266057
SNLYAVSG,4675.385321100917
KWKGFLFPHV,10253.133027522936
EASALFWDAPW,18447.816513761467
YEWSRSRHLSG,6385.114678899083
DAHSVFRENAL,3012.9449541284403
FGNDLEHARKV,2299.4770642201834
HDAFHDLVEPYH,8903.711009174312
DQFWAWLFYG,30071.92660550459
GFEDWLQRHVAG,8014.133027522936
VYFPWPDS,12915.97247706422
RVRLHSRPYV,10587.743119266055
WELRGALG,8921.5
PDDYEKDG,1641.1605504587155
YNDLRWPGYVS,16032.770642201835
VPHDLKDRWLG,3975.261467889908
DQWKKHFNHDAG,2184.3715596330276
AQKEEHG,628.6467889908257
HKEKHYLSG,1500.8119266055046
PSKHRWKRPAL,2371.788990825688
YAYPYDEPKH,4407.522935779816
VQGPQWSG,3267.348623853211
GAQVRALG,2756.0366972477063
YLGGKAGYWV,10416.756880733945
NQSPYGYWKDV,5851.3899082568805
YNDLPKYDAGKH,2280.1651376146788
DGVSGWKWHLSG,5808.802752293578
DYHVFEYDWKL,15422.756880733945
HENRSRKG,1376.0504587155963
WHGDHQFESG,3513.8715596330276
NQSAFPLS,2786.032110091743
YRELGLSRWHAL,14011.58256880734
HQNEVQNKHDAL,1693.866972477064
FEPRLGQYFWV,32633.80733944954
KHNDVLYLQYKD,11394.490825688074
SNVEWWNVAG,5861.366972477064
HYFVPYAG,11281.19266055046
HFFVPWVLSG,26889.41743119266
KVKKENHLSG,1073.4311926605506
WHEHWAYWNHS,14399.628440366972
KRNNHQKLSG,1314.5366972477063
PAPFASVASG,2321.3073394495414
VPVKENLSG,974.151376146789
RDHVLHRYNVS,6263.087155963302
NSGKYHHVSG,2125.6330275229357
NLDSEHPNAG,1536.8119266055046
FPPQGKDL,1453.605504587156
NWSFAEPLG,9068.077981651377
KGNWYVLSG,8316.779816513761
PADLKDLYWK,3420.623853211009
YDRQSYNKHSG,2635.7201834862385
WSYQFELEYWNK,27972.174311926607
HRPYDEDRENKV,1760.5871559633028
NKNAPAQEKHVL,1100.4449541284403
DYHDHQWKHLG,4020.440366972477
DWHRSKHAS,2670.3119266055046
PPHVLFQWHD,16992.981651376147
AFWLPDQEVA,4584.821100917431
VSPAYSFNKAS,2344.9862385321103
NHYQDREPWALS,6632.573394495413
EYGRFEWAFPK,11020.733944954129
RAKHYKQWNK,1416.866972477064
QEGQQRPHRYKA,2324.3440366972477
VYWKAVYWVAL,28849.33486238532
RGPRPAPHVAL,3485.0688073394494
KKQDDSG,653.3899082568807
LPQNFPVLSG,3723.862385321101
HVWRVAPWKS,11611.839449541285
HYHVYSYWKHV,11466.866972477064
LRAESQYKVAS,2402.3853211009173
NLKHEVSRYN,3137.211009174312
FAGNLQWVYKA,12413.41743119266
HQRAFWQWVLG,20450.52752293578
FRPLVQYVQPNK,6975.637614678899
QWKSRFHDSD,3874.8348623853212
QDVYLWKVNHVS,10702.798165137614
HGNGNGPWKL,4891.683486238532
WPLAGPSG,3909.0137614678897
VSAKAHDG,1033.0275229357799
AQHRASRED,1324.7522935779816
PDFDPYNNLS,5223.0091743119265
YNHGYNANDRWK,5583.788990825688
EFAFPLRYKA,10059.018348623853
PPGHEHG,1351.6009174311926
VPNSRQVG,1386.3623853211009
DVDFWVRENK,3806.940366972477
KPWQVSFEWKHG,6919.756880733945
YKHYWSPSGYDL,12023.834862385322
EVKSGRAWDL,2849.183486238532
NNKYSNHG,1910.619266055046
RESLASQFKHG,2125.201834862385
HHYHGNG,2812.2477064220184
PFDRVRALG,7186.853211009175
LKYSPAG,2472.261467889908
YFVEDYWDVS,14020.967889908257
NLRDAEKFPWNK,2961.7522935779816
YYQRNFVG,6923.220183486239
PNSSDVSFYNDG,3333.3073394495414
KERFYASG,3180.7844036697247
EFRPGYKAVSG,1970.8440366972477
WEQRFNLS,11867.857798165138
HRWYVGRENH,6486.09633027523
SQLKWDG,2909.440366972477
LPKPPDLSG,1238.9633027522937
KSEYLRLKSG,2838.183486238532
DRSDKVALG,1117.5504587155963
RRQSKVALG,1329.7752293577983
NFYPPWVASG,10024.87614678899
RQNSGRHREHA,2221.3853211009173
HEYPFDVLG,9205.399082568807
KRNDWGFRNKDL,2852.6330275229357
RNQEYAHLQRY,9237.591743119267
FFSAALG,3772.623853211009
FNDWHSQVLREH,5631.270642201835
AHDYDEWS,4011.137614678899
KNWSNHVAL,3978.2155963302753
HKHAQKAWALG,2740.5
YFHFVLYSG,15577.79357798165
YYGPFPVSG,8001.188073394495
LRHFLVLG,21222.366972477063
YDDQVGQYK,2245.97247706422
GNQVNVSG,1408.4174311926606
SRPNWHVNDS,2936.3394495412845
KNFQRVLSG,2873.211009174312
PLYDSGSHVA,3178.4908256880735
PQPYKYFYDSG,7583.665137614679
VAPASPQFYAL,6343.155963302752
PGENFDFKDLS,2832.830275229358
ELKFLYNHLS,8557.467889908257
AQPLVGRPWKS,2666.0825688073396
RWRRWKKSG,2063.1605504587155
QLQPKREYGYWK,3243.211009174312
PALRYPKYVAS,5571.114678899083
AQVSQWQDVS,2070.0366972477063
KFPYEPKYKHS,2164.412844036697
ARVYSELSG,2994.422018348624
YHKPHPAG,1702.5504587155963
SGGHGFSG,2468.711009174312
FFDRKRYDVLG,4345.3302752293575
VKVSFRGRPWVG,9835.954128440368
WVWPRYNVLS,16624.481651376147
LSLWWNDVL,15676.825688073395
KRKFVLEYDS,5052.243119266055
PYGNDPYSGEPA,2359.848623853211
KRYLALNHDL,5076.683486238532
KGHWSEDAS,1326.1834862385322
GFSEGKVAL,1996.6834862385322
VQAEWVSWKDVL,4569.270642201835
SVFQPSG,2443.1146788990827
DYYGFWKHA,5429.325688073394
NKRLYNQRWDS,4802.651376146789
QFKVWNSGVLFD,19679.32110091743
ALFPHSWSKHD,4342.018348623853
PDSYHQGQYNK,1746.5
RLHPGYLSG,5596.362385321101
YGNHNVPDLS,2092.9587155963304
REKYQNHNHVL,2261.178899082569
QSLHVRALS,3906.7201834862385
FPKGHPHREKVS,1593.3302752293578
KGHAQQYKHL,1901.954128440367
AAQGQFPYNHS,2817.619266055046
QYNANQWVQKDG,2289.2201834862385
NAGNVSHGQHDL,2166.0229357798166
RGYVSNHLQRH,4758.559633027523
AQGRYVDALS,3605.788990825688
QHWGFYHSVAS,10055.01376146789
ENRLQFPEKL,1876.5229357798164
LFRVASPDVLEV,6688.380733944954
NLEKDQRGEPVA,1138.8256880733945
QVQRWLERYWVL,23617.004587155963
GYFWDQFALS,18964.02752293578
YNEKRSPNKHD,1441.7568807339449
HREKPLSEVL,2013.9036697247707
WLGFDRHPHG,7828.128440366972
LNEVGPALG,2090.045871559633
EGEYAFLPNKVL,8394.238532110092
NDHLNHQHDAS,1985.5825688073394
QAKRRYNKAS,885.4357798165138
QANNPKHDALG,1291.7752293577983
GAGFEQHG,1960.3532110091744
QAKYHLWNKDA,2020.4816513761468
AWKEAEHDSG,1195.0688073394494
NRDGEQKVG,945.8990825688073
EFNHSLQKG,1509.366972477064
DLKNGFDS,1464.3302752293578
PNPQDSEPWHG,2304.8715596330276
HWKHNSREWN,3873.697247706422
YQVSESHVG,1926.197247706422
PKLGFNHHAPH,3555.032110091743
YPEASPG,1355.3577981651376
HPKKLFEPHSG,1333.5963302752293
RFFSDALSG,6724.45871559633
EAYSASREYLS,3892.788990825688
NHPYNYGYKDS,4166.619266055046
VQAQDSQRHDS,1105.9908256880733
PKKSKVNKDG,577.6192660550458
RDVVAAFKHAS,3216.47247706422
RDNGYHYKAS,3734.7752293577983
FPKNGFHDFNDV,6353.655963302752
VWWLQKDA,5532.729357798165
QENGVQEASKHD,889.8669724770642
EAWVFKGNASG,3182.587155963303
NGYDRFREPNG,3178.591743119266
HADLSPQKLS,1549.545871559633
YEYFGRYNKAL,4567.380733944954
VQYNAQWSYWH,18487.275229357798
FKYSVGKHDLG,2973.1605504587155
RHWKSYGFRWVL,16832.816513761467
KAQYHDKEWK,1623.5183486238532
EKDQFDDLEPW,3438.435779816514
QYKAHVEAGFPW,10533.408256880733
PALLRFKDVG,8626.311926605504
PVAVRYRHVG,8658.08256880734
EWNKSNRNSGD,1748.4908256880733
WYNSANKDVSG,2382.5688073394494
PLSKYNSYWNK,5060.100917431193
EPVYKHVGKKHV,1513.1009174311926
QLHAHREWKV,3670.376146788991
EEQNAYLG,2013.1238532110092
WGFDKSRWVG,10246.467889908257
HELSEKPHLSG,1892.3119266055046
GWNPKEKDAL,1582.605504587156
EFHEVGPKHLS,2321.5504587155965
RPEDEYHGRWH,7967.98623853211
PRLDWDAG,4638.761467889908
YSPDFKFEG,3221.9266055045873
QKNKKQFKHV,811.3119266055046
NVYRVGREVAL,9189.944954128441
HWAKPNLSG,3230.353211009174
VQEKPVGRPA,1716.7477064220184
HLPYYVLDL,38097.66513761468
VWQFQEDS,4486.412844036698
WNKWEPHEHDV,3229.091743119266
RVEFKHPNG,2637.0412844036696
FWNSAHVSFNHG,8492.770642201835
KAYLSVSNKDA,2073.105504587156
KHNWYNG,3941.233944954128
PDYFNHFEPYD,14377.09633027523
RLSLGALQNKD,2781.9862385321103
RHGYVGPVAWKG,6472.183486238532
GFGSPSG,2543.137614678899
DNFNSEALG,2002.605504587156
DDPHHLG,2011.3119266055046
YDAAKDFENHD,2250.4174311926604
AWEDLRSG,2994.853211009174
ESFHYQRYHDG,7447.123853211009
SHLLSWG,9826.573394495414
VRPEYEWKHSG,2529.798165137615
RYVGWREHLFH,16601.339449541283
PKFGEPYSQWHD,8096.743119266055
GPFAEWG,5055.59633027523
QLFHFEWFWNH,24827.050458715596
NDNRLGYVSG,4868.4908256880735
EWAYNFDVLFHL,40758.88990825688
YDDFAGEHDS,3197.2477064220184
HDLNKGYKGYAL,4932.270642201835
NRGVGRASG,2074.0183486238534
EQGQDQDAS,848.2339449541284
HYEASYAG,3875.091743119266
YGAYRYLSG,8379.577981651377
GQVFNLQEDLS,3951.7155963302753
YLAFHANKDVA,3829.545871559633
HRKPHLPNHL,4026.137614678899
ERQKSPWSG,1969.5412844036698
HVFYWKPVREKA,5103.174311926606
YQQRGQFYNKS,4768.178899082569
REYKDWLEVLN,5017.724770642202
PFEVNARDVS,4108.582568807339
EVQPSPNKALQP,1119.3394495412845
RLYDHLRYSG,8594.454128440368
YEQVSPHVLS,6194.825688073394
DDVEGKVAG,923.1559633027523
FGRLHDRPKAS,3255.6009174311926
KQNQGQRYWLS,6306.472477064221
GASEEPLG,1020.7706422018349
GDAGAEAG,904.6284403669724
RRHPYLNSG,4793.422018348624
GHRFWALG,10615.119266055046
YKEDNKHPKAG,1028.467889908257
GRSNSRLG,2428.6146788990827
LAQELHG,2192.8853211009173
YQDNVEPLSG,2340.4495412844035
DESAKHSG,847.256880733945
ANQVFWVG,13003.275229357798
EFGNEHVALG,3330.0091743119265
HFRVQWKVWVLS,29286.23394495413
HQKQDVYKHS,1829.2981651376147
DPQRKQHDVAG,1093.619266055046
YWEGFWDLQYKG,10958.614678899083
RRPLPVQWHD,6068.133027522936
YFYVDARWG,12472.48623853211
RLNERELG,1879.7568807339449
PPVAHDVLEWKV,3605.5688073394494
NWGRYPVALS,12969.802752293577
NRNYDFWNH,10499.651376146789
PQVRKQREPWS,2832.9862385321103
WLDRFRPKHDV,5706.481651376147
SQHYKQKVAG,1683.7155963302753
NDRWAWGFNVS,14398.270642201835
NHNPPHLSG,2721.6330275229357
QHVGPVGVGNK,1223.133027522936
HASLKDEPYWA,4541.98623853211
EDARPVAKVENH,1195.3899082568807
VLADARVG,2622.0412844036696
GSKHFKVALS,3979.376146788991
FPNWLGPKPNH,6598.45871559633
DNDYLYNHAS,3919.743119266055
WWYLPKG,7608.834862385321
YAHQSGEPYDLS,3778.316513761468
RVGKWSGLSG,3976.3256880733943
FERWHESEPHV,3965.9495412844035
DNGLKHDAL,1971.2522935779816
VLLQFQEYV,36639.6376146789
LFWVKSQPAS,5856.045871559633
AVQDVPWNKA,2080.151376146789
LEGWFKVAL,18706.830275229357
QWRWPWGWALG,29501.532110091743
FYDWFYKDEKDS,2894.967889908257
ESLDRVSG,1339.7477064220184
WDLDDAEPYA,6455.522935779816
SHVKVPLSG,1988.2660550458716
AKKHHLSG,1042.197247706422
YPEKAWVSG,2463.9174311926604
REPWEVSGPVKD,2975.9770642201834
RHNSVLNKG,1571.408256880734
KDNFWHLEYWN,13252.69266055046
LNAFHKSG,3097.0550458715597
AVYSHDVAL,5213.954128440367
KFRADLEYG,3770.8073394495414
YVNYALFEWNVG,21032.481651376147
YDHRAQPWKVL,8602.288990825688
EVYNGRHYWA,11136.788990825688
YRDWPWG,14257.550458715596
QGDQALEPYN,2069.4449541284403
VSDDGESG,932.3577981651376
ANKNPKLSG,1045.1697247706422
QHHWPKAG,2774.261467889908
QKYGFEYFEPW,17947.128440366974
ENGAWKWDSG,2665.6651376146788
EAGQDARFREHV,1877.6743119266055
KDSDNVENVLS,1233.9357798165138
RQLEALSGFV,7676.866972477064
SFDQNSFPN,3395.1100917431195
LYLEVARKVA,9726.779816513761
FYPHLNGWHAG,10068.637614678899
WEAHNKVALS,5218.334862385321
EVRYAPVRPHA,5303.307339449541
NNNEKLS,1257.848623853211
RYSWQEPSGEKS,1665.4587155963302
EKHEREWLNK,1728.4633027522937
FADGEVFEPKVA,3103.0733944954127
PEWHFAFHVG,23281.97247706422
VDGRRNLG,3224.940366972477
QPPRVSYNAS,2849.52752293578
VDDFVLG,4863.44495412844
LRKVADRASG,1592.3119266055046
KPWGAEWNKDV,2093.3256880733943
EKQHEYSRL,1763.5366972477063
FEKAGKQPKQWL,2563.105504587156
KVKNLSFEPDL,2159.123853211009
GQEKLQQEKHV,973.3394495412844
PQNGKFNHSG,1714.4357798165138
NQRQNQRVAL,3275.646788990826
KHWDDQRWKHS,3537.9587155963304
KQKYWGVALSG,3357.894495412844
QNRHWGFDSG,7410.316513761468
VEGLESG,1366.834862385321
ASNKKAPASG,720.683486238532
RAKNPKALS,885.6697247706422
QPQHFKVAVS,4784.591743119266
AHDHLKVG,1935.2844036697247
WENYDFHDVL,16352.701834862386
PKPWYWKYDLS,9820.839449541285
PNSFSWNGHVG,5963.766055045871
EYPVRNDEYHS,2912.3990825688074
KNDNDWSG,1786.2018348623853
KDAPVGPKREDS,720.4908256880734
DLNDRHLPDG,2665.0688073394494
EAQEAEAWNVA,1393.0183486238532
VPYKLPVRESG,1676.3853211009175
KFYARAEYL,10142.93119266055
SHSDNDG,1315.1743119266055
ANEKFPSG,1099.0412844036698
NLHYVHDALS,8066.655963302752
AFHVPVQPYKVS,6568.5091743119265
EVDWSNKL,2282.564220183486
NRDHFDAS,3071.619266055046
VDQVLKSG,1374.7477064220184
DDGEGYVAG,1887.3165137614678
HYQVQHG,3024.0733944954127
QNPKDSHDGHS,1161.848623853211
WQWDFASRNK,7963.802752293578
SRVHAWASG,4915.825688073394
YQVENKHLRPKV,3092.7155963302753
FWVKGRWLYWNS,15943.47247706422
ENLEKSLRKVAL,2588.440366972477
SPSFWSQFWHLG,21075.23394495413
VQPSGLSHV,1925.348623853211
YAYFAFLSG,13966.779816513761
NHRHFYHEPKVG,4499.633027522936
WLLQHVNKD,5547.0504587155965
HKAGGYKHDLS,1887.1605504587155
VWRSKVALS,5802.811926605505
WQGDSHDVAS,2612.5412844036696
HLFVRYWNDSQY,20941.738532110092
EHHHAPAG,1643.408256880734
QPPSNVWKHV,2419.211009174312
QHQLNVFRWK,8852.80733944954
AAKVVSG,1082.1422018348624
WNKWDSDQWVA,6730.284403669725
EPKRNVAKSQRA,922.6330275229358
PDEKHVKDAGEK,765.4220183486239
QHLLYDQPWLS,19370.43119266055
NWKLNREPWLS,9355.316513761469
FLQKGYDQEALG,2871.7752293577983
FYLPEWDEPWAG,8140.334862385321
SYKWPKSG,2578.3256880733943
GEEKSPLSG,778.8211009174312
SRFRGFAG,5834.90366972477
PRFAFKSG,4588.224770642202
YHPHLRQEDLG,2473.5137614678897
EFPRQFHVLSG,6217.564220183486
NSNWHEPHAL,4907.298165137615
NAVHSQFRKHVG,3221.412844036697
SGNPPWASG,3106.6284403669724
WAWRGREWNAL,14430.766055045871
RPSWHWREVAL,14557.944954128441
NGLGSEKAG,963.316513761468
HHWASYG,6667.59633027523
PSGEVPYSFDV,6687.711009174312
GRPGELQPHSG,1557.0825688073394
SGKEFRPWKS,1895.6284403669724
GPKHAFKQPKV,1266.8761467889908
HWKDSRWFEPSG,5240.527522935779
EYRPEAQPWNA,2408.0229357798166
SYFEAWLG,11592.43119266055
KHAYSEKDRYNV,2130.087155963303
KKAGVYWHDAG,2493.1284403669724
PNFPQGRDVG,2027.9128440366972
NKPQYWALPV,5724.692660550459
SVQEHFEAL,2878.229357798165
WWYSRKVAG,5959.802752293578
SLGDGSG,1221.9128440366972
LEVKDVELSG,1218.6146788990825
SQSKYKG,973.5733944954128
FHQQRNVNKHD,1739.7339449541284
HSRPWQHAEWKV,4209.756880733945
HGRAQFVAPVA,3791.412844036697
NNFYPNALS,5016.321100917431
QYAYREALYNSG,6765.683486238532
HPPLDSG,1464.0412844036698
LGQESGDGREH,1207.7477064220184
LVADSPVALS,2318.880733944954
SQSQWHPVAS,2592.169724770642
KAFDLWKRVALG,5811.146788990825
FWWYRESG,6939.105504587156
QPVGALYHPWK,8386.357798165138
VPWHDRHASRK,2110.733944954128
DDFHVKG,1356.6926605504586
RVRERWHRPS,3699.169724770642
PLYQNVQPHDG,3480.1926605504586
LEGWNVNLS,5394.577981651376
KGDGDSRHDVS,1032.926605504587
RDPSFDAFPYWN,10185.655963302752
KAYYEDLSG,3090.233944954128
SFNLVSPWNHD,8394.674311926605
YPHWWNSG,8055.344036697248
PKNKNQPYNKS,890.5275229357799
QPALAKAFHS,3458.8990825688074
EDRWQPDSFRWD,11261.412844036697
RPRKHAFEHQDL,2353.577981651376
HRDDSVSG,1132.0
FFYEFNSG,6210.472477064221
LQDDVRASG,1337.7706422018348
ADSAEAG,810.394495412844
VLKFPDVASRYN,5488.766055045871
VLWSENRELSG,3404.6559633027523
EGASYHQFALG,4523.261467889908
NGHKRVG,1456.4633027522937
NRVNHEVASG,1456.532110091743
ASQLRWLQSG,5877.192660550459
PRHKPDALS,1364.894495412844
LKSNYASG,2147.5045871559632
NQFRYEAGRKS,2976.912844036697
SREHFYKHVENK,2279.362385321101
WPGDEDLG,2391.8394495412845
HELWNYDSG,6105.853211009175
LKRYNNLG,3204.0688073394494
ASHNRVLS,2283.7752293577983
EKDVNQWRENHG,1983.0963302752293
LEQPRKLSG,2265.853211009174
QYWVNYNLQEN,6594.770642201835
VKVGLNHVA,2473.5229357798166
KLLGRYGEVSG,2729.577981651376
REFGYNSYNSG,5506.573394495413
EGHNLFLSG,5104.077981651376
DYHYSKASG,2107.7201834862385
NGGELFSG,2909.5091743119265
VNSLFVALS,26818.98623853211
WLSDQYLRKHL,8880.651376146789
RHAPPNGPKAG,1343.711009174312
VERPKRG,1427.1743119266055
EHLWQFVGWAG,19798.596330275228
SELRFYLG,15737.559633027522
YGYANLRPYWAL,19657.70642201835
KLHAHSGWKV,3731.729357798165
WELRQFHASG,8580.247706422018
DWDWQNKDVS,2818.3669724770643
RALPDEVYWH,6427.688073394495
LFFAHLSG,7564.738532110092
PVAYRHAFRHDS,6516.215596330275
QGDPPNKDVS,877.2018348623853
SKDGNVGQYNSG,1663.8853211009175
FEFWEWHSEPL,11655.197247706423
HRKFHLVLG,8836.58256880734
LQEFNSFYAS,16303.885321100917
GAVLFVLSG,43714.752293577985
RAFWVDQREPYK,7305.623853211009
HVQHGAFREKH,2199.197247706422
QPSQWVLSPAWH,19631.408256880735
PSAWHRKHSG,3014.862385321101
YPLFPFPHVL,26681.440366972478
VWNDNKEKHAS,1335.3211009174313
KLLHYWNHS,5770.495412844037
KPNQFHEDAL,2062.761467889908
NANVYVAFVG,40742.463302752294
FPRGFLVALG,34702.53211009174
FFENVWYWNHL,15929.669724770642
NWSAENDASG,2514.876146788991
FRFYREDNDAL,7329.435779816514
NYKNSPDAS,1126.5275229357799
DAHNPWDS,3988.4495412844035
FKGLRKRNDVG,1577.4036697247707
ALVNEKALG,1693.366972477064
RPNFDVQNALRP,5878.816513761468
PKENLPHSPKHA,1457.0045871559632
VNHQYRWDA,7283.651376146789
RPANDNHRELS,1871.0825688073394
APLQRANVG,1515.5366972477063
KPRHVPAL,1708.4174311926606
PRSYHVVG,4765.59633027523
NNDKWVSG,1853.3853211009175
YQHPKPYHDA,3360.9174311926604
KEQYKQRG,1164.6422018348624
VQVPKSRVAG,1355.5229357798164
FEANNKDVYNL,2609.0
WFKQNSQRKHG,2724.5504587155965
KFYDGSRDL,4282.357798165138
PVKAPFYNKAL,4044.1284403669724
PADFNHDYWAL,12614.811926605504
GAGGQEKHD,1139.380733944954
PAFWDSQEAFW,17348.94495412844
RNRFASQEYSG,4200.816513761468
SLGHADS,1682.8853211009175
SNDRDSNLG,1520.2201834862385
KSAFLQFHAG,5850.032110091744
VKNVAYAG,2379.9036697247707
DRGSNHDVL,2119.876146788991
RDDFKEPNKDV,1162.5275229357799
YRQYGPVAS,5218.027522935779
WSSYLDSG,7822.077981651376
VLYVPYHQFRV,23508.15137614679
PRDYPNDG,3077.6880733944954
FPSVVSFRNKHA,6868.142201834862
SDGSNHALG,1974.1880733944954
PFPYNKKSRY,4226.642201834862
RELFSQPDLQKH,2688.9908256880735
WNAYHFQEDS,6757.298165137615
EAFLLWKHD,15313.08256880734
WPPAEYLG,6648.871559633028
RLADKSG,1418.926605504587
EWVYKDGYDQFA,12516.220183486239
KSRWKGEDPYKH,1759.6788990825687
NPKLQARLG,2037.9174311926606
NVVAWDYKAG,5392.655963302752
KNLQEHYVS,2192.591743119266
YARLGYKWKVAS,6284.995412844037
KALPPVSEDL,1239.7568807339449
NWAKQWLG,7480.366972477064
ERFNWNKDLS,2784.4770642201834
YGPGDLQFREK,2319.8669724770643
NGDKEDSG,694.4816513761468
KLWAQKGALS,2387.0733944954127
YWYFLREKL,7443.660550458716
PKVGRHRVPHS,2583.651376146789
YGFDHSPYVAG,9458.711009174312
ASRNGVSNAL,2255.793577981651
EVSHWHPHLG,6197.848623853211
DKQPAWAG,2057.298165137615
EYKSFDSNDAN,1700.545871559633
NVVWEYHAS,10773.58256880734
WESSRKALSG,3622.435779816514
WVYFLFVLSG,15136.665137614678
NYPYKQYG,5506.587155963302
NHRKPYAWDG,5724.325688073394
KAGRNPYKDKV,1107.7293577981652
NAQYRYDLRWK,9673.279816513761
WPGLPKHVA,4138.697247706422
PSHKDGYWNHL,5592.339449541284
SVREDVDS,1285.4311926605506
GFKQEGQRENVL,2002.1146788990825
RNELQVFDSG,4889.880733944954
SYFSKVAG,3541.678899082569
WYKADRKHLG,3635.97247706422
WVHPQEWNHDG,5753.247706422018
HWFGASG,6833.178899082569
YQQHEWSG,3836.5045871559632
VSDYVQREYKL,3800.761467889908
RWFHWNASWHA,17949.04128440367
RGKWFRLSG,5550.45871559633
QLGVFYWLRWHL,26655.802752293577
DYHKLRDG,2741.912844036697
HELYDAHS,4147.577981651376
ESRREGEPYDS,1438.5183486238532
FAAEKQKDVL,1357.197247706422
VQEWDLRAGFRW,22399.302752293577
LYSNGVAG,3201.0091743119265
RARFEDSEPWV,5741.954128440367
VLDPFKDAG,2343.380733944954
NFLWDAQWLG,20252.133027522937
FFVNYDALSG,6959.798165137615
PEEPQWLG,4108.628440366972
YVHEEWLG,6053.183486238532
PYFNNKQKLS,2794.678899082569
SPRWRPLG,6968.743119266055
KNHRNFNHDVLG,3474.123853211009
FEYFSRNQYDG,10421.738532110092
APWFRNKHEAS,2287.9036697247707
VFHKYKG,2635.8073394495414
LWYENAS,6441.142201834862
AWKKNDLSG,1573.105504587156
ERHHKALS,1597.5688073394494
FEPPVLWHSPD,7437.137614678899
QWWEKGRPALS,5947.660550458716
WDWVSQAPNHG,5663.197247706422
EERDGDASG,1199.2844036697247
QYDQHRYVAPH,5808.215596330275
HPQNRDG,1476.8073394495414
KNVQGESG,862.9449541284404
NEWPGRYS,8987.922018348623
SGEHKQPYVA,2910.729357798165
LPKQDQVG,953.8761467889908
YQKEAFWHVS,6278.95871559633
KWHSGVRNS,2610.711009174312
HLLSAEASG,2328.894495412844
VSANWHSG,3062.6743119266057
QQSVRDG,1388.2660550458716
NPHRHSFALG,6022.5091743119265
YSQGWKFVLG,12856.426605504586
FEEKVKVEDG,1078.8394495412845
PPGWSELS,3151.091743119266
KFEHHVPWDAL,8415.935779816513
HDKYFYHLS,6602.743119266055
FLNNHGWNKHLG,6624.298165137615
WLLSWLPWHG,24995.711009174312
PDHRFRPNKDV,2386.298165137615
AVGLHLG,4431.51376146789
DWFYGRSG,8458.408256880733
LPFFPVG,12383.967889908257
SPGPDEASG,1043.9495412844037
PPHNGFNALG,3012.5183486238534
NRGVFEG,3864.623853211009
LYYQALG,4471.376146788991
YAKGNLQYKG,3065.7798165137615
YFVSPLQKG,4482.591743119266
EYKHSKAKDQW,1794.3073394495414
RLNKHPLPKAG,1757.01376146789
AWADVNASG,2378.52752293578
RDRNPYSRSG,3830.967889908257
QNHQENQHLQG,2011.0229357798164
KYYVDLG,5571.119266055046
AEAPSKVL,1459.573394495413
EFWPAEYWNG,13642.62385321101
PLPFREAQVA,2482.380733944954
HSVKSGPG,1441.197247706422
QAPDDSPDVAL,1212.1926605504586
NVWNAQGRKV,3418.0963302752293
WNVAYDFPHRPY,25326.89908256881
GDYVHDAL,4087.1743119266057
FQLGLSHDVL,9223.399082568807
KLFKLVEPWD,12618.926605504586
FEYNPLQYHSYH,11940.738532110092
QNWYEPHDVL,10643.504587155963
QNAGKDWNLPHV,3224.3073394495414
RFFWKQRLG,7422.165137614679
PSNQSGEPYKD,1546.1788990825687
SAEFEHDVA,1828.2798165137615
PPAWFWSG,13934.275229357798
KDKEPSPYND,1127.7477064220184
KLVYANDVALG,5735.908256880734
YQALEAEYAS,3779.5183486238534
PDDWVLNKHVS,4025.201834862385
KYDREHHVAS,1878.348623853211
ALDFRGFEYWL,24326.674311926607
YLHKRPAG,2747.8853211009173
YHNPRYKHDS,2980.422018348624
ALAVKALSG,3317.3577981651374
QNDRRENAKHL,1569.98623853211
PEGRKDNASG,1017.1697247706422
PSLVLPSG,3483.1146788990827
DKQYWYLSG,7923.614678899083
KNVGHWHVLG,5490.344036697248
YSYHVQSQPASG,2643.9174311926604
LNSYHYLG,7651.05504587156
HAGVSPWSPYHL,19632.825688073393
FWPEHDARKHDA,3236.435779816514
FKVWHAERWKHS,5220.6697247706425
WSVKPWVLSG,13172.215596330276
HEFHWNKVLS,5856.01376146789
RAENYSRPWD,9223.105504587156
VQYYDARPWVL,25034.389908256882
DQKAAYDVALS,1696.4633027522937
YRLPWLRNDSG,6807.45871559633
AYLFYPKVAG,8972.733944954129
VQAQGYNDVSG,1762.9495412844037
WYNHKVQPNLS,4992.651376146789
SRDPPHAG,1759.6422018348624
YHKNVWKHDV,2641.064220183486
WKARHENLRPWD,9659.371559633028
DARKSHVGWHD,3555.2798165137615
YRGFLYHVS,12656.435779816513
YHWALFNLQRKD,8382.80733944954
RAPFAFWVLS,31708.76605504587
SRYKPPWHDAG,4127.45871559633
DFFSPDLG,5757.01376146789
DGKPYPYNH,3260.412844036697
GQSNRPVSG,1524.6834862385322
DAHWDEWNKDA,2413.5
SRDRDLDALS,2356.8348623853212
PHWWLRYWNG,18346.215596330276
RNYEKLFWNDS,4709.463302752293
VWYGHDVALG,9173.394495412844
KEFQEALG,1499.9311926605506
EYDKRYKREYNH,2443.353211009174
YHKWQFEYWDAL,16678.509174311926
YKQVSKGREKH,1053.2935779816514
VSDKVAYNKV,1238.6559633027523
KELVPNASG,1406.1100917431193
KPYRGPYL,5444.45871559633
VWHHADVG,3738.3440366972477
LGRLPHDLRPD,4869.559633027523
EYVRHDLQWFDG,15307.325688073395
FQEVQYVGENH,5539.559633027523
PRGLDLG,2860.967889908257
WGYWLFGPDVA,18389.16513761468
FVRQQFEPKL,4705.04128440367
VWNKLNFWDLG,12198.88990825688
VNGHDKLSG,1282.0275229357799
FLFDHAWHVS,9845.40366972477
DVKYKDQYWDVG,2950.045871559633
RHEVVSQHSG,1855.0183486238532
ARGYREHG,2254.0366972477063
HKDYDYHLS,2895.4266055045873
WLPEAQYNHVSG,4262.766055045871
GQRHYKHQRYH,4332.142201834862
SQNRHSEYKVA,1570.1605504587155
RNQRQFDGEYHL,6770.270642201835
QWLAFRWSKVG,12269.12385321101
WGFYSNLFKHL,10426.683486238531
YQQERNHVALS,2414.9816513761466
YFQLASG,4794.435779816514
LNDVAPQRWKV,3638.238532110092
WVDVGYWFVA,33242.28440366973
YYRNSWSG,5175.353211009175
YYKELSQPWALS,6296.022935779816
LHVKAHAS,1555.802752293578
PWPYKSALPYA,8746.532110091743
PAAWWNKVAS,3101.4770642201834
RAVYVAWKHDL,11584.399082568807
SQQGRNVLG,1482.091743119266
SKGEHNVSG,973.0321100917431
QAEQDVRKSG,948.7064220183486
GDFVYLSG,13162.064220183487
FSAQSRLS,2895.6146788990827
AYNSLRPWVLG,11433.385321100917
PEVQSYAG,2666.0
HLYRKEWKHAL,4033.7477064220184
YWARGPLSPAS,4973.857798165138
GFPQPQYHG,3555.6422018348626
FSDQVSGVG,1774.7477064220184
DLLDHSG,2008.5366972477063
SEGHDPVLSG,1600.834862385321
QSQVAEYHGEHS,1803.9036697247707
NWLFFHG,14990.009174311926
WRDQHEYDVAS,4168.298165137615
RWRELWKHRWAG,8936.055045871559
GVADYSG,1979.0504587155963
FPVYLKDLWKDL,13779.073394495414
KQHVVAQENHG,1335.7614678899083
DFFEWPVG,8525.605504587156
RLDGLQRHDAS,2819.5550458715597
REPGLGNYWHDA,5806.738532110092
ASSLYKG,1997.9449541284403
QREDFYEPNHRG,3277.7522935779816
YWYHAYVGKD,4693.848623853211
RDDGDSQEWN,2334.9311926605506
NHLLYWVQRWNK,11377.454128440368
FLWAVAQRWLG,16129.04128440367
PRWHNDVQRLS,5881.022935779816
YGLVGYVALS,24766.70642201835
QQNANPWVAG,3145.743119266055
ARGYKFWAS,5963.275229357798
HADHVHVS,2256.0688073394494
AELDEALG,1400.834862385321
EYLDKQWHG,3713.6422018348626
PWDLAEPNHFYW,25261.02752293578
PGFRFHRNDVG,5668.417431192661
YRHSPAWLG,9160.091743119267
QHVWFYNHRPWN,18552.004587155963
SQWGVQKHDLG,3189.3119266055046
REKPHWKSGKH,1235.2477064220184
DGADVHVG,1718.7018348623853
PDGYFPHGFEYS,16303.88990825688
VYGHRYG,5871.628440366972
NKHNQNGNHAG,1456.3853211009175
AKVNWNG,2149.4908256880735
FKEFDVQEPVG,2301.1605504587155
WFYKEWFKALS,7665.665137614679
HLRDGREGNHL,3202.7798165137615
LHSQNQHVAL,3105.206422018349
AKASEFALS,1466.8256880733945
RLFGFLQHG,9322.866972477064
PRWNPAQRPK,2142.3990825688074
AGFDEAYWS,7882.637614678899
AQAYARPASG,2020.1284403669724
GHVRDQSG,1464.9449541284403
VRVEWGPYNH,10497.077981651377
LVQVFEWVAG,19780.610091743118
NDFYDEPWDAFW,20834.825688073393
ENVEEDVSPKSG,1055.4311926605506
FWEWYNGFKHVA,8766.637614678899
FVKKREPYKA,1494.7247706422017
ASDRWVGDVS,2770.0688073394494
DFQAKDVALSG,2062.119266055046
RWLSGVAPLQFR,16288.477064220184
PFWQLSRENAL,11258.711009174312
DWNQYSYDASG,6258.325688073394
DGQAEPRDAG,1182.5229357798164
HQNFHLQFKDVL,10528.605504587156
EDGNNHFPKD,1714.545871559633
EYLGSQWRWAS,13998.69266055046
EQKFLEWHDL,4294.59633027523
AVLDGHSG,2282.330275229358
LEVNLYDSG,6085.605504587156
WYNFHDWKHVG,9916.197247706423
SDLANVG,1798.954128440367
YFRKDSDPYAG,2873.5825688073396
YSVSDRYNHDA,3542.2155963302753
SKFPHRSG,2311.467889908257
WFGQKVWDVG,8959.880733944954
SVFRLWVSG,22231.064220183485
EADSNVSFKHVA,1756.3761467889908
DKVRQRSG,1069.1376146788991
PLGPYQPENHS,2895.4311926605506
WNYGVGFEPWG,19479.449541284404
LQFDKFRWKDL,6566.733944954129
NHEERWNKHASG,1756.1422018348624
YDASRYKVFWEN,11444.339449541285
FAFNPQRPLG,8145.963302752293
ALYHHVAPHVA,5192.311926605505
QGLYDVNS,3431.229357798165
DVWHPLHAS,7337.94495412844
SNDFKEHG,1384.0183486238532
GFSLGNSG,3637.5229357798166
QQWDAWDPNL,7473.077981651376
VDFRYHHSG,4865.256880733945
SHFRSKHLS,3493.5963302752293
QSYWKGVSGRDV,3329.7522935779816
ANSRKFVG,1871.4357798165138
QGNANHWKDA,1748.197247706422
DRDHKDG,1000.8394495412844
EVQVFPHNDS,2811.0412844036696
LSVYFRNDVAL,23491.844036697246
LPWENNKHALS,3855.408256880734
APGAPYKHG,1606.711009174312
HFAFFEPSG,13351.426605504586
PWGARASWHDG,8884.633027522936
QHEEFRNLS,2836.5825688073396
GWRDHALG,6143.243119266055
EPRPHAPWVQV,5680.591743119266
PVWGEPDSRPWD,9805.353211009175
WDYFENKQNKDS,2185.6743119266057
WWEKSEG,2524.169724770642
YHLYSFDLEKHS,8780.963302752294
DHFLNDSG,2933.821100917431
SYAEDEHLSG,2168.178899082569
LDVDFSG,3447.637614678899
EVFKKQEWNHG,2175.830275229358
HYHQPQKVAL,3104.8899082568805
SGDNGESG,1169.3577981651376
LQQVYDG,4072.577981651376
VAQLPDFPWNHD,6434.133027522936
VSRNVDALFHA,6864.871559633028
SLSPHNAG,2205.2752293577983
LNDQPFRWHG,11380.58256880734
DENLGSWVALG,6670.307339449541
PGPNEKAKLS,876.256880733945
PSNAYSRKLSG,2661.651376146789
SRPPDARYKVAS,2519.0183486238534
EFHVRGEPAG,2179.1422018348626
HSDWDFKG,3206.3715596330276
ESSAYKDVLG,1209.1559633027523
HFSKGKVALSG,2499.146788990826
HVEVGFHDSVA,5413.3302752293575
VNKVKPVLG,1721.633027522936
WKEVVLEPWNV,20543.688073394496
VPWRWPYWNHL,28785.5871559633
KLELDVRPVAS,2789.4908256880735
KARQASRPWH,4115.238532110092
AKQRDRAS,916.2477064220184
ARYQRGNVA,3020.894495412844
HPLLQELG,2635.5091743119265
YLSPLWFNKD,10934.600917431193
AEQQEVALSG,1443.954128440367
DLEFFRKHV,6127.477064220184
VADLKHDYNKA,1303.1146788990825
VSGNHNGREYKS,2043.4587155963302
YNPDLYAFYNDL,20061.339449541283
KGSFLHLSG,3899.4174311926604
FNKHKDSRAYK,1387.954128440367
VAERLQREWNHD,4594.981651376147
ESNYHLPWHV,9124.56880733945
RYNKDGPWFWD,20400.628440366974
NQGYYWVASG,10192.779816513761
NLPRYVPKVAG,3955.738532110092
NGLHNDLG,3146.3899082568805
PFWKNHYWVLG,17877.536697247706
KPNLLFPYWG,13850.422018348623
FVYKPVQEPHDG,2806.1284403669724
NDAGDAPARELS,1210.866972477064
FRSQLSGPDWN,5949.477064220184
HDQPYFHNAL,8776.105504587156
HPFFYSG,17260.857798165136
ENHADSRHKSG,1146.2339449541284
WGAVKVG,4815.940366972477
EWQVLPDPWNHV,9306.004587155963
GRFRNYVALSG,8587.674311926605
RHAPSQFGRYK,4052.5229357798166
NWRPWSHG,12774.12385321101
NDDFHDEWHVG,5260.821100917431
QHYYHDNKHLS,3915.2844036697247
FNLAHDVFRWHD,17317.784403669724
DSRFPEYWHDAS,6285.45871559633
VEYDFGQAG,3726.146788990826
DADVKDGPYW,4494.98623853211
KAVEAEPWNDA,1570.426605504587
QWLVFPSRWG,29422.591743119265
KSVEAFKDVL,1952.6559633027523
FFRFAFYNVL,17330.288990825688
LPGPKEDALG,1224.7614678899083
DYKYFNHLS,4487.0504587155965
GGKHEASG,852.0504587155963
QRHVYGENSPK,1862.211009174312
VGKSQPWRWHS,8262.247706422018
FFPLEFNKVG,5663.720183486239
HQAAWKAG,2041.98623853211
WDQGGQFHLS,9833.784403669724
RAAQNLRHSG,2621.4266055045873
RGDLYAPWAS,8656.270642201835
KSWLEFHVLG,11073.743119266055
LVAWRAG,8915.454128440368
VYHGVFPYWNK,10969.302752293577
WKFYEVSRNKV,8074.811926605505
REVDLFDQPHG,3617.8119266055046
RYAWWVFWHAG,24180.454128440368
YLGYEKARNG,3105.087155963303
RQPSNAQDS,1098.2752293577983
DFLYLRKVLS,12945.45871559633
NWALSWGNAS,8315.426605504586
NWESVALS,5373.481651376147
NFNRKENKH,1677.0
WNNPRYSG,8310.642201834862
DFALSGVYDVA,9281.201834862386
RHRNPHAKVG,2028.1284403669724
SRPSEGPYHAG,2190.821100917431
EFPAQELYNVS,2969.9770642201834
KGPHLSAQYNG,2202.2201834862385
NPPDFNHVAG,2568.3577981651374
PFEKYLQFPWG,21616.977064220184
FPKFFRDVNKG,4578.660550458716
LSQVFWKARWNK,6856.793577981652
LGDPYHAYNS,6085.963302752293
YRGHQWG,6581.95871559633
RVRWYWLREVS,16308.463302752294
VAYYLGRHVL,15393.009174311926
DDGEKWDVSG,1702.0366972477063
ERPEVYNVAL,2783.7752293577983
NDPGRPDNKAS,1106.6009174311926
AKYHPWALSG,5473.866972477064
PNYEKFEWKDV,2581.380733944954
PREHNDGPNHA,2237.3119266055046
QRFGSGREWKL,6035.853211009175
YNLRSQFLEKS,4875.706422018348
RFGEFRDG,4163.220183486239
YKLHSRARYSG,5110.963302752293
WQKQALRYNA,6472.95871559633
LLVQYLG,18961.077981651375
NHPGQPAEPKDL,1153.605504587156
NWDPAWDLSG,7695.426605504587
WRFNPKAG,5121.128440366972
YNKKRYGQNS,1668.6880733944954
KANGWDSEPYVA,3711.178899082569
FHGNLFYLRKL,17708.47247706422
WNDHNKDFRPDG,3140.045871559633
HWKAKFYKHAL,4530.022935779816
DGPPVFKDVAG,1664.665137614679
QALVRHLQNS,3514.5825688073396
HFNAKASND,1526.7155963302753
EDSGGQYKVRNG,1633.9908256880733
ERPKWSQRKHV,1866.5779816513761
YREYQDSYWNV,10365.353211009175
PFEAPYSWALSG,15854.678899082568
SKENYKLS,1409.848623853211
ESRAYLGYDVLS,8696.490825688074
SVRVYALSG,18966.504587155963
WKRSLGQYWKD,5478.44495412844
PALGKWLREWVS,9256.169724770642
VRKRHWKVLG,2976.238532110092
VRHDRGKVSG,1492.573394495413
FNWGWHPNDG,8991.651376146789
HRVPDFVAG,3780.169724770642
VANHVWKVFWV,29479.830275229357
WLYWPYLFPV,13675.467889908257
HYKHHVQWVAS,5710.472477064221
PFSPSQDSG,2182.412844036697
DLPAVSQEKHD,1012.0137614678899
NENKEVGQFR,2056.678899082569
RLQHPYNVGKD,3504.0825688073396
LDAFARHAL,7456.522935779816
KEELASG,836.4816513761468
FKNAPKEWVS,2078.52752293578
QESANVSYG,1580.1834862385322
GDKFWLSG,3635.9266055045873
WPGRWPHDAS,7097.706422018348
VHVFQWVLG,20495.128440366974
LKLDKDLG,1331.7660550458716
VSHQEAPVAG,1018.9174311926605
WKGYQNQEDG,1655.8302752293578
VFKDGRVFKV,7473.775229357798
KAWANLFPKHG,3911.922018348624
VQRRQENLG,1961.2568807339449
FSDQFHKASG,2281.7155963302753
GEPWDVDGNKH,2404.7522935779816
KYWFNFHALS,10910.288990825688
WPAAKASG,1660.9495412844037
DLFLHGVAL,16204.30733944954
WPDRYYHG,13554.605504587156
RSNWHSPHAL,5997.90366972477
HWDHAYHVL,11933.802752293577
LKFPKSVG,1647.9587155963302
YSEREHQRVA,2422.316513761468
LSQPEWHLFYK,11075.045871559632
DVDVRLKHLS,2947.5137614678897
RDSFALGVSRV,9438.577981651377
DEWDFPYQDSG,6553.266055045871
LEYEALYWNHG,8928.47247706422
DQHDKFWNAL,2928.1605504587155
QGGKREALSG,987.2844036697247
QRPRQFRRWDV,8558.788990825688
LQLKGNLG,2037.7018348623853
KGYDWEHALS,3414.577981651376
WGEGQHRHG,3597.0045871559632
HKEWDKSG,1000.7614678899082
KEWVDGEWKVS,2494.97247706422
PGKLWQFEYNH,8012.380733944954
ASHFRGNDS,1846.1605504587155
RSLDYHVLG,4193.857798165138
SNFLNSG,2303.4174311926604
KALFEVPKVQEK,1194.5
DLRLESQWHAS,3940.6605504587155
WYGGYDVAG,5372.119266055046
AHVFGQSG,2324.380733944954
LSYGSFKHD,3143.9266055045873
YAEYEVEHASG,2543.1926605504586
FFYHLWASKV,4379.431192660551
KVGSKGNKHDS,650.9908256880734
ASRVFRLSYWKD,12121.440366972478
QDDKRPDLS,974.6100917431193
NKDRGEAEDG,695.5779816513761
KDPSRPVFED,1501.2293577981652
SNSKSDLSG,931.5229357798165
VRYYLGEPNHAL,9257.550458715596
YHEAEVAFRS,6340.348623853211
WLKKYHAG,3304.0412844036696
VPGVRPSG,1207.2660550458716
KFPPRDVLG,1781.1926605504586
DLQLVQFRNAL,12325.977064220184
ESSLRPAG,1271.894495412844
EYHSNHRPVFY,18202.5871559633
EESWHPKSG,1832.1880733944954
EPWNPWNHEPGQ,2926.1926605504586
RPWNRWVGWEK,9923.059633027522
QRNWYFPWDVLG,22557.84862385321
WKHWKNRKVS,1729.133027522936
NLQKWDVFDLS,8058.628440366972
KRQVGNSG,1062.7844036697247
YGKHHVGQNHS,2013.0366972477063
RLAHDPSG,2040.3532110091744
PAFHEALWVS,11587.605504587156
RRHLDVLKHDL,4038.7477064220184
RDHPEHVSG,1681.7798165137615
AAGFPDWLG,8521.37614678899
PSRYYWREKD,4972.766055045871
LFNFALRENHG,6118.298165137615
DRPQFKAEPL,1556.3073394495414
SPKYNEYHVALS,3459.4311926605506
QGHRWGQEWL,10560.394495412844
SESFYSGNHDS,3066.6880733944954
YPEQYKDASG,1527.7477064220184
WSGVEDLRWK,6136.536697247707
YGDALRSEPDV,2129.3715596330276
KHKSQKWKLG,919.7889908256881
PSWRQPYKHDS,3856.0504587155965
FAKDGEPSKHS,1027.3761467889908
NQDSKVRWNK,1562.1697247706422
VEKVAGEHEYKS,1327.0504587155963
VEEGYHDLS,2490.123853211009
HVLHFNKSEHV,3402.821100917431
DQNYSFKHLSG,2876.4036697247707
FSHKHHDSG,1935.545871559633
YKQKGYVFVALS,20835.669724770643
QLHPYHREH,4106.6100917431195
REHDFDQEKAF,2023.1880733944954
NGNYEWSG,4544.243119266055
DLHFNVFPNAL,16118.247706422018
VEHFARKAL,4389.174311926606
EKWADQRNHDS,1640.8302752293578
QYGHNVFPYNH,9633.784403669724
KRQLPNDVLSG,1680.133027522936
FGGPDNG,2254.9174311926604
YFADRHAG,3547.0045871559632
AGVNDRHVLG,2458.793577981651
QGQEWVHVEKD,2608.6009174311926
SQFGAYWNKL,7864.600917431193
LGQSREGEPL,1618.4311926605506
WLNAAREWNVL,14324.56880733945
ESWQGFRPNKG,2785.1559633027523
RQREHVHQWKH,3479.6559633027523
SEFSNAG,2173.0
QNKDAPWQHDWN,4267.981651376147
DVRSPYNFWK,7794.637614678899
EDQARPHWNKG,1990.0045871559632
HGEHQFAEWKLG,5420.844036697248
LVLDFDLG,19435.29357798165
PQYQHSYHAL,7228.642201834862
VRFNWKG,5160.1100917431195
APSEFDSG,1389.6880733944954
RHKNKSVALS,1113.3899082568807
GSEWRNVAS,2938.2201834862385
FLVQRNHLHG,6965.802752293578
YNHWHSFLSYN,16301.775229357798
SWYWHQALS,11192.380733944954
EHREWLQRSGN,4030.02752293578
YYEEVALSG,6054.0091743119265
HVPWDEFNHVG,6260.963302752293
DQDGYHNALS,3017.4633027522937
KEDGKAFPHV,1834.9770642201836
SRSNGDALS,1579.7706422018348
YKDWYWNGEKH,4017.353211009174
QGQRLPVGRHG,3534.0
WDGHEYWWDVA,17589.33486238532
QHFVVQNKHD,3254.912844036697
SKVPVWHVALS,6438.160550458716
HHLGGNHG,2490.467889908257
EDYNDEGPYG,2868.5045871559632
NRKHLFYGFEWD,17550.389908256882
WQQNHPAG,3062.5091743119265
GWVWANKVSG,6054.229357798165
ENVPWGQHFND,5773.279816513761
WQVKPYSG,6163.931192660551
QQSHYHLSG,2906.967889908257
KRHNGPKG,1088.651376146789
ASWKFWLALG,19416.07339449541
YHFYHRAFREYG,10208.59633027523
HDYELSQRWVS,7508.853211009175
ASDGWSPWNKV,4696.899082568807
AKHHEHVS,1234.954128440367
KPDSNHFRPYKS,2284.2155963302753
VEWVPQKHSG,2871.545871559633
WLNWSFDVS,19711.211009174312
ADWQFRYNVALG,13003.747706422018
RQKPFNLS,2798.591743119266
VNVDWKVG,2512.2752293577983
YEADHSG,2397.9036697247707
RWSSEPWFWK,17234.288990825688
AYHHLPKVSG,3357.0229357798166
PFYQFEPEWHVL,27032.715596330276
KQLSDREHDV,1385.8715596330276
PNFQWAQRWDA,12354.766055045871
HDHSHDVEPS,1432.0091743119267
RHQARYKAQDV,1630.2431192660551
EFYHQHREG,3216.7752293577983
WGYSWSYNDVL,21406.770642201835
FPEAQFENAFE,7236.633027522936
LKVDFYKDLS,5366.660550458716
RSLVEWSG,5043.325688073394
AFRFPKHPYL,11660.761467889908
DPNLRWPDALS,4926.4495412844035
EQLVKHG,1388.8073394495414
VHPWGYLG,16041.899082568807
PWPEKDQRHVL,3901.183486238532
VLFSLQREYV,26941.830275229357
DNHPSNALG,1986.0871559633028
QGDRGHVS,1792.0045871559632
PHAYELRWHLG,14276.243119266055
PHYGGWNHSG,4966.123853211009
FFKVFDNKAL,5663.087155963302
YYGSRYSG,4902.738532110092
FAASNLQHDVS,2800.353211009174
NGDAKAGEYNV,1483.1926605504586
YKHKSRVGPWHA,4248.275229357798
ENNPYNEYAG,3350.6605504587155
QYWLYQPNLGHD,12226.064220183487
WFEPRGQHDAG,4434.004587155963
FERYEHLNDG,4451.380733944954
DPGKAHLSG,1274.5412844036698
YPFNVRHVALS,12992.119266055046
DVYQWNVSNL,10033.11009174312
LSVSLFKLSG,21971.48623853211
WDSGLFWLQHA,18557.522935779816
HRYAWNPDA,5728.761467889908
NKDYAGRHGQFW,9309.821100917432
WGHHYDSG,6351.137614678899
FLRGHLQEDVS,3357.2247706422017
HELGKQKVALG,1787.8211009174313
REPKRPNAKANS,850.059633027523
WVVHDLDS,9313.142201834862
EYFLRVLQKHDS,12368.655963302752
HSHKAFPYDG,4400.600917431193
RVKEGWVALG,4197.5091743119265
DFWYEPWNVLS,20489.550458715596
EQQWRDS,2300.2477064220184
WSYRFREWKL,11690.142201834862
PYAHVALRFEWH,36958.49082568807
RPGQLPYLQNH,5964.899082568807
PKWGSFPYNS,8830.963302752294
PGKHNHWNKVS,1969.9587155963302
NKNKYWQDLG,2700.5504587155965
LKDPPASG,997.1422018348624
NFDPPYLG,7805.788990825688
PRGWHPSG,4769.1100917431195
GWDGLRDG,7331.587155963302
DRHRNWLG,5909.651376146789
NRRKEAG,916.2477064220184
AVRERKG,866.8715596330276
DDKSWLSG,1968.8761467889908
DSGYDRWQRPWS,12663.252293577982
PVPFLPKLG,4923.733944954129
WRKWNRLG,6265.119266055046
PLQQGYWLSG,9587.802752293577
QAELNVQRG,2739.440366972477
NQPEPEWLG,2342.788990825688
RKFGQRVGEWK,2592.9816513761466
PHNPASYWKHA,4905.522935779816
VRLLSNLSG,5923.981651376147
SWAFQPALS,10691.834862385322
ERVRHVQPNDLS,2201.7201834862385
KDRDHQWNAL,2790.3440366972477
GPWPQNKVG,2343.3394495412845
DNLPGNVA,1581.119266055046
LNQFEWDDSG,6082.802752293578
VQPQAFPKHVL,2524.5504587155965
EYVVPLSRLG,10392.940366972478
HSALAGENHVA,1999.5963302752293
WVAHFWHYNHD,16353.646788990825
LDSAGDVG,1623.2614678899083
RLKGESASG,1155.9770642201836
WVDLYKAEKV,4333.371559633028
PQPFNYWNHG,6960.807339449541
RDEVPQHLSG,2377.876146788991
YRPENLFYWNKS,9217.495412844037
SEHSDWALSG,3768.151376146789
VAAPFWASG,6874.376146788991
EGKNVQYWKHV,2527.697247706422
QKFSFSGRYHA,7584.6697247706425
WNPWVGHFYNS,22910.76605504587
WNSADQFYKVG,8072.137614678899
YDLNHSPFEWKH,7460.077981651376
VDSPQYLSG,2723.2155963302753
DPLVLELSG,9368.811926605504
HWPWVRG,14988.564220183487
YNENLGVEYWA,15959.394495412844
REVWFRNLPHAS,9323.155963302752
GEGKFRSG,1808.1926605504586
ARGAWVSG,3949.4908256880735
ERYFQFHDSG,8519.651376146789
SQYAFEDPVS,3174.802752293578
VPGVGVALSG,2230.5137614678897
QNFQLFPDVSG,7017.527522935779
LEGLYHDL,9582.201834862386
NSAGEEWHDSG,2234.2247706422017
YNFQLGWHD,12868.151376146789
LQQAKVALS,2047.3577981651376
VKSWVQEL,3040.6146788990827
PHGAAGENSG,1035.9770642201836
RESVDLSPWNKL,2528.1559633027523
KHPRHLRYHVS,5122.885321100917
KPWKRGQWSG,3164.623853211009
SVGASVLG,2564.5550458715597
AHSHRYG,3885.821100917431
FSDHQKAS,1440.2844036697247
DESAREVLS,1481.6467889908256
FNLDANQPWLG,11170.729357798165
FQNGFDRVG,5850.5
YEQNDAGRPNDS,2055.3394495412845
DNADLEALSG,1376.1743119266055
HRGNAFKSG,2352.9587155963304
SYDYYKG,2897.435779816514
QHHFVSFRK,7611.747706422018
HSFWENAGPNS,4089.321100917431
QAHAVLWVAG,12287.91743119266
VKQFNFWHVAS,9158.573394495414
WSDNRDVALSG,4106.683486238532
PEVNPDAG,1510.7660550458716
DGKRDRPYKVL,2822.321100917431
NWADWSG,7949.123853211009
VAWVHAFRHLS,15013.01376146789
LSHSGHLPKDA,1962.1926605504586
AKGHHALG,2046.211009174312
QPFDGPNQFKA,4150.018348623853
RYVPNWDASRVG,5860.8899082568805
NYLLWKG,8032.362385321101
AYAHHLSG,3217.0825688073396
ARFDNKHDVAS,2151.862385321101
ENFYEPAFRDAG,6508.3302752293575
QAWQYWQFPWA,31107.19266055046
PKHSDASGLYKG,2018.0229357798164
DWEVQYLSG,9905.211009174312
VKHVGVNDALG,1764.2064220183486
DYQWFHDALS,10132.344036697248
LPQRRKHAG,1804.7568807339449
LKRNHRSG,1718.7201834862385
WGYFFRNDVG,12398.600917431193
YGARNKKHDA,1309.0825688073394
DLDENGWNKSG,1559.0412844036698
EWLLVLRPYNK,30730.963302752294
AQRVGYWHYHVA,11926.729357798165
KKDFQWALSG,2567.8899082568805
DFLPHRASG,3279.467889908257
FKFFHVLPNDAS,6339.977064220184
ASGGDFPKDA,1166.091743119266
VENDVSDQRPKH,1323.4174311926606
EDKLSDKAG,612.605504587156
PNPVGAGREPK,925.8623853211009
KLYWENFKVSG,5548.146788990825
SKSHNALG,1474.6238532110092
NERKSKLSG,855.3669724770642
HVNGKGEPDAS,869.1559633027523
HQYDSVFRPYD,10463.160550458715
HGPEFYAG,4150.266055045871
RGVLLSVG,15628.366972477064
LGKEWKNALSG,1742.2385321100917
PAQAQEKSPYWN,1819.4174311926606
YPPVGPG,2010.3302752293578
ELVALNFLG,28628.60091743119
KANFYKPNKDV,1542.6238532110092
NDYWRNHDYSG,5913.09633027523
SNKEQDSG,656.2935779816514
WVNHNALQFNV,11111.188073394496
HHHFEVLSG,3908.816513761468
FDLGQALQVPLS,4010.8073394495414
HGHEDLYWDV,6220.105504587156
WLRKWALWKALS,10521.353211009175
ERPDLLPKL,1360.605504587156
SWDVPFPNVG,5622.311926605505
DQFYYSQNS,6769.9495412844035
ARHNFRAG,2610.9954128440368
ALNGLSNKDL,1586.408256880734
PQELASPVA,1301.9587155963302
SKGFDQHSG,1380.6926605504586
QYHERYNLSLS,8068.09633027523
WPHQRHNVG,3394.853211009174
PPHSDGKHL,1146.926605504587
SHRVLNLS,4106.224770642202
GNAVVSG,1142.426605504587
HEWRSQWKHD,4264.935779816514
SREPSEFPNDA,1185.4036697247707
YWHDGHEAPYNK,2723.330275229358
LSKWHLEWKG,3510.238532110092
NVHYVLYWNKHA,10217.954128440368
NSPQFWHPDLSG,4846.876146788991
HFYASVQKDALS,3474.238532110092
GQFAKDAGWDG,3167.2844036697247
QFGRVRHEKV,2162.288990825688
KAGSERNVG,1036.1559633027523
QDEQDLPVL,1694.9174311926606
EQDWNEKVAS,1114.4449541284403
EKYDRVPHD,1428.0045871559632
AFKWFYNVL,11857.862385321101
FPLWVSFLWHS,32068.88532110092
KHENQKVFNKL,1556.8440366972477
NPLYLKVAG,6255.917431192661
APKADHDSG,625.3669724770642
SDHGVLSG,1718.1422018348624
FSVWAGWNKHAG,4730.981651376147
PDKHVRQPDS,1146.7247706422017
GQHYYWLG,11100.29357798165
FYDHKDARYVA,4211.834862385321
WVDKHNHDL,3780.4449541284403
ENPGNVQNVAL,1447.711009174312
SQYLNGQFND,4806.844036697248
KQWPAPNKHLS,2444.321100917431
KGWPVFRELS,7740.752293577982
SWERYASG,4880.275229357798
LEYYFRPYNL,8927.577981651377
RADWRPKG,2310.330275229358
ENPLQGWKDVA,1607.8256880733945
WKAHGFEGFYAG,13100.532110091743
NEKLSHWHVLS,5817.394495412844
YWFEEYLPKA,6357.779816513761
ASHSFVKAG,2513.422018348624
FGKWGFKHAG,4480.357798165138
PLWVAEQRPHS,5293.188073394495
PAPLPWGRYWVL,28097.655963302754
PFQHDNG,2874.0825688073396
RGWSKAFRYNVG,6708.642201834862
PWAYWYQREWAG,21883.009174311926
GEKLREEKALG,1029.7339449541284
KGREQWNVQYVA,5861.646788990825
DQGNRNSG,1149.334862385321
SFYVKSEYHD,8597.334862385322
HVWFGEPYNLS,17110.495412844037
WFFYQFVASG,13741.495412844037
FSDNNHVALSG,3274.412844036697
LYGVQHVSG,3913.6100917431195
SPKKFRLG,1736.4587155963302
FDFSHLSFENL,10993.633027522936
ARSASEVASG,978.0045871559633
AQVAEVWAG,2546.7522935779816
YQSSHDG,1957.9449541284403
SGRYRHDVGDL,3952.623853211009
WLREDPKLRKA,2778.1100917431195
NYVAPDWNVAG,4393.784403669725
RNGQWLVGQWNG,9996.600917431193
DWSLSWSG,10062.614678899083
PPPSRYSG,2364.559633027523
YPLNGPSG,2507.4633027522937
EWKYDEDFRVL,7016.628440366972
DRKHHVFKVSG,2789.9908256880735
AWSWYDSG,12085.775229357798
VKAGEPYYAS,3387.802752293578
LRFFDLSG,10794.440366972478
QHNGDVGFWKLS,6201.788990825688
QHHPRNVG,2312.6559633027523
FVHSDVNKHVL,4156.3302752293575
FAHDHSFPNDG,3842.6605504587155
SFHHHDLG,4124.48623853211
WEAERKHVAL,5153.114678899083
WRYVQASPL,13046.963302752294
NVFWRHDRHDA,7419.678899082569
NFKKPVALSG,2351.894495412844
HPFHSVLG,5131.8302752293575
VWFEAEHALS,7718.44495412844
RWVSEAPVASFA,15403.412844036697
WHSGWSPYAQRW,21514.52752293578
PSLAVSG,2171.5
KPYQPGFPNK,2193.4266055045873
FGQEFALWHLG,17916.454128440368
SPHGGELS,1512.0825688073394
QSLVHAG,2265.940366972477
RPAPKLFLSVA,16540.646788990827
HYAVLVASG,22907.339449541283
HDAHKLEHLSG,1772.6605504587155
PFDWANDVS,5574.137614678899
HGELPQYWVASG,8761.830275229358
VKHRRNLSG,1720.9220183486239
DFWWNHLRNKAS,6207.729357798165
GPAWHAVSG,3014.6009174311926
FLKFPGRYKD,4810.288990825688
YEQLKVG,3801.183486238532
SYVPYLPSG,7514.600917431193
FKWQNDGEPNVS,2379.105504587156
FAPWGAWNKHG,6336.201834862385
AWAFKGNHDV,4057.683486238532
REEWVARVDG,4692.940366972477
RKDNEPDRNHV,1445.848623853211
DVVKGYDAS,1420.288990825688
FAWGSGNVAL,7635.655963302752
PYLGFHNDAYNA,12248.43119266055
HVKHEKGWKVL,2418.0366972477063
LYNDSGRLGEWK,4519.766055045871
KKFWDNASG,2188.8073394495414
NRALDAKDVLS,1845.0412844036698
YSYWLFPAYK,7595.9495412844035
VVRNKYALG,3433.743119266055
YSFHASSYNHAL,7973.385321100917
YDKFEENKDVS,1320.8256880733945
RYNDVLNAFNEY,14421.0
KLNDLQNARVAG,2005.8990825688074
NRVQSWLSG,5707.605504587156
WYHFKPHS,6583.399082568807
NQDKWHVALG,2838.1926605504586
SWDSPEYHVLS,8135.082568807339
VYKFWNAPS,5842.977064220184
EAWAFDNVSG,5323.266055045871
ARYVNQDLSG,2916.9770642201834
QGKFWSQEKVS,1889.4587155963302
WGVQFGQYSG,13939.885321100917
AGDSEVWASG,2066.706422018349
YPPGPALSG,2324.2844036697247
YQQHLNHDLSG,3542.7522935779816
HSWPDAREWHA,6557.711009174312
RFAANLSG,4303.633027522936
HKFADSG,1439.4633027522937
ANGLQKVLSG,2226.288990825688
GWKLPFPWNLS,17754.44495412844
KGEGGFPWN,5004.5504587155965
WLYRVREPHL,14583.348623853211
RKEPNFAPYAG,3725.6743119266057
RFGQWRSG,7887.697247706422
LGHRRYLSG,5925.8899082568805
QQWHKVAFENH,4000.52752293578
GEVQRQDVS,1309.848623853211
RQSWYNDVA,5485.568807339449
VSEFDLQEPDA,2660.651376146789
DVHRDGREYWA,7639.577981651376
QLRNPNSHLG,3817.3394495412845
DGHNKSNLSG,1177.894495412844
GENAKSRENVLS,1355.8119266055046
EGNNLGEHALS,1636.426605504587
ELSDLPKGPYW,5845.931192660551
HYLRVQFLSG,31550.298165137614
LYKFSPASG,4139.688073394495
PPWKHHRENKH,1889.7798165137615
KLAFKSWKHLG,3656.1880733944954
HFDPQPDS,2341.4587155963304
GLSYAKDALS,2762.1284403669724
YKGPYAGKRPK,1426.5045871559632
SRQFYGNALSG,6212.743119266055
QNDQGEKHEYL,1507.619266055046
QPNVHVGQAPNA,1779.0045871559632
QEQPGHRHVL,2298.0
YDAHDFYDVES,5407.206422018348
YKSDQRNFEHV,2630.770642201835
SWHGKWNG,4086.137614678899
QNYWEYGRPAS,7506.463302752293
QDWQLRPYNKD,4262.628440366972
PHSRPSHPYKAS,2195.4954128440368
KGDKHRVSG,880.4954128440367
GPYANSQEWHG,3659.211009174312
NLEGHAEPNKDV,1361.7798165137615
DSGDFLSDLS,2420.711009174312
KPQKENDVL,685.8073394495412
PKPHNKQYNS,1386.0871559633028
DVFKNVRYHDVA,4886.600917431193
WEKYLKALS,5065.839449541284
VQFKSVAQNHLS,2991.1100917431195
YPFWLKDVAL,16902.82110091743
PESEKVNLS,1134.01376146789
NNQHSHLSG,2306.091743119266
NQDDEPHLS,1608.2568807339449
EWALAGFPPNAL,12413.697247706423
KFKVSSFNL,7606.357798165138
WDHVHSWNKSG,4468.426605504587
DGNLRSPKG,1757.6238532110092
PGKPEDSG,865.9311926605504
LDFRLHG,5218.325688073394
RLKRSPKDVAS,1048.6009174311926
VPDSRQYKL,2036.1834862385322
DNKFWRPYWH,15277.605504587156
WHGDDVAEWLG,7574.697247706422
QHWDHDGYHL,11359.19266055046
NFGWEASG,5758.44495412844
PDEYQGNKDVG,1405.5229357798164
YKYYKAEYWNL,8544.151376146789
ERYKVLDRWKVS,4587.399082568807
SDRQKVLS,1587.788990825688
VKDHPKAG,1032.802752293578
HPEYLHVG,3730.2477064220184
DGSPGQVL,2007.0963302752293
LPAKAESG,780.9220183486239
AESGVSRNHDS,1481.2614678899083
FYQYFWKVRKV,9086.536697247706
HFNFYSRKG,5487.536697247707
FKWRSQYWNHDV,8548.29357798165
AFNRAFREWVSG,9463.990825688074
SLVGQEYWLG,11728.90366972477
AHHLPVAG,2734.5412844036696
YQAWVRHS,7430.288990825688
GNQVQHDVSG,1459.4449541284403
DLVSPYREG,3365.059633027523
PPPSEASG,972.4587155963303
NAPFAQEPYVG,3961.940366972477
LRRGWNSG,4696.564220183486
DEGSENKHVSG,1272.7477064220184
DSSVPKAG,813.940366972477
EYRLENGEPHL,3557.1605504587155
FNRAVRWNLG,10473.935779816513
PNKHLEVLASR,6186.495412844037
NWKEVKHG,1631.0412844036698
QLEESRYWNAG,4369.077981651376
DPAAEYVS,1983.334862385321
ENDYEYHAQNDG,2421.5229357798166
YDWQWVAGFNKH,10458.724770642202
HWRKPHVLS,5846.440366972477
QPPEHVREK,971.8899082568807
QFFAQREWEWLG,16875.88532110092
NSAGWRDVAG,3780.9587155963304
KLFDAHEHVG,2479.678899082569
RHVFYFHAREW,27539.816513761467
QDPGHDQHG,1633.5366972477063
WRRKNDLSG,2640.853211009174
YYNERYLSG,6748.435779816514
QLKQRYKPDAL,2353.0550458715597
AQFWDLYKFPN,14098.357798165138
FQGLHVALS,9142.284403669724
HSPFPNKGRAL,3316.1743119266057
NLGEFRVSFHV,35292.65137614679
SESYLEAG,2924.6651376146788
LGKGHVFWHAS,8411.935779816513
WVAVWVQEYWA,40445.50917431193
PASPASQKHRYV,2598.6651376146788
RRPNFREPWGQP,6279.426605504587
EGFRREPKYNDS,2180.8348623853212
SLSHDYWDSG,5680.518348623853
HFPKGFGKDVAS,1934.605504587156
KNKVYVEWNHL,6595.848623853211
RWWAKHFWNLG,15155.711009174312
DDSQWRKG,2081.6605504587155
KHALFPEHYNV,4641.087155963302
WRWRHGHAL,11922.550458715596
QSFGSQEKHVL,2339.2477064220184
QPYYGYHEVAS,8225.47247706422
NADLRFYAG,11692.802752293577
FSFAFDLEPWV,33823.880733944956
YPGDHVG,2384.146788990826
PHGRDEYAKAG,1427.1422018348624
NHQFPNYDLPKV,3524.2477064220184
AAWDHSG,3348.467889908257
LLYWDNLG,10330.724770642202
GWLFEQRKAL,7796.146788990825
YLRQSQNG,2691.4587155963304
GSEYVNLG,3635.0550458715597
WHLEWEWNYNHV,20139.330275229357
ARLSKDQEPHAS,1320.954128440367
WKHEWVDSQHL,7026.926605504587
YLAGLQFALG,15663.701834862386
RSYEVLKVL,9860.495412844037
YVYANAQFPNDA,4799.201834862385
KAASPFYNG,2646.816513761468
KKGGDALSG,858.9724770642201
VFPAEAGYL,4010.0688073394494
YSENVHGRYWKD,5958.660550458716
LEPHGAEYG,2349.4174311926604
KDYFVFKAS,10460.261467889908
WYFSRALSG,7786.05504587156
NHEVANFRYW,14853.637614678899
VSYRFVALG,22705.160550458717
FSGYESWNKS,3125.293577981651
QNEHFNALRN,4673.431192660551
KPDPEDVAG,822.0183486238532
WGFLFWDDVSG,21906.15137614679
EVDAQAGVLS,1312.0642201834862
SVEFHSG,2469.4862385321103
LFAERPALS,3671.4036697247707
DAYSYVWNHALS,9213.885321100917
GALKHFVLSG,6880.894495412844
SRAYAPDVL,4808.637614678899
DYWQSYKDALS,4122.229357798165
QLLQSGNKH,1930.6834862385322
QSDHWNLG,2684.288990825688
VRKFQVLSG,3603.8394495412845
KPSWKELSG,1034.1743119266055
NSYEYNAENAS,2133.394495412844
NGLKVHAG,1590.6788990825687
FPRDSGVPKDAS,1472.7247706422017
VYNVHAQKHG,1967.7981651376147
LPGNHEAG,1487.3073394495414
ALYQFWFEVS,40087.564220183485
GWENSPALS,2851.4311926605506
KLQKNKDQED,673.7385321100918
PHLKYKDEYWS,4422.160550458716
EYGHQFKPNDVA,1959.8853211009175
APSWDYHLG,4866.917431192661
DQYWQPFKDG,5128.036697247707
HGWWAEDAL,8016.899082568807
REREPKSVAWA,1845.4036697247707
KWEVPKHVALG,2168.729357798165
QLNYSGHG,2840.2752293577983
QVQGEAGPYNKS,930.8348623853211
VEAKPNKHAL,1241.5871559633028
GAYLGDASG,1916.1376146788991
YNRYPWGQASG,4807.559633027523
QKGPFRVRAG,2035.6834862385322
SRSHLDAG,1632.6467889908256
KPRVVSG,947.1284403669724
PQYANVREWA,4770.068807339449
VAQSGYALHVS,4188.44495412844
FNQPKSRYDSFA,3382.52752293578
VYGKYNG,2404.7844036697247
PLNPVLQPWHAG,7397.279816513761
FHEERHDVS,2068.1559633027523
LGPNGWGEWNA,4573.431192660551
KAWHDRVKHDG,2010.1100917431193
RDVPHLEPHSNK,1274.4174311926606
HYAAYSG,3686.3899082568805
DLWDYSRYDAS,7696.376146788991
ARVKNSG,959.5045871559633
YSPGNHYWKDL,5175.577981651376
NAADSVAG,958.394495412844
KRWYRENG,3024.6422018348626
KLVHHDSG,1454.1788990825687
VPKESQWNHDS,1157.834862385321
AEDEEKAG,653.3394495412844
EVEPRKHFDLG,1812.8577981651376
LFRNYKVPYNV,7095.536697247707
HQDERWNDVLS,2614.9449541284403
NALRDGQKRHV,2285.0825688073396
LEYGRVPDS,2663.9266055045873
RWGEPLPLQEYK,4550.908256880734
GHDHHLG,2359.97247706422
PEVLHQEDA,1676.2798165137615
VRNYSQALG,3273.697247706422
NHFQRYDLQNK,3730.3440366972477
GKSRHVVG,1533.0779816513761
KDVLEPANHQVG,1350.788990825688
FFSYRHLG,4595.114678899083
AGWDRWFEWHA,18563.830275229357
VWQSYLSG,7220.637614678899
QYFENGPRND,3769.8669724770643
NLWPRPSG,5192.408256880734
VHPYWPALS,13983.715596330276
WFDLEQKSG,3337.2522935779816
SVASFPGRDA,2643.6743119266057
GLQNVNDVLSG,2292.738532110092
HEEWSEVG,2486.4862385321103
AGRSFSDVA,2729.440366972477
KNANVHLG,1711.697247706422
SPRRKVALG,1904.1743119266055
WAGPHHLGRNHG,4463.1697247706425
YSSFEVNHDVS,4112.798165137615
KPAPHRVALG,1809.4724770642201
WNELDVGRPWHG,14467.839449541285
DAHFKQWNHL,5138.954128440367
RYKQWDEYKGYH,5085.298165137615
DRFQKASG,1612.3532110091744
KRWNNAWVG,5795.142201834862
RSNEYSWKHDAG,2722.348623853211
GVEWQEPKLG,2443.697247706422
VRSEWVEYHA,6375.6100917431195
FVNFGRESG,3382.697247706422
NNRWADAG,3344.5229357798166
ANWQRALS,4600.4495412844035
WQFDDFKHVSG,7779.876146788991
WDHWKVFYNH,14015.481651376147
YLQFYQPVFHL,28473.683486238533
HLAWARSG,7053.357798165138
FVQAFPLFNHAL,23134.059633027522
WNYQHLQPDA,4683.1100917431195
RKNLALQKVLS,1909.926605504587
VWHPDRDS,3141.2247706422017
RQANEASG,991.5229357798165
FKVAQHENFEWL,9235.47247706422
QFYVAVFDEKV,27927.146788990827
RRPRESPYNG,2391.0
GRNWFYWNKVL,13539.463302752294
WGVFQYASG,15300.518348623853
SGQRVDGFENDV,2588.9954128440368
QVHVYGRENV,3899.0183486238534
KSKNAHVG,944.3440366972477
PNVARKFEEWNS,2893.183486238532
YWHVLFNFRVLF,26519.550458715596
HPERKSG,998.7110091743119
EQQYDFHG,2843.766055045872
QWWKGRKRHVG,2796.4311926605506
KEGQLKSG,903.454128440367
NQDPKQPYWN,3548.9036697247707
YRLHNVSG,4247.206422018348
EKERDVRPNG,1286.2568807339449
KNAHRWHVLG,4902.766055045871
EGQQHGWKG,1664.7293577981652
NSHSGKPVALG,1546.6376146788991
WRQKADLG,3166.6284403669724
RHVKWKPYHG,3666.3577981651374
RDGDEHYHVL,4567.51376146789
RVKEQNALS,1333.0504587155963
GNSPYENG,2210.238532110092
EWLFLGASAG,21026.977064220184
QHDLYVQLEWKL,28893.394495412846
NFHDEYFKAL,8336.399082568807
VPRKSRALS,1519.9036697247707
QVFSWKQFV,13718.11009174312
RSQLGDLHAS,2336.577981651376
DLPPVGEPWL,5351.422018348624
HKAWKEKAS,961.7018348623853
DSHKHDEKAL,863.5229357798165
YGNGWVSWALG,17156.54128440367
VHELVASG,2358.4495412844035
WDAWFNKRHVL,14297.573394495414
KLNVEFEHALG,4223.114678899083
PLNLALGNKA,3400.422018348624
YKQSKDGFEYD,2930.2844036697247
KSHVYQPHSG,2667.6880733944954
LPREWWAG,8610.555045871559
DQQHDYHDA,1979.0642201834862
SRHEAQREG,1124.467889908257
QQQQVASG,1028.2568807339449
DGHQWKVLEPHD,3352.8669724770643
ALRLQYGRSG,7944.068807339449
QYKRQHALGNVG,2869.3394495412845
RRGVRHLG,2950.729357798165
LFSFSDAG,5892.0
SWHQGEKG,1429.1467889908256
RAPHEPYEKS,1454.0963302752293
YGLDNHSG,3366.4036697247707
KYNPYREPYKV,4739.146788990825
PVSHNVLRSG,3899.0137614678897
WPGSQDVAG,2206.8899082568805
GRSNKLEPWHD,4173.0091743119265
DGFDQPARKHDG,2216.2522935779816
EYKWYQWKSG,5578.862385321101
KRVAPKRPNSG,1146.940366972477
WLFVEDFRNHL,25754.628440366974
NEVNKVANHDLG,2008.2155963302753
RVHRENFLSG,4778.48623853211
YAAVGQVSG,2513.1330275229357
LESKWKVALG,4070.6284403669724
HDARDAFAEKAS,1534.4174311926606
HGKHWQFRPNAS,4289.307339449541
RSLDSQASG,1368.7018348623853
EHQHYAPNHVL,4670.866972477064
YVKYLFHDL,12898.091743119267
NAKQPNNDVL,1578.7339449541284
YQHQFEWGPWS,19414.463302752294
VFNKAYWEPNDV,5225.862385321101
FLNWEPKSG,3823.211009174312
KSPGHVAWNKS,1692.2431192660551
LVAHNASG,2036.788990825688
DWRNKPNDLS,2272.3394495412845
QQYPPHLG,3761.605504587156
WYSDYDVAG,9008.642201834862
SDVFPYEPG,4499.3302752293575
AAFEVRYG,16352.821100917432
KLWLYDDVG,11143.481651376147
FGGKDFVSG,2603.3853211009173
YWAAQRPLFRSG,13190.114678899083
AKQFYYHG,7459.036697247707
PEKYGYSG,3569.6743119266057
WDGWLSSGNDL,12293.880733944954
VRAYKNLSG,2594.743119266055
HSWYVSHSG,9603.440366972478
RYRDGFHSRKD,3377.0137614678897
HLFPQWHAPNHV,8165.793577981652
WERGDASG,3599.293577981651
RPVKRNVQHA,1928.1284403669724
LHFGFKG,5333.243119266055
NSYNGDQEPYKG,1769.0
EKGSSNKDL,648.4908256880734
KPFNGVASG,1410.440366972477
AYGQEGASG,1444.5825688073394
QVLRPEWPYNLG,9371.215596330276
HSKFWDRNVS,4183.344036697248
SPYVPYNDSFRE,6239.784403669725
PKSHSGAPYNKH,1662.1697247706422
WGDYYDSG,9894.600917431193
AWQKSKG,1586.7385321100917
GVQFPVAGDVG,2764.830275229358
NQRFVAEYKD,5780.876146788991
EQGHGKVG,1186.2201834862385
LYFYARVLG,16566.798165137614
SVQWSPSG,4694.128440366972
YHYGGFRPWHVG,13377.408256880733
RGGQYYWNV,12012.940366972478
KQNAKAGFDLS,1867.6880733944954
YWYPNKGEPYN,5012.642201834862
QQRNDGWSRKD,2859.5183486238534
ERNHEDRYS,2067.922018348624
KVDAPWGPH,3852.0825688073396
WQVFPSYHASG,14351.80733944954
RAAENLYVAG,3801.9449541284403
WLGHEVARALS,7530.412844036698
PSFNQYHQASG,3852.4174311926604
WGSARYSG,7604.660550458716
VKSRFAG,2160.9816513761466
AQWYLEPWN,18359.825688073393
QFPVSEPEKYDL,2425.2798165137615
DYVFAWASG,16441.977064220184
WKGRWHLPYGED,8872.04128440367
QGPANHRPHVS,2158.243119266055
WAYHYKNHALS,6855.90366972477
SYWGAKLG,5002.467889908256
YWDDYNKPYH,8296.454128440368
PYVRNGFSQPHG,7118.206422018348
FQYEWHFEY,25307.45871559633
AGQPHEFRPKG,1510.3165137614678
KERAQELG,982.9862385321101
GPKALAFNHV,3098.0963302752293
LVGWFNKHV,10103.440366972478
FEKSRVQHFRYA,7414.532110091744
EDHPGRVG,2208.0963302752293
HLYQSQYWHVL,19474.371559633026
KFYNYDENVSG,3635.646788990826
YRWHDQRAWNDL,11670.100917431193
AEWYLHVSG,14199.908256880733
SHDKWKASG,1437.0825688073394
GRWKNHGEKLS,1908.0688073394494
RAPSSPYWA,6714.619266055046
AQFLAFWDLS,36316.68348623853
FQHDQHSQYND,3510.52752293578
FYFGFDLNKV,5188.238532110092
ERSDWHDA,2492.6605504587155
RLGVHVGPVAG,3967.0412844036696
RHKKRYHDVS,1440.6009174311926
RLVAWFYWSG,28692.532110091743
FLQRRPKANKLS,2461.9174311926604
PKREQWASPYA,4785.963302752293
DEGKKLSG,815.3394495412844
RSFVGNFDL,11158.119266055046
AGKHNAEPWKG,1644.6559633027523
SQRKVFKSQRD,1629.697247706422
QEWDRKHVNAD,1892.1605504587155
PKGLLQFPKL,4791.729357798165
GDSLVSG,1850.3302752293578
RESWYKHAYWKG,5937.422018348624
FQLLYNDV,13274.977064220184
VKLQELNLSG,2023.0366972477063
PHRFAFWNKHS,6630.307339449541
ALDWYNHDVG,6373.082568807339
SYSYPWSG,7409.142201834862
QDQYNEPGRD,1862.3899082568807
PKRNDLPDVLGR,2590.4495412844035
ESHRFHLG,4445.385321100917
FKLSAPHRPKHA,2714.6651376146788
HWQVSDVG,3763.229357798165
VAHFPQHDG,3149.422018348624
YWDNWFHVSG,14401.371559633028
EFAGVGNKHAL,2335.8899082568805
YRDEGYNSG,3174.064220183486
APAYPHVASG,1878.9724770642201
YGRGELVLG,5213.266055045871
ALWLDGREYNS,10236.366972477064
HPEDLKVAS,1055.98623853211
NRSEHENG,1175.8394495412845
DFYQPYPVLG,12622.142201834862
NENFFRKHA,4503.917431192661
FNEAGPFPHDV,6339.715596330275
KQKHKFYWKDV,1696.3715596330276
VLGPPWFPSG,11440.779816513761
AGKPHSQKDA,898.5183486238532
SFQLGPWKHG,5826.087155963302
KGPSHRWKG,1596.1146788990825
RNFAEKFEDL,2439.4908256880735
PDDGQVYKG,1640.926605504587
RAKNGRNLSG,1397.2981651376147
RSSAASG,1199.9724770642201
QFLQSFVAQDLG,7871.0
FYRPLRSWNDSG,6206.165137614679
EEQNWKAS,1150.1146788990825
FNGHHDQEVAS,1780.6697247706422
WHWVWNYKL,15860.926605504586
AYWYYWAS,10638.435779816513
HRAQLSKDA,1469.4128440366972
QYLPPLGRENH,3193.0550458715597
HRKQASHS,1094.408256880734
LGALSQDWNDA,3053.4816513761466
YRYDANGEYDLG,4888.481651376147
NPRAYWHVAS,5370.935779816514
SRKQSFDSG,1476.0825688073394
QNLKKDVFNKDS,1014.8119266055046
PQDWPYDLSG,6073.357798165138
LWADQPLG,5887.224770642202
HKPVKVAL,2160.5825688073396
YLWFVFPHDLS,22379.642201834864
PYAANDKALSG,1584.4357798165138
AKFPQPYDAL,3585.793577981651
AKRPRDVASG,965.9311926605504
WLPHSSQRWKH,5931.018348623853
RKPALHLRYNKS,2294.6559633027523
SLWDNLSG,5015.940366972477
FRASALSQAKHA,2476.7477064220184
FPAQVFVPWDLS,30816.60091743119
HGHPRNLG,3181.1559633027523
GYRNRWVA,6997.073394495413
YGGESNLS,1729.4816513761468
SEPRRVALG,2504.2752293577983
KVLFFPDPHG,11481.678899082568
EGLPYLNHSG,3057.3715596330276
NRENANLSQYS,3686.706422018349
DFWGEHQHVG,3785.3715596330276
HRPSGDVNHA,1274.908256880734
RGRLSLFDVAG,5863.866972477064
PWKEGWGPWKAL,9256.08256880734
DEYSHASEASG,1513.967889908257
ELPSLWNHAL,3833.669724770642
FWGNNDRENSG,2491.1100917431195
RSSFHAFEYKS,4695.94495412844
RPLYKHDDSQPY,4533.068807339449
HRARQPASG,1591.3577981651376
VPGQKFKG,965.4036697247707
KADGLGPWNHD,2775.7522935779816
FNVLLNASEL,9637.766055045871
FLSSRKKHAL,2399.669724770642
RPRNHVQFQPKA,2512.52752293578
NHYDAENDYNHS,2558.4770642201834
GYPLFSG,7933.087155963302
WGYQGYWNHV,12193.330275229358
KKLAESG,782.197247706422
HFRKHQKGWDL,3814.1146788990827
QEDYFPYLPHV,7305.270642201835
PQPENREHLS,1166.3119266055046
FVRGDVRLSG,4291.821100917431
FDLLRVGFKS,9302.064220183487
ENQLYHEYNDVS,2999.729357798165
NSNDSHYVAL,3740.1651376146788
GPLPYSGNL,3673.201834862385
ELWNHRHWHVS,8274.298165137614
NQLVQDG,1732.2935779816514
QDPDHVRWNKH,1929.073394495413
GDFVQYWKHAS,4713.591743119266
DYKKHFYWNKG,2731.1559633027523
PDNEYEYWNLG,6975.279816513761
NQGLNDLSG,1540.2935779816514
KPDDAWHLS,2007.045871559633
QRGYGPHGHDV,3386.02752293578
DRNEYSQWKDV,2581.577981651376
WLHEYWAQAL,16714.52752293578
LQYVYLHVG,33707.03211009174
AHAWGKLG,3432.0
KWDDGVLG,3317.408256880734
ESKAGVNVALS,1140.3623853211009
FPVPNPHSRKG,2547.729357798165
KDWAEPSGFEHD,3147.0
YRKRWGYHSG,5391.995412844037
PKGPHDNDNK,802.8073394495412
LKDWWASG,4669.325688073394
YSPNSPDQKDL,1156.834862385321
HEDKNASG,879.8073394495412
RHEGSGEPHL,2078.5825688073396
FAEKWDLQEHS,3023.2477064220184
PVEPHARNHFHA,4701.022935779816
YPELHDALG,3071.087155963303
LAALPHVLG,6360.715596330275
NKWNDQKQNKVG,1170.940366972477
NVPKFKARPAG,1681.5504587155963
GFNGPHDQDAL,2849.7201834862385
SFPNAGEVQYWK,4029.770642201835
WLANYNAS,5598.866972477064
YPRSRVLG,4096.339449541284
LLGYSKVS,3840.756880733945
GKYGQNG,1530.4357798165138
RRLEYGEPHVAG,3253.059633027523
PVSPVFSGHA,3115.2844036697247
VDWNAVLSG,4825.146788990825
HQYFQRYLSG,10613.045871559632
VRPDYKQPYAS,2352.2798165137615
LDKQVASG,1041.0091743119267
NWKDNAEYVLS,5236.931192660551
NVGSSGDVS,1221.5
NNHGFLNKDG,3067.169724770642
QPAQARKFHV,2770.711009174312
DSGPQRSFEYWH,7022.651376146789
FLANVARVAL,11593.316513761469
VNDNLPLG,2230.1100917431195
YQVGNVGHVSG,3188.5412844036696
FAAYFRHDLG,9913.775229357798
FYKARWAQYREP,6454.683486238532
NKWDNASGNG,2019.380733944954
RASAHLGYG,4901.674311926606
YPDFYQKHLSG,5732.091743119266
LWGSDVG,4349.784403669725
KLEQFEYQEHG,3680.646788990826
KFNGNFPNLG,3703.706422018349
VDAVKHSG,1312.6605504587155
RGYNKNSGRPD,2054.830275229358
YHVDGPSYKA,3508.3073394495414
QLHKHVQHDVG,2123.059633027523
YSNKYNPDS,2370.6559633027523
HQQKLPLG,1734.151376146789
SKVFPPVSG,2309.756880733945
RAWEAGYHS,6316.614678899083
LEWFWVREPY,22036.477064220184
FRLEKGYGWHDS,7167.495412844037
WEWSDYWNVG,17487.853211009173
YGRKEDRNAG,1613.0275229357799
AYEKDPG,1073.366972477064
AWQGQPDVLG,4093.3394495412845
FWHLGAKHVLW,16635.646788990827
NENLKSKDVA,1381.8211009174313
SWAAWVLS,17914.238532110092
VPAYFYVS,37113.88532110092
DLKVQHREYNV,3392.52752293578
PGWAAEYWNK,6796.564220183486
HWGYHEALS,7524.747706422018
PPRQFALSG,3367.967889908257
VWDWFPNDVG,11954.871559633028
GQKWFEKALS,3099.9449541284403
WDDGSGPNHSG,3431.5366972477063
KAPKDQHGRPL,1436.9633027522937
PGWHENGYKL,5911.302752293578
PLYEVAQRDG,4954.5
EYPPKVWNHDAL,3670.435779816514
HGSDVQDALG,1823.7385321100917
QGHLNVLRYNL,15497.98623853211
FEGYVLWVSRPV,44563.28899082569
KKYSNKVALG,1523.9954128440368
GDARVEWKHAG,2159.6009174311926
VHFPLFAG,17567.5871559633
VHSQLWAL,11939.201834862386
EYKQNDEWLKHS,2072.077981651376
RVLKDAGQRVLR,4108.325688073394
PPHAGYQWDLS,6756.779816513761
LRPRYFENVS,6772.935779816514
PDPLYVFDVA,22469.1376146789
LKDFRRDSG,2300.623853211009
FPDDFRNAKSG,3332.1605504587155
EAAWLHLG,6692.697247706422
KENVRPAEVAG,1128.045871559633
PNGDFYDPKV,3146.197247706422
FYDHLFKGVG,4505.229357798165
DYEDWAG,3432.064220183486
YFKLEFPYNH,12498.995412844037
GQFNNDVEVSG,2466.967889908257
DEYVPLGDVLS,4436.995412844037
KVEHGFNKAQRD,1708.288990825688
PPVQQPVLG,1726.1834862385322
QGHGDAFPYS,5035.683486238532
QYGYAGQNRPW,11985.059633027522
DEQLWHAL,6454.857798165138
PNLRSKLGYS,4694.981651376147
RNQEAGQWHQFP,8500.848623853211
LYRNYALSG,6793.995412844037
LNGVSYAG,4437.619266055046
RQLPDPLG,2162.3119266055046
QHWYWDQYWAL,29353.646788990827
SNAKNDLS,1157.2935779816514
KHPKRQFYVS,4356.353211009175
KWSAPYVASG,4170.385321100917
SFDDRPALSG,3005.9908256880735
QQLESQDG,994.7706422018349
NEENEKHALSG,1179.2477064220184
HPGRPRWLS,9231.06880733945
NHFDYGYVLG,15100.29357798165
RASVSNHQS,1686.8302752293578
NFNSVAWNKD,3581.8256880733943
FANAKVEKL,1591.7385321100917
HNRDRPG,2119.454128440367
DAFPEPEKHD,1418.908256880734
NVRYREVEWHVL,15741.70642201835
PFVHVWVAG,21810.05504587156
WRDQQPHDAL,5322.495412844037
KSVPVNVLG,1742.3577981651376
VSLWGWAS,11980.142201834862
EPHDWSPDSWN,5902.1697247706425
PWALALPHDGPL,17831.091743119265
WPHPDHVSG,3713.119266055046
YFDYFRLG,5739.564220183486
WGNAELKDVA,2212.3119266055046
NVYFHRPDLG,10913.908256880733
FLYVWSPWKD,13862.087155963303
AGWPWREPWNK,9064.133027522936
WKSFYNDKLSRY,7428.844036697248
EARQQYDVAS,1509.7798165137615
AQVKQPLG,1385.9587155963302
QRNWHASRQRYS,7313.206422018348
VYAYDQFG,10217.577981651377
NSQYQNKAFRNK,2240.0091743119265
RSRVPKLSGEYD,2419.5366972477063
DSKRSRYVS,1776.073394495413
NGGHPKSG,1535.9449541284403
LSWEWHPNKH,5784.224770642202
YFKAWWNVALS,13235.344036697248
FRVEAFPGFES,15972.133027522936
FLLLHVG,21485.66513761468
ELNGDLWHG,4808.954128440367
KLPYFKGQWNKH,3906.6880733944954
YHEWFPYVAYAG,17055.357798165136
PLFDWNSKAG,5631.201834862385
DGWAVSYLS,21856.729357798165
PALEWFEWADV,24756.701834862386
PLFNGDAQRY,8168.857798165138
PQNHVRDSYNH,3766.733944954128
RSFFDQEYWNDA,10233.587155963303
NDREAYAWHVS,7977.0091743119265
PKGYFEGQKHV,2418.5963302752293
ESQHANASYA,1749.6880733944954
HRHKRYKHD,1680.6926605504586
VNYWLEALSG,9187.435779816513
SGWALVFPYNS,32313.844036697246
SKRDVVSG,1436.4724770642201
PPDNPHDG,1503.2844036697247
DVKQSQFPYK,2097.3669724770643
RQYSRLWHDL,11954.348623853211
SQQARHDVL,2210.5825688073396
EPFVGFPDGNH,5705.784403669725
LEYVEAGPHDG,4921.45871559633
LWEWHNLG,12668.311926605504
AVLQYQWNKD,5155.238532110092
HSVNYKVG,2630.9036697247707
HKVFDSGFYASG,7871.243119266055
GNYLYSG,6601.756880733945
PHRQKDGWHDG,3478.454128440367
AWASHVEVSG,3206.4036697247707
HAELNLGRNKSG,2332.8119266055046
VHQFAQPS,3081.821100917431
YDPDSPFWHL,12175.738532110092
WGEFAWNHAL,20034.876146788993
VDVKVNDVL,2295.243119266055
YFQLWAS,9689.93119266055
WAGPQFHSFNAG,9273.93119266055
AQFLFKGNKHDL,6095.426605504587
PAAHWKDVAL,3147.321100917431
WLVNVSNKHV,8507.977064220184
VLYWHPWLNV,28774.454128440368
ADLFEEHAG,2275.3119266055046
PEHGDQNSG,1224.7706422018348
EPAKGFVQHL,2591.0183486238534
HANWLYKDVL,9880.885321100917
RSVALHLEV,10389.816513761469
RDSWRWNLPYG,16776.018348623853
QWVHLFWRWS,25252.79357798165
NQVEANHAL,1977.3990825688074
VDSNYDASG,1862.2155963302753
VDKVNLG,1393.4174311926606
YDWDFHSNALG,8344.490825688074
WPDGDPVG,2648.6651376146788
VFRLHQHDS,4088.2201834862385
KLVELEKAG,1194.8073394495414
VRYHWGPNSG,5703.518348623853
NAAQWDLHVASG,4281.963302752293
PQFFDFREHAG,7692.133027522936
AGDFFNHSG,3582.6422018348626
WVSRNDEPWNVP,6173.422018348624
AGEPLNSFHDA,2644.467889908257
YFWQQPNASG,4255.683486238532
KEVFVNHSG,2853.137614678899
LGFRAPEPWN,8032.747706422018
SPVHKDSG,1009.9311926605504
FRQHRPDSQWVS,6402.866972477064
LRFPAKLG,5008.59633027523
PGPLFVSRHG,9250.302752293577
RQSWEDSG,2781.5688073394494
ASHHENKVL,1455.5229357798164
WHGQDFRKGFPS,5914.022935779816
LNREDYG,2449.619266055046
QWKNPWAFYS,20363.01376146789
VQGHEWLSG,3353.954128440367
HFHWRKDVAG,4387.688073394495
ESNREQHDAL,1299.5825688073394
YEAFDLRENHS,4358.082568807339
PEARKNDAS,891.2201834862385
GRSPRLSG,2205.683486238532
QWLYLRPLRYKV,20521.802752293577
AFLHRPLS,7580.688073394495
WYWGRVRNAL,11245.298165137614
QVFAFPYHGEWK,11636.509174311926
KPVKKLSG,715.1284403669724
RHKYWDEKDS,1550.9724770642201
GRVYVWAG,17819.65137614679
VKYSVAG,2329.605504587156
ELDLNHHVSG,2467.4036697247707
EWQLVSRPYWH,27512.536697247706
ENANAQDARYAG,1675.3440366972477
LPDRLREPKH,1692.9816513761468
SWVVHVG,12683.252293577982
EHNVGQALWNK,2221.5825688073396
WLVKGRKHAL,5353.151376146789
HSLGNKYKHD,1807.5504587155963
KAYGPYLSKVG,4365.674311926606
HSSPRVALSG,2408.3990825688074
LRELVEYNG,9098.302752293577
EQPEVQPWNG,1651.0183486238532
LRSEWDVKSG,2381.4770642201834
PSSLALSG,1744.8394495412845
QVQEDRELFEAS,1892.967889908257
ERDSDQPWKHDL,2176.201834862385
NSDAHSQVSG,1343.6559633027523
EFADVWHSG,4552.788990825688
VNLLWSG,8263.536697247706
LFKQKGQNKAL,1515.605504587156
ESDNVNSG,1105.9908256880733
GGENDDG,943.0779816513761
KESHDWSG,1663.6467889908256
KGHDWKREG,1155.0871559633028
EAEPLEHAPHD,1325.454128440367
NKSFEQFVSEVL,11310.857798165138
FNWHVHLRWNL,22174.95871559633
WVEQWHPNHA,6962.431192660551
HLEWVRSQDVA,5539.536697247707
GKYWPNHLG,4575.637614678899
EEHNRHDG,1493.073394495413
RNFENNSGQWDS,4107.321100917431
LVFLKAG,12927.463302752294
KRRPLFPG,2755.4816513761466
RQPVQLRPS,1830.6834862385322
KPGRVWALS,4290.922018348624
RLGKFEPRPWKG,3431.045871559633
HYVDDALSG,2908.7477064220184
QQEYPNYKS,2726.637614678899
RQDKHHVLG,1739.4128440366972
WLHSGWNPWAL,25191.477064220184
EKSVAPYVAEN,1150.2431192660551
LFKLYQPYN,7856.880733944954
NLPKGDGEKAL,808.3577981651376
LFPPGRWNDVA,3936.5366972477063
NHYPWREPVG,4558.334862385321
ENFPVSAGQRN,1495.866972477064
LVGEWFLS,16479.48623853211
QNSHQFVEKDL,1843.8211009174313
RLYVNGYSG,7950.412844036698
VLSVEPVQSG,1801.545871559633
WYSEFWSG,14228.5
AEAQEQDVSG,688.8394495412844
YWLWHGKSRKH,3920.9587155963304
GDFRQAG,1784.4633027522937
HYKEHAEYK,1246.197247706422
QLRREWDNHDG,3743.1651376146788
GEHKGWDVA,2167.3073394495414
DWKQVPYKHAS,2022.7522935779816
QWGPSVYDAG,4424.064220183486
ANPRKALG,1461.7614678899083
PSWFAPLSG,11144.922018348623
KPHWDWALS,5942.311926605505
YVAHQKASKVA,1656.545871559633
LQNEYREHDVLG,3155.559633027523
VDYKPVLSG,1924.5045871559632
ARQHGHLG,2459.5091743119265
PQRENFWFEALG,13906.646788990825
GQSYDSVSG,1748.2018348623853
KFNDSAKDLS,1069.2431192660551
VVSWNEVALG,5312.665137614679
NHSQGWGEYVG,5011.756880733945
FLLFYWEKVAG,13420.394495412844
PAYKSLGFPYW,15376.88990825688
WFRPKLLSGFN,11028.077981651377
RERKFENRYWG,4710.188073394495
LLYHAPKAG,2882.5045871559632
LYAVRVALG,23358.38532110092
KLFSSGQPYVL,11708.064220183487
KLGRGFRFREP,4308.8302752293575
YPRRNDSG,1834.4449541284403
WDQYRPGRENV,4438.587155963302
QGSRAKLG,1354.6605504587155
YHHPLGYWVG,15346.477064220184
FYEKDGSNAL,2636.9816513761466
QYAQFRSGYNSF,12642.47247706422
RDRLKFYWNVG,8315.844036697248
PWANLWKFNLS,15043.894495412844
KVHAVLFYLSG,24363.077981651375
LWEVQLSG,7858.064220183486
QVFENSGGHDA,2314.211009174312
EGQNREYQPL,2388.8715596330276
GEPEWGRPNS,2115.1605504587155
LDRVVAS,3164.7752293577983
RNKVKHSVFKV,1478.6697247706422
NASLLSQYKA,3545.5183486238534
RLGHEWNKQNV,2454.862385321101
QQFPLNDGFHVA,6823.518348623853
PVPGRQFYNKDG,2966.8990825688074
RPDYSPYKWL,11696.37614678899
FDFFYWYWDVS,16262.591743119267
HGQAQKSDVSG,948.7247706422019
HNGHAKG,1163.1697247706422
SPPHEVG,1442.665137614679
PYWLQKHYAREG,6898.633027522936
HYVVYDLG,21820.0871559633
QGSVEHSG,1357.0688073394494
QADAKSGWNLG,1805.045871559633
YRQFAQKSG,2825.197247706422
FQQQDVS,1751.3577981651376
YAKVQFFPNHS,9750.79357798165
PQQEDLVG,1464.6880733944954
LRFQVSG,6626.683486238532
KVPLAYWNHL,7932.481651376147
FHSQNQEWKYL,6099.582568807339
LFYFRDAPDVAL,12888.70642201835
VREGQLRWDVSG,5867.8899082568805
VWVYQHAS,8754.408256880733
YEFDKDALS,2806.243119266055
WGSFRYWFNHG,17274.188073394496
WEHNGDLG,4810.316513761468
HNQWKYNKHG,2829.848623853211
HEWGQWFELG,18544.79357798165
EFAFSFELS,56919.83486238532
PYLARWQFYG,27671.467889908257
DVRYQNLSQS,3937.362385321101
QHRRSGPWNKS,2302.454128440367
RWRAASQFEN,5342.720183486239
HEHLEDYSG,2508.408256880734
PKPSSFEDVAS,1301.1100917431193
VRHVDVFRHG,6134.467889908256
VARNQKLSGYVL,6752.637614678899
SYLRHQLS,5302.45871559633
YSQLSVSPWD,13055.266055045871
YQPVDASEPNS,1339.2522935779816
WGGLYKDVL,9680.302752293577
QYPEDQWKHVA,2417.5825688073396
DAQGLEPKAS,1003.4311926605504
HWVKDVFWDAL,17635.270642201835
FFYVWQFVSG,16273.37614678899
WSERASRWNV,9812.61009174312
NAGDRSFDG,2450.935779816514
HASLGRNRPWH,9254.894495412844
RFDSDGEPWVA,6075.119266055046
WWNGWKDNKDS,2902.7201834862385
VVASAPKS,1423.3256880733945
GWKRHYHDVG,4481.899082568807
RKAVNLFEWNL,9317.339449541285
PWVYDLRRPYK,14437.729357798165
KSHSFFYNHVAG,4913.770642201835
WGGRWRNVLG,11771.69266055046
NVKFQWNVLS,8411.279816513761
KNAWFWDG,10947.233944954129
EEWSYSRDAS,4342.853211009175
QQDRKSYWVA,3765.2844036697247
FHFLWDRHVS,12124.577981651377
PDRAQDRYDS,2199.9311926605506
APQWFPYHLSG,13432.47247706422
HGPNPKFNDVA,1739.151376146789
GNPGALSG,1841.3394495412845
VRVFESQPYD,7382.770642201835
GLQRKNSG,1375.0045871559632
EHDWRGWHL,12243.220183486239
EGRNYPWNLS,6168.022935779816
DQHVSVEWHDAS,3605.261467889908
VYWRKEYVAS,6358.477064220184
NDDLQYNYNS,4575.302752293578
KAYPDARWNHDL,5033.784403669725
PRLPAWKHDVL,6214.876146788991
FHVGHFQWVS,17291.903669724772
AWSNPHALS,5717.261467889908
RKRKFPDAGQHS,1161.2155963302753
SVAHFVG,5319.174311926606
FPPSNDVKAS,1215.9174311926606
HLKPPDAS,1173.9128440366972
GQQKHQDVSG,939.9587155963303
KSWNSEDSNK,1126.8990825688074
YWPVVSEYNVAS,9967.220183486239
YEKLNSFRKVG,3441.032110091743
SHFYQDG,4984.417431192661
FVEADVAQENVA,2059.2752293577983
LEVYHYKDVALG,7277.133027522936
SKRPQKHDVA,1321.6146788990825
LWDEFDVLSG,7910.091743119266
YLQSPHANHDS,2688.591743119266
DKQLHALG,1399.1238532110092
VGQQGNKLS,1268.165137614679
QSGFYLDQEDAS,4298.619266055046
VAKGELYWAL,8306.990825688074
DKVHANASG,1085.3256880733945
SEGAFKG,1878.0091743119267
FQLRDYVG,7666.394495412844
GERWDDSG,3470.3577981651374
GFYNFRRNHVA,8163.5504587155965
FFLAWHG,10911.743119266055
HSNGHWKHAS,2385.8577981651374
HNDEPEVASG,1034.3577981651376
PSRLEAFEWKS,3508.3853211009173
AVSQRGKG,1220.165137614679
VFLAKHDVAG,4711.119266055046
YQPSWQEPWL,13745.188073394496
SDWGNLSG,3232.0733944954127
DGKDVPPWVA,2705.6330275229357
KGEYYWDAREK,3031.935779816514
HNSPDELSG,1605.3990825688074
WHHLFLYKDS,11978.720183486239
PRKDYAGEPHS,1534.3256880733945
AQARHSEAG,1001.4174311926605
YYHNQEYNALS,5468.307339449541
GNVWDNSG,3748.105504587156
QVWPQKHDVG,2801.6880733944954
EFFQVLSG,15274.912844036697
FYFSDLWKLS,5145.582568807339
AYRHWLSG,8496.990825688074
RAHDLWEPKS,3141.545871559633
YPHHDDVS,2674.6880733944954
QYSWHGFNVFV,36197.422018348625
KEKQESPNLSG,983.7018348623853
DGNNGRVSG,1862.7431192660551
WLVFDVFREY,36113.1376146789
NHRYVQEHARPW,11613.151376146789
GLGNVDLSG,3095.169724770642
PVEKEYSNVS,1811.454128440367
YEYDVRDFHA,8626.463302752294
PNWKQPWVAFPL,27686.243119266055
GAEQNLSG,1559.9495412844037
AGDNHPHALSG,1909.151376146789
KKNDDAG,847.4770642201835
RHQFVNDYWDL,19873.857798165136
KVEEHVQWNG,2225.683486238532
LHPWHHG,7442.95871559633
VYQKHFSG,4433.614678899083
YHLRQFPNKQRE,3015.0045871559632
GREVLHAWNLS,10333.69266055046
NAVNKVGNVLG,1833.3577981651376
KGSLRPG,1743.6376146788991
KDRWPVFKHDL,6664.032110091744
AEPVDKHDLS,1178.1422018348624
GNVLRPQYS,6469.532110091744
NDNPLFAS,6582.073394495413
QVVLDVQRPVA,5898.293577981652
VGHYFPWKHA,8590.151376146789
SFQYYVG,9791.844036697248
FGFWREYDQRH,10321.128440366972
WHYENKFRKA,3544.788990825688
FHLEEWNDALAG,6735.963302752293
VKSDSNKAS,847.7752293577981
EKGPRHAGRNDG,1566.7064220183486
PWVAWDLALFEW,40100.87155963303
VPWGSQREHVA,2905.853211009174
GLGEQHLG,2240.146788990826
SDRNKDDG,990.9220183486239
DRYALDRSG,3277.0091743119265
QHHFKPWHDLG,6715.59633027523
DDYAESG,1427.591743119266
RDDDPYALSG,2953.8669724770643
SQEAALSVSG,1535.2752293577983
WGDEFHDAG,4636.371559633028
EQNGVKHVA,1171.2568807339449
HGLPEYASG,2802.0963302752293
RQWRYNDDALS,7158.4908256880735
VYARVPAS,3527.577981651376
HDEPWLQRRKAG,3651.848623853211
ELLKYNG,2502.678899082569
PPLWPYLG,14325.665137614678
WWQDEWSG,10710.238532110092
KFHGPDAPKVL,2231.733944954128
QEKPQRKHQYWS,2593.302752293578
GRFHYWHDG,10463.545871559632
VPWRPFHALS,15596.56880733945
APFNPLG,3701.7155963302753
EQEEQPNHDV,1121.032110091743
LEAVKVLSG,7557.775229357798
WGSDPYDVALS,9472.509174311926
HYSKQKVAS,1685.8165137614678
VRSSHAG,2017.6284403669724
WQGPKAWHDS,4906.922018348624
GFQEHWSG,6174.665137614679
PPGPFKLSG,2090.830275229358
DDSEDVDG,1029.573394495413
RLVYDGLSG,8265.064220183487
YARNHPLSGNAS,2706.651376146789
NHRGPYDAQFNK,3794.3577981651374
YSSWSNVLSG,5957.247706422018
NPPWDRVSG,4137.8899082568805
FAHKVPKLSG,2727.064220183486
YEYVQVSFVS,33460.11009174312
QSEFYQFEWVL,38257.65596330275
GAWQPALG,5352.802752293578
DNVEPSWNKVS,1614.9128440366972
QKEPKFASKA,839.6238532110092
GRAFGPLSG,4999.247706422018
YDQPQRALENA,1975.6376146788991
DHYVKDALG,2363.1009174311926
HYHKRSG,2110.587155963303
FYGERNVAFRYA,14546.183486238531
QVLHFPGRNDLG,6398.48623853211
FREPVDFKDVES,1848.6100917431193
QYQAFYWGYNHL,15967.747706422018
SRVAQYWAPNHL,11747.825688073395
SRNFNAKDS,1814.8853211009175
YGLHNASG,2738.270642201835
VHLDYDSG,3529.830275229358
PLHRYARSG,5093.073394495413
YGEKAVSPYK,2748.9908256880735
LKDFPSQEKL,1239.9954128440368
PKRRLWKHDLS,2316.5688073394494
SFEGWDFWHA,17736.857798165136
PHWGQWVGKD,5513.45871559633
EVPKGYVQFRN,3138.1009174311926
FQWFLQEHAS,10562.165137614678
AARHGPG,2154.376146788991
WDEWVAKRPNK,3521.9449541284403
FEQSASEWNKDG,1532.7614678899083
AQQPLWLSG,5777.284403669725
RPVASASRYSND,3368.9449541284403
ESLHDDSG,1209.880733944954
VGFSYHGEYKL,9676.197247706423
QGDAHAFRKVG,2528.5366972477063
ESNEARPWNKAS,1206.4770642201836
KFKNYALG,2967.0504587155965
AGFPYYWKQAL,11777.688073394496
GFGLYWSG,14230.201834862386
YYLWVESG,13926.79357798165
YQKLRGNKVS,1582.0229357798164
DNLDNLG,1859.4311926605506
FEVLWRWLQFD,35725.633027522934
VQGAFPG,2584.0091743119265
HQRSHSFPKHD,2602.353211009174
KRYKKSGEWKAS,1004.2981651376147
SLGKFDVALSG,3054.6743119266057
PYELRKSQNAL,3814.7522935779816
WWNKHFRPLQFV,22638.032110091743
VRNNNAG,1949.894495412844
VSGEYGGPLS,3063.0963302752293
AFGPYGASG,4198.518348623853
PEQEYLSWNG,4800.899082568807
FSEQWKQELG,1941.7752293577983
FNAPSGPHEYNL,3714.1100917431195
RWKKEKGYDV,1297.5183486238532
VKQSFKLS,2150.440366972477
QQFAFKLYWKL,24806.408256880735
EYPEFKHDVAS,1677.1834862385322
KRANWKLS,1526.848623853211
HLWGEGWLSG,8389.729357798165
QWRGDLGVLSG,6180.059633027523
VQRGQEHDQFDV,2079.669724770642
AQKYDFNKH,1487.0045871559632
EQWFLSEYHVA,13523.243119266055
EGPWVVAEPK,1716.8440366972477
LLYDAQSG,2422.1926605504586
DYQELQASG,1321.01376146789
YNRASKANDVS,1367.1743119266055
LSVFVARHDVA,14179.51376146789
HHGWGVAG,3262.876146788991
RDGFEAEDYHS,3568.591743119266
VNKHWAFRYKL,8468.146788990825
YHSYYVLSPYLG,14273.0
EFDEDQDAS,1114.0688073394494
WWSHLALG,12875.58256880734
HSNSKVGRAS,1694.348623853211
YVDLRHPYKDS,3588.5045871559632
LPGPLWVLG,12061.655963302752
FFVLHDAQDLS,7393.761467889908
FKAYGFPHREPN,3727.105504587156
EFDRFYDS,6087.087155963302
PVEVWKFNHVA,6389.963302752293
AGNQPKLVSG,1263.7064220183486
RRKKAGNKHDG,689.0688073394496
VFKGLYKALSG,3896.3440366972477
WWLDARDVAS,7725.688073394495
WPDSDFYHS,7680.4908256880735
QVSGYDGPFDS,5283.311926605505
YDEREDFKLS,2344.422018348624
YDHKQPLS,1759.2064220183486
QEDHLPYRHDAL,4589.4495412844035
RLSELFGFKH,9141.490825688074
KQPVYNLYNS,4062.435779816514
QWYGHVQREVAL,8341.316513761469
DEFLALSG,5133.077981651376
SVFHVYLS,28240.6376146789
YRWNGSENA,2476.2798165137615
LESREVHDG,1906.3165137614678
YHSGAGQYAEND,2279.435779816514
HSNWQPVLG,6050.197247706422
VFRSYGWDG,11340.155963302752
KSDYWVALKS,3430.0229357798166
VHSWNPVSG,3255.5045871559632
ESEYFYWGQHD,11355.284403669724
VRSDAHAG,1515.4724770642201
EYYKPNSQFPKV,3403.2752293577983
ADGPWEPSG,2890.619266055046
ELHVQNKPKDSG,928.3669724770642
DSAFWYAG,10906.02752293578
NWRYKRVSG,3929.0366972477063
QAKRASRPYWDV,5166.536697247707
PKVKEWFPKHDS,1742.7981651376147
NKFNASPALEPD,1570.7247706422017
RAGEVWLREPV,6636.853211009175
VLAGSKSG,1631.1788990825687
DYVAKFYNHLS,7834.261467889908
EGPPNDFEDS,1388.1376146788991
HPYDARVAFNVS,9566.275229357798
RGGFWNDGDLS,5860.082568807339
REKPPQEYDL,1445.5183486238532
PKPASQFQNKAS,1184.7660550458716
PGEEQRPYHG,2635.261467889908
RQHSHRPNLG,3124.105504587156
DAAPDVYHDAS,1864.8577981651376
HPQHHAS,1842.2155963302753
NSWPPWLSG,13588.302752293577
VHAVNHLG,2938.1743119266057
RQWDNPNHVS,3936.2844036697247
WDHPLSQFYWK,16591.201834862386
VQKQVSQFPWL,9448.80733944954
QFGVGRLEYN,10063.52752293578
SHDFGNALS,3432.0825688073396
RGADAWALS,4220.082568807339
HYFLVLSG,29186.403669724772
YFWKRDGQREW,7598.720183486239
PQFVARKRWDL,9263.697247706423
KVRFEPGKLG,2139.435779816514
PVPWWNVFEWS,26477.577981651375
KWSNWDVAL,7618.059633027523
ANDEKREYKA,849.7110091743119
ADLQASHVAG,1724.2981651376147
EPKQSKVAGL,880.440366972477
LEQPQFLS,8159.720183486239
YKAPRWVAALG,7136.293577981652
SQPFKVREYKD,2129.591743119266
RDNEGYALG,3387.229357798165
FWRHSWNSRNA,7171.48623853211
PYRQQFRWNL,15028.211009174312
FSFPANHFENAG,5116.605504587156
VSEFELWVG,25194.169724770643
YQGAQNAG,1946.6146788990825
PQYYSPVLSG,9527.628440366972
PYGWKWNLSRLS,11797.38990825688
DGEGDFEPYNL,4919.894495412844
EVNASAQDVLS,1267.3119266055046
PVAPKEHVLEW,2849.1330275229357
GKAKKAG,608.6192660550458
FNSFGELEKG,2363.0733944954127
GEYNNQNDVAS,1726.1697247706422
NSWHDDANKH,2313.97247706422
PSGWPLREYNDG,7058.8302752293575
GHAQENGHS,1382.2339449541284
RNLSNARARPDL,3473.467889908257
KPGQSVG,811.4036697247707
KFPFGHALG,4568.48623853211
RGFEAGWSEKD,3435.97247706422
NRLWEHVALSG,8162.922018348624
RYALYKFEYDFN,31603.24770642202
RYYRQPNSG,4840.119266055046
PNQEPRPSRPW,6681.380733944954
FGNDKARPWHV,6552.495412844037
HDNEPEPWDV,3504.5733944954127
REKGWASWFPDA,7097.123853211009
PHNDYDSRVS,2772.321100917431
LYRPHRSG,4025.467889908257
NVWVKQPKS,2867.8348623853212
FSGKPHARPS,2643.0045871559632
GDVDVYVASG,6817.298165137615
QHVPGNYKVS,2111.729357798165
RFQAVLG,6128.018348623853
SEWPYGNSG,5375.8302752293575
LNGKAWHSG,3073.087155963303
VVYHNVALSG,5676.577981651376
PLRPQESYND,2113.376146788991
ESHDPEYWALG,3947.9174311926604
VKAPDKLSG,924.0825688073395
EHQNFRWDYKG,5434.5
YKGNHEYSGWHV,6972.720183486239
APPGKVLS,1329.5275229357799
VPQALWG,5641.215596330275
WNWHSQLRYDLS,19201.715596330276
HEEAPDVAS,1282.866972477064
QWQSGRERPDS,2006.9174311926606
GDVQVESG,1069.9495412844037
AHPQHASG,1689.894495412844
YDPLVSQRNDAL,3747.3119266055046
NRLKKASG,1293.151376146789
NHHDEHYKLSG,2196.6009174311926
RAEAYFWHLSG,12350.073394495414
ADSNQYLS,2449.1330275229357
EAKLGNSHVS,1291.866972477064
VHDSVWDSG,3408.169724770642
GPGHDWAG,3146.577981651376
YWQPNSWLSHDA,9429.743119266055
VYWWYDASG,12558.80733944954
RAPRESNLG,1558.1009174311926
FVLWPWHAQNG,13278.04128440367
RPYKNPWNQHDG,4404.04128440367
FNEHWKQEYHSG,4431.100917431193
KQSEEKG,564.1788990825688
EGGVSKLG,1192.5642201834862
HLEFLYNHDVS,12611.169724770642
AQWHKYDLSG,4008.706422018349
HHDKHPAG,1375.3623853211009
DGHERELSG,1299.334862385321
WPDEWHVHG,6729.435779816514
RGHHFHLS,6218.963302752293
AKAPQKSG,690.0275229357799
SPPVVAS,1407.1146788990825
SRLKYDG,3295.6146788990827
PNSNHAGHVFKL,6202.183486238532
WFHRKAEPWDAL,10893.701834862386
RFQNEAG,2257.7477064220184
HGENASHDGQA,1576.0183486238532
WNFWSQSWNKAG,8310.995412844037
SFFNVWSG,12448.316513761469
NFVWYVSG,26701.58256880734
RDLWAPNGVG,5224.885321100917
NGHEVSWNKV,2156.954128440367
KDPASGHPKDA,855.5733944954128
PVRVHFYHASG,11878.605504587156
PFYGSQYKVL,14132.344036697248
KYSLPHSG,2364.7752293577983
DVSYFNHGFKA,6558.114678899083
GPDGSYWNKDG,2263.4633027522937
AQVPFNLG,4015.7798165137615
WFFKSPALG,7976.6697247706425
DFPAPWSNLS,6101.40366972477
YSWEGENSG,2614.3256880733943
WSAQESVSG,2073.8577981651374
SYHLNLEPVAL,10212.555045871559
YQLSDFEPNHG,4304.95871559633
SYVVAWVAL,41703.26146788991
EFRFQFWLG,39832.64678899082
DGVYSFAG,9470.93119266055
NVEDKDQYDVL,2086.9174311926604
NFSVLREG,5708.981651376147
DWVYLFHS,28699.802752293577
KWKSQVSNASG,1669.334862385321
NHARESGWHFV,14962.761467889908
KVKLFNVPDVS,2939.912844036697
FSHKPWG,5069.366972477064
FVEPYKWSNDL,8061.463302752293
QAFFFYWALG,31642.16513761468
NWAGYLDASG,7691.788990825688
QASDVLALGYDA,4864.165137614679
PFDEADVASG,2003.5091743119267
KSHHPVLG,2186.793577981651
PKYVYGKDVLG,3797.0183486238534
SYVAEWDWVAS,13925.02752293578
NWQPNDWALG,10502.344036697248
EWRDWVSYWK,15929.183486238531
VQYFPRPYVLG,24013.857798165136
PSKFKHKLG,1301.6743119266055
YWYWYHFEPKDS,6044.481651376147
DHVNKNKSG,934.454128440367
KNNQKAG,764.0825688073395
DSSSHVSG,1205.302752293578
LYVRSYHG,9775.688073394496
SPWWNRYWKASG,10022.11009174312
NHGRGFKVHVAL,10850.949541284404
HKSDGLSG,1307.5642201834862
HVAHRHRYKD,3222.4908256880735
FYLSKFYVKVA,13907.70642201835
YFAWDPHAS,8058.4495412844035
KVDNYHG,1957.8165137614678
QAWDGVKLSG,3797.5504587155965
DPDAVWHDVSG,2121.02752293578
QWAQSEPENKVL,2043.8715596330276
HGENGYVENKA,1931.1743119266055
KDAVFEYFKDG,4574.344036697248
HYDWAWNDG,9788.811926605504
PDHYENHDG,2410.6559633027523
QWGLRPDLSDVA,4868.307339449541
SKVKDLNVL,1522.7247706422017
DRLHPKLSG,2029.8715596330276
PYVAWEDEKG,3318.97247706422
YFYPHGRENKA,2560.0
ELADSEALS,1135.4036697247707
FFWFYAQFRKG,8467.614678899083
YREKFARYWDVA,8858.495412844037
QKELKHSQYH,2209.2155963302753
RHKWWVSG,5874.628440366972
EQVLKNDALG,1137.3990825688074
WFFRPNEALG,8008.5091743119265
LELLSPSG,5305.766055045871
LNYNWLSG,8964.990825688074
NVELVLRHAG,16071.912844036697
LDFVLVG,29060.963302752294
SGQWSPHFLSG,12329.738532110092
QGERPKNDAS,1017.9633027522935
EEQEGYLG,1592.0963302752293
YNGRKLGQQFRY,9735.536697247706
NPQEVEAG,901.7798165137615
HFSEKHFASG,3202.123853211009
WSESRDGWKAG,4888.348623853211
SPFGRAL,4899.775229357798
YEVRKREPWVAL,8985.715596330276
HRNWKQEPWG,5179.706422018348
DKVNSYALS,1831.5504587155963
WHWQFHGHG,10180.651376146789
QFSPEWHDES,2490.729357798165
GWFAKVG,7962.5091743119265
NFNLQWQDASG,5048.288990825688
FNVSEPLFWVNG,20285.67889908257
HSRDLSVFYKLG,12589.518348623853
NALHFKHVQVA,5482.642201834862
DAQEQRHFPAG,2560.564220183486
HRFDKVSG,2320.6284403669724
YASDGPVGWKA,4097.165137614679
QFRVQFDGPWRN,19034.435779816515
PVLPQPSGYVAG,3952.738532110092
WEGEGFDL,8568.642201834862
KHAPQNDKLG,945.7385321100918
WDRDEYDRPV,5266.6100917431195
DFKFKPNG,1925.0
PEPLVGEPLG,1619.0229357798164
YFQNPHSG,4023.651376146789
DSNYKQRVA,1657.848623853211
NAEAVLYWVS,28879.55504587156
KELHEWSG,2352.619266055046
RAPFKGRDG,1940.7935779816514
QESAKDVLWNVL,2635.298165137615
DASPLFERYWG,8593.56880733945
PWRLRDAPYLG,14336.266055045871
PAKDLQLSDVG,1321.6743119266055
SYSGPYNEHD,3561.940366972477
PRREKSEWHDV,1930.5366972477063
GEQHHSG,1465.7385321100917
LQHKARPWNA,3892.02752293578
GFLFLSQVASG,27006.577981651375
YYHEVWHG,8443.08256880734
DYVFVNASG,14828.637614678899
KQPPGFEPNS,1131.3394495412845
PVNSHGDVAS,1231.573394495413
ASNESGYNDALG,1573.1422018348624
ENWAGEAKDVG,1224.334862385321
HGSKGYSG,1890.454128440367
EVSWPWKSQFDV,6758.160550458716
FQKEKHRWHLG,3759.2522935779816
DHWKWALSG,4520.339449541284
NVPEGFPHVG,2449.422018348624
QRRDKHYALG,2544.8073394495414
AFSDVVG,2720.4954128440368
NRRLDLSG,3410.197247706422
RYNFWNLWNHLW,21798.38532110092
PVYHPYHSGPD,7070.908256880734
LGAHSPVLSG,2842.605504587156
ARFYQRLG,7652.587155963302
QGPDGWSQG,1939.9036697247707
GWDNWKG,4093.876146788991
ELRRRDVLG,3414.9816513761466
KQNRYLRVSG,3392.816513761468
FHAANQYWNKH,3999.6605504587155
QYGSKAGEPYD,2392.105504587156
QGNGYQPALG,2279.9036697247707
KLNAQKQWKHA,1374.3211009174313
APNDNSFWHVS,3576.0183486238534
VSSRLSQFPYG,6773.243119266055
ASYAEYRKDS,1784.7798165137615
PAQYSVGRVLSG,5160.766055045871
GKRNSPLSG,1260.9174311926606
KNHAFPAGYDS,2967.5183486238534
AEAFGNDS,1490.5
YLDSKLQYDALS,3621.853211009174
NDEEEVALSG,1012.9036697247707
QRAPPHDSGWDV,2711.8899082568805
DWQLPYDVAG,4705.394495412844
RGWLDLEPWKS,6564.018348623853
DVWPVLWNKDS,5068.605504587156
EKYDPASFYK,1656.954128440367
KHAESFPREPD,1667.711009174312
ARPVRFPYLS,8747.715596330276
NLAYRYDV,9650.45871559633
AWLVKSG,4668.733944954129
PDVVPNKDPHA,1007.8256880733945
NAYQDQFYKA,4146.165137614679
QHQFLSGENGNG,1821.3394495412845
NGHRPVQASG,1363.0366972477063
PAPDEWSEDALS,1657.2293577981652
DSLSEYPNG,1816.151376146789
ELRPGLSWVL,9426.633027522936
DNEFVAG,2139.2844036697247
EHKKSYHASG,958.0366972477065
YAHAFAKAG,3221.701834862385
HERLPASG,2219.261467889908
NGGWNLDVA,4278.738532110092
LVAFGHVALS,15753.279816513761
EKWVYVSEG,7485.481651376147
GRQYGWLS,9064.79357798165
HDFKHGEVYNL,4805.8302752293575
PSHARWWKG,4630.954128440367
HGKLGRSPND,1612.3853211009175
PAGWQWKAYKAS,4534.431192660551
VHFKGWAG,4304.688073394495
HHGLPHSG,2386.587155963303
GREHKLFRPYL,8642.009174311926
DLGHRWLYHDLG,12837.045871559632
GPQKPVALSG,1316.4449541284403
RDGWDARKDVPN,2241.6146788990827
FLDFRDVGQRNL,5970.981651376147
KSGSWKAQFN,2551.270642201835
LGYSSYWS,9669.215596330276
SYKDKAGNDVL,1233.7706422018348
WFSDAKLG,5001.8302752293575
VGPPFKHLG,2643.756880733945
VRYKGDALPKS,1325.5504587155963
DANQHDQEPSG,1078.1834862385322
AHYSQPYKSG,2782.4266055045873
VWVNEKDSG,1847.967889908257
GKHQRGYWKHAG,2692.4495412844035
VRHFNHRKHLS,3782.2798165137615
ENWFYNAEKV,5111.307339449541
EALGQWAVQYD,10590.5
ADFNLAG,2958.2477064220184
LQEGYHRHG,4291.165137614679
EHDPASWDEDV,1679.3256880733945
WEDQRLFNSG,8093.4908256880735
QGPYSQPQFKVA,3398.587155963303
ARQEVYNVAG,2199.1743119266057
DVRQAFREKVA,1833.9908256880733
WWFYLHDAG,12676.270642201835
NYYHDRALG,5355.311926605505
LAFHNDG,4198.688073394495
WADFEKPSG,2826.788990825688
LRVDRHDVA,2844.0137614678897
PSGDSWNQHSG,2092.5
EDKVARFYWLG,12639.550458715596
PLHPQPYWVS,16597.133027522937
KPRSASG,1025.4770642201836
VQVAWVAQYK,10109.366972477064
FNFKYDVPLG,6695.720183486239
QWDVRGDAFALS,10889.954128440368
WGVLQWVREDVA,11623.87614678899
KSESELFDVS,1598.532110091743
WDKSHAFNS,3514.3256880733943
LFRRSRDAL,4948.651376146789
YLFKWSEYKHLS,6745.866972477064
YAGVDGEPNDG,2002.651376146789
PAVHWNSG,2982.2477064220184
NFRYADFPNDLS,9107.844036697248
WRSFPGKHDS,4402.853211009175
RDPNWDGQFA,6026.284403669725
PQDKVAHLSG,1369.9311926605506
VWDGEGQYDVAL,6542.623853211009
ELEHFNLQPL,11273.711009174312
QANWWASG,6905.642201834862
WDAERKAGYW,9773.58256880734
RVKWNFYWNVA,12608.587155963303
YPKREAREKVG,1222.2339449541284
PQSALPVLG,2667.7477064220184
ALPAQPLRHVAL,5710.09633027523
QHELKLQYWKDV,4921.5
YDRKGPLSNLG,3335.032110091743
HREDVGHGFAL,9556.330275229358
FEVDGWVLQYKV,25119.077981651375
PYFEAFKVAKHD,14792.09633027523
ENPKFKLYAL,6920.6697247706425
YEFDYAG,4739.880733944954
SYSRAQSG,1997.3853211009175
YKEVPGRPND,2039.2293577981652
GEFGDALG,3476.9587155963304
QWRRGFPWNHG,11806.444954128441
VDVKNSG,1012.4587155963303
QYQPSQSWAL,5529.399082568807
LFPWAFPNGPYL,32898.16513761468
FHPSFPSEPYNA,6068.454128440367
GWSGLGLG,7024.536697247707
PLVRFPVAS,12573.614678899083
GRLWKRKVLG,3111.97247706422
QSGDPLQHLS,2059.6284403669724
HGAGYDRENHAS,2398.738532110092
NDLYPWNVRKAL,10479.963302752294
QFAVDVWDVLG,14020.142201834862
HYFKKLS,3115.032110091743
RNKLNLYSLG,7117.284403669725
VREVGDYKDL,2959.9036697247707
GRAYPKVSG,2283.238532110092
GPLYHVHG,5067.298165137615
HRKVKANDAL,1154.8211009174313
AKDSAQRHLS,1273.98623853211
WAWKSEWQRWVG,15100.29357798165
NPEHAYG,2137.6100917431195
ESPWPGNKLG,2133.912844036697
HLEQNQFPNHD,4327.9495412844035
YWVRYVVNHDLG,23123.490825688074
FDYVFPDVWNVL,22790.288990825688
QLLQRHFEHD,5891.431192660551
QFLGFLPQRPKH,7661.729357798165
HVHPYSFEAG,6379.582568807339
VGLASDVG,2004.9908256880733
QRKLRWSRYYSG,9090.977064220184
VPAWYKVAL,11009.183486238531
NGEFFWNHVL,21050.623853211007
GWGYNQLG,8705.922018348623
EHELWKLRVG,6164.9495412844035
DNGFWNQLSG,5457.348623853211
VHGWPWHVALG,17058.8623853211
QPADAGRFKH,3203.0045871559632
WAWWEWHS,27211.45871559633
YEKRYGFRNHG,4707.477064220184
WVWQLRKDS,7412.321100917431
DAVNYNG,2071.9449541284403
KKGHEVLS,1262.2844036697247
EQDPDQALSG,1079.7064220183486
PHANRKSGVL,2095.1880733944954
AEWVDREYNDL,7706.165137614679
VNSYLHDVALS,6229.715596330275
RNQRDLYHGV,5902.266055045871
YNPSVQFEKVAS,2868.4862385321103
SGYHFEFNAL,18339.655963302754
FWSQNVQLQKVL,9094.80733944954
GHWKAFSG,4778.738532110092
PSGWDRVFKHV,8264.467889908257
EDKRPSNKS,931.1697247706422
HLYSHSYWNAS,8801.802752293577
FHLFEKGQWSGH,7760.926605504587
QVWWQEDS,5466.376146788991
WLSDAFRKAGRH,5757.160550458716
QPGQRSYHWVA,9770.270642201835
RWREHREKDWH,4959.954128440367
VDVHVWLSG,10917.467889908257
NQKLPKRHG,1448.6284403669724
FDLRPQYLYKLG,12548.064220183487
RYGRWHNHVGWA,13170.577981651377
YPPDAPALSG,1953.5
NSPAHDSHVLS,1972.5688073394494
DSQHHVQRYWS,9390.701834862386
PFVVWAG,26430.8623853211
VQHDAVELSG,1790.532110091743
EHRGWHSRPYG,7669.472477064221
PQWYSREPWK,9518.518348623853
WVDVHLHVAG,12026.977064220184
PRDGFYPLSG,10377.61009174312
DWNDSSGKHVL,2703.9908256880735
GFYGDGQENK,2077.1559633027523
SNRGYKVAS,2547.288990825688
SYNRSPNG,2468.270642201835
HEFKWDVAS,3759.6559633027523
YESEFVSG,3744.1651376146788
EKNQHGYWHV,4757.738532110092
QDRKKSFEYWDA,3251.9908256880735
RYQRPRDGRHA,3249.729357798165
AGVAWKDFD,3689.880733944954
FNQHQFNHLHG,6577.967889908256
PGEWASPAPWKD,5875.298165137615
HWNFWFHVG,23044.353211009173
QNHGEDVRNFY,9028.09633027523
PDPDELQPWDS,2555.123853211009
FSLQLPDLS,5837.422018348624
DAAFPSYNS,3174.4449541284403
NGHGGQFWKDS,3000.059633027523
AAFNESG,1856.7522935779816
PVRSLQEWNKHV,3693.1651376146788
SDAFQEVALG,3429.2522935779816
VPKSERPHLG,1399.394495412844
WWDKVYNAL,12531.967889908257
WEWWAFWNKAL,18230.55504587156
YGGSALG,3625.0366972477063
VFSGFFNLG,14447.146788990825
SNVNEDLG,1682.6559633027523
YSQWWPYNHDVA,12957.559633027522
LPWEWGFENVA,9683.087155963303
RYWGDAQPAQNA,3136.9266055045873
KFANWKSG,2650.4954128440368
RSYYLNVAL,19492.41743119266
VYFLNDVAG,10085.178899082568
ESHPLPDG,1741.7844036697247
AYFRNQKHLG,4393.6697247706425
SGQFDPHEPYL,8044.738532110092
KVLYHADLRPHD,5723.587155963302
KFRNQALGWVG,6946.51376146789
RGVRKSDVLSG,1730.2339449541284
DVSWGRDVYHLG,11152.12385321101
ALHGEDPASG,1350.7293577981652
LYHFLDVALS,15765.073394495414
VWNDSWANHVLS,9833.495412844037
YSHSELFNG,4556.5091743119265
QKKYLFYDAG,5311.917431192661
VPAHEKALSG,1013.4954128440367
VVGRPHVHAG,3450.559633027523
QELFQRWSGKVL,8071.825688073394
PANWPASG,3199.266055045872
REGDHLQEKSG,898.1422018348624
NVAELFKAQELS,3828.5091743119265
WDHFDGEPNHV,5987.871559633028
FPNKPSGPNFRN,3179.637614678899
YARSKPYKHD,2571.894495412844
VNHAPQPYAS,3259.6651376146788
YWNDAKLGAQWV,8044.834862385321
APQLPHG,1617.9036697247707
DPQDFELG,1522.866972477064
QAKDHAFNHA,1610.711009174312
APLDWKG,1795.0275229357799
NWLYRWLG,18064.316513761467
HNPDGPG,1845.619266055046
QVKPDSYWKDAS,1882.151376146789
QVLRQFRARND,5951.128440366972
HPNNYAG,2138.880733944954
YLRSPVQNDL,5081.8302752293575
LNFWSPLG,14241.97247706422
YPQKLKG,1604.073394495413
LHSDGVLS,3018.087155963303
QQGRYHVDAG,3048.376146788991
PDSDASWPYK,3171.738532110092
NLNVDGYWHDS,8840.004587155963
RQQPSFPLSG,3707.912844036697
RKVHNHPYDSG,2770.5963302752293
PSQHFRGENVAG,2226.3119266055046
VNHYFRDG,5970.761467889908
DQLDEVLSG,1652.2339449541284
SGKKQNHALG,1242.151376146789
WGHPHSREPNG,3188.7477064220184
FKPDYVQWS,5783.064220183486
GFANSALG,3606.229357798165
NEVYYKVALG,15183.380733944954
VALYNRDSNHAS,3159.4633027522937
WSSPGHAG,3477.5504587155965
QKLEQRENVAFP,2403.954128440367
LEHFWGQALG,8596.073394495414
QGVSHQYHALS,4009.408256880734
GFRWARVSFKG,12487.12385321101
PPRLKHASG,1552.6697247706422
FDLFNGQPARH,5386.155963302752
VKQRVYLG,5887.059633027523
VARFWRKHDVL,9025.160550458715
RSPGDQFKDAL,1709.2018348623853
VGFPWGNLEASG,4756.077981651376
NEAQRSNG,1605.0504587155963
PYNHYKVWVHV,18147.47247706422
PGKDASDSPNS,856.0963302752293
QFGEENLSPWL,12320.032110091743
FAPWDPFPDS,7487.4495412844035
KRFGHVLG,3324.4311926605506
DNFRFVAS,9025.504587155963
PVSYQPYHGNH,5604.587155963302
KKALSDDALS,939.0321100917431
PDSFVAPKVASR,2309.0
HNQSKHG,1469.7385321100917
YQYPSWDV,9578.169724770642
WAKRLEPWNLG,8772.669724770642
GNQYDKDLG,1681.2064220183486
RSHVKFENAG,1900.9357798165138
VSNSDVGFHVL,5062.045871559633
VRHKVWKHDVG,2415.5963302752293
YGFGYKDWG,7157.642201834862
GFWERHVLG,10499.197247706423
WQHYGQNDG,4661.963302752293
REDPRWVQHVSG,2710.743119266055
AWFPAQESG,2696.8669724770643
GDRPQFREPWL,10661.348623853211
AGFGVLFENVS,17825.711009174312
KSEWWNGYDVAL,10060.908256880733
QSKSQQKSG,846.8532110091743
WRNNEPYWNDLG,11969.834862385322
GFFEAHLS,8435.073394495414
PKPLNKEYNHV,1400.3577981651376
PYGSREPEKD,1213.1743119266055
EQLYHYDVLS,6878.417431192661
QYRQRYEYWA,12437.899082568807
PGWPGFYWHSG,17961.477064220184
NHSSVASPWV,4510.435779816514
FRLGNQYHSFPV,11878.151376146789
DSDVFDNALS,2360.6100917431195
NFDWKGNKDV,1516.6009174311926
EAGQNYVAQRNV,1825.165137614679
QEHYDSKVWKAS,1680.3853211009175
HSKHLPWFNHDV,7832.119266055046
FKKDEPLQEPA,914.4633027522935
QNSYNAWDWNL,11777.798165137614
RKYSFWWLG,11795.004587155963
QGRKRYAQRDL,2367.4587155963304
FKNLVQPYWK,7464.394495412844
SHQGRLSG,2153.137614678899
KKWVAGLS,1906.3532110091744
NWESEWNKDS,2227.298165137615
YWPFVSREPWDA,11984.201834862386
DAPVNVYWDVLS,7441.678899082569
SAWHDFG,5994.871559633028
RGWPAYHALSG,7167.628440366972
VRGQYSLG,4292.9495412844035
FKWNWNLQREP,4122.6100917431195
GEPSDGPNKHV,1082.880733944954
SPFRKYWVAG,5751.068807339449
VDWLFHVG,9614.233944954129
VHFGDVLSG,3791.5137614678897
FYGSEHPDSG,2284.0825688073396
EPHAPDFVQPYN,3309.6880733944954
DPYRLREPYWH,12822.298165137614
YHRGSWKDVA,3023.1284403669724
WSAHLWDL,17228.05504587156
YLSVNDPYWK,7045.426605504587
KYKWGNHVAL,4253.353211009175
WHWPQFWNDL,24097.19266055046
NGRLRHGFVS,8722.91743119266
HSQDQAGDL,1501.6467889908256
DYGWAELSG,4086.651376146789
RHGQSHQFEHG,2350.3394495412845
WQAGYWDYALS,21049.610091743118
HLVRDAEWNHDV,4715.119266055046
AEEQPKVAS,666.5412844036697
GWGKRESG,1507.3990825688074
KLDKPHDLSG,1113.8119266055046
AQAAGRAS,1238.6743119266055
HVNFGPLG,6163.720183486239
WNVNSRYAQNG,4503.279816513761
LYLFLPDAL,24700.559633027522
DEHKAWVG,2183.8440366972477
KHNFPWEHLS,6299.376146788991
SVGAQWG,3856.912844036697
EDDPQRYWNK,2009.0642201834862
PKWDLSSQHD,2804.454128440367
VAWDDRPWNHVA,7223.95871559633
DLHLQKAQNHA,1727.6743119266055
SDRHNDAS,1283.51376146789
PKYRSGPYHDV,4165.522935779816
EVNRPKQPKH,1071.3623853211009
ALWDRKELG,2382.683486238532
RWRDYWKAYSG,7259.619266055046
SFFLGLSG,12419.477064220184
AAQNRYNHDAS,1901.6605504587155
YSHVAWQPDLS,7295.128440366972
DDFNFDLG,4646.045871559633
RFYQQYWNKLS,7737.01376146789
RRSSWAG,3163.711009174312
GKPGQFWNHDAL,4801.504587155963
APDYVYLSG,6671.266055045871
SHQPANLG,1863.073394495413
LSYVFKDANHDV,5451.811926605505
VDFAQEYKHL,3618.330275229358
KPPVDSG,755.0275229357799
FHHASRGRYND,4743.5
YEEVHVLG,5301.853211009175
YKPFQFKDLG,3928.8394495412845
WSDNKRNHDG,2434.4174311926604
RGAPQYVLS,6504.160550458716
AGHQGFWNDVAS,3429.4036697247707
DPNLPGFPKHG,2183.0688073394494
VQGPKRYAL,3544.0733944954127
WPYPGPYVA,16679.0
ERNRWGQHG,3869.6009174311926
SQWLFSRVALG,21331.509174311926
GWFNLRSG,10609.926605504586
KVAAYWKVGEPW,7418.1697247706425
HVHVSKSEVAL,2346.7155963302753
LLQVQFRYHG,23428.683486238533
RRNKDSKGEWHV,1605.3256880733945
EQHLEDSKDAS,864.6238532110092
WHGAEAYDVSG,3521.8669724770643
YQWHQYYHSG,10707.88990825688
YQVVPSG,2491.02752293578
KPKNAPWNKHS,1141.697247706422
GVSWAYLG,13602.30733944954
RQKRQWHDVAL,3521.802752293578
KSFDLGWLWHVG,13448.220183486239
SEVQQYHALS,3960.637614678899
YKGWRWGENDL,5960.922018348624
AYQPNWSG,6156.215596330275
RFHWWNG,11454.325688073395
DFNNYDLG,4867.045871559633
YYRLRNVASG,5874.866972477064
LRHLNQFEPALS,6455.004587155963
VFDRGWVLS,14587.165137614678
PESSDAG,1221.6100917431193
ALFHEKAPWHS,5299.678899082569
PVNLWGFNKHAL,11287.866972477064
WGGNDEPLS,2924.6100917431195
WPYREQREND,4184.5
FRDSQYEVQAL,4932.899082568807
NHQNWLSPYNK,6088.027522935779
YFNFAGQWKD,5680.155963302752
LQWASGARPHD,4895.582568807339
LYAYYKAG,5034.068807339449
NERWKQHASG,2393.3073394495414
GDHAFAL,5043.894495412844
EYRPSGVEKD,1229.5642201834862
KAWPQREYHDLS,4391.853211009175
VPQVFKDLG,2342.5183486238534
YHYPEYVL,14445.940366972478
HRSQVFREPAL,4253.100917431193
SPAKGHAL,1122.1100917431193
PFKEELG,1470.0963302752293
HRPKEYKHFRNK,1343.334862385321
KHQPPSYWDG,5213.697247706422
SWVLFQFHG,32361.853211009173
SNRPKKS,965.2201834862385
YQAKSDLG,1524.2752293577983
QDFPNPYPYH,10920.834862385322
KDNGSDLG,1262.3119266055046
LWGYFWSG,13308.201834862386
LVSWGVG,7978.582568807339
QPPLHLFHG,8598.06880733945
QWGSRYAYKDG,6832.963302752293
RVHPREYKVLS,5112.922018348624
NAKPWGNHA,3013.270642201835
RVQHRHVEPY,5360.527522935779
FRYHKGQEAQKG,1413.9724770642201
PSANEHSG,1223.8532110091744
SRNREGYKLS,2903.197247706422
HGHVLDVALPWN,12153.894495412844
NGPANQRPVLSG,2012.4816513761468
WHLFARYNRNL,12111.0
EKGLDGYWKL,3980.830275229358
FWYLGNSWNDV,11705.146788990825
SYHDAKFEVA,2478.206422018349
YPRYWLDG,16626.811926605504
YHWYQEYHSG,10135.426605504586
GRWEDGQDLG,3179.9770642201834
ASPAREYHGFPH,3961.5825688073396
AEYSFVNAG,6119.0504587155965
HRPGSGNHLSG,2199.894495412844
VAGLALQFYLS,36100.61009174312
WKRWLSDGRYV,14727.325688073395
QLYEASREYWV,12813.660550458715
AGDSGRHWVAG,4201.674311926606
RHRGLQRPKDG,1833.3532110091744
EPPAFRRWVAL,11014.243119266055
RLKHHAQWHA,5241.481651376147
ALYEGQYWKHL,10165.146788990825
FPGQVANAQEK,1359.4954128440368
WSDHDGSG,3332.119266055046
VRDSNAGPASG,1328.2568807339449
FGLFYYNG,9609.02752293578
SYSHWAG,5792.756880733945
APGHFNDLSG,2396.119266055046
ASPQLSQYWD,6018.288990825688
WFFFNHVAS,11271.449541284404
DVPNRGQPWK,2662.5137614678897
PVWEWAFPWHS,33110.18348623853
RQNWKVQEKA,1485.3165137614678
FHRVGNSENAL,2762.1651376146788
DSAEFNHSG,1516.48623853211
ELYEDQYNKVAS,2285.830275229358
EGAGRHEKHDS,1047.0825688073394
YDQADLQRNA,2477.4495412844035
DLVFLFRPYD,43473.03211009174
DYSEEAG,1630.6376146788991
HYWSRGQPHVLG,9840.935779816513
PRFPREPSG,2823.605504587156
GKEPHYLG,2474.697247706422
HSVQPNALYKA,3780.9633027522937
GHGPYFDG,9802.761467889908
EVHPEPDLSG,1637.3211009174313
NAERELQYWG,8166.105504587156
GKRELPLG,1606.4908256880733
GWRERPG,3803.5366972477063
GFLVHVLG,26878.215596330276
SKKFASG,1275.51376146789
GAFPDEWHD,5197.798165137615
QSFVRPYGQRDG,5992.899082568807
NSVAHVSLSG,3147.422018348624
PDNNNKG,924.4128440366973
AGFRKANHQDG,1862.1146788990825
PPRVHVLSG,2730.876146788991
HEHPRPNHD,2706.701834862385
LDYQESG,1825.211009174312
PRPYGAFRYKHL,9275.798165137614
YAKEEPAG,1109.1467889908256
EQQAPWG,2156.738532110092
WAAESHVSG,3213.798165137615
NQRKSVYWHDL,6966.059633027523
NRPVAPGQPAL,2289.178899082569
YHVFVWHGRWH,24120.0
FFHNQEYDVL,9501.862385321101
EKNVYGFRKHA,2373.211009174312
AFDSHQPNG,2730.2247706422017
NEYVGLGQEYWL,19209.330275229357
FWKFVNFPVA,13958.830275229358
FWAKPWDGVAS,8285.715596330276
VREYARPYWYND,19388.0
YHQHHGYNAS,3579.912844036697
LHDYYLSG,8193.62385321101
LVHGPLG,4339.206422018348
EQHVGSRHALG,2349.0504587155965
QLEWQENSGFNH,7537.431192660551
EVRHLGRWVYWA,24115.24770642202
PSYREVQFKS,5146.188073394495
NYSQEALWNVAG,4370.518348623853
QKPGSFYWNVG,4974.01376146789
LVSVGDG,2772.669724770642
LQSDRPDL,2159.0229357798166
RYAFVFYKRVA,23297.110091743118
SWDNDQKLSG,2672.532110091743
WAFHQWKWKHDS,7353.756880733945
DFYRSRWKHD,5374.95871559633
HQVRDVKHDVLG,2099.2155963302753
PSRHQKPLG,1783.6284403669724
KVANSRPEDAL,1188.1146788990825
KFPGHGRAG,1915.5825688073394
QVQASNAEPA,1034.2522935779816
HGPHREQRKDG,1333.7522935779816
YDNYHASEDVS,2310.261467889908
PAVKHFLS,4759.344036697248
RAQVPPYNKHG,2287.5
RNYPRNALS,3919.5963302752293
FDQLYKRKLS,3483.1926605504586
SVGYPDLG,4229.605504587156
PSHEWGKHVG,2508.032110091743
AVGANDSG,1023.8990825688073
PNGDLQVRHAS,2116.2477064220184
RWGPVEWNFRWD,24753.26605504587
DEEDVPAS,1116.8761467889908
FQHYWFDVSG,15168.30733944954
WPRVVLG,13679.032110091743
QKHQFLKVQPN,2972.0733944954127
WSLSGKFVL,18198.990825688074
PWFLDALYKHA,16036.573394495414
YKKFNHFENDG,2736.940366972477
HNQYLDLSG,5019.064220183486
LDSRFRPWNKL,6908.321100917431
WLFHWKAPYVA,14160.536697247706
KALLHVGHG,3176.064220183486
GLSWPDLG,8109.931192660551
PHWSDVFNV,13744.990825688074
APYQNGWHLSG,5461.366972477064
GYARPDVYSG,6155.665137614679
DAHFGRYG,6312.577981651376
KPHGALNVLS,2281.123853211009
NFQKYLG,4147.394495412844
FRFRNLRFRVA,12503.137614678899
YHWEGPYNVG,8568.04128440367
WNQLRALQEWK,7864.9908256880735
PAKRWSEPKG,1401.7660550458716
YASQSRNQRPV,3032.137614678899
QKSGEHQELQFK,1557.6697247706422
NNDEEYKHDG,1372.5045871559632
VEYFHQPYWKVS,11660.114678899083
GPYDVRSREKD,1550.0825688073394
LRARDVDLS,2531.0229357798166
HKVWQWSG,6725.307339449541
FYAFESFPSFAL,16583.38532110092
WLSHYAQPYND,9402.19266055046
LKFWEPKHSG,3257.0504587155965
LHVFDQHLG,6566.5504587155965
ENFQFGNDSG,2751.4449541284403
VWRKWDVA,5311.605504587156
SPNYPNSG,1600.7568807339449
EAPWLRLPDAL,7234.44495412844
ENEHDKQWNG,1390.7477064220184
FGDDNDG,1907.3302752293578
RAHWGRASG,3957.0091743119265
WLYFHDVVSG,16154.178899082568
YHQKQYLVLG,11717.004587155963
HNEDDVALSG,1554.1834862385322
LPKFWFPWDL,26214.743119266055
HSNSFYQFPAS,7981.211009174312
DLRRWFEHVG,8767.779816513761
HFYYPYVLSG,11181.605504587156
HGPAVFNALG,3460.4816513761466
NVGGNDGWNKD,2039.2431192660551
DWFLASG,10504.032110091743
DEVFHNKDVAS,1446.197247706422
HQDHEKHLSG,1229.4724770642201
LFKLFWPYNDLG,12725.747706422018
SPHLWQEPWA,8526.642201834862
YHKKQPNASG,1286.8715596330276
ENNQREASPWNL,2611.619266055046
FFRDLWHFRW,16411.339449541283
PAKSFLGWHVG,5973.45871559633
YHSSFVEKG,3501.912844036697
WGRVLWLEYWD,36494.77064220184
LEPPYSFENAS,3747.9495412844035
SYNNPVSG,1948.8394495412845
NFHVEFWHAG,12989.160550458715
AWKPWLEPWN,11699.252293577982
YKFVKHVPWG,7107.798165137615
ARGALRDSG,1613.0275229357799
LDNSYHSG,2568.8669724770643
YAGYQLFRPDVG,7005.977064220184
AQFVPLFWKDA,12601.522935779816
SFYKEFEAS,3272.5963302752293
GKHHGWSG,3052.0550458715597
HHDRLVASG,3059.4587155963304
WHYVQFELQHG,14849.600917431193
PPGWFVSG,7951.01376146789
HLLFQKAG,5417.481651376147
QVPPVQWNK,1892.2706422018348
KWNGKSFRWAL,7611.059633027523
PVVGPDQYWKL,6819.651376146789
WVFNFHWVLG,23314.802752293577
GFSQWGRWKD,6838.54128440367
WFFLASG,12171.711009174312
KEQVHASG,931.3256880733945
YDASNVWNKVRY,7274.926605504587
DEYSYYNDVA,4063.47247706422
RQLGHVPYDG,4407.481651376147
KFAVVLSG,12045.605504587156
NFNRGVSG,2888.52752293578
YKSFKEHFLS,3788.9495412844035
PWHKKHLKAS,1397.4311926605506
LPPGASG,1099.5183486238532
HQHFFPHSG,5624.018348623853
VPFRHWSG,6789.559633027523
YSFYFESEAG,21034.605504587154
QQFGQGDLG,2168.701834862385
NHNFHVFPKHL,8187.844036697248
HGNWSENKHDS,1700.2385321100917
WSSSALG,3571.8853211009173
DKANKEKDAS,547.0275229357799
FKKADLFPNAL,3226.5550458715597
NLEYWFKLQPV,17491.302752293577
WHFNEPGQAL,4552.032110091744
EAWGHGENKDVS,1442.2752293577983
HEFENFVLS,12052.454128440368
KDWQYGPKL,4244.146788990825
EQLQSFKS,1335.9357798165138
LELPNHNDVL,3995.2522935779816
EPVVFNLSPNDG,9662.380733944954
LENSVLPWHDA,8238.98623853211
DPLFEVKLS,12225.426605504586
PFDNKHSKDAS,1263.1559633027523
WPNGARNHALS,4207.266055045871
KGNYSQHSG,1615.4495412844037
LDLSEPRYWNAL,8889.059633027522
NWRLSDG,6861.353211009175
YGNVYWFEDSG,15981.04128440367
VYAKFHVLG,7917.435779816514
RQQWARVSG,3958.545871559633
PAQNAYAGFKV,4741.866972477064
RSWYAENKVL,5537.481651376147
VLLQQFSG,8469.105504587156
AVREVNDSG,1193.1284403669724
GAGSRDVSG,1238.211009174312
HKDQFPQKDLG,1238.802752293578
YNERGFALSG,6061.504587155963
NSQLGRPKDQYK,1887.8440366972477
GVLHDYDG,4460.811926605505
RSNLGNLPNG,2383.4036697247707
WFYAPLRHSG,9077.325688073395
SEYQGEPYNH,3975.9954128440368
NPFYYHALSG,13137.302752293577
ANADNKG,865.454128440367
WKKGESQDLS,996.9174311926605
LRPEKFEPWHS,3319.8348623853212
GYDKHEVG,1424.98623853211
KWSDSAG,1500.4174311926606
GNSGYGNHDG,2438.1559633027523
PWPEWHAQPL,9405.614678899083
HRHEWFEPYDVG,9429.495412844037
AQWFEDQPKDVG,3214.577981651376
FQSSFPYNVAL,12720.422018348623
GDDAYSG,2253.0
NENQQFWG,6889.522935779816
KRNAGESYHD,1813.2706422018348
HWSFKGFENH,6112.922018348624
GFWYASEWNHV,17713.536697247706
AYWYDYHDV,14243.912844036697
DSSEFEHA,1458.619266055046
AENYDQRNKHS,1820.908256880734
HADVSAYDVAS,2362.6743119266057
VLRKNDQEYWD,5603.628440366972
EVQRWEGQPNSG,2509.1559633027523
SGPDNKWHSG,2009.6100917431193
PSKGALQDVG,1216.7706422018348
QDLHGPKQKA,1012.8119266055046
RVNEQDVA,1165.532110091743
DAGRAGEHHDAS,1433.0504587155963
NLVYRDSG,6578.587155963302
WWWNPWHDVG,20811.596330275228
HWRQNVSG,4207.325688073394
GYNWFWNKHDA,7199.697247706422
AKFGPKG,1267.6284403669724
RHWQWARNL,11271.798165137614
YGRHWSFRWSG,14586.481651376147
RNPNKSSFYWS,7151.766055045871
EPLGARYGALG,5153.036697247707
NHHPDQPNKHL,2242.1009174311926
GVSPFHG,5051.4495412844035
LWWSQLSG,10558.61009174312
DPYQYAQEHAS,2313.178899082569
DKHGPEYVG,1564.4311926605506
GRKHRLGNDVL,2875.9908256880735
DRNNLFRYDVAL,12440.394495412844
GHLQYGHG,4465.724770642202
YNEPKLPYVSKH,3815.467889908257
YRKFDVEPYWN,11135.064220183487
RRWPYQEVS,5954.376146788991
WPNSASEPDLG,2554.3119266055046
HNRYRWSG,6735.220183486239
SRAPFVSG,4305.284403669725
KFGRVHVLS,6430.6100917431195
NYEVRWALSG,10819.678899082568
FKSHNDLPWG,5603.018348623853
GWFYDQDSG,8466.724770642202
RRLYDENKLS,2825.6880733944954
RGVHKLS,1894.2935779816514
NNYWANVASG,4573.655963302752
SNLENHPG,2358.5
WVSYVFLFAL,19060.889908256882
EQNQKHDGFREA,1495.9770642201836
YQFSGDVEVSG,3369.880733944954
HPDRKQEYNHA,1631.9908256880733
HRVFVWDG,22095.683486238533
NEKKDRYWNHL,4039.316513761468
HVSQWSEAFRWL,24798.74770642202
GWKGDRDG,2681.908256880734
HQREYSVLFVS,41333.14678899082
FHRWHFRSQEYA,11059.146788990825
PKPWPVLFEA,9369.871559633028
ADVSVVAG,1878.2935779816514
NKAYSNGQRA,2043.8899082568807
EVQALKSFNHA,2539.912844036697
PFPYGFHPYNG,17539.69266055046
SFAEWENKV,3294.3348623853212
NLGPDQNFWKSG,3234.798165137615
DSGPVWDYNKL,4479.628440366972
SHDQLEDS,1402.2752293577983
PFHVVWDALSG,15732.47247706422
RLFVWKPDVL,15766.555045871559
WANENLEVSG,3507.0963302752293
LAAQYVLSG,7245.220183486239
DYDAKSGHAL,1891.559633027523
EVAHARNFPNA,2421.6743119266057
VLFGNLGKSG,4328.100917431193
EWWFQFRYKD,22295.17889908257
VLNHLSQVEPLS,3631.5504587155965
RWGPPWKNDLS,4854.912844036698
PQVNVEWNKHL,3199.8577981651374
GDSKKDASG,1084.0504587155963
HRLFYVEPYVL,39919.04128440367
VGHHRWSG,5693.839449541284
SHGWNQEKVAS,1693.6284403669724
QSRLYWHQRV,10463.449541284404
ERHWPYAG,7017.04128440367
ALVYPWSG,15162.738532110092
AHFLALG,11597.165137614678
RFKKNAG,1220.8073394495414
ANVASLRDS,1769.4220183486239
FRQELSYLYDAG,11959.857798165138
PSQYWYDAGEDL,6992.972477064221
EWESGQGEPD,2062.243119266055
VSPFLGFYHAS,14097.229357798165
VVKHQLSG,1912.6376146788991
VNRPFWLS,19632.302752293577
QNALHLQWHSRK,5897.495412844037
GYKVQSQRVA,2905.151376146789
VGAEGALS,1125.2064220183486
HKVHSDLSG,1369.7018348623853
AEPKPGFWL,8151.798165137615
PRQWRPG,5288.564220183486
PPYAVWNKHL,6406.527522935779
QDSQKHKLREYV,1754.6284403669724
RGAADLSG,1587.5963302752293
SYLWGDLSG,8005.408256880734
PNWKDLFHRDVG,5887.95871559633
YHYLWASYWNG,12398.073394495414
VHGDWDASG,3251.52752293578
PNYPEWVLG,8557.90366972477
DREEAEYWNKDV,2015.4220183486239
YKDYYALQFRHA,9442.729357798165
PRHFVQFKAG,7225.334862385321
QWLDQFHDSFHL,21155.04128440367
WKQLGEKEYNKL,2077.7798165137615
AQNQENDPKVAG,838.5963302752293
SWDPKENSG,1550.9449541284403
LLASFSG,6666.839449541284
PDQPEDSWKG,1302.954128440367
FNVGNLEYRKA,5862.55504587156
VGEVDGQFYNL,11921.669724770642
YHLSSFWNYA,11820.665137614678
QSHQLSKHDVG,1505.6238532110092
FLRDSSELG,2685.2247706422017
WAAHGWALS,15069.926605504586
YKKWRNVLSG,3415.821100917431
VWRWNQALG,9902.912844036697
YKLHQRWNQKA,3119.2798165137615
HEGRVYSG,5060.114678899083
WKSLLQFEWHS,14677.536697247706
DNENGPVS,1381.6834862385322
LSAQHDVWHDS,4251.146788990825
ASNFHSWLS,9030.743119266055
RNYPHDRPNHSG,2965.321100917431
GREDLQPKHGFR,3890.422018348624
WWHVPVLPDVA,11132.426605504586
QYKGLQEVFVG,6448.802752293578
QDWHDSKARY,4103.073394495413
LSDYPWSG,6554.045871559633
GRPQGRWND,3391.316513761468
HAGNSWARNKDG,2488.3715596330276
EESPLQEG,910.7201834862385
AKFKPKSG,880.5733944954128
AWAFEPGYNHL,13468.128440366972
LSRRDGNAG,2194.3899082568805
YQLQGQELG,2234.821100917431
QPLVKHLPYDG,8351.944954128441
SPKYSFPYKL,5114.504587155963
VLEEVGPDVL,3318.6651376146788
RVGDVWKAQFK,3879.0688073394494
NSNYVGPWNDG,5662.229357798165
PFRWYWHFWDAL,30655.495412844037
QEKFYQRAVLS,6602.926605504587
PVVVFHSG,29980.229357798165
PGNRYHPHSG,3914.201834862385
GNQWWALG,13169.032110091743
KHFGEHSHLSG,2266.206422018349
AHQVQFKDAG,1865.1284403669724
VQFWHYLGRYD,17546.798165137614
WGNFPQRYNHL,15284.188073394496
EQKWPALSG,1972.5091743119267
FSNSDGFRPWLS,15683.550458715596
NQSLNSG,1428.591743119266
NDKKALDVASG,866.2798165137615
EVALNSGANHD,1984.8119266055046
NNKFAHASG,2166.8073394495414
HRDNNLSG,1810.0183486238532
KKHEDPDLS,735.1880733944954
EHNFRKHDGNK,1345.4357798165138
SQGQLPHVAG,1852.5045871559632
DNVFQEHG,2352.5
AFHHEPKHDVG,1899.1284403669724
KDYEEWAG,1972.1284403669724
LELEGPVA,2671.0825688073396
ELDNSEDSG,1210.8532110091744
LGVVLDLSG,20083.29357798165
YWGVRHAFKHA,7427.977064220184
ESYDWARPWKVG,6031.839449541284
YEESPDVLSG,2768.3853211009173
QKGKRYSRVL,2059.3440366972477
AGQNFDLQEPK,1593.0091743119267
YFKFWLWVAS,17051.784403669724
YGVFVYVALG,26331.642201834864
WWVGANASG,6855.128440366972
GRGFWNFWKHLS,12345.821100917432
NLWQALSHLSG,9722.91743119266
HAFREYPARPA,5810.564220183486
ARGSDSG,1158.4724770642201
HAFHLQDFWKG,8985.48623853211
LAEPVKG,1169.7935779816514
EVRPKDYALFYG,8415.724770642202
ALNGEDWNHD,2825.7247706422017
HDFLLGQEKG,2099.6651376146788
YGLHYSG,6163.119266055046
NDHEAGYNKA,1327.9220183486239
GHRWAELS,4084.256880733945
YQAHFRHDVAS,4284.426605504587
PFEDPLEKLS,2745.2201834862385
KEHLWFKHAL,7191.123853211009
HYKSQSGYHV,3276.678899082569
LYLSQEVKHA,2439.4495412844035
PQGWLFASG,11637.733944954129
NGKDDRWKLG,1824.8577981651376
SPWDDGFRP,6145.931192660551
HPQKNHVAG,1230.894495412844
WWRPWFLSG,29244.669724770643
KHVPSQYQWDG,4503.027522935779
NPHKAYLS,2311.412844036697
NDSDSYVFEWAS,9893.02752293578
ASVWDLEWHDL,10207.339449541285
PKYNPHYNHASG,2853.435779816514
DELYGPKG,1923.073394495413
DYLNNHALS,3433.830275229358
LYDHWHAG,5564.128440366972
AFPEWQFEPG,4330.807339449541
EHVFDKQFNDL,2955.362385321101
GWNNEASG,1789.0366972477063
NPWGNGPWHV,10365.655963302752
KERLFKALG,2558.321100917431
HGRPDGQVNDS,1191.5779816513761
ERDPWRWLS,9878.69266055046
NKLVQFESGEWA,4580.027522935779
DARKVAESQFEG,1126.2798165137615
HGRSFPPWKHG,5156.559633027523
REGAQFRPGFPK,3413.876146788991
REYVWDDALQV,7078.770642201835
ANELKLG,1151.3256880733945
HYDLLNALSG,4735.963302752293
NSSGLNHDVLS,1997.7752293577983
SPLPSWVG,4121.51376146789
GPYKRRELS,1821.4495412844037
SHRPDNAL,2169.8899082568805
YAVYWDALN,14872.518348623853
RPDLVREDFRPV,3431.587155963303
VPSVHVAS,1265.7981651376147
RVLQNWHDLAS,5864.8302752293575
NWHLDYHLG,10619.362385321101
DWAYWPLSG,13565.155963302752
AFNPFHAG,6447.518348623853
RNSYSRRYWDVA,8332.032110091743
PVKPYVFWALSG,15884.844036697248
FANWFKDALG,6382.816513761468
WRPSNQKHDLSG,2545.183486238532
KPYHLSFALSYV,26128.51376146789
RGVWNVQFYHG,15747.321100917432
WSYKRYVNDLS,5910.834862385321
DDWKEHDVA,1242.573394495413
DNKLHVRVL,4399.48623853211
LEDRYQYWNV,8092.880733944954
HSSELVSG,1403.2064220183486
HFPSVYKHD,3130.270642201835
APADNVL,949.0
VDGRANLS,1738.7844036697247
KFAADASG,1272.1146788990825
GFLNGYVS,7974.821100917431
GYQPQWSG,4557.619266055046
QWQQERWHAG,4405.619266055046
GHVQLVASG,3412.0733944954127
QKFASNFAG,3148.0825688073396
ESKEWHDQDAL,1305.2247706422017
SEAHGVSG,1351.1238532110092
HPVWEYVG,7785.711009174312
SEEAHLG,1504.4174311926606
FLHRRPVAS,3914.1605504587155
YEQVRPYNKG,3432.697247706422
QQPNRKSEYWKH,1766.1376146788991
SPQGHSG,1153.532110091743
EHWENDFRWH,11005.146788990825
NYANLPVALSG,4968.90366972477
KDFSGRFYNDA,4136.027522935779
SNGVQKSG,863.4449541284404
DSEGVYDG,1893.3302752293578
ALQDRENPYNH,3261.8715596330276
WGYVVGPWKLG,18726.009174311926
AKAQREYPKVG,1246.4311926605506
AQVVPNDVL,1924.288990825688
PLFYWSDKAL,17849.76605504587
KARQQFPYWHDL,8803.940366972478
HFEPERPYG,4273.6697247706425
QSEEYQEPWNA,2525.9587155963304
HLHGHWKVLS,6564.756880733945
EQFKLFKAEPNA,2357.8669724770643
HGKGDWKDSG,1243.8761467889908
AFHQDFYWNVL,20361.619266055044
DGPNFNVPWNS,5024.068807339449
PWWVDAGFNVAS,18486.105504587154
HYNNRKVG,2301.032110091743
AQHGWLPHAS,5055.876146788991
ADNVPVSG,1413.2293577981652
VGQQREAQKHL,1201.926605504587
WQGQRPHVSNLS,5856.3302752293575
PLVHWKVAS,4970.738532110092
RHSNKVSHWKAS,1870.7064220183486
HALAKHSKVG,1508.302752293578
QHWLKLRPYWDG,16366.963302752294
RSKQSQEWNDS,1512.1788990825687
YQQEQRG,1679.0412844036698
AKVYSWNHVAL,7744.105504587156
REDGLSWFHS,9582.665137614678
VFWVDSFPYVL,37793.25688073395
SRPGRAEYDS,2272.6284403669724
LSGPWEPKAAL,2772.0550458715597
RKKNGYSG,1135.0229357798164
PANSYAYWHAS,8450.100917431193
FVLGKVDVQPA,3170.940366972477
NPPSGDSG,1037.834862385321
PPHSKEYWNH,2406.3990825688074
ASQNKLPSREK,1067.5963302752293
ESFNLYLWNLG,32284.238532110092
WERNPNVASG,4276.004587155963
RFYSGHVREYL,11430.95871559633
PLYFKHAGDAG,4730.848623853211
GRYHRRNDL,4629.174311926606
VLVHGFLG,14874.715596330276
LKRWKYAG,3051.394495412844
GRSRELEG,1316.4495412844037
PHGKNGPWVA,3817.605504587156
WQHRALKVL,9247.188073394496
KRAEWPWNKVL,3863.0963302752293
AKLRYDPG,2749.894495412844
KVNFEAGFAL,11011.697247706423
RADFYVFYDLS,40440.605504587154
YSYAPHFEYHG,11039.261467889908
PNAENVQSRPND,1822.4770642201836
SPHGVFREYDG,5541.95871559633
VEVLEQWKSG,3234.9174311926604
HWNRHWVG,10898.091743119267
EPHVHGAQWNLG,4356.9908256880735
EPLFLDLGPWDS,20952.08256880734
YHKEEPVALG,1462.48623853211
LEYSVQRPNG,3845.0550458715597
APDVVAEPYKA,1221.9357798165138
EELAQPSG,1247.2155963302753
PLWLQWDEAG,10199.853211009175
HFVQRQNVG,4080.3669724770643
ANPKHYLS,3364.4311926605506
VVALPFNLS,13312.990825688074
SVQEQWVG,3065.376146788991
NGDSHDWDVG,2710.0550458715597
EAYQEDSNKDS,1105.866972477064
LGHPWQYWLSG,22914.94495412844
RLWQKDWNHA,5249.577981651376
NLDVQANKSG,1200.4449541284403
DLQPNPDSFEPK,1341.1284403669724
RDQLHGFPNV,4982.160550458716
NDNKFREYRWLG,9040.871559633028
NYDAYSGKHLS,3960.0825688073396
HKHHWAG,3177.3256880733943
HDEVGVSNDS,1382.4449541284403
AEFKQFG,3719.9816513761466
SWEHSDLG,3719.7522935779816
ANEGNAG,1110.2706422018348
VKAWLVAG,5863.811926605505
RDREWYLRVG,13532.724770642202
FKRWKLNQPWS,8153.339449541284
NEYDAHLQDAL,3888.4862385321103
HRGQGWVLG,7194.628440366972
PWSNYAGQVA,5264.729357798165
PPDKLNVSG,1068.1238532110092
DGLLEPSG,2065.2155963302753
NLVEDSRPNL,3277.353211009174
HPYHPFWAG,16489.52752293578
FYLKKHLGQVL,6278.59633027523
WLQPYFLQWV,43009.0871559633
SRFWHELG,9154.183486238531
EVQWDLKLQNS,2953.2752293577983
NKVGLQHSQLG,2163.5183486238534
PFHHKHG,2841.151376146789
PGKDRLSENAL,1634.3532110091744
NHQRRWVSPWL,19761.935779816515
AFYKQEHPYWNG,7328.504587155963
ANKSAEHSG,865.7477064220184
ASNPNSRDV,1697.98623853211
RDHFRLFWG,14716.224770642202
DHVEEHLG,1847.9633027522937
NRVFRFYKDL,14572.38990825688
QHDLQSWHPHVG,5110.394495412844
PNNWPYASG,6315.784403669725
QWVQRGVQPKDL,3977.0091743119265
VFRWDKAQWKV,6498.674311926606
EQNRQPDLS,1255.0275229357799
DDAYWRVALSG,9631.830275229358
RAYRVFPYKG,8419.766055045871
EEDRKGFYNHS,2141.4174311926604
EQLQYRKG,2060.683486238532
KRKSLQNDS,1008.8073394495412
WFNLVFEYWHV,37682.88532110092
PEHDAWSPHAL,7069.518348623853
DNLSQVHLG,2733.0504587155965
KWGYNVHG,5298.738532110092
RLKWYWLSG,12057.449541284404
QSVQPDEYH,2417.6009174311926
EEVPAEWKHV,1768.8073394495414
QHYVEYAEHL,7899.188073394495
SRLEKYLSG,2473.0412844036696
QDFGGQFPVAG,3592.9770642201834
NLEWEGQRPKL,4994.4495412844035
SDRWKQSG,1929.1422018348624
WPGLRVALG,14709.79357798165
PWKDLKLRLWNK,4685.8899082568805
DAWRRNHDAS,3502.376146788991
QFYFALRYDQRP,12559.188073394496
KANYGYNVAS,3024.1926605504586
HRQHVFDVALS,8741.018348623853
VKGNHNLSG,1594.0
QWHGHRYKHELS,3987.8715596330276
QHQPRASEHLG,1495.1146788990825
FNFYWSEDSRP,9492.678899082568
YGFALRSPNL,12556.816513761469
LHVGRQEDA,1704.2064220183486
EQPYSEVAFH,3356.6100917431195
RFDKHRWHDLS,5887.316513761468
AGQNLFPSWKLG,7671.201834862385
KQSPQFLSG,2245.637614678899
DELKYWVLG,9711.651376146789
SWAPFKVLSG,11650.183486238531
FLGENFNEWHG,11806.229357798165
WFLPLDSG,12995.045871559632
WRHYPHAG,7350.747706422018
WKDNPKQFLS,4202.6697247706425
AVQPKVLKDVA,1368.8899082568807
YGNGARWASG,5034.972477064221
RRQYNKWLS,4096.908256880734
HYKDEAPKDA,886.5275229357799
WPASHRWNHA,7892.931192660551
QQYFYLQRPNDV,13634.050458715596
GYQKHQSG,1753.3761467889908
AGQGLFEPHLS,3633.637614678899
HEHHNKVSG,1453.3577981651376
PPSGVNLG,1716.3256880733945
FYRWPNDFRWA,19292.004587155963
QKDKRPKPWKA,1341.7614678899083
FYPFYLGLSG,17369.52752293578
QYRPKGFPLGPA,5234.298165137615
WYDQFSHAG,9270.467889908257
NQEPVDAQFL,3058.2844036697247
YFFRFRAG,10220.729357798165
GVVLPVAS,5303.729357798165
KQYRWFHASG,6776.756880733945
ALRADGFRNAS,4307.394495412844
RKYQNKFEKVG,1275.1743119266055
GAKHWDVLSG,3075.761467889908
HFQDWLS,9803.885321100917
PWHWRAQRPDA,6998.591743119266
KDWPLFPWNV,17092.215596330276
FHVGAFPHLWVS,25464.096330275228
NEKDYASFENKG,1428.105504587156
LPGLASG,2038.0045871559632
KRYNEYADSG,2499.5229357798166
WVRSFRKQPHD,5757.334862385321
LLRKWKDG,3115.229357798165
SHYHAYSG,5274.0
FLKAKHVRWHVL,10409.899082568807
HAEHHDSNKLG,1725.9587155963302
PHPQNVGREWKA,2132.266055045872
SQHVRNPHDLG,3315.821100917431
DRNQVQFRALG,5437.536697247707
DPPDVEG,1113.0091743119267
GVLWVYDAS,29981.064220183485
HWYLKVL,16646.096330275228
WDRRWNVHAG,8503.509174311926
NQKYASFPW,10351.454128440368
HQKQNVEDVL,1312.1467889908256
HAHNLNASG,2003.1009174311926
GQWVQYVSYKH,18457.344036697246
HNGLDSG,1648.0045871559632
ERHFYSRPNAS,4112.559633027523
QVQPNKFGPHVG,2183.8073394495414
FAQGNQRKHDL,2848.683486238532
VFYRKFREWV,10416.788990825688
QENVWHVQWVFG,32374.243119266055
LQAKEPASG,1105.1238532110092
DWGDYDSG,4511.380733944954
LFSEFVG,8003.788990825688
QFDAFDHALQG,4416.4495412844035
QYQYDGPKAKSG,2020.2706422018348
RGDQSGNG,1305.5779816513761
NWDQWEKDVLSG,4434.527522935779
FSLEQWALSG,7014.954128440367
PHAFSRDSYDSG,4929.839449541284
FWYEGNHLSG,7339.302752293578
DGNDVAYDGQRH,2973.6743119266057
AWDSLQNKHDL,3503.0412844036696
ESFYGDLFPWDV,16420.642201834864
KSAEYVEYWSG,5209.853211009175
QRPSYWSSEWN,11166.619266055046
KVHWYNSG,4828.775229357798
ERRWHYASG,5617.09633027523
KWFRDNLS,5359.311926605505
HQQGEALSG,1263.967889908257
YQLEPVFHVA,12572.504587155963
DRYHAQSREAS,1489.4633027522937
EQPLQAFPNKL,1778.2752293577983
KQNQAQFALS,2449.9495412844035
GFNDDQFNKHDS,2659.091743119266
EYDYLSSYWKV,9970.151376146789
EDSKENANKVL,772.3853211009174
SEFHHDG,3140.711009174312
DRDSVLNHAG,1643.0275229357799
RQLDFASG,3501.3669724770643
QKDLSYQVRKG,2110.8394495412845
LVQHADLG,2843.6926605504586
RDANQEYNRHV,3254.3669724770643
PHAPVLAGNHA,2163.798165137615
QGHEKDQRWKAG,1456.032110091743
FEANGEAKVG,1053.0
EDVQDQPSGYH,2221.362385321101
GQNHVHRWVG,6163.032110091744
DPVRFESG,1993.454128440367
RHNQASNHAL,2181.412844036697
QNLRNEYNSLSG,3352.0688073394494
LWKNYKLG,4032.47247706422
RLSEVWLFHL,28817.798165137614
LSHHGHVG,2764.0045871559632
SYYEVASG,4423.215596330275
FNRALPFWNHAS,10536.811926605504
EQALQRGPHV,1989.7752293577983
YFYSNSRYD,4569.6697247706425
REAHFEYRYWKG,7657.376146788991
GVLPNVPG,1779.2981651376147
RKEQWAKVAS,1470.5412844036698
NQSHEHSG,1164.440366972477
DLEVPKRPYDLS,3052.6284403669724
RLKRVRPYWKD,4166.197247706422
DYNQFALPVAG,4703.495412844037
VDYEVSG,2707.288990825688
GYLAHSG,3725.02752293578
REPEFRNFYNVS,7239.678899082569
VPRFRNDVALG,3414.183486238532
LRKFVEVG,4039.6422018348626
DYWNGWQPLG,9193.009174311926
GHKDDAG,849.0504587155963
QQWWEPDL,9244.302752293577
RHFEDSPHLDV,4847.357798165138
AEEHWKHVS,1969.5366972477063
FWYPWDAFVG,18043.628440366974
GYVNYDVALSG,7400.885321100917
GWHWEHAG,6557.05504587156
EHFHKHLSFYLG,12901.665137614678
KGDKQWDVAL,1569.9954128440368
PWQPSGNGKLS,1638.7385321100917
NWLHGDVG,4197.577981651376
AVLQRKEYVG,2406.935779816514
LPVGVRNHDG,2197.7477064220184
LRKLAGHDVAL,3647.087155963303
LNAHPDVALG,2748.8348623853212
AYHRSNASG,2267.5137614678897
YPAQLYLG,8498.298165137614
PYPPWSRWVAS,14136.715596330276
WWGQAHLG,7438.963302752293
ESGNSRKQEPHV,1051.394495412844
WEEDKHLSG,2268.4587155963304
AQDDSRKASG,608.2155963302753
YEAKKHDVLS,1480.5091743119267
RSDAAQRWDA,2201.5412844036696
LARWARLSG,6457.899082568807
YVAFAWHGWNKG,8532.220183486239
NAWDENVGYNA,4178.284403669725
DAFPWGRNVQVG,4067.059633027523
FQDRVQRSG,2696.1743119266057
SELLSAG,2452.5137614678897
FEWRDVLHGQKD,3055.821100917431
VNYGPLG,3432.4954128440368
QLVSALYHDLG,9533.238532110092
AKSHLASG,1156.6743119266055
NNWQRHSG,3615.9266055045873
YWDFFYNDSWNL,16582.380733944956
RLYFLGRPNHA,9906.977064220184
APNLAGFEKDL,1706.573394495413
LYKWKYLS,5192.623853211009
PHVDPKLYDL,3975.5045871559632
SRNHHQEYG,2945.52752293578
EPRYGFEHLWN,10503.844036697248
LSQNGEWAFYHV,15992.38990825688
HNLAPNDAL,2446.97247706422
HSQDNKVESG,720.0366972477065
DKVGSYDVLSG,1927.8211009174313
SGYYENVLSG,5734.05504587156
AYNVWQWKLG,9391.963302752294
LQVSGDWHDG,4268.215596330275
QKYVPNAREYKL,2974.3119266055046
WHDQQWQRNKL,5536.371559633028
QDSNAYVSEWKV,3067.2201834862385
DQKPDPNKHG,772.9862385321101
PSLKKDSG,1008.8623853211009
LHQRFYSG,8073.711009174312
KYNAYREYNSG,3542.678899082569
RRAVVLSG,3537.876146788991
NRLGFRYVANDV,10306.885321100917
FVGAQLGWNKL,7535.064220183486
EKVDKVSEYKL,824.3990825688073
SWVGRSGEVAS,2502.912844036697
DGLFVPVLS,19668.69266055046
HHRESESG,1129.073394495413
RGREDSLGRWVG,5488.573394495413
WLQNDFDENKDA,3119.7155963302753
HAYLESFPDG,6504.307339449541
AQALSNSEKD,991.348623853211
ENFFLQPYWKS,13528.151376146789
GRKFELQPDG,2103.3256880733943
DEGYSFLG,8465.302752293577
NYRHLLG,6374.995412844037
EKYRFEWSG,4677.435779816514
HFNLFNPVSG,7987.004587155963
EFRFRHQKALS,3804.733944954128
HVYQHGEPNHG,3015.435779816514
WLDYLSYWHDV,16781.509174311926
FAVKAPHAS,2346.059633027523
KEYLWDGQNK,2362.587155963303
KFRKRYSEYKG,1522.4357798165138
AFQSVASG,2658.766055045872
YVANYSGQYVA,7274.155963302752
GEKSGAEWHDG,1989.454128440367
AYVLFWDPHDAG,23822.284403669724
NLDRVRYNHG,4890.243119266055
KSSAKDG,785.7614678899082
QHAQFSPQWD,8271.266055045871
DGHEEVASG,1202.5642201834862
YWQKVSKFKDG,2779.408256880734
SHFVDSG,3202.5229357798166
NKYLRPQFWA,14041.678899082568
DGVAPAHDLG,1974.2293577981652
SHSALRDLS,2489.256880733945
HQAEFALG,3321.440366972477
QFNHSPGRYFYV,30560.889908256882
QNPWKDRHFW,10568.655963302752
DYKEDQFYNHV,3467.0825688073396
WLGLSQAWVS,16184.977064220184
NFAGSEYWNVS,7347.600917431193
NDRFSKVAS,2607.9449541284403
RSHFPLYLG,13588.866972477064
SYKSFQPYAL,9660.270642201835
KWYEHDSG,3029.3440366972477
SGVRREDS,1166.2522935779816
KSHPGQWLSG,3428.321100917431
KKAWAWHDAG,2942.3348623853212
FDNPVGQRHD,3647.087155963303
KGPPDSFHL,2367.9266055045873
GALYFHG,14977.091743119267
ESKEFVLG,1859.908256880734
SNVKWSG,2390.52752293578
YYFDHLSG,5282.1100917431195
KESQPNHWDAS,2376.8669724770643
WEGVQPKDV,2568.119266055046
KWQFSRVS,7113.646788990825
GNRGNVLSG,2270.697247706422
ESAWQPHSG,2407.4816513761466
HYKQPFREVA,2942.6422018348626
VDVGVQWHAG,4067.298165137615
SWDEEYVG,4379.105504587156
PNYFFEVLS,40486.40366972477
FGEERPKHDVAL,2710.9495412844035
ARKRNGENL,1097.0550458715597
HWPDSEG,2397.9174311926604
WGQWAEPWEYD,18977.1376146789
PFNHYFYHSG,13675.316513761469
SDSPGHG,1588.9633027522937
VPPDSYAG,1833.2752293577983
VDKQDSG,834.8073394495412
HYKESRYKDLS,2147.1284403669724
KNHAAQYWKDL,3153.4908256880735
SKAQNRPYNHA,2519.02752293578
DLEFRHEPHAL,6011.747706422018
VVSELWVA,9311.688073394496
QSLWGRVL,12375.844036697248
KVPDNASQFRVL,4098.467889908256
PLVDNDLSG,2564.770642201835
NQLHFPVLSG,6893.073394495413
YRHWHEKHAL,4874.229357798165
YYLYRNAG,5411.146788990825
WRSERNHALG,5481.243119266055
GQWHDWFYVL,36493.90366972477
PWRPDYVALHDS,8744.261467889908
NGWFNHRHASG,6282.844036697248
YKAFEVSNKKHD,2058.9770642201834
HNLGWNKELS,2943.123853211009
EHDLQEVRLPYL,16866.16513761468
ESGGGWNDLS,2451.8348623853212
GFWKALEWSYNA,14928.201834862386
DEWQHQWNKLS,4317.518348623853
AYDVKVEKHD,1431.5825688073394
ANKRKEDG,636.743119266055
RQSGRSPWALS,6034.422018348624
DQQPGKG,1029.545871559633
SGLDKDLG,1417.9174311926606
RAWHSEHPVASG,2796.5412844036696
PDYQPYGFLS,15670.720183486239
HLWVPDEVG,4328.155963302752
PELPLNLS,4821.233944954129
RPDPYSFWREV,11991.651376146789
SKSQKDQNKL,932.7477064220184
RPDLHNKEPHLS,1888.1238532110092
EQVDRVLS,1362.0366972477063
VKEHHVAG,1239.133027522936
GHFRAVSG,4173.866972477064
FGVLWQNDS,7024.642201834862
FKLGSYKHEKH,1961.408256880734
DYEGYWKG,3332.9449541284403
YGSNVYDAG,3757.440366972477
HARSPDFNDAS,2380.4266055045873
PGRNVHALVA,3947.266055045872
PGANGQSG,1176.9816513761468
FVHPGYDVG,5767.325688073394
PHDFQENEDVS,1649.151376146789
EWHSKGKFNKG,1525.2935779816514
VRKAWAREHS,2407.623853211009
HLYQNENKALS,2329.3256880733943
DFNLNSGFEKH,3844.802752293578
FVYYHDSPNV,7798.922018348624
SRKDDLGNHVG,1797.8440366972477
PPQKEYKHASG,987.0275229357799
VRRQEHALSG,2025.0229357798164
APEPNWVLSG,2932.0412844036696
PLPGYKGRDVS,2102.238532110092
RGHRGQNS,1764.894495412844
LWNRNQEWNS,5022.256880733945
VQPYSKVGEAL,1577.3211009174313
VLEFKVNHVSG,7448.729357798165
WKFKWKRNHG,2955.8073394495414
LWSGNFVAG,8256.055045871559
ASDSSWNSG,1617.045871559633
PEWARGRDLS,5424.394495412844
YVYFENQEWKG,9007.073394495414
PFSWDKDA,3807.954128440367
HQEDNGPYWKS,3667.9174311926604
YPKKQDVSG,919.3394495412844
SRGPVKSG,1573.1834862385322
VYLYLLSG,27249.376146788993
VAFRRELRPYKG,6595.192660550459
QYKGPWQHLSNA,4039.2798165137615
QKFHEPNVPNHS,1958.1146788990825
PFSNGPSG,2669.5688073394494
YVHFKDAWDVA,7984.380733944954
LFQGHALG,5216.55504587156
LQYNLDGFPLS,17148.564220183485
PPGQWFASG,6234.885321100917
WWHFYRYVG,15061.366972477064
RVRQAQPNKHA,1682.0366972477063
ERLKDQAG,1009.0550458715596
EFGDKDG,1431.1100917431193
FDAYPWNRPH,9394.385321100917
SRVLKGEPNS,1657.211009174312
RHLGASFDSWK,6449.880733944954
WHGQPFKARYD,8223.724770642202
NQYSHSGNHLS,3442.5733944954127
KPWHQGFAG,3910.0733944954127
FHLSGVSPPHA,4062.8669724770643
SDSNGWVS,3072.8577981651374
PFVWNGWKHD,9294.490825688074
WKEDEVDALSG,1987.394495412844
LKVFLWNSG,18731.995412844037
YFNYPYSG,4550.0
SPKEHNKHLS,957.5504587155963
FGSRNLYKDL,5787.165137614679
FWSLGHLQWG,15004.399082568807
EVRRPHGHVLS,4258.825688073394
WQAWWSG,20186.866972477063
EQPQHSEPYK,1329.3394495412845
GPGEGQDASG,1018.5917431192661
WLDQWDKVL,10887.009174311926
RDDFDVGNDLS,2717.353211009174
PRSHSKSG,1171.940366972477
AQVRFDVSG,4447.123853211009
SQDNDRHALSG,1662.045871559633
RDYQRWLGQEG,3899.7201834862385
GFRAFGELSG,6109.417431192661
HASLEWREDV,3573.8577981651374
NPNGHPYVASG,3257.9587155963304
AQHPAWVSG,3351.591743119266
AKQSVASG,909.2385321100918
AENVPREWS,2986.7798165137615
SESRFKG,2166.8669724770643
SWGDLPVLS,7523.701834862385
NSQHNPKHDA,1453.573394495413
WLEDNDQPWK,7768.224770642202
WVPASRFYNKDA,6956.431192660551
RFNFEPHRENHS,3628.816513761468
YQVKEDLG,1490.1788990825687
NVLKEPAQHVS,1638.1697247706422
AGKLDQPKS,1126.605504587156
KSNVYGWHDLG,5534.128440366972
DSEFEDVYHDVA,2704.4816513761466
QKLRYGRQRNH,3408.261467889908
YNYDPALVAL,11355.720183486239
LLSWQDG,5788.761467889908
EWKPVSWLEKH,3424.2522935779816
GFNAWGWNKALG,8728.266055045871
PLKANLREYL,5921.619266055046
NKSERSQFRNHL,3296.830275229358
RGWDNGQPYVS,8771.38990825688
HSGGEVFASG,2649.848623853211
GSEVWSG,2758.0366972477063
HGYVAASRHS,4155.045871559633
VHNQWSG,3864.6284403669724
SRAWLEDVALS,5392.577981651376
YYASDQKAS,1700.5275229357799
VFAFKGPYWDG,16123.266055045871
EVASQLHDRA,1656.802752293578
LQSPNLWNHVL,9976.711009174312
LEDGFWVDVALS,28398.311926605504
ARLDKASG,1421.4587155963302
NSLYWWKVAS,9470.729357798165
DDYNVKHDVAS,1947.1926605504586
NSGWFRPVYNAL,18383.839449541283
SPFNDYLG,5280.816513761468
KQLQHQPG,1587.0779816513761
PEAGNLFNKHVL,5026.256880733945
DSFPVPHVSGQF,4855.600917431193
ERLGGEYWD,6419.862385321101
DVGRHLRNLRYV,11145.188073394496
AEDFYKEDVS,1868.0963302752293
NNGWYHALG,10469.073394495414
ANSVDALS,1268.4495412844037
RNHNQYNFEWKH,6535.348623853211
QREHSGSKGRY,1762.4908256880733
DQRSAQWVSG,2604.3348623853212
KDDLAFWNKVA,2410.2155963302753
HWGQVYAG,7560.266055045871
ALGVAWNKFKD,4433.761467889908
WNREKLGWEAG,5815.137614678899
DQHFNKYHG,2701.3119266055046
SYLKHESG,1699.7660550458716
FPAGNDQPHGNA,2136.4266055045873
EFLRYHNHDL,8796.449541284404
APEFEDG,1173.908256880734
EASKSELGQEWA,1182.5642201834862
GKPAKSG,735.7155963302753
EFPLPKSELS,1759.9633027522937
FPREVQFLFRYD,42704.71559633027
WPEQYAG,3993.440366972477
LGYPREDSG,2284.0412844036696
PAGWHFQFNVL,27404.23394495413
QNQGYNDKHDLG,2155.646788990826
PQARARKDALS,1248.0963302752293
DERFKDAS,1170.288990825688
ALQRHHGFYKHV,6903.279816513761
EQHRNVQFVLS,15788.215596330276
YVNVAFVFYD,30642.74770642202
YFSNFWSG,7247.619266055046
VAPVKLRPYWG,7928.266055045871
PEWYSPYKHLS,10377.385321100917
DQQRNDNLS,1104.6559633027523
KFPFEQEPWKHA,2847.7201834862385
NPPGFHALG,3316.256880733945
KYNYSRAS,2598.270642201835
FPKYLNKHRPHD,3788.2798165137615
VAARYDQEKVS,1506.619266055046
QEQVSQAFYWDL,11217.940366972478
KYDFLEYSG,4264.977064220184
KWYWNVKVL,11480.481651376147
HDGDLGNGFWNK,4023.270642201835
AYWSPGQNLS,4020.729357798165
QPQWYDSQWLS,14215.701834862386
YYEWYVLG,17722.669724770643
ADPFVLSG,2978.7752293577983
PAALNAEAG,1088.9724770642201
RYRKWDLRALG,5488.761467889908
WRSKRNSG,2070.3440366972477
RPVAVSVGPYDV,7829.119266055046
DGDLRPRNAS,1669.2018348623853
WEGFYLNKHVL,13504.669724770642
DYWLQSHDG,4993.802752293578
QNGGVQYWKLSG,4083.8577981651374
VGYVDFREWAL,15226.5
PSGGVASEHDSG,1178.2568807339449
RKNNQYWKAG,1786.4174311926606
SPNFGENHVS,2055.1422018348626
WGKYPLSG,4640.04128440367
HWQNPSG,2804.408256880734
LEGPQFRG,4878.0504587155965
WQGKEKSG,1086.01376146789
NALGFQYHEWK,7915.307339449541
QPVGDRASEDS,951.5091743119266
NYVHGHSG,3180.5229357798166
EGFKSQWFWVAL,26438.032110091743
WYWQRVPHL,14483.09633027523
GPGGPVALSG,1505.6926605504586
QKEKRKLFPNVL,1409.334862385321
NRFDDVLSG,3674.5688073394494
AKFERDG,1506.2385321100917
VLGVWVLSWKLS,25942.05504587156
WGNVLYSRNDSG,8499.559633027522
VSNWHFEPNKL,4739.862385321101
DFKGPQFNKAL,2546.940366972477
GNSKPYLS,2442.5504587155965
FGEFASGEWNKA,3749.619266055046
WEHRSNHG,4057.467889908257
VRSGHQWNKHA,2951.6009174311926
PAFYNSEVFVAS,28921.408256880735
YLKKFWVLG,8961.481651376147
RHPANDLDVA,1469.7798165137615
DPALPHRKHDG,1399.1605504587155
FYPYDGWRNG,9896.954128440368
PSGNPWNSEWNV,5254.270642201835
VAKLVLRWHA,13312.816513761469
WQSDGKLG,3241.0366972477063
EDAGELYDWNA,4647.857798165138
PPAALWSG,3274.293577981651
LSKSWLQRENDG,2556.169724770642
AAEPKQLG,877.5779816513761
LSVVPKLG,2735.912844036697
DNQQNHLSG,1574.9587155963302
VYPHPWNHVLS,11430.766055045871
PQSEQNVAL,1374.2935779816514
EYRGFKDEPNG,1962.3073394495414
QLGFYLRYSHDG,20279.064220183485
WFDESKLG,4923.564220183486
HSRESQFPVLGN,4153.747706422018
HPHKELSG,923.243119266055
EGQLSNSPVAS,1133.7339449541284
FQDQVYNDVAL,5945.931192660551
HQGRELKVAS,1512.0
FHEPWQEKQEYV,3488.8853211009173
FSDDDVG,2006.348623853211
LLRHVKSG,3067.4449541284403
DQHAQLPYWAG,7087.4495412844035
HEFKGRLG,3118.3990825688074
EDGAGRWSNHD,3518.412844036697
DFWGDGRYHDA,8224.504587155963
VYEKRPG,1747.2706422018348
NKGGLFYHVLS,8542.316513761469
SEAWAYDG,6399.711009174312
HGNPNEWVLG,5659.211009174312
QAQYVEKAYN,2682.876146788991
VWDPENSG,2511.4266055045873
FWLSRVFEGPYV,23265.80733944954
WQPHDYNSEPV,4193.527522935779
HDPKDYQFEKLG,1823.2614678899083
SKSGQRVWLG,5906.206422018348
VRLLALG,13311.316513761469
EAYVKSFPSG,2618.47247706422
HYKKYWKHDALS,2819.1146788990827
EQLHAYHVAL,5733.128440366972
EFEVAASFREAG,4564.935779816514
GRKFHRWHVS,5261.266055045871
DGDSNSNHDLS,1566.2568807339449
FEDLALSYNVVA,14491.348623853211
QYFESYNGHVS,5685.844036697248
LPQRDDG,1657.908256880734
SEQAYWG,5675.688073394495
HSWQHAQNKHG,2458.3073394495414
KLKGQFYWAGQR,6624.261467889908
DEPWGKARPD,2260.3119266055046
NRSQRYDWHL,10108.091743119267
YVDALYLSFNLG,35012.45871559633
EEVAVPYNAG,2566.5
HWAGKVWKG,4007.683486238532
HVYFSQRPYKDV,11208.701834862386
DRSLSPSG,1601.633027522936
DYHEVYLSG,8175.51376146789
YHHVGRSEHD,2406.0688073394494
LGKSYKDRNH,1847.9587155963302
KSFFPQREPHG,2987.5137614678897
EAHYNSREYDV,3271.4954128440368
RRSEYQVAG,2234.701834862385
GKYDPDLSG,1704.1100917431193
RSKHHASPHLS,2423.7752293577983
NPGPYFSG,6581.94495412844
KHAQKNSRHAG,1133.7844036697247
AYSFFWKHDS,7251.45871559633
ENHALNNHARPL,3575.954128440367
KYVSPEDLS,1461.1284403669724
HDYRVSYNDL,8269.394495412844
YWDHPYWRPVAG,16806.697247706423
YHYYAYWNHASG,6942.44495412844
QNPWWRYNAG,13735.80733944954
EGLPKDNG,1096.1238532110092
KVNVLQYYWNH,12728.779816513761
EEPNAEFRHL,2491.545871559633
ASVEFRAL,6112.160550458716
WAVLREHAGQN,4102.01376146789
HNHAHGPWKD,3428.738532110092
GFKLGPFEKDG,3208.137614678899
DQGAVLG,1407.6926605504586
REKQEWGYENKH,2710.729357798165
AFEVEQEPYH,5160.412844036698
GWLFYYKVASG,17525.059633027522
SPAKRPAG,1229.7752293577983
ADNSQAG,985.4908256880734
FSPGRPSHDG,2445.3669724770643
WANDKLPNG,2322.5688073394494
LHRLYSG,7004.380733944954
ANEAPHSG,1397.105504587156
PYRRFWKLG,8771.788990825688
KQFPLYVRWVG,21970.20642201835
WEEYHAHG,6820.201834862385
QRYDYAEWVRPN,9140.880733944954
SQKRVLNG,1824.394495412844
PALPQFQEYW,13164.573394495414
ELGAWDVAWKHL,9328.642201834862
WRSRNGWALS,11357.270642201835
ANSQQYASG,1577.1788990825687
RRYNFKDRNKA,1442.197247706422
EDNKYKGYDVA,1373.4816513761468
RPYPHAGGPWK,4897.908256880734
DDRVDSG,1541.4908256880733
HRKAWLRYHG,7355.495412844037
RLVLKRPKHAS,2938.243119266055
NNSRPGVSG,1762.6605504587155
LYYNHFEG,6922.917431192661
VQEAGAFPWKA,4196.972477064221
QSHPWAKG,2966.5137614678897
YWSKVWSNKS,4400.5
AWWKKSG,2819.830275229358
SNEPNQPSG,1518.5183486238532
FPSEQYWEYWH,29171.550458715596
AALGDEASG,1444.711009174312
PKHKEVFRPL,2011.454128440367
RRYSKLQRYVS,4497.44495412844
NNDVQRWFNDG,8112.5091743119265
FNASLSFRNNK,4905.146788990825
QQKKYVG,1081.4954128440368
EHFPSFKGRYD,5508.834862385321
GARAQFRDAS,2974.6284403669724
LQKLVFRVAL,36462.69724770642
NPQSHDLSG,1622.545871559633
FLALYNHPVAL,17100.004587155963
RWYQKFWNKA,6027.454128440367
DFGPLKSG,2314.5229357798166
DVGWAPRYKG,5700.3899082568805
LGHGAFNDV,4136.298165137615
WEWERYDVALG,18782.67889908257
WEAPEPKDA,2211.798165137615
RGNDNQRKG,1226.01376146789
AFYWLEFPHVG,27460.92660550459
VWPNHPNKD,2743.8577981651374
VQRLEHPYSG,4389.678899082569
PKDRHGFEDAEP,1596.454128440367
DVYFLQEHVLG,24734.674311926607
PSDEKPNKVLG,1099.3532110091744
YLKSNAPNKHS,2155.697247706422
QPPKYSREWDS,2755.169724770642
AFQYGEG,3050.706422018349
HGADHDLG,2148.587155963303
EDFPPQRYWKHD,4330.752293577982
NDFLNLGVLS,10623.573394495414
NVLSDSHNKHV,1978.7935779816514
RNKRSGYWYNHG,5324.1100917431195
VSQGWSHDAG,3461.577981651376
KFHANKFALS,3725.1559633027523
FSNHLDYVG,6373.747706422018
VENFGYKDLSG,3541.4449541284403
FHFPDSHDVQP,2970.646788990826
DYLLASG,6026.293577981652
YGNPKLPYNG,4593.844036697248
ADAGWPHL,7279.59633027523
VDYWQKALG,3993.0366972477063
EDWNQGHDLG,3023.8073394495414
NVAFALSRPLGP,17071.77981651376
QVGYRVLDVAL,22376.39908256881
PQQDAEVLS,1302.7660550458716
QGGPWLSPLSG,7530.655963302752
GWPRNVG,5345.972477064221
VKLSAFWNG,6815.637614678899
YHASEEDFPS,2669.912844036697
NEWSEENDG,2574.9862385321103
AWSKHQVLG,3402.646788990826
GQAHEASG,1046.1605504587155
KYEAQKDLS,890.8440366972477
NGHNEKLSG,1104.802752293578
LSVLFHDEKAL,8501.38990825688
RYYQDAKVAS,3426.9816513761466
SRLVFALG,29291.25229357798
WREYPYLDLS,18328.756880733945
YNAWFYHVRPD,16775.29357798165
FKLYLRHKVLG,10060.426605504586
EHRLNKLQHD,2001.98623853211
HVDKWKG,1671.7844036697247
LFHHFNHAG,5239.481651376147
FDGNNASYWVS,9438.47247706422
YVLGLRPNREYK,6479.142201834862
WWKWGVLSG,12293.440366972478
DFGESRDSG,1889.3577981651376
DWWKFPG,9051.5
DLFNKDYHFPL,9074.587155963303
EYVGDVASVPNA,1846.2706422018348
SDAFEFHSG,4459.587155963302
YYGQNVHVSG,4300.321100917431
WPEDKHAL,2958.8073394495414
GWNSSYLSG,7861.857798165138
HFRDALWSPKSG,6530.0091743119265
RQNFLQEYWNV,12978.637614678899
PWDHSWVQWNA,14325.69266055046
GVLEVNHVAG,3127.2477064220184
YWWYAQHDLS,11027.954128440368
FQKFVWKDL,8385.48623853211
GFFVVSG,41357.49082568807
RVGNVGGYKHS,3125.270642201835
KKQVGDAG,1131.4587155963302
RDWVNKGEKDVL,2062.261467889908
YPHPNLFNVL,14450.97247706422
VHAPADSG,1389.2522935779816
EDQHGPFNSG,2366.045871559633
GESNWAG,3246.3073394495414
KLAYWGNHAS,4383.504587155963
SAYHAWG,7217.252293577982
WEDADARHL,7173.100917431193
GWWHEWKAG,7682.068807339449
KGYNFWLRWKD,9342.059633027522
FQFARQHVSG,5882.761467889908
LKVYWPWHDLS,20611.197247706423
FDKDGPEDG,1319.7155963302753
YEKEWHRPAS,3451.7798165137615
GVRPLKG,2133.1330275229357
FARGPNSVAG,2535.059633027523
WLDKALNKHSG,2660.0825688073396
VDGYHYHDVG,5464.834862385321
QQVGARKHVS,1571.2981651376147
KSHSKHGNKL,1005.7935779816514
KWLWFWLSG,19598.866972477063
DHPFDAS,2678.0504587155965
PRKSHSRYSG,1861.0183486238532
WSQKDEPREPA,1173.01376146789
GVAWDNHS,3767.0137614678897
YRAGVRPYG,7007.573394495413
HNRNKKG,884.0091743119266
NPAHYHG,2794.9495412844035
GNPSASG,1094.7018348623853
ASPLKRPWKDVG,1814.605504587156
PVGNQFFEHG,5593.4908256880735
HQAQQHVG,1532.2935779816514
KYEWSWHVAL,11021.243119266055
VALAEPFRPDA,2509.52752293578
NLHHGRVG,3416.1880733944954
NYWPGWASG,9715.018348623853
NRAQWGRWKG,5137.94495412844
ANKVPSYDVAL,2541.4862385321103
LQYFYQPYAL,17617.688073394496
VPNDPWKGHDA,1819.119266055046
LQAKVQFYG,11289.100917431193
FPDVQHFGFEH,9400.330275229358
NQKWAQYWD,9788.064220183487
EPRHDGQDVFWA,6934.926605504587
FPDKLSPLYNDV,5110.321100917431
LREDFAENL,5024.155963302752
NRWFLEWNDV,17917.009174311926
PKDLYGHGYWDL,11873.087155963303
VEKPNRSG,1217.0779816513761
KYHLYFREPHVS,6115.027522935779
GYRPGQPG,2726.02752293578
WHDEVQWLFWHV,28940.44495412844
ASQFPAWVSFN,13943.54128440367
RLVVNHG,4069.2844036697247
EELWGYWNG,9722.298165137614
WGAPDLALG,6213.619266055046
NVQKSRAQRLSG,1662.802752293578
GEPKRWNPVALG,2817.2798165137615
PRSYYHG,5790.1697247706425
DYNRNKQYKL,2310.770642201835
NADSVPAL,1261.2752293577983
APYSDLFEWDVG,5319.738532110092
GGWDNASG,2391.229357798165
QPDQQPLRDLG,2311.940366972477
WEWGVNVLSG,11313.105504587156
YLPERYKDVS,2453.9908256880735
KEKSHYLG,1423.5825688073394
RSHLEGYDG,2983.738532110092
YYGVVLSG,9504.325688073395
FFGGPVALSG,5395.45871559633
RYSGVSRLSENH,3235.261467889908
QVWQRHLNLSG,5428.94495412844
NHQRDSNVFPWL,11262.995412844037
DLNGGPHG,1823.4220183486239
WAQDWHFRWAG,14818.064220183487
WESLNKHDVA,3104.064220183486
EEFYPVLSG,6596.926605504587
RNHLKVFPSGH,4207.816513761468
YQNDAFDLALS,5862.123853211009
KDVKNKHRNVL,958.6743119266055
KPFEKDREWD,1443.2018348623853
DHGYEHLG,3082.3990825688074
YAVFWNDRVLS,14167.600917431193
PPHLWGNALS,5037.642201834862
HSYFYHEYWKDL,10625.059633027522
NAESAQPLS,1242.98623853211
QDEHLSKLRYW,8068.899082568807
WSFRNVEDAEYV,5389.201834862385
EEGAYVSG,1701.545871559633
WGELQEPHQNDG,2653.47247706422
VSLNDSYWNHSG,4076.1743119266057
EQNPAYKHVA,1512.5963302752293
NYWHPFKLSG,10092.532110091743
NVSEVRLGWDA,12931.967889908257
LQPHADQFPD,2395.1651376146788
ERPEQYNDSG,1308.8119266055046
YRFPDFVG,9397.756880733945
VSFQGPVAG,3414.137614678899
LSALWGQRNKVL,5677.4495412844035
VEKLPPYNKDV,2026.2798165137615
SFYYQRYL,7634.729357798165
FLERYLFDV,6819.779816513761
HQGGWALS,4564.087155963302
YEGVPHG,3279.4266055045873
VWHDPGFRWDL,21570.30733944954
FFDSNLWNHD,7882.94495412844
VAWKDNQFWHL,12292.188073394496
LQDLLQPWL,16441.01376146789
RVHHAFVS,5766.279816513761
ESWYHDEYNKHD,4763.857798165138
GEQEPSNVAL,1377.4587155963302
DFSDNHG,2394.266055045872
LPEQNAS,1001.0825688073395
VEPGNGEPHASG,1360.5366972477063
DFHSLQWVLG,12686.275229357798
RGDDQHVLG,1995.6880733944954
RRWVPGQDSG,2884.9036697247707
NLRWYWVFRYH,23138.169724770643
ASEQEWHYVA,5645.711009174312
YPLHLNVS,5832.426605504587
YKHDLNQNKLNV,2114.087155963303
FPWVNHSVGRNA,7186.022935779816
HWNNWNAL,9676.935779816513
WYSKLPASG,3874.293577981651
FADSDFWNAS,4904.133027522936
YHPFNKFWKHAS,5461.582568807339
PSLAKAG,1420.4357798165138
FAASYSKAG,2863.669724770642
GNANQPVLS,2387.1743119266057
AEPYNWVSFPYH,23272.009174311926
ELPAFWAVSG,10614.339449541285
NAFPQKLGVAG,2189.238532110092
LQDHSQVG,1643.6238532110092
RQSARYDVLG,3882.47247706422
FVDEHQWG,5224.9495412844035
PVEAFEDVQFA,8746.435779816513
EFSGKDLSVL,2234.6009174311926
PQSHSKDAS,841.3623853211009
NQDPAQWKHD,1691.9449541284403
YKPHYLSWKDVS,4327.311926605505
VLPVNHLHDVG,3553.293577981651
KFSPHYWKVL,7586.866972477064
WPQRFWNLSG,13930.894495412844
AGFRNEGWKHA,3341.5183486238534
NKEWYEYWNKS,5098.564220183486
LYLYFPSG,14948.339449541285
YKKNDAYWHDAL,4618.247706422018
PRSHYVLG,6003.770642201835
QRPPAEPYDYKS,2061.6605504587155
EQVYPNKHDSG,1438.8073394495414
DFAHPVG,3310.4633027522937
HPKYYVLG,8458.504587155963
AWHSRFPHG,7617.54128440367
KYPNYNHDVASG,2404.348623853211
YFLQDFSG,8231.600917431193
QVAAGHVGENS,1239.619266055046
VEDHYHG,3024.0
DARGAFPWHDLG,8123.426605504587
VGVVRESG,1831.788990825688
YQNYHPWSG,10211.339449541285
GYKWYKHVALG,7591.091743119266
NERVRWKHVG,3858.376146788991
PNLNLQHEDVA,2112.0366972477063
RKYSDAQPYASG,2517.9495412844035
WSHDYVLPDVA,8148.619266055046
PLVNPWALSG,11304.5
PLSGVGVWKH,5606.651376146789
QGFHNHLEWKV,6856.279816513761
KRNSQPVFYHL,11258.045871559632
AGVQNDGNKD,1174.334862385321
HWEYFRG,12070.08256880734
EVLEYDHQFYKS,10016.316513761469
FHNHSQYGPDL,6266.784403669725
YYKEEVLG,2694.4633027522937
FHVLYVGVPWA,42778.34862385321
PRFLRNDVA,5457.435779816514
FGSYHFPG,8519.788990825688
NPKDGVYWA,5087.862385321101
RNPSSFRPYNHG,4111.0504587155965
SYKYRNVS,3394.211009174312
PPWAHSPKG,2723.298165137615
DPWWKPAG,3978.6284403669724
AFWEWKYWVAL,26926.954128440368
LKVQYFREPYS,14173.155963302752
FRRFEVLSFNS,29225.160550458717
YQWKGYREPDV,4549.9908256880735
VGQFRKKVLKS,1542.559633027523
GFFVPHALSG,12338.58256880734
KSEDFVALES,2117.3256880733943
ENEAFPWARKH,4764.899082568807
YNGLYNDLNAL,10286.197247706423
VWHPKFYNKD,6033.233944954129
YNPQREARVG,1992.7614678899083
QFNQAFRPEWKL,8533.70642201835
WVLKQRYGSG,7796.467889908256
EVELRWDSNKA,2728.0504587155965
NVKLRVSEYAL,11947.20642201835
PKWGEDKDG,1298.9954128440368
KRPFEDARKG,1220.9633027522937
WLLNRPAG,8641.743119266055
ARGAEWG,3210.1146788990827
QYKLFWLRPVLG,23073.995412844037
KEERWSG,2292.9908256880735
YYFEDDLSG,7017.633027522936
ERHNPLSG,2100.454128440367
QVEVFYWWLG,40232.58256880734
KVQKENHPALG,1740.5504587155963
VWYSALG,12054.266055045871
HNQEWFWG,15283.90366972477
QDPYGKGPNHDV,2081.0504587155965
PFGEAYDVA,3993.0045871559632
KYARVLPYNKH,4262.229357798165
PKFNEAEPWV,3911.619266055046
NYGNWDSG,4722.9495412844035
WHPNLWDYWNAL,27996.045871559632
NQSEAGYWNHV,4025.1743119266057
RFSDPKG,2119.738532110092
YYLPQASG,3393.5183486238534
WRAFDSKHVL,9270.522935779816
VWNNRKDVAS,2657.8990825688074
HFKNREKVAG,1604.0366972477063
FNPSALNHDAL,3664.9633027522937
RVHYQWALSG,10260.08256880734
ENLYEYYVSG,21351.65137614679
WEGPNQHG,4692.0504587155965
NYHGHFYNV,11292.52752293578
WLWHDHYWNKG,9901.279816513761
SEVDGHLSG,2227.1926605504586
ALARYGQVLS,8053.454128440367
VNHQSFRHVS,4153.151376146789
QSALDVFRNHV,4862.114678899083
HLGDVEKAQD,1023.5366972477065
HHGGKVS,1325.426605504587
AGSVWDG,3605.5963302752293
DSDKYNSG,940.0045871559633
EQKKKVALSG,716.2064220183486
SSKDLHALS,1510.3119266055046
QLSYEKDLRWDA,5187.701834862385
KRGEGPKS,822.545871559633
LPHSLQNKHD,1914.3073394495414
NDPRHVQFALS,7791.183486238532
NSPHPDGFEWK,3775.2522935779816
RGYHQHPAG,3115.6559633027523
FPQSYWHVPDS,8387.761467889908
KAESVGREL,1235.633027522936
YGPKPYHVWSG,9207.229357798165
KKVDGVASG,846.6422018348624
PQLWAEKHDAG,2301.1743119266057
GVEWEDALG,3539.1100917431195
KQYEHFWHVL,10705.784403669724
YHKNHLRYNVL,8160.504587155963
YKYPFKDAG,2979.9449541284403
QVHDFYSDLG,7637.495412844037
HPNLYAFENK,3823.7477064220184
HQVGRDPAG,1787.545871559633
WESDEWDVS,7167.9495412844035
HQSKFPVS,1949.7522935779816
RRYYYLSG,14226.43119266055
KKVWALGFWNHD,8616.362385321101
HLRGKDPDVAS,1429.788990825688
DGQLDGQPNHS,1968.7844036697247
QSSVHDLSG,1508.394495412844
PRWAVARPKAS,3356.5825688073396
NKRQGFWDLS,5755.807339449541
VNWARSG,4546.0091743119265
WEQGHDVLSG,5094.55504587156
QQHNLWHDSG,3861.935779816514
PSSQNKQKHDG,981.7018348623853
RFNEQRNG,2869.091743119266
EVGSVASYV,2862.8899082568805
NRKLQNNKHVL,2397.47247706422
PHKPDQFALS,2988.0091743119265
WHPFSGRYWHAG,17356.798165137614
DSYGFLYALG,23523.784403669724
FNAYHAFLWNV,21703.52752293578
SNNVLASG,1973.7064220183486
DHDDSVASG,1370.1146788990825
EGDNVQDS,943.1376146788991
ALGPSRWQNKV,3232.669724770642
ELAALYDLG,6873.715596330275
LSYNGPNDQWNA,4007.105504587156
DEFYHRDVALS,5197.224770642202
WEHWKFPS,9306.444954128441
SKNDHSG,974.0871559633027
DQNKRYHFVASG,3530.3899082568805
FDDAFQRPAS,3328.394495412844
HDPADVFHVSG,2781.3440366972477
AGPGESEDS,862.5963302752293
NNHRSWDG,4643.8302752293575
RYVFASRYVWHV,27468.169724770643
SREFWDPYKG,7596.068807339449
KSWVEPLPWDV,8667.51376146789
APKQLFRYKAS,2655.669724770642
LRHSHQNLSG,2901.2844036697247
QGVWPNLG,6300.94495412844
QQGHLRVG,3282.7201834862385
FRELPDWDVLFL,32500.940366972478
QLPYKQRSQPWA,6174.192660550459
AQYFLSEYWDA,22777.22018348624
WKEYNSVAFH,9985.229357798165
NVQVQPSNDG,1655.9816513761468
ENHNYKSQRNA,1624.0825688073394
FYYKGRAQKHL,3766.862385321101
FLPAGQWPNH,6578.761467889908
PESGSQRS,1477.7477064220184
KFWRENKLQNDA,2474.229357798165
DFVFWFEYLG,46712.93119266055
ARVQFEYLGKHS,9709.701834862386
KFSWPVSG,4892.082568807339
PHSHLWVGHDA,7093.371559633028
EHWNQRWNLFRP,13581.816513761469
VSAFRAFRNL,9812.11009174312
RFSVQESG,3089.733944954128
QVWFWHDWLG,29717.619266055044
KSGPNDYLPWKS,2767.1146788990827
SVFPSHG,3497.743119266055
KDQPDVFEGRN,1530.348623853211
YPYFGDLS,11353.655963302752
WWLFNRHL,16077.408256880733
KERGRHVAS,1376.5779816513761
WYFLWLSG,12631.155963302752
ESPPGFNKLS,1621.7568807339449
NWEKEYA,3000.5733944954127
QYRSDVFEPS,3181.9954128440368
PFVRNQWKVLSG,7974.98623853211
PRGNWDG,4107.022935779816
EKWEDAREHDV,1569.3761467889908
FQQFLRLG,17844.24770642202
AGQEPGYKDGSG,1495.467889908257
WWQYEPLG,14839.825688073395
EEPPYQPNAL,2249.3990825688074
HPVGNGDVALS,1784.9128440366972
YSPHKDFDG,2404.880733944954
DVHPGFYG,9165.165137614678
RPEDFRNYNA,5430.40366972477
NNKDYFEKSG,1186.0642201834862
PFVKSRHVLG,5833.022935779816
DARDFYAREPY,8425.233944954129
VHGHQHSG,1857.1009174311926
EGEFSQPYKHD,2516.5045871559632
PLKLRKNVG,1818.1100917431193
SFSEYKQLSG,2374.6880733944954
DKYNFVSG,2275.270642201835
WRDPVYWLSG,21397.802752293577
NAQKREPFEWHD,3432.8073394495414
NWRSWVSG,8691.357798165138
YPEWSDG,4212.931192660551
PKAKLPDSDL,987.5045871559633
WSFNVHFYWHL,23497.51376146789
QFWQRKGRAKHS,2110.564220183486
KKFSHVSG,1276.4220183486239
GGEDLWG,3034.4954128440368
RQEWWLFREWA,21119.036697247706
QERQQEHLG,1244.1284403669724
SKAVLVSG,2505.7752293577983
QHKNHPNKL,1416.380733944954
PQFGNADVLSG,2354.146788990826
PGGHGKG,1042.3532110091744
KGLAPKHALS,1549.1605504587155
GFFPWDWSG,21105.380733944956
DDAKLWSG,2196.9862385321103
RPHFFKGKVAL,6109.8302752293575
PDYHFLQEYNV,8675.38990825688
DLRLYHVEYK,10372.69266055046
VEWHQWVAEDA,3821.137614678899
FGRVKGPWHLSG,6860.266055045871
DEHVDGFPNKD,1624.7522935779816
GFVGLKASG,3714.7798165137615
YHHANVLNAS,2532.706422018349
ERLEDSPHDLG,1463.3761467889908
EPSKLFPGRAL,3215.6651376146788
KPALSAWHLG,3262.3073394495414
PYNRWLYKGNA,6856.844036697248
YVLYELQPKVL,22183.619266055044
SHARFHLG,5220.811926605505
ADASFKHHALS,1962.880733944954
KGYYPYDVAS,4119.605504587156
RYFRREDSGNL,3253.394495412844
HSSEASGPKV,770.6926605504588
KSWGALWHDAG,4784.866972477064
WVRGDFENDV,4942.642201834862
YSWVSNHEYWNS,8974.619266055046
NEWRAQKDVL,3069.376146788991
EDNVVQRYWLSG,6779.261467889908
RQYLLSPYNK,7182.522935779816
QPDHYWKAFRPN,3959.6146788990827
NAALGGYNG,2020.9587155963302
PGYAASPYNDLS,3816.7844036697247
SQNPFWAG,7118.004587155963
HEGNQNVG,1502.2706422018348
RRDEPFVSG,2196.669724770642
AQSWADAG,1757.6009174311926
FEQNQYQENKVG,1657.0688073394494
PSDENHARYALS,3051.9449541284403
FSRKQRHDSRPA,1821.0963302752293
PEHKRYLSG,2615.4174311926604
VKDQWWDSG,3862.3073394495414
HSVHELSG,1758.302752293578
ARYYNPYNKLS,6163.715596330275
VAWALNLNVALG,18731.26605504587
VHDPFKHVAL,4562.114678899083
EPRRYSGKLG,2235.3073394495414
SDAFFDG,5190.380733944954
YEWNYREPYNDA,6658.577981651376
AEFLVALG,22291.403669724772
LSYESENKDSG,1712.408256880734
WPSHYWNKHLG,8026.454128440367
WKQWLGRGPKHD,4493.756880733945
GYWNRLHSG,7047.821100917431
QQHRRPHLSG,2823.816513761468
AKPQFPKDLS,1556.8899082568807
ENYLSDEPYVS,3403.8119266055046
PFKHPDFDSG,2951.412844036697
VKDYPDVALSG,1654.605504587156
QFVYSQKALFHG,9105.449541284404
PAALDVKASG,1508.1743119266055
YYHRWLQFLS,14010.536697247706
VVAYVNHSG,5689.784403669725
YGRLYVAFRWSG,28652.591743119265
QSEVAWYKVG,7050.142201834862
ESWSHYWHVAG,7778.9495412844035
RLDVDSFPYN,7061.600917431193
ELNANHAYVS,3288.077981651376
FPFYQRDGFYN,19829.01376146789
WKGQWNGHPNH,4298.729357798165
FDYSQFDAWAS,8387.100917431193
WHSPPKVLRPNH,4056.7247706422017
LHDGNFREN,2961.0045871559632
ALLGQLGRLSG,5651.683486238532
WRHVDGRYWHLG,15037.587155963303
DLYKRVREWNH,4609.504587155963
KVNSVARHG,1680.2935779816514
KQDWQHVLSG,2546.435779816514
FGAAQRVL,5652.568807339449
DLLQWQNHV,6305.201834862385
VLWVFHLYVL,32121.022935779816
GYSFKVVG,13900.018348623853
VFHAALVALSG,15292.816513761469
KEYYLGFRYWKG,8196.261467889908
YGNVNRWKHVG,5034.678899082569
KDKFSRKHLS,1011.7293577981651
RKAWYNKYWKH,3862.201834862385
PEYELYHVAL,19978.26605504587
AFEARRPAG,3840.206422018349
NEYYELSG,6519.371559633028
ADVPPVALG,1750.559633027523
KQAGRQFVG,2371.105504587156
KGWHQQFRHA,4756.619266055046
KGDLKHPNHS,1185.8715596330276
QNQELRPDEKG,946.9036697247707
VQGPYGNVA,2932.876146788991
QNFESGRDPKD,1616.1605504587155
RGGALALG,3751.52752293578
FGKDLWEVAG,4451.064220183486
NALFHPYWVEK,14595.58256880734
RGAVEWHVAL,7498.298165137615
WGYQPHQNLS,6867.752293577982
FRLLNVRKVLSG,10489.330275229358
LLRNWHVLG,11410.40366972477
KRGPRYAL,2902.3073394495414
NLFKNYWNALG,8460.775229357798
DEQFAKVG,2202.0504587155965
PGVVHAG,2078.3394495412845
ASRPLRASGQNK,1560.105504587156
WWVKEKDG,3243.697247706422
FKKVSYWLQVSG,10448.481651376147
RQERFNKHASG,1692.559633027523
FLWYPDSG,7334.082568807339
AKHFNGYG,3893.266055045872
VFGHDWVG,8913.252293577982
FAHWGEVG,4665.105504587156
FRQHDPQPNAL,2701.862385321101
NKSPWRELFY,14900.169724770642
QYPKPGRYHVG,4111.752293577982
QWWYWGWHDVL,29062.463302752294
KVFWRYQPDVS,8798.385321100917
FQRQQWKSG,3298.087155963303
DFLYDQRYSG,7891.917431192661
PSVWRNDA,3863.894495412844
HAHVDQWKHA,2734.52752293578
WRVAFGEVLS,22152.33486238532
RDQRSRENVYWK,4044.087155963303
HGPNWQKVAG,2326.6605504587155
ELEPYADQRYKV,3750.6743119266057
NKYWKPWGRYHS,8640.325688073395
QFNFSYREAS,7685.119266055046
YPVLEWVYLG,34248.44036697248
SVGGDVLS,2063.256880733945
HKVRWEKHDG,2082.8669724770643
PGKPDRWNAS,2194.233944954128
GPDYFHAG,3494.9770642201834
SFGNFHLS,8549.47247706422
DQRERDLGNK,1469.408256880734
WHDPPKHQWNV,4530.775229357798
DDLRSWDALG,4662.582568807339
AAFPAWG,6824.229357798165
QEKVGKHWKFHA,2610.467889908257
WQEWRHLWLG,25900.009174311926
DRDQWSPYKDL,4998.334862385321
PLNKRDYHVAS,2971.1559633027523
VNALQLYWNG,11475.344036697248
YPQGPKDLG,1858.2018348623853
NVHGHAEPDA,1603.9724770642201
NHNAWNNHLSG,4183.926605504587
WGNYASENHLG,6365.853211009175
HAYFVQYWNV,27653.27981651376
SLSKRALS,2591.3715596330276
YVYGYHDEDLG,7963.922018348624
KFYHQFLGYV,15579.825688073395
VYEGVLSG,3036.302752293578
RFHPDRPS,3892.637614678899
QLFQSGQRWND,6839.238532110092
VLSQWVQLWKH,14234.62385321101
LAFLHLSG,12907.302752293577
EAHSFAWAG,4845.811926605505
WEWALFQALG,19003.05504587156
FVKHNFRPNG,3792.876146788991
YSAFYNKDVFYV,23358.275229357798
LFDPGEHL,3903.0045871559632
KDYYGPYNKLG,3577.233944954128
EKLWPDGWNVA,4935.183486238532
NVDKGYVALG,3211.9036697247707
RYVEFRNVRYHD,14346.784403669724
QLREHGKLPVLS,4280.045871559633
VVHLQEPNKDL,2011.2798165137615
NRFALYALG,19424.330275229357
FKHFQFYLFEHS,32968.8256880734
NVDPFDAL,4549.211009174312
PGYSNSYWHVG,11079.087155963303
GNQVVAG,1692.6238532110092
KQVLEFRWNG,7776.339449541284
WARGNLQFYS,21355.74770642202
HNFEADSG,2263.1605504587155
RDQQALQENHL,2256.422018348624
EYLPVLNQYVAS,8782.114678899083
ELSGNEKEWDV,1865.6926605504586
VNLSRWQDAG,5232.788990825688
PEQRKNLG,1277.0045871559632
RFRPASVEAL,2099.316513761468
SPVLDLQHL,4028.8119266055046
KFNNPHDG,2384.802752293578
NQNSSFREKS,1320.8211009174313
YGWEALEYASG,10216.981651376147
HVKGFWQPWVG,16492.44495412844
QKAYSFSYNSG,6621.715596330275
WEQRGRLG,6843.394495412844
FSREAGDVKHVL,3897.6100917431195
WWSNNHG,8043.857798165138
GPFLHDG,4774.178899082569
WWSWPWDALG,28168.022935779816
DDGFVRKA,3168.2798165137615
WKYQWVFPS,18575.518348623853
SPAVVLSG,2283.6559633027523
HSPSSYDVSG,2210.362385321101
NFFQFALSG,20225.477064220184
KADNAGEWKL,1773.9724770642201
PDEVDVSYWVG,7409.912844036698
PVEEEWKDSG,1508.98623853211
KGSRKYKSG,863.2889908256881
DNSAPDSG,1104.8211009174313
WRHRPFWLS,24644.76605504587
YVWYVAYWVA,29050.284403669724
LFNREDSHASG,2466.821100917431
WQDPFKAG,4350.59633027523
HEDSKFVSG,1731.4587155963302
ARLDGWSG,5325.279816513761
YVPWENDGWDLS,10488.032110091743
HSSKREKAL,1157.591743119266
KVHFKAFRYWHG,9638.036697247706
LRGRREASG,1734.9816513761468
PSDVLSNHFEVS,3635.729357798165
NDGKQNLYDG,2157.8256880733943
WVSFDRNQFEV,15825.45871559633
KFGGKSG,1425.6146788990825
WHWWFDLG,25400.775229357798
DAPSPVYKG,1629.302752293578
ALHSFFWAG,18352.454128440368
FAAFWKNDVL,10490.261467889908
NSNLARWDLS,6632.082568807339
SWHKFWVALG,13919.885321100917
SNWLDAG,4740.059633027523
PVHYGRHDLSG,4662.811926605505
QYGSVAGFHDL,9234.655963302752
FHPWYNDPYLG,22086.27981651376
SEQPDVVG,2105.0733944954127
VYDVLKFWNKDA,4776.967889908256
WNDFEWWHQDAG,13433.990825688074
GQHQPWSWNKV,6459.316513761468
DPDADRLSG,1066.4954128440368
DFEQAPYKHAL,4253.917431192661
DFDEVLSDG,2246.4174311926604
HADADSYWNDV,3686.3715596330276
HWHFENNHASG,4441.5091743119265
FGYSKDFPNA,3057.545871559633
WHNENKDFWNHS,4834.917431192661
VDSRKHRSG,1372.880733944954
FDHRKAPDVS,1481.0412844036698
HLHHKVSG,2028.2385321100917
FRGSEYNLNLG,7338.44495412844
ESQQYLPYNHD,3686.47247706422
QQHFSYDS,4934.559633027523
FAWFLQNHD,11362.559633027522
HGFLSGSGEAS,2324.064220183486
EVLQFEEKPKS,1702.940366972477
FRESHARGQWH,5946.426605504587
HVWRNHDEYWV,17218.504587155963
SQNWPWLS,14724.394495412844
NQRYHSNKQPH,3009.577981651376
RDERSYDASG,2132.0825688073396
YNHFDAFSQNL,10562.564220183487
WRWVVGREYNA,14991.018348623853
DYLPGHAG,2940.454128440367
QKPRDARHDL,1548.8715596330276
YVGRLPSGYSG,7704.733944954129
LKAEFHVLSG,4047.4449541284403
WKAVPDVEWNLS,4862.857798165138
FSVSFPALYNG,14914.256880733945
QHLRLRWYNHL,16520.67889908257
FEKVLQLENGPK,1958.091743119266
EHYSKHFWSG,6357.183486238532
DFKKRVAG,1457.788990825688
QGKLYDRHVL,4600.706422018348
VDSVEAG,1199.0504587155963
DRAHDELSG,1260.3256880733945
APFFEHAS,3421.321100917431
SYENAVAG,2105.9036697247707
YNEAKQRWNAS,3486.743119266055
AWHPHGPNK,2718.770642201835
QGLRNVLHVA,5904.655963302752
QGFRVPYHVLEW,23497.23394495413
PHQHAQPKHVPK,1359.954128440367
RQARPSGQPNK,1290.9954128440368
RDPNDFPEKVAL,2047.9495412844037
YKKPYKDSHAL,1996.940366972477
HLVENSYVG,5645.192660550459
FFLGFERYWN,10828.142201834862
VHLGEEKG,1201.2844036697247
PGYQLGWNHS,6492.605504587156
SPYPFWKSG,5779.628440366972
PLVEWGWG,13368.229357798165
EHYLHVRDVLS,6910.344036697248
YWHLRFRYLNH,14235.29357798165
GHQEEDS,1033.059633027523
LWSHAKLSG,3771.6926605504586
WDFSDSKHAL,5194.05504587156
DGSPLSEYWKG,3025.362385321101
FYEWHYDEHAS,6290.197247706422
FSAGHGWHAG,5308.720183486239
QLKWVWDLSG,8900.848623853211
WQNSHFPKVS,4583.720183486239
AGAQWKHDPWH,4930.646788990825
RDAVGYHQES,2042.3761467889908
YYQNHRDVLG,4845.463302752293
GYPKQYWNDL,6924.192660550459
VDGEDDSG,1024.4311926605506
EYVGKAQPQK,1121.9816513761468
LRVPGEKSG,1100.605504587156
QYSQGPWAQAL,6200.692660550459
VSGYASPYYNS,7091.077981651376
RYPNWVLHDA,9845.58256880734
FSFFQNKLG,4488.1697247706425
HSRKNAEYKS,1578.7385321100917
DLVFAFRVS,41710.66972477064
LEHPGEKSG,1173.3577981651376
ESNSFAQVAG,1256.7706422018348
ASLHPAG,1587.834862385321
YFADNLSG,3432.2201834862385
QAEVFRYWAQKD,6778.995412844037
NHASRSPHFG,4024.729357798165
DYWDFWLEKAG,8197.261467889908
YFKPEKAG,1212.9724770642201
FYWYKRNQKS,2142.940366972477
RHNFLSQEHVA,2655.8990825688074
HYQALHG,3624.412844036697
AVGRLWAG,6134.619266055046
RRDESNLSG,1232.2522935779816
EKHPRWEDVA,1719.7706422018348
LNDDKSG,1160.6146788990825
PLNSSQYWNAS,4184.711009174312
FDHRPNQHA,2570.9770642201834
SFKYAQYWNKG,3468.6146788990827
LKDSKWHG,1865.848623853211
QAPNQDVGYKVL,2152.02752293578
FKWHDFEDGQFN,6032.981651376147
VYKQYSREKDV,1588.2477064220184
NFSVREVSG,3279.1880733944954
DRWYSYWKLG,9848.495412844037
FREAQLFVEYN,35371.75688073395
ALQARDVLSKG,2190.7247706422017
QFRAYWGKVLHS,8623.788990825688
LFDSLQRKVS,3025.270642201835
EQDVLVYAG,6305.518348623853
AEDNQASG,718.0688073394496
DGQPEYVEPSG,1049.288990825688
KHSQRAQHYWKA,2586.47247706422
EVYGRYYKVL,12345.69266055046
NKQYNGWAYKLG,6173.963302752293
VDFHNKLS,2311.376146788991
GPPADAG,961.2201834862385
QPWELPYYWVA,26955.82110091743
WWQEWFRLSG,20255.174311926607
QYYWARESNHS,4197.871559633028
LFNPHGRPWNG,7591.142201834862
WKNRASFYKH,4362.600917431193
EYFVLQARNAL,24128.04128440367
GFQWGFLG,18459.22018348624
QGRSPFPHG,3604.5963302752293
AENHFWKPN,3573.0963302752293
AALLPNVAS,2491.5045871559632
YQDRWHFRPNS,6413.082568807339
DYKKRNLSG,1197.6880733944954
ANFADVS,2221.206422018349
YDQFWFLGED,14197.169724770642
QFNRDANRPAL,3638.9816513761466
SRYSHGEWLSG,5976.206422018348
VQAKVYVALG,15651.922018348623
PLQQRKLALG,3204.5550458715597
RPDYWLLQRW,24445.628440366974
WWKAHKDG,2983.922018348624
DKSSVALSG,879.4266055045872
RQVRLHDAG,3098.3577981651374
SGDYQWLG,5802.188073394495
VSLWPYVLSG,16047.747706422018
QWRAKFPYWKDL,9723.334862385322
QGFAPVLYG,16581.545871559632
DEAQFWQDAG,4208.472477064221
HWAWGPLS,12533.58256880734
EEVGWDSWD,7480.022935779816
LGQRHQELEWD,4381.284403669725
DVLGGFPKRPK,2210.0091743119265
YEPRWLQRNHA,6014.325688073394
PGGARNLG,2316.8899082568805
LHKVDSG,1296.073394495413
YSDSNDSRNVA,1732.8119266055046
HESYADLS,3097.3715596330276
WPHLKEYHDLS,5711.215596330275
VYPNFWKHDSG,5117.701834862385
LNQVSELSG,1792.2522935779816
LNVEHWHDAS,4223.591743119266
DSHHQRKVLG,1826.4220183486239
KFRVHGWNG,4819.720183486239
AGKKHFVSG,1378.51376146789
KVWAEPRNLS,3547.8853211009173
FWFVDGFRNDV,11867.19266055046
LYHVQQWHVS,8785.229357798165
FWWRKDQRHD,5256.087155963302
KNSQENKQG,707.0321100917431
FHRSAQEHLSG,2389.729357798165
YDFLDGEVALG,5628.463302752293
KDSNLPSFRAS,2982.853211009174
AFWSWSRYNVS,13602.701834862386
EYGQVRYNGWG,10486.587155963303
SNLWEKLG,3573.435779816514
PEGVWKLG,4175.440366972477
QALRENFPAASG,3525.9816513761466
AKRWKPS,1279.394495412844
FGSEHQAG,2031.6788990825687
WFGFPDARD,12702.825688073395
KSFRVWNVRVA,9470.733944954129
WYSVPWHVL,24798.798165137614
HLWVRERYDAL,14863.862385321101
PLRQPNDLRNL,5506.275229357798
NKSVSAQEYWG,3304.2155963302753
PGSPFYDVG,6128.5091743119265
PKRPAGRWPYK,3236.876146788991
KYQEFEG,1832.9495412844037
HYVGSYHSG,6262.623853211009
KVHVFEFWDVG,16678.39908256881
YFQYLPALG,8829.04128440367
QSLNYNDAG,2788.6330275229357
WRWFLYNVAL,26897.674311926607
RFELVFPWNKD,16659.064220183485
LGVFWSYKHD,12996.926605504586
AHDGDKASG,1050.926605504587
GYGYVADLS,8651.90366972477
EPDHPKDGPWNH,2536.2798165137615
QFLAYNGNKH,3632.077981651376
KLKSGRFRKS,1001.683486238532
VDQEKPYS,1384.288990825688
VLVYFPKALS,19677.036697247706
VFHYHNDVS,4855.077981651376
QFESFHDDSND,2890.394495412844
KWESHASG,1542.7293577981652
HKEGQVALSG,1122.2431192660551
EVHKNDSG,773.9816513761468
SYGKHQVG,1772.6834862385322
DELQELSPYS,3111.853211009174
LGQKNFNKS,1515.454128440367
GNGYWAWS,15023.114678899083
RNEAESEDAS,1042.7798165137615
EFLAGVAG,3733.4266055045873
WNELQPVLNDV,7849.9908256880735
SFLQVWDSG,10135.454128440368
WGDGENFEAS,3130.4311926605506
HVHVDRWNHS,4820.95871559633
KERQFKLG,1343.119266055046
FFEGGASG,3071.1880733944954
RAGAREDVPWVS,3804.5825688073396
KWEPGREVLS,2201.091743119266
FDDWPYNVG,9653.256880733945
GQKWDPWLS,8877.018348623853
NAGADLSGHDV,1867.834862385321
EDNSSQPYDA,1685.0550458715597
DSEEEWNG,1491.2568807339449
KWKHVQQNDVL,2406.256880733945
SPYVVFNHAL,18427.967889908257
DPSLEYLS,2628.853211009174
LYGEDKALSG,1898.9311926605506
HVPRQWKAS,2794.266055045872
YFYHDRVWNLG,12173.724770642202
SPEYRPG,2067.5733944954127
PEKEHWNG,1862.711009174312
EKADDVGHS,886.743119266055
GNVQDYNKHG,1627.4770642201836
EKFDFKGFKHD,1897.8623853211009
QVYWQWLSEVG,13338.633027522936
KFRKKAQWNKA,1116.8302752293578
ADAEVHDVAG,1271.9724770642201
NEDRHLFEPYW,17698.389908256882
VGNGENAHSG,1564.4633027522937
WHGDKHLPWNKH,4212.077981651376
HKSPPYLG,3001.793577981651
PEHEPYKLQPKD,1702.0871559633028
LWSEHLNG,5212.504587155963
RKYVEKGHG,1303.834862385321
DDAKAHSG,894.6238532110092
DNPAPLG,1621.6467889908256
RHAENSQYFYKD,6985.018348623853
AYPVQEASG,1684.954128440367
WAHNDSYWKVG,9245.857798165138
PWRLVFVASG,46030.050458715596
EGSLVAG,1718.0504587155963
HFVDQWASG,6855.720183486239
ARARSWSG,3432.802752293578
DHEGQASG,1100.7844036697247
DSLDYKSG,1240.9174311926606
SEAELRLSG,2366.4311926605506
AAFPKKALG,1819.3211009174313
QWWHYAFYWNL,18888.105504587154
EVKYSFEPYKVS,4638.568807339449
NFFAVALG,24343.02752293578
ASEWNQRDSYKL,5445.55504587156
PRWGSNHLS,6356.935779816514
YQLFFYHG,25220.33486238532
EVYGHDFPYWVG,19137.22018348624
NFDPWQEYWHD,18022.371559633026
SSEDNLG,1348.4908256880733
GYQQPKHVAS,2081.591743119266
RRARAGNALG,1983.2660550458716
QKPDDVQEKVS,789.302752293578
LKSYFNALS,4934.90366972477
YSLRDAQFYDV,12884.949541284404
EQYWLNDSDA,4236.0504587155965
WHHPYNHDQEP,4002.0550458715597
PLEYYKDALQYV,16108.380733944954
QADHLRHASG,2262.2844036697247
GHAGGQESG,1029.408256880734
EFDLPREYKDA,2303.059633027523
PNRVGFPEYHG,6668.339449541284
FSDQWLRWVG,17561.33486238532
EKSHQRSEYDAG,1483.1009174311926
FKGHGFNAPVL,6497.857798165138
HWADRVSG,3930.591743119266
YKDHDFNQKH,1920.394495412844
KSDQSFWNKG,1607.8715596330276
NFQELKHG,2532.5137614678897
AYYAPLSG,5721.967889908256
PPRWGNSG,3052.788990825688
RYPDGRFNHVL,9942.743119266055
LKYHGPAL,4547.963302752293
GEWSYHQDG,5938.353211009175
NFWDDAGWNKS,5990.362385321101
NGDAYQELG,2445.7201834862385
YNPSWHRPNKVS,4012.711009174312
VKGSGNKDVA,1002.3623853211009
AWFPFESG,12717.114678899083
NFWVENLQFPN,17267.270642201835
FAEKKVLSGNKH,1837.8119266055046
RQYDKSFWNKD,3215.788990825688
PPQSKVALSG,1227.591743119266
PQHLPDLEVG,1936.8165137614678
VNVGALDVA,2337.9036697247707
VLSSRNQFRNK,2805.7798165137615
WHAKKSQRPL,2884.2798165137615
VHWRASG,4740.931192660551
NVLLHDLFEDLG,10395.357798165138
ERWYGYWKDG,9126.770642201835
HPQFNEWHDG,5123.229357798165
PFADHDSG,2667.5366972477063
PYPRPNKQKG,1506.2431192660551
VENELSYNDV,2677.743119266055
GNYSPVALSG,3821.5229357798166
WFFVLWAG,24976.770642201835
QVNGEAQWLG,3303.2798165137615
AWEEHVG,2490.1422018348626
EGVEPSEKL,802.7660550458716
RHNQRYHKDS,2150.183486238532
RPFLQRYHGRDA,7677.422018348624
HQSDDVAS,1088.9587155963302
RNASDWDVAGEN,2098.711009174312
RSHLKQRWNDG,3241.935779816514
NWSREHNSG,2515.266055045872
KWEWFRPYKA,7821.298165137615
VYLHQELSG,3845.8715596330276
VQQELQKDVAG,984.2614678899082
SGVLWDQEH,4256.160550458716
HSVWLRALG,14714.59633027523
NEVKGDVS,1470.940366972477
YPRDAHVLS,3333.770642201835
SQKWPNDVASG,1682.5366972477063
HAKNGQEPWL,3338.821100917431
EQSAPWASG,1565.0825688073394
NVFHEDQEYND,3623.729357798165
YNPHAQKLDVLS,2621.577981651376
KRLVAVLSG,7101.275229357798
ENVPSRPGQNHG,1885.5779816513761
AFGKVEHDSG,1485.665137614679
DHSPKELG,901.9220183486239
WNKRFPLPDVS,5532.307339449541
QALPFRESQRG,2363.908256880734
DQRDDAFHVS,2547.922018348624
RWQRWQWNASL,15570.614678899083
YELYGQEVASG,2695.7752293577983
NWHKEYSG,2949.0825688073396
LNDYKWAG,3522.2522935779816
QFLYSGVAEDSG,3296.577981651376
NDLVSEYGEPHG,2964.261467889908
DFPLGEKHGYL,3681.9816513761466
PSRENGHPYNVL,6610.385321100917
KPRYYNVAL,6053.876146788991
YEYDSNHRHLG,5321.201834862385
RNPDRYDEYKHG,2728.3577981651374
YSQPYVPGFRA,8265.944954128441
SWEPVWLG,17462.76605504587
WQGPFHVALG,17451.903669724772
LYARKANLG,3678.3073394495414
VFAEAQPWNA,5270.674311926606
PHDLWQRHDEWK,5771.334862385321
SANHDVVAG,1568.6422018348624
WKWHQYFNDV,13116.133027522936
GYKWFPDVAG,5793.720183486239
HGLGAYLS,6693.128440366972
FKDRWVLWVLPY,36554.293577981654
WVGNASQNRWNA,6670.316513761468
WHWGLFPYSG,18343.518348623853
DRFHKVASG,2148.1880733944954
DPVQPGQVSG,1133.1284403669724
KDDAEDVEPA,748.8899082568807
HQAFPVRHG,4017.422018348624
KWSEHKHG,1651.394495412844
HQGWEYLG,9263.380733944954
LSRNYDSQG,2287.706422018349
YEEWRWLSG,11557.481651376147
QYKPHLHDYVG,4179.614678899083
NHGQKSNHRKH,1278.834862385321
AEEDEWDVLG,1908.4036697247707
DDEADSG,874.045871559633
NEPGGQYHDS,1866.01376146789
GEQWEDLS,2675.7844036697247
QVDWWDASG,5154.825688073394
YWGDDLQPWK,7441.146788990825
NLVSAGHALG,3169.3715596330276
VVELALSG,4627.522935779816
WSNDFPWNDPDV,6577.229357798165
HFDQNVQYDALG,5180.559633027523
QPLGQWWKVEAL,10416.174311926605
FHWGNDVFRPNK,4637.926605504587
APLKQPLG,1274.9770642201836
YYGKARDASG,1989.5091743119267
QPWKNAFHLKL,9202.440366972478
RVYYVEYWNDL,38482.922018348625
LEEKRDSG,1071.133027522936
RDPHENEKG,790.697247706422
WWQVHDSG,7150.454128440367
QLEANHWNKHDV,2387.922018348624
FHRGWNHYKDA,4317.004587155963
FLKWDARPWNDA,6197.912844036698
QRVQESFWDGWH,15734.247706422018
DPVKWHSG,1530.48623853211
WHQGAQEPKG,1120.7660550458716
DVAPFWVFNKS,8564.743119266055
LFEGPYARHDS,4918.155963302752
YFPLEALWDVA,7483.233944954129
LPAYYDVALSG,7415.798165137615
SVYHFRNDAS,3926.2477064220184
GHDVDRPWNHLS,4593.665137614679
DKRARNHVASG,1450.3394495412845
NHHQGYNHDV,2391.0045871559632
DLSDPAQKDAS,884.4357798165138
VYKQWSYLSG,7175.784403669725
FAFYEGPWAL,20917.504587155963
WRHKPHVAS,3254.4174311926604
FQGVLRDALS,4960.431192660551
AWSNYHSG,4704.532110091744
VKDVRPRNKDL,1377.5366972477063
VWKAKLFYDVAG,7484.188073394495
AVGFFAG,11071.711009174312
LQPGFYEPG,4415.90366972477
GFSFFYG,14622.720183486239
WYKSPGFPNAG,4166.981651376147
GWAPDQNKDL,1557.6467889908256
WYRRDASG,3826.47247706422
LFAPSPNG,2349.5825688073396
EVFHQNLFKALG,5583.059633027523
WYRPEPVLS,7364.233944954129
AFYHAFAYWNHS,12027.19266055046
WVNGGFEYNK,4774.697247706422
HGLFWGNG,7343.917431192661
KQNSRSHDVL,1420.5504587155963
DRESPQWAS,2186.798165137615
SNAKYNASG,1380.0550458715597
HRSHLQDSG,1788.4816513761468
ARGWWNSG,5301.0091743119265
FDERAQPYNL,6088.128440366972
WGVFRDDLG,11184.729357798165
LHKQVLSG,2053.8669724770643
YQDRYLFEW,19635.52752293578
YGNKSPRVLS,2829.6284403669724
VDLDKHDLS,1574.9449541284403
AWFRNQWSG,10011.087155963303
GFGFKQSG,3712.4954128440368
AEVYLASG,10339.912844036697
QFSGSQFQREK,2242.9174311926604
ASSGSPYVL,3737.9587155963304
KHDKSFNEPWKV,2080.3348623853212
EVEEYSQRYWN,6607.655963302752
AENEWWDVLS,7796.614678899083
YHQPEWQKDV,2265.316513761468
LNAPENLG,1659.8623853211009
VHLVGDLG,3893.894495412844
KSHEQYNDVS,1286.2568807339449
FHLLHVPNHVG,6977.467889908256
VQHLNDYWNKL,5563.821100917431
WEDQVRPWKHV,8169.637614678899
DKSGSNLSG,966.3623853211009
PYLVLSEDFRKV,28264.32110091743
LPWELSQVAL,9597.747706422018
PWNAPHDVYHLQ,7844.408256880734
WKREDWDADSG,3353.032110091743
GFAFLQRVSG,14332.775229357798
HVKNRYDG,2604.733944954128
NVWWYHSG,15784.642201834862
DEYKSWFRYNAL,8606.344036697248
GEESRDALSG,1292.4587155963302
EWGFNDHEYDL,7716.059633027523
AEQYFRDASG,3413.293577981651
DSYGLQRAL,4759.220183486239
HKHWFHSG,6001.857798165138
VLENHAWHPKVL,8448.802752293577
PPYKRSEHG,1543.2706422018348
LFRANFWNHA,8879.211009174312
NHPSDQRWA,2873.4633027522937
QNRGPNAGQAL,1897.1467889908256
WKDYYHDGKHA,3131.270642201835
GNELDLG,1739.045871559633
GNRAEDVLG,1533.1880733944954
QADNHGPNKHA,1325.6834862385322
LPDFLYWDLS,16395.045871559632
QLAQNDKHDV,1260.8073394495414
QQQKKHVAL,1104.9587155963302
KQAAFELSG,1392.894495412844
HLLKRPG,3016.651376146789
RKAADGFYNLG,4261.077981651376
QNLYSGQRYNSN,5188.876146788991
VGNYHGWLG,10781.555045871559
NQWVNLWDVL,24018.724770642202
RHQDSQRQWND,3210.270642201835
EHAWSPNLGYA,7724.1100917431195
RWSLWKARPD,6092.348623853211
GEPSPSFLG,2956.7844036697247
KVKRRYVL,2144.816513761468
PRAASHLS,2553.197247706422
FSYFNLRYKVS,11413.660550458715
QHLLAQPWKL,10628.775229357798
AWFQFHVLG,27043.357798165136
WYAFLRWNHG,15581.839449541285
EVFLDLEPHLG,11058.339449541285
SFLYRYLSG,8472.43119266055
EKEFVRWNHLG,4199.275229357798
AVPKQKHDVL,1203.5642201834862
QKEKYHFREKH,1183.426605504587
WGNFVGEYHA,12491.940366972478
GQANLFVG,5858.834862385321
VQPDHFDVL,3406.4036697247707
DPQQRVSG,1030.0091743119267
SGGNQPHV,2159.912844036697
HEHRDEWSG,3022.5183486238534
ELDFQNLSG,2576.7752293577983
RDKAKSQKG,651.2660550458716
FGRDWSRPYK,6361.871559633028
NSDHAEKHALS,1222.2660550458716
RPNYVLYSQKDA,8376.701834862386
KQKVSEVEPYN,1116.9128440366972
HVSHFHDDVS,3976.105504587156
VAQGFRWEKS,4088.412844036697
DKEFVALSG,1772.2522935779816
EYWYPYKLKVG,11281.738532110092
FQPFLENKHL,6156.54128440367
YVSWFYAWKAS,11064.811926605504
AQKDWDEWAL,4388.912844036698
VNGAKDG,1042.4633027522937
EERQNDLSG,1172.467889908257
ALVLHARNHAG,4664.302752293578
NGKEFEHG,1278.9908256880733
HYVFPSQND,5238.137614678899
HLLSHDLGDSG,3569.701834862385
YPAAASG,1639.7477064220184
LDAWLNLG,10810.52752293578
WKHNDFELSGPS,3883.238532110092
FAVEFKALS,15681.188073394496
LYDYNPNKDG,2650.169724770642
ANSLHSG,1779.559633027523
HENAGDLYWNV,8995.788990825688
KRLEHRKHAS,1081.0688073394494
HGYDDPKDLG,2114.8256880733943
YQFYNAEVFNV,25932.642201834864
SGLRELRPYNVL,11892.52752293578
PSPSAPHVLSG,1712.0045871559632
EHLPSYQEWNK,2671.1009174311926
YRNKEVQPG,1739.2614678899083
ENFYFRKLEKL,7577.697247706422
FQRDGNHENALS,2888.178899082569
ELEQNEYHVA,2684.6284403669724
EVWGQVPKV,2646.646788990826
QPADFRQKAL,2887.321100917431
QQNPLPNDAG,1535.7064220183486
QRRHHQEWG,3937.288990825688
FYYSLSYWVG,5246.853211009175
DWPDLKG,2419.2752293577983
YVNLPVNSG,3117.197247706422
WEHNEVAG,3424.201834862385
FKAGWLNLFWH,20561.183486238533
HNYWVDLSG,10671.981651376147
SYPFKVG,5431.940366972477
PWASGVGWHRNL,15657.02752293578
QPKVYWGEYGS,8036.321100917431
HVWAQFVAVAG,26611.394495412846
VQENFLPVG,4838.440366972477
FYVDFYHQYAS,9596.201834862386
YPQVGPLG,2853.8899082568805
PYNGKSPYQRA,3762.788990825688
DSYLWFEASG,14467.394495412844
EFKAYSWKAS,3890.3119266055046
LQVQQPAG,1820.967889908257
HEPKRHEAL,1342.4311926605506
FQKWDWNKDVA,3242.908256880734
EVSRVRQFKVG,3974.830275229358
NDWHGNSFDS,5467.5091743119265
FNGQAPWHGNKG,3374.7155963302753
WNYRWNQVL,16194.58256880734
VRQWPALS,6876.032110091744
VYASDFKDL,3634.8669724770643
WAARALVASG,7176.853211009175
GWPQYSG,6849.119266055046
DFQGFASG,3831.908256880734
VDAGAYKSG,1787.9220183486239
YAYYWDQPHLSG,12047.40366972477
EGQYFPVSQWNV,9807.444954128441
KALENDLRYHYK,5289.9495412844035
AFLVVAS,44728.733944954125
GNANGDAG,1434.8165137614678
APNFFPVLS,9978.229357798165
FNEAWNNKS,3006.701834862385
KSKNLWKHD,1386.2064220183486
KAGNVGNAPWKS,2009.9908256880733
SWDPHEYHVLG,8150.642201834862
VHNLEKHVAG,1762.6284403669724
FAKYNSFPNVG,4662.302752293578
PKRDWDLQWHD,7482.036697247707
EANAYHRPKLG,2210.8394495412845
ALWRNHQKAL,4736.3899082568805
SALAQDLS,2033.302752293578
KEWLSDNVG,3036.9587155963304
QVFKQHFEYAG,6407.357798165138
AEGGQVG,1177.3853211009175
YDKKYKLS,1734.5275229357799
RPDRWVWVRWAS,22667.58256880734
EEYSAGEYWNS,4911.857798165138
VPWERNHG,3519.0229357798166
VQNEPSELG,1340.1834862385322
QFWAFYFPDLG,26277.596330275228
FDEDLKQFYV,11438.733944954129
NENYNWAS,5396.619266055046
HYHHVFDVAG,7528.307339449541
KGPELRKHVL,1514.954128440367
KHKGFPDEVLG,1629.5412844036698
NHWQFYHFNKVG,12743.848623853211
GRVVYVLSG,33578.43119266055
DDAAGYAS,2164.0412844036696
GEQRSNLG,2531.1880733944954
LYSPFSG,8003.866972477064
REFSNVGFRYDL,17832.183486238533
ASHLDYWNKG,3245.6146788990827
WYWYRYWNKVS,8800.091743119267
ELFRSKSYWNL,9323.059633027522
FDNWHVPWDVA,13909.729357798165
PKYAHQEWKDVA,1982.9220183486239
LHPWNFWDVAG,17484.160550458717
QKVDNKHLKD,1020.9220183486239
NNGLPASG,1593.51376146789
FGDFYVSNKLS,8438.926605504586
KLFPKDQDVQDA,1068.0183486238532
QPRHDVKQFED,1829.5275229357799
RGDSGAWKVAL,4092.5412844036696
SQRGVYWKDLG,5440.472477064221
NESGSPNALS,1462.866972477064
DWRQASG,2994.091743119266
NVYERYNDV,6033.032110091744
HDDQSFYLS,11156.504587155963
HKASKKAG,654.9908256880734
HNSSVLG,2057.1559633027523
QEKHQLEKGNS,832.045871559633
PYAFRHWAGPK,7985.238532110092
VGRLNKQFALS,5640.940366972477
AHLYDWVG,10314.40366972477
WFFVQFREYVL,42331.380733944956
NSQDYAQYDL,4771.238532110092
ESKYGEKDLSG,909.3669724770642
LRAAEKVALS,2238.646788990826
LNHNRENDSG,1580.0688073394494
EREPNGNARPDG,1441.7660550458716
DSYFYREPWH,17391.591743119265
WLSEYSPQYHVG,10923.477064220184
AWQRHFDLG,10958.95871559633
HRKEWFREP,3794.5733944954127
FSEYDKQNAG,1824.1284403669724
KWVGHPWKHVL,8972.816513761469
DYPYHNSG,4138.894495412844
GPDRHRKSG,1159.3761467889908
SRKNQYVLS,3448.8256880733943
NRVENVEVSG,1675.7247706422017
WWNAFSKASG,6523.082568807339
SRQLRNG,2409.47247706422
DVLEKARYGRN,3552.9449541284403
RHPDHDREYNG,2294.8256880733943
PHNASWLDASG,3996.2798165137615
RRVKAWKVASG,1658.619266055046
GRRGYNKDVG,1726.5091743119267
KDQSGQEGEYN,1173.8990825688074
LQWGQVHDLSG,5134.761467889908
DWHWVKSG,6188.545871559633
YYWHAHGRLSG,7097.220183486239
KHRAGRNVWN,3581.862385321101
ADPKFAG,1569.2935779816514
KAWWYWVA,19198.940366972478
GEALWSEVL,7802.545871559633
EWDEYDQNARA,3569.454128440367
ALRYFLPYNDG,15783.990825688074
VLNRPVQRKHV,3352.8073394495414
KSRERHYNKHA,1421.605504587156
WWREGWG,13630.142201834862
FFEVGASPDVL,7175.371559633028
SEKLLSHAS,1841.908256880734
GPWQFPSPAG,4856.440366972477
DGVFDYDSG,4876.600917431193
ASVWPDVAS,3528.0366972477063
RHSEDLYKENKA,1566.9036697247707
FWGPGRVLEKAL,6091.926605504587
YLWYEPVG,10855.004587155963
WHFVKDGQDS,2728.8073394495414
EFAEEWKG,1786.5091743119267
FQFAEYVNAG,9442.422018348623
QEVRELEVQEV,3551.876146788991
KKAVHSG,731.0642201834862
VSLQNLQHDAG,1980.4495412844037
GNLPVPHS,2175.7798165137615
FLVKHGNL,5067.284403669725
KENKRVQVAG,1109.8899082568807
WKPDAGRSPKSG,1540.894495412844
FQRPVHDQFKL,4778.4908256880735
SFWEKGQHDS,2225.3669724770643
EAQKWRNDSG,1421.1559633027523
GYEYLQEG,3801.47247706422
GSFQFPYHG,10008.440366972478
HASNLPNPDAG,1739.7201834862385
WGEWQEPAGYWN,14731.509174311926
KLAYNVPKHVA,2800.4954128440368
DLQERPNVFDLS,5299.605504587156
HEQRPAFVG,4147.834862385321
VHHGPDLS,2261.3853211009173
FVDWRNSG,4685.853211009175
QYPRLGRWNKAS,3756.6559633027523
QDNAGYWNYA,7852.688073394495
YYAKREKALS,2128.353211009174
EFWGYREVAS,6584.995412844037
LQSRDSKG,1347.6467889908256
QAVKSQFPYNKH,2223.5183486238534
VVQPQKG,1206.4633027522937
YPQHPDVALG,2305.3073394495414
RSVRDVENLSG,1979.8577981651376
PFFRYQFPWDLG,29717.077981651375
QVHDRAEVS,1267.2247706422017
PAKQAFNKVAL,1880.545871559633
GFKADVYWNKA,3942.912844036697
WAFNLQSKHASG,4096.174311926606
AQQRGHAS,1446.2339449541284
DFPQYSQRYWV,14164.128440366972
PSSEPGFLG,2137.233944954128
LWHYQKHS,3832.330275229358
FSPSWKWHVA,5774.8899082568805
FKDYPSRWHDS,4065.2522935779816
AYFYNFES,11115.550458715596
LFYQYQWNVAL,11152.651376146789
SPELWHDVAL,3302.0504587155965
QSFGLSFWNKHA,5883.701834862385
WKDVFRFENGW,13076.119266055046
EWGYRYARYHD,12107.770642201835
DLDGYWSWHDG,10527.151376146789
AYNKPARDSG,1134.1284403669724
RPRAFPDQENDA,1343.408256880734
AGNREHYNKAS,1108.619266055046
FGVELPKG,1795.0045871559632
PVFQLGYWKA,12829.87614678899
QYNHYLENVQEK,1937.7935779816514
WKSLKHGPNS,1875.9220183486239
QPQGPVSFPVG,2963.4633027522937
PPFEWNKNAL,2606.0137614678897
DNFPQDSG,1410.073394495413
GRWNVSWFEN,12866.37614678899
KDGLFWASYNL,13619.844036697248
EQKDRKFHG,1036.0688073394494
EYGQSKVSFEH,2165.091743119266
EWFESRDREALG,4684.6100917431195
NNLSYLELSG,8645.935779816513
FKAPSEPWHAYK,3179.02752293578
VPKQRKQKAG,612.2247706422019
VFASWNQYDG,8363.91743119266
ERSLVALS,2920.922018348624
NQKQVLPYWNL,8892.779816513761
NQAFAGNHDVL,3631.5963302752293
EDKALPVYWKG,2567.766055045872
QQAHPNG,1415.665137614679
HYVYSFDLSG,20718.032110091743
PYWWLSRWLNLS,20350.967889908257
VAKNDLFEPWG,4717.922018348624
WWDNVWVSG,17415.61467889908
APHHNHAL,2369.4311926605506
KFFKQDVSG,1738.2660550458716
GNSQLWLS,6546.357798165138
LENFEFELG,17446.935779816515
ELEWHRVGVLG,9160.926605504586
YGSNEYG,3176.6605504587155
RRENDLAENHD,1854.1100917431193
RVRFQREPYVG,7115.655963302752
FPNFHAGWGKHV,8963.302752293577
ESHLEPHYDVL,3980.3715596330276
WQEWQASRWDS,12782.04128440367
YWDENASVGPN,4228.688073394495
VKRWADVALG,3997.6284403669724
YVEFSPWNHDV,10966.97247706422
YLRELGWAGQL,13862.825688073395
RGWWKVLNHSG,6437.527522935779
WKGYNKLQDVAA,2444.7155963302753
DRLFAQRKVALS,5525.440366972477
VVSEPRVLS,2389.0
NEWHPALRKHA,4968.756880733945
EYYLYLGENK,17065.83486238532
PSVPEHSG,1332.8715596330276
KWVHLESG,2589.848623853211
VQDLDQNKG,952.6467889908257
WPYLRQPAG,8803.720183486239
AQWVFDPKHSG,5059.766055045871
KNSSGYVG,2173.032110091743
HWGQGKG,2229.4862385321103
NHSDVGPFNHVA,3314.876146788991
PVHNEALG,1860.1009174311926
DAESWQFEDL,4851.270642201835
FDAPPNDSENG,1389.6146788990825
KKLAGNSG,919.3807339449542
HEWVYGEPVG,6335.0504587155965
QAEAGKPKAS,766.394495412844
QYRHEPLKSG,2231.211009174312
ERDVPFYNDA,3410.7844036697247
YVRFGFNKHD,7452.811926605505
RGAYAFKDASG,2861.619266055046
SPGNNLSG,1524.440366972477
EVFKFGPWL,24551.92660550459
PHYPKAEALG,1936.4174311926606
VWPYRVALG,16134.37614678899
WNSVGQWGENHA,4836.5504587155965
NLNLSHVYWNKA,6849.729357798165
PSFALFNQPHDV,11042.59633027523
LPVFWAQLG,16253.004587155963
DWHPVHLSG,6987.284403669725
GEPVYVYWAL,42285.06880733945
VANWFENKHDV,3883.0137614678897
DGPVLHAEYND,3066.8853211009173
EGYAGDQREYKS,1626.1788990825687
PANSRPKEKS,899.0779816513761
FNVELQVLFDAG,30785.97247706422
RNGEDRNFWHLG,8761.215596330276
WKPGDSEHL,2032.7201834862385
PYAWNSGHFHVG,12970.981651376147
PQRRRENKHDA,1147.5825688073394
YQSYSYSG,5774.339449541284
FREEASWRYKAG,4662.655963302752
HKVSKGQEWDAG,1686.9587155963302
GNGHHALG,2758.9174311926604
YLFHYKHKLS,4400.004587155963
WESGELHSG,3926.1146788990827
QARDRQYKG,1698.302752293578
GWFQWLG,24214.688073394496
VYHKWKG,2737.380733944954
LGNSARNDAL,2085.302752293578
DFNAHDQRPKDV,1589.288990825688
EAQKSYDNHD,1186.1926605504586
PWDYFWHQRNK,8369.61009174312
QYPNSELYNHAL,5138.775229357798
WAGQFKGRKHHA,3554.1743119266057
PSNGNVRYNDL,4488.5091743119265
FLHFAQREPV,5837.922018348624
FFVEAWKHDG,6606.04128440367
VGAYQYVALS,15668.045871559632
WQKEVLQWNLG,7524.743119266055
SRGRGWAG,5109.495412844037
EHLQFFGPKVS,8760.87614678899
HWWAYASG,12652.137614678899
APDWSNSG,2210.394495412844
YLVFELQNHG,21777.72018348624
QGDAFKFEKVL,3357.532110091743
AWEYGKG,2927.6284403669724
QEKKFEVQEHL,1124.0504587155963
FPHYRPKVFHL,15044.62385321101
VFYKGANLG,4192.018348623853
SSGPANG,1445.5183486238532
YALYFRFEWKG,28878.02752293578
DFLHGPVG,4954.972477064221
LSFSHFRNLG,8637.839449541285
NLYHAQVLYNG,12136.40366972477
YFRDGGEYWKS,5761.192660550459
LFGLASG,5266.899082568807
RKSRFRSQREVS,1513.9036697247707
FGYEQPWG,9975.0
YRDPEWSG,4083.6284403669724
EYQSWNEHDS,2791.02752293578
GGRPWKKSG,1893.9724770642201
PKLGNKPSREPK,810.105504587156
WFGVKHG,6428.05504587156
FREYLWKHQFDV,12671.211009174312
PSYSDLNDVALG,3875.412844036697
HFYRDQRPWH,13223.233944954129
VQVYQWAL,19710.605504587154
PGGQRGRHDS,2034.6605504587155
SGEVKHFWNKD,2669.4266055045873
DNPVKDVAS,957.394495412844
EVLWWDQRENHL,9894.394495412844
KGHGNHNDALS,1587.3119266055046
RNRSQWVGPDLS,5424.90366972477
NYVDWALG,9621.454128440368
KHDQLFSPHLS,4937.3302752293575
AFQQFYNHLS,10493.30733944954
QWRNRPLREYWS,17228.623853211007
VGYWDQEYNSFV,21380.97247706422
VGPSSREPHDL,1747.5366972477063
NHPSYVQHSG,2530.087155963303
AGNGDGPYNH,2903.256880733945
PYFRNHGRYQKH,5260.9495412844035
QGKWPKLS,2180.6284403669724
NQWHGPWNAEND,4321.192660550459
PRHNPYG,5346.275229357798
RNHKQFEKFRP,2246.9954128440368
DPWPFKHVSG,4830.412844036698
FSLSNLSNHS,3680.0504587155965
YYHLAHDVA,5886.90366972477
QHFGYHFPWN,18122.5
QQSDFELG,1788.8073394495414
HSNGGFHDVG,3158.880733944954
APEDVYAG,1365.7247706422017
YRQWKEDASG,2089.4495412844035
VSYFPSFPVS,14811.298165137614
KDAQFSQVSKHD,1696.48623853211
SGGRSEHALG,1945.2201834862385
WPVLEKWHS,7501.417431192661
DPNAWSPHD,3264.0
KYDLRLSEYK,3307.3853211009173
NVKSHEPYDAS,1621.4908256880733
WRLVYKSG,13270.532110091743
GFPPWVFPHLG,23231.284403669724
QWWYGVSG,14616.949541284404
PWDRWLKHLQNG,8044.137614678899
VEQKAQSG,1227.302752293578
VLYDYLPNG,6582.98623853211
GNAPPDASG,1236.8394495412845
FFVPGELS,5145.220183486239
RYKHLKGQYYK,2834.454128440367
NFKVDAFRHVS,6185.729357798165
HYLFWPVLS,22324.33486238532
YRRKGFG,3264.5550458715597
NGRRGRYKS,1903.9495412844037
ESVFYAHVL,24589.876146788993
YGSLPHLSG,5090.426605504587
EYDDPWKVDAS,2709.6284403669724
AHDQWQPVS,3113.201834862385
LGSKEPLG,1369.8532110091744
LQYLASGEPWK,7200.477064220184
QLFVFVQKVLS,42229.21100917431
WNSWFWLQEDVL,23777.29357798165
ENRFEYPKL,3915.0091743119265
SGLDVSNKHV,1748.0504587155963
EKGAELGREP,872.6697247706422
SRYHKFENDAL,3271.1284403669724
FQYFDFWLS,21779.366972477063
EQWNSLSWNKAG,3215.9266055045873
HELDVEALSG,2437.380733944954
HFRRYSQPY,11010.619266055046
PGGNWNG,2881.637614678899
YEPHKDSPKHVA,1418.9357798165138
HGQLKLGEVG,1736.2706422018348
QVWLRYFDVG,30369.522935779816
FHSHFPKQEPVL,3944.6880733944954
NQRPRASRWKL,3904.105504587156
FGPHKGEPKAL,1657.2706422018348
WKANPNPWDAL,9025.79357798165
EFPKLKHDEKD,1010.1146788990826
YKGFDGAGWKAG,4426.692660550459
HQQQYKLSG,2166.233944954128
FYPHQRVARWHV,13426.243119266055
HSWKWNVSRYG,9396.54128440367
RKREVGWHKH,2188.8669724770643
ENAFPADGFG,3499.788990825688
GLRAFREWD,10149.495412844037
LQHNYNLG,4133.247706422018
NHPYGRPFWKG,10480.224770642202
KRFSNVL,3767.229357798165
YYNGRQRPWKL,9357.729357798165
FPNPGRKSGFWS,8599.90366972477
FVPRGQRYKVG,4148.44495412844
NRHYAKDVA,2129.9908256880735
QESNHKHSRPYK,1837.7477064220184
FLNSRFYVG,13051.821100917432
ENSFGHDAPYWV,13019.954128440368
WDDHYWG,13593.444954128441
DLVVPWAG,7917.600917431193
EDYDFELYVS,28328.495412844037
KDWYKSEHAG,1906.7935779816514
RDHHEVLSG,2179.862385321101
GNVGYQFEPDV,4577.362385321101
NDPQAPYNKV,1358.0366972477063
NHHRFYNKDS,2895.169724770642
NKYHDSDFEVL,3412.894495412844
KGNNVGNLG,1512.9587155963302
PSWYDASEHDV,4316.848623853211
WQKHDQNSKL,1941.8119266055046
KRPKHRWLSRE,2323.3669724770643
HKSYNHPSG,1760.5366972477063
DFPFLEKHVAL,6419.417431192661
AQGGYDVAG,1843.7568807339449
FWFEPNYNVRH,11829.169724770642
NNGWVFDVALS,24401.495412844037
NKQYKSWSRWV,7096.40366972477
HNQVLDVG,2411.3073394495414
DPWVSKPYDSG,3443.6926605504586
AERYRDALSG,3086.0963302752293
DGRLKVWDALG,5412.1100917431195
ENLPQNKDNSG,878.1100917431193
LHAPVRHDG,3162.4770642201834
HYGVSVG,3455.02752293578
DVPYKEKFREHS,1682.908256880734
LYPQRKALSG,3776.0412844036696
NRPESYLG,2394.412844036697
GYHVYARYS,13814.128440366972
AFGEKSDS,1284.2706422018348
YNALHEKFRHAG,3363.211009174312
GKNVPVALS,1722.1422018348624
HGREDQRDLYKA,2730.064220183486
FVFNKYKVWNHS,5987.0091743119265
ESWDYVPNS,3537.0504587155965
FVNGKHVWALS,8377.61009174312
QGAPHSREYNA,1923.8302752293578
EWHERENQHVG,2774.4954128440368
YSHYLHDS,4946.770642201835
AVWVFHSG,18613.059633027522
RWNFGPYAQWVL,28817.110091743118
WKFNSRLEWDS,8381.848623853211
LGWLFSHSG,10635.821100917432
LGNNWNSG,3362.4816513761466
FHWRALFRKDVG,7041.857798165138
WNRNWDWVLS,22291.311926605504
YLEHSPHNHL,5516.366972477064
PYLNEHALYNH,8387.788990825688
GYNYNPYWKDG,7761.532110091744
NYWHKVFPWLS,17222.48623853211
RHPKAYKPNKD,1119.3853211009175
KEAQEKQRPKV,703.4633027522935
VYNYQWHLG,10421.380733944954
WPPPASG,2459.330275229358
YWWDFEPEHVAG,6848.747706422018
QRQDNHDLRAG,2027.1422018348624
YYHPRWKHVG,6324.178899082569
YRRYRKLG,3810.9770642201834
FELYFSFEAG,51000.45871559633
RRLDFDG,4655.435779816514
QVQWFWHHLSG,15868.922018348623
ANAPKYVS,1776.7293577981652
NDVFRLSDLGV,8022.862385321101
KYQPHWLS,6430.440366972477
SDRDDALS,1389.073394495413
KGLLFESG,3098.211009174312
HSGPYENSWHV,5234.224770642202
QQKGKQNALG,947.348623853211
VPYLWLRDSG,11199.655963302752
YNHYRPWADSG,6541.1697247706425
GVAYHHDL,4431.133027522936
ENGRRWDGLG,4011.3073394495414
QWHEQFARKAG,4346.353211009175
ESRFFNHDAG,2865.4266055045873
QYVSVEYQPKHG,4364.848623853211
FSFRELGNHRN,4500.614678899083
NSGLEARKHLS,1336.334862385321
LNQPSAS,1141.2201834862385
PFQSKSG,1455.2477064220184
WFEYAQNKQWKL,6278.45871559633
FQWNPFYWHDAL,22168.44495412844
YEAVKALSG,2377.3440366972477
FWNPNLHVLES,5508.422018348624
PGGYEDVLG,2004.408256880734
EGEANDQYHL,2245.9587155963304
EWVRNDQNLEP,2356.316513761468
LRDPGENG,1165.8577981651376
FNVYSGVEVA,4760.637614678899
FDKHRYDSPYV,5876.183486238532
FYVYNKHKSPYH,3961.9633027522937
PHNPKDVLL,1997.5
EKLPKSWDSWAS,2060.7247706422017
GYVHEDSG,2150.2798165137615
AYRYKEVS,2289.8899082568805
EVRSHVGPKDS,1122.4311926605506
LNEYSPLG,3372.2798165137615
YDQHWHNHSG,3779.348623853211
DLVQRSPDG,1556.7522935779816
RERSKLREKDL,841.9954128440367
LERVPNSG,1967.2064220183486
HGNRARNSG,1745.9357798165138
LELRVPAG,3168.064220183486
KARLHGWKH,2483.9174311926604
DEFKSRSG,1415.908256880734
VQANQPLG,1632.3165137614678
SKQWQYWNKHV,4193.678899082569
LYDHDKDASG,1505.4311926605506
PRAFNYNS,4994.724770642202
HAWDNSEWKHA,3648.211009174312
GDWNVPVALS,4719.45871559633
HQYHAKSENVG,1398.3990825688074
AKSGERDS,705.6238532110092
DRPWQRAGEKV,1757.848623853211
NNDAFAQVG,2324.256880733945
NQVKAWNHVG,2439.0366972477063
QKWQQRWA,5416.463302752293
DWFRLYSG,13128.316513761469
EHEFSRHLSG,3077.798165137615
SEEGALSG,1126.7247706422017
LDGWPKG,3458.4495412844035
PSAVNDG,1273.5091743119267
DHLRLFKVALS,14775.325688073395
VQAYRWHAS,6403.591743119266
DERYQVASG,2139.454128440367
RVLGFNESQKV,2723.9311926605506
APYADEKVLS,1562.4587155963302
ERNFKLRYKHL,4416.165137614679
YSDVSDFWNKHS,3657.288990825688
NWKHRWFEYH,14460.51376146789
PFKNLFDVS,5871.376146788991
NEKVSSGFWA,5996.077981651376
PGWYWAGQSG,8052.701834862385
DWQSNKDVAG,1579.1788990825687
EYQHEKSFVS,1930.133027522936
VRRHSFVSG,4763.229357798165
QPRARKQHG,1610.5825688073394
VHLEVFALS,31042.05504587156
ASYPRYKLSG,4410.568807339449
HQRQYGFKHAS,4233.357798165138
NGAFGYLG,9340.98623853211
RYGKPVLNHG,3461.2201834862385
VFQDVQLSG,3458.1330275229357
PKLLPYPYVG,12311.399082568807
DHGNEASG,1277.9816513761468
PVSHKGQWDAS,2223.3394495412845
LYNNWNG,5298.839449541284
GVPSWLG,6569.091743119266
FPQPGKDPYK,1707.7477064220184
VVGAFEG,2422.770642201835
GQDRVSWVAG,3591.266055045872
GYHVPGQFPNS,4014.733944954128
LRELNQYKAL,5991.215596330275
WQNKHEKSQNLG,1537.908256880734
YEQAHDLG,2878.5137614678897
AAEWDESG,1969.633027522936
LWKQEYWPVLG,12859.119266055046
QNVFHVKDQDS,1883.894495412844
FRDAAKHGFYW,11527.56880733945
HWFPHAAG,7682.811926605505
WLKNPYDAS,5557.481651376147
YLHGEKPKAL,1936.2522935779816
NVKSLYNALSG,3263.6926605504586
VGHRHYHDVA,3849.440366972477
QAFNSKLEYWL,12526.01376146789
WLQREQKAYWND,8103.0504587155965
GEKGLFVG,4612.940366972477
VKPNEWLG,2872.577981651376
QNDNNVAFHAG,2901.8073394495414
VNNSPWNDAS,2244.293577981651
VGKAHEYKHVS,1643.8853211009175
AQLGRYHFNHLG,8611.298165137614
SLPLYALS,14297.252293577982
EWNHYAFPGQW,21047.91743119266
PEPDVPYEHDVS,2113.6009174311926
YKRDADGYWHL,8588.19266055046
KLVWAQLG,6876.770642201835
FESAPKHEPHAS,1374.9311926605506
KSNDREEVSG,912.7385321100918
FAVEKHRPYNV,5210.935779816514
YPSAELSG,1504.1788990825687
AFDDKAG,1362.467889908257
EQRRQFEYWAS,7894.243119266055
PPDDLWALSG,3841.2752293577983
LLFVLKG,23089.54128440367
YERVVAG,4667.876146788991
RNVRWHYNFYNS,13741.045871559632
GPDPKPKDAL,924.2018348623853
YAPYHWLQPDV,11487.811926605504
NHREGVQVAL,4936.128440366972
NGNKGNSFRYAL,6633.298165137615
HWAASLG,5262.715596330275
AKENPWNVLS,2381.0137614678897
WPSNEKLSG,2024.4311926605506
YVEAEVEYG,5339.623853211009
ELLGYVREPHD,6045.137614678899
RRNFQFALS,10866.06880733945
QDVNRPHSYWD,10706.61009174312
LPNEYGFREVS,5246.844036697248
YAPLPVLQPW,15187.357798165138
EHLNPHVEKHG,1801.967889908257
GHVWHFHDL,14998.243119266055
LFKVRDRDVASG,3007.6100917431195
KNEQHALSG,1160.8211009174313
NQAEFRKVLSG,2418.4266055045873
RSKQDSEYWVS,3546.830275229358
RWYNSQAGRS,4647.770642201835
NLDHDENKDV,1415.532110091743
DPSVLEPS,1303.0366972477063
DLASYHGWVL,16768.17889908257
RSQPDRLQPVA,2211.2752293577983
NHYFQFDSG,10399.761467889908
HVPRLSYKHD,3776.4954128440368
YEQYYDAL,8939.766055045871
HPHYFKHA,5002.018348623853
EHFRLESFRWA,16553.940366972478
RNFDFPYARPKV,7736.183486238532
EQGDSNALSG,1094.6788990825687
FDENFPYDQKVA,3874.922018348624
GELSEQNS,1116.7201834862385
SHFAFKG,4502.899082568807
SFVSHQFREPN,5088.408256880734
KFSEWELSG,3306.9954128440368
DPRAYKVA,1572.7844036697247
LEPNQPAWLS,5991.3302752293575
VLGQDSHVFES,3656.0825688073396
GRRKHELG,1427.2247706422017
NWWVVLG,30071.610091743118
YQQWRPSG,5782.188073394495
NGYVHVGKHDL,4592.600917431193
EGHSPYYWDA,9742.600917431193
FPEWGQFPDQHD,8076.0
SHGARSG,1914.9174311926606
HQDYGKHG,1659.7155963302753
YWSFRPEYDEWA,10211.5
DVYWLPYPWNA,32787.866972477066
YHWLYDSYKDV,9271.51376146789
YKNGSGKG,1248.4174311926606
LFSANVLG,5384.399082568807
ERPVKLQFYWK,10330.536697247706
LNGWRDSG,4822.701834862385
YKDWWVQFPKG,9314.912844036697
YGPSLEWKDAL,4853.628440366972
RQVRWFNKVLG,9404.752293577982
KGDAVSKVL,1552.6559633027523
HGFENHKPYNH,4544.0091743119265
SERYFYWHD,13865.422018348623
YNYDFDYNVASG,7690.481651376147
HARDGHGQREHA,1860.6697247706422
FDFWFPASGRE,7594.339449541284
PKAEGQEARKD,751.302752293578
HGHHDGKDLG,1694.091743119266
KYNWGDAS,2835.1330275229357
PPFALYSG,12234.091743119267
NSELKQREWV,3606.766055045872
WEFLWSG,14183.577981651377
PYPLNSGQAS,2289.211009174312
FKFLEHKVLG,4090.146788990826
RYHQHLFDQFRK,7000.931192660551
FWRNDAELQEHV,3895.7155963302753
REAEDVQALGF,3203.206422018349
QGRPKRQYHL,2942.605504587156
LELGYSHSG,5055.637614678899
KKHHENAL,1264.2293577981652
ESNLESFEPNK,1223.8623853211009
HHVAFERPAL,6842.688073394495
FDHDHGFEKDAL,3310.087155963303
ADWNLNSG,2943.7155963302753
GPKQARWHVLG,3588.6559633027523
RSQWKVSNSYVG,4911.435779816514
QNKSLGYHSPW,7615.844036697248
PVESWNRNHDLS,4396.454128440367
DELSYQWKLG,5879.376146788991
YPKWNQEYKS,2502.0
LVRWGNLG,9035.12385321101
RPDGPAHEYNA,2078.1926605504586
PRASHRKHA,1369.334862385321
PKVPDFWVEHA,4010.316513761468
DSLVPWG,5633.885321100917
AGSLVLG,3747.623853211009
NPAKVVLSG,1554.4724770642201
RYHEWQKNLG,4815.935779816514
FNLANHENKDV,1863.6146788990825
QKGVYLGPDV,3297.770642201835
PYQEKVSPHEPN,1907.1880733944954
FLPGKSPWHDL,7232.376146788991
RQEEWQFRWN,10949.522935779816
PHQPHVGNRENH,2250.0412844036696
QWLKNDVSFEK,3151.0045871559632
HYFFPLSG,12791.981651376147
RGVDQHSG,1858.7385321100917
YKNEWDVYWDL,17532.743119266055
NKVRQYWQHAS,4706.211009174312
RDDYDEKG,1354.545871559633
VRYAQDAQWS,6619.577981651376
GSDQELSG,1064.6422018348624
QFQQPKDPAL,1798.8715596330276
KELEYNASFWL,16189.885321100917
YFYAAEWNHD,8475.784403669724
FWNSYHKVGQG,3919.206422018349
WAQDHDVQESG,1806.6146788990825
NFGQDSFPDSG,3272.261467889908
PVFPPHREVS,2840.394495412844
PLGEEPNHWNDS,3504.8394495412845
AKVYHYAL,8271.573394495414
HSKHHFDAG,2297.9036697247707
VKPFNKHVL,3423.646788990826
SWNARAKVLS,4425.591743119266
WYSEPRLG,8589.61009174312
DKLDWSG,2308.912844036697
NWFWEVSG,15764.477064220184
EFHVLLQKG,8453.51376146789
SKPAEKDLS,737.2844036697247
VLGFLYWDEKS,12255.977064220184
PESEREDLSG,1121.5779816513761
FAADDVAL,3672.3119266055046
FHLKRKSQRYL,4540.816513761468
QKYAQEFNVS,2038.1743119266055
KPSWRYSG,3908.97247706422
RWVKHARSRVG,3782.123853211009
SSGYKKASG,1335.380733944954
QKVRAQKGPKHL,1113.2477064220184
DFEHVQPDSRYG,5314.866972477064
YFKHEPWDND,5577.399082568807
RLDFNLWKHS,6423.54128440367
KHWYHARWNS,7478.302752293578
EWPFGQSG,4287.160550458716
EWHFKLEYWYN,31369.183486238533
PNQNNHANLSG,2018.9174311926606
PFREKWDGSG,4578.165137614679
VRELPQFPYKG,6898.01376146789
QQDHAWLG,3624.4816513761466
KYEGYAG,2252.293577981651
FSNGWFWLG,20326.261467889908
YGEGFHSYS,9703.073394495414
EGSAKHSG,878.9266055045872
ADWKNHAG,1849.0229357798164
DRFLGYSG,6210.733944954129
KRYNARSEYKA,1573.8532110091744
YNVLEGKLGYK,4872.284403669725
SQFLNAFREPNH,5689.963302752293
WDGLSPNAGRE,3187.683486238532
QPAVPLSKS,1778.0642201834862
QYYWVLDEHDL,16172.770642201835
NVKWEYDSG,3415.8256880733943
YPEYQFPWNHAG,7621.064220183486
LESYKWDSG,3312.756880733945
NNLDGPHVLG,3948.6605504587155
LQLRVSYWKDVG,17253.435779816515
LQRFEREHG,2663.467889908257
YDYAHGQDL,2994.6743119266057
YHFFRKVWG,9251.605504587156
NYWPEPKHDAL,4696.394495412844
VYFAALSG,8573.683486238531
ENGPKHKHVYK,1162.302752293578
HAAHKHSG,1196.5779816513761
GNVLARDVLS,3467.9495412844035
WHNGSYWNK,5076.683486238532
FGLDFNVLSG,9011.532110091743
VGRQWLSREALS,4692.422018348624
DSRGNVSYVAG,3575.4633027522937
DNVPLALS,2639.394495412844
DWDSQDEWNK,2210.3669724770643
RNALDLSFNAFA,15788.279816513761
VKLPLYWNKVL,8906.88990825688
ARRNDWSG,3319.362385321101
ASLSVPHLG,2650.4770642201834
NNQRSPLG,1900.133027522936
RKVGHEYHGWKL,4452.160550458716
QRDVFPSVAYK,3140.770642201835
LNPDWNKDVSG,1658.454128440367
HWQKHRASG,2390.669724770642
NYWQFDQPNKVA,3983.623853211009
ALKLVAWHDVS,9008.660550458715
PDKNASWG,1891.8440366972477
NDPGHRNKVL,1657.926605504587
YWQYRNKARWV,9234.311926605504
LWNPFENG,4967.98623853211
EQRRPALPHG,1745.6697247706422
WHKKGDLSG,1490.8990825688074
QRWDPYAFEFYH,29231.036697247706
YYKFQPKHD,2934.5
SKEQFHSG,986.3394495412844
QAPLNGREYNHG,1841.3761467889908
GHGADLG,1359.5688073394494
GRVLVGPWH,12525.885321100917
SPQAQDG,938.1330275229358
QEQGVFNHAG,1347.6238532110092
VQRNNQRPWK,2555.151376146789
DVPRRYLS,3290.669724770642
HRSKEHG,876.7339449541284
WKVRGEGQKS,1156.0688073394494
GWRKRWALSG,5556.270642201835
YYKKGEYHVS,2695.766055045872
FDRLARWNKHDS,3105.908256880734
DWPDEHVASG,2422.4587155963304
QEELGDFYWNLG,6470.032110091744
VYSYHEKG,1948.8119266055046
GPQYARNDALG,2078.0688073394494
WDPDNSYWS,9343.220183486239
ERKWYWDVAS,4896.215596330275
ANQHFRAG,3180.802752293578
RGRGRYVYWLG,13937.211009174312
QDAWEVASENLG,2422.7201834862385
DLWSPDKDALS,2736.1605504587155
DRDSKNKDS,645.1697247706422
PDHEALFPWG,7369.59633027523
QAHVWNNVAG,2933.743119266055
NEALYVPWNKD,5691.655963302752
ARAYNEHDSG,1826.4954128440368
WRSVKHG,3550.9036697247707
KRWHGPSFYN,9674.045871559632
RDRSGWHLHLG,8455.495412844037
GSDVLKAS,998.940366972477
YWDYDAEYESG,4759.302752293578
YEHSVGEWKD,2812.0963302752293
FGFWNSVAQFEW,23970.715596330276
AENFPYPNH,5402.48623853211
KGKVVQRPWLSG,3672.9495412844035
WERDFYSG,11629.169724770642
GQLYAQWNHL,10176.752293577982
RPHNGRSWHVG,5595.573394495413
NVYWHRQYND,9803.866972477064
EQNYVLENHV,3536.706422018349
NHARLQWQRLG,8405.825688073395
QYDDDVFNS,4021.266055045872
EQDHPDAS,956.7155963302753
QKRRNLQPNKLG,1196.7706422018348
NHLSAGEARYND,2643.422018348624
NYLAFKG,5151.802752293578
DFQYWKKG,3040.743119266055
VRSGEDWHL,4167.412844036698
FRVERPWNVSED,4833.866972477064
VNWLKDALSG,3838.8853211009173
KGKRSKVSG,705.8256880733945
AEKQSREWHDS,1651.4908256880733
VRYNLGLRDVS,6108.591743119266
HHRKHLYG,3592.922018348624
ALGWHQDVWH,11859.688073394496
YQRPNFWKVKD,4883.724770642202
WYQAQPSG,4154.270642201835
WQAPGRNKDVG,2839.4587155963304
YAGNDAWRYWN,14615.59633027523
EQALPDYVLG,3002.3853211009173
ALLALWLSG,23567.564220183485
SGGDPALS,1491.2981651376147
PGNHREDDVL,1768.98623853211
WFKKHGHVAG,3437.229357798165
EDVWWKDLGNS,3467.316513761468
VFYQNAKVALG,4928.857798165138
YDYVLEKFDVL,13859.47247706422
SHSFYFPKDVL,11207.422018348623
EHSVENYVLS,3819.5504587155965
FVERVGQPNLSG,5200.8899082568805
NKNYLSFPNH,4120.5091743119265
KGFVGNDFWNAL,10910.325688073395
WWKPFRNKHAS,4534.435779816514
GQWEWHDLREYV,13884.733944954129
DKYSEVG,1104.3761467889908
PQAVAEVSG,973.8532110091743
QNEPALKDPNDA,928.9449541284404
AEVDQRKLSG,1419.0045871559632
VWFFHVSG,19216.922018348625
PNGLNHGEG,1539.5550458715597
WQPPGPWNHAS,5144.619266055046
SPEQASG,965.6009174311927
GLSGWYDG,9930.325688073395
LEVQFPYSYVS,20826.24770642202
VFSALVASG,9622.288990825688
WQVYHSFHVALS,26708.1376146789
SAESKAG,874.848623853211
APGPWLSYG,10603.490825688074
EKQGGYNHDV,1436.1284403669724
DELHSNLG,2297.6880733944954
GVASLWHDLSG,6021.711009174312
DWYDPDVASG,4385.793577981652
ESPPDEPYHLG,1952.7568807339449
NYPQWDLS,8134.770642201835
FWGSGDRYDAS,5353.4495412844035
PAQEGEFPWNS,3533.229357798165
LWAWKRVL,10756.183486238531
HVHQLYHDSG,4585.880733944954
PADSKFRVALS,3498.2155963302753
FQGSFYS,12039.243119266055
NPQWSNSG,2452.8256880733943
FGKKNDG,1288.4357798165138
VRVLHSFYNS,13444.353211009175
EQKQYVDSG,1166.8715596330276
AKALYNARDLS,3191.756880733945
VAYSLYWNKV,9627.288990825688
KELNQWSG,3151.8669724770643
ARVFAFEPYG,21125.29357798165
YKPYHRPSEA,1962.3394495412845
LHSHHSG,2296.821100917431
GYRDKHDLG,2596.4908256880735
QLASNSFWDS,6581.233944954129
ASGPGQFKFDVS,3330.1605504587155
SYGVSPLG,4013.0091743119265
KKVVHDG,1006.7889908256881
QESDAASVAG,827.2752293577981
QGPSPNGRKDV,1177.8715596330276
RKPSHAFRYKD,2047.6100917431193
VSFKDGSGDVA,1543.4311926605506
EPDYQVLSRVG,3425.4587155963304
YDQYQHDFREND,4316.853211009175
PSDDLRAG,1989.073394495413
GERENYVLSG,3543.5504587155965
VQNDYHQPNHDL,3328.830275229358
APALHPWHSG,4828.908256880734
GQGGWKDVG,2040.5045871559632
ADYDELG,2117.683486238532
QEWRPGRWQPY,15779.11009174312
NLPGRWKFDLSG,7422.233944954129
EQFDYAFYNVLS,23992.29357798165
EDYARLYHDVSG,4758.339449541284
QDQWRDVSFPWD,20178.174311926607
KVHVQRFYNVS,9494.339449541285
FENNEYLREWD,9594.279816513761
YVESDLQWL,15412.559633027522
QQVVEWLS,5283.605504587156
AGRAEPKAFWHV,5851.802752293578
KADPASHG,982.3073394495412
ASLLNVALG,5272.04128440367
LNAKQELG,1237.2339449541284
VDKSFLSG,1988.633027522936
RLGPLRGWDL,12528.729357798165
KHVFEVQSEPV,3376.261467889908
ARDHHDVG,1830.9770642201836
ENGERNDGKVG,1114.0688073394494
FAQWGFKAPWN,13481.385321100917
QKNPQYWKVG,2958.183486238532
KNENKPSG,744.7110091743119
NFVYRPASG,7211.376146788991
KWVGWQPKHLS,6249.362385321101
PFGGYLSG,7913.688073394495
RKGQGFNKEDVS,1121.6880733944954
RAARLQYWKDS,3961.0733944954127
RPHEGRNSGPKD,1471.4954128440368
KWKHPREWHLG,5240.077981651376
SVLPQNAG,2106.9311926605506
NPRDLWHALG,6082.224770642202
YNSKQVAQRVS,2107.2155963302753
WRALQYGNHAL,12853.59633027523
LWAQLPVALG,12462.954128440368
WRHPFKHVAL,12877.573394495414
YLKNEWKVASG,2713.0229357798166
HGQHAKVPWK,2716.4266055045873
VWNKNQFRHASG,3849.087155963303
YDNAHLQFDAG,6084.05504587156
VYFASWALS,17662.963302752294
RHYKVYWAEVA,11873.756880733945
RVYSQRNVLGFV,18498.454128440368
HDSHWDVFRY,18821.353211009173
RRKWHNDVAS,2349.2798165137615
WEFAPYHDALG,14550.87614678899
VGQLDSPHDV,2116.678899082569
HFKNVWDG,5313.311926605505
QQWAYLPAS,9007.394495412844
WPHEDFLG,6149.298165137615
NVSAAFRWKDVA,4162.325688073394
ARVWLDAS,7522.5091743119265
NFHALGSDAS,2834.1146788990827
WPFLDLG,19186.077981651375
LSRDGPDGYWD,13048.963302752294
KQHGVPWNKH,2384.6330275229357
GDAFWSPDAL,8965.454128440368
YDNLSFASYND,8452.064220183487
NHWSNHPWLG,15673.738532110092
LWPDHDG,5794.201834862385
QQFREDKDEWDA,2582.288990825688
PFYWLQNLPNL,25237.963302752294
FNPRFYHDVA,10910.018348623853
DWKSSRYNHDS,2769.288990825688
LPFWFWG,31484.798165137614
LSRHRASQFWL,15486.816513761469
EHSEYSDALQHA,2631.5412844036696
APKVGSPYKL,1976.866972477064
KESNDQES,775.7110091743119
QSNPVSFREN,2364.298165137615
YYSHEKG,1859.7431192660551
SFNWQPYSG,9177.233944954129
FHWEASGEWHG,7725.926605504587
KYRNLDG,2793.4954128440368
RWVNYASHALS,10132.954128440368
YFPEVAWHDAS,5654.394495412844
EGVRHGHG,2071.316513761468
PVVFEDLKHDL,6368.44495412844
RNFYKAWPNDS,4778.394495412844
RVSKEPASRKDV,912.848623853211
LGLQHQWDAG,4888.568807339449
EDEKVAEKGFYN,1413.4770642201836
FWEDSNHLFYS,14650.885321100917
HQSSRASG,2184.229357798165
FQVLHVASFVG,37457.894495412846
RNEFQFPYKDV,6550.467889908256
EKRFSQEYL,3360.738532110092
YGHNSDLG,2728.7844036697247
PQAVRPAG,1695.211009174312
ESNSYVAFHVG,8250.279816513761
VLSYEDQRPH,4309.935779816514
PGKYSHAG,2043.7706422018348
EQQHVENKHS,1070.151376146789
WYFLFWDLS,16407.43119266055
ESSDYDVLS,1793.7798165137615
FVEKLNGQYWDL,15261.922018348623
PGESGKQWKG,1565.7477064220184
KHPGRNKHLYHS,2874.8119266055046
GWHFFREYNHVG,14022.142201834862
VASSWKGEPNDA,1503.697247706422
FASKFWLRNAG,7752.394495412844
WPVVFLG,48811.64220183486
NQAYYVLSG,16799.449541284404
YFLFHYALG,7118.770642201835
FPHNQFKLEHV,6834.766055045871
ASKSQYKYWN,3066.7752293577983
RPKDDLSYGKA,1312.8623853211009
VAQHHVSRNHA,2402.5963302752293
AYWGEHYDVL,11273.155963302752
HPGAALG,1664.0825688073394
LEPDRPHWAL,8080.5504587155965
QSLEQPDLS,1409.366972477064
WVWGPVSKS,6369.284403669725
WPSEEVLG,2727.201834862385
WHSYWRPLGYH,20951.550458715596
NHKHPYVQVLS,7964.298165137615
HNLDEASG,1419.9449541284403
PVADDQEYHDV,2609.1559633027523
RYEWNFALAL,27269.449541284404
GEWERKVSG,2673.862385321101
WYNHVWARNKAL,9693.018348623853
PKQLRPYSYVS,8898.43119266055
NPEASYG,1480.9495412844037
DAYNFENPWV,10641.298165137614
LGYAKHRPKA,2641.7798165137615
VAPQQFEPKDVA,1186.9495412844037
WPHENLWVLG,16231.844036697248
YLKQLFVAS,10620.600917431193
NQYESREPKLG,1680.5642201834862
KVWEEHLG,2589.894495412844
QRNPDALAFRK,2758.256880733945
RQRSSEKASG,904.0412844036697
HFEDGKLFEWV,11801.334862385322
VRSPEWDVAL,5229.206422018348
PKYRVFEYNL,17467.9128440367
ESGRQREQEKDL,913.0412844036697
NNEWDDVSG,2664.5550458715597
YRRDKDAL,2117.3119266055046
QNGRGQDRDA,1387.1100917431193
LWVDHDVLS,10227.926605504586
VWFWQNG,11701.0
RYSAFRGEYHA,7449.178899082569
QSLEEDVSG,1165.967889908257
EQRFWKALAL,7874.270642201835
WYSGELKVLS,9930.08256880734
AYWWNWNKVS,8794.261467889908
HWFYSPSG,9252.449541284404
KDEHDRDGKHA,1051.073394495413
NFAKNVLSG,2343.802752293578
DSHVRYHRYV,8184.371559633028
RPSRQWGFYG,14140.183486238531
DYHDKHKHDA,1166.2155963302753
GWAQPNRNHAS,2904.467889908257
GPGPWWDG,8640.977064220184
FNHHPHAQHVA,2975.766055045872
QLKADVGNKH,1184.0091743119267
HFWENQYWHL,20891.646788990827
FKRLDLEPNS,2228.701834862385
WAANLDVLG,7401.839449541284
EYFHPAGFREV,7823.871559633028
FANLHDEDALS,2690.091743119266
NQSYEWDG,4067.587155963303
EDWVSWQNG,4542.839449541284
LYFAFNHLS,9024.51376146789
PLSQSYQYKLG,5872.417431192661
DRWEAEPNK,1331.380733944954
AGYPEHVSG,1837.0642201834862
GQPHDRDEWKH,1616.2798165137615
ENEASEGQRYDV,1376.8211009174313
RVREDYKRHVS,2201.1009174311926
NNLNSDVLSG,1758.1880733944954
NQFRGYFWNHD,13091.766055045871
QQGPVQDASG,1242.045871559633
AKLAWSG,3128.5366972477063
YLEPNLYFRNA,11182.188073394496
EENWGNSG,1788.6146788990825
GLSGVSNS,1201.591743119266
NEVSYQEYNKDV,1893.7201834862385
PFRNFNKDQRYG,5212.798165137615
VEPSVREYWHS,3956.3853211009173
KQKPSQPYWKA,1646.5688073394494
QLAANHLSG,2046.2477064220184
KENPLSRSG,1618.573394495413
KPQKKHSG,673.3440366972477
KWFPWHPLG,12316.114678899083
WNNVNGPWDVS,5824.912844036698
KPYQSGRPNHG,1582.967889908257
YWEPARLGRDV,6536.05504587156
NSRVPASEVG,954.1376146788991
VSYLQYFEDA,10762.743119266055
RESDHVSYDVG,2139.0412844036696
RASYVGPWVYWH,23121.045871559632
EAHEELSG,1185.5642201834862
QHQPLYGFYWLG,21184.509174311926
DDQPANASG,1064.3440366972477
NHKKEDLG,651.2477064220184
FNHHQYSFNG,6072.637614678899
YSQLRNWDALS,6912.05504587156
WQYHLDGEYNL,13384.20642201835
WDHPFYALS,18714.142201834864
SGVDKHG,1167.0550458715597
YNVQGYKADVS,2313.256880733945
SFYLQASEDA,4823.467889908256
GRLEFWLG,15784.674311926605
FQGEVQDG,1725.559633027523
VRPYNDDVFENA,3200.3440366972477
FNRAYSYHS,7045.59633027523
PQKWHVPYWVA,13105.201834862386
LYQASWSG,5319.05504587156
GEGSRNVL,2508.4633027522937
YKVQPWHQLQW,12099.743119266055
VPNNLEVG,1410.98623853211
EEQADSG,716.6697247706422
LRVKVRKG,1467.0183486238532
HWDVEVRNDV,3920.0504587155965
WWKQDEYWHA,8728.380733944954
KWWLDVASG,6668.064220183486
WWHWPWDSG,18995.371559633026
GQKLPGQFNKD,1615.334862385321
QKPNYQPVLSG,1631.4449541284403
AYGWSYKL,9083.977064220184
HAWWNEWNKHV,8031.256880733945
VLGKRAGFWNS,5649.917431192661
FVQFQNAEALS,4502.504587155963
AQQYYSG,3723.8990825688074
VRVKPWSG,4189.94495412844
DNQSRLSG,1319.8256880733945
DDQDFRWHG,4480.298165137615
KHKQFAHLS,1932.2522935779816
HGKSYDQKDS,932.2798165137615
HSKPVRYKAL,2746.256880733945
YSFRLGPNQWH,13532.155963302752
SWFNDHASG,5570.477064220184
SSGLGAG,1612.2339449541284
AYGRKRYG,2792.123853211009
RYNQSPKHGYK,2330.362385321101
WWARFRKDVS,7125.206422018348
PLLLYHDALSG,21105.380733944956
WFEFDPWHVL,25880.577981651375
GLRSNALS,3526.4816513761466
HDGEQRDASSG,1258.366972477064
KGFYRKDFWKS,3532.412844036697
LFDSVAHAL,6695.3302752293575
QEGSEKVRWNHL,2463.293577981651
FLSGLWHWKSG,7329.678899082569
AEHRVAQPKL,2108.440366972477
FDVPRPHRPDV,3264.3990825688074
RWYQPWQVL,25739.60091743119
HRRSPWNLS,5905.279816513761
HLPNNVASEWK,2379.211009174312
EWRKFKHLYWHA,9686.440366972478
AHRSKSG,1192.0642201834862
QHEYQNLGRNL,5594.192660550459
QELQKDQEAGKG,812.2018348623853
WGWRFPSG,15997.440366972478
SGFNNSKHDA,1777.3211009174313
GYNRPDKASG,1476.5412844036698
DWRLEHVSG,4711.243119266055
QWVSKDPQEYKH,2235.619266055046
SNPFYVALS,21941.76605504587
SLGPADSG,1737.6605504587155
KNRAHALSG,1403.2064220183486
KHDEHSQHFWND,4489.123853211009
ALAREDDAS,1224.6926605504586
PWFRPHNLREY,13452.298165137614
PRNLVASRDVL,4795.917431192661
VRDEFELSG,2260.591743119266
NAQNSPKLQPS,1423.834862385321
LNSSFSG,3404.935779816514
HSWWQFYKDA,11080.770642201835
FVSEAGFVKHA,7344.660550458716
PDWGKVEPNHG,2614.6743119266057
GNQRLDG,2217.651376146789
NRYGGQHSG,2661.293577981651
GHFPQYG,6714.426605504587
VPHAQFWKQKSG,2757.0504587155965
FGYFLSQNAL,8424.247706422018
YVRFKSKVSG,3728.821100917431
HEVELDLS,3567.6100917431195
KSDQFAESG,1069.880733944954
WLLNPDLS,11939.119266055046
SNRKGHG,1564.7247706422017
LKYAFPKVAL,7012.692660550459
YLRPAYKQFNKV,4746.59633027523
SRELQGVSG,2141.1284403669724
FYRNLHGEPKAS,2571.637614678899
EWWENKPHG,4459.646788990825
FDKLHVQKLG,2804.087155963303
FRGASQEAGHLS,2260.9036697247707
KVSEQDVGPHL,1772.2844036697247
NKDLSWVPWQED,5224.119266055046
RRSKDNVL,1135.3119266055046
VQKYWKQRDG,2149.3715596330276
SRGWLYSG,11245.270642201835
GPRGYLS,4545.559633027523
LNHEYWNPNHL,9929.70642201835
QLHANKPYWN,6478.0091743119265
SQFWYNLQPYLS,21694.57339449541
PYGFGVGQPV,8613.247706422018
FSVNFHSG,7140.385321100917
DSNPVYKHDAL,2383.3853211009173
ELGLLSRPYKA,5660.752293577982
AQRWPYVALPY,25267.490825688074
KRFHYKSG,2013.7431192660551
SQPNVRLSAL,3464.605504587156
QWRNAYFHDL,18820.32110091743
YARLWKLHLG,10690.380733944954
NNQGQWKHVG,2793.8119266055046
EVDKNDSG,724.5688073394496
DRKKEKALS,602.0091743119266
NFQSWALS,8948.830275229358
SFGDEWG,5683.706422018348
FWYEKHVPAG,4153.366972477064
WRGWSYVS,17478.211009174312
DRKLFVPHL,6958.788990825688
FVDEYHHDVA,4289.917431192661
EQGYPWG,4944.94495412844
PRNFVFYHAS,22156.605504587154
AFGEDSWNVAS,3923.206422018349
YDFHHLGEKA,2252.087155963303
WWPWPLG,32980.71100917431
YVQYEVGNDVLS,7645.183486238532
SYWGPLRDS,7857.9495412844035
ERYPRHDSG,2401.6743119266057
LEYWELFPNKD,7779.862385321101
YVAAALSDSG,3185.8715596330276
VDAAHVSG,1606.545871559633
HHQHEKS,1056.9770642201836
VGAEQFKHDALS,1771.440366972477
YQAAEKALSG,1462.1238532110092
KSRDVGESFNG,1323.380733944954
QLENNHSQEYG,2407.0504587155965
ASYDDAFASG,3209.637614678899
FHPGPDQREWNL,4785.880733944954
NHNHPVGRDLS,2805.321100917431
QHAYNNDRYW,12324.564220183487
ERWDFWSKHDL,10791.178899082568
RKQFAEPNPAL,2280.8256880733943
AEPHPGEWNDA,2165.4311926605506
GWKGGPWG,6737.334862385321
DFWKHFKVLSN,6638.151376146789
NGQEKSDLGYH,1985.2798165137615
VRWELYNKHAG,5801.931192660551
FPWHAVGFPGY,32027.967889908257
VRLRARYHVAG,7148.082568807339
GKFRYYAG,6607.793577981652
ERYHQQEKAS,1232.8761467889908
PNDVFFPWQWK,20222.188073394496
VPPHVRSG,2008.8853211009175
YRPAYGFKALS,7592.288990825688
WDLLNLSFPKA,12736.54128440367
HPVHDFYG,6429.683486238532
FERVHQYALSG,6805.3899082568805
NGDNRKSG,1190.619266055046
ALSYQRYWHVQN,9452.605504587156
AAKHLEG,1299.165137614679
QAEQSFRKHDS,1577.4954128440368
WVFAEDSPYKD,8142.316513761468
NWAPHESG,2627.302752293578
LHQALNSG,2224.3256880733943
RQKDHDEWVLS,2824.4908256880735
EQHYDPVG,2060.2844036697247
VFERWQENHDVA,4863.582568807339
SQAPDKAL,1154.619266055046
QARRVLQREHVS,3139.9036697247707
YDWPHDYWKG,8050.05504587156
NYRVRNG,4324.0504587155965
EGWELPWNK,4141.201834862385
VFEWNGRGPYNH,10409.261467889908
AAYVKVSG,4372.628440366972
QEYGASRHLPHL,5659.747706422018
AFLKKSG,2733.2844036697247
FRWRSFYQVASG,12893.412844036697
WPLRARNG,6451.064220183486
WRKHSFDWNVL,13987.266055045871
FQKYVSEPWHG,7633.628440366972
DYWLSVLHDAS,13168.798165137614
QHYALQKGENH,1962.2293577981652
WAVNDAGYAL,11984.58256880734
RDVDYWRWNHG,9043.243119266055
WGWYYNSG,12211.80733944954
PHAELFNQEHDG,3335.266055045872
YQFQPWVLDVA,23265.92660550459
RVRADAFNLG,5282.651376146789
HHHALHG,3466.52752293578
SNSAHDLG,1651.7568807339449
SVSYKNKDVA,1399.0550458715597
NNSPLKLSG,2065.9816513761466
RSFAQDREPHS,2389.211009174312
FEAHWHVFYWG,27415.65137614679
RPADEDGPYWAS,4725.334862385321
PNFWGDASDASG,3501.954128440367
QHLYAFAPWVLS,32768.692660550456
AQEEYFRPNDS,2233.8256880733943
NRRHYNDLSG,3863.9311926605506
SAGWDPLG,5618.522935779816
WWDGFRGQPYWD,29760.536697247706
DWFYRESG,8931.573394495414
PVASRPFDFRHD,6274.95871559633
FFKALLSFG,11067.58256880734
NFVPHSYNKDA,2846.298165137615
DSYAAEYWHAL,9445.233944954129
RQGYSYHSG,5258.94495412844
DFDPGPNVAS,2170.7844036697247
WKHYDLWVFEYH,30851.25229357798
NPVKQHLSG,1450.408256880734
HKGDYDAG,1618.8715596330276
VYGAASG,2314.4633027522937
KWNWAEWNHALS,7808.637614678899
FNRFSFWNS,13205.788990825688
WFWWQFHVAL,30426.169724770643
KKLGHNDALSG,1425.4495412844037
QSRQRVGENK,1079.605504587156
EKRGPNQDAS,903.3073394495412
HAYAPYWQPASG,7812.807339449541
NGKWAQFPS,3902.683486238532
QQVGGKHDVS,1133.6422018348624
QPNASKDVAKHV,997.8715596330276
GRVVENAG,1582.6743119266055
HSVAEHFELSG,3146.9495412844035
SLFWWSG,13853.201834862386
QQQYWSFESG,7014.54128440367
EWSQHGNHGQH,3236.756880733945
VLFFSGFPWHSG,29726.97247706422
WVFNWLSQWNKD,11915.766055045871
FHKGYWDFKHA,5905.394495412844
YWRHDVVRHDSG,5129.091743119266
SGKYAEPWNSG,2315.564220183486
ARLSPGNALSG,2468.7477064220184
WQAYGEVAS,5010.926605504587
DFYVRLQWKVL,29983.880733944956
GFAGPNENDL,2838.9908256880735
EVGLAGPNKVG,1293.9495412844037
KEGEFESG,847.316513761468
SGESDQYHS,1882.5642201834862
KKFLRDVS,1439.8761467889908
RWHKVLQNQWHS,6981.032110091744
FAQWDRARPH,7317.729357798165
GQEPFEVAVG,2419.743119266055
KKNLQEWKHG,1409.1880733944954
FPDVFQRVPWVS,23719.201834862386
VEGEPFESG,1724.8761467889908
QVSHARQFVAG,3867.587155963303
KAPGYRHDVL,2856.0366972477063
KQGYLESG,1523.467889908257
PPNQYHDENALS,1915.7935779816514
EYRNSQFWQFK,9903.022935779816
RWRSVLEYNDV,10458.119266055046
LHYVPYHVAL,15712.211009174312
QKWQENLFWNA,8507.655963302752
EAWSDARKDG,1557.8211009174313
GKAHPDG,1236.7522935779816
YFNGFQPDLS,6496.807339449541
YKWRWFEHVAL,15182.160550458715
ALSSGFDKHV,2589.298165137615
GHEKQSG,738.2385321100918
PPFSYKVLS,6906.0
WPPWYNKHD,10166.724770642202
EQNHLPWPYDS,6589.463302752293
PKLVGQDGNKD,987.6009174311927
DDFHGAG,2100.651376146789
GPYYVRYHV,19846.683486238533
FENADSQVAPKH,1393.866972477064
YHNFNVGELSG,3353.2798165137615
PRLLFHSG,9581.09633027523
HFYVELGEVAL,24890.311926605504
WNDWALWDSFW,31828.43119266055
GQPWDNVRHDS,3199.8073394495414
VLYPGPWNKHVG,5697.880733944954
WGRLSKSAS,2518.1880733944954
GSNAQEG,901.3073394495412
VAYRGQRYSG,5388.302752293578
FRDGSVARPSG,2910.4954128440368
SLDAFSG,2748.701834862385
DVKAAGENKH,663.9770642201835
GHSDHLSG,1599.4128440366972
LPWVHSFYWHA,24060.56880733945
QKGYPKAQYHA,2443.380733944954
KWDQFGPLS,5286.564220183486
KFQVSRSG,2898.967889908257
YYRNLYDAL,6860.408256880734
HGFYFVRKDV,17906.876146788993
AKKGNVALS,1094.467889908257
LDSNHNSG,1470.697247706422
VKQNKEAG,731.3394495412844
DFVNPYVAL,12616.330275229358
WNNAYAFWNDVG,11934.04128440367
RPEYGEHQRND,2427.137614678899
VFWLRYWVALGR,17250.56880733945
PRYAWDVWDALS,14789.587155963303
VFVVGRKDVAL,9117.004587155963
PKDGGQWVGDA,1832.4220183486239
SEVNVEKAL,1011.1330275229358
WVNPPYHDAL,9797.0
AWQDDASG,1716.4816513761468
YHVDSWDKAS,2336.0963302752293
HQAQYLSKD,2091.105504587156
PQGASELG,950.7293577981651
DAGQNKGASEYK,846.954128440367
AHDPYEKDA,1145.6376146788991
KSWHGQVWKG,3141.4266055045873
YLKDSQPSFEW,6252.935779816514
RAADFNSG,1788.3256880733945
QDNVRPPALG,1687.9174311926606
EKSPGNSNVSG,736.1146788990826
EYEVALVRKAG,10406.69266055046
RSDFGWNKHVA,3078.353211009174
KDSLFKSFYW,7725.3899082568805
WGQLVPYWNHS,14430.077981651377
HDPLPDQDVG,1398.211009174312
PVGAQVSFPWH,11489.0
REESQPGNKVL,1288.9908256880733
KGFYPSEYWKVG,6100.756880733945
KANGKHGNHDL,1413.1743119266055
SHNSRLG,2355.577981651376
DWKWPKDVS,2209.3899082568805
EWSHEHGYNKDA,2180.8119266055046
WAPSSGEPYHV,5181.880733944954
FAHRKDRENKV,1353.059633027523
SPKQFHHDVG,1887.059633027523
HVKKDVEWNDS,1332.6697247706422
YFEYFPWNHQYV,10177.532110091743
FEWSASRQEYHG,5435.146788990825
HAGKSNFASG,1477.9816513761468
ARKESENVL,848.183486238532
DDVAQQRWKS,1896.6238532110092
KFNVSWRWVA,12839.678899082568
DPLPSDVASG,1190.7247706422017
FVLARWSDSG,11270.990825688074
FKLDEHVSGRYD,4584.256880733945
YRFRYEPG,6494.275229357798
LSQNYDGNVL,3958.9036697247707
SGAEEYLSG,1995.6926605504586
KHSDDSFPNKVA,1124.119266055046
LFVGNLDG,7873.380733944954
HNAPRVALG,2903.3394495412845
KQEQDLFEWSG,3256.0137614678897
WYWEGQEPA,4783.940366972477
LQLFQPSG,5894.605504587156
GYAWGYHS,10572.233944954129
RDVKWKDLYWKD,3921.5550458715597
AVAALPLSG,3035.9495412844035
PYEYWSFEVAFP,53088.463302752294
EVHVPFHSG,4132.270642201835
DRKQYWHLYKG,4576.188073394495
PFLLRYSG,26094.481651376147
VAGRKGQWDEHD,2635.4908256880735
AAQHSWG,3345.169724770642
LGLSNASWHG,6745.559633027523
YVNPWFYWND,23090.67889908257
FKRKRPVGKL,1749.9128440366972
RFFDEYG,9840.41743119266
QLGLRHDQWK,4574.178899082569
WWDYPWALSG,21288.288990825688
SGAGDPWLG,4432.321100917431
WEVVGWVSG,16748.211009174312
QVRHHAFYWND,12529.036697247706
PVGVFKAFWK,12492.862385321101
LGFEEYSNLG,10880.522935779816
DPWNAKRPWV,6321.688073394495
NRAYVYVLSG,31096.91743119266
DEDWPHVASG,3482.087155963303
FWKEKDGHQFEW,8070.068807339449
WKSREKNAHDS,1308.0550458715597
YHKFHFPNKD,2889.532110091743
SRENHDDSEHS,1328.1284403669724
SPGWHWVASG,6863.366972477064
KRVRNFPKLG,1792.2201834862385
WQLQWLRPWKL,22834.050458715596
SWKNGKHLG,2359.6146788990827
KSEFFWKHAS,3268.9954128440368
HLNYVHDASG,4261.779816513761
KHERDAFRYV,4582.385321100917
QDNYWVQRW,17031.92660550459
GPEPDWDG,2392.798165137615
KFRLFRKAPYWG,9253.344036697248
HFNHFYVSGFHL,26606.33486238532
QDHLRNSVLSG,3063.1100917431195
AYAQGVAG,1867.7568807339449
GSQRYYWG,11444.12385321101
WKFLLFRPWNKD,14064.385321100917
RGFLFDWKHALS,11223.614678899083
RKLKGPARHVL,2032.8623853211009
QYRNYQYWDL,15954.802752293577
HNHDDEDALS,1559.1697247706422
WYKHYDQREYWN,11594.440366972478
NVWYKRPYNVS,9129.724770642202
EDAHNHGRWKS,2378.6651376146788
QAYWHEDENSG,2518.2752293577983
GEKVWASNDVS,2187.3577981651374
FARYLKFNDALS,8255.41743119266
SYEKVVG,1972.788990825688
PFESLRPWNDS,8993.752293577982
QPEFNKLWHDS,5880.197247706422
EPAFKEYQKVS,1601.545871559633
VDPWVKLG,4859.527522935779
GHRPAALS,2818.5
SFLRWGNG,7768.94495412844
PGDWNYNHLS,6424.788990825688
FHEASFSWVS,17008.10091743119
KGDVNVWNHVAG,2418.256880733945
AYHGHSYWKA,5609.954128440367
WHGHGENQFNHD,4542.165137614679
RQFRHAKREWS,3545.9816513761466
AGQYSWNDGRWS,11245.036697247706
PPRAKLS,1298.3715596330276
RWAHGQLQLS,6324.522935779816
WYFRHKDAS,3892.587155963303
GPRWGPALG,5090.770642201835
KQDFNQPG,1560.2522935779816
KVNKDSARWH,1950.4816513761468
GHVDSESG,1493.9908256880733
WHEDFARYG,11870.449541284404
PGSEGRVSG,1303.045871559633
NGRAKFNKHDA,1515.619266055046
EDNYYNVG,3446.7844036697247
YKSVALRAFWLG,17885.0871559633
VENHRLRASG,3466.2155963302753
GDAEHHVL,2308.6330275229357
SEWLHLYWNA,14636.09633027523
SWVLDAYNDL,16200.30733944954
GLQVFENKL,4284.454128440367
FFDQPHFAL,16096.665137614678
PAHALFLYWN,32241.56880733945
KDPNHANPNV,1627.834862385321
FSFNDWQPYV,16091.788990825688
QWLFHGYSQAL,14719.550458715596
RASQDSYNVGPY,5930.922018348624
QSDQPSGPLS,1658.5871559633028
RQVLGAFRPWDS,11606.642201834862
LSWDWEYWNHS,16961.839449541283
RELVGNLRELG,4397.206422018348
WHYKLNLWAG,13455.724770642202
YLQANHFHVG,7829.674311926606
FLVWWASG,16381.201834862386
KQQQASG,1030.651376146789
WHSVAWKQKA,3275.646788990826
FSRAVQRWN,7394.633027522936
ARRQVSG,1390.7339449541284
VRWDHQFPNVA,7351.688073394495
WAHFNVPYKG,9429.79357798165
LYPWGEKDLS,3586.059633027523
AVGAPSG,1134.2477064220184
DFFPQESG,2527.9954128440368
FSRKEYLSVAL,9435.56880733945
RHVRSEYNRNH,3742.0091743119265
KNGSHASG,1158.0642201834862
KGVLKDFEG,1232.2201834862385
FAFPQEFNDV,4323.54128440367
KYSSWLG,5112.261467889908
ELSVWHLEPKHL,6624.573394495413
SQNVVAYNV,4779.807339449541
FAYFRKSLSG,5390.788990825688
FNYYDSEKDL,3997.321100917431
FWHYGENRND,5583.082568807339
RVKWYKLG,4652.816513761468
EAEKQEVFRPW,3300.8577981651374
YYRAWHVALSG,10201.87614678899
YHLPLPSGFHS,10045.555045871559
VAFSAGRDAS,3076.105504587156
YDWLKAWVLG,13901.95871559633
NNHYANSG,2695.9587155963304
GHPWFEPHDS,6711.711009174312
KDAPEPYHSEPN,1540.98623853211
ASHKHPWKD,2046.8623853211009
RDKGWNYWS,8400.119266055046
NFRERPNDYDAL,7219.738532110092
GVGWWAG,12342.284403669724
PFRRPLQPWAG,12286.422018348623
HLWYWGYHVL,21125.02752293578
QWGQYKEARDS,2190.1146788990827
NADHSWHAG,3261.788990825688
FNNNFPNDLSG,4075.743119266055
VAKHNAFPWVS,7809.701834862385
GLPVVAG,3836.848623853211
DYSNLPDG,2597.6330275229357
QLAFFPKHVLSG,12410.09633027523
KDYPEYAG,1845.2844036697247
FAEQQYKLS,4096.628440366972
QNRKPNHLWNVA,4524.197247706422
NAGVPDVGFPAL,4785.577981651376
RYFRWHVFDLEV,26101.344036697246
WNKFNKHRVNAG,2995.821100917431
WWHNPKVS,6277.266055045871
SPLNRDLSG,1733.7431192660551
NRVQRPNEHVSG,2001.7339449541284
YNLNFWNDPWHS,19240.876146788993
WDNWNRNVA,7531.894495412844
WDDVNKFNVAL,10571.743119266055
RWGEQFAGWKVA,9704.40366972477
HYEANSG,1934.4816513761468
SGSVNHG,1627.7293577981652
PKEDYKHFSG,2229.211009174312
RRSQGHLS,2312.0412844036696
EKPQKDQFK,782.9220183486239
VQGAHVG,1569.2522935779816
DDRKEDG,767.2752293577981
HSSFWSWNKVL,11199.064220183487
HDNPARVAS,1970.7018348623853
PNKEPVAAGDS,1114.7064220183486
NWNFEFPHVAL,20374.435779816515
SDLFKDPSG,1887.880733944954
SFAHDEHALSG,3196.8394495412845
DDQPHQFSG,2875.467889908257
QDSRNNSENG,1052.605504587156
FAHYEPAG,3555.5504587155965
WAKYEKLS,3357.5
GDQFYNPG,5256.51376146789
PLENGNVSNVS,2027.119266055046
WWKFNPYWVL,27050.298165137614
RYLHWVSQWNHD,12612.261467889908
VWARLWVG,20879.022935779816
DHSKHYSG,1932.119266055046
YLSFDPDWHAL,14083.073394495414
ANYKPASG,1529.5871559633028
SWRGHSG,4166.233944954129
KYQRFKG,2046.0825688073394
PDWDQEQFDVS,3905.743119266055
PSSASPG,1243.0275229357799
HKPWQRWKDVS,3490.4862385321103
FPFLSQKRKVSG,4195.788990825688
GHGNHEVG,1663.1559633027523
DLKVRPPWNL,7956.954128440367
GWEGRSG,2928.637614678899
EAFASEAQWVS,3479.6100917431195
WFKYRHASG,5816.844036697248
QRNHYHQFQNHL,7936.798165137615
PSFEGNARND,3036.2477064220184
LHQNAYSG,3195.5091743119265
EALNNRYKAS,2212.3348623853212
GYHQENDEVG,1723.0779816513761
NVHVLQHEWL,11137.133027522936
FRRHVSNYVAL,12656.747706422018
PSLAHLG,3651.4862385321103
SFGEYFVLS,36151.24311926605
VNQSHDAL,1982.0963302752293
RYEYKSGAKD,1892.032110091743
QPGYFRNAEYK,5322.183486238532
APVPHNHS,1854.454128440367
HVASKLQPAEWN,2554.1422018348626
HSSALRLS,4329.922018348624
PNAFHVWSEKDA,3755.5733944954127
QVVWDSQFWNKD,7696.302752293578
ADNVFEPKVAL,2879.9587155963304
HVPESHVASG,1362.165137614679
WDHLYENHAS,6693.655963302752
NSYASEDFYNH,5704.642201834862
VVQDLWG,5076.362385321101
RSEQLEKDVLS,1298.6284403669724
PQLDSEVSG,1284.6422018348624
QNRHHLQFAS,5833.238532110092
KGLQQRLG,1780.2522935779816
FRANAPQWNVA,4157.220183486239
PHHHKLG,1750.2522935779816
EKKLRHRWHA,2652.7155963302753
EKKFHLQYHV,3434.8348623853212
YYGAKHVA,2935.8990825688074
YAGGFPHPKD,3175.793577981651
LSRQLGPYNDSG,3380.4816513761466
WQQGKDS,1476.8899082568807
PHKGGENHDG,1026.0688073394494
ENPHVGPNSEKA,806.4495412844037
FRADVEEPKDV,1166.3577981651376
VKHFPFRWNV,10631.238532110092
HQLVQYHDVSG,4359.266055045871
RVRVYEWNKHAL,8044.931192660551
HKLFNNSG,2607.3119266055046
KEPDDPNDSG,762.3256880733945
PRVPPYKDALG,2740.02752293578
HVNYVANDA,2530.8990825688074
DEPDEYWDQRP,2662.9770642201834
AEQVAEKHD,962.559633027523
PNDSAGRWGQK,1803.7155963302753
KNHALHSRPYH,4999.701834862385
PFLSDRNVASG,3410.9908256880735
PGHQPFYLS,15249.408256880733
EVLHLENALRHG,4523.481651376147
KDVSRWHNQDL,2835.1559633027523
GDVNEHSG,1038.2706422018348
ENFEEVSNKVA,1378.2201834862385
QGGRNAQYNLG,3168.077981651376
KVQGNKVRPYKG,1310.105504587156
SNLKLWVSG,7388.637614678899
FLPVSQQRNKL,2741.9036697247707
EWVSPVHLQFLS,19017.775229357798
VQQYEKSG,1536.2844036697247
YLGWSYASWNS,10257.752293577982
RQYREGQYWV,10724.036697247706
FKWYKGFYNA,6827.077981651376
FKFSKVLFRWD,15156.408256880733
SQALPNLPHAL,3362.3990825688074
NHAWRPVLPNKH,3992.8899082568805
VSFRQPVLFHAL,20941.94495412844
SVYLVSG,19684.949541284404
EKSYLEKVFND,1943.1422018348624
RDRNSHDARVS,1736.1467889908256
GQKEYAQEPHL,1303.01376146789
KHRRPSGPG,1311.2844036697247
WQFEKPHFRN,7585.9495412844035
KDYKYHGFHAG,2354.0963302752293
KQNHYNKVGRWN,3527.9036697247707
YHRASKVPNAS,1750.3302752293578
WYKKNHLG,3415.4633027522937
KGWKEHSEYN,1567.9311926605506
YNEYNDLLSPWA,12024.834862385322
PYYDAGEVHD,3664.922018348624
EEQYLYSG,5538.532110091744
FEFKRELSSG,2090.908256880734
YEYDPREWAG,5714.518348623853
RFGVVAG,3732.564220183486
EQSRALQRPAS,1228.48623853211
RAGRKNLRKH,1009.6926605504588
REWGFEEGPVSG,4377.536697247707
HAVDEYVSG,2335.8669724770643
DVSRARSFPNK,1833.5642201834862
AHKLQFRHAG,3089.6743119266057
HFGGEYNKAS,1798.9587155963302
QEQQGFWDVS,3475.288990825688
RNYAFRWAEPYA,14439.178899082568
PFNFKRYWDS,9506.95871559633
ANLQHNHG,2065.6009174311926
RPHDPNYHGYNV,5613.605504587156
PWYHNQFRLSG,13812.816513761469
AGVYEYVLG,13713.02752293578
VGSVLRLS,9313.981651376147
QWLDGFLGFHA,19576.169724770643
DPLKEKG,680.045871559633
KKGENELG,699.3761467889908
KGRRSQYSG,1486.3990825688074
LLFYDYVSG,12449.954128440368
EPGYNHNAFRD,4917.45871559633
QEPSHDRDHALG,1514.394495412844
NPNFWSRWNH,12342.811926605504
HDFNPQFPYA,10728.43119266055
NAAWFRAG,7806.853211009175
PLQRNLKQPHG,3006.321100917431
KRWGHLFPL,13384.770642201835
DRWYFEDALG,11640.944954128441
LSSAKSG,1259.073394495413
NLRVQYNSRALG,8771.344036697248
GKQHSLSG,1234.348623853211
SDSDVRALS,1625.440366972477
GQEVWEPKG,1946.3440366972477
DRDVSVHLG,2444.183486238532
SHLRLVSG,6613.866972477064
NVGFPFHDLFD,17135.60091743119
ARGEWRVSG,3598.4816513761466
FRGFHAGHQEKD,1929.5871559633028
AVRKHFG,2551.3669724770643
SEQRYHPDLG,4306.467889908256
WLHLEHELG,5782.4495412844035
FSWGSWKG,5587.091743119266
GPNPSYKA,1414.4128440366972
YDRNLEVPYVLS,15486.605504587156
EYAWALGYARYV,26171.224770642202
GYEVVAG,3478.1100917431195
RVGSGEKARHS,1270.0963302752293
PRSFNSVAS,3615.9862385321103
NPHERHDLSG,1635.7385321100917
QNEFKHDAEWLS,4433.027522935779
QHARKQPAFWV,9085.70642201835
DWHPHQWG,7963.256880733945
SWNGEKVFKHA,2704.922018348624
LYERVSG,3268.4036697247707
LQYKHPAEPLS,2116.5825688073396
FALGHLGRLSVS,11775.747706422018
SGVKQYLG,2874.9036697247707
WWQGDASG,4712.380733944954
GDNSALSG,1302.0871559633028
AFNSNFRENV,3669.8577981651374
PQFHDGYGFPA,11474.233944954129
LFGHRPG,4651.036697247707
DPGSKVLS,1160.0275229357799
QPYYWQSRKHG,7517.481651376147
VNLVEPASG,1770.98623853211
EGASKEKLG,792.0183486238532
YVLVPYDRYWV,28994.45871559633
KRAEGLSG,1456.3853211009175
PVHVAVGRYKD,5515.94495412844
KPNAELQEWV,2055.9908256880735
NFHSSPNG,2763.5091743119265
PASYGPVYDAL,8958.178899082568
DEWNVVQPKHVG,3314.3990825688074
YAFLLEYNVSG,35748.29816513762
RYNEYRVSRNKS,2942.4587155963304
DANPENVG,1453.848623853211
SRAFEWYLSG,14785.155963302752
SYQSDASG,1678.1422018348624
NSSEHNHA,1407.834862385321
PRAAPNLG,2178.5091743119265
YQSHEDLG,2687.4311926605506
PWAFVAQVEVS,39407.8256880734
EHAYWHSAGEK,2259.467889908257
YNRAHDVQEW,5423.839449541284
YQNHFRALPDSG,4472.307339449541
DVFRDEQWAL,7073.802752293578
NGKAFEDEDS,1185.48623853211
NPVQEGRKAL,1132.8165137614678
VKVYVKHSG,5307.165137614679
HGHYVGDG,3777.651376146789
PVANWNGRLG,5823.059633027523
NNSDVWKASG,2007.7339449541284
LQHYNGHVSG,3332.8990825688074
QSNAHDRDSG,1330.394495412844
YNRKSAGHVAL,3169.467889908257
SSGRYAVSG,4089.830275229358
QVHRLGWHVAS,7476.091743119266
NEQWSPLG,6335.55504587156
YSDEPKLQDAG,1336.2752293577983
GHGLKDLSG,1810.380733944954
PHPANHGNKHA,1429.9357798165138
EGHRLQYWNH,6552.366972477064
WEHERNSG,3492.5504587155965
QQKWYHLS,6238.931192660551
PHGQDPYDWKHA,4154.09633027523
SSFPSWLSG,8839.811926605504
SDDVWHDASG,2949.8715596330276
WRLPKNAG,3596.091743119266
HYVQLNASG,4012.738532110092
AEQAEPKVLS,1089.4174311926606
QSFDRVSQPK,1990.3211009174313
PNNHFEAWV,8330.43119266055
WDQWGFFPKDS,13090.779816513761
EEYGAFWNKDG,3415.298165137615
LPGDFYLG,8782.834862385322
LRWEGEDALS,3513.1100917431195
DYGPYQDAL,5105.344036697248
WVWQYDEWNKHG,9994.284403669724
WPPLFKDV,8555.467889908257
QYYNWARKHSG,4490.087155963302
LRDEVYHDVAL,5036.018348623853
KWDNEKALS,1573.7752293577983
WSRYDAKAPYHS,6729.623853211009
VWSWHEVLSG,10353.830275229358
QLRSQYHQVL,8126.165137614679
AFWLWKGEPWL,26034.5871559633
RQGANVSG,1936.7981651376147
QDFLLSQPKA,3093.8899082568805
SDAWHFDSG,5996.917431192661
DAKNFRWHVA,4024.8394495412845
GFWWQRHG,13195.178899082568
WESRHVRG,5921.045871559633
HESFKVQNHSG,2296.9449541284403
PVHLVSREYN,7725.183486238532
LNEFNAS,2955.908256880734
PQNKREYRPVL,2998.880733944954
NHPPSESG,975.9449541284404
YYARPKEKVG,1714.967889908257
NDESAFRWVS,7287.256880733945
HFPKPKPYHVAS,3163.5137614678897
DEGKQFRPWL,8881.802752293577
WSNGLGPYKDS,4489.724770642202
HRQGQPLG,2599.8853211009173
GFWWWNKVL,19918.72018348624
SQAEGPHASG,1326.2431192660551
KRAWWHASG,4703.839449541284
VSAWRESG,2795.1605504587155
KDPKPWEKHAL,1601.7201834862385
GAFYNLHL,15907.073394495414
WLFGEDQASG,4299.188073394495
YPRKENKHASG,1245.6100917431193
WRWKKHVEWKG,3703.1559633027523
LLGRWYHLS,12845.37614678899
KYESWKDA,1775.6238532110092
LNVWLALG,28958.522935779816
PEDAEWGRYS,6085.559633027523
QLHPNDSNKDAS,1240.105504587156
YGWESWDVALS,13868.779816513761
LQLESRVASG,2402.1330275229357
ARNSPREPNK,962.6284403669724
GRFEFRG,7376.848623853211
QYLHHVVASG,4872.495412844037
PWWEFVSG,23300.83486238532
HQWVEDPSG,2560.697247706422
YHFHRASEKH,2405.711009174312
HYRDSPSG,2820.5229357798166
LLRYPYWNKH,8330.467889908257
WVRYNFRDLFYS,20382.844036697246
PELVHDALSG,3616.532110091743
NEVDRWVSG,4780.243119266055
GHSKRKVG,995.5275229357799
FYLYAQYSNDLS,9043.394495412844
YKLVSYNVRD,12666.201834862386
VQAEKRYKHG,1331.2201834862385
QAAWEPLG,3485.0825688073396
HRRKLFLS,5640.151376146789
DVKFLEALSG,3086.637614678899
KKYKYKSG,832.8761467889908
KDLVHGQDVAL,2018.394495412844
PNWGYWPAG,17172.74770642202
DRSWRWHVLS,11547.032110091743
YNWQFEGWNH,12663.270642201835
SNEWNHWKDS,3039.853211009174
DFEKWYWKDA,4502.766055045871
RNVPEPNRKHLS,1845.5091743119267
YGYWRQFPYNS,14447.40366972477
FYAQGQPGFPV,8155.192660550459
YHQRNGHAYWKH,6708.311926605505
DDELWSG,2727.435779816514
HNQDRPG,1917.788990825688
LRGLPDG,3143.97247706422
ALKKQKSG,876.7247706422019
SWDRLFWG,17929.11467889908
ENKKSGHRKVAL,1090.7798165137615
PLRDARAFRW,12215.408256880733
YSAWKPLS,5531.472477064221
FFRVFNSYDV,14056.357798165138
GDFEDHVALS,2693.440366972477
QVRNAKHEKHSG,1075.5275229357799
QEQEPHPWGRD,3788.8853211009173
WSEEWDREWHVS,11896.229357798165
YAQRLQHVLHVG,9375.811926605504
GFAAFLG,16330.990825688074
VGSDPVSG,1258.1880733944954
KDNDRELQFYNS,3409.4816513761466
KEFWKNASG,2388.6559633027523
VWWDFLG,21054.050458715596
AWAFFPSG,16441.284403669724
DPSAHDLS,1200.0504587155963
AKQKVYG,1247.8761467889908
AEYWWNQNDVL,10595.004587155963
PRVVWNDVAL,8898.243119266055
FWGYHQWSQNLG,11455.284403669724
EFRFHSQRVL,9513.09633027523
EHPDWDGFG,5011.587155963302
NGNQYEWNA,3915.711009174312
RLGRFSFKG,6623.45871559633
FRAAPWLQFHL,29453.72018348624
RLVHDPSG,2516.908256880734
YYVNYKAG,3888.7477064220184
RANPALFWKVA,9865.37614678899
LGWFPVLWDALS,30943.98623853211
QEDEGRKHFPDS,2038.2752293577983
WYNLPFRNHVA,12628.816513761469
FFLPWGHG,11346.04128440367
NGNEPSWALG,3608.729357798165
ERHRGWASG,3228.619266055046
YHVQNDPFPWD,12534.279816513761
QWNHHQFGFEW,20287.67889908257
RPKKLGDGWKS,1553.0825688073394
RPRFQENHDLS,3633.2752293577983
WLKNSKDVL,3111.0229357798166
PGHENDVFPYNK,3097.9495412844035
AGFFPQFRW,22879.60091743119
NGNRLWKHDS,3188.0412844036696
QVNWAFRWKVG,10452.642201834862
DPHRLQPNVL,3209.1559633027523
QPALGVRHVYKV,10490.646788990825
QEWLDSRLSFRH,13284.018348623853
GEEHLRLSG,2611.5963302752293
FDALFPRHAFEV,10933.93119266055
HVGKLGAYWKL,8184.211009174312
AHKDKLSG,835.8715596330276
DKHFPEYNVG,2580.362385321101
EWALRWHYLQEN,13157.857798165138
KFHAGENFRSG,2875.151376146789
PWRRDVFEKDS,3386.876146788991
NEKLVEHDS,1197.3990825688074
KVQSGKDSRNKH,976.7660550458716
QVVGYWKKDVL,5351.90366972477
HSYEEYAG,3042.105504587156
SWVNSPHVAL,7762.788990825688
KRLEVFHLSG,5328.637614678899
WWAGDEVLSG,5577.821100917431
WGWQHLGALS,12806.47247706422
LSYHEYEYNV,10286.321100917432
AWHEVYHSG,6501.642201834862
HQLRFPDVG,4596.032110091744
DSQKGYKLRPN,1746.866972477064
AWSLHDLG,6799.871559633028
AKVAKDYKVLS,1207.8211009174313
VQWYALRPWNG,16863.922018348625
WQFDRDSWNKV,7141.701834862385
AEGLWVLS,12879.871559633028
FFGYQWSG,6239.123853211009
WDPQFNKQPNHA,3310.2247706422017
FDSGLRLFYNVL,17225.844036697246
VWKRLEPASG,2479.4587155963304
QNAKHWAPNS,2216.9770642201834
QDLQVSRASHAG,1762.48623853211
YQANLDLS,2716.0183486238534
RSSYDLPWH,8801.045871559632
QVDAGQDQPLG,1288.7798165137615
KDEHWQPNHD,2551.348623853211
DHGANALSG,1298.01376146789
RPNDFLSWKWKD,6674.848623853211
YQSVEVASG,1793.4357798165138
YWNDQFRGPQFL,19195.288990825688
FQNNAPHS,2106.183486238532
FKWWRENVS,5337.733944954129
LFYGSGNLS,3830.591743119266
LQGPVPWSG,5162.4908256880735
RALGHEAFPD,3980.1559633027523
ELKDKVWKDAL,1141.032110091743
QLWWFWKSG,10128.064220183487
NHPGVAPWNKVA,1696.059633027523
LKEGHAG,890.7981651376147
WRNAWNFEWHDV,13864.220183486239
SQYQRRWLSG,6843.3899082568805
WRKKDRWDVL,4695.366972477064
SEAYHWDSG,3928.8256880733943
QLSHPGWHVAL,8861.169724770642
EAKVWVGWNKHV,3107.169724770642
EDVYSFHSNHD,3380.0045871559632
NPDPANDG,790.848623853211
REWGLSAGREWD,7260.472477064221
KFDSWVLPYH,11671.183486238531
NGQPRHVYWKL,7796.334862385321
VGYYPKSG,3358.9954128440368
DNQRGLSG,1285.940366972477
YPNDWNEYWVS,11645.940366972478
RDRHAGPAPWAL,8020.8899082568805
WPHEEALS,2395.3715596330276
YNKNFKLQKHVG,2076.266055045872
WKSDDVSYDV,2983.0550458715597
AVSPSHG,1323.651376146789
PQFRRDQNKVSG,1914.6559633027523
GNAREGYAG,1924.848623853211
YDSFVEYHDVKV,7626.146788990825
AWSRNFDLS,8611.211009174312
YALRAYNSQPW,13864.091743119267
KFGNRDSG,1626.532110091743
ASDKEKVG,525.4311926605504
PDHFALSGQHDV,3127.105504587156
KWKWLHLS,6656.779816513761
GHWVQEYNKV,3811.169724770642
GNKYVKDAS,1160.6146788990825
RREQKGREPWN,2058.954128440367
PQRVYREWKDL,4965.073394495413
PHRNGPNLQLG,3100.5825688073396
KYVWSFNAL,13255.88990825688
EVGRHAYKVEKA,1584.9036697247707
KGRYSAEPYKS,1906.98623853211
ESWHYASFVSG,14618.62385321101
ANGASESG,892.4724770642201
LSWPGEPASG,2309.770642201835
ERDSFRDYA,2839.032110091743
RRKLNSEKHV,906.2798165137615
ENSQFSFGQRND,3184.894495412844
HEHSASYNKDAS,1315.1422018348624
SYDAYDYHDVAS,5261.05504587156
LHDQVWVG,6530.770642201835
SVHAQFRYNVA,7911.5504587155965
QHQLFLHVAL,32351.032110091743
WVESYWKREAG,4932.545871559633
VSLPRDVA,1971.6926605504586
EHSFHEKVKS,1091.1422018348624
HHEVKDLSG,1153.3853211009175
QFGPWVLNKLPL,17251.908256880735
HFVNQFDSG,5736.1100917431195
SPYLRYKPHD,5537.467889908256
KRPVYHGYWHD,8458.848623853211
WFLPWWNSG,16954.57339449541
EWKFRYKELENV,3636.697247706422
HHNKFHDALS,2410.422018348624
SPGPYHRVLG,5169.967889908256
WYRYDWG,12551.087155963303
YGDLLRKALS,4030.293577981651
PQEKAWDGWS,6353.059633027523
GHAASAG,1391.0366972477063
FVRFGEPYKHG,6234.977064220184
PSVGPDFWNKVS,3795.0963302752293
RHRYFNDNALG,5334.05504587156
HKSFEGLS,1978.2752293577983
QRYVHVLPQLS,10672.142201834862
LRSVGPALG,3909.3715596330276
WLFHFNAFRKA,9429.614678899083
KHRGAYNKHDV,1496.2293577981652
ENVWGPAEPVA,2367.701834862385
WANDSYHLFWHG,17944.880733944956
QNVYFYAFNHL,34563.04587155963
PSKAESYHSG,1544.8532110091744
FFVHFWLSG,12028.940366972478
WFDAFQNKSG,5473.256880733945
QGYDAPHSENHV,2194.3853211009173
SRPHHSQNLS,2007.4908256880733
DGDYYAG,4359.09633027523
RQLLSKVSG,2566.270642201835
DNYDDLG,2347.4633027522937
NKFFWEPNKL,6301.495412844037
WENSAGWVAL,16364.922018348623
HSVEAQDVALG,1579.0275229357799
GRSYREG,2902.6605504587155
HLEVKHSYWNKG,3745.908256880734
NKYHFPAFVALG,17156.201834862386
YSQDHYKHVLG,4230.788990825688
KVRNLSQELYWV,11870.48623853211
GYKAYSPKHDL,3445.211009174312
VQPFKQREKHV,1535.0642201834862
DESVFDG,2491.1559633027523
WWDAASQFEHS,7818.981651376147
DEGLGPSG,1938.5963302752293
HLEFNFPWN,16464.6376146789
SNDVESREPHAS,1281.4449541284403
FHESNHGPALG,3685.821100917431
DREQPGQPYDAS,2777.954128440367
RRWAGWVNKLG,7926.972477064221
QWEWWSPWDLG,31124.04128440367
VKQAASG,1258.51376146789
NDQASNVQYHL,4358.655963302752
DNEVARG,1143.926605504587
APRHHVG,2182.4036697247707
DELWEPHS,4290.706422018348
PSASRNWDVA,3238.197247706422
SEHYHELG,3585.5183486238534
FFWRPQFEHDLS,11900.477064220184
AELLNHDVA,2778.2247706422017
QKKKYKVG,806.3440366972477
QPYPWLFRYVRW,31468.481651376147
GLKSVSG,1769.0
HVEPFRVSWKA,8862.321100917432
LGRGVPYKVL,8804.133027522936
SWVVVLSG,47403.220183486235
DLHFHDLRPVG,7996.3302752293575
VPVLVFYWHVG,44299.40366972477
EDRAKREHDV,1239.6376146788991
VQKRQFRWNALG,5213.1697247706425
LNFVHAG,6295.243119266055
VPEYEPVAG,1664.0871559633028
FDEAQKHFYLSG,8106.972477064221
HLRGNFRNKVS,3142.1146788990827
YKSEYFLSFDAL,24413.84862385321
QFQGPHAYWLS,19005.04128440367
ARYYVEPNHDLS,7994.733944954129
SVRHYVLG,9148.660550458715
DFQKKDLSG,1211.0183486238532
HREPDEPYHLWV,10948.536697247706
EEAFEQRYDVAG,2845.9449541284403
KHRNDENFRNKH,1533.045871559633
QREQLGEVQEKV,992.6926605504588
EDREFLSQYS,5430.114678899083
EAFYSGRLSFKH,13116.70642201835
DDADFKG,1321.4357798165138
VWQEHQHDSG,2375.6422018348626
PFDHSQSG,2834.6146788990827
WQRYSPLWHDS,16248.366972477064
WPKWYWSG,17265.715596330276
VHSWSLG,6556.146788990825
HKSNKDVVLS,1291.4954128440368
SEYFWFKHDVL,13794.660550458715
VEYQVGWKL,9253.142201834862
PDADNDEKG,921.0642201834862
QSLYPYLG,8218.215596330276
LNPKWLG,6401.366972477064
NVYRHAQFPY,18366.738532110092
DGGGWALSG,3968.5825688073396
RQEVFAGRPWH,12894.651376146789
QKAWRNAGAS,2242.5183486238534
WVVLAEHA,16654.605504587154
WHAWSHVQPNHV,8851.032110091743
YDWEAPWDL,14723.51376146789
NVEHRDVLENS,2220.288990825688
HGSVWNAG,3347.788990825688
NSWQENDQEHA,1884.1880733944954
HYKDDQENKD,976.2889908256881
QRSYAEPVLNHL,6368.467889908256
PAYQNLYKHD,4694.100917431193
FLHAQLELG,6154.238532110092
NSDFKEYNHAS,1891.8256880733945
RQDGAPWVAL,8222.330275229358
VNKQRYFSG,4985.793577981652
NSWESNDLS,3150.243119266055
EAQYHKQRWHS,3679.5137614678897
YESLFDVLSG,7110.802752293578
YKQESGNENDS,1148.7064220183486
NQLVAWVALSG,18709.20642201835
LVAREFDSG,3823.6926605504586
ENFHAYDSALG,4235.619266055046
GKPAYASG,1839.8853211009175
HLPPGYHVS,4792.701834862385
HDPLVQENVG,1781.7385321100917
FERAHASGQFKD,2781.091743119266
HSGWNAGVWHD,10090.201834862386
DEVPLRHDS,1951.5642201834862
EWKRSGPYVLRP,9289.509174311926
QANGQGFAS,2471.412844036697
YVSLYWASPYNG,15569.701834862386
WHRHQDAQRDVL,3929.5137614678897
SRVGKHDRKD,1056.1238532110092
KNVHYNLG,3081.1743119266057
HSFVHQEWKH,4436.866972477064
LPLVQLSG,4285.137614678899
RVVHYWSG,10913.848623853211
KPVFEASRVS,1806.0183486238532
AGLPGRDSG,1651.454128440367
GRRHQFG,4436.454128440367
WRRPFPALG,13412.385321100917
DEYRKPKHAG,1616.1238532110092
SWVVGWSG,14565.422018348623
DSQQNWNDVL,3175.678899082569
AAPVDSG,1078.9495412844037
VFKWVWKLSG,9151.79357798165
AHRAWHVAG,4133.637614678899
PLRLQHLRYHAS,9591.949541284404
WHYSDGKDLG,3989.848623853211
GPYWAEAGFWKG,10864.408256880733
WLFAFLGWNHA,15748.0
PVGSGQPFLSG,4623.481651376147
QLKSAGQFENK,1437.288990825688
LQGFLEHS,5077.022935779816
DRDDEDG,1056.7018348623853
RSPAYQEKAL,1352.0825688073394
HKEYQDALG,1518.1238532110092
WKLGYVSAKVA,7348.866972477064
RKSYKFDEYAL,3588.288990825688
WFNSEQHDA,3771.330275229358
QRGELGFHYWDL,20138.80733944954
YVPHRAWNKV,5117.3899082568805
YAQVGRWFPHG,13866.940366972478
EEDHGLSG,1467.6605504587155
QSWKGGQDALG,2011.6467889908256
QQPVSWGEHAS,2187.940366972477
RFSAFYS,13046.238532110092
DNHKFNVG,1890.7477064220184
NHVDHSQDVALG,2278.2844036697247
WRKNARWKS,3070.151376146789
FSWKALKNHD,3233.8899082568805
WDLYSREPAQWA,11164.587155963303
SAPYEHVLSG,3665.0
KPGDNVS,922.7339449541284
WVGPQNLSRPWN,9434.90366972477
SQDQKPNKDV,897.5045871559633
LGEWNHFLQPYW,27493.30733944954
KQPRVGRKHG,1301.9220183486239
DHSKVNSG,912.2293577981651
NRSRFELSG,4034.077981651376
GNDSHWHDALG,3607.605504587156
YALVNDGHVAG,4068.077981651376
KQDWAPDASG,1768.9954128440368
FYEYGVSEPHV,4496.839449541284
YWDGKSKSQHDA,1867.5229357798164
AQSALFVAG,5805.582568807339
DEPEYEYH,2145.0688073394494
WNHLPKVLGKN,3259.743119266055
VQYSPLQELS,2783.5733944954127
EGNFNASQVS,1712.8577981651376
YYRSALS,4758.3302752293575
RYSDPSEKVG,1744.894495412844
VSKNLGWLG,5291.761467889908
EAWGKDYWNHAL,6133.261467889908
REDNREKFNKAL,1665.6146788990825
AFEWHWLGYKVA,13740.866972477064
EHAKYNVSRPHL,3907.6880733944954
SWKFVGRYNKDG,4614.6100917431195
NFLGVGNKHLG,4140.642201834862
NYGPDFRLSG,6519.6697247706425
QGVWLEAG,4745.133027522936
SRGLWKHAS,3440.3348623853212
DYSQQFES,2642.7798165137615
DLQVHAGWKHL,5363.8899082568805
SGLFKDGNKL,2750.1100917431195
LYRVWKG,6626.174311926606
QFEEREWARHVA,4700.472477064221
DFNYPNDLG,5024.591743119266
YHDFHRWGYNS,9979.238532110092
WGWHAGKFKDV,5289.811926605505
FYKGSGALNVAG,2584.894495412844
VQNLWPWNHDL,13329.637614678899
VSQGFNLGPNHL,5774.261467889908
VNPVDVG,1797.4174311926606
VLKDHVPNHG,1805.9357798165138
GKVDWVALG,3546.0550458715597
QPAWKVYGFAS,16348.614678899083
RDREKSRDAHDS,1195.1284403669724
DASVVALYKH,10486.866972477064
AGHALFYYVL,28334.894495412846
QHHGWHDFYHV,14836.02752293578
LVRKLVS,4306.619266055046
HGDFKRHG,2206.9495412844035
PVNRWHSPWAG,10409.761467889908
AYQDHAS,1843.1009174311926
LGHNNVLSG,2568.7247706422017
HDFVNHAWVLS,14381.577981651377
GVFPAVSG,3208.853211009174
NSALSWVSEKHA,2564.7844036697247
KLYKDARHYNS,3140.9770642201834
FAYAYKAPKHG,3085.211009174312
VVGHANALG,2082.408256880734
WRDPKSFEDVL,3670.2844036697247
AGHAVLQWKHS,3433.353211009174
SQKWEYASG,2645.1330275229357
HQYKYAGYHS,4581.573394495413
QGGPNFDLG,2801.637614678899
FFQQKLG,3010.321100917431
FVEFSNHVSG,5283.229357798165
EFQYGFASG,7962.54128440367
NAGHKSRPG,1396.2660550458716
HNKQKYNDVS,1194.2844036697247
NFENAVSQEPY,3764.97247706422
VQSLALG,2168.3348623853212
EKGAFRWFRKAL,4492.926605504587
WWAQYEDALSG,7569.399082568807
WPSELWLS,11612.866972477064
WVHKHENALS,2728.7844036697247
KNHHYHLSG,2887.1743119266057
NDFKYKAYDG,2472.545871559633
LVQFQEG,3221.229357798165
KEVWEYLSG,4415.587155963302
DWVASWEYDVLG,12603.284403669724
RLAPHLPYWS,15719.532110091743
AQRKKFREPWH,2297.293577981651
RRSDNKA,703.5504587155963
HPVQNQNKDG,773.8119266055046
YHQQKRPDVS,1107.045871559633
PRSAALSG,1504.8440366972477
DLGFRLWFESG,21164.729357798165
ESLFPHDFPN,3070.8073394495414
DVSSRNYHAL,3139.211009174312
QHAKSYKLPAL,2151.454128440367
PLPELQPYNK,1537.967889908257
HNVPSEKVLG,999.651376146789
KSSGRVAWAG,2207.1284403669724
KWLWQFDALSG,9425.178899082568
AFDNKRAG,1785.8577981651376
ELHDAPWYDVA,7290.298165137615
QQHRHSWKVS,2735.591743119266
GNSGEFKASG,1091.1788990825687
RNEDEPHEWHS,2726.3853211009173
FKSRHRPDARY,4493.064220183486
QWLDVGFGYAG,19564.80733944954
EEELGPLG,1320.3394495412845
SDDLFSG,2464.8577981651374
PRVDQHLG,2259.954128440367
VDLVAYLG,14769.100917431193
YPVLNLVG,8612.220183486239
NKFHKDGDSG,1212.8715596330276
RPRNYKLQWAG,5667.091743119266
RGNGHYHVAL,6427.614678899083
YWYKEKDEHV,1762.6284403669724
DAGDYVQEWK,2046.0825688073394
VAPPVENLSG,1114.380733944954
EFGFDSVG,4638.353211009175
QVDYYNVG,4277.091743119266
GYAELDAG,2301.0688073394494
HFYLASRYNA,10390.188073394496
DAKGYGENLSG,1241.545871559633
DQDHRKVG,1028.426605504587
QVYGLWHAL,13726.756880733945
YNYWNNGPYDV,10238.243119266055
FYPPDLYNHG,6343.252293577982
FDWVFDRWVLS,21568.353211009173
DPVESNHDALS,1364.1926605504586
DDPKGKVALS,957.0229357798165
QWENVQNKSRD,2299.3715596330276
NGDVWNSEHVG,2516.848623853211
NQDSSRKLS,1104.454128440367
VLSSKQRVAL,2862.2798165137615
KRDQRREPYWDS,3566.802752293578
RKYWKWREWKD,2980.2155963302753
DDPDNDLSG,1165.7385321100917
DVGKFNAFNDV,3055.605504587156
PPWRANHDVSG,3410.1009174311926
NFGKSEHLG,2060.6330275229357
RHEDYSFPYNS,6674.582568807339
GNRAPALSG,2041.394495412844
QKDGGYWHHV,5429.422018348624
DENPWQEPASG,2136.270642201835
ARSNFWLSG,7399.940366972477
PDKHPHSEWNVL,3402.293577981651
WSRRNHLRPWN,10940.38990825688
WVEWVKLKHL,17038.51376146789
KWDVEPQYNKVA,2432.894495412844
PREQEKKHLS,931.7339449541284
PDFHQYGWHVS,11089.660550458715
PEDSGFPENKD,1513.1743119266055
FPNGHAPWGFPY,28342.67889908257
FYLNYKHSEYL,5769.114678899083
RGHFLPKAS,3675.9174311926604
WLLRYKDYWS,10591.688073394496
NRWENREYNKDS,2471.5825688073396
QYFLWKPWVS,14727.01376146789
QNDAEDSYFKH,2637.6009174311926
ESVSHRDVLG,1672.366972477064
EAPLNRPNDV,1432.045871559633
KRPNLPKLPHS,1443.151376146789
EQQPVPYG,2027.6605504587155
KLQHAQRRPNDG,2085.97247706422
FNKSQRSLWND,4510.353211009175
FFGDVDLG,4951.715596330275
RDHAFPQREY,5200.40366972477
AFWYSGRWKHL,13236.440366972478
NEHHSEHASG,1652.2706422018348
GQFSLQEPWSG,7202.440366972477
WLKSVLFPYHL,16894.23394495413
ANSNRALSG,1884.7431192660551
ARAGSQEL,1172.5366972477063
SYDQAYNLS,3974.3119266055046
ERDRDWKG,1654.5091743119267
PDEAVSEYHDA,2024.954128440367
WSWHLFDGRYD,16363.866972477064
FEPKKARNHGEY,1964.1009174311926
NYLADVLS,5771.252293577982
WAAGFLKVG,14858.055045871559
VLSDFSGEYNK,3047.793577981651
EDDLKSQYKG,1302.7201834862385
ALVFGYALSG,29746.58256880734
HVERVSFYNK,14079.394495412844
QFSGFEGPHFW,25492.454128440368
KGHQGRWG,3307.316513761468
NHNDAFYGRVA,6516.064220183486
DNKQESRKALS,781.6009174311927
HHQFNFKSG,3837.9633027522937
GEYVFPWHSDVL,22843.509174311926
FHEFPHSGYKV,6749.362385321101
RGDALEGQALS,1534.4587155963302
QQQVYNLSG,3082.637614678899
PNVAQLWVAFD,40135.408256880735
NAREAQPNKSGP,1819.4816513761468
HFFEDRLG,7506.977064220184
LDGRWRNG,6632.082568807339
HLLFPLSGKVSG,7586.51376146789
FHERVLRWHDL,14769.93119266055
PEAEGFLSG,2704.830275229358
QVYKQVLWNK,5150.623853211009
GHGLVAG,2538.1651376146788
RFVGRSWNKL,6118.711009174312
SPRFKDVAS,1757.302752293578
FPWSAGNLNVG,9510.19266055046
DSNDYNRKLG,1744.197247706422
YLYWKEVAWKL,9553.087155963303
HQRFKEPWV,6397.399082568807
YLGVNHVPYKH,6850.192660550459
NEHERWALSG,3917.3073394495414
YLSKPQENVSG,1476.8394495412845
AVLAYAG,7339.779816513761
NKHEEWHAVL,4342.995412844037
PPAYQRVSG,2515.146788990826
LLGKDEDG,1282.2752293577983
SYWRFWVG,16558.169724770643
QHYHHALNHA,4017.206422018349
LGNHLGSYHL,10609.550458715596
WNLLFENRPWDL,32089.55504587156
KALHGYHEPDV,3000.5963302752293
FEQQPKHQYDS,2084.743119266055
HELRLQHALG,5753.5091743119265
DKRWHPG,3071.5825688073396
VFKLDYWNLS,10994.559633027522
YKWWGKLG,6466.701834862385
YKSPVLGFDEKV,2578.2522935779816
VERGWDVLG,5824.95871559633
ARWPSEPYNHLS,8590.247706422018
FLYQFWLNKAL,8692.422018348623
AWKDKREPNS,1296.2568807339449
RWVFFRKLYK,13966.816513761469
DPKSQQASG,737.1192660550458
QGEDVDWKHG,1724.454128440367
RLAQLSHLS,5930.09633027523
ASFELSQSREDL,2963.5825688073396
SPPKQRPHDAL,1729.6788990825687
PGNERNALSG,1728.0183486238532
RALFHQNQWVL,17976.344036697246
NKPWAPAEWLS,6357.922018348624
FSQVWDGQKLG,5014.981651376147
DNSPNYNHVL,3555.47247706422
AQNEDAPYHV,2051.5825688073396
KPNNGQNKHDLS,1032.1834862385322
WNNEREAG,2105.5183486238534
QSRSASFYNA,5069.068807339449
GWAAFPG,8876.04128440367
VESFSQVG,3344.045871559633
VRKFYNWHVS,8103.834862385321
RFHDYSYNKHAS,4273.807339449541
DGDKGFKHDL,1561.697247706422
DQYGPKVYKG,2398.848623853211
QAHSVRYNAL,5184.3899082568805
VKLYLVSG,24533.697247706423
HNHWFPLS,15623.114678899083
AHWPDLSG,4739.119266055046
SWKEPRYKV,3330.97247706422
DGRRENQFVS,3720.830275229358
SQSQVPWVAG,3295.302752293578
FPGVHDGFYDL,23354.42660550459
DKKVEKDAG,657.5366972477065
EVGEWDAQWAGQ,4275.587155963302
VWDHAEHSG,2789.7522935779816
NNDYQYHVA,4433.105504587156
PRDFSQYSG,4953.270642201835
VENKDAVEPWL,3151.559633027523
KQKAQVFHSG,1377.6238532110092
KKVDKAG,636.7201834862385
FASARNAEYWV,10851.743119266055
RGNAHFYWVSG,11958.573394495414
WLPAGDLKG,3416.3899082568805
VDADSLSG,1415.0963302752293
LWQWHRHLSG,10925.188073394496
FYRKQHLPWNG,7294.504587155963
QKAHYNVYAG,4641.55504587156
SEYRKAQENH,1773.665137614679
PYDHQEDLQVA,2409.940366972477
KKFQEASG,959.0917431192661
KFVKWNAS,3078.4266055045873
RFSFDQEPYH,10420.58256880734
SELGEYKKALS,1796.1697247706422
QYQNHLSVAQPW,11153.224770642202
AQVLFVRVS,49992.7247706422
FYQGHALRPNK,4271.472477064221
WEPVPENHVAG,3335.669724770642
WYEGDVG,5795.183486238532
LEHSRDSPKHDG,1800.4311926605506
AKSYQHLSG,1932.045871559633
LPRRPALSG,2396.422018348624
FFPRHSQRKD,2696.270642201835
ADLSHFEPWNH,5891.0
DPHWFWSG,13047.12385321101
KKEWRWDLSG,2936.4816513761466
EWPSRKLYNKL,4528.977064220184
AQGQEQEDS,866.8807339449542
YQWVWHLPKS,10816.591743119267
KAVSHFYWNDG,6360.467889908256
VRPGLRWALG,8352.637614678899
WNNADQHDV,2969.211009174312
NVKVQVREWA,5110.5
EANDASASGAL,1021.7293577981651
SAVLQREPYK,2816.954128440367
GFVVRKASG,7818.408256880734
NFYYEWHDVG,15527.62385321101
QLVVAGLS,8441.912844036697
GQWGDSENVG,2413.7844036697247
NFSHAWSG,7474.298165137615
RFEAFGFVG,24690.830275229357
YGNHHAYWKVL,11579.885321100917
WHAPPKVQYHLS,6648.275229357798
YYKVAWVSQVL,18541.770642201835
YPWDRYYNLS,17762.105504587154
WDRLREVWNHAG,7357.963302752293
EKPSVLYKVLG,3241.587155963303
FGVRRDASG,3441.935779816514
EHKHQFARHLG,3335.2201834862385
HQSQYHFPWDAG,8642.940366972478
NVDWWKDVAS,3676.7247706422017
DKSDEDSG,696.4266055045872
KNVWNHRG,3134.830275229358
WKRAQFYGRWL,18526.93119266055
HLRSGRNHRKS,1738.697247706422
RKYQDFREPWDL,7419.568807339449
NHKDALNFYNH,5337.715596330275
QQQEREDVALS,1072.0183486238532
HHYLWVAS,13472.243119266055
DRKRVGQDSG,1201.7201834862385
WREGDQYHDL,10189.344036697248
EGLFWQNKA,3551.9816513761466
SNGFGWLG,11306.628440366972
NVWPDVWKS,6791.894495412844
PVEAPGFKS,2418.0137614678897
GNKGKGQDVL,985.4266055045872
VNPGKDLSG,1521.197247706422
DAEVSFPLPYVL,29763.275229357798
SRQKRYAG,1951.4724770642201
KKEKKVSG,550.0412844036697
GFGEPQYNDL,4339.082568807339
KFLNAQHALS,3137.435779816514
HKVPGKVAG,1096.1467889908256
WNYGLSEWKL,11814.555045871559
RWAGLEDVPHA,3671.876146788991
VAKGDLQFPKA,1583.2568807339449
QYYNSFRWQFEN,13104.720183486239
FSEDSVSGPNHS,2191.0733944954127
KPFWLFALG,21331.490825688074
VLPLSFGNKV,5543.371559633028
EEPRWFREPNKG,2395.761467889908
PKWANLGPKH,3072.9174311926604
WFGENDWKDAG,4168.816513761468
APEQDSG,942.7752293577981
QVFYWVRNHRVA,14378.52752293578
RQAQVAGDVSG,1252.7660550458716
HDHDVAQWKAQP,2107.183486238532
QLRFKDWKHS,3522.876146788991
DEYLVLPKLS,10756.160550458715
YWDHLSGYFRWA,15354.454128440368
LGWVFPVWHA,27470.160550458717
QEVQVYHVPYD,11057.995412844037
RSQPGQGRHV,2314.3394495412845
GFHEHYNVLS,7122.018348623853
FWGHGQAREDL,3290.302752293578
DVWNEYSFLS,19146.20642201835
PSFRKFEAGNH,3266.064220183486
GWNDFASFH,14463.463302752294
QFRQPDQEEWKL,2024.4449541284403
DNVHPWASG,3324.266055045872
WNFHYVGYWNA,16095.866972477064
HPPQASG,1235.4908256880733
PLSFNPASPHD,4147.912844036698
HHPGPKG,1494.4587155963302
FWKEFYVENS,9098.188073394496
FSGVEWFPWL,31310.133027522937
NYPFHSG,5634.747706422018
DNFEPRDG,1751.2706422018348
QQQWHRELG,2706.922018348624
PVPHGRNQEP,1336.7752293577983
FESQLQVYDLS,10605.399082568807
AWQWNQKS,3295.706422018349
AFKFRDPWDV,7646.036697247707
LSNKEYFNG,2567.178899082569
KGKAVFPWKDA,1694.545871559633
YSEQYQDAG,2373.3440366972477
KGGDGQKAL,896.697247706422
DSERNQEYWA,3757.0183486238534
PAWYHGFRYNHL,16476.54128440367
LGKVSFHQWN,6551.270642201835
AVYDLKLSG,3282.738532110092
KYRFHSG,3138.4266055045873
RGNKSRYSYS,3004.032110091743
KEKQDPKHVAL,1044.7064220183486
ALKVYAKHVG,4155.220183486239
HALHALGRNVSP,3589.316513761468
AQPHKEPVAL,941.5917431192661
FADYWKEWKA,3199.788990825688
PPNNNKDVALS,944.243119266055
VQPYLHSGEAG,1855.6788990825687
VNSFLDLG,4390.605504587156
ERDERNKSG,682.9495412844037
DLHALVQNKVG,1774.1880733944954
KEQLQEVLSG,912.848623853211
AHDWSNAS,2134.880733944954
PVDEFPNKHG,1257.0504587155963
EEQGNHG,1000.0366972477065
FFYKQKWNG,3155.238532110092
VFWAWQEPKH,6657.426605504587
YLAVLWLSG,22250.142201834864
GFESLYHDLG,9848.79357798165
EQRWSSFNVAL,13121.766055045871
NYLLFDSG,14551.137614678899
VNQHFEPWNDVG,3748.197247706422
QPFAGWGQEH,4112.165137614679
YDFHNDSEPYHA,4308.912844036698
DPSQSEG,831.0917431192661
NEAAGHDVAG,1247.532110091743
FLLRNAYWVA,13177.188073394496
DGNQWGRYNHVG,5037.233944954129
QQAQEDLFWVS,6078.045871559633
QRYPFEWKQYS,8429.775229357798
VWHSFPWPNDVA,10890.573394495414
VVDSKSG,842.4678899082569
YRVNREAG,2171.5412844036696
HSGNEPDENDS,1034.0779816513761
KWRWAWSG,9743.481651376147
HWYRWVALSG,14426.848623853211
GDGQVDSG,1576.394495412844
LYHSFHRPYNL,11688.155963302752
SQFKQREDSGRG,1531.98623853211
NSDLFSDVG,2805.376146788991
LREGLRDLSG,3629.8440366972477
KYASPFHALS,4174.371559633028
KHKPPYKHDG,1163.2706422018348
PRRVFPASG,2955.564220183486
KSRFGPYKHDL,3194.7752293577983
NDVVVLSYVS,48454.0
VDWLELSG,6110.733944954129
VLPHKGQREPN,1334.5091743119267
FEQQLQPYK,2863.8440366972477
SQDKPKHALG,986.5
FHLHEWKENH,3359.032110091743
KRNPWEPKHLS,2825.316513761468
PLVVRELS,9684.628440366972
KPWEDRPYAL,5063.4495412844035
YRVWSPNALS,9529.334862385322
RLNKVWSREWS,7688.09633027523
KQAEVNLG,1165.532110091743
HWNQQRHLS,5017.422018348624
QKPGNHQYWHS,3899.683486238532
LHYVQKHDVS,2666.4954128440368
YNQDQEYSFWHD,10673.935779816513
QQRFFRKHD,3668.4449541284403
RRFHESG,2614.922018348624
VLFNLNKVPKH,4021.059633027523
DVPFRNEWVLSG,6435.284403669725
RGRGNKGEVALS,1302.5779816513761
NFEGHVRPKAS,2951.8715596330276
RPYHEEYHAPDS,3709.935779816514
DLVDKDG,1218.6467889908256
AKHLDQFPWVL,13022.577981651377
VQLNWLSG,6936.51376146789
EGKKDYWLSG,1630.3623853211009
LRHAYADVLSG,4943.215596330275
HGFDPPKALG,2288.1880733944954
NKQVQRPASYHV,3103.206422018349
RFLGNSYWNAG,8516.821100917432
YRFYKKSG,3173.738532110092
WHNASPQHLS,4056.2798165137615
KEWRLEYWKS,5847.4908256880735
PAYYGYKHDVA,5480.527522935779
NHKPWAQNVA,2462.261467889908
FPLSAENKGFR,5029.876146788991
PHDSELYLGQY,11154.344036697248
FRKSKEPHFDLG,2453.967889908257
WQRDLEQNVA,2995.0825688073396
YHHAPYYKSG,4921.871559633028
VQHYGRLG,5122.238532110092
LQPPFNKVAL,3752.137614678899
PPYDYFRDVA,7117.784403669725
SRPAGVGFRWSG,7964.165137614679
QKRESPAFENG,1608.9174311926606
YAWYLFWSG,13287.348623853211
KGGVYKLG,2783.532110091743
KSKLVGYWNDLG,3976.935779816514
FFPNGGEPYH,6148.633027522936
RPVWWVFYAG,44151.036697247706
WWWSYHALSG,15872.311926605504
GKSVNKHVAL,1876.4954128440368
SYFQDALG,4899.5091743119265
GEWLLWAG,20561.633027522937
PSFVNREKHA,2448.729357798165
KAHWLGRPNKA,2130.380733944954
EVQYPHDEDA,1706.9954128440368
YVNKVRLPKDAS,2392.4449541284403
YQKFFDVALG,8818.669724770642
DNLHGAG,1819.7522935779816
HEEKDFRG,1295.8990825688074
PYAPFRPNFHSG,8278.339449541285
DLFSSFKHDV,5596.853211009175
KHQDGFLFRKLG,6829.536697247707
HKVFFVSG,22248.27981651376
KAVFKENHVL,2822.146788990826
YQPDLRVLENAS,3486.330275229358
ALRWSKHLFPKG,5875.633027522936
PWEVWVRPKHD,10199.61009174312
FKRYVSNFNA,6565.775229357798
APLEENLSG,1118.197247706422
GRFNRASG,3422.9311926605506
WGVKYVALG,16756.077981651375
YYSARKLSG,3724.302752293578
VFHDDGNHS,3046.1330275229357
DRAKDQHVL,1386.5642201834862
RANWHDFEPHSG,5116.59633027523
PKFFFRYKVLG,18614.922018348625
EYRYGAGQRENH,3550.288990825688
RPSVQRHGHDA,2526.183486238532
EDPRGQEPNKG,1003.6926605504588
HVWPNDYVG,8568.784403669724
AHGHLYVAL,21185.316513761467
PFQPHAQRDVAS,2905.0
EPFNWGYNASG,6629.288990825688
ASPVDGFPHA,2241.9495412844035
VSNQAPYWN,5440.857798165138
WYQSVALS,9960.169724770642
PGGRAFHDV,4135.376146788991
WYNQSEVLS,5640.977064220184
DSDEAGPYHSG,1750.8394495412845
DYKFEHWNH,4461.256880733945
VNWNPALSG,3938.559633027523
LEYYPWNDV,8345.848623853211
VSEGGKVS,1253.0688073394494
NVNEKVQNAL,1290.4036697247707
HDNGVGFKHAS,2723.4311926605506
PKAYVLQLQEP,7643.995412844037
YDPLNKWNDVL,5399.431192660551
YYKKSPHLS,3123.454128440367
PSLLVLG,25668.155963302754
YGAQGQKLSG,2220.0366972477063
AGNNFRDSG,2193.3440366972477
DPLFYWNGVL,21188.518348623853
KPYYDEWNKHL,4462.119266055046
HRRQWHDLS,5641.366972477064
LSANHLYWKHA,6438.123853211009
RKEDDFYNAL,2823.321100917431
APFFRLG,9847.69266055046
WGLRDVHG,7531.683486238532
SFYPNSQFNKG,4415.688073394495
GPRYSNLS,3331.651376146789
WDHQKDLFALS,8785.844036697248
REFPDFYVGPV,11238.711009174312
GSWDHLG,5322.651376146789
NGWSDAFEKDA,2964.353211009174
DKHFNREYKV,2268.6559633027523
VHDEEHASG,1185.394495412844
EYGVAGRGYND,4252.573394495413
VPEKFYWKHG,2787.0825688073396
ANSGQELWDAL,3709.362385321101
PYNLFNSSQDV,4789.160550458716
VGDDAKDVAG,990.9266055045872
VAAWRALS,7356.215596330275
LNNGESG,1479.48623853211
ANGDPYG,2051.7844036697247
FHEWYAPHALS,14012.004587155963
QLWFYQRHDVS,14046.45871559633
LFEPFWQEYWH,23887.949541284404
ESYSLKVAS,3039.435779816514
YEHKHPALG,2970.353211009174
LKDHPALG,1846.880733944954
RRLLDVSG,3635.8669724770643
RERKHGHEWVA,2603.032110091743
QKDADAPKDGW,1545.0550458715597
KVNLRHPYVAS,5127.435779816514
WLGDVLNENDG,4496.311926605505
VGPHHVGFRDA,4767.655963302752
SVWLKLG,12880.449541284404
RKKSQVQWNHG,1739.366972477064
RVKRKVSND,912.5917431192661
KYFDGYLSG,5131.197247706422
QDDHVFNKHVL,3944.743119266055
PYWFRHGYGQKS,7830.279816513761
FRLAFEDRNH,7661.440366972477
VPDHFRALSG,3038.1559633027523
QQEGAQREKL,1208.4311926605506
SAFSFSG,7702.082568807339
FYNPVLPAYSG,7599.922018348624
ASYQHVSPHS,3247.788990825688
HGFQYLSQWHSG,11838.821100917432
KRHRGNHVA,1808.6284403669724
HEHNGYNHG,3365.059633027523
HPEKELG,895.651376146789
YKSRPHNVRPDL,3112.2477064220184
RLWDNVLQWHDL,21067.89908256881
QNLGWFRHYWHD,20271.174311926607
NFYHNGFWKS,8886.922018348623
QREGLQPDGQH,1936.4220183486239
VKSRDDAG,1013.1926605504588
GYNVLNGRDLS,4633.165137614679
WYQHGWASG,9380.862385321101
NRKYFHDG,3972.0733944954127
RDDPGYKHDAL,2310.0504587155965
KPRNWHSG,2642.1926605504586
VLYDAYLKDL,9722.40366972477
PRGQNQNALG,2158.045871559633
RSHNLYNDV,4215.431192660551
FRHVHVRPRHD,5509.229357798165
YYGWWAG,12553.743119266055
HKWLVSG,5051.591743119266
KDRPPGPNDVG,1213.1422018348624
PVNFQKVG,2891.233944954128
EDKVLWRYDVG,6054.09633027523
FRWDWKASEHLP,6199.256880733945
YNLAKVLFREPW,17568.688073394496
YYWWEPSG,10916.371559633028
HDRQKHVFEWS,6637.229357798165
LDPHYLSG,4931.522935779816
YAPVKFPKVG,2599.2752293577983
AVAHRALG,2704.6880733944954
YAFNKQVGPVG,3349.261467889908
DKWHFEPWKDAS,3080.380733944954
VWSQKLHASG,2986.454128440367
WEYSNFHVAS,10006.151376146789
PVASYDVLVRHD,15078.325688073395
QVQDVFHLRNH,5205.917431192661
PANFASEKA,1251.9449541284403
KAELLQYNV,4467.463302752293
KWQEKKLG,1185.8211009174313
QGSQHSWNKHAG,1867.802752293578
PYGKLSRLEPDS,2760.9908256880735
NFQARYDVS,5576.95871559633
QYDLGSGDAVA,2006.0
FDEELEWNHS,4031.729357798165
KAKHNHLHVAL,3149.9633027522937
VPALLSGHDVAS,2425.206422018349
DLQNSRVQFWA,12275.022935779816
NAAQQFDVLS,3362.087155963303
SEWAWEHDVAL,10476.784403669724
SFGHREDG,2385.1651376146788
WHVLKGHARPNL,6382.587155963302
VRPNAFASWKA,4333.201834862385
VPSEFRLSG,2173.9036697247707
YQAAKALS,2241.032110091743
PHQYNKVYGQFW,15177.344036697248
NVDWLSQFRPV,10569.20642201835
FWKRRKFEYA,4893.733944954129
GFRPDFRRPYN,8674.605504587156
VQDPPYKDAG,1261.0642201834862
AKDKHNDVAS,710.9311926605504
VEALHSEVS,1864.5412844036698
LEYFPDANSG,3562.683486238532
WVKKQKLG,1747.8853211009175
YNNVYNPWDSG,8658.885321100917
VLPNRAQKSG,1378.1422018348624
PANAYARENA,1805.711009174312
RYWYQESGFPD,12751.325688073395
HNVAESWKL,3083.353211009174
YFRDVYWPNKVL,12925.54128440367
YFNSPNQHDL,4776.720183486239
RGLSKHEKHV,1401.9495412844037
KDWFSPYL,13046.288990825688
LHNDNHV,2566.880733944954
LHPRALG,4186.481651376147
RLYKYHEYS,5823.697247706422
FVHPNDAREYWG,10109.935779816513
PYRGNKAYNVG,3448.6009174311926
DFYVNALRLSG,14280.266055045871
WLFKHVEHLGP,8374.779816513761
QLYRWKNALSG,5160.073394495413
GAQHWSG,3647.376146788991
ASYPDFREYHA,5396.201834862385
VGGRVRLG,4240.160550458716
WVARLLSYNDG,13925.073394495414
RHAPGQYQFHL,8575.614678899083
QFARYHFLPWN,19316.967889908257
KYKVVQPYNDG,3479.169724770642
PKYYWVSWNK,7826.642201834862
QYSWPNKALWNG,6609.247706422018
PSQRRYSFYNG,7726.922018348624
NPFHKALG,2596.52752293578
RHHNLWALSG,6650.518348623853
NGAHNKG,1143.4036697247707
SWNNYVG,5354.4908256880735
DSLPYKANLSG,1906.4633027522937
SKASSKAG,733.1192660550458
SGPGAPNKHDL,1202.2018348623853
PNKVVENDQYWV,3838.6284403669724
NQQYFRALG,6916.325688073394
VESKKSG,714.0137614678899
WAADPWG,8818.114678899083
YNYAWKLVAG,7205.146788990825
APQFAEYLSG,3880.701834862385
NWNAWLRKG,6521.004587155963
QWNEWNHHSGHA,4176.637614678899
VQDDAEVG,850.4816513761468
PKQKRALWAG,1674.6146788990825
DLPGYHAEYNS,3211.743119266055
FEGFRWQYKWN,11122.302752293577
GYKHYQPYKH,4076.5550458715597
DSQKSASQWNHS,1467.5642201834862
VGAEDAFWKDA,2097.853211009174
GEKQLSPYNK,1392.866972477064
PPDLLYALS,6364.495412844037
VLWFGYDG,14223.591743119267
PELLWNHDVLG,6977.651376146789
YVWDHVFWNHL,19206.889908256882
KANEEYNKDG,800.5275229357799
QHLASFRANHAS,3466.270642201835
NQLAFPG,2682.683486238532
HFGFGKASG,2796.2522935779816
ALWKGHFVAS,6126.206422018348
ANGFSHSG,2230.97247706422
RHVSQVPNLW,7829.1100917431195
LGAAASG,1283.5871559633028
QYQFNVRWEWK,12555.009174311926
SYNYFWNLG,7328.215596330275
VRPKFLRPNDV,2720.0412844036696
VQRAEYKLFNS,4385.692660550459
QKAPGFPREKDA,909.1559633027523
AERFALG,4261.394495412844
VPYEAQPLSG,1788.788990825688
AFYQGEYWVAG,11112.321100917432
FKQKDVGDGHD,1232.8623853211009
DQHPDLFYNH,6042.935779816514
EKPQEWDEVAS,1170.3440366972477
ERFPYQWG,8714.036697247706
DQKRSREPYHS,1658.4449541284403
NKRKAHENKLS,688.9311926605504
YFKVHREDVG,2726.9587155963304
LNVGPSYDVA,3565.321100917431
VREVVQWNKH,4103.678899082569
FGDLVSVS,6754.160550458716
QSYDHVYWNA,7452.651376146789
VAFYPVQYWKHL,18962.871559633026
SGEPWENRYLS,7628.417431192661
WGYHFKEYNKS,4603.307339449541
PSFPKDPDFRPK,1564.3394495412845
KPHDHAQEPWG,2192.7752293577983
HKQNADLSG,940.0779816513761
LQLGQNRWS,7164.729357798165
YLWREGFPKALS,7739.0504587155965
SKQWKYLSG,3098.793577981651
VVSNVHAG,2224.5091743119265
EQDSGARLS,1040.8211009174313
HHVKDWASG,2283.233944954128
EFWYQRDG,9204.275229357798
YGLYHRKG,4077.623853211009
WYNVFYWNRPDA,13520.188073394496
EDREEHVLSNH,2002.7155963302753
HGLDGASG,1957.1284403669724
ENRGAGEPDA,1066.467889908257
RAYHAPFWKV,9703.334862385322
YLREFYVLPKD,19372.655963302754
FWFQFEVNKVL,23944.495412844037
WRKGDGRPWV,9603.160550458715
GDGFQWSG,6120.325688073394
YGQGRPYNVENK,2765.2522935779816
KWPAHALSG,3395.1146788990827
KNNVDALSG,1134.2935779816514
YHAAQRFWHD,11477.821100917432
PDSNQRVFPYH,6635.362385321101
HPAEGVAS,1015.0642201834862
SYSQPKKHG,1505.7706422018348
EQLYKKLS,1692.940366972477
LNVAHSYWNV,10959.770642201835
EKVGFWHDADAS,2906.3256880733943
SWELNALS,5816.853211009175
NSVAVQEPKVG,1042.8532110091744
RASQPEYGRHVS,2211.7752293577983
LFPHEEPWKG,2992.270642201835
AKWNAGALS,2176.316513761468
LNKKEDAG,706.5366972477065
KKPVDVSG,816.0091743119266
YAKPLYWNDAG,5629.646788990825
YGRGGPWDALS,7755.733944954129
QRWVRWNEGQK,3987.4908256880735
RVHYNVNHDV,4066.802752293578
KVQGKLPWKVAS,1940.51376146789
WDFVKAQFEHG,6954.912844036698
QSRPHGNGRAS,1849.7477064220184
VPQNAHDSG,1265.1238532110092
SQPQQREPYL,2183.9633027522937
VEKQFARNL,3507.697247706422
REWGHLGNVRG,5550.761467889908
AHANYNVLSG,3199.880733944954
DFRRRKVAG,2248.270642201835
YSAREYRYVS,9507.30733944954
VAQYFRLSPWHA,20615.02752293578
NFNHGYQPWD,15571.252293577982
NKKWEDVG,1412.2660550458716
DAFFGRPWKHV,9989.69266055046
YFHNGEVALG,4549.311926605505
QQGFGFLG,10172.5
FVLEAEKYNL,7868.885321100917
PNAEYDYSNKG,3053.7844036697247
WVQPPWVPWNLS,22970.61467889908
NQYPQFNS,4120.701834862385
KHEDFDGFEPA,2192.1605504587155
EHARQWKLGWG,6856.09633027523
PAQYPKVFKHLS,5350.073394495413
EGAGDSYWVA,3610.0
GFQSFYHDAS,9014.669724770642
HFRFGPNKDA,3338.9495412844035
RREWWDNDVAG,6823.862385321101
ENREAGKVSRK,822.6651376146789
VWQNKFKHDSG,2473.3669724770643
SYALPVQFAS,12943.80733944954
YHEHRELGHAL,5132.05504587156
LPDFVEHDV,3060.0045871559632
HYWEKSFPNHV,6591.027522935779
ASVVQYVLSG,18794.54128440367
PPEVEPYHAG,1831.4724770642201
HKPHWHASG,3264.1146788990827
AVGYRKG,2223.0137614678897
AWKKPNSG,1377.1559633027523
DWFAHVSG,8511.619266055046
VLKWLQDVL,8735.990825688074
WGDVSNQHVL,6338.371559633028
NAQSWNKDPL,1826.151376146789
VPNDKGQYKHDL,1496.5550458715597
LFQRFYVSG,16633.41743119266
FWQKQFGQND,4188.784403669725
REPYDRFEDGYH,8486.98623853211
GHFYDDLG,8470.830275229358
LAFWEVLS,22220.91743119266
HYDGVGEAS,2183.045871559633
VPYHFRWFVASG,22783.830275229357
KFNAYVAPAL,5882.954128440367
WYHRNRWDLS,12622.990825688074
SPSEFNSG,1583.8211009174313
LFVDENLSG,4447.54128440367
GWLKSHSG,3919.669724770642
DNFKDPG,1276.3761467889908
QAPKGFPSWS,3730.47247706422
LSWDGRPNVPVS,4555.197247706422
WALWARWFRYW,24565.344036697246
HHQARNAS,1972.454128440367
EVKKPYHDVSG,1231.0688073394494
FFPEDPWHVG,6135.848623853211
QGAFQRDG,3091.1926605504586
QRDKSFRGYHV,3663.1146788990827
NFHEKEPLG,1762.3394495412845
WRHFNNVL,12245.29357798165
NDNQFAEHDS,2418.912844036697
EVGRWQFRLGH,12010.720183486239
ADVGYYNKDVS,2515.8669724770643
AYHSLFYWNDLS,14852.926605504586
LYVWGFRSG,14105.56880733945
YQQGPDG,2186.9036697247707
PQDVAHEWND,2986.151376146789
GVQYNKYS,4182.45871559633
RNHGHVHARHAS,3038.651376146789
YRFWFRSG,12377.697247706423
YFQYFELG,19359.51376146789
GNDNGYSG,2361.032110091743
WLSKEYHRSG,4398.385321100917
DAGEYRAGPWH,9338.137614678899
NASVVSQWNHL,5899.266055045871
LNHDNVLSQYWK,7201.316513761468
RNEDWAEKHDA,2168.1880733944954
LFVPSYNDV,7272.642201834862
FFAYYDSG,5258.087155963302
PGHYLSNVAG,3911.1743119266057
SLSQYDQRNAL,3865.288990825688
KYREKHHDV,1553.8990825688074
PNHVAYKSWVGQ,5519.178899082569
GEYELEYASG,5790.871559633028
WEKSAFYWVS,18229.169724770643
GPGSEPG,1139.4724770642201
KLQPLFWDLK,7253.256880733945
SPARQRVG,1755.8761467889908
FDVDHAYWS,10268.894495412844
ERLKQKVASG,1040.408256880734
LKDKHWHG,2465.4633027522937
DKQVKHG,808.9220183486239
PVYHHDEVALS,4733.082568807339
SEPLSLGRYNAG,4005.587155963303
SKSYAKVLS,2583.2247706422017
KQQVPDSG,893.105504587156
FYQDHEYWDS,10321.559633027522
WHFSNFRPWDA,19045.403669724772
PYNNPNVYNKA,4462.871559633028
YQDVSVFYAG,28862.825688073393
GNFKGNVSG,2042.2247706422017
QRQSKDPYDL,2081.201834862385
HAYLVSFPNV,30883.376146788993
HWYFALG,16917.325688073393
HGGYDDLG,3634.2247706422017
RKYVSDPWKHL,3958.9954128440368
HYHPAEYWDVA,9461.284403669724
EPRHRNAYNS,3134.256880733945
VDDSQEWNALG,2804.330275229358
RNNQLQYWKS,5074.027522935779
YVGAHGQRENDG,2177.9036697247707
AWVHGNLSG,4857.8302752293575
LEWVLLFDG,33277.435779816515
QREEWHRKFREA,3076.5137614678897
LDVNRYAG,4139.1697247706425
SNKLLQVSG,2247.5688073394494
QAQWQFDVRNK,5261.619266055046
SFDWHRPYDVG,10271.050458715596
EVFQSWKDLS,4107.3302752293575
FAAAGRLS,4356.545871559633
RWNHGHDSYDHG,4464.825688073394
AHSRPEPWKA,2718.233944954128
GWQYEWG,12892.422018348623
EGPDHDGEPN,1149.0183486238532
HGGVVLG,3462.1284403669724
DSRLVRPYNG,5518.454128440367
SLFNHRG,4653.9495412844035
KGYFAGREWND,4890.802752293578
AEPSALGEPNVG,1442.1009174311926
PGQAGFWQVLS,14600.467889908257
KLRWKQVLFNH,7932.724770642202
HPRYFRG,7527.674311926606
HGKYRKVSG,1675.4495412844037
DEQAPVG,1200.9357798165138
FLWFHGREWS,14939.848623853211
FAHGASASG,2211.6100917431195
YPKVVAFYKHV,16739.15137614679
PRWGLREPHVL,10272.573394495414
QWQWWDNHDV,13625.830275229358
VRNSASRYNSG,2730.853211009174
RQGPLSKDG,1696.2568807339449
PEFNLFKG,6079.922018348624
NLYKGFSQRKS,3133.908256880734
HPPKQKHDLS,1157.8899082568807
EPGLHFYWNVL,20955.06880733945
PNNWAGPDV,3223.623853211009
HNPGKHVAS,1551.4174311926606
KPSKFNSG,1044.880733944954
YHDNYKVFNHDA,4185.922018348624
FRFDRYKASQAL,5377.018348623853
SFLKFDVSG,8469.197247706423
ESKYWKGPWA,3947.766055045872
PGSWSQFNKS,3686.0
WLFHQHWDVG,12828.711009174312
RYEKFKSEPAL,2286.422018348624
AAQHNDALG,1463.1146788990825
QGFPVWDAREYV,11232.334862385322
EFRQNSYWHAG,6371.8302752293575
LFDHDQHDVA,2969.1146788990827
HSEFKSPYDVS,3241.8577981651374
DWKKAHALSG,1662.7477064220184
VRLWADVAG,6032.8302752293575
FEFKPLQYKHAS,3717.4770642201834
FNELRRPDVAS,3505.7477064220184
AYAQWNNKASG,2421.8899082568805
RRVPHFNKHDAG,2502.3073394495414
WKRDVFDSRPNV,4770.316513761468
QEEVVGEYWN,3432.1651376146788
EESLQEG,946.7293577981651
LQWAAQWNKH,6313.651376146789
VAVPKVLHDG,2572.8256880733943
HNKKQYHL,1998.2431192660551
QNWVDSKDLS,2277.821100917431
EVEQRPEYKHV,1847.8165137614678
NHRRKHDLGKD,1336.0550458715597
DNNDHLSG,1547.119266055046
DPSHNDVASG,1147.3853211009175
AYARFDSG,4258.917431192661
RKFYVRPVWNHA,9101.04128440367
VYQAQHVLSG,3490.6146788990827
FPLAWNSFHD,21154.669724770643
HNQGVLG,2172.6284403669724
HPSLGESG,1089.2935779816514
FQFEFEWKAKG,6396.9495412844035
HDPSGQDVSFK,1476.9357798165138
SRNPEKHDV,1190.2706422018348
GAGFQVLG,5063.321100917431
DKYWDYG,4962.834862385321
NQEVRHRDSG,1938.6926605504586
YDVQNKVGQPWW,13212.788990825688
KALKGEWVNHA,2540.6284403669724
RRYWWVAQDA,8374.30733944954
AREASFVPHDG,3225.788990825688
KQFYDVQLWKA,6603.834862385321
GPGYQNSG,1588.2339449541284
KVPQPNREPKG,902.7981651376147
ERRHAYLG,4227.756880733945
NFYVGFVPWKG,19137.954128440368
PRYHYHVGFNAS,9681.261467889908
LPVVKVG,2149.5
LPAVAHSG,1796.133027522936
RGSQALYKVLS,5546.119266055046
QVAWKSPKFYN,7232.848623853211
GRNNLVLS,4330.4495412844035
QPGVRDAFKAL,4623.922018348624
WFSYWSWKHVLG,12920.178899082568
GQNPYKRNKHS,1579.573394495413
WAKASHFHAL,7689.128440366972
VEGNLRLS,4011.201834862385
NNQHKDG,1105.5
KRGEPWHKVAS,1839.3394495412845
SWEPAPLSG,3029.151376146789
HNPEDLSG,1235.8119266055046
PVAYQKDLEYA,2829.564220183486
FFDHAFDVA,6538.0504587155965
KWSLPDAS,1821.0091743119267
HEWHDLQHSHL,5359.394495412844
KKYSGRG,991.5183486238532
HAKEASPYKS,889.5825688073395
AEAKELSG,583.0779816513761
YEVPENDVAS,1787.7660550458716
SQSLENALSG,1439.7752293577983
QVLNNLRVSG,4613.880733944954
KYVGVWSG,4913.1100917431195
EQSLGNLSG,1026.1146788990825
NRLAQEYWKHAG,3378.6422018348626
PQNAELGFPKV,1737.940366972477
KVYDGRHARKH,1805.7706422018348
QGWVFKLRPAG,9967.229357798165
AYNELEKHASG,1170.98623853211
ENSNWVAQFN,3327.587155963303
FYWRGEYRKDA,3410.9449541284403
QFFFHREPKVL,6613.628440366972
RDNEPWQYNALG,5021.477064220184
WGDSLSFWDA,14192.160550458715
VLDVNDFYWA,14111.087155963303
FAHYDRNDVSG,3025.738532110092
VKSQNPNSG,970.2706422018349
HDKVASQQPNS,1061.2568807339449
GYHWVFRWH,17186.1376146789
GRGKEPAS,870.316513761468
EADQWKYVAS,2191.8119266055046
EAWLEYPYNS,9961.211009174312
GDVEYWQHDVS,3913.6422018348626
PVFHGKAENDV,1746.7935779816514
EFNPNQENAG,1422.8211009174313
SDAGHPHLS,2459.1330275229357
VGAFGPHDS,3142.802752293578
DRALVQFEDVAS,5152.1100917431195
ESDQPRWKD,1583.545871559633
WFFDAFREHSG,8384.56880733945
ESYSRLGSG,2135.52752293578
PQLRRDVSG,2171.5045871559632
YKQAWNVAED,1883.98623853211
FRSHKDFNHAG,2718.3394495412845
AVALSFFVLSG,41246.949541284404
ERVSLGYWHAG,7038.178899082569
KPLKVDLSG,963.9174311926605
HRQVWKALG,3912.7155963302753
QELVWHDFRPHS,6524.614678899083
FSHHLWVALS,15024.848623853211
DVKWGQYWHDS,6774.206422018348
KSHRVAGPDAS,1215.940366972477
RDAKQRYANVAL,2898.9862385321103
HYAEQELS,1903.802752293578
AFWFAENKDSG,4501.844036697248
ELSRELFQEVS,4849.440366972477
PHKDVFHGEYD,3879.770642201835
LFPRDQREYND,4141.119266055046
AHQKWKHVSG,1637.5504587155963
VQHVPDRKLS,1514.380733944954
FNGGPWSRPAG,6091.683486238532
SHHQYLSG,3508.4587155963304
QAREQPWHWDLG,11636.279816513761
LDAGQSEWDG,3255.9633027522937
WGVQPDASHAS,2970.3669724770643
QWLGHQWVFKH,15383.669724770642
ESEFKVQPHVA,2133.233944954128
AFGWRYSG,9616.995412844037
VKDENEWG,1565.0779816513761
PPSHEYLS,2069.1605504587155
DFQGYWVASG,6893.45871559633
YDPSGKSEPNHS,1261.8211009174313
GRLFWNGKLG,6328.252293577982
QYLEREDQSG,2069.6880733944954
REGNLQYASFEK,3563.876146788991
KPYDRGFALG,4300.59633027523
NGNYRELG,2947.669724770642
EPYSFRPLSGAL,11550.275229357798
EDQWAQGYKVL,4887.275229357798
SEAARHVSG,1746.2018348623853
EEQDHALS,1167.4036697247707
PNSLYKLEHG,2652.440366972477
RHAWPKGRYHG,4796.977064220184
PQKFQPNG,2026.8119266055046
EEVAWPVSG,3262.587155963303
WQFFYREPNK,10854.587155963303
DLHPWLQENA,4202.98623853211
FDAEGEHDENK,1239.9587155963302
WVDASYEPWNV,12910.862385321101
QYHFDNDPYHDG,7611.073394495413
KVLSLPKLYHVA,6615.825688073394
NQPVDGRNVG,1784.8073394495414
PFPEWEPYWV,20332.357798165136
QEQRYDPLSFPL,7693.954128440367
DVPVRALQALS,3479.0137614678897
HHRHNDG,2088.9862385321103
HKAYDNLSG,1786.467889908257
RWHHSALGNLG,5458.770642201835
GLPNGYWNALS,8426.151376146789
HKNHFSG,2135.623853211009
WRYLWKFDVG,12628.944954128441
RYHARKGWKGR,1884.8440366972477
KWDNLQHDL,3725.577981651376
SENGPQYNLG,3176.288990825688
LGFWRNLREPL,12608.183486238531
GHGRDQVG,1698.894495412844
DVPWAQVSKHDL,3103.853211009174
PWDDKLFKLG,7014.651376146789
NDPSFKHASFYK,4760.573394495413
RWDGEKQFKSFK,2586.2798165137615
KWQQDVSG,1661.5
RSSDYLG,2553.02752293578
FEVVYNKFPYD,25234.256880733945
AENNSEKVLS,1406.2614678899083
YWSWLQWGREYG,16242.45871559633
NNHQVHDSG,1982.7935779816514
WVQRYDEHYW,20971.463302752294
LRGGRPLSG,3589.766055045872
YPRDDAG,1864.1009174311926
VKLRWQFHVAS,10430.142201834862
RFFLFWDAS,24196.064220183485
DAYFFDALSG,14631.128440366972
HDFDRPSFNHG,5511.738532110092
YFDRFNDL,8813.747706422018
SVFKQDVLS,2676.0045871559632
HFPGLSYVAG,9250.949541284404
QQQHEYLG,2375.243119266055
QFKYENKEWDAG,2298.8073394495414
AHNHRKDSG,1235.394495412844
VRSFDYLG,8087.105504587156
SKHARAFPLG,4369.55504587156
RAPPYWLVA,18685.298165137614
WSLPHPDG,5823.215596330275
NVLKREYSPNVL,5170.3302752293575
HWDNFKVS,6701.697247706422
VHVSDWLS,6676.605504587156
DPFAPVALG,3486.064220183486
PLQYLQYVAPKA,11552.325688073395
YQGFDPKDV,2592.0825688073396
WKQLKDFWHVS,7152.51376146789
VFRQQEDS,1791.5045871559632
FYWVFLQWSKV,13949.288990825688
SEDRHDWALG,5172.371559633028
GNVPEWG,3024.47247706422
PLSESKAYWL,11003.87614678899
RANPQRHVAL,4303.54128440367
WRVAGHVQEYNG,6242.697247706422
WPAFEHLNVA,8850.697247706423
HSGHFKWNKDA,2484.3394495412845
RKLYLEWDFRH,14991.848623853211
PWHDLYARDGR,10578.08256880734
VYKWHFKV,7838.321100917431
NGWQWVPHG,9276.238532110092
NNQEKEHVAL,1180.0871559633028
YEHSYYKVAG,4215.637614678899
GPPLEKDVA,928.9266055045872
QDLEDLFDLFED,4058.4311926605506
RDYLFHDAGRYH,8844.756880733945
GASGQNWHDSG,2532.6651376146788
QPWVHAPNAEPV,3341.3394495412845
HEVRHPNKDVA,1690.954128440367
HNYLALG,6938.977064220184
LHRYEALSG,4628.885321100917
RHFRFWHVLNV,18067.784403669724
RDRLFVSFNKA,12960.142201834862
DEFKAVSG,1541.9357798165138
NQENRWHGENDL,3512.169724770642
YLKAQRWEYNVS,8716.949541284404
PKRDRYSAG,1562.2477064220184
WEWFLFYNDVS,20113.77981651376
FLSDEWARNVS,5164.05504587156
WGDYVPDS,4897.174311926606
EPLWFRHSDVA,9510.252293577982
KYFGPWLS,10769.178899082568
ERQKNDSG,850.4587155963303
FVPQFHADL,6413.614678899083
DKHYWWASG,6203.788990825688
KQQHNVSG,1459.454128440367
LEVYVRYLS,32997.5871559633
QDYPYNLWAS,12694.064220183487
HALAGWQASG,4696.715596330275
KKLNHWDL,3281.146788990826
WSSKFPLG,6768.243119266055
GDAKNKDALSG,867.6330275229358
NYQSPDLSG,2155.4816513761466
LLPNPVG,4211.077981651376
HGEDLSNHRYH,5454.44495412844
NLRAFEYASDV,10137.701834862386
LASESNSG,1365.4633027522937
FKGRVFLPWVAL,29367.403669724772
LNQYFDG,7994.362385321101
VALYPDVLSHG,8182.834862385321
EEYGNGQRNL,2876.137614678899
KVADVFPAALS,2646.348623853211
SYDSYWRYNKG,5364.793577981652
PHESDQFEYWAL,13954.97247706422
PNEGKDPYDV,1594.288990825688
PNHQPSGKDRYA,1547.2660550458716
EVHHFEHALS,3731.876146788991
WAAYRYSG,10624.252293577982
HAFPGYAKDS,2530.7477064220184
YDAHVQYAKALG,4562.8302752293575
RNPRGQPWNHL,6649.408256880734
DREKENAYHSG,1446.908256880734
KVEDVFPPWDS,5992.715596330275
GNFRSHG,3975.8348623853212
RDNFDSKDAS,1514.665137614679
PQDNARWHV,4958.408256880734
GREPPYGYDA,5386.036697247707
RYFFEKELG,5824.697247706422
VQQVLWVSG,12431.761467889908
YHKRKARHL,1906.454128440367
RLQAVSFEYND,17431.770642201835
RNNVFAQEPYH,7977.876146788991
HHFRYPWNG,9183.981651376147
AGHFKQEHVS,1780.2660550458716
YLQLHASEVL,7098.6697247706425
LRLSHPDG,3786.9587155963304
QKSQHASWFWNL,11609.743119266055
LPLESHVSG,2105.1605504587155
PDRHVPEKVLS,1727.633027522936
EQSLEPDALSG,1209.6238532110092
GWHHVFNVLSG,14694.591743119267
LVSERLG,2647.9587155963304
WPGGHLSG,4367.224770642202
WHGSDSFEWNAL,10636.036697247706
KSPDVRLFENS,2252.6880733944954
FLPYWQLYWKL,18748.24770642202
QAQWYWNENL,13123.045871559632
FDQWKWDFWA,21000.270642201835
QGKPRWHSG,3491.3577981651374
FQEVHDAFRKS,4700.311926605505
NNSVEYLSG,3429.3990825688074
RHVPVPYLSYAG,12923.995412844037
AYGFQKSG,3220.0825688073396
LPKFNSFPNS,3091.064220183486
DGKANYWDA,2753.922018348624
YKYEWNWKLG,6831.623853211009
KNEPGYAG,1472.7706422018348
HDWAKHDFNHLS,5654.839449541284
RYHAALYEWLS,16785.43119266055
WGPYHFSGFAS,21742.133027522937
QHHLREYWQDS,5885.321100917431
ARLNPYG,6182.220183486239
KPAFDPWAL,5865.385321100917
EELYNFNVAS,6412.412844036698
QQFAEALENVA,2380.756880733945
DHWNSRSG,2989.793577981651
RSDRAGAG,1572.0642201834862
HKGDKLSG,991.9266055045872
GDYDKVAS,1240.7431192660551
HWAPPALG,5839.311926605505
RNPQGRLS,2172.9587155963304
AYQDPVLG,3015.3440366972477
YEDSLYKLSG,3941.5229357798166
LHGELKLG,2578.380733944954
APLHSPDVS,1367.6834862385322
GPYDLALPNKD,2155.577981651376
HNWQYHDV,7160.59633027523
FSENRARVS,3797.7752293577983
LKEGNSG,1072.9174311926606
VHYHDKSG,1674.0550458715597
NQEWHNDAEWS,5527.40366972477
SEFSQHG,2501.9816513761466
QQPYKQAQNV,1399.940366972477
SKLHLVLS,10471.11009174312
WAAVLWDVLS,26109.15137614679
ANSGGALG,1546.9220183486239
WRKGRHQKSG,1511.0183486238532
AFWYVKSG,10499.481651376147
RPPNHPLGWNL,9823.385321100917
FQFWNFNVANKG,8333.38990825688
YDALGHYVLRYS,19025.95871559633
YPKERYNS,1940.5963302752293
WSWVNASNKAS,3772.197247706422
VSKWALEPNLG,3243.8119266055046
GHPLFVAG,10021.128440366972
NVSYKAQDAEYW,5750.6697247706425
SPKRKGQFKHD,1194.573394495413
DLSQFNVPSFPW,17794.871559633026
DRSLRDLSG,2130.435779816514
ALLYEDLG,8517.619266055046
KQKRYHPYVAS,2579.169724770642
NAGEEALFWNHD,6006.032110091744
HNWEPSG,3035.9862385321103
DFSEHFWLSG,8854.197247706423
AYDPRWDALG,6344.288990825688
YVFWQVGQPNH,8796.97247706422
HWDVVWNASG,6793.142201834862
VQSENGKHDVA,954.302752293578
WHFALSSQYKAS,7565.775229357798
PYNDPDQGFPWD,8383.729357798165
LFNKQYSWVLS,10226.899082568807
GEAQRGASG,1574.366972477064
ARVRVQNVALSG,3699.9266055045873
HWPYHWSG,13823.146788990825
NVWNSYQFYHL,21982.174311926607
RNRSLQNKHDV,1810.454128440367
WQPHFPVLRAL,25335.51376146789
EFVENENS,1578.7293577981652
FPQHLSRQRHVG,5048.922018348624
SVYDNLSG,2643.4633027522937
AAEVSNDS,990.1330275229358
DWSNLEDG,2694.637614678899
VPWDDVKHAL,3056.233944954128
YEWRGPNKHLG,5318.756880733945
SGEWPDRPWHVS,9904.04128440367
GSFAQFENDVA,2714.201834862385
WEHGHRDVLG,5563.165137614679
EAQADSGDAG,782.0045871559633
YKYKWDREPS,2104.5045871559632
RPAWEPAEYS,4485.298165137615
GFNHDESEPAS,1289.165137614679
PASWQWNDNDAL,5251.123853211009
NHDENSGDQWKH,1745.9357798165138
DHDNYAG,1796.6238532110092
QLFYQNDFWKL,14143.238532110092
PFPNLKDFKAS,2029.619266055046
KQFEWEYLRHL,10629.09633027523
SNVKGPKDVA,1146.5825688073394
YNWGESNASG,2247.6284403669724
FVESYHWKDVS,4612.454128440367
SDHLGWS,4228.977064220184
EYQWPNDQWD,7606.4908256880735
LVSWFKSG,6015.422018348624
HHARHEPYG,2710.761467889908
KPVWFPYKHDVS,3561.9908256880735
WLASVEPYNDVL,11402.252293577982
VHFKFYSG,7924.192660550459
DGFHPVQKG,1590.5045871559632
WGSHSRNDVL,4412.821100917431
HNQPLWVLG,9752.963302752294
ELGSNVSRH,1981.0183486238532
EQSNQESG,778.9495412844037
EWWLGQDPWH,13234.798165137614
LGSKWNG,2194.605504587156
DRSAFHSG,2177.1651376146788
HGDARWNGFRHL,9000.334862385322
FSLPFYSG,9012.275229357798
PLVFGQRWNDSG,7452.045871559633
AYNGFVEWVL,21809.243119266055
NDQVYAYHG,5683.068807339449
PDFWWALSKLSG,11903.233944954129
DAHVKDFPDL,2069.0045871559632
NASSFVLGWHVG,12605.151376146789
NFHEPAYKDLG,3379.802752293578
QPVSLGRPAFP,6586.174311926606
VAFYENDLDAL,9769.353211009175
LGSGRAEDLSG,1513.9220183486239
QHAVWSRKHDA,3020.1743119266057
PVNVWVRDVG,9666.229357798165
PLFLNKAEKDA,2349.1651376146788
HFARLQNS,3357.6880733944954
NFSDKASG,1562.288990825688
WQKNVLYHVS,9708.073394495414
NYFEVEPALS,7069.243119266055
FGSLENVL,4516.316513761468
LQRSFYVPDVS,9160.56880733945
VSYSESWAG,4049.1146788990827
NLHKLQRPHD,2818.197247706422
KEHQHRPWHVLS,5824.701834862385
HFRNDPHFPSG,4604.160550458716
SRSPYQHSG,2929.211009174312
KAFYASQWLSFH,19406.940366972478
VKVNLWLG,12016.08256880734
PLDALPSNKAG,1727.288990825688
WAFVRKEKLS,4634.917431192661
EFNDRNQHLS,2538.201834862385
YKKHQVLGREG,1528.697247706422
KYAGEKSPAL,1187.7844036697247
WLFQREDADL,5878.504587155963
FLYQWQREPVG,5766.036697247707
VKDADHVSG,989.0963302752293
RGFVWAQPNKG,4767.5504587155965
FDAELGHPHDA,3350.440366972477
RHPLNHDYKDL,2695.211009174312
DVPKFAQNHAG,1636.0275229357799
FSRFQPWNKDV,5323.229357798165
YGSASREG,1520.98623853211
VLGNNDGYNDS,2632.8348623853212
YQAFWAWNHVA,14475.04128440367
VYVVHLSG,18257.577981651375
RLVVHAG,5606.55504587156
YHHQKDSPNLG,1601.1422018348624
SAQHFRYWNAS,7132.995412844037
HWPSGQLG,4938.087155963302
QYPFDSENV,3223.97247706422
HGWRLSRPHLS,9751.637614678899
EREPQALYKDS,1560.9220183486239
PQLVSDG,2121.1009174311926
AYYVVLSG,36746.522935779816
YYSEPFNVG,7177.261467889908
HPKKSYKHDL,1278.8211009174313
QFNGHRELEHAS,2113.5688073394494
WGVHFDVG,12893.12385321101
NHWWYKHDASG,6484.229357798165
NHSNYKGPVS,1651.197247706422
SERNDQRSG,1562.01376146789
VFDQKLQENH,2205.954128440367
NFWFNVQPWL,35474.2247706422
DWAWDQPYHLG,16122.711009174312
WYHFYVFYLG,10167.004587155963
HPAFHNVG,3334.3990825688074
NNQDYALG,2544.669724770642
KVFHQEAQLSG,1656.5183486238532
NHDSANKDHV,964.348623853211
VDVNQKDLG,1090.8761467889908
LQSRAQYALSG,4416.229357798165
HENQEHEYAS,1735.4220183486239
DGNSERNLG,1365.9954128440368
HRVELFPYDAG,11462.467889908257
PFLKSQLSG,4394.247706422018
FAFRPPAHVS,4193.935779816514
FNAPASVGNV,1752.165137614679
NVLKAFEFPVAS,10162.545871559632
NLDAPLRWHL,14549.770642201835
HKLDWDSG,2613.9954128440368
DRLPLRDG,3359.6880733944954
VKWHVNLSG,3901.8899082568805
WWPNYHS,14667.385321100917
PENASDAFYWKH,6541.834862385321
YYDASHLFRPY,11653.701834862386
YLEQPHPWHDA,9106.0
AEVNFYDS,5460.0091743119265
WQPLNFNDVL,12788.155963302752
EAQPKESGPYNH,1185.394495412844
YGAQEGNASG,1311.6926605504586
FANKEPFPKHAL,3197.0
NPKPKWVASG,1947.5963302752293
FKFNHPWGQWS,14978.885321100917
KVRHSQDFVL,4461.284403669725
KPRGVSG,1253.7844036697247
NSVYKQPYWHVL,14207.211009174312
EVDPFNLG,2789.816513761468
LWVKEYSG,6501.0091743119265
FAQERHFPYNHS,7798.54128440367
WVHPLGPYWAS,24089.70642201835
FHGYQWKDLPHD,6021.091743119266
KDYRHGRPVAG,2417.123853211009
RPQLALGPKA,2704.298165137615
RPYQHDALKQWV,7542.954128440367
PFFHSRVALS,14172.720183486239
PFVERPDG,3847.270642201835
GQQFWDFEYNS,14963.926605504586
HYKYARHG,3654.3119266055046
SKFWRALS,6635.311926605505
RFKDELRPL,3426.729357798165
WQVWKFEPNHG,7273.114678899083
NPEHDHSG,1300.0779816513761
ERPLKHDRYWV,5846.151376146789
PQVEVLKDVA,1589.5045871559632
WRYGEWQVAL,18198.160550458717
YQPKQSGRYNK,1906.7660550458716
SRHHKHLG,2341.770642201835
ASKNDPNHVL,1666.3853211009175
NAYGRAYWLG,13972.12385321101
RNNLWQEYNH,8730.729357798165
VQVVGFVALS,42092.84862385321
KGHLFWFRLS,17292.29357798165
DHGQNYDLS,2905.146788990826
PEHPLQWKHDG,3483.701834862385
HDFGKLSESG,1555.4587155963302
FQGLASG,3095.3394495412845
EDHAWNQAG,2452.3715596330276
YREEYQRKHDA,2922.1009174311926
LLLSGDVL,8941.788990825688
YPKSFWNDQEYW,12155.862385321101
YLPWFESQRWD,22890.477064220184
FPLSYFEYLND,26271.756880733945
LWHSDFWHDAG,11631.697247706423
NEVLQDDALG,2726.229357798165
LRNSWFREHV,8750.43119266055
FVWPYKQYVASG,8107.518348623853
LYVFKGVLG,17032.83486238532
QQHDDNHVAS,1566.408256880734
NRAKAYDVALG,2604.4587155963304
HDYSDALWKAS,3415.4449541284403
YQRQDSRPKS,1846.5412844036698
DGYYSWNHG,8126.275229357798
GYGQEYFDLSG,8235.784403669724
ALQKRPLSQKHD,1728.908256880734
DKAHVDSG,870.3761467889908
AKDDVREPWDS,1643.6467889908256
SGDFNYNHLG,5384.559633027523
QLDYKVYKHD,3064.5963302752293
VFSWQELG,6865.252293577982
GYVAVGPNG,3672.178899082569
KPEWGNG,1601.3623853211009
HDHFLQFPYND,14779.321100917432
HPGFLDALS,5452.761467889908
YAAEPRPNDALG,2467.766055045872
GYFLFLSG,26771.467889908257
QYRASYKVLEDG,4735.417431192661
GFVPVGQFNHG,7131.408256880734
QLSEAGRKHYVA,3480.9266055045873
HQAGLWKVLS,6381.844036697248
HLVNDNSG,2272.229357798165
EDYHGLKVG,2306.178899082569
DLAPWNAYDLG,10004.04128440367
AWQFRRNG,6966.376146788991
WHLYVGWDGQWN,26034.330275229357
RLLFWVRKAL,18897.41743119266
GEGSPHSG,1719.133027522936
HYNNLYDG,6773.880733944954
WYGPLYVLG,29816.857798165136
GRHQHPYG,5129.798165137615
LFWELGQWKAG,8326.220183486239
VSGLHAPHDV,2760.8256880733943
NQQYVRAG,3322.6422018348626
LQFWSYARNAS,12154.270642201835
VEYQWSRPYWNS,15492.412844036697
WQLDGYLG,16942.605504587154
VPRGHDLSG,1928.0550458715597
SEFYFELG,27176.75229357798
YQAYLWNDAS,7701.665137614679
VLSRLRHEPVA,4346.082568807339
EAPHDQHRWNKL,2363.4174311926604
LHEWQVG,5681.412844036698
LDAQEYHQHDG,2823.1330275229357
VQKDAQWFRWDL,13823.348623853211
QWVPKRDLNHA,3074.8440366972477
QGYRRNDVLS,4347.229357798165
FSDWPHLS,8969.435779816513
GWAKQDSG,1657.1376146788991
ERYEWAEDG,2777.123853211009
NRKHFVGQLS,3875.266055045872
DYKLLWASG,6604.692660550459
PSKVWLQWKA,6465.394495412844
RRFFASG,6454.853211009175
GASDFWLS,7877.380733944954
GQGSGFSG,2449.8440366972477
VQDWEDLG,2884.105504587156
GPWVDQPWVAS,8174.394495412844
DEVGDKVAG,941.1192660550458
EKLYSQPKWG,2964.761467889908
QSKANQRWDL,3782.5963302752293
YLLQFSHVL,25008.798165137614
FREAEYQVLPVG,8432.41743119266
REEWPYVGLS,11929.261467889908
AKFVEHVLG,3020.1559633027523
QFNKYNLVGWNS,8912.853211009175
FWPPGRPYHD,11756.738532110092
DAEKAPQVSG,818.0871559633027
FHHRLQRVSG,4498.9908256880735
ENFLKHLKSG,1978.073394495413
RDKLGNKGPWKV,1890.7293577981652
PRVDHSG,1763.4220183486239
FDNGRPEDVALG,2351.4633027522937
WWGRYENG,8866.261467889908
FKWWEDSG,6119.908256880734
RLPLYSRYWKG,9471.036697247706
YVGAFKQDL,4635.394495412844
HRPNWVFHDVL,16590.41743119266
KHWGGFYWNK,8314.509174311926
EYEFGQFRYV,24932.51376146789
AALPWHWSG,12784.01376146789
NHQRGQSNAG,1601.9724770642201
DSVSKVRYWNK,2956.1284403669724
SRHDHGPYNALS,4695.5504587155965
FQRLWQFYWL,27177.75229357798
WEYHRVWHASG,10710.169724770642
WYSYEYAL,18110.57339449541
VERYHPSG,3702.940366972477
FANSGPGRYSG,5208.256880733945
VLVDVRDAS,4074.605504587156
REPWLGQKSQPH,3122.4495412844035
RWSRDVNGWH,10980.600917431193
VAPLGWALYWH,26452.6376146789
SKRPWGFVA,10854.715596330276
NSNWGEALSG,2872.454128440367
WVVAQFDWSG,30664.9128440367
HLDGYDFAG,7188.564220183486
VGYKRLENHV,3516.2798165137615
SLEWHNVAL,7537.665137614679
SRLEQESG,1148.0963302752293
FRHNWAFNHD,9627.256880733945
REEKWHYHVLS,5369.233944954129
VNKVAYSPYS,5625.876146788991
GVRWHPALSG,6478.972477064221
VNYWGNDVALSG,5684.55504587156
DFNEENHDALS,1970.894495412844
HDRFNSELG,3142.756880733945
PLLYFVG,42891.036697247706
HNRVHVLS,4821.95871559633
WPLEQPVS,3253.761467889908
NPSENNVALG,1480.697247706422
ANAHKHG,1360.6284403669724
NEGFHQFLG,10156.06880733945
YGRWPSQWNK,6965.064220183486
FNVGSQPLFKA,6355.119266055046
LHVKWDG,4662.334862385321
HWSRDPYAG,6586.646788990825
RLYNPFYNHG,9888.018348623853
HWQVEDALSG,3097.3577981651374
DGWNWVPYNHS,10717.95871559633
PKSWRPHQYHV,6773.637614678899
WSPQWLRYVS,25381.408256880735
DGVRHPYDVLS,5685.98623853211
EYLAREHFWDG,9849.357798165138
WGHYQWKAG,6102.3899082568805
GQRFVLRPWKA,9951.238532110092
PVEWKHVEDAW,5404.8899082568805
KFVNLYLG,12973.334862385322
QHDDFEHKDG,1382.5825688073394
RNQGRREVG,1550.9954128440368
FVKNSNALSG,2234.862385321101
RYLWSQVYHALS,14968.339449541285
FKVQRLDRPKAG,2190.6605504587155
FRYSYDWVFWAS,20410.477064220184
FQKNDRHDAL,2366.059633027523
RSKKDRPKHSG,689.0550458715596
NGKQDRYWND,2982.2522935779816
LGPWHLVAEDL,6247.967889908256
KEYNPVQRA,2231.119266055046
YQVVSWAG,10037.954128440368
PNWQNQPYA,6158.55504587156
DVHRGPNVSG,1561.2339449541284
DFWYLRHALG,12204.036697247706
HHWSRNLS,5008.311926605505
QARWKEREPWD,3645.412844036697
PGSRRWVSG,3690.293577981651
WRHEYEDSG,3490.9587155963304
VWNKFAFRNS,6364.504587155963
KFDVVQNHS,1593.788990825688
LFVNFRYWNG,12597.87614678899
DKQRPWGKL,2829.52752293578
KHPVNVPALG,1494.5
DRGPYHKLSG,2433.9495412844035
NHGNASHLSPLG,2574.1284403669724
GFFLDALG,13112.091743119267
EHGPHKHFEWKL,2596.3669724770643
PPSPQKSG,542.302752293578
VQDWGENDVG,1533.9908256880733
EVFPAPRYHA,3088.169724770642
NSDVEKPYNSG,869.6009174311927
KPNYEPALS,1001.5229357798165
QPSRGFPVLQKS,3025.059633027523
PAGKRDAFYKD,1718.7798165137615
FSKQQHDS,1158.651376146789
LSAQLHDSG,1715.619266055046
FRQSHSGFESG,2779.4770642201834
KDNSWDLYVAS,5883.376146788991
FLRSREWSRPWH,11687.394495412844
VPQAWLSG,2933.0963302752293
HSDWYNSG,3703.756880733945
HNNSEVSG,1055.0183486238532
SFNGEDLNHLG,2977.4587155963304
QNYAEYNFYKDA,6576.408256880734
WEHNQPWALG,11261.58256880734
EKFSSFWVLS,14294.926605504586
RWHEPDLFAQWD,16661.316513761467
DGKVKHVRWSG,2922.1284403669724
WGKSQNWHSG,3967.1559633027523
QSAEFYDVAL,5139.582568807339
RNYPEHDVALG,2868.7522935779816
SKNFDVALG,2289.288990825688
ENDQLYALEKD,1838.9449541284403
EFHQYKLRAL,7047.8899082568805
GKDNPHG,1415.5
RPWVYLWPWNK,19836.977064220184
VQRFHAQREYV,6335.417431192661
KYWYAYHDALG,8363.247706422018
LWRKHQVG,3508.3990825688074
VHEQEDALS,1235.0871559633028
QLSDWHEWHAL,9493.064220183487
WAYSQHPAS,4488.967889908256
AQADDAG,775.6605504587156
KRDASLYDASG,1674.9174311926606
NSLYEKLS,2821.880733944954
PVVPEPAG,1298.0963302752293
APRVDLG,1353.5183486238532
QFKWRPWQFRN,12874.899082568807
VWSRPNHNHLS,5429.293577981652
GQRFPDNVSG,2459.3073394495414
RHEPAQLQKHG,1464.5504587155963
RQVPHFWNKS,4001.761467889908
RESFVGPLSHA,3655.9495412844035
WYDPHHAG,5777.155963302752
SRRFHVSG,4621.114678899083
HYSAFNLSG,5509.380733944954
WYDYRHDSG,6724.747706422018
REPYHWEYWQA,15921.729357798165
SEHLSRFKLG,5309.743119266055
HWGAQYNALSG,5675.559633027523
RQQLASG,1607.2155963302753
KYDDSKSG,838.2018348623853
LEPNYDELSG,2392.02752293578
PVERQEPYHDL,3971.9816513761466
RAVKLGQRYD,4125.027522935779
ESYDVPSGVA,1565.2752293577983
PEYGWGNKVAL,7239.623853211009
YQYEVLWDVAG,13910.12385321101
FQRKAGVQEDG,1261.880733944954
KERAKHG,800.4908256880734
AQYLWKLFDVA,11437.220183486239
ERVAAQWASG,2970.5091743119265
VREEYEPWAS,4800.825688073394
KPPRYLSG,2638.935779816514
AYVYGQKAG,2947.8899082568805
DNGNSASG,1034.9220183486239
QKHYFRVASHL,7652.9495412844035
AFAYNWHVAG,9103.220183486239
ASDNRPDLSG,1427.967889908257
SVGHGNG,1738.2477064220184
FWHFKDAKARY,4872.766055045871
NEHAWGFEYW,21612.0
FNGQQWDVWH,12532.233944954129
ALVEYKQHSG,2301.146788990826
VVQRQPAG,1931.2247706422017
FYHDQADFREV,4166.6100917431195
PFKNQYDVAS,2611.577981651376
ERFDYKDVA,1945.4036697247707
EAPVDREPYDS,1429.1559633027523
WRAFHQYKAS,6345.98623853211
GRRPGQAG,2073.5045871559632
NSNFYGEKL,3266.7752293577983
NKLHAYQFWDG,12739.490825688074
ELVFSQREHD,5167.481651376147
WQQFPQLG,8238.064220183487
RNGKGRNSNVAS,1178.1559633027523
DFKSQNGRPLG,2171.8853211009173
DKFNLNLG,2473.637614678899
HQPADLFREPS,1972.697247706422
WWVPWNNLG,19976.91743119266
GYAEPWQHD,6491.01376146789
PKWYGQRG,4224.866972477064
FFVWAELG,16539.10091743119
VRKLWALYWKVL,13270.862385321101
FFYKGDRWKAS,3564.1559633027523
KGVPDAEPNAS,843.5091743119266
KEDLLWNHLSG,3739.52752293578
WRAWDPASG,7602.8302752293575
HVASRLQKDHAS,1717.334862385321
DHFWLHALSG,11485.518348623853
FHDFFAGQLG,10147.701834862386
KRFVGYG,4433.788990825688
ELYWDVFYQPK,21284.32110091743
YYSKYALG,4465.853211009175
WSKNHGNDVL,3262.6743119266057
ESSQAFWL,7302.605504587156
AEQVLDG,1896.532110091743
VVLRANHG,3951.467889908257
EPESLSQFNHA,2351.243119266055
HDHGYNSPWDA,6064.467889908256
SWKPHWNHVLSG,6942.834862385321
LHDVVFNSG,6751.977064220184
RFDEHRWKHA,4295.137614678899
WRPNDGEYLFKA,11414.422018348623
DSPKFNWHDV,3183.1559633027523
QHVGVLGVLQFG,27481.376146788993
QAGKFVGFSG,6531.1100917431195
WYLFHRHVSG,10261.977064220184
QLQSLFEYDV,9686.733944954129
QSVDARKG,1148.6009174311926
SEKKWLG,2111.8256880733943
KDPRSPVLS,1360.5
YVNGLRHDVAS,3727.2477064220184
YEWKHDNSENK,1483.4816513761468
YDHKEPLG,1627.6880733944954
PNVSAEQENDG,1208.788990825688
WGELVFYKHLS,24944.857798165136
HFLKLWNHDG,7335.05504587156
LQASRFPWND,8270.160550458715
ASKWRPHG,2885.623853211009
HQHGQLSYHDL,6187.6100917431195
QYVDLFSFKHG,10643.954128440368
AQAQNDFRVS,2165.0091743119265
GKFRDKVLSG,1539.665137614679
APSWVKVG,2749.0366972477063
LSRFVAQYND,9107.371559633028
WDEQFVFLG,45086.0
VSAQFEGKLSG,2174.1100917431195
KNARDWDAS,2013.2660550458716
EWKRKRHGRKA,955.6788990825688
WRAAYKSG,4077.701834862385
RKGYLGWPKHVL,6803.0
ARPQYWNKFWKH,6307.637614678899
PEKLPHFYSG,7531.467889908256
PWEKFRYSWKD,8339.844036697248
GQSKNKVASG,1046.3853211009175
VALFPASRARPY,10433.784403669724
RHEDWAQPLS,4961.394495412844
VKDPAVALSG,1052.440366972477
SPKHKRYNHD,1493.9357798165138
ELHLRENVSGWA,5623.188073394495
YGVKKHASG,1817.7155963302753
APENSEKG,690.9495412844037
YDNNPWLSG,8054.646788990825
ERARWQPHSG,3298.3669724770643
ENKLAQGRNHDG,1407.8165137614678
PFEGRRWLG,11974.165137614678
PQHLVNAG,2558.802752293578
VAGHDPSYNK,1573.848623853211
AYSRPYQS,4701.183486238532
KPSQARHG,1190.5045871559632
EPGALGYFPD,7568.48623853211
PNDKREWGYNK,2294.912844036697
HPAYVLAS,7557.981651376147
PSGEWEKDGV,1855.5688073394494
QNKNEKHADLG,982.7155963302753
EHSKQFVGNK,1202.605504587156
AGAAEYG,1620.3073394495414
FGPALARPWNVL,14984.018348623853
YSGEGYAFRLS,15643.022935779816
QNVYSPSGFPL,13121.08256880734
DVRVYLRPYNK,18442.325688073393
GANVQHLSG,2084.591743119266
YFSHHVLS,6823.064220183486
AQPVDVREPK,884.1926605504588
HSKLGRDFPDL,3779.4954128440368
YGPVLLQHLG,10853.233944954129
VYGNVEG,2258.532110091743
LPWHYKVSYNHL,15454.550458715596
QQEDFDKSG,1297.7293577981652
SAWAHDALS,4549.665137614679
HLGLREEPYDS,3895.706422018349
WLLVRWLS,29413.825688073393
EKPDRHQHG,1551.7522935779816
AELVFNG,6631.90366972477
GHEDAEVG,1018.3348623853211
HYHDYSQEDAG,2236.9816513761466
LSDKPNAS,1152.7522935779816
WWLLALG,25111.922018348625
YLVLRDEHG,8742.169724770642
GVWLFLG,37735.0871559633
NSDVVLGKVALS,4255.018348623853
HEPLFVSEYALS,23072.83486238532
FPVFFSGQNKH,13926.56880733945
HFSDSRNG,2592.4495412844035
QGGHRNVLSG,2343.559633027523
SRGQRHAPDVLG,2930.1605504587155
PQEKNVQLSG,1217.2247706422017
FPRDPHDHSG,2470.3394495412845
FASVLNHSNLG,5227.798165137615
QSQEWAHFRKV,6969.9495412844035
PGKLDLQRPNV,2494.6284403669724
YHSEKSGEARWK,2266.967889908257
VWLPNQLSG,5969.917431192661
HEPEARPNHDV,1444.440366972477
ALKALALQYKG,5252.321100917431
KNWAASG,2056.651376146789
QESVVPYDVAG,1852.2798165137615
GRVRARYWDA,8722.0
WALFWVFEGQN,34467.57339449541
HSRAGYLENH,4213.371559633028
WGLFNDLNKV,9597.669724770642
VHFPPWNKHL,8448.770642201835
ASGAGFKNVS,1993.2798165137615
LGFLENDNKVS,3028.440366972477
WGDKWNSG,3328.3073394495414
NSQPDLKENHG,1070.6697247706422
DPPDNDS,871.1880733944954
QQVGSGFRPKS,2023.0229357798164
NYSKLASG,2195.802752293578
KEYWKAQHSPN,2080.6009174311926
QAYFWNLKHG,8336.655963302752
REDEFVGWLS,7469.357798165138
DFNRNEYKHG,2688.3119266055046
LNLLWKLSG,8151.04128440367
AHPKGHG,1402.0963302752293
RYQQQFEYWNKV,7577.091743119266
RYYGLSKHA,4474.4908256880735
RNQNEWEWVG,6219.09633027523
EASVKHQHA,1261.7981651376147
WEAFEFNALG,19472.24770642202
DHLLRDVAS,2775.97247706422
HFWFGRPWKHG,11002.426605504586
KGANNVSG,1137.1834862385322
AQGLEYG,2161.0963302752293
DPGAKVLSG,1029.211009174312
LRSDVVSG,1863.5
EPKSAGVQFHA,1782.2201834862385
NEVNQWVASG,3243.211009174312
YPKLDAFPL,4660.504587155963
LPENYDLSG,2495.8853211009173
PKLAFYAQKA,6649.417431192661
EWQFLDASLSG,10924.98623853211
AQQVRNVLG,2548.467889908257
HLFRLFVFWVL,27386.091743119265
QKHFEHEWDSND,3597.9266055045873
FDPALGFGPWA,16051.518348623853
KGWRRHALS,3932.330275229358
EPERHLSGDG,1579.834862385321
QYSKPNSRKAG,1372.5229357798164
VQAHDYSG,2101.440366972477
SYDEFPLG,3904.362385321101
LDNDNVLSG,2417.123853211009
KFFKWVG,6281.284403669725
PKEYHSVSKHG,1719.2201834862385
LGEVAWAFNDVS,11363.105504587156
QLAKNHALS,1995.7431192660551
KRWYVDAG,4780.674311926606
YVNKAQYSPS,2639.091743119266
QNKFLFYPVAG,13608.275229357798
GQKQDGQPLS,1315.426605504587
NLNSHLQRSG,3115.922018348624
AYKFHEWNHVL,7805.866972477064
SKHYAKHDVL,2321.623853211009
VQSFYEVG,6653.183486238532
WQRNLHQWHVA,10415.58256880734
YKLVEYVQPG,6119.01376146789
REQLPHGHG,1736.0045871559632
AREVLDQRS,2106.564220183486
YYEFKALG,5351.527522935779
LRSRWDVYNS,8019.247706422018
GHSNDPLG,1481.0091743119267
LGVRPKAFNLS,5024.660550458716
FVVRRNKDAS,2412.4449541284403
KKDKGDVSG,557.4954128440367
SNFLKALSG,3058.353211009174
VFYRAREWK,4918.045871559633
NVNFYVEHDS,13040.155963302752
KVYVGFLGKHAS,9178.839449541285
EYLQKVFHFRNS,9051.61009174312
KGQLLSEDVL,2023.0229357798164
KHKQDRDVAG,737.3807339449542
YSDFAWNLS,8006.536697247707
GFSYWLNVAG,13316.288990825688
QDQLDLQEKV,1269.8532110091744
DEWHYSEYAL,13133.490825688074
YPYEVKHDVS,2659.623853211009
GDQWGLSG,3343.619266055046
EQSFQFALSG,7367.422018348624
YNYFVEPALSG,7692.981651376147
WGQFKKENKAG,1540.1376146788991
HVNANREPHG,1626.8761467889908
HQPNKQFSAG,1281.8761467889908
DAYGDVLWKHV,5410.44495412844
DVYVANKPWKDL,4292.188073394495
QWWDDNDALS,7253.55504587156
NAHYYDVG,5153.866972477064
VQVKSPDG,949.5183486238532
FESGSGKDGFKD,1411.6284403669724
YVGPHFSREY,8538.69266055046
AFALVPAG,6350.908256880734
LRDPSNLG,1868.1788990825687
SGNHQLFEHVAG,3049.2201834862385
DHFWHLWSG,12117.100917431193
SRVAHNHVA,2046.4908256880733
AVQLGVS,1440.6788990825687
DPEWPNHDVSG,1386.7431192660551
HSEAQFDYKDSG,1653.4633027522937
AGSLASG,992.5229357798165
GNVEDRVLG,1418.3715596330276
LKAPLDAG,997.4036697247707
QGAPNGWNKS,1338.6100917431193
DLRHEKAFDVS,2136.4311926605506
NGHDHDAREPNS,1264.1880733944954
QGDKLGPNHVLG,1660.5825688073394
RGKDGWWNVAS,4168.178899082569
HAHELGHSG,1849.4174311926606
HSPNQNLGYWL,11932.922018348623
QDKQKDLRPVG,1050.3394495412845
NGGKRYLSG,2811.738532110092
KQDFLSRYWHG,5693.688073394495
GEHPPLSG,1889.3256880733945
PEKGEPVVSG,846.9128440366973
WQHNEYSG,4379.279816513761
NHPWVWPYWNH,18709.477064220184
WLSYWFHPDVG,13319.270642201835
AWSRRELSG,3277.52752293578
FDSSDSGPYKHG,1991.954128440367
VSSPHSEYNK,1304.1834862385322
YYRYRPLG,7849.412844036698
DWPNEASG,2077.087155963303
QPVPRLGFPYS,10159.064220183487
YRGFHKVALG,5948.279816513761
EDVNKGGPNDVA,901.8348623853211
WKANRPKNKHVL,1835.408256880734
YEKYWEPWNKS,4660.422018348624
HVLSHSPKFREY,6004.95871559633
HGQKVAFSFNH,7309.371559633028
ALWQNQWLG,13166.100917431193
QPLWREDVLKHS,4651.133027522936
FARANEPKAG,1734.6284403669724
AQEDHSGYWDVA,3836.6559633027523
HFFAALG,11852.678899082568
QEVGVLFSQNV,13281.073394495414
LWQKGELG,1999.045871559633
ARVDARDLSG,1922.7706422018348
EWQVRDQFREDL,5754.311926605505
PDLSEVFEYRKD,7852.573394495413
YAHSYKDFHV,5252.660550458716
KKDKFNAS,657.2064220183486
KDGDYNHNKHG,1506.197247706422
PWPWGEWSRYA,22707.711009174312
DEYQLQWG,6490.866972477064
WKEFVSQRKHA,3038.4816513761466
FNFFDFPWKS,10070.454128440368
YPAFSENSG,2565.7798165137615
YFPPDRYNK,3301.4954128440368
YANDNDRWG,4983.9908256880735
VGQYDAPDKDL,1473.3165137614678
AELVNSG,1610.788990825688
RNYGNDNHS,2387.1651376146788
PVVVQEKHALS,1997.665137614679
WHFYDANKQYV,7137.48623853211
KPPKEPYNHVG,1234.6697247706422
DHDFEGYWHVG,6927.344036697248
PLHKDVPWKHAL,4313.977064220184
KWVYHDKALS,3579.8990825688074
GRKHSLFHAS,3417.270642201835
KLQGKAGPG,1360.9816513761468
HVYAYQFYWHA,22352.440366972478
FQNWPDASG,4400.51376146789
NALSLYNGWNLS,12035.88990825688
SHVPYEWNKH,4309.087155963302
DQHYDNDVALS,2662.178899082569
PEGGNVG,1381.4128440366972
NSLQPQWKVA,2805.087155963303
KDFVNLRDVS,2811.940366972477
AGEAYGQDVL,2746.830275229358
ESRDSGADAL,1165.908256880734
ASFVDASFEPAG,3466.4174311926604
HRGVDSG,1490.8899082568807
ASGQALSKPYHA,2422.1605504587155
GWRPRLSG,7130.834862385321
YSDVNVLGASG,3104.4495412844035
DRPWLEWKGQNK,2597.2798165137615
SQNGNQEVASG,1206.302752293578
YHYWYAWKG,7559.683486238532
KWDRKKALS,1289.665137614679
VEWHYGYWHA,14894.321100917432
HSDWENLS,3372.5137614678897
KSVSFQPAG,2455.4311926605506
NPLQDPYWLS,8179.275229357798
RADRGEKVSG,1166.1743119266055
YNFWPNLPDSG,7760.770642201835
LHDYSVLG,5854.821100917431
RLQYSRNDPN,3449.0825688073396
FGNRSRYKHDA,3120.376146788991
PSFKEYSWASG,4498.770642201835
NHWLQYQEPYAG,9878.990825688074
DFNSNEVALS,2370.3669724770643
FWPDSGPLEHD,4464.188073394495
ESHQPVGEYWL,7200.068807339449
VRSEKQVAL,1424.711009174312
DEDAYRNKDG,1357.6788990825687
FRDHFEPRHVA,5111.995412844037
LPQNYWALSG,6918.729357798165
LDSNGKLG,1466.5550458715597
EVRAWFNDG,6697.660550458716
QEPSLGQLRYKS,2924.587155963303
GNSFWGNKDVL,5320.834862385321
QHYVWKLWDL,16937.545871559632
AAWSQYNVLSG,6310.802752293578
SFSRQPVS,3720.683486238532
EPSRARHRNHG,2468.0550458715597
ERELKQEPYHVL,3309.5045871559632
GPHQFDWKAS,3197.9954128440368
RRLGQFDENH,3625.3440366972477
VNEQNAG,1095.0963302752293
YEDLGRHVFPHV,10382.761467889908
YVGQVRASWKVS,7386.155963302752
FYYHQRSFVLS,16600.56880733945
ERVNYKDS,1580.8577981651376
KRPLWKHKVA,1385.7339449541284
PNFNKAGDGNKH,1619.3761467889908
AFYEDRYWNVAG,10025.587155963303
GPQAFELSG,1969.880733944954
KPEDPVAS,656.183486238532
EYFHGQVLKHD,5189.353211009175
SRVGFHYHSG,8541.899082568807
PEKVEAFWG,5141.036697247707
FYRWQEYKHRAS,5286.394495412844
SPVQHGWDVL,5431.454128440367
SFAVLRDAS,8211.30733944954
LRPKGYLEHA,3062.9449541284403
SALKSWVS,3654.0137614678897
HFNNQFKVSG,4306.935779816514
KAKPGRNHVAS,1039.6743119266055
EVVQHSQDVSG,1225.3532110091744
KLVWGASG,3848.6422018348626
PVFKANALPDL,4417.45871559633
EDSPAEYVPYS,2663.229357798165
ALHKKHAG,1296.8623853211009
VLVDYSG,6124.573394495413
RGFPKYVNHVA,3915.376146788991
WEFVDVSG,11785.385321100917
FYEENKFASG,3368.5137614678897
YARPQDRYG,4234.142201834862
DDEYENHDL,2032.4357798165138
DLNAQSYNHDV,2536.6605504587155
DKLRRYHDAG,2468.8073394495414
EHVYQRHVRKV,3594.229357798165
SFAYFPVG,13916.362385321101
FPYQPKEVQEH,1834.559633027523
FHQLALWHVS,17114.33486238532
DKFPHEVSG,1357.2477064220184
KVFLNDGPL,6815.522935779816
DKNVHALS,1263.3532110091744
VQKKGEKDVA,609.3990825688073
FQDRQDVLSG,2476.967889908257
FVLFKAFAGED,20464.839449541283
NYQFDPG,5245.678899082569
GEDNGELS,1243.5183486238532
KFREWLDLPND,6108.536697247707
ASNANVEHVAL,2015.532110091743
DGFLQDVFRWNH,14708.01376146789
PEYSDWLG,9390.256880733945
FRENRYKHQGQR,2909.1146788990827
LVQHHSG,2824.9816513761466
KKAYFHASG,2046.3532110091744
YYLGASREWNHS,6006.087155963302
NKRRVRYWNKVS,2236.169724770642
DHELGAS,1447.9220183486239
KPAKPKG,724.816513761468
DHVWFWVS,25895.995412844037
QQKWKNDALS,1699.165137614679
KDSLENLEPKVG,1064.3440366972477
HAVQLYNDVL,9604.591743119267
PWWSHAGEYHA,11412.949541284404
GRLYKGFRYWN,10816.509174311926
SWSQGELG,2640.876146788991
FKHNAGGQKHA,1814.7385321100917
AGLWYLSG,15140.426605504586
LKLAFNG,5313.729357798165
HQQRAQWDV,3971.8119266055046
PFDLWPWNHA,17646.091743119265
ESSQWQVG,2430.678899082569
LPNFQNHLS,4491.683486238532
EDYKLWEPYNKL,4358.6697247706425
YKEERKDLG,1206.4724770642201
EVYSKFRKH,2560.0045871559632
AVDVFEWASG,5208.279816513761
WDHLVLGPVLS,25442.463302752294
FKYNPLGKLSG,3823.146788990826
QARVQEPEDVSG,971.8073394495412
YADLHLGEVA,2997.3669724770643
QDPQFVQVL,6542.825688073394
QAAQVSWLG,4473.325688073394
KVLRNGGFRNG,3720.1651376146788
SRSKQHSG,1260.880733944954
SPGPHEHG,1619.2981651376147
LSGEWQALQDVL,8176.95871559633
PGFEVKAGYV,8582.344036697248
FEKFHREDSNDG,2017.3073394495414
WPNAWFPYKD,18633.142201834864
DVVWPWHDAS,8848.963302752294
PNHSPVFDANK,1827.366972477064
PWGHSNAGQDSG,2244.8394495412845
RDVDFHQFRG,6087.105504587156
HLGVFPVWNK,9974.151376146789
SVYWQYDVAL,22139.316513761467
FDFFKSGRNKL,3959.0
NRLASRHASG,3270.577981651376
YESAHDASG,2094.183486238532
HWGARNDALSG,3882.0183486238534
YYWQDPNKHDG,3799.9816513761466
ANRYKRSG,1666.5779816513761
VFNFGPHG,7233.761467889908
SNDQEYHFVA,5146.5
LALVAKSG,4191.926605504587
EWLSNQRFLS,15658.220183486239
YLLRLQLG,24483.935779816515
FFDYSRDAS,3246.9770642201834
YSQWPVLRYSG,19039.39908256881
AGNGPNRAG,1800.7660550458716
PGLRQHLG,3817.5733944954127
DDGKDPLSG,1031.3073394495414
SFQRLRNSG,4467.477064220184
KNFSDVAS,1434.6009174311926
YEGSYHG,4197.385321100917
QWNRWHWPYDL,29012.201834862386
WLEHRVSNKL,6577.45871559633
SDLYLDVG,7105.09633027523
WSPAVSRPKDG,2281.422018348624
DKDHELSG,943.4036697247707
WWAVDLG,16778.39908256881
AQEDGHLFYHD,9246.252293577982
PVHLGWQYNKD,6513.912844036698
PPFAWNHDAS,3595.1743119266057
WHANQYKRPVA,3975.077981651376
FQHENGPYDV,4517.426605504587
RDGQHLWKKAL,4358.1100917431195
LPDHYKG,1857.8256880733945
NQKAKVADVLG,1078.5871559633028
YQALYAWNKHV,8629.353211009175
PDHFKDEWKHG,2090.243119266055
QNEVAEYAGPDL,3080.4311926605506
HWGYEWASG,9164.47247706422
WEWLAFDAG,18391.5871559633
DHPNWVLSG,5551.720183486239
YQVVVLSG,41698.95871559633
NNFESAS,2414.0412844036696
KGGGFVALG,4157.123853211009
QYASSFWAYNDL,15062.036697247706
RNPNNKSQFYKV,3756.316513761468
NQLPQDVLS,1824.5642201834862
FSFDLRVRKD,9092.532110091743
YHEAHLFREPD,5214.316513761468
EKRKENWDLSG,1315.3211009174313
YYWLGGKHAL,7327.564220183486
YEHLDPAL,4381.40366972477
FLDNPVSG,3158.298165137615
VLFKNAGNHVL,5604.146788990825
QLYFPHAHSG,6820.568807339449
QPNGGPNKQYAG,1869.8165137614678
YYGDEVALSG,3776.105504587156
WEHAHNHVAG,4090.330275229358
GWLFKPWKHA,9023.036697247706
FFSVSPSG,3208.935779816514
PDKQWVWKV,4355.348623853211
PLVPFYKG,8185.022935779816
QERFLGWKHSG,3494.7798165137615
EDAQGKAWNAG,1137.559633027523
ENLNQPKDSQND,906.3715596330276
KGKGDQWHDSG,1232.4908256880733
VPPYEHDLS,2662.261467889908
LYLKVRKALS,8306.334862385322
YHRAQWKSNH,3061.9266055045873
LRVVNASG,3097.9587155963304
KSSRRPSG,933.045871559633
NPPLQLG,1811.5779816513761
RRRADVLSG,1539.6559633027523
LRSQDGNSG,1317.573394495413
FLEQWGQYHDS,7313.09633027523
SVNVFWNALS,12137.504587155963
PFANVQRPWDA,7858.137614678899
PYKNLFFYWKG,11779.059633027522
NGSDEKSG,872.7752293577981
GRHNDYWHLSG,6193.027522935779
YLKPARYWNHD,6849.756880733945
KSYFENHFRLS,6240.137614678899
DLYWWRWNDV,17919.545871559632
DLDHFPSG,2823.362385321101
GWHEDQWG,5622.899082568807
NKWGHRWNKLS,3932.9633027522937
EAAHSNALS,984.0963302752293
PWGHPASFKH,6874.733944954129
LQGQQPNKHDVL,1568.8302752293578
DENAKHSFPHLS,2048.348623853211
FFLKNHAS,2967.743119266055
FQFAPHEDAG,2644.8853211009173
YAVLHSRWDLG,12665.545871559632
QYGGDALWVS,8846.394495412844
KVHPNLRPYHDA,4349.577981651376
QRAWLRDYNG,6561.321100917431
RDEEGEKG,757.0688073394496
DFHFVYWHDLSG,15962.454128440368
YAQALVGNVS,2665.201834862385
VYDREWWVLS,15180.802752293577
KANHFYAFRDVL,10115.69266055046
HLYVKDGFRHG,6859.151376146789
LNHQDEKHDLG,1240.3165137614678
FEVENKEPKSFN,1345.9495412844037
VAPDGFLPYD,8351.426605504586
DRVRNGQPNHVA,1767.8532110091744
WYNDGLGRYNHV,9386.330275229358
YKPQHSQEKSG,715.5229357798165
SKAHDRHALSG,1388.348623853211
RGRWFQFLSG,13504.747706422018
NHPWKDYGHV,3946.0183486238534
KAASWDAFNAL,4757.995412844037
WSAHYNLG,7099.90366972477
SLWNWLG,11025.224770642202
HVYGWNFYNVL,17085.788990825688
QPRVYVREHVL,11002.256880733945
KVAFQPNDVLPW,10450.220183486239
ALVHNKALS,2129.623853211009
VQKYGPNHVL,3333.293577981651
EAGLDGEPYWKV,3645.0412844036696
NDQGKDARVL,1428.48623853211
WVDHRYSG,6794.380733944954
YHQYGEPQHG,2504.967889908257
AVDVAHVL,2538.032110091743
WEHHPYASG,6469.568807339449
WAPRELQDG,2742.1100917431195
KHSHASFKWNG,2774.880733944954
FEWVVGQRLHVG,14770.38990825688
GHGQWENKDSG,1665.2981651376147
WFEQHEPWVLS,20849.715596330276
FNSNGYDAFNKH,4053.256880733945
HPRHPDVAG,1724.9495412844037
QDVLYKDFWFYK,13662.362385321101
FHHPKAGKDAL,1599.3302752293578
KESYKQVS,949.8211009174312
VKPFVLSG,4407.963302752293
NAHRPAREHDVG,1785.2568807339449
PRNLWLEWVS,17686.123853211007
DHHQKSG,1264.3119266055046
WPWGFAFEVS,38750.5
WFPEHGFPW,20366.275229357798
KPELDVALG,1361.4587155963302
KARKSFWGWNG,4438.9495412844035
VKVFGWAS,8217.477064220184
KQAKKVG,708.1559633027523
DSYFRVQEHDAS,3300.105504587156
EVHKLGDLG,1490.633027522936
YHFDDSQFPL,10174.711009174312
RYGNGRNSGVSG,2463.4449541284403
FHYLYKSYDVA,5780.481651376147
KDSGKGPGFWK,2192.4908256880735
LGDRNDRYKLG,3165.9816513761466
FPSNHKVSGND,1826.151376146789
FKLGFQKGWKS,3989.4908256880735
ESRGGRNHSG,1484.3990825688074
HNLGLKLSG,3136.1284403669724
VKDHRASG,1307.4816513761468
HPQDQWSG,2363.770642201835
AEQREFNKHLS,1968.7339449541284
KPSKHQYKVG,1081.3256880733945
HVKQRHQRVAG,1814.7477064220184
GNDQWGEYHVLG,6751.614678899083
KVFGGQPWDVA,6188.256880733945
ARHWNQKLSG,2890.711009174312
KRQRDWAG,2148.032110091743
GYQDYVLS,7182.545871559633
GFEFDEPNHD,5621.816513761468
AVQDRALS,1507.4128440366972
FYSNNVGREL,4000.229357798165
LDLEKDWALS,3128.0137614678897
QPVPKLKKHASG,994.5779816513761
HSDNVSYWKS,3553.788990825688
LDGENHWG,4535.660550458716
WLHNHQDVS,3865.293577981651
FLKSKVFREL,4333.4908256880735
YWAFYKENGRYN,7785.215596330275
QNYNPGRPWND,6822.40366972477
RDQGQWNKRYKS,2330.559633027523
LGENHPKHRNH,2705.0504587155965
NHGKVGDVLFL,18271.84862385321
LFYDKLGWKHG,5107.518348623853
FSLYSPVLS,10032.69266055046
KLRLHQFEYAS,8307.12385321101
HLGAHQPWNDL,7171.660550458716
FGQSYVAGFS,10366.733944954129
HPGNKEVG,902.6422018348624
HAQPQRYGPYKL,5851.247706422018
GELHWLS,10295.747706422018
GVSRFKVG,4132.532110091744
ARQSYHAL,4265.165137614679
SEVLPFWHDLSG,13245.862385321101
DWFFPSG,14082.62385321101
PGHAWVSPYWNK,10587.279816513761
SPEYNYSG,3208.678899082569
KQHYQPAS,1790.1284403669724
WYRDNDSG,4347.94495412844
GDALGKVEKV,1102.6376146788991
DVYWRVQFHDG,25059.188073394496
HKDDPNLG,1166.0779816513761
EAWEFKVLSG,8172.853211009175
WPDEAQYG,3735.683486238532
GNFDWSG,5767.899082568807
WSQNPWQFYNKV,15009.12385321101
AQPAEDFEPYD,1791.4128440366972
WSHNFKASG,3491.830275229358
LNDVGDARNKAG,1423.0045871559632
VDLHWHAL,9318.399082568807
PRNHKWNKDA,1436.5091743119267
AERHDPSG,1322.9770642201836
GWLSNVPYA,12697.022935779816
VFWSDQFENVA,8493.288990825688
EHQESGHVPND,1497.8119266055046
SSGWFDLSG,8742.655963302752
VEAWARPYA,10180.380733944954
SRSKFDSG,2094.5688073394494
VRLKQYHAG,3299.376146788991
RPPRALEAL,2748.47247706422
DNSWYWVLG,17788.155963302754
DDWVWHVALG,11638.151376146789
QAYDQRQKDLG,2000.5275229357799
NSHSWNAYNVA,4941.6697247706425
FHQVAGNAQFND,3923.6926605504586
NAEEKDQFRWK,2215.0137614678897
FLLSNVAKVS,6815.917431192661
DQDGNAWHDVL,3824.293577981651
VADDSFVS,2727.5825688073396
YFVFWAGDALS,19850.995412844037
VRGGHLSG,2974.4495412844035
QVEFEPNNVLG,3097.7752293577983
PLRYGPLGKV,6957.862385321101
QSLFLQDAL,10675.247706422018
VQYEGPNDASG,1734.4495412844037
QEWHPDVEVQYW,8761.995412844037
LAGNGASG,1424.1467889908256
KDAYRDVLDG,2531.894495412844
GRWRGYKLS,5924.45871559633
AYWKHKGQDL,2519.059633027523
FSLWVQWSG,19681.261467889908
EWYNNHQWNHAG,6760.940366972477
FHDAHQEYHPYN,6598.165137614679
WQKWWKSG,5447.087155963302
KRHRKFEPNVS,1129.6926605504586
PDNELQNVALS,2269.9770642201834
GEWYFEPYWVG,30961.19266055046
PHLWEYDLVS,17393.683486238533
QQPDRGWLG,3477.293577981651
VASRRYHAGPG,4366.316513761468
ERAHQRLG,2158.7844036697247
HLLNEAG,2411.6559633027523
VSYSFKPHG,4988.399082568807
LNFPENG,2602.064220183486
KGRGQRAPKV,924.1697247706422
HGPKPHAPWSG,3115.2752293577983
WNLHEYKLEYHS,11235.536697247706
FQSRDLPDSG,2134.0229357798166
EFQHKAG,1532.0183486238532
FGPYRFYWAG,22043.376146788993
WFVLQVNHLG,28075.119266055044
DNGKFVAG,1718.665137614679
HASPKQDENG,727.4954128440367
SRQKDREYNK,992.1376146788991
DRDPVGWNKD,1682.2201834862385
QRWLHDRKFNG,5688.674311926606
PYVFYWANYDV,42333.87614678899
ASFFAGFEWG,23101.018348623853
YNWVDLFVG,27263.077981651375
GSGQEFPWHG,4682.087155963302
RRAFDQWKHDSG,3172.032110091743
WNPLWVEWDVG,16987.366972477063
NFHNAQPYDS,4847.146788990825
ELFFHAEKDVS,4679.981651376147
NPGYVWLSG,12377.97247706422
EYEGGWKDAL,3667.798165137615
PRQFYSFPY,23063.642201834864
VPWPSPWSG,9492.779816513761
PQKVVAQKDV,1033.8623853211009
SGGRDLWLG,7523.55504587156
PLSHVDAWVG,7060.90366972477
LWSSKDG,2891.435779816514
NRNQGYHDALS,3719.0045871559632
HFLFGQWAL,22189.330275229357
HLGNKKHLFAG,3771.1330275229357
WNDPHLNLGYS,11449.270642201835
VNKHASWKGNKV,1635.165137614679
EHEQGFREPYKD,2062.5183486238534
NQDEHVRYWDAS,4644.798165137615
WPAQNPHDLS,4033.3669724770643
PEGRQWVS,4858.477064220184
FWVHDRKSGRPY,8568.022935779816
GNKPRHALG,2016.045871559633
HNSEHREG,1233.2935779816514
FSQYGNKGENL,2239.7155963302753
GRAKYWHDVLG,4925.605504587156
KALVRPAFYNHL,12646.894495412844
AYEDPNS,1585.4770642201836
WFHVFHSREYKH,9528.055045871559
FLLWAQRYHG,11946.091743119267
LNNLHAG,3601.8256880733943
WQFRYPLRWHG,20694.408256880735
YYNGVRYWNA,10280.545871559632
QADNFNVL,3347.197247706422
RHQAHSGQPHVL,3998.1605504587155
LSQYQVLKVL,20971.23394495413
GFVKWDAS,5307.848623853211
NSKAVRDVAS,1300.8440366972477
RAHDPLEWKHVA,3130.077981651376
YRLKLKLG,6521.178899082569
YSSLWNLSG,6131.963302752293
NENSYQRDVAL,3790.761467889908
FFAHRVSG,5270.674311926606
ALWLYWGFPWKH,21275.646788990827
WWSVSPLSG,12967.243119266055
FVFARELENV,10377.183486238531
VFDWWNHDVL,15345.490825688074
YYKLVNKG,3954.683486238532
PSRDGYVEVL,7786.215596330275
LFSYLQFKDSG,6279.5
WSALVSREPKA,3818.3394495412845
YEDQDLRPH,3708.8990825688074
PSQHLAHSG,2300.9311926605506
EYSLAGFEPYND,8646.12385321101
HKLFDFASG,4753.247706422018
KDKPEYNDVA,1042.9495412844037
NLLVYHSG,15682.022935779816
VNLAVSG,2860.394495412844
WYKAPENG,2315.1422018348626
HNLVFLG,22505.857798165136
FYQHQEWHELG,5546.270642201835
FPVEPRESDVAS,1449.2568807339449
VHEAWALSG,3444.706422018349
DEPPNGQEPWH,3076.1559633027523
QPENVWFNKAL,8864.665137614678
SGQEKVHVEWN,2869.440366972477
NLKLYQYDS,7867.697247706422
SQKPEYWKHSG,1776.0183486238532
RQEFKDREKASG,1012.848623853211
SWAWGDLG,8668.779816513761
HLYHFKSWHV,11940.715596330276
KWKYRWVALG,7588.95871559633
AAGFNEWSG,4445.068807339449
PSHFDRNKA,2059.293577981651
GKLHWSG,4324.94495412844
LENGVGWDSG,4125.697247706422
QHSFNARDVAWS,7485.174311926606
AAPNAHDASG,1212.7477064220184
YNVKHAEKASNV,1332.8165137614678
LNPYGPSG,3960.564220183486
QDNWQFREYWA,15494.788990825688
HRVLLRASG,9443.495412844037
LKALRAWDSG,4425.752293577982
HEYQHWNVALSG,6254.807339449541
KDGHSWARYKL,5345.146788990825
SGPSNPWNKVAS,1772.7706422018348
FESQGQKVPYWA,5204.174311926606
YRPPVQNHD,2379.1146788990827
AQNWKRKHVSG,1626.8761467889908
WSAFAGKVAL,10201.059633027522
QYEEWVSDAG,3999.422018348624
NKNKHSLGHDG,1512.133027522936
QSGYKAGQHRN,2193.8577981651374
NSVLWFEWLG,28968.6376146789
WRSNWVSG,8892.853211009175
HGNSGRDWKH,2904.3577981651374
ANHNDWVLG,4517.09633027523
RFEFAQRPVG,6762.8899082568805
APGDSFAG,1373.151376146789
RKRDPYQRWDV,3901.6559633027523
WLRPHVYDEYN,10755.399082568807
FAKYVGWS,8321.477064220184
KWVDRVAG,2642.169724770642
YGKDPNGREYS,2115.064220183486
LKVFFESG,22625.403669724772
RDRPEPYAQKA,1694.9128440366972
AEYLFVYHLSG,26594.504587155963
VRHNRKVA,1618.6697247706422
GPEWSPKVSG,1716.0504587155963
KSANPKLSG,841.848623853211
NQAGEDLGKHV,1109.2201834862385
FRYHGKGNFHD,4338.715596330275
RNEDPRENVS,1117.9220183486239
NEAANHDVASG,1128.2018348623853
LDVKRPALG,1902.7247706422017
RPQFRLYNVAVL,31260.880733944956
LGFARHVHAS,5814.192660550459
LWNRLRNHDASG,3866.5733944954127
WFLNVSPYLS,14432.215596330276
SQNYVNKVS,1722.2018348623853
RAYNKLYVENHA,4617.802752293578
WLKQFKRYDAS,5429.082568807339
GNRYAELG,3033.8853211009173
WSQEEVQFEYVA,22478.142201834864
FHAFRNLWARNA,9162.655963302752
NNYVKHLG,3041.5045871559632
VGNPNFEPA,1825.4724770642201
EFALEEHLS,2379.5045871559632
VGQNPDQKVA,824.302752293578
NDDEHDFDS,1889.4954128440368
VPSYQWG,4075.2752293577983
YKQVDLQKASG,1292.559633027523
PPYQRDVAFDAL,5701.422018348624
VFGKAFLS,5911.353211009175
WKFFQKDLS,4439.3899082568805
RSPNAHQPYHD,3069.3073394495414
VLHRLGVAG,4154.51376146789
NGAGARYWA,6772.775229357798
PHEQAYKHSG,1434.426605504587
DYHLDWAG,5443.711009174312
QRVYPNVASYD,6642.5504587155965
EAYFASYAL,24218.577981651375
FPEQWKPWAS,8327.711009174312
FLGAWVRWG,14006.738532110092
RSYQRFRLSG,5406.756880733945
SGGQLYDSG,1982.8761467889908
QFARSYHVNVG,5438.591743119266
EAWAEVQWG,4213.119266055046
FLDWPYAG,7837.646788990825
DALYKSRVSRG,3133.435779816514
VGYSDLSYNKH,4077.802752293578
YYKRQEYS,2757.532110091743
QFALENAHAFEP,5663.238532110092
VGKDHFPYHDL,4837.619266055046
KGLLVSG,2435.422018348624
DVHRQVSG,1662.4633027522937
RAGHRDVFWH,9322.02752293578
NPNEPQWVG,2443.6559633027523
YRKNPWHV,6066.715596330275
NDFLYPYASG,8110.174311926606
PDSLHLEPYKH,2964.435779816514
LHARWDQG,4135.559633027523
EYHNSQNDQYV,2615.321100917431
DNFHKSG,1415.5412844036698
KQKSWGDG,1420.880733944954
NWEPEWNKHDL,4696.133027522936
YDAVAGDRHD,2455.261467889908
YRGAQWLG,8028.422018348624
PKNDLNLSPLS,1859.0412844036698
WRYRQHAG,5162.146788990825
DPEAWALS,2095.7155963302753
GFKRSGFEYNDS,3590.0366972477063
WPLERHAG,3739.706422018349
ELSQHDSDSQRS,1138.6100917431193
NLGFAGQEYAGA,3946.2477064220184
NSKFALQRWKDL,4670.683486238532
FEYYQEYALED,11052.866972477064
SEYAPSENDVA,1555.3440366972477
QLHNPWG,6475.192660550459
YVQGYHDFYNKH,6525.215596330275
FNWEWNKRNVS,4885.155963302752
FQRQPWHEWDG,13288.02752293578
VFQESWDV,6223.311926605505
GFGLQPAG,3693.8577981651374
YVYSDVRPWKL,13052.440366972478
FDEVHSGEYN,3558.0
WEGHHVG,5436.98623853211
DFQFEQRELSG,2964.2798165137615
HNVDHDG,1633.7522935779816
KNQAFYSG,3182.9311926605506
VRDGEAQVL,1874.0412844036698
FAHESGHVAL,3764.7477064220184
RFWDDEYWHA,16312.270642201835
QVHKEALSG,1177.5642201834862
VNVDAKVLG,1496.7247706422017
NNQVDLSG,1497.302752293578
DFFRFWSG,13503.79357798165
YRSKYWSG,4959.59633027523
NKGYRAEYNKVA,2316.087155963303
NVYEYNHVKLG,7384.463302752293
VEEVRNDVAS,1512.954128440367
FADWPASG,4731.857798165138
HWLYFNVALG,23242.344036697246
WARHYLSRYWAG,13915.600917431193
QWKAVQYWSQD,8962.266055045871
PQWFNKQNKSG,2638.0688073394494
KRWQSQFEYL,11206.256880733945
NFKSGAQHAS,1804.1605504587155
VEVGKLPYLS,6305.94495412844
DAQSPHQNHG,1796.5275229357799
YSFNDDSFWKS,6761.288990825688
FQGYKEALS,2378.52752293578
ERVWNRWNKVA,3870.5091743119265
NRPHYQRPNHA,3355.183486238532
EQAARKLG,1073.2660550458716
REGSRKVQYVG,2591.766055045872
WLKWRWDLSG,12464.348623853211
LVFSWDVLG,23540.07339449541
PHHHDFRYKHVG,4748.371559633028
WHGFEQKREYA,6116.495412844037
HELFPLFENKL,10537.238532110092
VGDWANALG,4029.935779816514
RYQHSPVRWD,10552.605504587156
ERRGWDSG,2599.9954128440368
YAQKEHSGRG,1641.665137614679
RRKGQELQRNHG,1463.4311926605506
DWSQKQKSG,1205.954128440367
NGSSQYVALG,3846.5504587155965
RSEAVREPNL,1936.4311926605506
KVGPWKSYEWVS,6325.160550458716
WKQHRWLRNKLS,4468.665137614679
QNPHKRHALG,1888.6422018348624
NDHQGFYKL,6222.779816513761
YGLQPLEVLG,7308.435779816514
RNVPVSRLQFNA,6949.284403669725
AGRGKHPNALS,1797.605504587156
SFDLWDSHVS,7855.087155963302
RKEVLHVLQFG,10789.93119266055
NRDRRKLG,1636.0825688073394
FYHNKAQVPVA,2279.8348623853212
NNRLNHDVAS,2366.8990825688074
SYGKENVG,1415.0366972477063
DYAWFHSG,10500.055045871559
DKGVQKG,808.7752293577981
GYEDLNDAG,2148.5183486238534
PPFRWRHSG,6733.623853211009
QVDRYKHVVL,6354.532110091744
QHFDFWHDYKH,9397.802752293577
KRAEVYNKHG,1260.697247706422
HFLPGYDG,7920.188073394495
NGDVNAENDV,1503.8073394495414
KWAAPVLSG,3709.697247706422
SFYPQYHA,6161.912844036698
HQAYQPVAS,2457.802752293578
EPWFPLFPDLYH,25351.330275229357
ALKGENKVWNKH,1814.5779816513761
KHGSPWNRYWH,11179.105504587156
SWPQESG,2145.577981651376
GQSYAKHVLG,3004.1743119266057
PVGFEAYQFKHG,13522.032110091743
SNAHFHSG,3611.756880733945
RYDWLNRYNAG,8374.055045871559
YHHKLRWNKH,3190.4449541284403
KRAFFYDSG,7072.573394495413
DQGYAVALS,5750.380733944954
YEGHFYG,8072.908256880734
KKKDKALSG,622.5229357798165
DFDGQHFYWN,12790.61009174312
QYNYDRPKLGE,2423.7201834862385
LDAAQKDLG,1342.2935779816514
AFANDQHALS,2812.761467889908
PLQYYGKVAS,6748.821100917431
PSQFAWLQWNDS,11393.894495412844
VLDKLFREPND,2451.8073394495414
VQAVPWG,4667.756880733945
LKLPFVLSG,11789.128440366972
NRQYDWKHDVL,5567.380733944954
EQNWSHALS,3361.270642201835
RAWYEYKHVS,8300.577981651377
PLSLYHGPS,7998.022935779816
EGYRSRYVAG,4752.027522935779
KYWAHGYHDSG,4815.779816513761
WAGGEYHFYKG,9858.665137614678
AHKSWDLS,2375.816513761468
KNGKAKLSG,800.0412844036697
KEWLKVFEVL,15574.775229357798
PHYVQRAPNSG,3334.0045871559632
HDHLDFPYWKHD,8377.738532110092
WPLWRDG,17221.316513761467
EDADSDVYWN,2817.0504587155965
GHPNYLSG,4107.467889908256
GHHPNAG,1911.834862385321
ADGRLNVSG,2360.532110091743
DKDSHGKHDVL,1081.1100917431193
QYLKFHVAPDG,7363.51376146789
LRQEQPSG,1511.5688073394494
YQRLGHQYL,9990.20642201835
ASDASRKQFRYH,3487.1284403669724
GHRVKSG,1362.3715596330276
FLGKQGQREDAS,1282.4220183486239
RQDPRLSG,1892.0
RHVKQVLQYKV,3850.4311926605506
PYEGPYDAFYKV,16538.811926605504
LQYSGGHAG,2909.288990825688
DFAFQRSG,5275.325688073394
PDYRQEVLS,2550.729357798165
KVQDNKDQASG,748.848623853211
EQDKWKLG,1087.3073394495414
WFDNEYDS,9881.215596330276
ERLSQKVKHAG,1245.2064220183486
EFAWEPVLSG,6584.022935779816
EKSYQRVGRWA,4775.481651376147
DKWHPHDVG,2392.940366972477
RFRKYWLFKG,6852.619266055046
FGKELRHDVSG,1868.802752293578
YSFGPFHDG,9797.605504587156
KKVPYRYNDA,2273.5825688073396
FYANLQLEDL,8963.454128440368
PPKLQPGRDLG,1818.1559633027523
YFSYVEHDVSG,7185.068807339449
YSVSGLPNLS,4189.1697247706425
FGSGVKLG,2905.7522935779816
ERWLESPKG,2010.3853211009175
LSESHAFEYKV,6052.1100917431195
KWSGAKHAS,1630.848623853211
SQKERYDS,1214.0412844036698
YDYRVANDS,2740.4587155963304
NDQYKVFFHASG,14165.633027522936
YNGWHLKQPVA,5192.655963302752
DQNAVLQEYND,2480.532110091743
SKVEARWNHDL,3029.756880733945
HADRGYKHDLG,2702.9816513761466
NGPKVEYPNAL,1803.8165137614678
VRRNVNALS,2512.7798165137615
EFHKDRHL,2555.5504587155965
HSSFLFVLG,37050.78440366973
RGWQFLSVAL,35644.59633027523
NLQHLSSRHDAG,3278.1651376146788
SEEGDLG,1399.7064220183486
NNEVYALSG,3947.5825688073396
HERPGHDG,2211.1284403669724
PHSGWWSGEWA,11568.48623853211
EWFLDRYNKG,8086.082568807339
AGHQYVFEYAS,22791.495412844037
ARPGKVLPWALS,6340.839449541284
WKFPQRDGYHDA,5425.105504587156
ERDNWNG,2326.793577981651
KWVLPHRYHLG,9978.133027522936
AHAYNDPSG,1986.9724770642201
WHAAPSRNS,3647.733944954128
WKESGGDLSG,1796.8073394495414
EGFVNGEWNVL,6128.371559633028
QDYWLEPALEV,6745.495412844037
QDLLLRPKALS,4603.068807339449
QPYEPLNQRNDL,4787.211009174312
KHVQWASWALL,21196.05504587156
VADSSRNVALG,2082.394495412844
FSYGKKHVAS,2372.967889908257
FVNHFEQRDVLG,6102.825688073394
QWAWFRWVNHA,19441.922018348625
HSRKLNGPYWG,8261.559633027522
NWHVAPVQENA,2422.912844036697
HWQHGNG,3698.266055045872
SQKWYALG,6716.880733944954
AEDGQEHGYWS,4882.412844036698
FRDVEHKANDL,2124.591743119266
ASGAPKGPNKDA,787.4449541284404
VDVHNAG,1499.3532110091744
YQVEVGEYKG,2756.6880733944954
NAVFLYWSG,37486.34862385321
NPSKRNAG,1218.6146788990825
WYRNLNG,6916.582568807339
PVKDLAFAS,2551.8440366972477
EALQDFKAREYH,2646.229357798165
KAWHVSVHVS,7717.701834862385
HDKGYNKPDAL,1531.0871559633028
LGPFQYWLSG,17575.10091743119
SQYAQGWDG,5569.573394495413
HWEDSWAS,6901.266055045871
EAFYQFRNDGRE,5507.192660550459
DHHVFRPWVL,20036.091743119265
YKVPSQVSHDG,1817.9908256880733
VEASEHPLG,1597.834862385321
EFSALPHDLS,3841.4449541284403
QRSSQNHRWN,3838.587155963303
SEYYAREPKA,2299.293577981651
SKVAWKYDLG,3676.119266055046
SQPFNGHLSG,2634.422018348624
LWLQVEDG,7404.90366972477
HERPKDVNAL,1579.366972477064
LPVARWKYS,6552.788990825688
WRRPGRDLSG,5032.233944954129
YKHRPKFYDVPN,3764.6743119266057
YGHADEKHD,1438.7293577981652
HPAWKKSG,1472.0871559633028
RHHEFEVAL,5094.674311926606
SAFNGAG,2061.9036697247707
KVRQSFYWKL,7795.876146788991
SDAYENAG,1724.6926605504586
YGDRHVYHVG,7168.853211009175
DHEHAPYSG,2052.1330275229357
FNEFYKHWVS,8620.02752293578
RNNHYSQYWKA,5644.339449541284
LEGLSYSG,4598.376146788991
KDLPRYNQRPG,2467.137614678899
PHQKLSYDGQEP,1392.697247706422
GADAQDVLS,1122.4954128440368
PGHDLFDSPD,3606.256880733945
LNSVNKVALG,2308.3899082568805
EPWYQEWEPVSG,7257.371559633028
RFAQLFRDG,7635.087155963302
PHGWRPARWKD,6134.931192660551
FDWPKGFWNG,8517.779816513761
SVPWHVVLSG,13514.830275229358
PYEYLPDALRPY,20981.70642201835
KPQHVHAG,1393.0642201834862
NEPSLEKALS,1059.8119266055046
SDHAALG,1617.3440366972477
RPHKDANVLEYK,1752.151376146789
SAYQKSG,1320.366972477064
LKVQKKVASG,1067.2385321100917
EPNGSGENAEPH,1088.1743119266055
GYFEHRLSG,5204.51376146789
PKSHNHSYNLS,2547.577981651376
QRKQGEPHGQWN,2169.5733944954127
RYAQPGAEWNAG,2397.4174311926604
HNAWVFWHDVS,14711.922018348623
RQYFFWHG,15955.119266055046
FLLHGEVG,4453.931192660551
DLFHAAGRWAL,12879.711009174312
RDQRNGQHGRW,5974.90366972477
NFARYVSEA,6001.582568807339
DVAKSRHFVAS,2425.2201834862385
QAGWPNGPNA,2242.0550458715597
HVWVAPRENH,4497.48623853211
EEWDYDSFPWA,12263.06880733945
FQPYYLGYWNKH,13135.298165137614
WYQPSKLG,5352.077981651376
EFYSALRYNL,15169.316513761469
ANFGRNSG,2409.261467889908
EFDGHQPYHD,4094.545871559633
FRQWEPNKYNS,4330.651376146789
NESYPWG,5849.233944954129
LGFYNDNSQRV,4470.591743119266
KPEYENVLS,1317.454128440367
QGYKWNAFALG,7782.064220183486
YHWENASWNKL,6199.229357798165
YFAPYGRVG,5518.504587155963
AYHNNALS,2031.5
EQQGPWSG,1725.788990825688
EHKEQENG,524.7752293577981
WPPALPALSG,3634.119266055046
GVNSDASG,808.6926605504588
DQGASRLG,1240.940366972477
DQLYSYNSG,3705.5825688073396
DYVDFDLSG,4718.321100917431
PVVFKHFEVL,19144.422018348625
FDYHREPLPHS,3892.045871559633
YYHGDWNVLG,7019.178899082569
NNGFPYASFPYW,24385.866972477063
EDYRNHPVS,2163.3119266055046
AFWKVVLYHSG,24312.4128440367
PYFELRWRPWK,13189.834862385322
EADNHVREHL,1620.0091743119267
LRYFYQFKAG,10674.619266055046
FQAQGQHDVL,2697.8119266055046
GDLVDAG,1345.2798165137615
WGPREVGHVLSG,3964.756880733945
QDYFFNHVA,7426.366972477064
VEHVVPYWKDA,6155.839449541284
APDYPNLSG,1584.98623853211
GEFNDFLG,7208.09633027523
EHPYPYAPYKV,6680.252293577982
RKGNYAFNDL,4268.5091743119265
VSKFVLRYNA,14661.600917431193
HDFLGHDQEKV,1879.4954128440368
NGRRAQFEYKG,3581.793577981651
NLQGDLFKDVA,2653.243119266055
KYGYRPLSG,4207.866972477064
DLRFDSRKLSG,3883.4816513761466
EPRWDQRDGWL,11697.949541284404
KAAKVREG,802.8853211009174
ERHLQDHASG,1380.9220183486239
RHLNSGELQNAG,1598.6009174311926
HSLGWLRNHL,10322.770642201835
RNDANVSGNFHS,3088.064220183486
FRQYVLFNDFYW,33390.21559633027
SRLGYWNPAL,14265.490825688074
QLLYEHAG,5174.711009174312
WFYRFEWKDAL,12176.69266055046
KNLYVALQRNDA,5465.775229357798
VRPVKGQEPW,2404.8256880733943
EAVFGNHL,4322.8302752293575
LEASRSQESG,1184.454128440367
WSGPKGNQHVA,1863.0688073394494
AVFNPYG,9330.922018348623
NNEDFREPHVA,2179.1100917431195
PEKRDPAS,939.8532110091743
YQDRLPWNVG,6897.467889908256
DDGYRALG,4108.05504587156
YWKSHGKDASPK,1352.4908256880733
DWELSPG,4067.151376146789
RHVDDVRYNVLG,6058.408256880734
HADGSGWG,3746.0045871559632
QQQRLQPG,2143.738532110092
DNFVLRLS,31672.825688073393
PKAHNDVGKHLS,1633.2844036697247
PHASWGFEPRW,18184.660550458717
KPWVQAYVG,5534.582568807339
KGVFWNGQFVAG,7959.064220183486
PGKHSVGFEYNL,7409.123853211009
WNYAVGVALG,12848.426605504586
PEFHVYSG,11373.981651376147
KYLVLKHVAL,14091.80733944954
GYLGQGRWNVG,7299.692660550459
VPKKKVALS,881.9174311926605
FRSPRAQEYNA,2785.8394495412845
EDHWAEKDLG,1786.3899082568807
EDDKYSG,1135.573394495413
ERAYLQWKDAS,2817.6651376146788
FQNKDYLRVLG,6289.706422018348
ESYVFNDLYHA,13075.912844036697
RQKRLFPYWV,10394.444954128441
ELVVFVLG,45508.252293577985
HNWLEHVALG,7946.766055045871
GNHSGALPKL,2317.353211009174
HNVRVRDG,3409.5229357798166
PWPSLSEPWD,10136.344036697248
EGALWWKAS,5593.697247706422
HQKRKDYWHVG,2764.059633027523
YEARGEAG,1859.6146788990825
QWAGLKSGNSG,2286.201834862385
RFQLVASG,7827.0
FSHQKVSNDV,1697.9357798165138
APWAHPHAL,5599.495412844037
RYGLLSFNLG,17555.683486238533
HYQPYQREVA,4280.44495412844
PEWPAWDG,11400.100917431193
NVHPAFRSG,5300.807339449541
RKWSHVAFREW,10693.899082568807
WWLGADLG,13316.330275229358
YYSVQKG,2613.3990825688074
DKRKHFPG,1390.5045871559632
DYNFFWDLS,17385.20642201835
GHYGVLG,5034.518348623853
VYQYFALSG,17620.628440366974
HLYRLSVAG,11377.733944954129
PHWFKLYWHG,18365.435779816515
WKRQWNQPKA,2647.9908256880735
WWNERPHG,6675.559633027523
DSEQFKANDA,1299.51376146789
QWAGKDYHQFWG,10769.912844036697
HGNPEYVG,2748.729357798165
LRDDYLSG,3534.830275229358
WDHWNHSGDALG,6237.293577981652
QWDWDVFWVQPY,40360.56880733945
ENDHGFHVRNH,4280.064220183486
PPHKVKHDA,1161.9724770642201
FSGHPHAVSG,2761.380733944954
DRWVQDFENKD,3050.0412844036696
RFAGYSGKA,3345.6146788990827
KKVPLHLG,1847.7981651376147
YWSNHAPFRENV,8293.348623853211
DLWVNSQPNHS,4635.660550458716
DWEKNSG,1489.532110091743
QSSRGRVLSG,2342.7844036697247
EAAEEHAG,879.940366972477
KSQHSRPGPYN,3391.077981651376
QYVYWNGRWHEL,18412.422018348625
QGGLPWG,5810.642201834862
RYSKQRPHPYKL,4847.155963302752
ANNLKHSG,1373.3990825688074
KNHFQKDG,1369.1559633027523
NGREDENAFWND,5202.243119266055
WNVPQRYDRNKA,4605.178899082569
KQKERPHDVLS,1087.1605504587155
HWVKVHSG,4316.279816513761
EDDKLSNSG,895.3899082568807
PNKKQRNGRNV,990.2018348623853
NKYNGQRELSGE,1223.532110091743
ARWYSGNHDV,6201.201834862385
DDGRVPLG,2268.1422018348626
AWSAVSG,3752.0137614678897
QDEVVLQRYG,7568.137614678899
GWEQKDG,1742.926605504587
SPPKGNSG,868.7385321100918
WEKEEYKHG,1915.366972477064
GQDGEGWVA,2402.4862385321103
FHRQDAGYND,3586.2798165137615
LQPQGEWG,2342.5045871559632
EPPFLGQPNKS,1824.3256880733945
WVFLPKQPDS,6946.027522935779
EPYRWDNLEYS,13791.183486238531
WKDVKAEPLRY,4602.880733944954
PYSWNVENLKV,6690.711009174312
HLSVWNKPVS,3828.793577981651
YFHEEWNHDLS,6698.678899082569
EAGVQPYRHAG,2816.6926605504586
EVHHDNDV,1559.2477064220184
KSRNENFNDAG,1505.3073394495414
FKWLDAGEPWAL,15045.243119266055
DEFEDHSG,1717.1100917431193
FRRGEPPLSG,2915.756880733945
KWWVDVASG,5663.440366972477
EALRHWHKHG,3595.1926605504586
DLLEYLRPYS,9748.394495412844
WKFKLQSQHDS,2885.5091743119265
VNAVHDSG,1537.51376146789
HYKWKFDVAS,3643.105504587156
LQVPWGREDAG,3180.5688073394494
NVHRYLEYWG,16860.605504587154
WLERGQNVA,6181.94495412844
NEYDNRYHG,5495.605504587156
SPAVWLG,5759.05504587156
YHFHVFNGQFKH,10279.857798165138
SGSEWLWDVG,8293.435779816513
NGASNVREPYDG,3085.619266055046
WKSNLRWNVPWN,14209.69266055046
YAQEQEWHVPYK,6346.302752293578
GKDRWEYG,3763.243119266055
PEQKAELG,804.197247706422
FKQGLREPKH,1946.4311926605506
AENLPSPDG,1604.2201834862385
EPYSEQWEYV,10660.701834862386
VLQSDGQFHL,6948.100917431193
YGPRKDAWDS,2788.5963302752293
NGVVEYVALS,19224.10091743119
WYHESEWDVG,7875.747706422018
QHANPDAREHA,1530.1284403669724
DGYYHFWNKL,11161.58256880734
WEKLAENHG,3162.0091743119265
WVFQWNSYVS,22901.729357798165
NKGQQWYNVLG,5959.876146788991
GNFFVLG,24550.339449541283
WFRQKVQWNKHA,5523.321100917431
RPRPARKQDV,1130.045871559633
PNAFKDQHSFW,9665.38990825688
PYFVQPNRPYH,17624.004587155963
QPGPKFPVYKA,4527.816513761468
DSAFKLLSG,3221.770642201835
KHWEREKHDLG,1807.4220183486239
EDYWKNSRVS,2398.178899082569
VNLWQPLS,8163.40366972477
VHYLYSG,8370.050458715596
WQNARPAGNKS,2292.9770642201834
EYGEVLRPALFR,17493.059633027522
DNDSYLFKHLS,5160.788990825688
FKDDARSGRYA,3587.330275229358
AWSAGDLS,3037.954128440367
RLKYFNSG,4590.339449541284
YRKNYDLSG,3127.922018348624
KGKARYFREPA,1693.4770642201836
AYDDYHG,3933.298165137615
FVLGDGLSKAG,3829.394495412844
LWDHRYDVSG,7259.334862385321
HFAPLFNDVAS,8383.821100917432
KSGYSPLSFHS,5707.353211009175
VDKAVAG,1102.3577981651376
SGVPRELG,1525.7844036697247
LRASDPYVG,3605.1422018348626
RWARSEKAPHA,2188.7522935779816
DWSGFWNNLG,11666.018348623853
VFQHLEVAL,11644.646788990825
FWRLWDYHG,15520.88990825688
SGVHKDLG,1564.4587155963302
DRVWDQKHVL,4014.0550458715597
YSHHEPLG,2989.711009174312
HWKQYKEHDVAG,1721.5550458715597
PAVSFVQKD,3995.821100917431
ALPYFHLRPYG,18790.990825688074
EQKLRKQVL,1542.4587155963302
GFLPEWAG,8569.09633027523
VRGFYDVADG,6515.504587155963
ANDKYDG,1038.3211009174313
NSGGYDRDSG,2030.5366972477063
KRSQYEKHDL,1450.3302752293578
EKVKDSSRYKA,802.4311926605504
EGPLKDRENVAG,947.5045871559633
HGGQHAYDA,2794.711009174312
DGEKWPKHDA,1603.940366972477
WLVDQYLS,17088.532110091743
KRYYHQYWNKH,4866.619266055046
RPHNDAWDDLG,4694.045871559633
KVLFSPDGQRYW,17409.876146788993
WLFLWNQNL,17262.24770642202
SRLFFPASG,10764.128440366972
DEHRSENLS,1415.6834862385322
YGFEKENNVL,3985.7752293577983
PDGWWNLWHS,22655.830275229357
GPKVSWLQLSG,4544.977064220184
PHEHVSHSFL,8807.133027522936
LGDVWVGEKVA,3438.8256880733943
WQHHLWKHL,10961.229357798165
PLQAYQRYS,8540.56880733945
KWGKNKHVAG,1500.5
WLHKEDVL,3626.5825688073396
YNDGVAQEWAPK,3054.4770642201834
SVGSDAG,1625.651376146789
RDLPRPWKHVPN,3258.2247706422017
AAFYDWLSG,11086.357798165138
ENSVSHAFDG,2124.5412844036696
LAGNNVLG,2953.816513761468
PWSFNDEDYNHV,7995.6100917431195
KWDKGPLSG,2079.4266055045873
NLWGRGQKVAG,3400.4908256880735
DPGQWYSG,4761.711009174312
SPFWPWVLG,23033.371559633026
DYDKKHDVAL,1395.288990825688
SHLPENDVAL,2233.545871559633
VNRQVSG,1594.7798165137615
DDAAQDALG,1420.7477064220184
GQQKLQVALG,1821.5963302752293
VENDEDQENK,779.5963302752293
LNVVQELG,2291.848623853211
QSVNPHLG,2359.077981651376
PAERGYKHAL,2847.1146788990827
AERNWAG,3282.0045871559632
GPNEAGHVLG,1492.2935779816514
KHQYFRKQRWND,3823.3256880733943
LQSVFYSG,15042.004587155963
PYHYRNKHYNVG,4988.522935779816
KNRWPLSG,3358.087155963303
FHWPASQFKH,7092.495412844037
PDNSFHWDASG,4402.678899082569
RQPYSHENHD,2469.243119266055
WDLSLGYNREKV,4854.9495412844035
RNEFLGWNVS,8123.802752293578
VRSALEKVAL,2364.619266055046
VWHNAHDVAS,2913.2247706422017
FFYPWPHS,7480.311926605505
PVLVWKDVHG,7570.912844036698
WKGLQDFHVA,4474.5504587155965
LAREVWVG,5269.674311926606
YQQDYWNHDVAG,3377.678899082569
QAHWAFDVAG,5545.40366972477
EKYFRYNEWHVS,6493.688073394495
GFDRAKLG,2504.9036697247707
QNVNEPYDFWH,10367.270642201835
AGHLPKDVLGKH,1755.0
PNAAGEQYKL,1537.7981651376147
HEVVNLSG,2626.880733944954
KQKKKDSG,536.8899082568807
DKFVGKVG,1355.3623853211009
RAEWAFDWHLS,16353.738532110092
AHQRAAS,1410.2614678899083
RFDADAYHG,3636.761467889908
SFSGLGHSG,2789.940366972477
GELHYWVS,10738.183486238531
AFAQEGVLG,1924.073394495413
KGVKGFDS,1003.743119266055
QSYYAGYWNV,8896.256880733945
VRRQPAS,1370.8165137614678
KLSVSYWYNK,7109.344036697248
YAQVSRKQPDVA,1395.7798165137615
RGAPSGEPNHG,1360.4174311926606
FFESHALQAL,5234.720183486239
SQGWNFKDV,2676.876146788991
GRLHWNDVG,3698.701834862385
VGNAKGYDV,1273.9311926605506
KGVNHDFWAG,3460.798165137615
PVFKWDGWHAL,14445.47247706422
WLYSRQRDG,5494.527522935779
AVLRRVLG,6127.045871559633
HYVFYHWHAS,12878.174311926605
KDQDNLPYHSG,1705.2201834862385
DRFNYDALS,3625.1009174311926
VHGNSYASG,2188.380733944954
PEQDVWALG,3569.2155963302753
WKVQALRKDAQR,2074.6743119266057
VNLSEVQVASG,1493.0
EDGDSDSEPWD,1693.0275229357799
VDVQRGWDS,3084.435779816514
WYHVYGEHALG,9640.385321100917
ASSNNLS,1381.7477064220184
HVVRWKYWHDS,8880.788990825688
FRYPDFHLRSG,9388.926605504586
ELNQLSQFYH,8132.087155963302
WGVGLGDSG,4343.527522935779
RPNHAHSQKDFR,2270.362385321101
RYFYWAQDAWKH,10817.899082568807
WNFQAEYHVAL,18918.816513761467
NFVNGYHSG,4778.376146788991
EFQPSNLG,2249.798165137615
QQPVQVLQASG,1353.6284403669724
FAFNFPQEASG,3927.4633027522937
NQFPPHAQFYS,12752.330275229358
NSGDLLSFYK,5976.54128440367
FQNPEKALS,1516.7798165137615
FWAAFRNVPWG,17954.316513761467
YFLKNSG,2960.9449541284403
YYGPKYAG,3762.798165137615
SALEYEYNL,8599.201834862386
EWAPSFVYDAS,10233.243119266055
NRVKKSG,1035.0642201834862
RDWFLSQFNAS,10299.19266055046
WQVLRSQEWAG,9122.981651376147
KVWGFYRASG,9617.087155963303
FVNGDSQFRL,8315.633027522936
QNHPEYDGNKDL,1704.0550458715597
LSNLEYVAPYWN,16433.770642201835
SNLQDYLG,3795.9495412844035
EKWWASEKHAS,1867.0045871559632
HEFWVRAG,8902.009174311926
HGKGFHGWVS,6613.766055045871
HWPVWDALS,13766.256880733945
DNKRWRAG,2540.9862385321103
LWHDFAQPALS,9183.43119266055
VGRYGQRSQHSG,3441.8119266055046
HRAWSYLG,9992.550458715596
HYPRPLG,5987.651376146789
FVEQDAEYNHDG,3346.233944954128
EEHKFYASG,2619.362385321101
PRWHFEFRNDV,12514.37614678899
GFLNANAG,3745.123853211009
FHFEEYGFKHL,11591.422018348623
KHHLKHAYNAS,2031.866972477064
EAYKPFRPASG,1859.105504587156
FEHYGPWLGNK,6926.412844036698
FLNNENHAG,2526.52752293578
HVRYWQKDKVG,3004.243119266055
NQFYPREYHVS,10578.509174311926
SQQGFHG,2641.5045871559632
FRYGHRWSPLG,12138.215596330276
RHRRFWNKHVA,3552.0366972477063
GKHLWRNALS,5506.711009174312
EKRNGVLFNAG,2809.02752293578
NYKPFPHLS,5687.747706422018
AQSQNGHVS,1286.4311926605506
GRDAAGEWNH,2517.6559633027523
FSAKWLSG,4259.51376146789
EEDQYSYSG,2672.02752293578
RLRAKALPWNVA,4979.087155963302
KHLGRDSKSWN,1973.8211009174313
NVALVQRLGRPY,17352.564220183485
SPYQFPYYNVAL,21778.48623853211
KNRWYLG,7660.954128440367
HFAVWLSG,19030.88532110092
PGEVYHVEKDV,2525.2155963302753
NQVVVAG,3570.6651376146788
DKPPYVLSG,2518.270642201835
GKLDDLSG,1189.7614678899083
WPGVPNLG,4340.711009174312
FPVYQKAFRPL,13995.98623853211
PAEDGEDWDLS,2389.4495412844035
GDEYYKHDALG,2579.4495412844035
DAGVVAFEPWKD,5770.123853211009
LYSQYKWKDAG,3223.229357798165
WYWGQGRVG,8220.050458715596
YADQQRVALS,3167.6651376146788
ASSYRKHVAS,2341.697247706422
RLLRNLFWKVLS,10071.591743119267
YAWKYNGNDSG,2918.940366972477
WAAPASFEWV,16937.197247706423
HPAKHPNKHDL,1477.2385321100917
YWKEASNKFYA,5801.564220183486
QHSFLYAGWVAG,18058.243119266055
WLEYWDHSGEK,4637.206422018348
EKWLEHQPYA,4647.376146788991
NRGVNALSG,2728.8853211009173
SVEVYHLG,8404.275229357798
YWHWDARGWLSG,15337.848623853211
NANEQKLG,1294.4174311926606
YFPAVGFYL,35670.85321100918
HKYNDKSG,1435.5229357798164
HEFRVPLG,6189.5504587155965
EESNYDLG,1955.6146788990825
YHNQLRPWN,8649.93119266055
GRFLYNLS,12392.422018348623
WYGYAFG,9630.577981651377
PHWAGHGFYN,14513.032110091743
KHQPYNQEQNK,1122.9220183486239
KDLPWHVWFNDS,13054.119266055046
KKHWQWVALSG,5522.334862385321
APHDLNPWHDLG,5349.798165137615
SVNVHSG,2224.6743119266057
QKDWAGEEVAL,1847.7522935779816
EHKGHENDVLG,1153.532110091743
LHVELKSG,4138.752293577982
RFWYGWVLG,24223.47247706422
QQDVPDQRYVL,4568.834862385321
FAVEPYNLRNDA,5942.834862385321
EWWRWGQPAS,10026.091743119267
FEVFLSQAGEP,12616.614678899083
EGRYRPKHYDA,3372.362385321101
YERREDLSG,2429.330275229358
LHYDRVLSG,5235.738532110092
DSWDEAPNSG,2032.2155963302753
DRPERYWKHLG,3326.9770642201834
DLSNRWVALQPW,20477.22018348624
VLGPGQDWVG,3616.146788990826
ENQAWLSYHVS,8540.321100917432
SWKQNAEVG,1746.4220183486239
YHPEHDQPWN,4042.146788990826
QKQGWNAPDVSG,1638.5825688073394
QADAQFNSKVA,1790.7706422018348
RVYWLQNGFWA,30531.967889908257
ALHAYWVWSG,21775.357798165136
HSSAPYSG,2600.6651376146788
FLSEEPYGFDV,11745.95871559633
PDDWGRDVSG,2879.211009174312
NQFDDVAFDVS,7116.678899082569
WWEDDVG,7132.431192660551
PELEKNDALSG,1349.7018348623853
GPLEYGDALS,2696.330275229358
YVDELSNG,3017.669724770642
ENLFPAQAFRYS,11474.775229357798
KEEGQEWALS,1748.0412844036698
LLQALVLSG,21588.128440366974
PRAWEPDVAG,3075.467889908257
PARWDEAFRDSG,4820.022935779816
ESVGSQRPYA,2372.577981651376
SKSKESG,728.0550458715596
VEHDVHAQFAS,3895.743119266055
DQPPRPYWKH,3995.967889908257
FPKSENQYLQFH,10928.798165137614
FVGNYLWDVAL,19647.449541284404
PNWKGPQYWVLS,19407.188073394496
RGYGRHRNG,3190.146788990826
LHFDDVG,4809.174311926606
NSWYSVASG,6895.637614678899
QLQSVEPYL,5455.844036697248
WLFYSWDQFYAG,17227.490825688074
QKHYPYKAFVL,11895.509174311926
EHYLFEARNKS,3901.7477064220184
SGNFPSEDVAL,2536.935779816514
NQAASEVAG,1025.6146788990825
EGRGVFYHL,13617.48623853211
VAFDESQFRA,4966.518348623853
VAFLNQEYDG,6854.98623853211
FRHHEPAFYWAG,16566.954128440368
APPSDLG,1100.4724770642201
KKPARHSG,810.2706422018349
EADNLHALSG,1688.908256880734
ALYAKDGFWVG,15551.059633027522
PDLPPKLVALG,3586.711009174312
QHDPAREGEPYV,1829.7155963302753
LAPGQFHAS,3935.559633027523
NPGHWNDSG,2356.821100917431
HNRPKFRG,2336.4266055045873
DWFNAYLSG,13601.270642201835
FWPNDAYPHDV,7295.371559633028
NVYFFPWKDSG,16004.981651376147
DYKAQKHARKHV,1441.8073394495414
WPNQLPKLG,3655.967889908257
FYHKGEWEDG,3159.743119266055
QDDLGPQHVALG,2566.206422018349
AFHERYHDVG,4602.385321100917
EVFVPVSQNKL,3353.412844036697
EEGEDQLG,949.8853211009174
NLDGWKDWND,5362.357798165138
YLHLYDQEWH,12751.243119266055
AQRELGSGYHLG,5517.8899082568805
VPPHDELS,1364.2752293577983
PQSSQHALS,1443.0504587155963
ALNEVAFPWNG,6863.568807339449
FAFSAQEPNHL,5955.09633027523
QYWWASGWDLGN,16896.876146788993
LYQGFAG,6773.857798165138
RWGFDLPWVKH,17342.39908256881
LEHNKNHDVL,2351.4449541284403
EFRYDAWQNH,6452.128440366972
AWLHPDSG,4250.137614678899
AENQFKAWAL,6964.646788990825
PADNRDLSG,1506.1743119266055
RQPGQKVKVLSG,1404.5183486238532
DYKVEDRKHDG,998.894495412844
HAPDPKVGASG,921.3577981651376
GPQFSFEG,3635.1605504587155
FRWRQEWHWNL,19548.610091743118
DLNVSNQRYN,4269.967889908256
RKGNAFHSNDV,2063.4587155963304
NQLLKHSG,2067.8899082568805
GGNKVWNKVA,1914.0183486238532
DVNVSRGREHA,1964.3302752293578
FEPRYVALRRYA,20268.761467889908
SLRWQFRYDVL,23437.366972477063
GRRLDALSG,3212.0825688073396
KEQVPDG,937.2660550458716
SVPQESG,991.816513761468
AVFYGDSG,7617.853211009175
RRYRFRNKHL,3585.6605504587155
WGDNYDG,6825.256880733945
NPNRHWNKHLG,3688.821100917431
WSQGLFRWND,14552.729357798165
QKDHEYGNDVS,1383.2798165137615
VHAFFHVG,12816.449541284404
GFSVPKDALG,2709.467889908257
EPHEDVAWLQEN,2687.605504587156
ENGDSWHPDG,2446.6100917431195
LAWVKSG,3965.045871559633
HAVHPVAG,2250.766055045872
QDEAYSDAG,1866.5779816513761
DYEFWHVLG,10300.522935779816
YQDHYDLSG,4612.463302752293
DYNDGEAYKH,2080.7844036697247
WGLHGPDVL,10351.87614678899
ARKVFSEVALS,4283.09633027523
NANHSVFEPND,2378.6284403669724
PRPVWNNHAS,3105.97247706422
NFNLSRAYWNKH,7650.417431192661
YNPLHVENKL,3264.1559633027523
ALFNFYVYVA,22846.059633027522
DLHLFWSQLG,15811.155963302752
AQWKWNHEKA,1867.926605504587
HNSEAHLS,1483.2568807339449
GDSDHASG,1404.8990825688074
WFWKWFRYWDA,16057.550458715596
WFDRNALGVL,14246.201834862386
KDHANLSWVL,6923.605504587156
KDSPVWVLKHG,4174.866972477064
EPSVEDGVS,910.5137614678899
DAGYSFPLNKH,4454.05504587156
PSGGQFDREKDL,1508.7844036697247
YHYQLSQFKHV,6933.697247706422
RWFYKSLKDV,5130.922018348624
FGQFQFLQWDA,25241.376146788993
NYWSEGEYHDG,5895.532110091744
YKELWHGFYKDS,6672.545871559633
PAQSGQVENDS,1162.6238532110092
FVVWSGDSG,7065.454128440367
SGYFKREPA,2739.3119266055046
FRSLQRYSEHVS,4793.766055045871
EYVKHFHQRDAL,4112.706422018348
WPSDFPHAS,4593.321100917431
PGGSVAG,1386.880733944954
EFQHAEVS,1667.7339449541284
FEPYKPEPSYK,1757.9220183486239
PGYQAGNHVL,3638.3348623853212
VAVEVGPS,1912.5825688073394
LKNAFWKHDVLG,4463.568807339449
PVPVNSFWHAL,10498.004587155963
DLADHVG,2008.0366972477063
WRWYRNDLS,11901.600917431193
PKHYAGVPWND,4261.128440366972
FVGHWVRNKDS,3355.802752293578
GKALEGPG,988.348623853211
APAAHVG,971.5779816513761
WRVWEPSG,7806.394495412844
HADNVGEPYVAG,2287.8990825688074
NAGNWKPKHVS,1964.9633027522937
KHQLVLFNKG,5315.183486238532
AHDNGHDSG,1152.8211009174313
PSAVEPVS,1013.2981651376147
HEPLKGFWHD,5411.623853211009
SYRGVALSG,4632.766055045871
PHRNSQRYDVFK,5271.743119266055
NAVEWSHLSG,4477.348623853211
FLQSQWHWAS,11541.29357798165
FNKRALQFLHDA,7141.720183486239
WKSDAEGFRNV,2549.545871559633
PNNSQWHVNALG,3913.169724770642
NRPAKRNHLS,1499.6697247706422
ALLKWDLG,6082.977064220184
EAVWWHVLG,9983.284403669724
SRSNQYALS,3164.793577981651
VSNKPHSFENKD,993.0366972477065
QLVPESG,975.1100917431193
QQQRVSQLS,1411.5091743119267
KGNNKLYWKS,1668.8715596330276
SHAYRVSG,3232.02752293578
GRHGDLRYWHV,9846.655963302752
KDLLAGRPKG,1486.119266055046
FYKRHSGRGQPH,2994.8394495412845
GKHHNLSG,1332.5550458715597
QFRLQPAAYKDL,3086.5412844036696
QGEEDSRYWDV,2964.798165137615
RGAEGHDVAG,927.105504587156
LNSVAPLSG,1888.3119266055046
DASEWQNFDSG,3653.4587155963304
EPDGERYQYN,3360.683486238532
DNDKHHAG,908.6605504587156
YRAPGKSG,1539.440366972477
FRVWLYWRSG,20318.05504587156
LWEKQLSG,2432.1605504587155
AVWAVLSG,9125.555045871559
NSNPWVSNDV,3570.619266055046
DPESDVALG,932.302752293578
PGSGDSVG,985.7935779816514
RSHFGFPKHDG,3679.2477064220184
HAFAFYNPNLSG,12787.29357798165
DGEPVFHLEN,3576.362385321101
PHERVALQFPV,10866.215596330276
EPDKEPLKDA,647.1100917431193
FYYAKSGFHVL,7432.55504587156
NWHDRLYWKG,8829.940366972478
QQASVGFWNV,6138.793577981652
VAYGESFHL,6963.770642201835
VPVQFPSYNK,2709.6330275229357
AHQEPQWNKHA,1609.545871559633
LWALVSDS,10845.821100917432
HDKDPFYWHDG,6051.885321100917
NQAAGWLSG,3191.2477064220184
VEHGGQEYNL,2962.8577981651374
RSWKEKFEYNG,2477.532110091743
DYEFYSG,7193.270642201835
GPVLPWHSFPDV,9411.954128440368
VFSPRDG,3781.7477064220184
LKLGYWPKHDA,5065.642201834862
GNEKFYAG,2269.2477064220184
DADPVFPYNKV,2340.454128440367
YFEHPQRNSG,3103.211009174312
ARPRNEPYWASG,4221.600917431193
YRQQESG,1456.4816513761468
ADFHSVG,2708.830275229358
PGQQDVLGVL,2929.646788990826
GKSHEASG,848.0733944954128
QWPFEWRKG,9604.646788990825
PPEDAAG,896.0275229357799
WLNRVFPNH,11124.885321100917
HWNLVWNKS,6275.1697247706425
HPDRNQRWHS,3906.6926605504586
AFHVNLHDVS,6061.587155963302
KQVKLYNAS,1848.0825688073394
RSAWPHALS,6448.298165137615
VKLKGYASG,1994.0779816513761
QRKFPRDVQPWV,5898.284403669725
NEHQNDVRHDAS,1663.5688073394494
KHFFELEALG,6724.463302752293
RDVHNVAQVL,3246.330275229358
FYRGDVFEYDS,10832.97247706422
AEDSKDPDLG,868.7064220183486
WQPNLDLQRKLS,5051.087155963302
QKNSNSKHDV,927.6100917431193
NKQWPNASQFED,2628.0963302752293
HSDNASWNKHL,2819.6146788990827
KQASEVQWHV,2351.8256880733943
NVKDSQKYWHAS,1944.2064220183486
QSADLPSG,1132.6788990825687
NDALWLGRPSQE,3504.9311926605506
DSWGVAFYKVA,20974.532110091743
FYSEENQEKHS,1576.48623853211
PDDPSGYWNLS,4721.298165137615
SNAWLDAG,4693.0091743119265
PEGDDVALS,1522.6697247706422
SYKQFGRED,2142.729357798165
PEGKGWAG,2062.233944954128
PWFPKQKLEPHL,4666.142201834862
HAKVEPSPYKL,2264.605504587156
PPYYLRKHD,6363.495412844037
NGKRDPWVAG,2343.8853211009173
DDVYPAG,1988.7431192660551
WRYPSNHDVSG,4968.087155963302
YHANDGDQWD,4490.344036697248
RQNPSPKHAG,1501.1376146788991
PLPWVEPGQEVL,4261.628440366972
NERYWEYLG,13614.844036697248
KNAFLEPNHLS,3236.6880733944954
KDSRFLQKHSG,1969.3165137614678
KFWNVEEWKV,4103.05504587156
LVRWWLSG,15848.02752293578
NVFREFGQWG,16088.97247706422
PSLNPNG,1936.619266055046
PHEEHGYNDA,1960.5
WGHEPHVPNDL,4342.1100917431195
SYKSVFPYHVSG,6516.743119266055
DHSRWEKG,1880.5412844036698
YQSGPFPKSG,3272.1009174311926
DRFVPWSG,8468.821100917432
AHQGDLG,1533.7293577981652
VSYEKGEPHL,1859.1880733944954
PVWRVNKDAL,5545.366972477064
DPKYRWHSG,2684.8440366972477
ELFDKSQNKLG,1599.4128440366972
QYAKLQNFWAS,7855.165137614679
VAARWQKHDVA,2830.211009174312
ENVGHLFGWHDL,14651.522935779816
RLWWDAPYHD,21004.022935779816
QLLKFKLG,7204.55504587156
ERRANKDLG,1109.4587155963302
EQAWFDVSG,4702.683486238532
NWLRKEDVG,2642.9036697247707
EERWWALG,9893.770642201835
NVNEEPYWNDL,5413.798165137615
QVELDGPYWKA,7781.825688073394
PPDGYNRKHS,2261.4174311926604
ELSPVLFFKVLG,46787.40366972477
KRHSQARWHS,3298.123853211009
KVYPYGNKVS,2796.5137614678897
EFGHVRKAS,2290.683486238532
YGHWQDLSG,5728.155963302752
HNLWPDASG,4283.733944954129
HSHNAQKHVS,1457.4128440366972
YFHRAFENKAL,5228.380733944954
QFFNENKLWHD,8080.98623853211
KRYARVQHLSG,3533.8715596330276
WVVDSFALG,28363.357798165136
PLWVLFVSPWV,52920.92660550459
DYVKGENLSG,1846.3165137614678
RSEEHEWHVASG,2408.646788990826
KYDQKPYG,2230.7522935779816
FGWAARPYNVS,10751.08256880734
DFVRERNG,2643.321100917431
WKHSDVRWAGA,5460.761467889908
SVSNVPLS,2038.4449541284403
AYRWYNHDS,7229.545871559633
QDAFQWDVQEWG,8190.573394495413
HRNHRRYWG,7208.261467889908
YEAGHAEKHSG,1603.7064220183486
GFRGGQPWKHS,5006.614678899083
RYPFLSEYNVL,17907.06880733945
WGEKLQNKRNHA,2500.7844036697247
NAKVSPGQFWH,7444.48623853211
GRVYWWHG,17954.8623853211
HENDSWSWHVS,8944.344036697248
QGRQRVLPLG,3920.2522935779816
PPYELWKDVAS,3448.9908256880735
ENSFVAWDRLS,8549.779816513761
ESYEWNKYNL,4946.8302752293575
FDGNKLPFWV,19540.10091743119
YFYVHQPYNV,10530.178899082568
LVFWQNSG,10156.91743119266
NGFDNKFPYWS,14327.839449541285
QNSLHAFPL,7943.114678899083
FGVFPGNDG,5736.247706422018
NLAAKVALG,2695.3073394495414
NFKAQVEPWNV,4320.8899082568805
EWGYKGWLRNA,9131.908256880733
LHPHYSG,5633.876146788991
HNWKYALSG,5202.454128440367
FPEANGYWL,22292.56880733945
EEEVWSG,2422.761467889908
RHNDGGFRENK,1986.3761467889908
YFHFYFYWKDV,6830.027522935779
QKRHQNQEYKAS,1364.4311926605506
DSQVYALVALG,31625.142201834864
WLVSQPGQHDAS,4241.807339449541
GKLSKSYNKL,1490.619266055046
WWVPEHG,7325.123853211009
EPDQFDGWASY,10724.449541284404
YVLWREEHSG,6788.729357798165
WHFYGEGVALG,11844.440366972478
NLLPEALSG,3111.045871559633
YHHHWDAG,5850.770642201835
QRKGWLGESFRD,5405.995412844037
SYKFNRWKHDL,5618.467889908256
FSDKDPWNKVL,2845.5550458715597
WYEYQEDG,6232.004587155963
HLGVKALSNK,2236.5825688073396
RHQDPKAKDA,809.3073394495412
WNVREHDDASLS,4660.665137614679
LEYDLAGWAL,13665.674311926605
YQENWVYWHVAL,27094.559633027522
HYFRGKSG,3613.9908256880735
DQDYYSG,3198.623853211009
AQNNGKVLS,1401.651376146789
DPQQDLS,989.7660550458716
FKWPSGFPYS,14859.449541284404
RKPKPKQLSG,782.2018348623853
VNYHSKDVSG,1709.9724770642201
QWADRYGFWDS,19856.963302752294
LSWQNHLYKDS,5698.747706422018
QHWSEVSAG,2684.798165137615
PANEDQPKVAS,858.0871559633027
FQKELPDLS,1496.059633027523
GHRQNHVSG,2129.532110091743
RPKHPHQPRVLG,2788.47247706422
DRPFYVQRPKA,4227.522935779816
FPKHNHVFGRE,4367.288990825688
YGDFRHAREND,3174.169724770642
RFKERYSG,2703.802752293578
YPAQYGQDVG,2876.8669724770643
KSNQPGRYWND,4550.54128440367
HWHGVEAG,2691.738532110092
WERSALS,6825.463302752293
AFLVLVSG,45814.252293577985
WAVKHSKHVS,3327.6422018348626
PVWHGKHGQFPL,8940.954128440368
DQSFFEASG,3302.954128440367
HEAEAQPKVAL,1400.7018348623853
WAPDPDSGYHL,6477.481651376147
EGWKNSEHAL,1928.8532110091744
SFQRNHDWD,9027.353211009175
EQGNYNSG,1433.8623853211009
DRFQYKG,2966.233944954128
SKLDYDVA,1670.926605504587
QWWWWNSG,19010.743119266055
EWNFHLDSFYNL,25326.522935779816
EQVHRPLG,2164.380733944954
RALLELKHLG,7641.90366972477
SQFNFNEYWKDA,7592.133027522936
WAFEYLPRPDAG,13901.279816513761
FRWWDQFSEPW,30256.128440366974
LYEWDNS,5613.165137614679
QFGDDAQYNHG,3597.646788990826
PYAGQDFWGPNS,6960.59633027523
VGARFRESG,2574.7522935779816
VYWWDYKLG,13315.339449541285
LLGSVLSG,4846.366972477064
YRLFHAYDS,8928.426605504586
LVAANSG,2091.091743119266
RRNHGFQFWKV,11356.536697247706
RKRVVGRPSG,1308.6238532110092
EPAFQPWGVAS,6184.302752293578
LFRGDPNHVG,3753.6926605504586
WDGEPHLEHFKD,5215.233944954129
VPYNENNHG,2535.5366972477063
AYYSFKSG,6833.4495412844035
QRRKVAQFVYKL,9635.729357798165
VQFLKDSEYNG,3838.1009174311926
LGHFYREWAG,11468.169724770642
HSVKGRHLS,2331.706422018349
DDWQALG,3284.4862385321103
VERQPWALG,7038.9908256880735
DPGKYHAG,1215.665137614679
WSNFEWGDG,10108.169724770642
VAFYYQWASG,18524.160550458717
EFPAYHFVG,8542.967889908257
LQVGDEWKDVS,2106.197247706422
FRFQQYNKDS,3108.137614678899
ERWQGNKVG,2086.646788990826
LSASPNLPYN,4396.720183486239
LYPVFWDVLSG,19385.01376146789
PGQFFNGQKHDV,3246.4036697247707
LHASGPNEDS,1350.954128440367
HAEVKVPWHDVG,3873.770642201835
LWDRQDLSG,3964.4311926605506
VLAAPYNHDA,3753.9311926605506
KDSHKAGWNDAL,1660.6146788990825
YGVKRKALG,2150.454128440367
RFDEENSG,1642.4449541284403
FAHKRKDASG,1256.6834862385322
ALKLWDRPLS,5723.935779816514
GRLSQNQYWKDV,4297.866972477064
WDHVGFHQWKV,13308.550458715596
QADYVFYWVA,37327.98623853211
YPHWVRWKHV,10721.660550458715
NEKALPWEYWS,13772.449541284404
YHKEYVQRDLG,3037.151376146789
NVHEYKHPKH,1816.9816513761468
LWSDRASG,3649.862385321101
YDFVPNKFWG,8418.633027522936
DRLNFEVLG,5848.834862385321
WFHHHALG,8333.674311926605
AGKNQFESG,1195.454128440367
QHYDFDQFNAS,5220.197247706422
YNNWVGPYKHD,7775.756880733945
YWLSPDYDEDVL,4800.591743119266
HGVFNAFWHG,14328.91743119266
NQPRVQFRNDS,2389.4816513761466
GALVLESG,5043.0
ADRYNNG,2049.816513761468
WSFRRPQYAS,8787.385321100917
NYGEELSG,1672.302752293578
AYAEFRPNKD,1766.1697247706422
YSNNHAQWNDA,3216.7798165137615
EPRPPNKGPVA,895.7201834862385
PFKDRVLPDA,2051.564220183486
YDVGNQPAGHA,1965.6009174311926
DLHYQFES,5465.582568807339
FHAHDPRDVSG,2136.8669724770643
AWAVQWSG,7994.045871559633
VAEANPYWVA,8684.362385321101
AFWGWLFYDA,20745.20642201835
EWSDKHLYKL,4081.9587155963304
KSAFFPVG,3671.637614678899
EKRWHRNGQKA,1246.6743119266055
RQWLGWKSQRPV,5974.3899082568805
QYAVDGQND,1873.802752293578
YQVNDYVG,3565.853211009174
RFPWNEQYWK,7862.51376146789
NGLPQHSG,1675.7660550458716
YKSSEPNFWVA,5253.422018348624
DDFKGVLSG,1510.9449541284403
FFPDNKGNHAL,2233.8990825688074
RPNFSQWWNDS,8361.573394495414
SHSAHVLG,2083.7201834862385
KRPSWEYNVS,3034.940366972477
QWWHAYVLYWH,25422.954128440368
DFEFNEPYKDS,3045.7844036697247
GWVSDSREYLS,6200.9908256880735
WDQEWLGKAQYV,9739.59633027523
VNHAGRYRK,1997.4770642201836
ANDHKALS,940.2752293577981
EWKQEGALHS,2257.2844036697247
RWWPWHQVLS,17474.34862385321
WYNNREDAL,4664.004587155963
YGDDVWDSG,3666.233944954128
EHGPAGPQEYWN,2931.9908256880735
DAVVSFDVAL,25019.311926605504
VFEAWGPAG,6702.334862385321
EGFGEVGVG,2184.261467889908
QGKFHQNVL,2418.9036697247707
PSLENSYWHG,5428.004587155963
QPLWWHEPND,9197.885321100917
QVRGALYDASG,3305.8577981651374
VANVRYYWVAG,16287.577981651377
FGFRHLNREH,4991.192660550459
NYLNQKLG,2527.4266055045873
WDEENGNHA,2770.5
DPLGVEHAS,1281.4311926605506
DFHYARHAG,3724.8577981651374
AQRSPQYWKVG,3609.5825688073396
VDPHFEYWKVS,5650.018348623853
QPQGQRDRWHVG,4022.738532110092
AAQPNWLG,4702.311926605505
NHKVAQREHFND,2232.9266055045873
KDHFVGHDVLG,2878.1100917431195
HFDDHDSG,2573.0550458715597
FRVAESRHRENK,1689.3899082568807
DPAVRLSG,1430.7522935779816
EHVSLNLRKL,4993.683486238532
SNNFWLSG,7237.747706422018
YQFHPDWNVL,14197.830275229358
AWQVKLSG,4134.922018348624
WHHYVEHDVG,5672.600917431193
RPGHFDRPWNA,7255.711009174312
QHYNQSQENK,1053.532110091743
QKLSWHPVQWDL,12466.380733944954
AAEHFVLSG,3591.935779816514
PGKRQYWLSG,4957.220183486239
DLENFKHQYHVS,4774.55504587156
NQRHWGQYG,8318.37614678899
PYSPHFWQYH,20486.045871559632
HLLGHGNDAS,2609.376146788991
AHSEPFYLG,7198.091743119266
LRSPSPKVASG,1605.2935779816514
RADGWRSG,4600.807339449541
QARDSYHVYNK,3103.0963302752293
PASLPYRNSG,4059.9633027522937
FRFWAYSWDAL,22336.110091743118
PFKDPDRKVA,1588.6926605504586
LDQFNSYA,6062.568807339449
RDRSRDSRHG,2134.2201834862385
YLYRHGPHVL,11812.284403669724
ESYYWVQNHVL,13786.775229357798
QARYAGNVRPY,8807.857798165138
SDSRADVSG,1132.440366972477
KKYAWVALSG,3683.298165137615
PHWQWHAWVS,20127.27981651376
YDFPGRKHGQDL,2538.2477064220184
RHWQDSRWHVS,8660.91743119266
QAWFVSYKVS,29982.92660550459
WSLELSDSG,7346.151376146789
QYYYNFEKHDVG,5115.344036697248
FVDKDVGHVAL,3610.6743119266057
FASHQPHGQNH,3028.1743119266057
ENHASVKDEPHD,1070.0825688073394
SNHGLPYKVL,8018.793577981652
FLDFDEYKHS,3671.0688073394494
RERVANGPVG,1661.7431192660551
WDPQVEYNDV,5010.220183486239
APEPEVSG,803.183486238532
AWFSNHA,7653.261467889908
SHFDLRG,4764.908256880734
WGKLFGNDG,5219.977064220184
VPVQEDASNDV,1024.711009174312
DDVAHPVLS,2301.348623853211
HSSSQWDAS,2585.4908256880735
SYRGWKSG,3435.4311926605506
QWWLLRPNKDV,9309.247706422018
VKDFYWWKVL,11588.41743119266
WLFFQENSG,12283.674311926605
NVGHKAFNHDA,2239.830275229358
LHSAYLS,5709.577981651376
FFGADLSG,3811.894495412844
NWHNEKDVA,1751.5412844036698
HKEPKQG,671.2706422018349
FVRPWEVGPDV,5425.399082568807
SQKVDVAYWNKG,2278.6880733944954
VPHRNDRHVS,2085.894495412844
NFKLLKSG,3648.646788990826
QSEPNDVYWAGW,12239.908256880733
QDGSYKVARYD,5144.022935779816
ESRLDLRNHA,2294.0229357798166
RRQYESG,2036.3165137614678
GFSKFEHASG,2489.669724770642
WDRYDHDPNHDL,6589.073394495413
NYWKAKSRYNK,2277.4266055045873
SYLARNHDA,3613.151376146789
VQKDVEFENLG,1413.6559633027523
PVYKWQEPYKS,4453.128440366972
EYSQSHDKVG,1301.6100917431193
DAKWSGNKHDV,1549.9128440366972
DAGAGNHGKALS,1404.9036697247707
PWFLSGKHEHV,6868.866972477064
NKVRWGQWLRYH,15319.844036697248
KREEQPYWKDVG,2359.6146788990827
ELEFNQYWKG,6005.651376146789
PENWRKALG,3898.4266055045873
DAEPYKFASGYK,3238.5733944954127
NEEAYALSG,2531.2247706422017
PFDHYNDL,7899.288990825688
RLENNDQHG,2582.5550458715597
HHLSFQVSG,8112.128440366972
GVSKPKSG,966.7339449541284
VRALVKHS,3241.1651376146788
EPKQKVVLGNVG,1293.619266055046
HSVFLRHDVS,9727.02752293578
LEKESFPG,2058.238532110092
RVFSHDYWH,15368.009174311926
GLFEYVQLSG,18167.01376146789
AEYNKHYFPNG,4256.880733944954
VGAKQFLSG,2686.564220183486
QPSQEKQHAP,1189.2752293577983
NFSWPWNKDLG,8017.142201834862
KNRKAEG,841.3715596330276
QWFVLGPLGG,28025.357798165136
PGKSRKYWD,2715.591743119266
DSPAGQHEWK,1545.3302752293578
HYNFSYDASG,6824.857798165138
HYFPVEWSG,11119.266055045871
YQQFLPKVAG,4875.816513761468
EPWHENQYRWHG,13591.720183486239
NNRQKLG,1682.0550458715597
VEHFHEKDL,2586.9266055045873
ELEKEHDRPWS,2411.2844036697247
EEKYKEYNKV,1254.9220183486239
AGYHHQFWNVL,15701.619266055046
VFDRELEWNL,8385.302752293577
QDSANVAFNKS,1868.6422018348624
VAAWSFVG,12159.142201834862
FNELYNKRPNDL,4625.261467889908
QHWDQYSEWVL,17583.467889908257
NKAHWNGQFYS,9608.128440366972
FNKVAWRDGEK,2523.701834862385
HRHPLWKHS,4611.752293577982
GQENDLDFWKA,3284.9862385321103
LNPHGEAG,1666.6467889908256
FEFRLRWNFKA,15145.95871559633
RAGKYHQRDG,1808.7706422018348
LFDVGFKRPKAG,3462.6605504587155
NFDDYWHLG,11586.220183486239
RLDDFRSG,4122.348623853211
AVAAGASG,1586.4449541284403
VPFRFPLSG,8826.032110091743
NFSQFPRWNVL,19667.95871559633
YVKQDPWLG,5492.385321100917
WFESKDRWG,7702.591743119266
FWSKLGNASND,3049.853211009174
QNDFFRVGEYDV,8619.949541284404
GHSKHPVLG,2222.756880733945
EWGSHDVPL,4525.752293577982
PRAKSKHDAL,1038.9724770642201
HPELFLSG,5242.04128440367
PLAPRHSG,2912.412844036697
VAHSLFNHV,5571.94495412844
KFGFDFKHASG,3622.183486238532
YFVPDQYL,12146.490825688074
HVKFKEWNLG,4191.761467889908
KWFYQPSG,6846.55504587156
FSNEPYHQL,6059.165137614679
KPKHLWDFPAG,3653.5825688073396
DVRRPKQFYKG,3082.4587155963304
YHWNFEGFWKHG,12033.325688073395
LHLPFSG,9931.454128440368
RLWSDGWNHLS,13741.59633027523
DADVENKRKDG,969.7247706422019
HQHDEGPWDLS,3882.045871559633
AQYHVYLFEWKL,41029.68348623853
WFHPWFKHASG,13947.788990825688
AGHLDVFNKHLS,4634.348623853211
SDSYQASG,1668.8073394495414
GEQFQLG,3511.0963302752293
ERGWQDLSG,3187.9266055045873
HPASLALSG,2106.2798165137615
ANHHLELG,2453.032110091743
QANHLRFWNKVG,5989.5
QSHGWKQPWN,5098.454128440367
SAQRQVALS,2938.8348623853212
YSHPFEDG,4400.821100917431
FGYFKQFEYDS,10869.47247706422
PWSYRKSPNL,6919.022935779816
HVDQPVFWG,14829.100917431193
RKFLWASWNVA,10847.61009174312
FLGWAYQFEPH,15655.871559633028
RYEKENLRHVA,3112.233944954128
NWLFGNG,9721.665137614678
SLYNQEYLG,5763.761467889908
HGNKKDLPASG,1022.7018348623853
LKFNEDSG,1757.2293577981652
YGYDYKLEPASG,3422.105504587156
EGRVPAFHG,3387.6330275229357
RDWRLFKHDL,8880.669724770642
AQNLGAGWDL,6471.94495412844
YWYFKHNDL,6411.825688073394
DGFSWGHVALS,12511.573394495414
QQNFAGFPY,12688.334862385322
DWSGLRHSG,4661.688073394495
SQNRAWKS,2459.9266055045873
KGDDSWSG,1638.7981651376147
KAFGLSYWVLS,18543.004587155963
HADEPDAVAL,1643.1926605504586
WRGHLKSG,4025.5825688073396
WGVFKGYG,9976.93119266055
FVEDWNAFPHSG,8863.490825688074
GWKASKENHA,1508.2568807339449
NFLYYVG,15017.362385321101
PQNRVFNASG,3563.330275229358
SRFDVNALG,4444.165137614679
YSSDSFAG,2759.064220183486
QNFWRESPDS,3623.233944954128
HFQASEG,1831.4587155963302
HREARQFKAS,2240.559633027523
AYFELNHS,7154.220183486239
LGYHVRFRPH,9653.09633027523
HNALDFYDA,7888.417431192661
YDNFVPYWNDVS,12318.435779816513
PPLEEYHS,2089.9633027522937
LFYRNFREPALS,7445.559633027523
VLRLGRHFKHA,6644.98623853211
FHRWEAREPYV,11243.954128440368
HVWGYNFVS,20656.98623853211
HLASRSRLG,4306.114678899083
AVQNLNAS,1937.105504587156
LGYRGRYNDVLS,7455.229357798165
SPDFHVFEWNVS,9857.788990825688
DQSWRPLS,4486.40366972477
DENKQKPYLG,1522.0825688073394
QFLWLRPAENAS,5556.880733944954
AEQSHSG,1049.8394495412845
GVYNEHALSG,2814.5183486238534
SARGWASG,3513.798165137615
QKGLGQPSGHDV,1643.9128440366972
SHWGQLSG,3737.266055045872
VPNYKVKS,1257.6605504587155
DAPKHNARWKG,1545.2935779816514
KEAWSQDVLG,2260.816513761468
DEHYSNKHDVL,2611.298165137615
SQPRGREPNDVA,1166.7798165137615
NDQVFPVLNG,4806.440366972477
YDLEVWREDSG,5377.261467889908
NDWNDHSYKVG,3603.7752293577983
YDNVNALYKL,7737.9908256880735
SDQARHASG,1422.2522935779816
RQFYKPHPYL,12172.229357798165
VLPFASWKHDV,5962.747706422018
FNNDPYPKAL,3709.4954128440368
ANPKRDVASG,988.0688073394496
KHSERYNHVAWN,5042.784403669725
KSPNHPKHYKL,1730.6926605504586
DAVAQWFWAG,13593.573394495414
HWFPNDSQEPND,2840.4036697247707
GHSYWQKHVA,4115.577981651376
FEYAYLQHQFVS,18361.857798165136
ESYAEAGVLG,2187.137614678899
WVHSGYSFWNH,16254.288990825688
DQFYSGQAEYNH,5198.977064220184
WARNPYWHQKAS,6155.44495412844
YNSEYQRNLFNG,7864.6697247706425
RKQKFSRYWN,3173.9036697247707
LSKWQRKG,2030.880733944954
WVDGDVFNKAL,8260.362385321101
RKPGRFKDG,1159.4724770642201
HRNFWRNKHDS,3521.8715596330276
EWKVLHEGQFY,11564.018348623853
VEAKYDLSG,1598.1238532110092
AFSYSDALG,4731.573394495413
RGHGFVFLSG,28290.518348623853
HKPKAHSG,1078.940366972477
LEAVFDLSG,9794.52752293578
LAQGQFRWHD,9148.261467889908
QVYAHGRYNH,5546.683486238532
HSQPNQLFEHDV,2576.761467889908
HLQFVSNDVWNK,7768.51376146789
VQNGQFDLEYHL,9245.357798165138
NYYVWNDVAG,6091.334862385321
DANWPHLSG,3818.7155963302753
EVRWGRLDLS,7081.623853211009
HAAQEHASNDV,995.1009174311927
RESPNKKHREYH,1242.2935779816514
YDQRNNHALEYG,5066.972477064221
QFGHKLWDALS,5884.256880733945
QEHLYDFRAKH,3482.243119266055
HWVGSNKHAS,2244.298165137615
LFGYWREYHDG,8770.37614678899
LKFVWHASG,5666.160550458716
PHEKVYNKVASW,4428.5091743119265
SEKGWGRWG,5696.325688073394
DWSEAPLSG,2145.454128440367
YRHDEFPYG,6625.853211009175
NFKFDAFENVS,3842.6009174311926
DENFHFEYNAG,5256.821100917431
YYSDKLSG,1824.3165137614678
FDLYEDYKAL,4228.729357798165
PSNKYSFNKHLG,2710.151376146789
GFAVSWAS,10732.050458715596
NPEDQFAG,1264.4633027522937
AYVSYYWLSG,18186.688073394496
FWAAQFYSRPL,16212.238532110092
YHLWGFDPWKHG,11186.853211009175
KSDDAWAG,1424.848623853211
WPEVEKL,2044.51376146789
HLEFHFALSG,10911.724770642202
AYGYVRPYHDAS,6253.894495412844
AALGWNYNKHL,5812.816513761468
YWSLEPYWLYWK,12046.284403669724
DPKRRKALG,852.8256880733945
QKPKVHFPDV,1517.954128440367
WWWKYDAS,7539.922018348624
LSKLFEHQKVA,2014.440366972477
WWKVVSFYKHA,16192.399082568807
QANAYKDLRWH,5433.761467889908
LNGERPAS,1379.4220183486239
EVYQDQRPHG,2677.8715596330276
LREFEDAVL,6023.4908256880735
PEPNNKQFPNHD,1600.7614678899083
ENRDAPAFEVG,1517.0642201834862
SNVGKRPAS,1350.4633027522937
AWYHEDALS,5588.018348623853
YRQFLQFKHAS,7800.220183486239
ALYNGFYNWKDA,8407.784403669724
NQPKENFEWK,1505.9449541284403
WNNQEHGWLS,7710.720183486239
NERFHDVSG,2774.169724770642
ALDVENAGYWA,6121.724770642202
WQGEEPG,1823.454128440367
NKVAPAKDVRH,980.9633027522935
NARRQPYWNDS,4993.926605504587
NFSQEGNHALS,2477.532110091743
GLGLSYG,5788.701834862385
WDGKGYHAFEKA,3397.4036697247707
PDHSGNQPDA,1283.9770642201836
PELRNSSG,1852.9954128440368
RFFRPAKDALSG,3703.091743119266
ELQGSGYWHAL,7882.8302752293575
GWQYWFG,23064.743119266055
NSHFNAWNDG,5106.48623853211
PYALVLWKQREY,24366.80733944954
RYEHVYWRHVS,12463.591743119267
VRPRSGFPKS,1957.7660550458716
EGDENSSG,850.1422018348624
ASVSPGWAG,3257.669724770642
PNRRNAQPH,2783.8440366972477
NLDHYWDVS,8367.279816513761
EQSHARWVL,5080.4908256880735
EPHNNLGNKL,1679.7339449541284
HWVFHFDVAG,20159.44495412844
LPHLPLQFKL,16684.55504587156
PRLSFSQFL,19238.738532110092
NYAWNAKG,3165.623853211009
PVWPNKDVHDL,3385.605504587156
NQADEVSG,1016.651376146789
SASQGYLG,2567.7247706422017
KLGQGFYWQKH,7289.633027522936
KYFQPKVASG,2253.532110091743
VADSASGKHVSG,1132.1743119266055
KPWQWYNLSG,8927.316513761469
DSVWGFDSG,5530.8302752293575
GFQHYHG,6382.339449541284
FHYFELQRYHDL,17918.509174311926
KVEDAQPYKGFP,3308.5733944954127
AELVLNG,4235.0504587155965
WSNSYVFPYWNS,19094.981651376147
NFHLNGPKDA,2777.5412844036696
LWEVSYDSG,9523.743119266055
VNRVFWHVG,12778.848623853211
NEKKWDG,1659.3073394495414
YFHSELPNG,3365.802752293578
QYRDWHYDAG,7937.697247706422
EEDVGDFNDALG,2109.6559633027523
VWDQRQPYV,11463.839449541285
WARDNLSREYA,7608.353211009175
FGRKFSFRYWD,15296.88990825688
EVFHPLQPWNA,9186.48623853211
FEDFPHVQPHQP,3661.605504587156
EWEEKQFNL,4171.825688073394
NFWKPKLQPYA,7527.256880733945
VGKGHFYASG,4304.068807339449
ADAAWSG,2379.3715596330276
KSVPWDQRHS,2811.587155963303
GVFDDSG,2797.0091743119265
ANHPEDASG,983.545871559633
RKLLNAGLS,2344.7155963302753
RHPHPYFPNHG,6517.752293577982
GKHFSQEYDLSG,2942.967889908257
DYHNENDL,2156.380733944954
LRLAPKG,2706.4266055045873
YESAYAS,3375.7247706422017
DEYQVGKHDAS,1383.5550458715597
NQVSGWRPKD,3029.669724770642
FQRDHVRYDG,6609.3302752293575
HDSLNAQRYNH,4017.3256880733943
KRGNQPLSG,1279.0504587155963
ASDKLRPWLG,4469.091743119266
ELRGSRNKHDAL,2118.3119266055046
KALDSHAELS,1287.6146788990825
DHHQASG,1314.559633027523
SHHAYHVASG,3326.288990825688
PSVLSHGWHL,11935.545871559632
PRLYNLRYWN,16326.591743119267
EAPHNKRKHLS,1261.6422018348624
VGDEQEVG,925.6238532110092
QDFNEWEVLG,5350.077981651376
VAYEPRYWHDS,9103.922018348623
EAQWFVGFKHG,12992.600917431193
AYWGQPYSQYWA,19186.0
GQAHYWLS,9500.646788990825
WAFPGRYRVSG,11837.97247706422
VPKVKHFRYW,7332.605504587156
EFVHVKSG,3493.577981651376
KWHDLLQEWKDS,3053.183486238532
HVNLLSEHVL,7937.422018348624
YGPAHDAQYK,2232.256880733945
RQKEKFKHDA,976.4954128440367
FHLVVLSREYN,37822.766055045875
YLFFAQFEYS,37560.34403669725
NLLGREWRAG,6676.743119266055
QYNPYEYSNKS,3862.6330275229357
QAWPENASG,1952.4449541284403
SAQDQNG,1120.954128440367
DFASGRREWNK,2704.0366972477063
HSDLKQYNHVL,3444.256880733945
DFVNDWLG,8741.899082568807
GKGAALG,1331.1743119266055
VFPGYGYWKHLG,12373.62385321101
EVEGVFYWHLS,27455.422018348625
YKPSGQHNKAL,1669.1009174311926
FDWYAGPHAS,7116.729357798165
LQHKRYDG,2973.380733944954
RGEPGLPYNK,2447.408256880734
YNPDWQYWG,14348.770642201835
RGNVEKNAS,1224.3211009174313
EFNEYQFEWDS,9128.362385321101
FGVDLHDLG,5409.922018348624
HNYASDG,2424.743119266055
WNSELQFELPWV,40600.55963302752
RRKQRWQFDA,3827.733944954128
FFWPEKLG,6088.018348623853
KVAVGWLEKG,3398.5
DGSRNFYNKDS,2166.4449541284403
RVNGSRWHS,4995.04128440367
HDLHNHEPNG,2204.1651376146788
GPHQYENKHS,1468.559633027523
DDFHEALG,2288.1146788990827
RWWLDKDVSG,6040.188073394495
SFRPGQENRPNK,1622.967889908257
HNVRDPKAS,1354.7706422018348
HVYYVYWNKDV,20478.701834862386
DWDAFDYDVA,8071.1697247706425
DLPFYWRPYWV,34979.66972477064
RQRHSPKHQN,1511.0825688073394
SGYDHSGQNKAS,1294.0229357798164
DAPYGEQHDS,1509.0688073394494
GQVEGFPWNA,4013.119266055046
RQGRASWDASG,3068.4587155963304
LQNSNKQKDG,945.8440366972477
KFKNFRASG,1823.032110091743
SYVGFQHSG,5832.6100917431195
PKFFNANKVLSG,4458.834862385321
FVLNPNDVQYWN,13899.133027522936
DQYREQYHLG,4567.238532110092
VRFKVPSG,3043.4770642201834
GRGWQYSG,6963.711009174312
EYSFRAPKSKH,2512.0137614678897
YVEGQYWFYNKV,13008.655963302752
KYNGDHVALSG,2231.876146788991
PSSLDVLS,2407.532110091743
EHVFNLVRNH,9291.490825688074
QEGVYNHDFVL,7784.853211009175
FNLHRWKYNHG,7045.426605504587
FHPVSHVLPKHV,4553.178899082569
HWDAWLFRWLS,23383.935779816515
PNSHRPWHLWN,17029.4128440367
VAAVKVSG,1916.1743119266055
LRWWSKHG,6805.5504587155965
LFKYGYVS,7189.064220183486
FAHAPLEYNG,5704.6100917431195
VRPYFEKQPVS,2923.678899082569
ASRVAFQNHDS,3166.270642201835
VFYQVRWNHVAG,11332.775229357798
WHPNRPHANVL,5561.793577981652
QQPLGHHAG,1858.5871559633028
FPWHRKVLHGRN,6094.123853211009
PPDAQKQPW,2456.2844036697247
PLFYFWQFNHG,29783.146788990827
SEWWDFSG,16290.09633027523
GQNNKVQPKHL,1798.7844036697247
FHGHREWQRPNL,7462.784403669725
YPHFQRDLSG,5054.600917431193
NASWKEYHFNVS,6178.788990825688
WNHQAGEFRYKS,5927.431192660551
RAAEFEDALS,1928.4495412844037
GWDFNQRPWLG,21104.174311926607
APDARVQREKVS,1076.5688073394494
DSEGWSKHVS,2215.238532110092
DRFKAVAG,1932.1422018348624
PKGPFPWFEYND,12050.981651376147
FDKRRPYWK,4622.98623853211
FKLGEHQPYFPY,19323.55504587156
DSEKKVASHDV,1006.4678899082569
NVKWFWHDLSG,11204.463302752294
AFEPFEDSKVLG,3416.619266055046
NEKEARPYNK,1493.2201834862385
DEEHHLSG,1667.6788990825687
YKEYGWSGPYA,10351.91743119266
FGVHYALG,9983.5
AFQRHASNHG,2973.064220183486
LLEKDDASG,1319.5
GYKQSEYWKG,2930.9495412844035
DQAPEDLG,948.6192660550458
HVNVEYNKPLS,3191.577981651376
HKHFSYKHAL,4481.142201834862
PDPNPWAWND,6283.032110091744
QSGLGRKAFNAS,2454.2201834862385
VYYLWKHDLG,9246.311926605504
DNDQVRWSG,3118.0183486238534
RDFHKVKDAS,1332.9633027522937
RHSRRNDQKHL,1942.2935779816514
QYHFQPLLSG,11196.963302752294
LGSHQWLS,7625.426605504587
FHRRALHVALG,8298.894495412844
YYGRNQPNHS,3484.802752293578
VQGLKVLSG,2620.059633027523
WAGWLRWNYWD,28783.67889908257
LQHLYPYWHS,16907.88532110092
GEYVYALPKHVA,10574.51376146789
HKSRGLG,1896.6788990825687
VSFALRDQWV,17117.98623853211
KLKLNQFHLS,4783.8302752293575
ADAEWEDLS,2445.02752293578
ALNSFPVRWHVA,13807.509174311926
ALQPQNREDLS,1367.1146788990825
DNKLPQVL,1428.6605504587155
HANWGYHVG,8420.183486238531
HPHRQFEYNKVG,3457.862385321101
YLHNLQASG,3380.454128440367
AHQSNVS,1371.0045871559632
HSERKWNKHDVS,1731.0688073394494
FSFKQHVFEYHA,9792.660550458715
NFWDFKLRNHL,12027.899082568807
RHVLHQNGLS,3465.032110091743
APGHRPHDVG,1972.8440366972477
YEELRPNKS,1906.1697247706422
EGRSEYRNDV,1820.4908256880733
QHYLSYDLWDG,15961.963302752294
AELQRQEALSG,1726.908256880734
PFFNNHG,6737.417431192661
KLHDWHPYLG,9961.045871559632
KGSFSESG,1371.7706422018348
DGRYLYHRWNDS,9601.454128440368
NGGPLGQFPKH,3167.706422018349
SNAPFPSG,2364.9770642201834
HKGKDAKASG,664.3211009174312
WSPKDQQYHS,2727.059633027523
HEVLGDVRNKH,2523.1009174311926
QERLFPDWALS,8920.58256880734
SGVHQNVL,2438.380733944954
FNFKVWQREVS,5178.591743119266
NFHEENKHVA,1870.0550458715597
HVWDFWSHDAG,12556.54128440367
SNSRNRNASG,1672.2522935779816
FWDSYNFWKQRG,7659.665137614679
AQPEFEYNKSG,1315.7981651376147
HQRSLFNKHA,2810.637614678899
HYVESREG,1834.133027522936
VSQPVLKGPWL,5611.935779816514
ANRAWLG,5229.623853211009
WYFSWDLG,13681.11009174312
YEGVGVLSG,4304.0091743119265
VVAVLDASG,4436.399082568807
SDQHYKG,1355.866972477064
LDQHRHLS,3164.47247706422
KPELPYALS,1618.197247706422
PKQPYLWGYHAG,7146.422018348624
VPSSKHDLG,1011.6009174311927
DQNSHSQNDG,1111.9954128440368
VLNLPSRYWG,12505.064220183487
NKEQWLFKALG,5932.311926605505
LHYNHYG,5515.605504587156
KNARNKSAL,925.8853211009174
SAYLRVAG,5802.6697247706425
PFWDFESKVSG,6637.123853211009
FPDYPYASRWK,9922.853211009175
VWQVLEVG,9770.69266055046
AYNYKENKVLSG,2015.348623853211
KNDVKGPNVG,825.4357798165138
DFHDKHREG,1346.9311926605506
YGYGYNDFALG,11538.70642201835
KFPDRSGYL,3213.394495412844
HVLPARYKWNKD,3458.0
QFWQNHDQHLRG,5644.0504587155965
WEVNFPDVSG,5274.394495412844
AAGEHDKG,619.8440366972477
VHDQRVPHDAL,2418.5412844036696
FNKGFHRVREYK,3958.2798165137615
KKHWVNHVG,2393.8348623853212
GGYFEALSG,4922.142201834862
RNGLDFRPHSG,2736.091743119266
AASWSALG,3048.178899082569
RNKSPLYWEDL,4794.518348623853
AGQLLPYNKD,2044.9587155963302
SQLGALEPWDAL,5387.646788990825
KDHGEPFNVA,1418.7614678899083
PSSLFHDVASG,2442.577981651376
SWEQKLSG,1803.5642201834862
WHWVYWGKALS,10202.738532110092
FWLSQVYNGEVA,5398.545871559633
DQAPRWALSG,3197.5183486238534
QHDQAQYHSRWN,4314.853211009175
SEQYKEKHDV,955.3761467889908
KVKWALQREPD,1852.2981651376147
QEYWSAYWKQWG,12045.018348623853
YQSQRDDLSG,2371.087155963303
VWFPGYLSG,14053.009174311926
SGKENHDRPWNS,2078.545871559633
PRLHFELG,7449.357798165138
GFVYFALSG,26006.06880733945
WHWWKVQYWNKV,11165.247706422018
WVRLWKGPYWN,17664.477064220184
WPALWLNHLG,21139.032110091743
HDSFRGWLPNA,7496.362385321101
WYKDLRNFNK,4262.068807339449
HLHKFNLG,3943.0963302752293
ADQRFWG,7255.284403669725
KHVNGEYPNKL,1625.0688073394494
HYHGVSYNKSG,2919.1605504587155
QYWYWVLRLSYN,22241.743119266055
VFVYGDALG,12276.853211009175
FLRLNVREDA,5587.325688073394
EHRKALEYDEAG,1313.5229357798164
ESDDQFHDVS,1450.2568807339449
PRREQYNHVAG,2411.619266055046
HKGQYGASG,1755.133027522936
PQNHNDFKAL,1939.4724770642201
HPLYNWKDVA,3871.9770642201834
NRHKGRHDAS,1406.1788990825687
KFRDLVSFEWHS,10578.47247706422
NHDFYLQAQEW,11353.48623853211
EVENPHEPYHG,3088.4862385321103
FAERLFWS,13752.550458715596
VGQRHAARPDV,2156.1422018348626
YRSVHDALSG,3604.9816513761466
KYPDDSG,1033.6834862385322
KQHDSFAENVLS,2064.5
RRWWVWNHDS,10195.321100917432
PRDPWPNKHD,2995.5
VEPLNKQWNVG,2347.6422018348626
YWRPWWLEPLS,29152.605504587154
QAKPKAEYWHS,2339.8073394495414
ALLQWNYHS,12498.880733944954
AEREDWLG,3100.3669724770643
WYDQQLSG,5540.967889908256
KSSWPWSG,5186.715596330275
NFDQYDEAS,2872.059633027523
GHQWNPHDSG,3015.7247706422017
YSKWDSPYWKA,6440.40366972477
GWSDNHG,3526.559633027523
VHDFLASG,4742.059633027523
VDLVRASG,2428.9954128440368
HSHPWQWKDVL,7863.536697247707
VRNFLGKG,3395.2798165137615
NWPYDRVAG,7652.660550458716
VEAHPWAG,4574.123853211009
ELQHDQPGQEWG,2770.330275229358
FHWRWSRLG,12446.518348623853
KSYPPWDVSG,3326.0091743119265
HFFDLPG,8324.41743119266
SEVPVHDG,2270.4311926605506
YVADHASPYWDS,9820.788990825688
VAFNWDARWKL,12508.444954128441
LEKKQPKDVAS,857.1192660550458
QALYWNVRAQEN,4773.05504587156
WNPEWKGYDS,5071.059633027523
FAWNPGYNKHD,5471.371559633028
EDWAKLEYKVS,3939.4770642201834
WWGVENLS,9944.059633027522
FPRDDVALSWL,20192.243119266055
FPADRPDWNHVS,5580.518348623853
NEYFQNLG,5161.9908256880735
QDHFPWSRWNDA,10295.798165137614
NQAFDFDVALS,9813.37614678899
QSVHWDG,4434.4495412844035
VKLHPYVASG,3922.591743119266
WWAPFYSG,21460.389908256882
VQWAYDQKG,4066.5183486238534
LEAGFWRYWG,17117.922018348625
APYWFSREKHG,6373.527522935779
VKKSEDLG,800.9678899082569
KYHPKPVG,1437.9128440366972
YPLKSNDG,1522.197247706422
LKESASG,785.7844036697247
QDYLRKPKS,1396.908256880734
WVAARHDQPYNL,12782.48623853211
ERDLRHQNKL,1782.545871559633
KQGQVDLG,1097.4724770642201
VGEHPDNHVS,2033.3990825688074
WLQKREFYKHAG,4860.151376146789
KAEYLDFEYH,8767.619266055046
EWSPAKEPYG,2152.802752293578
SGWQHGQDLSG,3113.380733944954
RAAVEPHA,1627.9174311926606
EVYSAPYWHV,14643.536697247706
HWAERDLSG,4144.321100917431
WFPYSPDGWNVS,16607.29357798165
DEYELFRYWHDL,16164.995412844037
WHFVYKAQEDS,5827.435779816514
WRQDLYVALSG,22938.8623853211
VEPWSRQNKV,3271.330275229358
VPYAVGQKAL,2404.770642201835
HFKARLEPKVA,2192.3119266055046
RVAQAFHEHG,3073.422018348624
LENVVYKHAS,5614.4495412844035
NDPQGFPYWAG,8490.977064220184
GRQWKPAS,2208.298165137615
YKGQSWLSNVAG,3667.6926605504586
DSEWLSGKLFWK,8778.80733944954
GYYKAWG,8369.715596330276
QDVAWFDRPYNH,13751.238532110092
HVHYRYKSG,4891.876146788991
LFNEQEKALG,1843.4128440366972
LGVWYWVSG,22806.42660550459
PAEYWGNVREN,4762.270642201835
EWPNYAGQEKG,1978.0642201834862
SVRYFHAG,8634.532110091743
HNESQFG,2399.197247706422
QANLASFVAG,4657.01376146789
AEVSVAAG,2045.8211009174313
LYKLNEYLS,6441.568807339449
YWVDQFNVAQYD,18433.4128440367
DSVKHKVS,1043.7064220183486
HWWRYDLSG,13509.839449541285
YHWFAGFEDS,10037.073394495414
KHLPPWSQDL,4225.495412844037
FHAEGFHAEPYK,5541.926605504587
HASDRHWVG,4520.568807339449
SWQLVASG,6005.114678899083
WVLRGKARKHVS,3359.137614678899
VWHLDSEYW,16629.75229357798
QRHSDPYKAPH,2324.7752293577983
DQHENSENHAG,1093.5825688073394
QEQWLSAGNKV,1983.6009174311926
VPENVRLS,1580.0550458715597
KVVYAQWKDVS,3929.1330275229357
VQHEKGRPYKA,1756.2339449541284
DGFLSYVYKSG,17616.52752293578
KRYEQFPWNASG,4367.4495412844035
SPNLYREDSG,2436.4587155963304
NHSWHEYLFEV,20167.655963302754
KYNNQYNG,3061.8899082568805
QSNNQFNDL,2554.211009174312
KVPPEHLSG,1117.665137614679
RKYKQFWHDLFG,7986.04128440367
WSYNPASFENHV,8652.40366972477
NGGAQRLSG,2257.935779816514
HQSRSHSG,2053.816513761468
PFEYFFPHLG,30424.66513761468
RDNHEDVKS,1184.2798165137615
SQAPAYDSG,1538.2064220183486
DENKFFNHAG,2302.6284403669724
LGKQVQYWKHG,3648.3577981651374
EVAFNLRKFPHG,7269.201834862385
WGNPGQNKHDVG,2527.4770642201834
RYPVQNEWNG,3652.3899082568805
GPNVQHQFRNHL,5181.545871559633
HVVVNDVL,8354.678899082568
AQHGVLPYVAS,6977.912844036698
LSRQHRYNHLSG,4847.293577981652
NLLNEWVSG,6239.894495412844
EVSFHGQNPKHD,2183.293577981651
YWGDSRQPWKL,9455.908256880733
AENRFRVALSG,6367.252293577982
YSRSAFEWKH,5415.0504587155965
QDLFKFDFYHA,15051.302752293577
ELSPDQEPHWHV,3394.9633027522937
APAEPFKAL,1360.6559633027523
VHSLPVASG,2095.711009174312
RRGVSHSG,1731.1788990825687
QRFNGEHLFPL,11285.752293577982
QNEDQYWKVKVA,3567.8440366972477
RDHWQNVS,3520.0045871559632
YFSDYSG,4753.885321100917
YHDDAYNGVL,6527.5091743119265
RSPYEQFEYG,6548.399082568807
QQAVYVLG,17133.830275229357
VEPSFWNQFKDA,4498.577981651376
SLHAQASG,1909.573394495413
SPGEQYSG,1622.1697247706422
NYWPWPWNKD,12696.944954128441
LLGHFVASG,6695.045871559633
PRDLYAQFYWDV,27813.449541284404
KKFVYLSG,5265.279816513761
AVQVGYHVSG,3973.3394495412845
VFFVRASG,18406.761467889908
NWKEAKHG,1474.51376146789
SDYDDVALS,2776.4311926605506
ALKARYSFVAL,23363.339449541283
VQNYGQFRNAS,5015.068807339449
RVDNFDLG,4282.334862385321
RWKHFWLNDVE,8407.995412844037
KFQKGEYS,1624.1559633027523
YSDYLGNG,3681.766055045872
APAQHPKSG,970.183486238532
QVSSLGQFPDV,2808.169724770642
ALYGEYWFVLSG,37295.31192660551
QGLQPEYDLG,3685.298165137615
WVFWYDVHVAG,25301.981651376147
FYEHFYWSGFEH,12750.573394495414
WGQYNFNFREY,27123.380733944956
PYLNDRPRWVL,21450.366972477063
EQYNNVALQHAL,4026.853211009174
FNDSQHQDQFKV,2494.605504587156
NAAFKSYNKA,2762.4770642201834
QFSRNVLWKFYW,19005.45871559633
QNAYPNARHAL,4962.344036697248
SEHHAEALSG,1804.3211009174313
SGFLSQSPYDA,7542.926605504587
QFFFLGQRWNDL,17680.51376146789
YDHGYKRSG,2811.362385321101
YWAGNNHVAKDA,2384.316513761468
YYHEYNQDSG,3098.0229357798166
GYSHFPAG,4870.981651376147
FPNARDGYSRED,3918.5412844036696
SYLFFESG,30011.0871559633
PSGEHAVSRYWN,7450.032110091744
RKDGENYSQRWA,4527.440366972477
DSLGLWDVASG,4171.481651376147
WPDKANVG,1899.6834862385322
RVEPEPGRPND,1482.4357798165138
QRGVPWVWKDS,5300.600917431193
VLQHQHEPWNLS,4936.793577981652
EFNYLNHDVLS,6550.811926605505
HNYWHYLG,11695.0
KYLAKLG,2920.954128440367
NHKYRPAL,3093.4036697247707
QNYDWSWNLG,11140.302752293577
WSGYYNASWKA,8428.302752293577
LPWPWRWKALG,15673.142201834862
RYNPVSRKNKDL,1688.3394495412845
FLDVKVWKDS,5209.151376146789
LVFQFEYHDVS,39512.908256880735
LKSKPYALSG,3062.394495412844
RHDFRGQYWDLR,14187.59633027523
HFWDELEYKDLG,7195.279816513761
WHSVNKHENS,1844.7798165137615
ASWRARKVALS,4133.6697247706425
YNKQVALVFEKS,20693.729357798165
FNGALGQNWNL,8165.087155963302
LRLEDEHVAG,2199.6100917431195
GVQRVHASG,2267.288990825688
HNNGASG,1247.848623853211
RAKQFWFSG,10599.747706422018
PLKGYQYWHDS,7982.160550458716
YSDVYGNKVLS,3983.4174311926604
SYKWEYVSG,5721.715596330275
DFSFPVYNS,9198.247706422018
DHSWFKG,4466.0
DHLVYHLSG,7752.064220183486
YQRKNKLFASG,2981.1880733944954
HEWKDFNQVAL,6223.642201834862
YVPFLQEYWNG,13933.165137614678
PYVYGRDVFRV,21002.65137614679
FYGDRWANVS,6742.0504587155965
FFELPGNKHAL,5251.298165137615
WNHHFENFHG,9297.655963302752
QHEPDQDLSWND,2399.9311926605506
VAYWRHSYKH,6902.825688073394
YVDKQFALG,3835.940366972477
WKVWNHPSKHV,3943.059633027523
VQPGAWHDA,2378.8394495412845
NAGGHDQYHA,2840.261467889908
YWGNGYDLKDA,4083.7752293577983
WSAFHAEPKDL,4359.9908256880735
PSNLYHWKS,4924.5504587155965
HRGPWYLS,14675.380733944954
YKWYSWLSG,9991.38990825688
SPVPYPNG,2098.353211009174
HFRRHAREKG,1579.834862385321
AWYWGPSG,9988.43119266055
RDSAKAEYNKSG,1010.6559633027523
ESKDSYNYNHSG,1299.0229357798164
ALPANVSFDA,3275.302752293578
YRGKKHALS,1742.0871559633028
VPLQKPYHVL,4127.788990825688
FSDWKAPYNKHS,2602.6651376146788
ERKYHFKHAS,1693.9633027522937
RWHAEWPNKRY,7917.683486238532
PAYDKEYNDVSG,1620.8119266055046
EKNGVSQVAL,997.605504587156
DFGSNVG,1971.9357798165138
GKSLYLSG,3385.738532110092
HFKYHGWDVLG,8429.788990825688
SEHVHRHDLSG,2504.045871559633
VKKLYVALSG,7969.362385321101
QAWFGYSG,11093.798165137614
EKGDDASHG,748.243119266055
PDEHVPAYHS,2586.532110091743
LRDWEWVALS,12634.770642201835
EAPEKPKHD,656.7706422018349
ERGFKPDAG,1165.6743119266055
ANFWRASG,5302.229357798165
WGYFPLFEWKDA,14995.334862385322
GKVRHQYWNDL,5267.683486238532
ERWFSREVALS,8319.80733944954
PFEASDVRYNDV,4818.894495412844
KSHLLQPNHS,1772.5963302752293
YENLGDFKAS,2054.4174311926604
SDDSQAL,1038.9495412844037
VNKHSPEHVS,826.8853211009174
QHALPGKAQFDG,1532.0275229357799
KWHYFYDAG,7887.165137614679
WRLRYLNLG,13065.69266055046
WPKWKQKHDALG,2696.559633027523
GQPVQQEVAL,1248.7155963302753
GQNWSFVAG,7024.674311926606
QHFNYVPYAS,8789.344036697248
PDDYNARLSG,2441.8348623853212
KFWSDALDAL,5682.715596330275
ERWRVSDVLG,5670.302752293578
PFSLNKALS,4097.0091743119265
LEWYWWNALS,11531.178899082568
YWYYHQEYWKDG,6484.435779816514
DRWHDREEWNH,4032.0045871559632
AWVGVQPYN,7146.0504587155965
PVQYGRNYNHA,5195.59633027523
FWKPDLKSEPHS,1745.8211009174313
GPARGWDLS,2985.848623853211
AQPPPKLG,905.2614678899082
HHAARASG,1538.2844036697247
DLDDVWKHDA,2141.2844036697247
FYDAGFWSEHE,6746.90366972477
FAANHWLG,8448.866972477064
RAENRLFEPNLG,4484.293577981652
QRRYENKDGFYH,5921.183486238532
FAVQQPDAG,1897.7798165137615
DHAQWHQNAS,2202.766055045872
RFQWQESG,3300.5825688073396
QPRWYASYKHD,9280.348623853211
PGFGRAREDS,1834.7431192660551
LGVPPLSG,2405.2477064220184
FQVQAFHVLG,14410.559633027522
GYKPEYDG,2525.238532110092
WGKWHEWVL,15808.660550458715
HKQYDRELS,1480.3715596330276
HPRWVPVG,4963.422018348624
QEKDGLQESQL,882.9036697247707
LNSWANLS,5182.816513761468
NHGFHNLRPVG,6019.5
VFADYLSG,5635.876146788991
HYFANHLG,6146.857798165138
AEEGEAG,774.8440366972477
NQPGYEYNVA,3567.793577981651
WQQYAQESG,3071.2752293577983
GSQFSKG,1887.4495412844037
SAQEFREYND,3174.146788990826
GRNQGWASG,3398.0366972477063
PRKEPEWKV,1298.4128440366972
FFGKKVLSG,3019.5688073394494
YQYKSDGYDVL,5904.784403669725
WEHPGRWALS,14199.091743119267
WYHYFWLS,8662.47247706422
VFVPYKRLS,8970.678899082568
LVKVFPWHA,14709.619266055046
ESRPNQRRELG,1443.4311926605506
QANEEKDVLS,843.7752293577981
NVKHWKSWVALG,6579.087155963302
NLAWDGNG,5106.224770642202
WHHDDAWKHVS,4885.238532110092
VYEVYLG,25192.72018348624
ALWAWVQPWKSG,12805.279816513761
YERLYWKDA,6010.568807339449
WYSDGASG,4108.394495412844
KEKSWLFRDV,3688.97247706422
WPVHWKDVAL,8920.243119266055
EREHKSRYNV,1946.9816513761468
AWAFPKNDLG,4221.09633027523
RVYRVAPYNA,11054.711009174312
QQLGASGRWDAS,3438.376146788991
PVPVGRDRNHAS,2117.7522935779816
FYWWGDLSFKD,9653.545871559632
AHPWYVLSG,16430.24770642202
RHRWASLGPWHD,13238.88990825688
SFSYHFKV,8082.642201834862
AYYVFHS,18642.761467889908
QNLFFRHSYAS,11345.399082568807
EQSPFRALSG,2914.7201834862385
EPWQFWLHLGYD,37431.747706422015
PWFSQHRNHL,11333.591743119267
SEVPRHSG,2017.059633027523
LSVNGYLSG,5183.091743119266
ESKDPWQHS,1911.1422018348624
WRSNKRHLS,3458.7844036697247
SGRNPVWKVL,7341.270642201835
VQNGNDQKAL,1140.3623853211009
FDGARENSFRPK,2920.6743119266057
VLLPLGWKHVG,11989.229357798165
GRRSRPSG,1585.1834862385322
AWSKEYSG,2340.362385321101
WYDNWNKDVA,4793.133027522936
QNQSNDWDG,2563.651376146789
NADYHAREPVA,1902.51376146789
RQQAQRG,1360.1100917431193
EQSVPWVG,2517.52752293578
KPSLEALSG,1030.8119266055046
WWEGQREALG,5527.298165137615
VRAHHDLG,2824.2844036697247
NHRKEVNHDL,1695.0963302752293
NYAHRHG,4054.669724770642
WKLEGEPSWG,5942.321100917431
QQEDDQRKG,1134.3073394495414
YWDSLSWRYWVS,19976.853211009173
SAGPWNRLG,6411.848623853211
QPLKRWPYWA,15328.325688073395
PGRSAEYWVS,7618.334862385321
FLPWQNVFRLG,22472.633027522937
PEVKWNLG,3732.729357798165
RDYPKVPYVASG,4014.954128440367
SQYPHGENKVG,1705.8715596330276
HVAKPKHVWND,2685.9587155963304
SHWSPHDVLSG,5617.197247706422
FKWSPYSVLS,12718.146788990825
DAEFRQPALSG,2936.5137614678897
NDHAGNAYNKS,1499.7477064220184
DVYWEKDLNS,4117.848623853211
RQWEEPYALSG,5531.775229357798
EVSVKHGYKD,1546.288990825688
EGLWRELSG,3947.816513761468
GKPDQHSG,1140.032110091743
NGWQVEPYHL,13311.133027522936
QHQVHEKHVA,1360.8073394495414
QRPSWALWNSQR,10074.715596330276
NSKWHEYNHD,3712.3715596330276
RFSRPEWKDVLS,4643.931192660551
AEHDFHVLRPDA,4383.261467889908
YNDRSRVFDVL,10968.660550458715
EYHHKHDPAL,2035.7293577981652
DDLKFPVALG,3102.697247706422
KVWHSQDPLS,2471.408256880734
QWSFDKVNHDVA,3709.238532110092
FSGHYWQPKS,4448.545871559633
SHSWKFDASG,3198.8899082568805
WPKPGYHLSG,5855.779816513761
WSSAWKHSG,4217.55504587156
FDNNLQNSG,2319.5963302752293
WDEDGLYDSG,8694.155963302752
DNDHDRKHDA,1168.5825688073394
YHYSYNKHQFED,4325.142201834862
HYNSKAENHDG,1408.7660550458716
AKQEVNSG,710.0091743119266
KQDLSVPYLG,2690.5229357798166
SNHLYSYHDV,8448.545871559632
PASREHSQFKFK,2485.0
RYAHKSRWHVS,4982.793577981652
HNPYVVG,6261.229357798165
NGQDWSGAG,2412.123853211009
KFFLHAG,6352.256880733945
LKHEWPWVALG,11408.288990825688
QSEEREPYKDAS,1077.2981651376147
QEHGVARDFKDV,1527.045871559633
SQWPNQRNA,3368.4954128440368
RQQAVLS,2194.197247706422
VQFHFYNAPWNH,21331.009174311926
QNLLHQFYS,14158.894495412844
VAYAHSRYNL,8138.95871559633
HWLHENVLS,7928.385321100917
SQKLDQVALG,1561.9311926605506
LRHQDWNKHDV,2767.064220183486
DEEVNKASG,745.3899082568807
LHSGYVDS,3882.697247706422
FLANLKSG,3167.4174311926604
AKHPPNDVLG,1594.7155963302753
DSKPRYNKH,1358.0825688073394
RVSGKLPLFWKA,7597.027522935779
YYESFKALS,5329.477064220184
SHYHFYWKDLS,8051.206422018348
HLRQSGEPNH,2306.435779816514
RNQRASREPLQR,1897.9036697247707
QWWNVGHDPKS,3706.2477064220184
ADWSALSG,4048.894495412844
GFHFADVLSG,10885.371559633028
NRDHKVAG,1464.0963302752293
RSWSEYFPYWK,12686.059633027522
PWRGKVFRWKS,6087.628440366972
QGFSAGHDVAG,2419.9174311926604
KSANVGYS,1896.4357798165138
NHAAWAGKSG,2311.4495412844035
AGQSKDSDVL,880.4633027522935
NLSLDAQYNS,3783.1422018348626
NEPKWWHVAS,4913.426605504587
EPKVAGRDRFPN,2265.353211009174
WNVAFNEGEWAL,13537.926605504586
KLNSVSFEKG,1750.3853211009175
SEKEHEHVALG,1307.2477064220184
YKFAVSQFVSG,12770.37614678899
PWDQFNGFRPVS,11492.701834862386
QVEEWGQFRPG,4657.151376146789
REEDDEYNDV,1476.348623853211
SQRNYKHAQFKH,2788.1651376146788
YEDQHSREYKDA,2002.2752293577983
KAKYWDPKDS,1319.7155963302753
YDGELEHLRWHA,10475.862385321101
EKWKRELGQYN,2417.1009174311926
VLHNGYLG,6916.9495412844035
FSFPSVRWHG,11287.302752293577
RYPWHGALSWLS,21813.995412844037
QRGPGQPDQRW,4517.027522935779
PLWNDGLREN,4382.770642201835
HLSDDQEPHVLG,2749.02752293578
FFDDLRNHDVG,4671.316513761468
EQHLYNLYDV,9527.701834862386
KRAGSFDG,2160.9266055045873
PGGGHDSG,1403.4449541284403
NAFEGWKSKHLG,4330.798165137615
VPLYREVG,3818.4174311926604
KRSNDFSG,1744.2660550458716
EKSFPWLKSYWD,9814.045871559632
NHYEGFEYWH,13686.729357798165
NRDVYDYNHG,4940.220183486239
ANEPGVG,1261.5871559633028
WANNKLWDVAL,11222.97247706422
VPKLAQFREYV,4860.545871559633
PEGANALSG,1622.5688073394494
ALKKYWLG,5561.385321100917
PGEWEYHSFYKL,21799.61467889908
PSWDASHRPKV,3473.9311926605506
SQSQEYNEVS,1601.866972477064
YDWNQWAFEH,12374.95871559633
EKYRASPYKAG,1916.48623853211
APVNYNSG,1623.3990825688074
GDEKRKG,737.8073394495412
PSYVPKSDVL,2016.302752293578
YGPVVGRWDA,7148.44495412844
WNKWVALPGRYD,14725.990825688074
YDLSYSVAFA,23647.84862385321
FRRSGKLENL,2785.5366972477063
EVPGSRNDVLG,1597.9724770642201
PASGRVDEYNV,2427.4816513761466
YAKVKVFNHAG,4039.3577981651374
GAQFGASG,2318.6284403669724
WNKNGRVWHVS,7184.087155963302
LRAPVWVLS,20293.33486238532
KEAVDASG,1260.4036697247707
AESNVQWDVS,2817.467889908257
SGNNEPAG,1004.5917431192661
QYPYNAESGNK,1716.1238532110092
DKNADAL,1013.256880733945
SGWYVLSFWAG,32798.96788990826
QPSQKARDGQFK,1645.0275229357799
ESSARWLG,3351.743119266055
NHKSNHVRV,2231.967889908257
GRAPPWHDVA,4252.972477064221
YGYVLSVFNK,18724.110091743118
SVHQVASG,1745.619266055046
HPGGWVALSG,5064.059633027523
LDSPEDSG,1239.1100917431193
NLEFHLPNDAG,4794.770642201835
VPSQLRVSG,1893.440366972477
HNNVKSG,1218.8165137614678
GNHSAFVASG,3362.0229357798166
GYGRVQHVLS,5884.582568807339
RPHNFHLSQNDV,3604.798165137615
QLDDQALS,1505.1146788990825
RWRQDGQVA,3100.678899082569
EHFDNAGRYWKV,6990.853211009175
PNRALQQPYWNK,5361.192660550459
QPNAVPYWDSQW,16359.316513761469
EWWLVLEWNA,42493.394495412846
PGVSWDAWV,12751.19266055046
RWFYWQNPWS,23520.66513761468
PLREKDKHQFHD,2517.197247706422
LSWPHSEYKA,3567.683486238532
ANWLQFYDVG,16695.41743119266
WRANNALSG,4452.545871559633
SWFHLNSG,7624.224770642202
LEPGYGFRNH,5668.646788990825
VYPRPSG,2811.408256880734
HNHGQERHA,1556.6559633027523
LYFDWALS,10113.06880733945
WPEVAELG,2693.52752293578
HAPEWDRYKAL,4280.798165137615
KDNDGVEPWKH,1750.6376146788991
YSKNDAWSG,2740.362385321101
NQFQDVFNHDVA,4558.504587155963
VRHKLVLS,3961.7522935779816
SNKRVFRDAL,3050.298165137615
YFVKDKHG,2128.1605504587155
PGGNGLSG,1222.1376146788991
VRSRYQKVA,2212.1100917431195
EHYFNVFEWNV,20383.408256880735
PNSDHVQWNLS,3318.706422018349
EELPYVFL,35611.15137614679
PFPPENDG,1957.2522935779816
VQQNQHDASG,1214.651376146789
YAKFQWHS,5715.334862385321
NPHDVWEYNHDA,4380.926605504587
NVHFEDNAL,3883.0688073394494
HVWKQVRWVAS,8740.128440366972
PNDKAEKLPDVS,772.7110091743119
PLLYNHQEVG,3449.2201834862385
VQSHHVLS,2544.0963302752293
SGHFFKDSG,2783.5137614678897
HYDNGPVAG,2156.261467889908
SGWENHRENDG,2037.5
DPWEYNKHDAKH,1741.8715596330276
SPSHDYDVL,2119.4036697247707
RDWNNHYWSG,8783.90366972477
EQQKEYVAL,1175.6146788990825
DYGRNFNKHVSG,2563.2247706422017
FYSRSQHLNVLG,5501.059633027523
EGKHVLDNDS,998.0321100917431
VKLEPQREW,2314.467889908257
NAFHEDGPHA,2494.577981651376
PFERQFHAS,6319.256880733945
NYKVHFHASG,4018.678899082569
FGRHPGQYDA,3343.8119266055046
AVSRDEKDAS,586.5825688073395
AGLPYDVQVA,2490.5229357798166
WKNYHLWDAG,6872.123853211009
VLGLGENWNAS,3099.8348623853212
NFFYVYASG,17703.009174311926
AYNHPGYHS,4044.3990825688074
SQHKVWLG,3647.1880733944954
RVWDVWGRENS,4882.348623853211
VSVPVLASG,2023.105504587156
HSQKQPKVQWLG,2964.1330275229357
RAGSRYVGEYH,5346.068807339449
VNSSYWHDLSG,4514.967889908256
WLRNFGQRKHS,4315.51376146789
AKDFYFEDLG,4889.004587155963
KQSHWVALSG,2747.151376146789
DQGDAQNKH,849.1100917431193
EYQGLGQPNL,2774.5733944954127
QEKRRYKLSNVL,1757.0366972477063
VGNVNFRKD,2617.816513761468
FWEYGNQDAG,3110.0183486238534
HNGGKVALSG,1592.7339449541284
PVNYYNDVASG,4104.522935779816
DLESALNDVAL,2875.0963302752293
DYDRASNSG,1382.0
GANDWSG,2750.412844036697
SQRPQFLGNHVA,3392.5137614678897
YPPGNHSG,1903.4357798165138
DKAQNAGQFEWN,2486.1284403669724
DRKGGEVSG,710.348623853211
KYVNLELG,3473.412844036697
DPGKVNDASG,768.0825688073395
EWESDVSKVAL,3059.623853211009
GNAKQYLG,2451.0045871559632
GFEYWSHVSK,8639.87614678899
KEFVHDG,2262.8073394495414
PDVDVEKEDAG,901.1697247706422
LEYRASHG,3741.330275229358
PVSNNDALHDA,1907.0779816513761
AEAFHPDALSG,3213.4908256880735
HVKWHFYHDVA,7912.8899082568805
VGNQNSWNKHSG,1802.091743119266
WYKYGDSG,3842.793577981651
GHPKVWAS,3699.1100917431195
RQWSWLRYDVAG,14661.399082568807
DQWFYLALS,37685.66972477064
AFWVEAQHG,5957.082568807339
VPQFDSWDVAL,6665.619266055046
GRGFQFSG,6817.206422018348
KNHWEWDLSG,5099.701834862385
PWRKWAGEWVAG,8500.394495412844
GWKRNRPHLS,4440.188073394495
KEFAHALS,2495.5091743119265
FANPFEYWHS,14961.711009174312
DPFNHFEYWVA,12634.43119266055
RQGSKHVAS,1407.954128440367
WRWKSFDYHAS,8478.825688073395
HWGQHDHLSG,4038.733944954128
YRVEFDLS,17218.256880733945
VLFQSFWHLS,19223.1376146789
WFAGRYYHDA,10855.463302752294
NQPWWSQFEKL,9183.169724770642
WWDGGKDG,4157.197247706422
YVAGGWHVPLS,9564.252293577982
DFYWFAEYKVG,21599.619266055044
QSNPNDAEYWHV,5489.119266055046
DVQWGWNEDG,4838.972477064221
ERDENLPYWK,3152.1330275229357
VNKAFLDLS,5168.357798165138
PVSHFREWVENL,9159.178899082568
NKNLYNYNSG,3616.940366972477
WGWHWSFRHG,17312.110091743118
DVVWYHS,15866.669724770642
QSLYQHVLSG,5193.01376146789
PEVGEVRYNHDG,3170.3899082568805
FYEDAFQYNHDV,8378.12385321101
FQGDYLG,4825.55504587156
LHAAKALG,2435.321100917431
WGYYWFEYNVG,22428.0871559633
HWLVWNHVG,12870.646788990825
GQWQPHQPWLG,13277.366972477064
LQFKKGFEYG,5835.077981651376
YRPVGLYNVG,8740.252293577982
WAWSLSFRWKL,23965.224770642202
AFWAFNEKVAL,13294.004587155963
VPNQGEYG,1659.2706422018348
NRHYWSQVG,6891.940366972477
GEGPLPLSG,3041.8440366972477
HQYSKFEPYG,5346.362385321101
WVHRKQKHLG,2729.293577981651
DKHVPQFRYKD,2984.302752293578
WHAWWKAPNHVA,8016.463302752293
AEQNVELG,1422.9495412844037
SNKAPLGFVL,10538.38990825688
SEDPAEYHDL,2558.848623853211
WWGGKSG,4311.399082568807
YWWWSGASG,9337.19266055046
WAWGALRYNAL,19852.743119266055
HEWAHREYKVA,5113.922018348624
WFYLLFRKLSG,11828.715596330276
PLKLARYKVL,8971.536697247706
PFPQDVYWNDA,7080.059633027523
AHFPAYVG,7942.201834862385
LFVPNDFYKV,11308.444954128441
AHAGQHKG,1289.211009174312
ESYLKGRYWH,7395.48623853211
EWFLEYNVLSPW,41738.04587155963
HDQQAGQPNHS,2044.1376146788991
EFHWSQEG,3195.7201834862385
DHQPNRLSG,2052.605504587156
QGEYPWRYVLS,20981.69266055046
PFFDHDSG,6894.467889908256
YSPKPVYWSG,7787.399082568807
GFWHQRHLQKVL,9367.197247706423
DHQYDNAG,2244.0412844036696
NESLQHALSG,2210.197247706422
SSQNQSG,1203.0779816513761
NFENDQVGWHG,6689.229357798165
NPNSEHWHDVL,3744.454128440367
ASHHFESG,2038.7522935779816
SGDSRWRPG,3738.47247706422
EWSSVAGPNKA,1858.0871559633028
YAYGWVKALG,9420.550458715596
RDWWFYVG,22090.15137614679
QYGDNDAGPWDS,5246.816513761468
FYPAPLQNSG,2945.7844036697247
LDLPADSG,1950.3532110091744
GQHFAPYHAG,6372.027522935779
KYRDLYSG,3461.5550458715597
VGRANSQEPHA,1555.0504587155963
HQSRHQYALSG,3900.697247706422
RSGNAPADVLS,1492.0045871559632
PNWLENHRDLS,5636.711009174312
PYGGRVLHLG,11019.545871559632
GPHEQFDG,2314.288990825688
DSQVQFWDEYNH,7930.027522935779
KPRKYVLG,1675.7339449541284
FWWEFREPKHV,10313.211009174312
DDHRVSG,1475.4724770642201
QPKYKPKLSRK,838.8853211009174
SYNQKYNKHS,1866.98623853211
ASFSLGQENKHS,1822.5275229357799
AWVGEGRENKHS,1766.073394495413
SDGHGVSG,1863.5779816513761
QNFYHGEGFAS,5942.532110091744
KNSEGPVLSG,1205.866972477064
FRENQASQYHGQ,2495.5504587155965
SYYHPDVASG,3392.1284403669724
YSGRKRKSFKD,1264.619266055046
ELRKEWHEPNHV,2639.793577981651
RFVSQDQHAG,2864.6284403669724
AWKQFERPWD,9702.825688073395
DADVVEYWNKH,2891.3715596330276
GKEDFEPWAL,3029.6422018348626
PSEDNKRDSG,863.4495412844037
QYGYKSKGEYH,2592.862385321101
WQQDLHALG,6517.779816513761
KFEYGPVPKAL,4417.559633027523
FGFVDAEWDLS,11466.88990825688
GKGFEKPVASG,1177.6009174311926
WFWKQEYVYKS,10281.605504587156
SVAWVAKDVL,6062.146788990825
KQEYAYGQRV,4083.2201834862385
APAHKDLG,1069.2477064220184
HWAFSNAG,7272.05504587156
VGQYHWHFRNG,10059.683486238531
WDGHYWAYWH,22393.467889908257
RERSNKNALG,1207.6467889908256
EFGVGNAG,2015.091743119266
VRFLPWNKHA,6966.963302752293
NWYLVSG,17105.715596330276
WHFQGFWNHAS,13340.857798165138
FQHYEPDLSG,4389.435779816514
KQDSNKLKHAG,880.4357798165138
VFWRRWHDVAL,17797.509174311926
FPAHVQNFKG,4553.981651376147
QWAKAGAQYH,4415.40366972477
HDPGWKSSG,1842.48623853211
NWDPGFALSG,10448.467889908257
VYNQEGFPKHL,3954.605504587156
SWGRAYALSG,9096.055045871559
VLQAVEYHDG,4609.454128440367
FLSGHVLLYKG,18619.591743119265
AHLQPGAG,1890.1422018348624
RRSNFDSG,2415.8899082568805
FQPASDFALG,4005.206422018349
DFEWELSFPYN,25467.729357798165
ENKDSFWPRKHA,2553.0688073394494
HGGPDAHLG,2270.8669724770643
FWVQHSHDLGV,7348.279816513761
FKVHAQEPQEAG,1061.6422018348624
HYSRLDVS,4447.188073394495
DRSPPYVG,3087.2844036697247
FKKNVGFENLG,2796.5183486238534
PFAWLFKHDVG,13645.37614678899
YELKFDLSG,6114.8302752293575
FAQQQRWLG,7917.738532110092
QWHVKEHVGWKA,4138.536697247707
NQDGEHRNG,1466.6422018348624
VKLVSKLG,3365.238532110092
DFEKDSYLEYKH,3128.8899082568805
NLNNREHS,1970.348623853211
VGFVNKQPG,3270.298165137615
DRYSFSQYL,12677.036697247706
RYGWEYKRYDG,8453.211009174312
EVPAQFQDASG,1520.967889908257
AYAYQWHDALS,9364.522935779816
FVDFRHQEDLG,4065.7752293577983
NWNRPGRPHDLG,5620.4495412844035
WSAFNKGYNHG,5577.4908256880735
QFRFEDLHSFKS,8457.055045871559
DVKRVLFWKHAS,7306.9908256880735
EYHRDSPHPKVG,2215.940366972477
WEKQYSFEYHV,17839.44495412844
SVSPKQEYWHLG,4743.243119266055
EHVRAPWAPVLG,8010.738532110092
FAWKFRWVFEWA,29282.522935779816
RWGLWHSQWNVA,15345.279816513761
NSWWGEYKHDAG,5092.022935779816
KQRGEAPYKHV,1435.288990825688
RSFRRDVGYNVA,6114.9495412844035
NVFWKSPVQPK,4868.834862385321
SQHFASRPWAS,8256.747706422018
NQGSVAG,1246.366972477064
LPQDHDLS,1542.334862385321
YRNDWAGPDAG,3820.6422018348626
VWDKYNKHDV,2687.454128440367
KWHFPVRDG,6322.238532110092
VWADYWLG,18410.32110091743
WGVEWHKVG,6677.848623853211
HWPVHDVLS,8029.573394495413
GNFHRWHDAG,6402.325688073394
HPQPNDDL,1460.9128440366972
DHPKRLG,1832.2293577981652
NHKAFLRYWVLS,17221.08256880734
QRVWRWVASRWN,15950.394495412844
AHADPVSG,1637.1834862385322
AHALPFPWNHD,9621.825688073395
DQGQPVRPYHD,4105.646788990825
SAKHDYLSG,1873.9724770642201
FHNNHREYHDL,6000.068807339449
KFGWFVLS,21482.940366972478
RKKYFHVSG,1715.4954128440368
GWHRENHPWNK,4178.220183486239
DGPRSEKG,888.2844036697247
DFVAVEHSG,3484.183486238532
NQRNGKLSFYV,16757.316513761467
QDQSGYDEKV,1585.2660550458716
HNVLAYWS,17063.504587155963
PGQVNKSPWHS,2992.908256880734
WLYERNKSG,3901.4954128440368
FAGRWKSPHALF,12558.747706422018
PSDQSQNDVS,1113.7935779816514
FYAVSQQWKDV,4582.518348623853
KKAPDNHS,786.4770642201835
KNSDVDVAS,870.7385321100918
KFANYWVALS,11497.40366972477
VRQPRYLSG,5143.568807339449
NFRLNSGYLS,9501.940366972478
NLDLFAYKSG,6563.463302752293
HNLGPYYKDVL,8070.977064220184
DYHLNAPDVS,2501.0366972477063
KDVVQENSQWLG,2301.935779816514
YEWDHEPHG,4634.504587155963
HFQADVSG,2146.119266055046
PGDAKLSRNG,1364.7614678899083
GPNGNAQHVG,1338.954128440367
HEKNDAPWDLG,2721.8577981651374
VQDNWHAG,2623.922018348624
VPEWLYG,7183.119266055046
DSFHYLSQEPDG,3159.5091743119265
QVYRGQYKVL,9049.302752293577
FHFAGRAPYHV,10215.197247706423
NSLRVLVS,23971.01376146789
VEVYFLSG,31317.701834862386
SQHLRWLQEKAL,4656.371559633028
NGDEEWHDA,1759.5963302752293
ADQVGKSG,727.2339449541284
NFHRFRDALG,6593.155963302752
GNVDDAG,1102.5
KRDELFHG,1684.9908256880733
GYHRPAEPS,1641.4633027522937
SKVHAYLSG,3702.788990825688
HYWPVFPYWV,27382.559633027522
EGVYVGVAL,20100.88532110092
VYYWPNVLS,12782.279816513761
KNQDFNG,1383.2477064220184
LDSWYLG,8202.628440366972
DFEWNEFRPA,5560.5
YFAHHVG,4355.678899082569
EFYHLREHLHLS,8189.660550458716
NPFEAFSG,3617.8899082568805
EFKFENLVAS,3470.348623853211
NDYVKDRYWKSG,2797.183486238532
FRGALQFKRYNV,9612.334862385322
DLNWDRNKDL,2780.233944954128
WNPKDLAEYNG,2161.3669724770643
QRAPGEWRPNKH,2083.302752293578
NYKGFRDVWNDV,4985.266055045871
SGWQEHFNHDVS,3670.3119266055046
FVASFNWNKVWA,12725.600917431193
VYRGQLG,3145.5091743119265
HEHDPYQRLSG,3257.6743119266057
LVSAYLG,6605.279816513761
FSRWYQWHVA,11903.853211009175
WKDAWNEASQHG,2169.743119266055
GHALSLHVSG,4255.527522935779
NADGPQPASG,980.1284403669724
ALVGPVEHS,1636.48623853211
NEGDNSG,920.3577981651376
VDFNFPHA,3972.683486238532
WSDYAFWKAL,11655.839449541285
LPYLPALNDVA,4233.344036697248
RGYSYEDAG,3117.5550458715597
RVGGAQEWNAG,1892.366972477064
GRHGGEWNHVLS,3949.380733944954
EQGDEVSG,782.348623853211
PVNFWNDVWS,14882.697247706423
QNVGQWVRNSYD,9316.761467889908
QPRADVLFRHD,6175.756880733945
HLRYVLDVGQKG,5725.633027522936
RLNADLFKDV,2999.119266055046
DPGLALS,1520.6284403669724
VNLVLNDALS,7049.784403669725
YQKFYFEPHDLS,11192.091743119267
EELKNVG,1172.4036697247707
WFDLPQPWA,19064.738532110092
FVAYAVRYWKAS,14246.775229357798
HFLRRPSG,4365.733944954129
RKPGQFHLFAS,7090.600917431193
HLLPASWNKHVG,4371.995412844037
HGVSEDSENG,1241.4036697247707
EWLLSFRWFNHL,32618.11467889908
AHDWRYHG,6768.073394495413
PKRNHANFWKVG,3260.706422018349
DKHYLHLG,3299.5825688073396
PDVWDGREQNAS,1994.908256880734
EWAHDWDYKS,5913.706422018348
HYKSAGENHDV,1403.619266055046
HSFKEKAYWDSG,2928.7201834862385
FAHWWVLSG,15800.88990825688
RGFFFRPYWDG,20773.79357798165
KRAWNQFLG,5979.417431192661
LHVLLWVG,33968.21559633027
SHWDFALG,10298.467889908257
PPQRHFLG,4201.123853211009
QQYWPNSWS,12865.79357798165
HAQREANGQVS,1548.633027522936
VRDARNALFPD,5428.55504587156
EYAVSFYREPY,44897.747706422015
KRWYQEPYNVAS,5666.44495412844
PWSGWDAGDVWD,12827.422018348623
WDWGDSQYNAL,9500.990825688074
PNWKYQKHSG,2507.8348623853212
FDNQSGWNHAG,3478.729357798165
KHKNQKDSG,625.1788990825688
ARDPASQYDL,2565.5963302752293
DLWLSDDVAL,10188.311926605504
FARVAVLFPVG,35620.977064220184
PYWKQDFYHSHD,9067.40366972477
GHASQADAG,1131.0091743119267
RGPNEWGEPNK,1591.8577981651376
WDQREEPVLWS,13312.555045871559
RQDFEYKPKG,1658.6376146788991
ANESRVLS,1674.7431192660551
ARGELNASG,1296.4816513761468
YSAASFVG,5422.302752293578
VFAYGDLSG,6693.073394495413
FHDQHEWKLGRE,2813.830275229358
GPRLNLG,2686.770642201835
FQQRNSAG,2653.7752293577983
EFNRFYWVAS,19214.02752293578
GRDFEFEVSG,5936.821100917431
KRQEPPHDASG,1051.1880733944954
KGLYVQYNKLG,6208.426605504587
NRDSVRYWKVL,8462.834862385322
HFLFFDG,20248.454128440368
NLPYAKVLQRN,4657.206422018348
DKGYWLYSG,8857.036697247706
WFAVHVALS,26130.330275229357
NYKWFNVASG,5819.977064220184
WDYYANDVLSG,9780.87614678899
GQFYPVGVLS,15745.619266055046
REDNGYLYWH,12692.371559633028
DDALVSWVAS,6885.05504587156
EGAQYWGVG,4358.55504587156
NEPQHQFEH,2534.848623853211
RWVKVREVAHD,3861.848623853211
YGVWFDVL,27413.871559633026
QSWDLPAQPDL,4065.4770642201834
QKYYWHQKHAG,3213.1559633027523
WKYRVKDALG,3653.6330275229357
SEALESEASG,1078.545871559633
FWLGFAFKPDG,13064.40366972477
ASLSWFRDVL,13560.366972477064
DGPGHSENHLG,1752.4357798165138
GPEHPHDVLS,1867.7981651376147
VYKNHQLSG,2347.922018348624
FGNWPNAG,5502.545871559633
QEGQAGFNVWKG,3095.6743119266057
FELNWKHGKSG,2468.5137614678897
LYYRDAG,3640.6605504587155
HGWNSWLKVS,10359.619266055046
RDWAASPYKDA,3512.376146788991
AGHAGEGRYHA,2538.4311926605506
QFDFYDGAFRH,10982.036697247706
QSYQRDFNVLS,7347.142201834862
WHLGQANVRYW,20017.92660550459
NKLGRFPWQHA,8184.146788990825
GVYNYVSG,7786.573394495413
YHRDYVASRS,4125.087155963302
FSPPHGQEHAL,2679.3440366972477
QWVLQGWDSPNS,7878.766055045871
ENEYLGVRDVL,5791.142201834862
PWANVFKFPYS,22309.55504587156
WWAYYHDVSG,13949.912844036697
ADSHRKVG,1543.5091743119267
HLHAKHPWKLG,4926.894495412844
GQRPFRYDYNK,4812.527522935779
WVSVSRPWFKLG,23781.371559633026
HHAAPDLSG,1933.4220183486239
QQYPFRPWKHV,9025.995412844037
FQDFPVRNLG,8258.19266055046
SESYHEAG,1922.866972477064
FPAVWFWNKDL,19252.74770642202
DWKVPAESG,1253.4954128440368
AYFRVKG,4797.885321100917
KHRSSGQNKAG,901.9770642201835
VDSGESALSG,1252.1238532110092
WSGNNPHALS,5382.784403669725
VWQGWSG,7737.45871559633
DGWWLRPKDVSG,5474.321100917431
LSNFWHQFENVG,8941.949541284404
ARGYGWSG,7090.123853211009
RFPSRYLPDLG,8258.211009174312
EDNGQNPHSG,1493.1467889908256
EEAVPKLSG,1023.8348623853211
PNDLFGNKVGP,2762.9036697247707
HNVHYSG,4348.059633027523
RERGESGAS,1066.7981651376147
LPPWFRDALG,13370.536697247706
FHHFDFPYDV,15797.137614678899
HQDAWGWAL,13284.605504587156
ESFQFVGSG,7255.8302752293575
VVAFSKVLSG,11366.362385321101
NENGAQEPWDV,2930.8853211009173
WRRLGKSG,3462.733944954128
GYGDRDG,2663.922018348624
YSGPQKVLQEP,1362.8073394495414
WLEQDSYWKDV,8753.02752293578
YRLNLFVSG,22215.5871559633
WKHKALSFEDLW,9794.339449541285
VQRKPHGEHDG,1517.4633027522937
FDSWLQRNVWKG,8245.302752293577
LPSYNNVSG,2785.032110091743
YAKFGNAS,2761.178899082569
PHFVGNALNAL,7852.123853211009
KQNWDQEYNHG,3201.5733944954127
WEGWYAG,17235.009174311926
QFAQHVPNAWVS,7213.380733944954
RHFSAGEPYW,13439.137614678899
HPKPFNVSG,2072.233944954128
HEVNKQRG,1233.0412844036698
GYYDVKG,3640.6100917431195
RVYNNVSQFWDV,16470.15137614679
VWWNDFLG,21209.288990825688
AVENEVSG,1134.9633027522937
RWANKHFNAQA,3538.7155963302753
VARARDQHG,2337.894495412844
PGDWDANSG,2661.6009174311926
WPWPPVASG,8204.298165137614
YAYNHVNLPYNL,15892.88990825688
EEGKSNSG,967.8669724770642
HWNNGWLS,11475.619266055046
EHYKPLEWVLS,7002.577981651376
WHALGGRPGNHS,4490.01376146789
KRQEWRWKDS,2117.9908256880735
SEGYEYASG,3738.1330275229357
WVYANHWDVG,13420.128440366972
GEYLVAFVA,40003.56880733945
KVVDNALSG,1518.8440366972477
FADAPAWNG,3761.348623853211
FAGNENLWKHA,3979.2201834862385
VEKFPAQRYNS,3679.032110091743
PAKVHLFPNSG,3176.091743119266
RFDHNKSG,2052.5504587155965
HWNFLYWG,19073.339449541283
EESLGKSG,1079.7339449541284
WFAWAHASG,11848.490825688074
VAPADLYWHDAL,6971.247706422018
AFQAQNLG,2892.52752293578
VHPSRDLG,2464.5183486238534
KYPASVLG,2754.9174311926604
GFYAVGQFVG,28109.509174311926
LYRYFYHVAL,14070.178899082568
NSKNDGYHD,2014.2064220183486
RDRNGPAQEVL,1870.119266055046
FDVRSHREPVG,2634.940366972477
DAFKLHGEKD,1445.665137614679
YLRDSNKVQS,1876.8899082568807
LELYNNKHLS,4462.935779816514
PPWYKQRPNA,3535.376146788991
ARVGNHNKD,1333.0550458715597
SYVFSPYG,12903.628440366972
PWFAQESEPND,4163.683486238532
PAKQKSFYNKL,1554.7981651376147
NVKNYWHDVSG,3604.8715596330276
NSQQWALYG,9962.20642201835
DSKKRYVSG,1273.8165137614678
YPFGFAG,12760.697247706423
YLLYGWDLG,14602.302752293577
ARNEPAREWKVS,1901.7752293577983
HELDQKVG,1483.48623853211
FSQHWNAFKHD,6484.894495412844
EDDWYDAS,4319.720183486239
YFDNPHVASG,3925.7477064220184
HVRLDVEWDAL,11983.701834862386
VNRYYHDVLSG,7099.027522935779
QSQGHQPKHDV,1346.7981651376147
VGFNNREWKLS,5482.064220183486
DVEFHFKDAG,3327.766055045872
GHFASWVG,9288.174311926605
WRAQARYSG,7102.454128440367
DRGWGFDG,7795.697247706422
PFHFWDAKLS,10579.816513761469
WSHPLEALS,6032.706422018348
DHQGYDVAL,3398.7522935779816
QYVVGRHDHDA,3725.591743119266
VVLLDLG,25563.95871559633
GSYQFRPWLS,16339.183486238531
DLRGQYNPNKVS,2813.52752293578
LPSRVSRVAG,2982.8853211009173
DHQLQLG,2254.0091743119265
PSFVDGEKHVG,2133.935779816514
EENFPRWHVLS,8884.747706422018
YRVQNWKSG,3659.876146788991
HAYRSEPYNASG,3473.440366972477
PKKQEDKVSG,697.316513761468
HNEARSG,1224.197247706422
RRQQFRWNLG,7034.6100917431195
LDVEDYVG,2845.0688073394494
FWKFSQHSEWD,8579.871559633028
WRVQASEPG,2692.697247706422
VPQGFDG,2357.761467889908
VPQWYWLG,19292.183486238533
FEPPLEGEYVL,4195.091743119266
WQGEPVQFRD,8617.004587155963
LGAPWFWNKDS,7954.876146788991
WWDGVSQRKHS,4957.628440366972
SWNNDEASG,2072.935779816514
ERVYPYNKDV,2821.577981651376
KAPWWDEPDAG,3663.0
NKWGWSWHG,12529.97247706422
HRKGSPWLG,4651.119266055046
HAHSDLVAL,3525.798165137615
GWLDYVLSG,16042.720183486239
PWPYLYDLQEWA,21614.82110091743
SEVQNHQVALG,2784.922018348624
DHAQALKLG,1624.1467889908256
FSWVYNRNALS,9381.339449541285
YPDYDHALSG,3784.6330275229357
QNFFHVLFRES,21019.697247706423
DGAYSRDVAG,2318.1880733944954
DVWVHLGQFPVS,18560.761467889908
FKVVNDLQRWG,8161.1100917431195
ARFKELSG,1970.4128440366972
QPHHSPQEDG,1335.4770642201836
YKSQYEPKQHLS,1906.7935779816514
HGGWEWALS,9544.90366972477
VFLEKVLHDL,9300.238532110092
NFYENQEHVL,5256.0
FFQLDVLSG,11027.022935779816
WFKSGWLQEYKS,7436.440366972477
HRYFEQNKHVAS,2784.935779816514
KQNPRKHDVS,993.5917431192661
KYKRGEVG,894.5275229357799
DNNAFDG,1894.5275229357799
QVHFQPKALS,2982.729357798165
GRQGPNVASG,1644.1467889908256
HHYVPVLS,5959.711009174312
LFSKANSG,2169.935779816514
NKHGSQYPWG,4607.036697247707
ASVQYGPAG,2124.183486238532
PFAPKGVLS,2907.1880733944954
QWQKEPDLQEAG,1195.7247706422017
RPLDSQYQEAS,1824.2477064220184
AEDGLQKHDS,1109.6284403669724
REDNQELQENHS,1024.1009174311926
SNAADVLG,1376.1834862385322
KGFYKYDLES,3067.5137614678897
HYEAYVLS,14358.091743119267
SFNDLDLWKDS,3816.353211009174
YFNKRQRPYKLS,4112.477064220184
HAPVNHGFPNA,2804.5688073394494
DKWQEDSG,1146.4633027522937
NPYGEFREDG,2262.238532110092
HGQKEDQRPWD,2272.3440366972477
VRQPAQSG,1135.059633027523
ARYLFRWDQHA,9088.362385321101
KYSADVLSG,1515.3119266055046
GQYRNQRYNDG,3931.201834862385
YKAKSYANDAG,1614.0045871559632
PYFSPNKFYKV,11816.087155963303
DAVGPAGKHSG,979.8623853211009
HYYEALG,4646.316513761468
NEWAASFNKA,3873.6880733944954
FGVNASEPAS,1362.6743119266055
PNWGGQLSG,2611.123853211009
PPAKEKDA,471.38532110091745
LEQDVDG,1107.0091743119267
ESVDGWASG,1626.0642201834862
NHSGSWSPNKG,2054.8853211009173
YLFNPKQPKHAL,3743.9908256880735
QVKQVFRWKL,5641.5
PWEGYFEPVSG,9370.509174311926
LNELVALSG,3480.6284403669724
YKNGFRSQFHAS,4931.811926605505
NRKPDFNKHVAL,2287.293577981651
FDHGVSFPYHL,14169.977064220184
FRPDVFLGFKEP,10888.536697247706
VVASSPHLSG,2029.98623853211
HAKNSVSG,989.2155963302753
LELVGVSG,5362.311926605505
ELGSVAFPN,2263.6009174311926
KFGQSAG,1296.5183486238532
NQNRESFLG,2263.935779816514
HLDNNKLSG,1508.3853211009175
SNKDGKELS,630.4266055045872
RYHDEWGRERYN,5896.155963302752
WSNHKLSKHL,3659.6926605504586
ARWQYFPLG,15027.697247706423
FAEFGQEPSG,2784.0091743119265
EYPRYLQFKV,15440.770642201835
HFDPWGHVL,13359.784403669724
EADPAGHDVS,960.5871559633027
WDKKEKSG,873.0321100917431
HEQQASG,1067.8623853211009
HVRELQHWDA,7016.844036697248
QWRPYHGDSQRH,4842.8899082568805
EGRYLHRYWKH,6048.729357798165
NEVRAHLSG,2768.669724770642
HEWQFSWAG,14139.119266055046
YSNGDVQEWNA,2731.908256880734
ELSKLVFPNHG,3539.651376146789
EVVPLPYDVG,3627.2522935779816
WLRVHLENKHV,7819.3899082568805
EKLPRWDSWHLS,6413.756880733945
SKGHQEKHAL,1084.954128440367
KPFPSNVA,1285.01376146789
DLPAKLSNG,1235.8394495412845
QFQFYDYKHSDS,5263.288990825688
PQASLRNDASG,1350.045871559633
VLYSSGKDASG,2168.8853211009173
SDYKSPLSG,1240.1009174311926
QFREYGFHDALN,8414.40366972477
SDYVDASG,1934.4724770642201
NLWSFKSNVAS,5239.288990825688
HQHQNLQFYH,10181.40366972477
RPSYGEHFNVA,4473.577981651376
RNANFEGPWKLS,5257.642201834862
RAVQYVAQDL,4841.376146788991
NFYDQFKSEYDS,6147.55504587156
AWALLRWNKD,8524.160550458715
RYYYSFWKHDG,9287.660550458715
LPQDDLS,1585.4128440366972
EHDPGYWHPHD,4625.293577981652
NEDRNYKASG,1776.2935779816514
KGSWNLYKHDS,2937.1146788990827
WENFQNKLSG,4988.688073394495
ERLDLKAS,1318.3577981651376
DEREQEWG,1964.940366972477
FDSRSFWKWVL,13416.467889908257
GLGYDHDG,3967.6605504587155
QGGQLQDLSG,1369.7522935779816
EHSFALPFEAG,5703.366972477064
WEWHVEDQRAL,7899.784403669725
YKVPYPYNWNHG,8817.79357798165
PSYRGEWDVAL,7633.178899082569
YFVRAQVSG,6946.614678899083
LRWHHLSRYWKS,8510.252293577982
GPYQVLRKA,3871.2247706422017
ESVSREKFWDS,2316.5733944954127
NNFRLPSG,4109.160550458716
VRFYDEG,5751.353211009175
NRNEDRYWKDA,2796.348623853211
LWWNQFYHDAL,20726.261467889908
NRQDSWDS,2611.229357798165
QKALDLQPSGDL,1696.2660550458716
FYEWREWVGPYL,25595.95871559633
DPHDSESGYHL,2228.169724770642
EKQPRWHLFKH,3901.4770642201834
PHYKAALYHS,5435.784403669725
GQFRSYEHG,5081.091743119266
SLRQFRYHVL,12929.711009174312
DSVFDEWVAG,4628.912844036698
NNNFEDVLSG,2754.077981651376
QWNYRNVNLSG,7038.454128440367
DWGSALSG,3611.1743119266057
YFFHWDALSG,8377.688073394496
AHDHQHVG,1821.2568807339449
YRHVDPNKDV,1779.7752293577983
RKEFHSEPNHV,1940.091743119266
ANPKALLG,2225.5688073394494
RNNVLRDFWKDL,7454.256880733945
RLKHWKWHG,4822.633027522936
NALYRYNLPNL,14851.288990825688
EYYEEHAG,3313.440366972477
AGPFARHDAL,4168.747706422018
QYKELQWDGRK,3002.3440366972477
DFHVGDDSG,2063.243119266055
AFKGSPVSG,1891.0412844036698
AEDWFESG,4408.059633027523
QKSKNHAEWAS,1475.3532110091744
HFAFSWVLG,26570.825688073393
DPEVHVG,1415.394495412844
NAKAALEWDL,3574.733944954128
WAHSVEPYWL,27299.9128440367
DYVDGNASG,2480.3669724770643
LQLWYWLS,24028.316513761467
ESVEGELSG,1196.032110091743
NFNWRWHLS,16097.995412844037
DPWPHGEYNKAL,3767.912844036697
LDVWEVASG,5278.8899082568805
VLYHLVQWVAS,19763.853211009173
PLVWYDAG,16840.509174311926
GQPFQNDVAS,1800.0
PGHDYNRHSG,2731.591743119266
ADKHVYSG,1933.3532110091744
HPHSYSHVLS,5671.5
NAPFHDQFPWND,10087.70642201835
VEWDNGKVSG,2672.1743119266057
GNADGYVSG,2742.591743119266
QDSNHQKRNKG,951.5045871559633
HPDEEPLSG,1197.532110091743
RYFYVGQEHFYD,26113.784403669724
YEEWNYAS,7642.417431192661
LEYFYEYDG,13642.646788990825
ALNYKHEVAG,1950.4495412844037
FPYWVWDPKWNA,19000.018348623853
HGPVAVGENG,1493.7018348623853
SWPDLHASG,4892.660550458716
ELNAEKLFNKS,1570.6834862385322
GKENRKSG,819.6651376146789
WDSWVAGYQRWN,17774.133027522937
LLDVSALSG,4175.348623853211
SLWVDLSG,11048.032110091743
SRYHVKHSFRP,5011.55504587156
NNDEWWKG,3348.1559633027523
ALAPLSDAS,1892.1376146788991
HKDRNRNKSG,852.0137614678899
RGAGPVYNVLSG,5536.211009174312
WHSNHSRPLKS,4027.440366972477
VSDYFYHVALG,13228.802752293577
KSVFHQHVG,2671.701834862385
YAPDAVRYNK,2807.7752293577983
HNWARNSG,3262.288990825688
VPDWVEHDVA,2547.2201834862385
KLLKNVLS,2249.3256880733943
WKWLQHGKHL,5801.077981651376
WEEHAEPG,3120.169724770642
GYPYWFYSG,15517.738532110092
NQDAEPPNAS,1233.7431192660551
HPAVWHSG,3955.330275229358
FQDQQDLG,2037.9816513761468
NQLNLRWLG,13776.266055045871
DNPNAEG,1092.2293577981652
NEHAALEPYKG,2019.4311926605506
QSYKHHLPWKSG,3902.412844036697
ENQSDVEPYNKD,1097.619266055046
LSLRSGLG,4639.706422018348
PKEGWHQLSG,2920.967889908257
FDHHREVG,2486.2201834862385
HNFVDASG,3069.4266055045873
RHYSLPNDSG,3312.5963302752293
FPEWWNFPL,40141.37614678899
FLLVFRPG,32582.876146788993
FAHGHASVLS,5192.284403669725
AWDLKRHD,3958.97247706422
PHWPYFRNKHS,6735.6697247706425
AQKDGRGKLS,854.8256880733945
YGHHKDALS,2057.380733944954
WAKRKVFRNH,3531.5
PVHWRWNKDAL,7136.683486238532
EHRYRHSGQDAL,2933.47247706422
NYSFEGKALSG,3015.2201834862385
EYEQKHLRPN,2203.077981651376
HPNPGYKG,1740.2522935779816
FQGVKHS,2172.766055045872
EFVVWDLS,22158.394495412846
VGSAHSG,1611.1834862385322
AALAFEG,2995.853211009174
NNYKNLSG,1897.4220183486239
PPGYWEKG,2725.8119266055046
YNHRAKLSQFKL,5024.885321100917
WVGHHASYALSG,9050.95871559633
FRELYHQDVRA,4660.545871559633
LRWPWAQRNVSG,7820.311926605505
EDAWPHLENS,2810.9862385321103
HGAWVEPYDVAS,6474.229357798165
HFWPAQENKDA,2281.678899082569
WPNGFSREPKG,3306.7247706422017
NAGELSNQPNV,2269.5
SNSFDPYS,5323.431192660551
DSPNDDSRPYS,1999.4770642201836
PYEFLQKVL,14334.944954128441
GFSLQNDAL,5584.339449541284
SRLFGYVG,11027.247706422018
NVVRRPSG,3628.9266055045873
YSNVAHLENV,3554.5183486238534
KYRWKFASG,3733.5963302752293
FQSFRYYLS,18896.270642201835
FRGRHDFKDFYK,5177.724770642202
LFPQDGFYHVL,20912.26605504587
RNFQHDAPNH,3433.3119266055046
LHAGQQFSG,3288.6926605504586
YWNEDLYDHAL,13882.839449541285
PEYNWAQFPNH,9844.412844036697
GPNFPPDS,2228.6926605504586
REARWSHQEWNG,4388.183486238532
PHYQNDVPKDVG,1868.7201834862385
GWDRYFEPWDL,25105.23394495413
QDVANVSHQYD,2845.087155963303
WADEYVREWG,9769.018348623853
SRNSWNLPALS,6619.01376146789
FDKPRPWKVA,3800.738532110092
EDHNGFVSG,2301.6100917431195
GVELDSG,1434.7431192660551
QWNNAGSFRENG,3374.7752293577983
DARVSVKAG,1569.2247706422017
KLSAAFEWDVG,4672.688073394495
WKVNNHVLPNKA,2907.3669724770643
FKVEYSRSFYK,11493.435779816513
PLFNWDWNDG,13677.857798165138
KFDWHAEWNDAS,3969.8577981651374
RYVNENGRKG,1702.559633027523
YKESEPRWV,4438.316513761468
VWGYYVAG,15463.201834862386
PSPSKARPWNL,3136.183486238532
FQSPSFASG,4032.376146788991
VRVAVYKDA,7239.279816513761
DFADWDSG,3961.3669724770643
EQSHQYLS,2358.6100917431195
LAFYYDVALS,30353.871559633026
QFWSGDLRYRK,8743.711009174312
RRPLDGQFNKHV,3276.5091743119265
RALRSRPGFWH,13792.862385321101
FKLHWKVYNKDG,3983.935779816514
FSGGPWRDVSG,6061.802752293578
GVNHGYG,3702.0504587155965
WAAYDSKG,3432.7201834862385
SFKQKAGFS,2795.733944954128
NHDPWAGFALQH,9532.87614678899
HSAGRKVWNKH,2024.591743119266
GPHHPYSG,3428.532110091743
KWFLWLSG,17328.954128440368
VKSFVENSG,1725.1788990825687
PRHYWEHLSG,8106.279816513761
EDRQQDVG,1027.1559633027523
HDHNNHALSG,1978.6009174311926
DEASALASG,1119.5412844036698
YKNRYAQLSG,3391.3348623853212
RFGWWVSG,14383.504587155963
REVYLFWGYNSG,30128.229357798165
RVGDHDVGELS,1936.6880733944954
WLAPLWNKVA,10494.977064220184
EDSGSRGEKDS,845.3073394495412
LEARSVALS,4573.307339449541
LDQHVNAG,1930.8211009174313
KFFDSEDVSG,2004.8256880733945
AKVHHDG,1638.7018348623853
NEAQYQEPWLS,7170.366972477064
PFHAYQFPHDL,17085.29357798165
HANSGDSFPN,1888.4587155963302
KRVFNASDA,1674.3990825688074
LLGDAAG,1637.3577981651376
SQWRNEWHDAS,5301.426605504587
HQYYKGFRWDL,12987.059633027522
KQYGVFWHAL,12200.51376146789
GKNLDSG,1066.0183486238532
EAVLWHFRWKG,10460.87614678899
RRRAPNKDALG,1200.6880733944954
YRHPAENSG,1817.954128440367
KFHEQHLSG,1724.3073394495414
WQSYAALS,8535.463302752294
ESQSSPNHDSG,1031.2477064220184
KVKLYVNLG,10825.54128440367
RWVLQEWWDSRN,16364.119266055046
ANSKAWALSG,2320.8394495412845
YSAGHQHDVA,2045.2247706422017
GVQPVHVALG,3501.619266055046
HPFAALG,3921.3990825688074
LDLEFHDLSG,4485.463302752293
RHVEKGLGEKHA,1302.1605504587155
LNDARQFRPND,2861.756880733945
SGFQVSPWHDAG,6633.371559633028
NFLHWDSG,6970.995412844037
EGPPVSQRNVAL,1559.788990825688
RHEEQEKVALG,914.3807339449542
GRPYFLRKLSG,7678.518348623853
QQVFFEKHDG,3766.619266055046
HNGFDLKHV,3630.1605504587155
WPKHKGPYLG,4264.477064220184
SGAFHGPKVLG,3206.862385321101
FVPEQFNKDL,2087.8119266055046
DNDLGSGFKH,1881.7522935779816
QKAQASRENRL,1223.394495412844
YDPNPYDENA,2592.6880733944954
YNGPQEWFDVL,8940.252293577982
FQFPNRYWPVL,25849.683486238533
QSDNPKHVAL,1829.0366972477063
ELHDPGRWKHS,2044.5091743119267
PDAAGFDSFWA,10244.922018348623
KRKWREHAL,1640.7293577981652
WSVNSQNALS,2904.8348623853212
QHQERLPYHDVL,6306.119266055046
ESHRKDEVG,719.183486238532
SGLDDLSG,1684.4724770642201
YRFWYWG,13034.160550458715
SGWQYGRPWDVG,10552.688073394496
LQHVQPYKHEYN,3108.412844036697
AHGDHDS,981.0504587155963
QRNHSWSNSGRS,3204.8990825688074
RHNLHSPVSG,1986.133027522936
YERKQPLSG,1885.880733944954
WLAQRQFHL,13769.940366972478
EVGKKGFYWVG,5106.394495412844
NHSRYGPASQRL,4911.224770642202
YRFDENLSG,3495.678899082569
NKEDAWLSFPH,5942.165137614679
EYGYSPRYKASG,3985.376146788991
SDYGVAG,1641.0412844036698
GNGVHAS,1360.4816513761468
FSYWNLFKLDA,6734.4495412844035
PSRNLSPHSWKD,3352.738532110092
VQSWFKDSG,2939.6422018348626
SGGHWLSG,4071.816513761468
EKNRLEPYNKG,1316.4220183486239
QSPDAPWDSYW,8269.701834862386
YELLDLG,6604.229357798165
LDVPEDLG,1480.6238532110092
SDEYPNALSG,1800.5642201834862
LRNRHGEPYH,5007.178899082569
QPDGAYNKHEPV,1896.3623853211009
EVLAYKDAPNVS,2035.51376146789
NAQLKSEHALG,1197.0550458715597
NWSHPAG,3684.876146788991
NEGRYYDSG,4694.811926605505
YFPYDFDGRPN,8102.98623853211
EKQGKHGPYW,3200.146788990826
EPWDQWKRNPVA,3751.5045871559632
YEKYNVFRNHVG,5253.981651376147
QGWNYAGEPYK,5129.9908256880735
ALDRPYGNHL,6690.399082568807
HGHSGALRPWKD,4513.981651376147
YYGYGWLSG,7198.637614678899
QVYSALEYHVS,9431.555045871559
YPAHSHVLS,3872.2155963302753
SKRAFDLG,2424.3348623853212
GVGRESNKD,1061.4816513761468
DNVKVWSG,2514.5183486238534
QVYPSRHSG,3219.733944954128
NAKFQEVLS,2246.440366972477
KHYNQHSQFNKH,2516.9587155963304
QKAAELEYNKG,893.8211009174312
FEPVNKVSALSE,1336.7155963302753
HNPAWKHLS,3450.830275229358
VVLERDLG,3066.706422018349
YKWPAQYNSG,4712.036697247707
LKQEAKALG,1154.0275229357799
VWASAFALS,18732.697247706423
RPWSVPYDVLND,15291.674311926605
FHQWEWNRPNH,8767.871559633028
RWNQWQFENPY,23547.798165137614
EDVGLRHGFWV,15115.61009174312
HYPSVLG,4702.077981651376
SDRVYVSG,5007.6697247706425
RPLNARDSGQY,4872.90366972477
QHGDWVQNKHA,2281.5183486238534
HEKPLPDASG,1201.7522935779816
KGKSASPYWVL,4639.477064220184
YPLGEQLSG,1900.288990825688
YDQEVANSWHVG,5259.784403669725
YDKWNVQFHAS,6049.972477064221
KLEFKAQFEAG,2837.1880733944954
SRFRLQSG,4575.568807339449
WWRNANG,6433.926605504587
RWPWPKEPWL,15965.412844036697
NQYKWSGPDLS,3721.6422018348626
PLDYEKLSG,2483.8577981651374
YEYVKSQREHL,3620.467889908257
YVAFQFDGKH,10932.454128440368
WGHSKGWNKVA,3102.9311926605506
VGHRRDVG,2091.5733944954127
KKQLVSG,939.7110091743119
HYSVHLSG,5616.504587155963
FVQEQEHLQPDS,2068.7201834862385
AKRWDPVG,2399.8669724770643
EFVSREFPYN,8086.559633027523
NFNQNSQFPYAS,6832.344036697248
PYWHLVDFKHVA,17604.155963302754
LGFPPGFRPLS,9411.733944954129
PSDFYNHVEPVA,3998.3256880733943
SKAYRWDLG,5331.467889908256
VEDVHQENKSG,967.2018348623853
LPRSWNDVALS,4347.871559633028
YDLPHDWVYNAS,8172.95871559633
QQGVYDVASG,1919.0045871559632
ALGEQNDLYWK,5395.747706422018
VSAYKDFPYDLS,6649.651376146789
KQEYPHLGWKA,4300.743119266055
QGLKEWG,2166.6146788990827
WQRFLGFREK,8013.261467889908
SVAYYDVAL,19227.353211009173
DYDVGDQKG,1416.7706422018348
KRVVDLG,1492.8119266055046
YAEYLEVPHLG,10452.444954128441
RPADNKQWND,1962.802752293578
HHNDEALSG,1468.6559633027523
VQAFSDSG,2001.2798165137615
HENDNFEPWNK,3106.6422018348626
KVASALESRS,1376.6926605504586
NFDHGRVA,3475.3073394495414
WKFWVKVEWNVG,23946.091743119265
NEFQWKASG,3362.6743119266057
KDGHLRHQYKVL,4955.284403669725
QHQVKDAYKH,1704.1788990825687
KYHWNGFRWHLG,12137.871559633028
RSAHPYLSG,4992.036697247707
RHHLEKLVSG,2161.353211009174
RHEDLKPYKHAG,1962.6009174311926
VDGWDYSG,6938.238532110092
YRSFREPGFPN,6551.5
DQVKHVEVALSG,2122.2522935779816
QWLFVGQFPQR,27385.380733944956
NDLWLQKVEN,4166.344036697248
RYLVYVAYWNK,24196.57339449541
QYRKNKPYWLG,7485.857798165138
YSQEWGNPYWVG,19721.77981651376
HDNEFHSG,2706.293577981651
RFQGRALS,4864.059633027523
EHEFYVASY,28678.977064220184
HWKNLPDG,2741.270642201835
YHGKQRWGNKL,3284.97247706422
AFRAHLKDS,2545.3394495412845
RGKPAFRYWA,8515.477064220184
ERWYDFEYAG,15424.761467889908
VWKNRWNLG,6702.802752293578
ALEPGLFRPSG,3614.6330275229357
HPFRVHLG,8229.825688073395
LHQRYPVALG,7963.912844036698
FGRKWKSPDS,1866.9816513761468
FFGPRELSG,4860.435779816514
LRNHDRYQFRYN,10092.394495412844
VFHHEYDG,5311.729357798165
HYARVDLG,5381.871559633028
QWQNPDFNKH,4336.0504587155965
NELWHKHDLS,4960.6100917431195
EVSEYRWVRA,13079.779816513761
WQLENHVEDVG,3174.683486238532
FVHHGQFPVAS,6062.518348623853
YLRRDQEKDVG,1780.7385321100917
SKRHQYLS,3071.678899082569
VRSVAESG,1478.2018348623853
RHGFSGKNKDAL,1758.1422018348624
VYNNYDSG,3779.637614678899
DGYFVGQEHLS,6086.197247706422
NDPVLFHPLS,10746.811926605504
QGWRLFALSG,19146.490825688074
SHAPRLSG,2637.802752293578
NHSLFDAENKL,2592.206422018349
HQHVQKDRDVLS,1393.5779816513761
HKGQVGDG,1173.9128440366972
EDVSVQFAFNDV,21317.77981651376
SDAHRHVAS,2202.6422018348626
RWPHAWLGRWKA,12224.064220183487
EWKWYLEHALS,11981.247706422018
VHGVYNLSG,4516.256880733945
WQYSEVFRKDV,10391.811926605504
APYFYFKVA,29346.47247706422
EAFHVGKPYWHD,9757.821100917432
FRLQALPWFVL,41980.18807339449
FSDGFWYKASG,9158.660550458715
WVWQGPYWDVAL,35645.206422018346
QEKSHLSQHQFH,2925.233944954128
SPPQRASG,1201.8715596330276
DGWEYDDVAL,6938.788990825688
EVLYGQEDPHS,2242.2247706422017
SEKFLHVAG,3301.8073394495414
PKKWLQAG,1887.573394495413
WLEPHRALQYWS,22368.10091743119
EVNQYGREKVG,1574.5963302752293
YESFAEDLSG,3757.091743119266
GDALAYKS,2035.1422018348624
NQYRQHSG,2870.9816513761466
NLRGAQRPWG,8196.51376146789
FNLSHDPWDGKA,4656.197247706422
APPAHDLS,1318.6880733944954
YVELRNQFPS,10115.95871559633
DVGRNGFEVNL,6037.655963302752
NSGHPDAQFDS,2376.4036697247707
ARRPVNSG,1449.091743119266
NVAAGQNEWV,2751.6605504587155
AQYNYSEWDVG,6357.770642201835
VVEWDWLG,11294.857798165138
KFVSNGKHLSG,2429.4770642201834
HPLFPVQFPYDS,17160.688073394496
QEWRKHVFQPHG,6080.54128440367
FPHVDLSHQYNL,10792.545871559632
EAEKDYWHANG,2139.3990825688074
QGPYWYVQYHD,25270.903669724772
WDRRPSQRYVSG,7799.573394495413
NFLWWVG,21099.935779816515
EENAYVWKS,4062.454128440367
AEAAPWDVLS,4264.128440366972
LRYSAQEPWH,9172.344036697248
VKSELRKS,1210.6834862385322
HHGFVQPAL,6453.233944954129
WKDWPAQWHG,9101.775229357798
QNFAQKHRPASG,2179.848623853211
SYLKYNG,3784.3394495412845
QWFESFWSRENG,12209.0
FYSYYDLSRYL,2559.0412844036696
NEHKEHSG,1040.0688073394494
PHFVQRVYKD,8837.344036697248
WKLRDENHRYKA,3478.9862385321103
LGYNAGANHVS,3075.0
GRYEGEDS,1496.9633027522937
PWSYEPLQFKV,20189.839449541283
YSDWDLNLG,8081.48623853211
GLSFPFHDA,12135.871559633028
FNDGDVRGVS,3484.1330275229357
YQVSKPWVAS,4943.605504587156
DSYNPSYWDVG,7271.366972477064
RVGWYWDAPNAS,10051.330275229358
PVQDAPVEYDVA,2282.243119266055
WLPQALQYHVG,10975.660550458715
NERVNVASG,1933.5275229357799
DLVARRNKSG,1782.1422018348624
WYFVVLG,27128.908256880735
ADKLEASG,908.9449541284404
GLSQHSDSG,1455.908256880734
DPASRYFRLS,7303.660550458716
WYVQEENG,3619.9311926605506
RGDVVRASG,1835.6238532110092
DESADALSG,1075.2247706422017
PYPESPYWNHD,6089.270642201835
LFPYPYYWKHD,13211.747706422018
QYNKAWAPDSRE,2368.683486238532
KENFHYHDVLG,4387.9908256880735
PFQRHAKSG,2187.256880733945
LRFDYWASG,9485.784403669724
RKPHNAKDVAS,1073.8440366972477
AEPNKGYNGHA,1498.5504587155963
FKDNPWDFNDLS,8332.52752293578
WRGQFDNVLS,12213.90366972477
WSNQHGFRYHA,11348.155963302752
FPKQGQNDKV,1333.8119266055046
ARHKPSG,1344.880733944954
FAGHSFLPKDG,4444.3899082568805
QEYFWAQFPEPH,12490.220183486239
KDARKRENAEYN,1341.0779816513761
EFYAAGWNDV,7352.114678899083
LQEDDLSQVS,1504.8165137614678
VQNYQEPYKHL,3871.3348623853212
SEYDELFRPKG,2444.5825688073396
RNASVSRNSRYK,1969.5045871559632
HQQHPKLS,1555.2522935779816
WARSAWHDVA,7699.573394495413
WAYAQHSDVLSG,5850.793577981652
ENVWANQWNHA,5558.623853211009
PVSDRKVPWA,3460.0688073394494
YGGRYSGYWHG,11821.050458715596
DEWWGPHS,8782.37614678899
QYEWRVEVG,12865.504587155963
PWSDLDVQFG,12725.032110091743
GPFHYHLSG,6635.756880733945
FAEFQPWKLG,9725.87614678899
SGLLFNG,7881.09633027523
DWVQVHDG,4861.770642201835
PYGAWQRNKVAS,4203.01376146789
ALFNYHRYNHDS,6344.738532110092
WFQRWQYND,12779.08256880734
WHGSNDSKL,2197.2201834862385
LQVNLEPWKAG,4663.54128440367
NASFLPASQPV,3676.876146788991
KALDKDFNG,1080.1009174311926
YREEFPYWNHDS,8460.261467889908
WAVSVAPSG,5828.559633027523
YVHYREPYWALS,17443.596330275228
QFVSRQDYHAL,6277.380733944954
QHYHWAGREWNK,4624.51376146789
ASYLEVQNKHG,2207.743119266055
EPKHFNVNAQPS,1535.6788990825687
LEQPEKVALG,1522.7981651376147
DEAAGPSG,840.0733944954128
KDEKNFYWHS,3342.4587155963304
NHDVKARVAPA,1310.8211009174313
LVYWAPLSG,14536.444954128441
LSYQYKENHDV,2445.0550458715597
KDQSNKGFPAL,1697.091743119266
HPHWLYWNKA,8948.674311926605
VAENPVLGPWS,7610.344036697248
RANPHDANDAL,1617.1605504587155
NVLKNQRWSG,4322.51376146789
KPNWNWHVG,4441.866972477064
LPWWDFHVAG,15493.45871559633
WANQDGRENKLG,2113.211009174312
RVDHAGRS,2018.0
SRYVDGENKVL,2370.032110091743
VNQWNDPG,2018.9770642201836
SAPGWVALG,5849.715596330275
KSWFFRNKDV,4191.142201834862
FLVPGNLS,4147.293577981652
EHFSFQWASG,7855.628440366972
LYAWGEHVAL,8498.98623853211
QARAPLPNKDSG,1020.5229357798165
PWNRGYLQPYKG,8397.004587155963
WRGVPNSG,3326.697247706422
QWLHEKDPNV,1949.0642201834862
GHFPAHAS,2495.091743119266
RFWQRSFRWKG,7395.224770642202
EYLSNALWKPYD,9575.077981651377
PKWHRWDQPNKD,2577.0733944954127
WKGPKLYWGP,7310.440366972477
PFSENSKS,1320.01376146789
EKEASEWEWHA,1767.7018348623853
AQAHYHDLG,2320.577981651376
PRHAWSNHAG,3186.564220183486
YAQKLGENLQEY,2437.376146788991
DHVFPWDNHLG,7199.674311926606
RVADFWKGYHVL,9314.105504587156
QADNLRHG,1969.7064220183486
RNYEALEPNKDV,1640.559633027523
FQYQFPVPHL,13404.243119266055
YKDDFEYQYWK,6151.545871559633
PHLVHASYWKLS,10230.756880733945
QARWYHEHDVS,4853.995412844037
EYPGWNRPYNV,6983.926605504587
GALWRVG,8435.981651376147
GYRGHAS,3010.701834862385
LQGEKDYVALS,1852.408256880734
VFQLFHASG,8116.192660550459
EPKELSKVKHG,852.4357798165138
QYWKLKFKDAGW,7421.545871559633
YFGEVQRG,2970.683486238532
PHDGRAFPAEKV,2136.178899082569
YFVPQHVG,4613.724770642202
PRSGPWRYWHS,12595.004587155963
KFGQFPHHV,4423.784403669725
WHNYREDS,3866.4266055045873
HSYHEDLFKVL,7193.9495412844035
LRSDRWSG,4514.55504587156
NRSDLNLG,2402.940366972477
EDQQNVGNG,1199.0091743119267
NRPVHLSWDSG,4870.536697247707
QGVPDKVAG,961.4449541284404
WSVLFYNAQNDG,15340.41743119266
KDLEHLYWSQRW,12630.183486238531
EFFKLRHG,4987.972477064221
FLEQEYGFPWG,16170.266055045871
YWYGQERPKVA,2957.380733944954
WSYDKVGFEDAG,4261.908256880734
RSFHFRSFNHL,11865.188073394496
PHADDLGRELG,1948.8440366972477
SYEDYWDVAL,8875.724770642202
GALWQKHV,4325.582568807339
PFNFLPYNKAG,7400.408256880734
YRYLVQRPYWHD,19568.655963302754
NSWSHSRYWAS,10845.628440366972
SQNAGENRALS,1518.0779816513761
LGDYRPSG,2922.701834862385
VEDNVFNDAG,2460.8669724770643
EQDYRNAS,1530.2752293577983
YSAALWLSG,10664.619266055046
EHDKDLGKHFWK,1968.7660550458716
LDSGVQFYWS,20210.54128440367
NKGWVAGNKYH,3735.7752293577983
NGKFLGEPYNS,2858.6880733944954
LVAAQKALG,2450.321100917431
DFLEVRYWKAG,14758.766055045871
LKDEVPNDLSG,1247.4954128440368
PREVYDLYNAG,8111.917431192661
YEWPPWDVL,23088.229357798165
HQSQRAYKHL,3454.1651376146788
EAWYDYWNKHAS,6268.4495412844035
KDPHYDRKLS,1493.2522935779816
QFLKKVAFDVG,6088.866972477064
RWQHWVQFHDV,19095.811926605504
SFGNVYSG,5395.151376146789
YKYYSQHDVLG,4828.155963302752
FGENPQEKHLG,1963.4174311926606
KKWGQFREHDLS,2546.435779816514
VAWELGEPWNS,6392.761467889908
QQQALPSG,1109.5366972477063
YPLQVKHVG,2787.9266055045873
DDWDSPG,2523.1651376146788
GQHEFPNG,1678.3990825688074
DAYFDEWDSG,6080.912844036698
VQRKNKFNHV,1496.9495412844037
RQFDQRSQFWNH,8699.62385321101
KRGFSWHSG,3901.733944954128
NEFEVPASG,1908.8211009174313
HFQVYDSG,6319.90366972477
FYYELNVALG,18033.224770642202
EAYFKSFEKHV,3959.3715596330276
QWDFQFPKGQPS,4525.637614678899
WQWNRGPDS,5852.091743119266
VAYNKLNYWDVA,7936.311926605505
YKYDKHVLRY,6202.775229357798
DHQDFNKHDAS,1563.591743119266
QYWNLWSGEHH,8340.45871559633
VGAWGHDASG,3391.454128440367
SQHNNHG,1937.8440366972477
DNVVHDG,1949.2614678899083
WEKDAKVQWVL,8564.100917431193
GQPFAQRPYHL,10163.06880733945
NGPSKAWNDAG,1600.091743119266
GRRYVQPS,3294.3394495412845
PVKWDRYWHD,10492.490825688074
PRHSRYNHWKV,5107.848623853211
EWKKSFRQRKH,1501.3577981651376
FGYDENPKSG,2021.3532110091744
YSLQERHLG,3722.288990825688
HVLRSNDSYVL,10410.408256880733
YGNRYKVNDG,3221.454128440367
RWDFYDFEPWGR,21440.48623853211
HLVGLYVG,23582.197247706423
YSNQGRKHDVAS,1808.1146788990825
HYFPSEPSG,3022.059633027523
AYLNGKSG,2211.3440366972477
NGYPVLRWHG,14367.160550458715
YLPYPDRWL,20226.628440366974
RQSEAPDLG,1426.848623853211
EWNGFWHAEPNG,5178.559633027523
QNLFVGENFEN,5268.394495412844
NSRNNGQFYNHV,6373.321100917431
WYEDRHG,6361.252293577982
FDDYRVLS,6638.114678899083
LVSEVAKLS,1795.5412844036698
KAVNSRVG,1408.3394495412845
FPPFEPKWVSG,5734.027522935779
KYSYNEKDLS,1808.9816513761468
DRWGFGFWV,34662.449541284404
YHEWNGSGPYS,7768.027522935779
QQFPSRVEDAS,1421.2339449541284
LSYASSQAS,1992.6559633027523
SQKVSYQRNDA,1881.7752293577983
DQRPNVKHQNA,1101.440366972477
SGRAVGNDLG,1911.1559633027523
EDFNYWGFNKHA,5747.651376146789
QVQAYHSEHDL,3036.302752293578
DHQFVYDLSG,9340.912844036697
WQHRRYASG,6310.288990825688
VSSDVAQRS,1229.091743119266
FVDQSGAS,1798.0642201834862
NQASRKHEDL,1203.7935779816514
VNLNKFSG,3252.8669724770643
VEDPVPDVA,1147.4449541284403
WLKPDVQFHVSG,9842.279816513761
PKADVASHAQH,1415.4587155963302
SWRSQVALSG,5892.0
HYRSEKVLSG,2486.3853211009173
AWGRWFDLS,20252.42660550459
KFPEPVQRYK,2297.6743119266057
AVGKRVLSG,1669.2568807339449
DNGDAHG,1418.380733944954
QRVFVALKDSPN,11835.697247706423
RPWDGFHQGQYA,11111.779816513761
YYAHANSG,2943.02752293578
YEDYYVLG,7634.715596330275
GFHKWVSG,5701.385321100917
YANAVAYWLS,15927.87614678899
DVAENGDPND,1409.0963302752293
PHHESRWNKHL,3193.5688073394494
SKPHFYWNKHG,4287.912844036698
RQLDPYDS,3414.1422018348626
DGAFPVPNS,2299.1284403669724
HRRAQKDVS,1341.9128440366972
QRPWAKQPEKG,1754.4770642201836
NDFYQNFWDVG,13878.055045871559
EKNVKALPWDVL,3506.1880733944954
FGPVFDQLS,6150.674311926606
YYWEQFRPNKVL,9132.802752293577
EPKDSKDEHVWN,1255.788990825688
NEYFEGFEWAL,18632.298165137614
SWSDAWVG,7918.807339449541
GQYQHQYWKL,8255.100917431193
FVQSEVREVSG,1905.3623853211009
NVFNKENQYWV,8241.587155963303
FVNHWAEPYNK,6286.917431192661
QFPSNEHPWKA,3472.4174311926604
QWNPALNGFPN,5575.266055045871
YDNRQWDALS,5893.788990825688
AYLKSPHDV,2683.316513761468
DGPHSRSQYKG,1848.8577981651376
SKHVPYKYDS,2959.3899082568805
LDEAHLG,2316.5688073394494
GENDKQPWKD,1535.8119266055046
VGKLHRPYNKV,3102.2844036697247
RQFPQDFPYN,5833.45871559633
NFWGEDASWDVG,6551.981651376147
WFEFSGFRPWK,13850.045871559632
PFGAGKSG,2325.4908256880735
GALEVAYG,5338.642201834862
DWNQVSWDALS,7230.899082568807
KLPEVEWDVL,2874.4816513761466
HHSYDELG,2775.0229357798166
PDNEDENDVL,1198.2568807339449
EYHYNDENKDNK,1190.967889908257
GSEDQSG,856.3348623853211
WHDRAYVQWDA,12591.591743119267
VDLGVGYVAG,5284.766055045871
VFPHKRNKVLG,2367.422018348624
YYSNDQSG,2086.3348623853212
LAWLNALSG,8400.678899082568
RNFHREKEPD,1409.8302752293578
KSANYASG,1546.908256880734
LEDLYSYDVAS,7888.0504587155965
WANRAPKLSG,3959.3715596330276
SFGRPDVAKHS,2226.3119266055046
FSFFPDAFRDL,16544.642201834864
YFSPPKHS,2651.7247706422017
LEYVKREWKLG,5486.137614678899
QYHFFPYQFWKL,17563.940366972478
GESHHSG,1829.4633027522937
VPVFRQENAL,2938.4770642201834
EKALKQPGFEP,1385.1926605504586
WHQDDLWNKHV,5358.087155963302
VGVSPAWKAG,2656.2477064220184
SNSWRDG,4517.321100917431
YDDFSRWNHVA,7662.527522935779
YGDEDGWDVL,6382.224770642202
FNWHPKVFWKA,12406.087155963303
HGFFDSYWKD,10391.940366972478
YNKQQFEKKVAG,1357.5504587155963
PSRQPSPASG,1417.3577981651376
PHHFNDENHSG,2187.146788990826
HYKEPQRKV,1708.545871559633
FKFEPGFALFRW,27630.302752293577
HLHSDPHVA,3016.6743119266057
WESKQDG,1937.633027522936
YEWKEFEVS,4503.825688073394
KHVYNQDFRWL,13152.41743119266
LFDVLKGQYNS,4399.9495412844035
AQSKEVLG,838.3623853211009
AQAYRELG,2769.1605504587155
VYAHSKAS,1832.5412844036698
GDRLELSG,1885.8990825688074
VSRWRNFRHAL,10262.87614678899
SDARRWG,4743.01376146789
GNHLALKDLSG,2728.243119266055
QDNRDGWKHS,2172.146788990826
KLPYRGEYAS,3123.3073394495414
KWYNHNVG,4029.3899082568805
SRWFLWKHASG,9470.655963302752
HKRDVHVG,1618.0275229357799
WSHSSGDLS,3367.321100917431
FFNYHYKHVS,4061.587155963303
YYVAVYWS,28177.711009174312
YRPHVEQREKV,1600.302752293578
RQPWFVGEWNG,10374.779816513761
YDGVEWDPWKVS,8642.798165137614
WWSWGYSG,15659.29357798165
RHPAGRFHL,7320.729357798165
AEFVQFEWAL,34009.96788990826
LPKKYWSG,2921.206422018349
DWRDHVLSG,4966.233944954129
DRHEHSFYWNHD,7682.178899082569
KKRLWKVAS,1295.1559633027523
AAQNAVSG,1027.426605504587
ELQDSEDPYNKG,1248.4954128440368
RWFKAGRVLREW,12924.605504587156
PWAFRRVLNKS,8176.522935779816
FVPDKDGNAL,1700.3211009174313
KPKPWVEKVG,1357.894495412844
EQVEKVEPHS,898.454128440367
NHWNQWVSRYNL,17631.0
ENDHFRYWSWDV,15858.95871559633
EWWSGYVYLS,47580.33944954129
VFQHSELSG,3007.711009174312
AGLPALLG,5124.733944954129
FPSLGFLKHA,10809.674311926605
EVLQSEQFPYHD,4027.894495412844
DAYWLWKASGEK,3036.4816513761466
EQEYRNHVEWL,7758.715596330275
GNLSFHEWLS,12649.633027522936
RHFAWNKEWNL,7304.366972477064
PSQSPVAFS,2293.376146788991
YVQQAGKHDAG,1381.4724770642201
VQRSYPYKG,3527.7247706422017
HVRGNHVRLG,5425.811926605505
RSYKFPQDALG,2952.440366972477
ANHEYPAL,2675.9266055045873
FAWWNVREHG,8149.082568807339
PERLALS,3891.321100917431
DDAFNSPWNHL,6593.137614678899
RRRPPAG,1305.3577981651376
QGRKGFAEYS,2936.362385321101
VFEPLVASQNV,3699.9036697247707
WGQRDAQEDVW,4454.467889908256
DLLWALQRPWKH,11305.444954128441
KPDFKQREND,873.4266055045872
DRRKRYLS,1885.2431192660551
VAKENHHLG,1566.605504587156
LFYKHGAFPWNG,8259.155963302752
NGQGSPYSG,1906.334862385321
LEFYPHDAL,7416.788990825688
EAWFPWFHALG,26747.56880733945
AWGEYRNDVLS,5426.3899082568805
DQEPEVPSG,739.9357798165138
NYPVEHLS,3183.4954128440368
YVSDAEHPKVS,1277.8165137614678
EYEDGKGEALG,1165.3853211009175
YAQQHDRNHA,2243.045871559633
LNDWNRLSG,4708.857798165138
VQWEANHDVSG,2347.52752293578
RNLESENKPNVS,1310.9220183486239
YRYLWSKDL,7843.302752293578
WHYYKFYNDLG,8216.357798165138
AEWVAYNVEPKG,3409.876146788991
VSGEKSHAYWN,3327.9770642201834
SFLNEDVLSG,3282.137614678899
SYKEEKHDVS,962.5688073394496
QNFVYSFWG,24611.19266055046
KGQHFQRWKVL,5195.866972477064
HVYAHVRKHLS,5058.417431192661
RGSSRNSG,1087.98623853211
ELKVHDVGPDSG,1048.4908256880733
RRPDRHEVAG,1068.5779816513761
LRVDGPLG,3461.0825688073396
QEHLLPHVENV,2016.045871559633
WSGEFRPSFL,18863.880733944956
DGPSQAVALSG,1057.7568807339449
NAWEYNSNVAL,6426.756880733945
NPNFAFNKDLSG,2594.059633027523
AWVEVEVAL,22249.990825688074
HNPYRALS,5216.619266055046
YYHWAQLG,6646.220183486239
VDRNGHSG,1588.3165137614678
WLGPYGHLSYH,14941.967889908257
GDSWWHSG,5497.6697247706425
ESKPFREPWHL,3987.733944954128
VWVDPSG,3346.559633027523
ARKLDEPHDVG,1053.3623853211009
ARSVYKDG,1670.197247706422
PVRLVAQKHLG,4652.798165137615
VVSDSWLSG,3499.4816513761466
DFPDKSFHVAG,2179.3440366972477
EYLEDFKQPDL,3991.4908256880735
NFQWNFKSG,5320.834862385321
ALNHDQAWVA,3473.798165137615
HRPHYDALKHDL,3719.0229357798166
RNLPWLEDALYW,21486.311926605504
DRSDNLG,1402.0091743119267
KNKANEWNHS,1326.9954128440368
NKPHAWVENS,1921.880733944954
LSLRLRSG,7187.651376146789
EGFVEHVEPND,2556.3669724770643
WGSLDVALG,8012.0504587155965
YEKHPYWFWHDG,15846.302752293577
GEQWKHWG,4928.5091743119265
DDRAYHLS,3060.9587155963304
YLLHELSG,6104.532110091744
QSGHDEPVAFNS,2142.9449541284403
SQNDYNKVWA,2969.816513761468
QERDDSWDVA,1659.573394495413
QQKHWVQPKV,2145.697247706422
FFFNYKSG,2386.4954128440368
SLKDGWG,3480.233944954128
ANLEQYLG,3219.1100917431195
HVLDHALRNH,4385.646788990825
QLERKHWNVALG,5420.729357798165
SELYRDAG,2959.7522935779816
WHHPKHQRWVS,6545.114678899083
YHPEWKAPHV,3157.137614678899
RKGRLPDFWKS,2937.206422018349
KLQENPWHFVA,13077.481651376147
WGVGRGPVLSG,7790.045871559633
GPFYHQSG,4331.344036697248
FDGFKWSFWDS,16379.238532110092
WSFQPDADSG,4206.977064220184
RLQDRNFNG,3475.2752293577983
DNVGFFDG,7907.4495412844035
LYKYFEVSG,8661.490825688074
AEAELHVAS,1626.2844036697247
NYFWKHHLG,6904.94495412844
RVLHVWNFYWD,32307.990825688074
HKLNGHSG,1720.1559633027523
AWSHLWHSG,9518.908256880733
GSQKDKLG,840.0229357798165
AQHRPALDG,2290.105504587156
GGEVQFREPYNK,2108.706422018349
WKDFGREDKSG,1418.288990825688
RLGDPHPDLG,2708.651376146789
GYLSARWDVL,15462.055045871559
HQKLNQFYG,5519.899082568807
KHNGVLEPWS,4158.018348623853
FERAGPNDRHVS,2448.1880733944954
QQLLNKG,1613.105504587156
PQSDPYSG,1572.6880733944954
YHRVARHANKA,2090.564220183486
KQRPPDSGWNV,2064.6330275229357
PNPKQWDLQKAG,1525.3211009174313
VSQQGPNKHALS,1416.8532110091744
VKVDEYDALS,1755.1376146788991
VGHYSYKG,4143.931192660551
HSNKAQYYKDG,2122.2247706422017
PGANARNAS,1388.7293577981652
DPSFQKSG,1066.573394495413
YKPYSGNSNKL,2235.9174311926604
HKYQWLG,5016.376146788991
FWNLYGQSRELG,6194.463302752293
EFREQYQEYS,6042.197247706422
ELFYLSERYDLG,30936.105504587154
NEWAPAQPSG,2855.1926605504586
RHNLKFEPNDS,1747.573394495413
DENWLYNVALG,11742.362385321101
YDVYGELPYWAL,23038.17889908257
YQYEFYKHDLS,10344.665137614678
SGKPGPWNLG,3454.802752293578
WLPWYWNQPDG,18446.123853211007
HVGGNHVFYKD,8258.628440366972
DVFDVHGQFH,8476.660550458715
WYRLALS,15524.637614678899
KEYDAVEYNKS,1592.073394495413
QNYPYVGKHV,4557.321100917431
PYKGALRKWDA,3667.0229357798166
NNSYGWALS,8710.701834862386
NDDYQRLS,2882.412844036697
SNEDHVG,1483.5504587155963
NDHNSFRNHLG,4174.417431192661
LKLQHHVG,2906.059633027523
VVLEEDG,1862.1284403669724
VKAFYGHG,4603.633027522936
REGENHAQWGEP,2530.229357798165
AWHSWDKVG,4786.027522935779
GFQYWRDS,10670.41743119266
NLRQFVLYKA,27372.839449541283
YHFPRHAYWNH,11092.93119266055
ESVLPLWDVLG,7790.160550458716
ERKVEPNHGYS,1921.7247706422017
ELDDLPDALSG,1717.9816513761468
GFAKPHVALSG,3731.743119266055
FKLNQYRPWNV,10024.995412844037
QFQFQNDELSG,3273.422018348624
GKEPYESG,1246.2201834862385
WGAHLWSG,13728.348623853211
ASSEGFDG,1644.2522935779816
REGEKSYVDVAS,1931.8211009174313
GYADWLSG,6978.536697247707
KNYKYKDVAS,1152.1605504587155
HQLNKRHDVA,1725.665137614679
EPSNNVQRPSG,1295.8394495412845
NAGNPWHPWNK,6466.412844036698
SSEYHDHLG,2793.1100917431195
KHPSNDRPKHAS,992.756880733945
LSHQWKPYKS,3788.1743119266057
QRWYLSEKQHL,7120.178899082569
RHRGFEGKVL,3160.2155963302753
AYNVDSQPNKD,1554.105504587156
PGGHAKALG,1622.5504587155963
YNGHFYARPND,7288.582568807339
FELFGWKYSG,11364.98623853211
ANNAVLG,1885.2431192660551
KQDDKHALG,848.2201834862385
EEFEAVALS,2636.5183486238534
SNVPQWAG,3450.266055045872
DARRVSWNHVLG,6022.793577981652
SGGKDPASG,879.848623853211
NVNEFPSG,2104.3669724770643
SNEGYHDVG,2119.0
WPVRSRDVLS,7295.775229357798
HQLGFWAPNG,9753.238532110092
DWVNNDLSG,3363.6009174311926
PLWNEQEPG,2484.362385321101
AWKPHKDASG,1425.788990825688
ASWKASYDLKDL,3830.201834862385
GWGQWYHLG,19005.477064220184
NAPKFYQFHDLG,8829.752293577982
DASHEVFRNLG,3568.1651376146788
VEHVYNFNLS,14167.880733944954
QFKYYDAFKDS,4405.6697247706425
LVSEFNG,3864.5688073394494
DWFYFYLSG,19698.22018348624
HFWNWKSYHLS,11609.940366972478
QQEWEVSFRNAL,13244.62385321101
YQVWSWALG,19820.022935779816
FDPDVNKWHA,2993.830275229358
RDNVEWGEVA,2590.032110091743
PSKDPKNLG,996.454128440367
PLDPHFALSG,6048.825688073394
KHAAEYSQREKG,1120.7477064220184
PQSFEPEKLSG,1290.3715596330276
GAWHQENHVSG,2729.1284403669724
HKLLHVG,3192.3669724770643
NLPGALPYNKL,4483.064220183486
NNYHQWVAG,6183.307339449541
RKHKGENSEG,733.9311926605504
ARWSRKLGPKD,1905.4954128440368
NESVGHLSG,2385.619266055046
HYNHAQHQNHLS,3548.5091743119265
PRYHNALWVAS,11944.504587155963
LQYPYLQRPHS,8394.426605504586
RNLPPNFPKAL,4140.357798165138
VGNKPVQNLS,1431.9954128440368
NPHKGKHALG,1386.073394495413
QSSNDKSG,905.8853211009174
QHVVEPGWAL,7443.908256880734
LELGHEPYV,7837.770642201835
HDWRVLYKD,10100.165137614678
FWRRVLSNKAS,4748.637614678899
VYNWPNSG,4856.720183486239
WLRKLQDYHSG,5512.724770642202
SSFHGDG,2701.3440366972477
HDKWPWAG,5642.559633027523
VRDEAPDSG,1337.6284403669724
YWWSQWEKASG,5797.885321100917
QRLSNHLELFEW,13536.045871559632
HPLHQVLG,3047.1651376146788
WNQNVSFRKASP,5021.270642201835
FQSSNAG,1827.0412844036698
AEERHVSG,1183.4954128440368
QYQLRPLQNV,6082.922018348624
VSDFVYNVSG,6003.779816513761
KYVLHPYWNDV,10506.605504587156
NNLQFWGPVA,12368.022935779816
PSKWQFNS,3971.770642201835
VRNHKAGPYNA,2809.9266055045873
HKDNYWG,3781.0825688073396
FWPGLSGHL,10789.587155963303
EWLDPYSQNKL,6239.311926605505
QSDANHPNDVL,2096.4311926605506
WFRSSQRWHS,10825.12385321101
AYNEPSQKVA,1415.6926605504586
YPWSPSFEHLS,11768.463302752294
ERYGQSFRYHD,8913.394495412844
REELLQFPYW,23952.504587155963
KYVFPPDAG,3036.1330275229357
YDEYEWHDWH,11776.444954128441
FVKERYWNDV,4786.605504587156
NRWRGVASG,4806.844036697248
NGHPPVLG,3398.1146788990827
NEKSLEWNKAG,1444.1605504587155
PGRAYLRWHS,10177.857798165138
FWRGQYHSGDSG,4694.642201834862
LEFAWLSG,9296.619266055046
AEESNKDVA,890.4357798165138
EWWPWQRKHL,14781.990825688074
VGAWEYAG,5442.816513761468
HKDHYVALSG,2531.4770642201834
ARGKWKALG,1864.032110091743
QWDVVAFVAEDV,32845.866972477066
WKVNPVAQPKVG,2743.1651376146788
AQHWNVLQDVS,3776.256880733945
NKREDQYYDVLG,4162.201834862385
WARVRWKRPG,6616.697247706422
NYWDRPFEYAS,15516.550458715596
DPVAGFRGREY,4126.348623853211
YSRYRENDNDA,2769.577981651376
HGGFNHDGNKD,1853.591743119266
QYGSQREWNLPN,4288.211009174312
KQLPGWVLG,6296.678899082569
YHKSRLQPYNHA,4247.321100917431
SYKGPGRPWKG,3413.0688073394494
KPHLGRFRAG,3849.243119266055
HFDVKFEWSG,11800.894495412844
ERSLNKG,1140.0275229357799
DPDSLSGEPKS,763.3577981651376
VEPYEFENKHA,2074.2247706422017
HWQLGHLS,9268.064220183487
SFVLRSGYVAG,20572.174311926607
HLLDVQKDG,2205.683486238532
VDAKLPHG,1566.788990825688
HDASRLSAYDA,4246.504587155963
QFVPGRHAVL,6332.729357798165
NRSQSQLSG,1830.866972477064
FNRFGEVSG,4461.348623853211
AHAPWQNHVG,3876.412844036697
KQSVHLSG,1388.6284403669724
ALRPNKLWDYVA,7360.876146788991
EWVYPWNLNKA,10871.366972477064
AREQELFEVS,3028.733944954128
NEQPQRVL,3337.9495412844035
EFQKKVSG,1331.1788990825687
VNRDHVLSG,2200.9862385321103
DLPPQEYL,2577.0183486238534
EVRFHDHVAG,3251.6422018348626
YFSELFVAS,19468.224770642202
GRKQRVRKHV,1235.2339449541284
WWQRVNHDAS,5813.5091743119265
HNWQWNVG,6700.825688073394
KGSKLVLG,1671.8302752293578
VAWWQEYA,13354.229357798165
VLDKKLG,1602.848623853211
FSPQGQKVS,1228.2477064220184
YENNYDVLSG,4494.834862385321
FRYALNAHDFNH,8693.165137614678
QLYPNFEYVAL,32322.56880733945
VQNNENVSG,1290.697247706422
VFNHPASEHV,2318.394495412844
FWHQVRWDEVA,9466.04128440367
WWSDGQLSG,6755.802752293578
FWDGEFKSFED,8164.261467889908
EDFHVSNKEP,1306.105504587156
SHFYNHES,3088.9449541284403
AFSWLFHDAL,16172.490825688074
NVRDLKLNDG,1982.866972477064
PYFKQNVFEPD,6038.44495412844
YADVAKVRYK,3439.316513761468
KHELRNWKDG,2018.5412844036698
VDSFWRALG,10264.628440366972
FSQKLEHSEND,1229.1284403669724
FEQFEPQEGYK,2085.1605504587155
LRGEDLDL,2088.261467889908
WYVGNSGKD,3166.922018348624
QAAQLSWKHVA,2550.302752293578
HERSKAG,1151.0550458715597
VLEEKGEYHL,2165.743119266055
QYNHGASGERH,1986.834862385321
NVFVFRSDAS,29732.389908256882
WNVANARSRPVL,7975.4495412844035
KPAGHFYNVLG,3706.211009174312
VGPYKQDYDVAL,2900.8394495412845
PVWLASHAS,9651.98623853211
NQYFVPWNHVL,21168.954128440368
KVWFHSFNKA,5913.1100917431195
QKNWEDSG,1292.045871559633
HAVKFVLG,10109.0
HLQVEGWNHVG,4438.362385321101
EVANNAFYNHL,4764.3302752293575
EDNFSRWND,4140.857798165138
QRENQRWLKFR,5192.284403669725
GPPDWKHDVAS,1499.9954128440368
LDHAKSG,1084.6559633027523
WNLVENGEAL,2912.169724770642
SGAHRHDG,1532.6376146788991
VGGYNPASG,1741.1788990825687
SYENRWNDSG,2654.761467889908
PGWQLRWNKDA,3977.183486238532
AVVGDSG,1007.5504587155963
HSFFEHQHAG,3324.183486238532
LSFWSDGFEDS,7772.238532110092
EDQSQFHENHLG,1836.6422018348624
LWLEVRNKVA,5373.160550458716
ELVKAYAG,2083.1330275229357
WQARPVSPHVS,4218.967889908256
EFYWSELEKS,4147.307339449541
HWSEAWVSG,4959.211009174312
RFKWGNKHDS,2195.0091743119265
GRVDNKLG,1449.4174311926606
DWDNAPDSG,2169.733944954128
HKHWQRHG,3124.766055045872
AWGFKEHLS,4127.54128440367
DFQDHDSG,1676.4220183486239
RGSDWHLSG,3392.045871559633
PLPKDPYLPYW,12532.62385321101
KKQNNALSG,838.1743119266055
WSQDDSPKDVG,1821.880733944954
KAARKDQPHAL,1469.2293577981652
SPKAWFWKHVL,8127.229357798165
WKVKPWHHVS,5625.743119266055
SHRYQPWNKVL,6328.344036697248
LFRVKSGEVAS,2317.197247706422
WQADPHSG,3020.848623853211
HLYLAQFEPWA,27827.403669724772
GFHLQGEHSG,2719.651376146789
AVESFHDLSG,2214.3256880733943
FAGSGKHSNDS,1119.6284403669724
DYNWNQKDVA,1740.0183486238532
VAFRLKSFPHSG,8260.311926605504
FPDALSNGYVRP,8341.646788990825
NRPKASKGYNHV,1740.6559633027523
AQADWVAS,1969.2431192660551
VDSFVSNS,2542.7522935779816
LSYHGPLNKG,3197.376146788991
PNFFAEPWNLG,15138.665137614678
LRQEFPWNHDS,4989.353211009175
GRNFRVALPKHA,4605.142201834862
ANYWYVG,12292.963302752294
RVNNSQNVAG,1712.3440366972477
QRVHYDLEDVA,3444.0963302752293
GEHFRKAEALG,2112.6422018348626
QGLVQFVLS,42199.321100917434
LDLPDLWLG,11184.481651376147
QDSEAWKFYHLS,7016.633027522936
NQKKWDLG,1963.7247706422017
NLVQDAFRWVS,13065.302752293577
RVYSWKFRNA,6246.747706422018
SEDQNVFPNDV,2516.8348623853212
HDAVNSFYWNS,8718.798165137614
DFFRPGDVG,3373.922018348624
FYNNDAGFLSRK,5832.885321100917
DYWKRVRLG,5671.018348623853
QDRPNVSRPFRP,3499.330275229358
KRRDAKG,622.4908256880734
EHFPWESNHVA,4055.380733944954
HSLHDEHDSG,1692.9357798165138
HFNPHFREHLS,7253.160550458716
YHAQWSGDEYKA,3758.9908256880735
DNFQDLSG,2271.564220183486
QHDQENQFLSYK,4680.380733944954
FSWRESQENHVS,3176.0688073394494
WEDPGDVSG,3366.821100917431
EGWVRDLYWG,18048.05504587156
VVLHSQSG,2549.146788990826
NRPNRYNKQEWK,2364.9633027522937
EAAPDSPKDL,869.1146788990826
EHPWPVQFWG,15383.238532110092
FKPDPDKHLG,1229.426605504587
LWNFRQKSG,4106.01376146789
YARSVQHALG,4407.1697247706425
VFWDSYHRYS,11129.48623853211
NHVYFYWWNHV,24637.07339449541
PYLLDASWNSG,12448.201834862386
RQNQVRELSG,1835.467889908257
HQNPAWNHVAG,3150.454128440367
YEDNWNSG,3585.5825688073396
RQDWSDVALG,3973.4908256880735
RERWNQFNLQFV,30529.95871559633
KYGFKGHDG,2244.5366972477063
VQFHVNKLWA,10987.444954128441
RRLRPRPNVAS,2336.637614678899
HPKSRAEALG,980.316513761468
GRGRSASG,1459.1376146788991
RGRFEHHDG,2804.233944954128
PWAVLNVASQH,8789.169724770642
PLHNQFNHDS,3309.7477064220184
RHSYPDSGNDG,2338.5412844036696
ELGWEWHDLEK,4619.371559633028
PAFELGLPWVAL,37096.55504587156
YFWLRHFWNH,13521.266055045871
REQYSKLWAS,4567.655963302752
YHGEEYKDFEDS,2349.3715596330276
FYYQKVREKL,2833.954128440367
LARELYG,5225.463302752293
HKQVPNSG,1256.3715596330276
EPWHNDFLRLS,18785.435779816515
SFDVLSVAFYSG,43568.422018348625
RFWSSEYKLSG,7721.637614678899
VKQFVNG,2564.922018348624
HVKYLSNHLS,4484.288990825688
HKLGVENKHLG,1594.834862385321
SERYLHSG,4137.380733944954
HQRDNSPWASG,3360.330275229358
QWNGGRELPKS,1986.0045871559632
LQYWRFYWG,19894.366972477063
KQNNDEPYDVA,1469.1238532110092
AKGDNKALG,882.683486238532
LESVFEG,4945.532110091744
RGAGLPDVALG,2642.6146788990827
HHDLPKFRDG,3112.701834862385
DARQPDEWALS,3114.4862385321103
FGAQELREPWH,6379.077981651376
PQAVDVSG,1284.2752293577983
WDNYRNDVAL,9355.270642201835
RVEWFWLFEHS,30733.201834862386
FSPWLSELNVS,8715.215596330276
GKQGEWALS,2204.8119266055046
KPRESVLG,970.1284403669724
YWDKSGQHVWKG,4492.811926605505
PGQRKFGRPNKG,1413.1834862385322
PQGNLQALG,1857.880733944954
VQGVRELSG,1683.711009174312
ELFHGWQHDAG,6288.522935779816
FWWPELSG,11907.394495412844
QDADHSEPWVAL,4011.623853211009
NNQFYQKALG,4302.963302752293
FDHKFYHDVS,4518.733944954129
KPNSDRWDVSG,1576.0366972477063
EQAKSWLS,1481.4220183486239
SGAKFWSG,4193.5504587155965
PFQGALSG,3396.394495412844
SRRYEKG,1804.2431192660551
QLVDNVALG,3164.880733944954
HHAANHLSG,2489.793577981651
YKWFYWPWNKS,10803.490825688074
KVLGQLWVWKD,12904.279816513761
GHGWSASG,3849.5963302752293
VDSGQKQNKV,1082.5229357798164
HQWAWKDLRPWK,9183.224770642202
NRDWREAG,3061.7477064220184
FKEYPKGQWNAL,5274.5504587155965
FSLFVKHSG,9012.724770642202
NQWHHQREDV,2591.6009174311926
HAQRPREAFNKH,2067.0045871559632
KQHNANHS,1289.045871559633
KLELWHDVSKSG,2741.9174311926604
EEGYYLG,7731.798165137615
PERVPYHDAG,3533.9266055045873
AFDFSPYWK,10015.532110091743
WFKPWSPYWK,16603.977064220184
WFWSQFEWKSRK,8796.550458715596
RKVVWKVLPDVG,4130.518348623853
NNKPSPAG,1093.2247706422017
DQDRDGRNHVAL,2495.270642201835
AHGRKEASG,1039.2293577981652
FPGDPLSKLG,4251.876146788991
AFGWSFPG,15226.454128440368
WNEEDAYWNA,8732.04128440367
HEPWLYVFNHSG,22762.839449541283
WWADHLG,13043.651376146789
QPGPQALGPYL,7197.45871559633
DNHSAWDLS,3396.1146788990827
RGQHKLQRPWG,5497.238532110092
HEDYHFWLS,13137.95871559633
SGDVYDHDG,2699.954128440367
FLSANDRPLSG,3498.1422018348626
VLQVKSFWHVS,13837.990825688074
EWLWLNVWKSG,20827.330275229357
KWAPWRHAS,7652.59633027523
PWQPNAYKVAEP,2591.830275229358
KEEWNELSG,1366.9449541284403
NPGKPYLS,2256.2477064220184
LRWYDPYNHDG,13078.37614678899
GWLQFSNVL,24753.344036697246
PYAFNRVFDS,16167.995412844037
HYQQWSG,5181.880733944954
EDFRHDNHVGQW,6008.302752293578
NVLLGVRNA,6769.018348623853
VGSKDFHLSG,1937.5963302752293
SNWHRDLSG,4482.087155963302
RKDFSQNEPYNV,2514.623853211009
DHRQWVG,4230.045871559633
QWFFWDFPHALG,28398.403669724772
FSNVEGRYNHV,5456.197247706422
WSVKWNG,5254.697247706422
YGENKQDSGDV,1125.5045871559632
VQNESQFLSG,2068.0550458715597
NDEAPSRKHL,1881.4357798165138
GYSSNAS,2086.298165137615
FWWNYLQVG,9936.119266055046
VHQDWVAS,3345.1559633027523
SFQSYHDAS,3471.3348623853212
NVAVDVRWNLG,9562.055045871559
ERLYQFRENKHD,3436.1651376146788
HQNPLGVAL,5030.01376146789
WVVYSNVS,22440.84862385321
WVKKHSEPVSG,2025.3211009174313
SWDEHHAG,2917.1880733944954
YFPRVRYWNHDA,10610.504587155963
YAFDKDKHSG,1563.3899082568807
DFDPHSWG,5422.637614678899
QVDRLGRPHL,5024.412844036698
EAFFWKSPYA,14613.743119266055
LQFHVSAFEN,11990.91743119266
VDNHQKVLG,1942.9724770642201
FWSRNAEAPDL,3271.619266055046
LGDSPNYDALG,2920.6284403669724
SENWDWDVAG,6462.628440366972
FRNVGDVHVLYW,31024.02752293578
LAKADAL,1892.6284403669724
ESSSASG,751.1697247706422
VNPDYSG,2141.9908256880735
PSLGRGNHVL,4178.09633027523
RYLWAQAKHL,9142.555045871559
EPKFGFEPFYND,10918.357798165138
FKENHLPAEKA,1529.1376146788991
QFHEYLKDAPK,2275.5412844036696
DYDRPRLSG,3205.8348623853212
SWRFHDG,8409.243119266055
QYHPRNGQFWNK,5236.201834862385
GPVFNQREY,4994.266055045871
KEDAGKGQPWS,2367.233944954128
QPVLGWYAQFY,32261.07339449541
FLYVVSQEWNG,20557.79357798165
LSSASQDLG,1658.7660550458716
EFAEASHVAL,2932.321100917431
QDGYGPDSAL,2754.2522935779816
QWKGKLENRAG,1871.4311926605506
WWHVSYFYDS,23539.688073394496
DQANKQPYWHS,3624.5
RHSYENKGWK,2369.646788990826
RLNFNVFYDAL,26499.80733944954
NEVQWFHLG,15575.133027522936
QSPVYEYHG,3923.183486238532
PDASQVKDPKD,844.8669724770642
KELHSRHSG,2132.4266055045873
QHEGFHFLS,11101.477064220184
NNKNQVLG,1520.2935779816514
YDVPVSGAYWHA,7594.238532110092
AYFPPHSG,4671.573394495413
VAVFWSPKVLG,19506.559633027522
HLFYDWNKYA,8694.073394495414
YVEYEYWNDGPN,11298.79357798165
DPGYYKG,2211.3577981651374
NRERWGQENDS,2217.908256880734
SEYDLDQEAS,1776.2660550458716
HQPWHPFPHVS,11278.93119266055
DHASSEKL,1116.8577981651376
EGKVRVGRLSG,2040.2064220183486
NVELPHWHAL,12803.944954128441
VRWYVENVAL,20816.88532110092
WPKRGDAG,1994.6376146788991
PEYWLRHQRND,6711.1697247706425
WNHSEGVQRNHG,3166.770642201835
QVNQFGRWNHAS,5109.6697247706425
NWSKQHG,2651.6880733944954
NAGVNHDANKG,1168.2293577981652
FEKWVQYSRKH,5247.642201834862
HDDPFYDVSG,5343.885321100917
RNHPFPWPHAL,13108.47247706422
WGLQVSFYWNVG,37549.54128440367
YGNAWLQRYWND,16206.339449541285
AEVHHASG,1643.2981651376147
WFDWRNHG,9641.022935779816
PHGFWAGRLGRK,4857.100917431193
NLSRHPDAWSG,5172.545871559633
RASQQKQNHDA,1212.6009174311926
NREYHYRWDG,10728.495412844037
AELQDAHVLG,2320.6559633027523
ARALLQPDG,2947.288990825688
NGSAEYAL,2904.119266055046
YGQHDPRPDVL,3286.8440366972477
FPWENKGPNHEV,2596.0412844036696
QVENAHGHDG,1730.9908256880733
YVYAESPLG,5288.215596330275
YWHPPYWGRPWS,24401.33486238532
KHKHWGRPNKV,1997.454128440367
QWALEASVQFYS,40892.38532110092
EDNNAPWKS,1681.1146788990825
NVQSHDVFPN,2426.0550458715597
EWHGSQPWFREP,9096.811926605504
VWELFDLG,11526.880733944954
PNVVQFKPWNKS,4205.4908256880735
NWQYPWDAG,11439.169724770642
YQWAHDQNDS,3051.9449541284403
NASWVGLFHLSG,16417.729357798165
GHGQGQEG,1146.605504587156
EWSERHAGWHV,8677.261467889908
QKWVNREPWDS,3965.9908256880735
HWLPGNLG,7007.504587155963
PKPQGENHV,960.1422018348624
QVRYWSQLSEHV,6695.857798165138
GVPAVSG,1545.4954128440368
RWPFRKADG,4010.7155963302753
WNPDEASNAG,1528.8623853211009
VWPFRVALG,16868.949541284404
YQNSVFEKSG,2142.3899082568805
WQLVWHALG,18447.23394495413
FAHKQRNHSG,1879.908256880734
HENLFFKHG,5692.582568807339
PPWWPWNKHA,7839.587155963302
VGLGNKWDAG,2109.0229357798166
FGGYQKSG,2122.440366972477
PPHSNAQWHD,2956.316513761468
AEAFRLFRHL,11680.137614678899
EHHGWNAFEV,4811.472477064221
FAEAGNSEYWA,6023.371559633028
FAKGGYWKVAL,6820.146788990825
FRHWLYKLPDG,7891.422018348624
NFPNQDSGFRNH,2911.97247706422
EWREKRVSESG,1272.151376146789
FFEWVHPDSG,6185.59633027523
YKHKNKQFEYH,2603.8256880733943
WRENSPEDG,1880.7477064220184
GNDQYSNKHA,1312.8440366972477
EHDEFYWNSPYV,12582.605504587156
PLRVKFYNKV,9433.724770642202
ESLNHVWG,3955.816513761468
HRKNQNLG,1616.5642201834862
LDLYYVG,14719.119266055046
HEAEQKAS,732.697247706422
YRELNDVSAS,2336.045871559633
RKAHNVLPLS,2069.123853211009
GVAPQKAG,1060.7568807339449
SRFLRYLG,9480.261467889908
VSWFNSQFHVL,23784.61467889908
WHSHSQWREWDA,9740.79357798165
WDVEGEAEKHS,1521.5229357798164
WHSRRKVSRYHS,3848.1651376146788
VVPYHELS,4246.995412844037
RRQRWQRG,3035.4174311926604
DLVYSYDVS,15197.19266055046
FHWWDAEPYAL,19309.302752293577
QLKYHVQFRL,16346.348623853211
FEKNLGPGKVA,1487.9495412844037
HAVEGRVSG,1409.6100917431193
AHAPVGQFVSG,3527.4036697247707
KRKLGQGLSG,1192.866972477064
EFVAPYFWDA,21691.302752293577
VGHRKLREYN,2787.119266055046
DFPPHEYWKD,4476.339449541284
LYLKGVAG,3525.183486238532
YPNEVYWNKS,3427.1926605504586
NAFAQEVYWAL,20791.669724770643
QNHASNAFGFWH,14935.12385321101
RPNQLENAGEWS,3128.2155963302753
DYHRFHVS,5843.568807339449
FGWWWKLSG,12185.11009174312
FEDQYFKSGYHS,6537.247706422018
LRGPDEHVS,1840.7660550458716
LAPDQRNLG,2113.2798165137615
DVSNNAGDA,1138.9816513761468
SDRYVNSG,2505.1146788990827
NQLRGYVSG,4895.243119266055
DLGLHALRYNVS,8399.247706422018
VDLNDHALSG,2290.935779816514
VGYVGAGNDA,1926.091743119266
EDSQGQNVWKG,1522.6009174311926
VQEFWGQREKH,2876.233944954128
ADNGVSG,1167.1238532110092
EVEHDRKDQEYL,1459.1880733944954
GVAKFKLS,3192.045871559633
SQDYQYAS,2964.2522935779816
RWASSGQWHEDS,4447.344036697248
HNDRKHWVLG,4150.573394495413
FGLDNLSG,3861.0688073394494
WDVEYRPASHD,7355.206422018348
VGWDEWNGQNLS,4555.146788990825
WDYSAEYWKV,9385.229357798165
VFYYEDSG,10493.701834862386
YGNGDARKHA,1965.01376146789
EPKDYNPWRYH,8611.243119266055
HPVWSENHAL,4761.642201834862
FNALNGWVWNKV,12218.747706422018
PQAEHVNS,1172.7660550458716
RDLFFPKHSWHS,9358.559633027522
PWHYVRVASWDA,23732.22018348624
RYQNEPDSHG,2157.233944954128
DGPRQHVLSG,1892.2614678899083
LWVHHDLG,8368.091743119267
EARGDPWKDLS,1943.7935779816514
GYHKLYKA,3777.8669724770643
KGDPFELG,1551.426605504587
EQHPYSEYNHA,3328.266055045872
NHEWLPAYVA,13369.201834862386
NVEYAVGRHSG,5049.559633027523
EAHLKVQFNK,2612.701834862385
SLRSKSG,1429.6467889908256
LPNDHLEKHD,1546.5825688073394
WSQSNLRPYDS,7555.133027522936
HKAHRYSG,2222.830275229358
DWEGPDVLG,3727.6422018348626
YRDVGSRVG,3920.651376146789
HFLGRVFWNS,15353.357798165138
QLHVDSPWNKHA,3159.7155963302753
AEDYPHVG,2403.1651376146788
NAWQVQNDAG,2572.105504587156
GVQVFSG,5293.133027522936
HHEPNPSG,1617.1238532110092
RWVDSHLEKHAG,3376.1330275229357
QKGSRQPDLG,1367.5779816513761
WWFHGSG,10840.87614678899
VGPAQFAQPNHL,3638.1146788990827
FRWVANEWNRYK,9412.908256880733
WDYEPDHVS,5345.192660550459
RNDSFQWRHVG,7840.068807339449
HNHYPNHDV,3327.091743119266
QAPEHRHLG,1720.380733944954
DSQLYHSPAL,4386.151376146789
LNPYARLG,8019.298165137615
HDEQRNDKDAS,934.0091743119266
LRPHGESHAS,1420.7706422018348
HKWVHVSG,3674.2155963302753
ENFPNYHSWHL,11550.495412844037
FVSLLGYNKHV,7869.862385321101
VKSASWDASG,1811.8211009174313
YVEKWDSRWNH,7927.233944954129
WLDADLYHDSG,8429.651376146789
NRKQVGNVLSG,1981.9174311926606
SREGHQFEDVL,3580.8853211009173
DNNQWVLG,4220.692660550459
YYGHQHLG,5195.353211009175
AKSGRENGDVL,1180.0825688073394
LKAQYNFKALS,5272.51376146789
GYFNAESG,3432.316513761468
RAWWGYDVA,13773.339449541285
KHAPLREVQWVA,4096.628440366972
GPWDDSQNDLS,2832.5550458715597
KRKLYGPYHVS,3370.9311926605506
PHPGNQYWAL,9289.114678899083
QGSESQLG,975.3211009174312
DNNKPDVALS,990.6238532110092
YPGESKDAL,1255.0871559633028
VWLGHFYKDVA,11382.165137614678
RRVSVEKSG,1201.6926605504586
NSASYDGWNSG,3316.954128440367
GAYAASG,2246.9036697247707
PYSVVPHDVAG,3821.9449541284403
LKHNFWDVAG,5867.926605504587
QDLLREKGRV,2139.0137614678897
DFWHLKHGFWDA,16877.34862385321
DEAGEFENKVL,1838.6834862385322
EPDQVALPPYW,9113.09633027523
YRVRDNHSG,3344.4311926605506
ALWRYWAGDSG,9858.243119266055
RFANHPVG,4548.738532110092
NLEPLVQWKA,5312.215596330275
SNPKLNVG,1613.7568807339449
WHVGNWKREPY,9079.243119266055
LKHNNAG,1743.848623853211
WWWGQHVAG,12419.114678899083
ERGQERLG,1355.6834862385322
NPLHREHG,2247.1743119266057
WYPEVLSG,10216.036697247706
AQRWSLGEKVA,2700.3073394495414
AWDYQEDG,3621.394495412844
KSQPQWFWHL,13839.522935779816
KPYGFFPWDG,16013.43119266055
NSDFPWNQNVA,3622.651376146789
KVERRYKHAG,1352.4587155963302
KEWGDSFPYHDA,7612.348623853211
WFKALFFRYKS,16555.490825688074
VWLNWDVLS,19334.84862385321
PASWHYRYWK,10867.54128440367
ESNGYNRVS,2242.6009174311926
WDEHGPGPKG,2877.697247706422
DYGEHRLSG,2373.830275229358
NWNGKREDA,1541.788990825688
GWRDPAG,3820.756880733945
YLDPAENHVL,4064.793577981651
FVDEVLRPYNS,7026.59633027523
QAFVFRHAGQE,4394.321100917431
QYWKRKANVFLS,8111.0091743119265
RYEAWHSPKD,4222.426605504587
HDFEEDAEPH,2261.0366972477063
RAWDFDFPLS,16857.784403669724
YEKGPPVLG,3145.5
YSDGSEHDLS,2226.1559633027523
QHHEVQNKHLS,1513.1376146788991
FDGELPNHFNDG,6097.582568807339
GPFWPKALSG,5179.908256880734
LFQNNHDLG,4400.087155963302
KQEKHRHNKHDG,1036.926605504587
RDKFYHVNHALS,4468.577981651376
GESAFPSG,2105.059633027523
VKAPQHLSG,1617.4954128440368
PKEAWDPWKHL,5250.908256880734
HEDAFYSQRDSG,3772.0733944954127
KDVHHVEPVA,1380.51376146789
RERYHGQLNKHD,2472.788990825688
PHGNQFAFAG,8139.628440366972
EENKAPVPDLS,1037.834862385321
NKGGEPWAPHDA,2687.7247706422017
AEQAHAG,1471.532110091743
ERHNKQNVL,1587.0229357798164
NAHDAHSYNKDL,2188.077981651376
LWNEDFPWNALS,12131.756880733945
RKFYQHSQKAS,1711.133027522936
PNSQPQEHVQV,1326.5779816513761
FDHKRHLSG,2569.3669724770643
RVHDFDGNVL,5559.09633027523
VAYNFHSKHV,4951.068807339449
NLPNSYVLSYHG,15754.444954128441
FVQFVGRPVRWK,16403.876146788993
VLLDFHAS,11713.19266055046
GGRWWSG,9597.261467889908
LQPKAFQRYKDA,2540.270642201835
WNKKEPYHHA,2708.6422018348626
VEHWLPKHVAS,5686.426605504587
PQKSGRKSYDVL,1534.0275229357799
LGLEGVLSG,2801.9862385321103
LYDALWFYKHV,12003.201834862386
PFKGVPNHDG,2383.5366972477063
DYKYYHLS,4902.587155963302
WGVRVPWDVSG,12378.788990825688
RLNYNEPYWDV,14427.284403669724
QFSFNGPYYHLG,15809.348623853211
PYQSRPDSYKDV,2851.1926605504586
DYDHPKLSG,1775.9724770642201
RDHYSQHSG,2579.7155963302753
FLHPWQFPKHAL,16883.325688073393
KYELFLSG,8780.669724770642
PNGKFPYFEPHL,9920.288990825688
QFEKSGPPFEDG,1797.6880733944954
EFQYDFLS,9919.146788990825
WDVFPEPYEHVS,7033.022935779816
GDPAKVSG,884.0917431192661
ERQPPWHDLG,4479.495412844037
EWGKSNDGPHL,2935.4862385321103
YQRKVELGQVS,2299.605504587156
PWQSLGFEWVG,18138.954128440368
APWQSKHDVLS,2713.1743119266057
PFFPDREYKVLS,13332.614678899083
KENKPVFPASG,1715.2660550458716
FKKHVGHQFNS,3170.637614678899
DPVRGWSG,2749.077981651376
KKSAKDAG,551.6238532110092
KQNYSQKASG,1089.967889908257
DKLEDENKHAL,906.2706422018349
DHANAYHAL,3308.091743119266
PYGKNHLEYAG,3900.5963302752293
FRNNLPWFRWVS,24466.449541284404
NFVWFWLSG,28601.738532110092
YLLLPNHDALG,11249.614678899083
AEFWGEPG,4044.9036697247707
WEVFPSESG,5682.834862385321
DEFPGHVG,2510.8715596330276
PKQHYKVLWKS,3081.5825688073396
AFLPHFKG,6011.628440366972
NYKRDPKLG,1756.894495412844
GEHEQPDVLG,1579.2522935779816
ELKYPYSG,3346.211009174312
SNWAFEKDS,2977.8990825688074
WKFAWNFHLG,16989.509174311926
GYFEYHFL,26892.853211009173
VQEARRYKG,2227.5229357798166
HALFKSDVQHA,2524.3990825688074
SNDSAWASG,2027.3211009174313
DNNQDVSG,1034.0871559633028
VSEQRSHLG,2438.238532110092
NQLYEYSG,6459.857798165138
FQPKHNLYKHG,2933.4036697247707
QAFDLNGFYNA,9576.440366972478
PLASGSWHLS,6725.243119266055
NWFGNVS,7082.316513761468
GQVGVLREWS,6308.036697247707
PGKPVGFDVAS,2247.412844036697
KGDVGWGEKA,1252.0412844036698
QRAVWDANDVL,4442.123853211009
VRSNAEVG,1403.0045871559632
KHWHSPWEDLG,6070.174311926606
ELKVDSWNKVS,1476.4908256880733
AYNWEKVALSG,4249.44495412844
GVYVHLSG,12618.334862385322
YNWNLEYFVAL,42568.28440366973
LLYLSWNDL,20045.41743119266
FPGAEYVQYND,9700.655963302752
PEKFRFVAS,7534.54128440367
FAAEYLRWNL,15310.87614678899
NHARGRWARND,4612.802752293578
VAPGGKHSG,1008.7844036697247
DLVNQALSG,1851.848623853211
NPWSQEYQKL,3271.5229357798166
REQPFDQNDL,1674.8532110091744
PYEVEPLYSG,8004.133027522936
KWKEDFKLS,1619.7752293577983
NHGGKHFEPVS,1803.954128440367
YGYNAEQRWHSG,5374.44495412844
WKELGQLQKL,4111.527522935779
RWNWGKVQDVSG,2677.3853211009173
VLVRNVPDLG,3815.376146788991
FGPFAQWSG,8421.798165137614
WLSAYSGWKDVG,6456.321100917431
FLDRDPYKAL,3834.2201834862385
SFAWQPSG,4367.211009174312
KEWRVQWNKG,3280.362385321101
NEGQFFYWASG,17103.357798165136
KGSRSGNSG,915.440366972477
KRDDEVSG,846.8119266055046
WAPWQWLQRW,29717.490825688074
YFGRPWQWNDG,11565.059633027522
SKHQQEDVAG,880.454128440367
KHPYLYDAWKH,5975.646788990825
WAVVREKLS,4336.743119266055
DALFLEDLHL,10180.95871559633
LHRYQDSG,2508.7798165137615
QAKQENEHVAS,659.7247706422019
RWGYGKQEDAL,2230.6146788990827
KHPPVQFYNKVG,2349.729357798165
PQWYKLPYNAG,8101.1697247706425
RPGRELQRLSEP,2637.123853211009
FPFEFEAYWKA,15896.940366972478
RFAADVS,2211.137614678899
ENHLLNKQFYA,5217.720183486239
LHWGDLG,4788.311926605505
SRAAEVLG,1453.894495412844
ANAQPELG,902.3807339449542
KSQYAEPAEVG,825.0733944954128
QYHVQWDQHEYK,4276.761467889908
QKVFGPHVWV,11187.059633027522
YWDADLDSEYND,5401.931192660551
DPGRYYNKSG,1819.4036697247707
PVKRAFHVS,3488.97247706422
KVYLFSPALSG,16936.97247706422
PADPKAFPYKV,2375.9587155963304
FDSFYYKAFDV,11939.298165137614
LFSVSEDALS,4100.802752293578
GSRLRDVALS,3229.316513761468
YKALPLPVADVG,1829.7477064220184
EAKHRSHDG,1057.954128440367
NRYVYEWKHS,7242.1697247706425
SWHYDHDSG,4555.935779816514
DNEQYVLG,2722.646788990826
FYWNPVLEDQFA,6601.587155963302
FREVLLENKEKH,1901.3302752293578
YKDFQEHSGYHD,3871.3577981651374
HAQARWAFPWH,18460.064220183485
KWGDSHAS,1800.7293577981652
NRNAKGFRKLG,1623.4128440366972
HHLARPSG,2396.243119266055
GYFGKDLSG,3035.2201834862385
FVWRDSQFKASG,5290.8899082568805
NRKNGVAS,1156.5550458715597
FKVHLWDGRHDV,7764.752293577982
YVKLLPWKG,7491.082568807339
QRVSSYWDEWHD,10409.724770642202
KHNEEYASG,1237.697247706422
HEYYHFPWNG,10557.357798165138
WLQEWSRAQHA,7599.229357798165
WGDVKVWDALG,7376.665137614679
DVNNRYLSG,3375.683486238532
EQQWSAG,1769.3853211009175
QDVVFWAENSG,7457.1100917431195
SQPEQYSG,1230.8899082568807
SPQQVLG,1399.573394495413
PVNGSFEPWKHL,5940.5091743119265
LVGPPHSG,2631.032110091743
KPVPAQPYKDAG,1102.2018348623853
ARQSQYDVAL,3095.0688073394494
RYFSNDEVG,3722.766055045872
GFRGERHDVL,3638.0091743119265
WRKFPKYKLG,3578.47247706422
NDQLQRNKPHVG,1892.0091743119267
RGFEFLSGQDG,7282.01376146789
SQKNSQSG,935.816513761468
YAWWKRPHA,6573.178899082569
HHGYDRASG,2475.9908256880735
RHHADWNHG,3216.1422018348626
YVSHKDVDLS,1909.467889908257
GYWYHEWNDA,12028.261467889908
VYQENKPLS,1790.7201834862385
RQDPSGNAS,992.7660550458716
NGADVNDG,1435.9128440366972
WNLYASDREWK,7268.321100917431
HHVYAKAG,2518.7201834862385
PDHVYPYDAG,5038.431192660551
YREREGYWNAS,5496.3899082568805
AYWKLNDSGP,3829.9174311926604
WEYWGLHDG,12963.58256880734
WWRAPKALG,7799.426605504587
AEWEHFEPKA,2578.8577981651374
LGVVDAG,2791.045871559633
SRPPRWVG,4581.155963302752
PHKYNQNDVL,2094.2844036697247
SFPQHGQPWDL,8206.90366972477
VPKKWVLSG,1901.8715596330276
APLNLDLG,2190.3577981651374
FGQYHQYDAGRL,9155.233944954129
PGRKWGWALS,9183.100917431193
YPRYQHALG,6130.8899082568805
PRWQENASQWDV,5382.334862385321
APDDNVG,1063.2064220183486
NKSFYWRSRKVL,6449.848623853211
EYSDQFPEWH,6051.371559633028
KHKVKVNKVAG,661.8348623853211
RKQQNKVFEK,733.0504587155963
PGKHGQQEPKH,1036.7981651376147
REKNKVLQGEPA,909.8256880733945
WKRHKLWHDL,6436.807339449541
LRNDNKYWVAL,8568.637614678899
RAKSWVRPYHDA,5420.628440366972
RQPELSNKDL,1231.0688073394494
GWNAYLEPYAG,13215.885321100917
PDVYREYFRENK,4429.678899082569
YPANNDLSG,2002.98623853211
RHQWPWNADLS,9383.963302752294
YLQWHGFFEPWN,27866.077981651375
GYDANSYKDVL,3829.045871559633
DLAWHLWNKG,5861.137614678899
NPKSLEPYNHD,1772.0550458715597
GDKHHSG,1089.573394495413
HASSDFRPNHG,2127.3715596330276
QWQKLRDRNKL,2345.853211009174
EHARWRYDSAS,4967.353211009175
PALQHQGRYVA,5693.853211009175
WQNVAPHFVL,25594.756880733945
HSKLRAWKS,2086.261467889908
SWLERHSG,4175.353211009175
PGWNPLSPDS,3301.7752293577983
PFWKYVAHDG,8378.01376146789
QQNREVGEKA,930.1880733944954
FFYKHLHADLSG,4355.224770642202
AYLDFKSG,3945.912844036697
YHVGAGYQEVL,5955.146788990825
QGRSYFPYNV,10938.894495412844
DWPWFKSG,10210.58256880734
GKQLELS,1271.1100917431193
SYNPFEVA,4918.197247706422
YVFWHSELQEA,5694.917431192661
FNALGRWFEQN,12167.422018348623
YRQADLS,2843.1880733944954
WGRSQHFYASG,11210.922018348623
EQLHLRNLG,3715.623853211009
SRVYLWHG,17117.403669724772
WHQSYKGYKDA,3422.8348623853212
EHQYREVLKVA,3633.697247706422
RRAYKEVAL,1997.8715596330276
KAHHAQASG,1179.0550458715597
FREPPKRNRKDG,1042.0275229357799
WGNVSGGQEYAL,5829.912844036698
QAYDYDQNLG,3562.5550458715597
EKDYDGNYNKG,1359.091743119266
NFGRGEALS,2632.52752293578
PGNKAKGLG,1184.119266055046
RHRWRWFDALG,14834.802752293577
ARPPQWNDL,3575.591743119266
NDFVRPFPYWNL,28981.967889908257
PHQWNQPDLPYG,7182.559633027523
SHWHAELSG,3614.2477064220184
LSFLVSPYKA,14152.04128440367
DGKPWKHEPWHG,4478.54128440367
AGYAVGPWNA,7056.605504587156
DYWQREYQWSG,11423.688073394496
DNKKVELS,888.8990825688073
EFDYGQLG,3557.2155963302753
WEVWAKLG,11772.463302752294
FFFHVRALSG,8717.853211009175
HANFFRNKHS,3776.229357798165
PSAPDLYWNL,11471.600917431193
WNWFWHENHVSG,13192.98623853211
FWRKYLGFRV,14169.02752293578
WHVPENKQEY,2369.7477064220184
QPNWALGDDVS,3483.454128440367
NKGKHARYGEHL,2418.637614678899
KWHFLQWG,13027.715596330276
WREGESRHALG,5051.243119266055
PVLFWLKASHAL,31456.009174311926
RPPSHAGRENV,1764.7706422018348
HNQYYHLG,7289.743119266055
FEFWGWNFEN,17455.889908256882
PVNYLFRPHDAL,11589.45871559633
GNGEWWLSG,8172.252293577982
EWYDEWAFKDG,10603.899082568807
KSRQHSGRPWL,6429.6697247706425
DFHFEVWALG,18319.522935779816
DWKQNVSSG,1924.8853211009175
DVHAFQVLS,8116.174311926606
EHFAPHQDVG,2351.105504587156
FDDRYNQFHAS,6590.779816513761
LQELVLEWKHDS,23115.146788990827
PPSRQNLG,1608.8577981651376
HREKYNGVAL,3050.7247706422017
RHEAFWASPNKG,4195.899082568807
WKDEYSDLWN,7925.770642201835
WVVADVRPH,9555.454128440368
DWVNAWVSG,9765.30733944954
HRVDKALSG,1679.8119266055046
VLDVFVEHA,11312.798165137614
WFDHWHSG,12094.738532110092
FALRLNLQKHA,9269.385321100917
RLEKWHVRPA,4768.559633027523
GAAGQRYWNHL,8576.88990825688
QPFQPQRKDVS,2504.6605504587155
EKAWRGQENHLS,2191.52752293578
HQFADEYNVAS,4003.6651376146788
YHNYVLPYHDS,10322.19266055046
QWYAWHGWNL,24178.467889908257
SQWGDRPYWHG,14681.380733944954
PFHFVSWHVAG,20621.25229357798
KFYFVQFDVAG,36442.56880733945
KYGRYFHSG,6027.724770642202
DNLGPWEWDG,10595.334862385322
VQAAYWG,6829.761467889908
SPHHHLSG,2638.5412844036696
PNVEGWHPWAG,12734.220183486239
AGYGHAFYKDVS,5323.839449541284
LDPDEDALG,1639.834862385321
RFYRQRAG,4593.48623853211
KSDHVEHAS,1004.348623853211
FYYVALDWKVL,14333.688073394496
YEVDWHAS,6309.532110091744
QPEHSQQYKVG,2268.876146788991
EYRSWKAEYDG,4545.229357798165
QKGGASGFKHD,1551.908256880734
SQNVWQFREPLS,7116.422018348624
WEWKDDHAG,3506.5825688073396
VKEHNDLSG,935.3119266055046
AHLLHDG,3512.9174311926604
PVRDHGQRYHLS,5410.495412844037
VWHVRSFRWKDG,9390.270642201835
AGSGAGHAG,1332.711009174312
YRHHAEWNKHS,2957.5183486238534
VVALANLG,5096.155963302752
EHSHQELGYNKG,1516.211009174312
QLEAYVGNG,3716.1100917431195
WHVHSREPFK,5025.266055045871
NEHAQELWVL,10326.188073394496
QHKLWAWNG,7145.371559633028
RWHLKVWFRWH,21857.366972477063
SFDQWGYHDAL,12237.12385321101
RYPPHPHDAS,2799.9862385321103
RFRVDVRPYWL,30038.770642201835
DRDRVENLG,1793.454128440367
NYKAWLGEHL,6598.871559633028
KHEPHFPLSKD,2619.293577981651
RENVHDLSPSFE,2545.880733944954
FPPAREWDGEVS,2717.9587155963304
QSLSKDAQNHS,1152.7247706422017
SFGLEWG,8198.922018348623
QPWGRVAFVPW,39324.31651376147
QGAVARSG,2039.7431192660551
VRKDLKQHVLS,1733.5779816513761
YRKRYDGDAG,2476.2752293577983
FPEVWKHGNKAL,5034.766055045871
LRNAEWRVAS,5829.284403669725
SQPDKASQPWKL,1721.9908256880733
DQGRWDYNHD,5699.376146788991
AKVYYVSG,10604.256880733945
FPQRKSGPQPDS,1843.348623853211
NFAWGVASG,5929.766055045871
RLDRGRKVA,1760.559633027523
RAFWEHQFKAG,6251.5504587155965
YQAWRNDSG,4442.5504587155965
AGSWSHAS,2975.348623853211
QLGLEAYNKDLS,2355.0183486238534
GFEQQWNKASG,2530.3990825688074
QWWKQEENKV,1944.4495412844037
FDANRYWDFPNA,12046.798165137614
ESQYVFRGEWK,6374.09633027523
FWQQWLEPG,10747.990825688074
YARAWDQWAG,9811.665137614678
WNYYNLEPHG,10080.302752293577
ALEDNAGFKDG,2214.619266055046
FPRSSWLG,10951.91743119266
SEDELRNHVA,2011.9128440366972
DLPFSEWHS,5306.981651376147
RHRQNAEPDV,1431.2477064220184
AYGLKLSG,4156.224770642202
ALNEWASKALS,2651.9862385321103
PYDGHQNPNKA,1869.454128440367
WQEDQNQFEPYH,9649.532110091743
PGHEQWHVAL,5073.376146788991
KSFPSAYWDVA,4064.045871559633
DVQVYGYWNHG,10150.146788990825
AYVNAPKLG,2526.6330275229357
EFNFVQWHG,11311.114678899083
LAGFSPHSG,4030.4954128440368
EWKPWDVSGQNF,5451.412844036698
VFPWEPVFVAL,47360.74311926605
EWWEWKLSWKL,19690.536697247706
DENAEDRHVLS,1600.045871559633
VPPSRVLS,1796.454128440367
HVKDHFYHDAS,3053.880733944954
NSHNVAWKDL,2601.3715596330276
FFVAQHAEYVS,8619.688073394496
HNEVFLSG,5651.339449541284
FHEWQPLQRWKV,11719.894495412844
NLWGSQYHVAS,8181.821100917431
NKVQFEGRPWHH,9234.729357798165
HHGEAELG,1300.940366972477
APEHKVAS,737.045871559633
NEWVSKLFHV,11800.036697247706
KLDFKDPWNAG,2451.7798165137615
KHSDGFRAQYD,3949.380733944954
AWGWGHG,7418.706422018348
EVADRDSPHA,1016.4449541284404
QGVDKALSG,881.1697247706422
KEGGALG,1066.3532110091744
YYKPPHALG,3315.1605504587155
RGRPPWDGEHDS,2859.577981651376
VAWWFEYWLSG,27758.701834862386
PADKYDLS,1620.7293577981652
DQQEAELSG,717.940366972477
VLHVHDPNLG,2959.9495412844035
QQYAPHEWNH,3851.9908256880735
FKHFKEWNYHG,4852.183486238532
HALSKSRWNLNV,5593.142201834862
NNDWLHLS,6884.724770642202
WPWKGWQRNVAS,6053.857798165138
PERSFWHVS,7247.733944954129
GKDHARLSG,1374.9954128440368
APALNHAFAG,2639.3577981651374
YEGQVWHDASG,3572.256880733945
HSFEPRKSGEPD,1184.8119266055046
KLHLSHFPWNAS,6480.266055045871
YWSNRYKFKHAG,4296.743119266055
VKGPLKLG,1504.559633027523
GPEDKDALSG,654.0779816513761
YWLHDVQVQRDS,4092.6100917431195
VDSRVSLSG,1930.7706422018348
WYWAQLWKAL,11302.43119266055
FKHYWHAPDAQW,8325.522935779816
FWGQRHNGWDA,7134.651376146789
ALWNQYKHDWNV,6861.683486238532
LSNNGEDS,1197.4816513761468
KDYRDEYWNL,4635.09633027523
NELNVSEG,1454.3990825688074
PVGEAFYGYHV,17769.408256880735
LPQNPNLG,2229.454128440367
NAQSLGREYWD,7110.876146788991
RLVWSFPSG,14755.463302752294
AYWSRQYNLG,8541.302752293577
AWDEYGNS,3833.577981651376
NESEAFVS,2123.52752293578
LWSSYSG,6166.293577981652
AQVSAGPYH,2687.1743119266057
KKHRHESG,793.6284403669724
QSWPYHVPAL,10082.01376146789
FAQQASHLSG,2116.9908256880735
SHWADVASG,3276.9770642201834
FRPPWKLPAQWV,12051.009174311926
NAKWHVFPWA,15080.633027522936
DNKWGNVAG,1921.119266055046
QQAPKDKDVS,646.4816513761468
SENNFNVSG,2190.9587155963304
LQRQRYNYDV,6357.729357798165
ALEYWGHVQNSG,5456.412844036698
KGDPHALEHLS,1542.0825688073394
KDQLRYENVAL,3488.6605504587155
NWSEQVLSG,3469.1651376146788
QERYFHDSNHVS,4290.9908256880735
QLNPQFEPK,1886.348623853211
HWLEYYAG,15183.577981651377
RHGNYDAGPHLG,4325.678899082569
GQSFHWNL,8875.399082568807
SKVHQDAG,1040.5045871559632
DARVHAGEPD,1514.9311926605506
AFEEGNAG,1567.4357798165138
DVAFKEHQWN,3557.348623853211
LWNGHDFDVAL,11691.912844036697
RSWDFHRKHVG,4958.853211009175
VFVFKSPNA,10621.01376146789
VAVHKVLG,2500.3669724770643
KVPYFNLSNKH,3737.637614678899
QAKGSFWHLG,4818.463302752293
NKLLEPYEPYKV,4442.784403669725
EQEAPAQDLG,1093.605504587156
NKNDFWSWDV,8917.490825688074
NYAYEYSG,7861.839449541284
WQYPDGENKHA,2745.830275229358
HGSYPNG,2712.206422018349
KSRWAENHEPK,1366.3440366972477
YVEHFREFKDG,5036.114678899083
YSHALRSYDAG,4952.655963302752
LKSQFSVG,3208.5045871559632
EVFYQFEHPYH,21407.01376146789
FREDFQHDSQDV,2562.1651376146788
FPRYVRNDVFWK,15511.362385321101
SRVQVPLSG,2777.9311926605506
FGLGQHQLS,4039.4816513761466
ESHEQEWNKHA,1261.045871559633
YWWPQEYWNKV,12305.816513761469
YHVRDRLSGYH,7335.90366972477
FQELYNLFLSG,16722.536697247706
SDQLQALG,2123.3119266055046
HSSDEYG,1883.105504587156
WFRNSFRLSEWH,18234.3623853211
AGVSWHGPD,4666.655963302752
PSNSKAYAS,1503.7935779816514
NWGLYKG,5841.220183486239
VKHADVDALSG,1173.1467889908256
DGFKNKALDG,1705.9908256880733
QKYARDNALG,2074.733944954128
RHGAQYDFENS,3355.2247706422017
VLLSSYDG,8429.522935779816
VWENGVLS,4547.495412844037
VFDSYGEYNK,3657.3119266055046
WLEEYPYVALS,27363.394495412846
EFLGPFHG,9872.261467889908
PYKKSRKLSYV,2559.637614678899
RRDSSWKSG,1569.9816513761468
PYWQHVSLQAL,17548.619266055044
DKLSFRRKHVLS,3289.408256880734
RWSSDALPHAG,3991.2247706422017
LQKYDWDG,4236.385321100917
VEDYFNVLG,6577.211009174312
ELFRQFYDSPKD,7274.275229357798
LQHWFRNG,7700.192660550459
HSAQKFRYDVG,3365.0091743119265
AEGQLWALS,6904.866972477064
HGAYLPNHVL,8532.481651376147
PHRKQYNWKVS,2722.201834862385
NGEDFPKFEV,2458.3577981651374
KDDNGFDVS,1526.8165137614678
NPVRRVLS,3668.8715596330276
DRDNLQVLSG,2277.7201834862385
KGAGYAFDSG,2692.4036697247707
HGVKDQKAS,789.4678899082569
KESQSKHVA,932.2660550458716
PKFPYPWGFWHS,21977.77981651376
DFRSQSNKS,1801.1926605504586
VEQNKESG,805.0412844036697
KYGSHDAG,1550.7614678899083
WEQRHQVLG,6764.633027522936
FPVGGWQRYNA,11449.954128440368
SWEKWVL,8208.743119266055
KGVSVQWKA,2355.0688073394494
NLSWPNSRWH,14465.69266055046
QYDWYKHVRYK,6995.188073394495
PHDHQFWNDVFV,21140.58256880734
GNAEHESG,1097.440366972477
NAFHARNVPNLG,5010.582568807339
YNSVGKVRYNL,7827.876146788991
ALEVQSPNKHDV,1661.7339449541284
LSRNDRAFRKH,2959.293577981651
DSQPLQYFRWKS,6439.752293577982
DVNVRKDRHVA,1684.151376146789
FFDVDLHVAG,6897.44495412844
WLNVGEYGRY,15381.022935779816
WEKAKVYKHVL,5488.793577981652
HWYNKQSG,3015.270642201835
PYLGSEDRLG,3789.798165137615
HEHVHGHDSG,2176.137614678899
DEKSDFNKHDLG,1185.5688073394494
KNDNQVG,919.756880733945
QEGRNLPDGNL,2098.201834862385
PSGKLARPYDA,3256.7155963302753
FHPQNLFWVG,19349.770642201835
SSGQLKDG,1457.967889908257
FYWHFEPPWRWV,32159.10091743119
ESLDFEVG,2166.6422018348626
EEKAFHAWAS,3155.1743119266057
KYNQDHSG,1274.4770642201836
YDPEAPYKHAG,2014.9495412844037
EHHNRNSG,1472.380733944954
NQSYWSNG,4821.981651376147
RSNRDFYVLG,10445.587155963303
EFWWVLEWKASG,18800.683486238533
VSHYKSKSG,1831.6834862385322
YWLALFPSYDA,15932.912844036697
VPEDHLG,1373.4633027522937
PHPDFARWKH,4521.09633027523
DQREVKQFPKAL,2162.743119266055
NPLNDFAS,2680.8577981651374
RDNHWDSPYN,7587.082568807339
ELYKHWGFPDV,8796.733944954129
WDEAAFVSG,11028.788990825688
PPNPYQPYVAG,5309.09633027523
SQPKYKGQALG,1188.5275229357799
WRGLSNSG,4118.862385321101
QYGPYVAQWHPH,9997.655963302752
ASGYHSRNSEWK,2973.233944954128
QHPVGDKVLG,1212.7798165137615
SEWRQPNHD,4397.6697247706425
GNSNEKSG,863.4220183486239
RYGVNHAFVL,18158.17889908257
PSVAGAWDLG,3962.8119266055046
ENRENLEYANAS,2239.6100917431195
HFSGSRLG,4554.871559633028
QWKFPKNAFWK,6296.688073394495
KNEHVELG,1237.3211009174313
YSRGPYFWG,16301.036697247706
RDWHSFYHNDAG,7914.119266055046
EQSSWKLG,1532.1834862385322
WWANQKSG,4159.600917431193
QFLQVGPGFPWS,26861.01376146789
LPLYEDALSG,3707.940366972477
ALKADAKHDV,1003.6284403669724
DFAQGRLSG,2676.7752293577983
PDKARWRHLG,4480.623853211009
DEPSSQFENDG,1341.1284403669724
HYSVFPLS,12993.311926605504
KPLHNKHS,1145.697247706422
KGNQAEWHDA,1666.2018348623853
HKSRANLSG,1453.3119266055046
WGQKLVAPWND,8470.61009174312
SGFYHQKGQKL,3341.711009174312
QHQQGPYWNHL,7995.032110091744
PGPQWFYAS,15659.38990825688
HWSYGNLSG,6911.697247706422
SYVGKYWDVA,6310.6100917431195
LPVEVNHSG,2079.802752293578
APLEPQFPHG,2224.7752293577983
FSAAASG,1822.133027522936
NQNNYKLG,2172.5045871559632
GHKAWLSG,3261.97247706422
SWASWWHALG,18630.490825688074
EVYDDFREPDL,3400.9036697247707
YDEVLPLEVS,5221.004587155963
NWDEARWLG,10512.426605504586
RREAQFFNKVLG,5427.963302752293
DYHLEAEPS,1826.8899082568807
KLQYHLWHDQWH,13108.59633027523
GVRSQASG,1593.6238532110092
AYGKGHSG,1744.6467889908256
PSRHRHFNG,4412.495412844037
AVFAFPWNDA,18468.41743119266
AYLFAQEHVAL,14070.353211009175
NNSKSRLG,1908.3302752293578
WFDVYLFRPYAG,28019.4128440367
WPHKLHLSG,5220.954128440367
YPDNKPDSG,1123.426605504587
WSPYNEPQENKD,1938.0
SKRVRASG,1194.6422018348624
NSVHDYVG,3133.362385321101
DVYSRQYDG,5122.380733944954
QQHQDLPKLS,1226.165137614679
FLVNNASG,3862.408256880734
VYAVHAG,4302.715596330275
RSFHSEYAEAL,4826.802752293578
WWARLFPHDAS,14572.697247706423
DGVSSPAG,1270.394495412844
PEVSLQLG,3658.619266055046
EENSGHLKDVG,1150.5
NPNAGAFVSG,2632.0504587155965
NKELPNDYNKD,1467.7614678899083
EYARWALENLL,14754.20642201835
NAWKPNSYDL,5183.04128440367
QQQFGFRS,7825.5
RPHYAFWGYKVL,20713.83486238532
FWAGFNQDLNDA,5985.293577981652
EHRGKAQEWAS,1620.4036697247707
NGHDYDGQRLS,3360.1009174311926
DVPNEWRNASG,2081.967889908257
FNALYNHVYKLP,11652.288990825688
FKNGNHRYLG,5875.036697247707
GHRYHWHVL,13252.059633027522
WHYGWKGVG,7747.146788990825
DAEGAFRWN,5146.926605504587
DRGQHANALG,1887.7752293577983
GKVWYDG,6816.1100917431195
KFWGPRKHL,4871.215596330275
EYPRNSQWKDSG,2047.0963302752293
RRENLYSFKVL,12562.119266055046
DVDPDFNHLS,2369.077981651376
ALFLDAQPYNH,13921.114678899083
FVPRAQNKH,2180.605504587156
YYWPYQPYWLG,15480.119266055046
VLNEPYHGFDVG,7607.963302752293
EVREKRSGQRNH,1595.1559633027523
HSPASEPDFYD,2983.912844036697
WRVWDFDAL,25884.43119266055
EKKENDPYVAL,1263.366972477064
WVEQRDRNLSG,5160.972477064221
WEPAAFPWKDAS,6145.582568807339
AKFNPVG,2221.940366972477
ALEPWANRPNL,6268.463302752293
NPEQWALSG,2461.591743119266
WEHFDLPWKH,13646.018348623853
LSRFSFREWKA,7015.775229357798
YDFDELSRYNG,5649.068807339449
AEWEYFPYNKD,8929.463302752294
WLSGYAQYKYVL,14751.211009174312
WLPQKYKHDA,2869.3256880733943
PSPNARYREHV,3010.793577981651
SWSYRYVG,11673.032110091743
DGEWNLEHFYNK,7965.582568807339
KKAQPPDVAS,876.9678899082569
DVVLGAHDAL,3838.880733944954
VPDSGGDAS,1060.8577981651376
HLVVSVASG,19887.3623853211
VEQGYSG,2020.5550458715597
FFQVEPASG,3153.5550458715597
SPKLLNKSG,1211.8211009174313
LFEVWKQREWKD,4736.266055045871
GYELQRG,2773.577981651376
NGGYNDPWHDS,5054.270642201835
WEQFEWQRWKAG,10309.738532110092
NVLQFAGSQEWS,6992.761467889908
EWWVRVPVASG,10407.811926605504
HQARRPSG,1831.954128440367
GPNYFNLSG,4520.247706422018
DPDWAHLS,3069.894495412844
RWFFYLSGWHSG,20432.077981651375
QYERDLEYVS,6460.366972477064
VLSPEHLNKSG,1245.8623853211009
GNHLDEYWK,3876.651376146789
KQFVRVQFYNHA,18821.0
ASSHWHALSG,3562.4036697247707
DRKNPNKHD,929.5229357798165
SKYNANSG,1298.4220183486239
VSQHQHKDVAS,937.0963302752293
VPGYHPNLSG,2653.738532110092
PENDLNDGKH,1160.954128440367
NGADGEDVALG,1195.8119266055046
RDSPRNHYWNDL,5809.811926605505
RKEWVLHFAG,10050.5
GHLSKFRNKH,2002.2614678899083
QSDNEALG,946.8899082568807
KAADNASG,890.0779816513761
KSLPDFDAL,2000.0963302752293
YPDPARYG,3139.8990825688074
KQRKFASRNHA,1226.5642201834862
KRHSNFEDG,1514.4311926605506
KFEKDNLSKV,1268.834862385321
RWESQYAWHDA,10058.743119266055
DWKVELFRAL,13302.93119266055
ALDNSFVLG,6100.027522935779
DYKNSRWNVA,2307.8073394495414
RFYHQEVFKD,5058.399082568807
PHRKYHALFEKH,2793.47247706422
WGQDDREYWLS,11123.688073394496
NQPAFVRHLG,4973.119266055046
DFGAALSG,2122.761467889908
LAKAGDALSG,1042.8256880733945
HFSYPHLG,6544.5091743119265
HYLWHLHG,8251.834862385322
HAKEPDQENAS,587.2064220183486
KQQKGESG,503.3302752293578
PLVDVFHG,6764.137614678899
YFWNWSQFPN,10730.114678899083
LVGKQWLSG,3920.5550458715597
KQEKSFWAHDS,2105.3669724770643
VGRKLQKSYNHL,2439.316513761468
RWRVHGFYWAL,22687.79357798165
PSKVLRVAHA,3114.032110091743
WWNDLAYLS,19529.01376146789
DEHALVDSG,2009.0688073394494
EEWPEYLG,5589.697247706422
WKWDQNSREKV,2002.98623853211
ESWNDQVAWHL,7475.825688073394
FANHAEEYKV,2547.3899082568805
KAGHGREAKHG,963.348623853211
FNKEFDSYVG,3805.0733944954127
SVGGYSG,2566.032110091743
YWAYEWNVLPYW,30153.47247706422
HNRNDRG,2093.816513761468
QWPDVYPYWS,22094.770642201835
FALLVAGPYWHD,34392.88532110092
VDQWFHALSG,8600.821100917432
FVPERPWKHD,2955.587155963303
VSHVDENKHVLS,1776.1880733944954
GRRDNSG,1343.4908256880733
RKLYPWVQYKSG,5906.0
WGKDLSHDVWKH,4321.5091743119265
WQHWDSEKH,3702.137614678899
ASVLYLGYNAG,20476.059633027522
GVLLFALSG,35548.50917431193
NLFLRWFDVS,22612.188073394496
QPEFWVEPYKHS,9538.788990825688
KKFYAWG,4212.045871559633
RRAGHSREYHDA,2925.761467889908
NRWAQWNAELS,6314.876146788991
SWNHNHQFRWS,12991.48623853211
ALKVRAEDG,1473.848623853211
HEVFWVRNLG,17681.128440366974
NQDVAFFEYLS,28811.050458715596
YQRFYNEHVAL,13368.738532110092
HYRLYNG,7027.151376146789
SVGHDFAL,5631.105504587156
NRNKWDLYKD,3755.733944954128
DASSPAQKHD,930.6146788990826
FHVWGALQPYHG,14144.715596330276
PRFGQPYVALG,14156.490825688074
GRLFFYSG,27659.633027522937
RYVWASWKDEK,3183.7247706422017
RSFPYQKKDV,2425.5550458715597
GFGFSRLSG,9997.963302752294
NHRDPHDPYKL,3005.7477064220184
KHLVDASQFNA,2521.912844036697
WQEEYNNKLS,4203.894495412844
QWSPKSEAGEPG,1167.1559633027523
QRAVYNADASG,2471.4908256880735
SRRQRALSG,2050.137614678899
NRQHLKAG,1936.0871559633028
VQAFYKRKALS,4135.688073394495
FDSYQEYVFREP,11496.43119266055
WNKVGKSKLPYH,3010.6605504587155
PHEGFPAEYHA,4917.288990825688
EASSEPYYKDL,1762.6743119266055
QEVKGWHVRKG,1982.0504587155963
DLWSRPYFEND,13087.022935779816
PLHWGQASG,3925.3073394495414
KDDAKQFHDSG,1072.697247706422
DSYVPVGPKHS,1920.1788990825687
WNYWGQDGYDG,11169.871559633028
WVSKNAGQNHAS,2437.0963302752293
VSDDRELS,1416.9587155963302
LGQNYQPYLG,9057.233944954129
YGQKVYSFKS,7926.977064220184
RGQFYWEGRNKG,5543.5
HGRQRDQASG,1645.0275229357799
LQWWPHVLG,20747.8623853211
DQQRWNANDA,2163.5688073394494
NAYWGWLQRVL,21575.76605504587
FAVWYHVALG,23249.059633027522
QDPAFSQWHALG,5895.582568807339
KVSSKHAEHDVA,927.7660550458716
ELKAENDKDG,704.3761467889908
SQVQYWEPVG,6797.261467889908
KQNREEPKDLS,872.0733944954128
PHHWVGREKD,2178.394495412844
EVRSRHSFWNH,6548.077981651376
DSLYHRVLSG,5096.064220183486
FFDANGNHSG,3026.47247706422
VSKQGFVSG,2148.454128440367
SKDDSYSG,1100.1788990825687
AQLKDHAG,1128.0504587155963
EKHRNPYVFWDS,10947.550458715596
KGHKLQWNKDV,1397.6467889908256
DYVVNSG,3779.9174311926604
EKASSFYLRDVA,4253.275229357798
QSQFWSEKQPH,3645.238532110092
SPDKLQVG,959.2110091743119
ADWNVKAG,1837.0229357798164
NKHVLAQFPKKL,2847.761467889908
ADLQDRDL,1649.4128440366972
SYAWGKVG,3823.954128440367
NAFEYFDVNKG,11631.45871559633
AVGLVAG,3535.8577981651374
LWELRLG,16954.02752293578
RVQVDALGYNKG,3492.793577981651
KDFPEPDKDS,1007.9449541284404
FARALFSFRKDG,10980.105504587156
KDGRQENHGYK,1870.7385321100917
WENGLSFWKV,16397.70642201835
HYSVYDLS,9765.738532110092
QAEHAQNKNKV,1087.4495412844037
KGWNAQLGYWH,13933.922018348623
EPWQVFEDLFY,24533.58256880734
DDEYAYSG,3226.3899082568805
YESYDPWLS,13588.339449541285
LSQDVVGQPWV,6688.032110091744
QWNLEWKLDSND,6795.325688073394
VYNPKQRYAS,3625.6743119266057
WPNNKEKSG,1359.2935779816514
WWQELFLG,27692.44495412844
WLKQPDQPWG,9234.811926605504
QNFWFRDWNAG,15004.788990825688
VDAGERALS,1472.2935779816514
RYHRNQFYHPN,9287.98623853211
QGVLQEENA,1225.48623853211
WFHAHQRNHLS,7706.972477064221
DYSRVLASG,4384.188073394495
DAWGGEWG,5349.357798165138
AEHNHYNKHDG,1936.9954128440368
WLADQYASG,6365.931192660551
DGHKSHVASG,1264.4908256880733
QPLFFQRPNAS,11190.077981651377
QSDQQFKG,1221.651376146789
SYDAERHLSG,2240.6100917431195
WHASFFNQNKH,7153.160550458716
ENFGQNPNVA,2101.545871559633
FNKWKGRLQFYN,10589.40366972477
YYSDRDSG,3088.683486238532
WSFVRKAFEYL,14436.5
SQRPSNALFYDG,7485.995412844037
VNSAYHVLG,4621.270642201835
FEAKSEHWKV,1823.8394495412845
FFHRYVRYWSG,12360.91743119266
LFLSNVAYKA,8670.880733944954
RVEFWGRVSG,9588.160550458715
DQWENLRPHL,7103.95871559633
YHQKVWLFEYLS,21043.729357798165
DPRLKDLSG,1260.2752293577983
RLRKASAQEDAL,1206.2385321100917
APANQDASG,813.2660550458716
RGYYLQKHDVS,4604.724770642202
GYREWKYAG,5074.674311926606
RKKYNSQRDAS,955.4587155963303
VPEWSWDLSG,5492.880733944954
SEAGLQVG,2328.3899082568805
WWAAQALSG,7826.839449541284
HKGQPQLSG,1558.545871559633
KLYRSRPVS,3839.0229357798166
RYWGPASRYRPN,7479.591743119266
QAGPDPWVWDAL,8050.752293577982
FANQNHWKDVA,3167.8394495412845
FEYLLPNQRNKD,4039.8990825688074
DNDWFDVSG,5019.353211009175
VLDHKAG,1487.697247706422
AQYGKAFRYN,5431.114678899083
DNKVLLFYG,31860.408256880735
ADNVDSG,1460.8577981651376
KEHHDWVASG,2574.330275229358
SFHQAHAL,4202.353211009175
PKGKLFKSGPY,2458.316513761468
NPDDVRDSG,1180.1146788990825
PQEHYKHDPDVA,1384.1467889908256
YVDLDQRENLG,2944.940366972477
PRWDWAKSG,5216.288990825688
FEDWAGQAFEPG,4202.90366972477
RQEYDRSQWHA,5500.477064220184
LQHRLWKHDG,4718.692660550459
GEKLHASYDS,2170.862385321101
NALNKEPGFNS,2019.5091743119267
QHAPHEKQHLG,1296.98623853211
VDAHVEDG,1674.967889908257
PWARWVLLQWHL,41879.99082568807
YQDVHVPHDVG,3587.435779816514
DLLLASG,6438.146788990825
NQPQWDQNLG,2893.8119266055046
SDQDHALSG,1690.5550458715597
PHKQPFPYHAS,4264.807339449541
FKPGPYSEKVG,1783.1834862385322
DKEGRNVALS,1059.48623853211
WGHPLEKVG,4222.082568807339
EEVRPQFALS,4311.481651376147
EDPKRLNHDL,1358.5412844036698
VYGKFNSG,3162.802752293578
LGDSHEYKLSG,2069.4495412844035
DLGDNKHSFYS,4278.798165137615
PVEENWNVAL,4591.472477064221
NGQVNHSPYA,3161.8990825688074
FWQHDLNVDAG,4878.188073394495
SKHGRNRKHL,1571.1009174311926
SRDGFVLPA,9611.816513761469
KAHHPWVLG,6874.220183486239
EVRGPKLQHSG,1630.2660550458716
KHHRRELSG,1503.5412844036698
PKLFWSGQAPSG,4338.504587155963
YQPAAWNKVLG,3698.1330275229357
WLLREDRPNH,6175.233944954129
GFPSRGEVS,1691.045871559633
VESNEKVLSG,1293.6422018348624
AWFSVAG,11249.90366972477
NHDWNQRSRYW,13801.504587155963
EVQWKLLSNA,5629.793577981652
DWFVGKSG,4874.95871559633
ESVYRALS,5782.853211009175
PQDAYHNHLS,3220.830275229358
WYFPFPSG,11994.243119266055
LFWYKQEPYVA,8113.591743119266
EKARVFYLEP,21303.922018348625
QRGHDGQHKVG,1912.0871559633028
RRVSAFNHLS,5041.004587155963
VYEVEWSG,6098.256880733945
DWKHHVRNLG,3613.678899082569
EHYWHVNQRWNS,8947.119266055046
YHWDPNQEYNVS,5446.972477064221
ADVWAKDVAG,2129.6605504587155
VPYGNAREWH,5921.284403669725
RGDHVFLG,6640.802752293578
PWQESNEWKVA,4671.724770642202
NFELGGFYVALS,32414.302752293577
AQVSYSGWNKVG,4189.692660550459
WDEQHSFEPNA,4265.412844036698
NGVVGYALG,7185.151376146789
RLWAGNSDALS,3914.669724770642
HEAYDRHASG,2665.9587155963304
FRLDHVSEWNVS,8126.600917431193
GNELNSG,1316.2935779816514
DQEHNAFYNLG,4808.559633027523
RDYAARENKHS,1732.0412844036698
SRQPFVALSG,6990.6697247706425
AEAHEWASG,2232.47247706422
SQQEWSWNKHG,2571.5091743119265
NFDYEHALSG,4547.674311926606
DPGPFLG,2932.5504587155965
KDWQPFYWKDG,8654.0
WNAYWRNQFKHV,12946.536697247706
RAFNPHRNVSG,3852.8440366972477
WFKFQEHLS,7823.825688073394
ENFDLPLEPNDG,2284.394495412844
SPAPKFHVLG,2481.6743119266057
RGDGSQKG,1035.8256880733945
VGRVGAYWAG,8855.587155963303
DSPPYRENLS,1988.6605504587155
DAYFYDRWNS,12703.87614678899
VESEWPHVAG,2983.922018348624
YRPHQAEYG,3361.9311926605506
NEYYFKHAS,4116.183486238532
RLVRLWDL,19708.67889908257
ELPYALFARKHV,10857.701834862386
PLHHLYHV,9692.669724770642
SGDAWKFEWA,6033.211009174312
HDGNPGFNSG,2630.045871559633
RERQHLENKHDV,1312.8761467889908
AKAPFWDAG,3298.6743119266057
GWEHARLS,4891.8899082568805
KKANDKDSG,554.1146788990826
LRAHKDALG,2059.6330275229357
RGKVEWLEYKL,5985.922018348624
AHAKYLSG,2359.52752293578
ESEQSRYHDS,1344.954128440367
NDPEWHQRNHG,2808.206422018349
NHGEAGYSDS,2282.830275229358
VYQPWEYSG,10102.348623853211
DWQPEYDASG,3155.756880733945
SRRNSYG,3058.6422018348626
EYQQWNLDALG,5167.467889908256
SKHRGVLSG,2246.4266055045873
PVLGGWAFRPNG,7134.243119266055
KHRQYWSENKA,1940.408256880734
VYFPQVSG,4078.862385321101
NQFYRNKGKLG,2836.5412844036696
KHGQPWVGFPVQ,6016.302752293578
REEENDFPYND,2686.6559633027523
WNAWGEPWGHL,17569.738532110092
LQFQSQREDAS,1707.7614678899083
VDVSSWKASG,1944.98623853211
VRGYNDLSLS,4216.5504587155965
RSVSYQFDG,6371.422018348624
FNNNGWNDS,3443.6100917431195
HHAHSPLSG,2464.4954128440368
FVYVYLWALSG,17313.93119266055
PGLWVASQYSG,9578.981651376147
PFWLNHQRVG,8601.899082568807
YKNYPWKDVG,2933.756880733945
AAWVSWSG,9793.022935779816
HFHPVFWNVG,17512.69266055046
QRYSRWAVEWKH,7866.743119266055
FPDFHARHRHLS,6266.926605504587
VNLAKHVLS,2842.743119266055
KWLEENSG,1356.954128440367
DHDGWPWHALSG,7116.5
VEQFYSGFDVS,14018.422018348623
WQRGVSQEKV,1660.7064220183486
VAWQHPYHLSG,8265.798165137614
LRYNQHQRPHV,4146.09633027523
YGPSYWKFNKDS,3508.733944954128
HVNAAGPKDV,868.894495412844
PYGADVARPYDA,3610.743119266055
AGDKNKALG,691.7981651376147
EYQRELRWVPN,6409.839449541284
HSHSDARVG,1473.2155963302753
LSKQRRWKVAL,3169.9862385321103
GNPKSFDVSG,1435.633027522936
VANGESKVLG,920.5321100917431
NLRLENEKHLG,2125.1743119266057
VEFNFNKL,3940.440366972477
HHLKANG,1356.7935779816514
HQHWSFYDVAS,9707.229357798165
DNDPWNWALSG,5718.334862385321
EVYYASQRWA,13446.62385321101
ELQRESKQNHD,1417.045871559633
QEVFQKALSQWD,4819.935779816514
FRYSLSFEVLNV,39229.71100917431
KSGWFEAREKAG,1930.5779816513761
QADEALEPVSG,991.4724770642201
AQERPGREWKG,1810.3302752293578
PDHQDRPWH,3993.4633027522937
FQFGDGRKS,2835.793577981651
AALGQSPAG,1176.4724770642201
QRYRQEYLSRHD,5748.09633027523
GGFNDRYG,5412.220183486239
RKEGEWKEKLS,1052.3853211009175
VRFVNALS,8473.981651376147
LEVNNVG,2696.5963302752293
EWRKLQRLFRA,7352.885321100917
WFDHREKHLSG,4285.871559633028
LWARERNKVG,2833.440366972477
PFKYNGRASG,3138.3577981651374
FASNDFWFHDVS,14081.97247706422
WRYVNGPYDVG,11659.155963302752
HWRLYVSG,18349.29357798165
NRDYVWDG,7356.3302752293575
LGEVFFPDVG,17224.261467889908
RGKDYVQYWVL,12526.06880733945
PSFANDVSQYDV,4290.311926605505
EVERQKLG,1168.5963302752293
PAKFVQWNKVAS,3030.362385321101
FWLSFYSFSKD,6209.3302752293575
YEYPYFEPYASG,8981.839449541285
RHELFREPYLSV,11658.733944954129
QKQQVLGFEKS,1410.1605504587155
FESVASQVNAG,1627.1880733944954
YPVQGQNLG,2496.6926605504586
WVKRELQND,2793.711009174312
PYHFPWPAQFV,30920.69266055046
SGRDEPLPWHLS,5793.642201834862
HARPEDQRVASG,1516.5412844036698
FSHLFEYAWNKL,10288.316513761469
DYDEYVAWALG,8868.871559633028
PHSRAHVNASG,2112.02752293578
AVRVEDSG,1330.8532110091744
EPGVWNDFVG,6007.54128440367
DGKWHRKHAL,3021.087155963303
NFAWSVALS,16042.665137614678
HRHVGHPNS,2499.6422018348626
PWKYSPWNWNK,8152.697247706422
ENQREYDGPDWV,6304.729357798165
KHSEHDGYAQRP,2528.3899082568805
KAVEQELS,724.7201834862385
EWENPALSGFK,6171.206422018348
KLRHQEYDARP,2461.6284403669724
DHVAHSGYWNSG,4710.821100917431
GKHAFRERHV,2813.3073394495414
SHQDHVG,1574.0688073394494
GSRKPLSG,1461.2155963302753
YDAHRPHVGVG,3799.5045871559632
SDVKEVG,891.4633027522935
LLFWGWSG,15632.188073394496
LFFVEPVAS,17431.58256880734
DNVSNHWKHL,3843.211009174312
DASFDFWVPWD,22589.495412844037
HLVKSWKLSG,4236.834862385321
QDPNWNDASHVA,2324.8899082568805
NPGYQYVLS,10319.779816513761
HGQLVQPVAG,2781.637614678899
YVSDVLRGQWVG,10279.183486238531
ELEYHFFEWNDA,13007.665137614678
NQRYNELPKVL,4343.270642201835
QSHWKLRPDG,3377.0
RLWAQGELG,3616.440366972477
ADLDFKLSG,2415.967889908257
NEPQYWYHDV,11843.56880733945
YLSKNDVFYHDA,7307.01376146789
ERLFRDFRWVG,11415.70642201835
FQEPQHLFENG,3923.045871559633
HPSRKGWNHL,3623.2798165137615
GLYADLSG,5547.348623853211
YAQYWHPDQKLS,5722.3899082568805
AEHFNSPKVAG,2259.908256880734
HAVLKAHASG,2234.3715596330276
AVFPWRVG,14087.128440366972
LGEWEPHQPKV,3796.3669724770643
KDHPFNLG,3124.105504587156
EGSAPNAL,1186.559633027523
LGDDSKLS,1093.105504587156
NVLKLNKNDSG,1550.105504587156
VGFKLEDLQNV,2794.412844036697
VWLPEDSG,3544.935779816514
KERPFPG,2199.123853211009
LFEYDNFRYG,5635.8302752293575
FEPKEKASRPWE,2894.1880733944954
RKLKVRVFKL,7475.591743119266
LPWKEHFYHV,11033.605504587156
SPAYGEAG,1629.0963302752293
QEQARPLFEPS,2143.321100917431
SPWQDQEDSG,1620.8990825688074
HNQFVHASG,3542.348623853211
PLFEHSYSGNVL,13014.142201834862
QPHEARWAPAL,8374.018348623853
WHQYGQSQWVG,9816.380733944954
DGQQPNLEYVG,3314.229357798165
HSYSNKVPHS,2340.683486238532
LYFHVHG,8677.628440366972
EAYSYWEYWG,19297.89908256881
KDWHNHQKHV,2359.0366972477063
NPWVAGESPNH,2882.1146788990827
WFNRWGFENKL,11800.651376146789
KSSGLFNG,2116.4036697247707
FREVWNVYEHAG,11078.20642201835
KYGEVESG,1134.802752293578
RQVLNQPVAL,4615.619266055046
FSKDHAGWNHA,3386.4036697247707
FSSHWKG,3463.2155963302753
VSFVLPGEWHG,13453.633027522936
KGADVKSG,771.2889908256881
GPQPVQAS,1081.454128440367
APASASQNKH,871.7064220183486
EYQRGFRELQKA,3253.756880733945
PSSKPLS,1196.697247706422
SFPLSVPKG,2070.8990825688074
PYPGKAREKDG,1290.4220183486239
LGRWHPYGNVA,9542.646788990825
RKKWYDLSG,2388.848623853211
YLVNKLRHVL,8640.88990825688
YRHPFWDALG,15828.435779816513
DEWADVYVAS,12640.825688073395
EEWQPQRALS,4351.174311926606
RSGSLREHA,1818.032110091743
PGGVNHLSG,2477.853211009174
WRDPRKVG,3399.0825688073396
YDPARHGEKL,1791.8623853211009
HHVSEGYLG,3625.793577981651
RQNWRPYNHDS,5504.642201834862
EKAADAQRKDL,751.9220183486239
QRELQVSQDGP,1510.4220183486239
ALGGFKNSG,2699.0963302752293
DQADNDLS,1201.2293577981652
FRSNRPYYWNDA,11981.41743119266
FFWNNKPNKV,3301.2247706422017
LRYWYAEDVA,11082.467889908257
KGLVFYVASG,24082.261467889908
WVWWLPKHLG,20717.022935779816
LSEKEWWDL,7579.766055045871
NFHGKRWDLG,6508.3302752293575
VSVQLSWSG,10075.940366972478
PSKSNSEVA,868.2477064220184
DWVEKAFEA,2664.6743119266057
WSFYKVREFNV,18946.688073394496
QLEYNRYQENDL,5230.59633027523
QSVAYKYNS,3904.2798165137615
WHYELSRENSG,4561.399082568807
KRSVDAG,971.6651376146789
RNERSYHDL,4374.302752293578
KVLHDGEFWNHV,6077.701834862385
KKFRVKLG,1423.4311926605506
NYLHSASG,3317.669724770642
RQDSALKASG,1316.9908256880733
FGKFKFPWKVL,8452.211009174312
AYKDPHEKVSG,1056.5045871559632
PPDSDPSG,834.4495412844037
RDEAAKHVALSG,1867.7477064220184
WDKSVSYWKAS,4941.128440366972
WYGGKVAG,4102.045871559633
WGFGWVPNSG,12179.825688073395
KRKQNEYLG,1220.7706422018348
YKQASRDWALS,4780.922018348624
WFANKKHDVL,4754.697247706422
DPLWLKVG,6879.307339449541
SSEPVKDVA,1143.2568807339449
YVGWPYQFPWV,36090.28899082569
DAPPDGFRPV,2871.738532110092
PNFDQEGQVLG,2424.2752293577983
FPVYSPYGRYWS,25166.495412844037
YAVERWSG,5855.642201834862
QWPAWNYKHDA,6783.279816513761
GAQAHSG,1561.2339449541284
YWHFDVAGLFWH,25446.11467889908
EKFKQRNSPYKH,1712.9220183486239
NPQHNKVAS,1259.545871559633
EVEFQRPYNKV,3996.348623853211
GPHRDENAG,1209.2385321100917
GYQGELSG,1831.2935779816514
KVHGQAYHL,4361.087155963302
KAVKRWNKHVAS,1266.0091743119267
NGLKKDLSG,1175.3394495412845
WWPHHSG,9990.908256880733
RDDKGDLS,1096.2752293577983
NPPNFYLSG,8001.591743119266
KYLQQPHG,2542.6880733944954
AWQRPHDWHA,8440.435779816513
HEYAVASEPHD,3395.8577981651374
FVHYHLFNVALG,17221.990825688074
FHESHSGPYG,5768.09633027523
FDYESEVLG,3248.201834862385
VRYNHKDRYWA,7793.775229357798
VLYFEAQRV,22758.357798165136
AYSFDFHVL,21206.123853211007
DFEWAFGPVLS,25997.17889908257
LRKDHLWKAL,4758.733944954129
DVPYDLFYVLNV,36550.522935779816
RVVSFHVFPVL,44572.779816513765
KGKYPWNHDVG,2385.761467889908
WDSGYSKHLDAL,6934.807339449541
ASPNSKFPYNH,2258.435779816514
FPRGLGPYVS,12941.444954128441
WYRQYALSG,9412.80733944954
KYSPPSG,1567.5779816513761
NGSGLYAG,3390.091743119266
DNRGPVS,1468.2018348623853
DEKAQNHYKAS,1167.848623853211
LWSVDVALSG,11169.738532110092
GFQLFEPYKVG,11318.577981651377
GNGSALS,1829.0366972477063
KWDLVSQALS,3801.761467889908
REFWQYNVHD,11083.550458715596
EGAAQFWG,5357.344036697248
YQFNRAQPALS,5095.885321100917
LHDEGWHG,4205.366972477064
KDYAPLWHAL,7628.247706422018
VLNHGFNDEPKG,2342.1146788990827
YRNRAYWNKHVS,5372.59633027523
HFERPSQEYWL,18479.756880733945
LLELRSG,4811.477064220184
KKYFDASG,1491.1009174311926
LFSWRVG,8355.720183486239
PGQHHQRYNDVS,2842.830275229358
NLPVRKARDL,2555.183486238532
PRLGYHDREA,3208.2247706422017
KELDHSG,1078.651376146789
VEKNQEALSG,895.3348623853211
DAPKYSEYNDL,1976.1238532110092
YYQRPQELS,2683.862385321101
WWFKQELG,7252.380733944954
QWKFGQYKLVA,9856.045871559632
QSLKPKG,1098.5
NGLQNKKHDG,1223.7155963302753
LVRHWHASG,5796.894495412844
ARPNRDSFPA,2207.9908256880735
NFQGNVLS,3254.380733944954
FEWDVHSGDED,2418.211009174312
LFLHEVAG,4833.288990825688
PGRRFEPNKG,1733.6376146788991
HDVPHVQQFWLS,12757.238532110092
WPDYENDG,4053.02752293578
NRDQGPAS,1308.0275229357799
FNGEGKHPWKHV,4427.761467889908
LASLDSG,1710.9816513761468
YLSFQNKHQYN,4275.761467889908
WYFPEHDASG,6286.4908256880735
VFPRQPHDVLS,3710.7844036697247
WYQANHSG,4351.899082568807
EPDEFWNAGKVA,1948.1467889908256
KRLKRWG,2004.3073394495414
ESAAFAG,1366.0825688073394
HANYVAFEWHDL,20603.977064220184
HSQPRHSFYWN,9755.665137614678
VKSNKKDAS,708.9082568807339
FLWLGDYLG,12258.899082568807
YEYYHGQFRYS,8347.747706422018
PYSWLSFVQRKH,12188.06880733945
NFRGNQYHAG,4768.371559633028
NPAGGQFKHV,1909.4908256880733
NKNASKFREYDA,1793.3073394495414
QKKWREPYWNA,4138.568807339449
LSAWESG,2881.545871559633
WFSHRWG,11284.454128440368
SHENLNSG,1296.6559633027523
ASNPEYNDVA,1346.5
VDSWQWASG,4510.40366972477
AWEYYKDV,6389.536697247707
ALQDQASYDS,1688.1100917431193
PYSLGQHEPHG,3049.7477064220184
RAQAFWFYVS,32140.761467889908
LWPKKSG,2194.52752293578
QESHDGNGWHVS,2458.0963302752293
YAVPPYVLSG,9690.655963302752
AHYSWDS,5219.155963302752
QLHDKAPKHAS,1009.7660550458716
VQHERWHALS,3602.1284403669724
DRGNEKDVALG,943.4770642201835
QDGGLGPWKA,2874.146788990826
LNFLFVLSG,27819.022935779816
ALSGRGRWLWA,13117.009174311926
WGRGQRLEKA,2466.9587155963304
DPDKQEDLSG,649.9036697247707
NLENKHRRWDA,4000.105504587156
QGSPQEAG,689.8256880733945
SYNGWDDASG,2992.1146788990827
EQNNDFWKDVL,2045.0045871559632
YQNNEPNHV,1957.380733944954
AESRFPLG,3361.316513761468
RPEYPYWLENH,12769.756880733945
SDFWWLSG,9949.229357798165
PQYENHVPKA,1148.3577981651376
DEKNDEKDVAS,492.95871559633025
KEYDEPDVYDAG,1552.7752293577983
NAFLKDFDVA,4735.619266055046
WSGNKKALQKVS,1610.7568807339449
VLAVPLSG,3337.4266055045873
EDRWDAHDASQK,1494.7844036697247
RYQVPWDLGPNA,6639.665137614679
NHSDKDLFYDLS,4045.97247706422
VVGKHEG,892.8256880733945
PEGSYDLSG,2507.97247706422
VYFHFPNHVS,8514.880733944954
NHLPLGDFHA,4004.4770642201834
PDGEEHGPWHG,3118.440366972477
YVQVLPKRWDS,6744.362385321101
KGKVLLQASG,2032.1926605504586
LSELHGRPWNH,6713.90366972477
LDRWAPG,5093.027522935779
PNVPFWSQKHL,7435.90366972477
LGQQLPWNKLS,4338.614678899083
VEKAHSPWNK,1690.8532110091744
KSGESEYREVL,1458.665137614679
RAEHDLEQPWDV,3993.3899082568805
YQPHRFREPWA,8783.077981651377
ANDWQWSG,5499.821100917431
VYWHFLRWA,16541.596330275228
WDDLFVFHSG,20222.0871559633
ERFYWKWSG,8274.770642201835
SYLSKAQEPDA,1235.408256880734
GLSRSDAG,1451.5045871559632
ELESFKQFDLS,6102.518348623853
VLAGQVYDG,5419.325688073394
FNFEYLQSEND,7766.077981651376
VSGEEWVPYS,6148.211009174312
KHFRDQVSRWL,8083.775229357798
YHSWSRPVRPVS,6420.628440366972
LYEDSFYSG,8543.321100917432
YRNRDEPYWHA,8991.311926605504
VVSVSDG,1673.0963302752293
SKHWKQPHDAS,1571.8761467889908
SNHYDFEWNV,9021.724770642202
GNAKDEAG,695.4036697247707
LYGYENG,3259.532110091743
SDLDAKVSG,1044.151376146789
RSPGAGPVL,2000.605504587156
DVWNHQEAWDA,4512.8302752293575
WHYVLGYVFEV,39655.88990825688
VSYLGYKSQPN,3832.701834862385
DLRHGNSWHAL,6880.394495412844
DPESNALSG,1279.48623853211
ARFAFRWNVLG,14502.720183486239
LKLPWPKLSG,5467.885321100917
NQNRHEPWKS,2460.0550458715597
LGLWKENVL,5197.642201834862
ENFWQYKPDAS,3457.1146788990827
WFFHGEPG,8759.215596330276
SWHAWQREYV,14345.555045871559
GPAHLPWNKS,2279.637614678899
QDSFGEQNVG,1826.7339449541284
FKGFWNGVSKVS,5026.353211009175
WLASKGNKH,2639.940366972477
NQLKNVALS,2161.6743119266057
FHASHGQAGVAS,1826.7201834862385
WPGFNPALSG,9056.20642201835
WPQNHPVSG,3187.266055045872
VQSFKRHLS,3806.5550458715597
SRQVAPLG,2369.151376146789
LDKDQNKVLS,1236.7568807339449
WKFWGKVFNHG,8417.077981651377
FLWNGYKHPLS,8015.752293577982
ARYPEKHVG,2009.091743119266
QYVAARPHAQAL,4186.5
WEAFWPLG,25118.949541284404
PLGAEREHSG,1333.9174311926606
ERNPRYDS,2346.151376146789
GFWQKSQFEVS,5541.422018348624
QWYYAQNKASG,3581.733944954128
KKVWWNHVLG,5530.784403669725
QNNWRDLG,5023.128440366972
VLDGLPYHSG,6093.683486238532
RNVWFEWSQPDS,11149.532110091743
FYAGVQRQEPN,2737.587155963303
RYLDPNDGVG,3455.9816513761466
FANWLREWNDV,10536.435779816513
EGKWKSWLSG,2902.7201834862385
YWKGEVLFDFYD,22421.23394495413
QNHPKLPNSPKV,1437.0
RWFFFRWNKDAG,10757.119266055046
FNLHVAQPDNHD,4125.105504587156
EVLVVGKVLG,20627.880733944956
YLKDWVAWAG,9936.050458715596
SAQLQFPYWVG,18755.33486238532
WEALPHFPWD,32297.4128440367
QVHQSFPYHA,6745.770642201835
FVQVYWALPS,33188.11467889908
RAHVYNSGKDA,2069.766055045872
EHKGVYNHDLG,1918.5091743119267
SPSRHFHLS,5667.59633027523
ARGKQELSG,962.0642201834862
DDRVWSG,3599.793577981651
VPGHSDVAL,1952.0183486238532
EKVNWALPYDAG,4787.995412844037
DPHFHEVSG,2402.0825688073396
KQDRKYNDSG,1027.7385321100917
NFFAFPSG,10710.137614678899
EELARVASG,1838.4816513761468
HAWRSQFRWNDL,14951.899082568807
HSPRSQPWG,4359.532110091744
WLKFFELSG,17758.33486238532
PDHHLNDVASG,1853.9495412844037
QSNKHAEPHAQY,2214.894495412844
GAQGEVLSG,1273.2293577981652
KRRDQVLSG,1035.1238532110092
YEAAALG,3041.47247706422
GFKAQAFDA,3411.9311926605506
NFFEGRLS,7972.844036697248
KPKNFKVALS,1714.0412844036698
FPLRRENVRKL,4766.816513761468
YLNHAWQFEA,10899.642201834862
YGRWLEEWNHDL,12469.238532110092
WEDGNLFENKDA,4241.876146788991
KPGENPLSG,1022.756880733945
ENAWASFNRNVS,5579.660550458716
GELLPKALSG,3364.793577981651
NAPNFEWRHDVL,9412.62385321101
NKASVGQEQPA,963.7385321100918
PPEFDALSG,1634.0963302752293
NSGEAQGWNKH,2006.2293577981652
ELGNPHQRLS,2849.077981651376
DKLEFWDG,4237.270642201835
YEKDNVFEPY,6940.692660550459
RKQGLYWVLSG,9159.908256880733
FVFQDSEPNKH,3089.935779816514
SLGDVYLS,8106.137614678899
ELFSNDYDG,5295.247706422018
RLQKLRSNKV,1443.4174311926606
NAEGEDVWKV,1983.651376146789
RVSGAQPASGG,1499.8302752293578
AWVLVGRDVS,15984.073394495414
VNLEWNLRG,8419.146788990825
PSFVHVGWS,17182.853211009173
NQPNWKEPDVG,1830.8853211009175
PLFAALFPYNSG,25528.26605504587
NEAFVNAG,3458.0137614678897
DSAYHLPYNKA,3005.646788990826
RSPKYWHQNKHS,2268.5412844036696
HRPLVAWHDV,7258.5091743119265
AEALHRPNKLG,2661.7752293577983
YSWVPVRNV,10812.550458715596
WAAVHLG,10664.371559633028
DFLYNRHG,6076.211009174312
GAGQQLSG,1349.7431192660551
KHNQPVSFVSG,4153.98623853211
KYAPNANLS,2076.3669724770643
AEGNGDSG,1033.0642201834862
AFNNQKHVAG,2255.3440366972477
DVQWLWLRNKDG,9046.52752293578
HEQFRPDYAG,4934.733944954129
FANLNGKVL,4761.298165137615
DYRKPYALG,4323.137614678899
SEFGNSG,2133.3119266055046
YREFHGQALSG,4456.431192660551
SHSQENNSG,1092.0183486238532
LWDSGKQRVL,4517.802752293578
RWSFNLRLRHVS,17138.66513761468
DARKYDFWNH,5108.256880733945
GPWGHVNDV,3716.967889908257
DWAQYFWSG,18614.619266055044
RFNAWHRWHA,13192.40366972477
WDQQSGPYKVL,8448.41743119266
NDFFPNAPVG,5109.059633027523
ARHVRPGPNHLG,4097.4908256880735
ELSSFVGQENDL,2463.7844036697247
QGQKDKGFRVLS,2227.683486238532
PNGWSHVREYDL,11557.637614678899
DGDPLGYWKAG,3478.330275229358
LELFWDKHDA,6369.206422018348
EGDYAFNG,2946.4449541284403
LGHYYKSG,4052.7477064220184
EWHKYWHFKV,9323.04128440367
LWHHVNKLSG,4632.747706422018
HWYDRLS,9758.344036697248
RVGQLQWHQPVS,6286.105504587156
YYANAFRPWVS,13850.853211009175
FHPADVAFVLS,28215.738532110092
KKGFDVVSG,1594.1422018348624
KWLGDRLSG,3710.3119266055046
VRRQHDVAG,1940.211009174312
SPDKVKLG,1116.1880733944954
EYKWARWNEYNL,12725.54128440367
VWNRKQPWKV,4378.353211009175
ANVFDEHVA,3046.183486238532
ELDSFDLFVL,29591.74770642202
HQSNLVLG,3632.8853211009173
SFNSAYNHDVG,3739.321100917431
QEQLNDSRHDS,1340.5183486238532
EDPSYLWVLG,11129.087155963303
SDFWHRSG,5696.431192660551
ELKDEQRKLS,875.2706422018349
FAYAWNQFNHL,15376.288990825688
YEPQAEWNS,2723.238532110092
NKWQPLKASG,2382.798165137615
VQHPVFHDSG,4393.628440366972
RQQQRHLSG,2222.853211009174
RFPKFDLNHD,4287.192660550459
GRLREHVEHAL,3589.967889908257
VLYEKREHVA,2231.6100917431195
NGVDREVAG,1278.8853211009175
LENFSYWALG,15184.11009174312
PHPRKSYKHVS,1687.454128440367
HVAEHRDQFAL,6408.5091743119265
HPNRWGRDVAS,3205.7752293577983
QAEFESYDG,3347.435779816514
SEFWNQWKHA,5617.357798165138
YWAGPYQEWAQY,14098.01376146789
NLEEFPNKHDA,2111.4495412844035
VLERPWNNAL,9425.949541284404
FRKHDHFRKEA,1584.045871559633
NKDFKVSLWAL,9489.555045871559
LSQDLKAEDG,1048.5779816513761
GHHLDSG,2287.4495412844035
PNLELVLREVA,32804.29816513762
PAPEDGWHLG,3007.706422018349
HLQLPYSEYD,12686.756880733945
RKVKVGHAWHG,3292.3715596330276
REPLNAYNDLFW,18672.963302752294
RYVWLSGHLEYL,31114.311926605504
HQAQNRVALG,2525.701834862385
QRQKEVSRPS,1057.1743119266055
WWYHWVLSG,17149.032110091743
ADLNNKHDS,1254.3853211009175
RPNKKREKAFPK,772.4449541284404
KPPWKEALG,1274.380733944954
QVDHPYLG,4200.614678899083
AYVNNHALSG,3605.97247706422
NFYNAYWKRWV,13016.908256880733
FKLGLGASWDVA,7007.48623853211
DKLWKRAG,1812.151376146789
LENDNRHVSG,2248.8669724770643
VNQAALS,1631.6100917431193
WGLHRKAG,4151.44495412844
QKVHYLSFYND,11885.885321100917
KEDEWRKVAS,1646.0963302752293
NSLSALQRKAG,2261.3990825688074
FHQGALFRKS,5459.027522935779
DGVKSWHG,2429.651376146789
DVASQKPGWNLG,2442.940366972477
WLSRNFPKVLNK,6695.325688073394
NKYHSYANVG,3390.967889908257
RLESAQWNHG,4583.119266055046
WNNEWNEWLG,14366.142201834862
LDFEWYHLG,12261.61009174312
GRREKDNSG,954.151376146789
AHQFDHVASG,2417.9633027522937
SRHEHENHDSG,1380.3532110091744
GYHDGHDSEKHV,1719.426605504587
RKSPEPDQRA,912.9311926605504
QKSNNLQEHAL,1350.5229357798164
LFHQYLEVG,10009.752293577982
QRRLLGYLSG,8416.802752293577
LQNSGSKLG,1745.711009174312
KWLSSYSG,5305.821100917431
EQNGSNDAL,967.3348623853211
WQADNVALG,4069.4174311926604
LAYAHALSG,4879.05504587156
KYQWGEDVSG,2297.206422018349
RHWHRPDHDLS,4335.380733944954
PKNWKFPKA,1605.105504587156
EGFFSQRPNDL,5326.321100917431
VEWVGKVYWNKG,7008.853211009175
YRNQKRPYNS,3487.2798165137615
EVWWNVQRDA,6514.3302752293575
PGFNFLSYHV,20225.633027522937
LHFHWSG,10017.802752293577
AHFLPALSG,5846.188073394495
QYWVPGAGFVL,24395.261467889908
PRNFYQRPNL,8412.38990825688
WNRPVSEWLWD,18353.57339449541
SPAYHPDVA,1888.2844036697247
YNNWEKASG,2336.1743119266057
AEHFKKHSG,1478.7568807339449
NEDRGPKG,1179.3302752293578
RFHNAEKDVA,1510.3899082568807
QLWHARLFNHG,10642.866972477064
AKHFGRVAG,2478.729357798165
LWARFPDVS,8328.440366972478
QDFAWDVQRPD,3967.0733944954127
DKAERYDVALG,1291.8165137614678
LGLEDRWNAL,5537.252293577982
KHAWQEYWHFRH,11563.54128440367
GQFHRHLALG,7056.51376146789
ENRHKVQPHS,1502.6376146788991
RLGNLKHSGAS,1895.6880733944954
GQRSGLDALSG,1782.6376146788991
EKDNKVKLPNKL,855.4633027522935
DFRVQEKQDAG,1112.0091743119267
WLVWQHLSG,13337.201834862386
RVSWFDAGFVS,21125.467889908257
GLNKRLSG,1951.0825688073394
QGWESPYDVG,4316.238532110092
VSPSWSREHDA,1790.3761467889908
RSSGESYKSG,1088.8853211009175
SHGSELSG,1087.4724770642201
PRLQPSNVLS,2502.229357798165
DWDAYSDVAS,3349.2247706422017
FWHNPWNVYKDG,8450.504587155963
SWWAQPWNDVS,7138.628440366972
AGYKLSDLNK,1718.3165137614678
SNFYDNLSG,4104.747706422018
PLRKKAEWHDV,2003.7660550458716
SYFYYNAG,4532.068807339449
SHVWPWKHDA,5220.376146788991
DKLAHVG,1187.151376146789
VGWDHVEPHVL,6537.6100917431195
GYNFHGPYNHDG,5888.027522935779
VFDYPLSG,5316.651376146789
PFDRQEAS,1783.165137614679
FVPQLSFPYW,24140.036697247706
PSEYRDAEYWL,12306.362385321101
HPSVDALSG,1607.5825688073394
QLPPKAPYKHA,1762.5366972477063
SGPDAEWAWAL,6053.788990825688
FFYHPGYWG,9765.967889908257
FAKFSNHDA,2648.5045871559632
DEQKRVG,953.2155963302753
LRYEALQEPDLG,3345.605504587156
YGWKPYNANKS,3341.729357798165
YWGNLPKQWHV,9508.894495412844
PQDERYVG,2165.729357798165
NSSSYVSG,1610.6422018348624
PWESSGYWNKG,5926.238532110092
NYALGPLEG,3685.3669724770643
KVNLDQYKDVL,2073.3119266055046
PNQLAEPWKDA,2117.4266055045873
KWKFPEYNKVL,3488.6651376146788
EAKRDGKVLS,962.3348623853211
QSHEQREASG,814.9495412844037
WEKKSPVAL,3268.2844036697247
DVVRLFYWNDL,36546.96788990826
ENSDGQFEVSSG,2475.8348623853212
VNEHAKLG,1116.3761467889908
QNWWRWLG,19337.01376146789
KQPGDEYHVA,1450.619266055046
HQSPVFLG,8237.284403669724
FPPAFKQEKAL,1800.8899082568807
PEPAKHAQNKVA,801.9082568807339
VQDREQENDVAS,969.9449541284404
HRGDFHLG,4358.362385321101
PFDVLGLPKDG,4227.633027522936
YFQAASG,2427.564220183486
RPLNKSKRPYS,2069.4266055045873
NRNQAEPWHAL,5700.940366972477
ADEWVLNDAG,3142.7155963302753
FREHRKRVPDV,1684.894495412844
KHGKHQSENHD,950.8256880733945
SQEVEDRHS,1200.1146788990825
NPNHFVWVAS,15038.788990825688
WSFHWHSDLS,13405.90366972477
QNQYVWVQYDS,25091.344036697246
AEPGPSNVASG,1180.3211009174313
NAHHLQDLS,2617.183486238532
NFRNEQPKLS,2198.3073394495414
HWRNVFLSG,16357.270642201835
SASHVWALS,6442.022935779816
AYQNVHDS,2325.848623853211
EPLSSWASQYWN,10496.284403669724
SNVHWSG,4500.261467889908
HLGPANVGWG,5196.344036697248
FQVFDLREH,11230.688073394496
DEKKLEWKDS,936.1880733944954
WLHNKQWKH,4450.59633027523
LQPEKPHVAS,1431.5642201834862
YPDWPWALG,16172.477064220184
FQAEGQNLG,2056.4036697247707
DFRKVFDFWH,12617.844036697248
PEWRLWNLS,15640.073394495414
LKRSNVSG,1453.5183486238532
HDFFQFRPKG,5226.876146788991
PNVGFLAYVLS,35136.6743119266
WFLRLRKLSG,11584.11009174312
FSSQGEAG,1668.8623853211009
WRSGDNHVA,3483.197247706422
EVKNSEPNALS,775.2614678899082
VRPDDGENASG,1112.091743119266
YVFQVGFEK,13661.949541284404
GFPFAGEPK,2283.4036697247707
KENHGHRVSG,1996.5
NFSHVYVALS,30012.697247706423
DKGLWALSG,3586.380733944954
HYKLHFEPYS,10543.169724770642
DVYHVARESFKV,6170.527522935779
NEWYNPYKDV,7028.605504587156
WLELASFPNKAL,14750.963302752294
KSHGGQREPKV,1070.848623853211
YWKEFASPHDG,4644.715596330275
DRFRDFPND,3933.321100917431
YHEDEDGFYHL,11024.229357798165
HGLGQDVDVG,2065.8853211009173
FNYWRNALRKHA,5893.266055045871
LEHPQYLSG,5427.95871559633
WSQNAPQYNKA,3031.087155963303
NFLWSWVSG,16192.52752293578
KWEAPSG,1718.894495412844
FVPNLQFKGEYK,4282.628440366972
WYQNRPLS,8579.463302752294
ASRNADSGRY,3137.4816513761466
EEWHVQGYKL,7833.9908256880735
SVLWQWVA,19278.880733944956
REWWFEVGNKG,8135.1100917431195
SHQWWNLSG,8712.798165137614
VYQDAFALSG,5951.834862385321
ADYNLKG,1771.7935779816514
WGADQWHASG,6459.660550458716
KAHLLYKHVAG,3600.0091743119265
PHQPGDSGEYA,1506.0688073394494
ELVGLSPWNG,5907.04128440367
HRDALAGVG,2441.412844036697
NRWQWRWVAS,16287.412844036697
KNHVHSEWVAG,2698.8073394495414
EDNWKQYNHVG,2771.4266055045873
HQSFDYAS,4600.784403669725
SPDSLNHAL,2054.954128440367
FFWHNVAQAS,4462.912844036698
KSAHHDG,1262.197247706422
HAKWRVLG,5227.688073394495
VWRWDNALG,11519.422018348623
QLGSHVAYWA,14352.325688073395
PSVWEWKHDAG,3863.302752293578
QESKRNQPYWA,4467.105504587156
QQFASEHRHVS,2814.119266055046
AVGNSVSG,1292.4128440366972
YVQRQYSGYV,11712.697247706423
RLEKDHAHAL,2504.353211009174
FPHWVAEHSEH,3758.9908256880735
HGEARDEVLSG,1604.7155963302753
NWKYKQYWHS,7212.844036697248
YAHYVYNHAS,6811.467889908256
ESKGVLQPHVL,2620.362385321101
KGRNHFVAPSG,2713.119266055046
FHYSRHVFNKDV,5394.857798165138
DVDLKDLKHALS,1579.7155963302753
FRVVSGQPDGP,4223.9495412844035
RNPYEKHSKD,1291.7201834862385
PKVVVGYKHDL,5257.036697247707
GLSKDYLSG,2210.9770642201834
WLGEDEDLPKHL,4419.215596330275
PVLPSWKDGHA,2821.1605504587155
GDEFRDALSG,1965.6559633027523
HGKHASVHAS,1460.1926605504586
HDNRDAWDLS,4883.844036697248
WWYQVSG,10323.275229357798
WDSWFEYGHDAS,13918.059633027522
WAKADFPVL,8715.151376146789
YWELKDQWKA,5003.311926605505
QDSQDVFSGRPY,5438.307339449541
GHVYLEKHSG,3685.6559633027523
GSGFRQRDASG,2933.5183486238534
KPNPNRPYNL,3412.9908256880735
PRQQPNHALSG,2417.9495412844035
VYYLHDLS,11597.811926605504
DDLGLNLSG,2505.3119266055046
KQWWWKLSG,7340.678899082569
ENKGELGALPDS,1266.926605504587
EFKELFWG,6563.293577981652
DLQFFYDLHAS,25462.545871559632
AGAFWDQPKDL,4398.385321100917
YAEKKHPWNKL,2643.678899082569
WHLFNQRGENAG,3694.0183486238534
LHSAKDL,1748.366972477064
DHNGESG,1111.5688073394494
DLAHLFDLG,7472.628440366972
HQSYVLNHVA,6113.692660550459
DAKGHQKVAS,965.5550458715596
ADFPKQFSG,2480.1146788990827
PNHDASNQPHVQ,1831.4954128440368
NWENPVG,3950.9449541284403
ADYDAFG,3470.261467889908
VYQERWLSG,6731.577981651376
KHKDKHPWNL,2007.8532110091744
LYYRHVLG,8025.178899082569
QWDFRGEYLEY,22504.495412844037
HNAYAWKDLS,4378.972477064221
LPDWKPKHVAS,1975.2018348623853
ASYVFDRPYN,13133.58256880734
LSVKYHS,3601.435779816514
QSWQASPNVG,2847.4587155963304
QEPQSGEKWNSG,1052.408256880734
LKNHQRYNHDL,3926.5366972477063
RNYLDKDVLS,3078.954128440367
PSEEYKAGVG,1471.2155963302753
YNKHPNSGKLSP,1424.7201834862385
WKNWHLPYNDA,8651.064220183487
KDSGNGQENSFD,1814.3715596330276
YVVLSFFWHDV,39464.94495412844
SVRDLRLS,5602.857798165138
ADNVSWG,3417.5045871559632
LENWREHSG,3899.5412844036696
SPSLFRLS,7165.151376146789
PQWWYAG,19133.20642201835
GFFPPYNKDA,5695.8302752293575
YPSHKHDALG,2313.9770642201834
WLRDWARNVAG,8098.40366972477
RKVPFPKKHVL,1617.6467889908256
PSNPVLKVAS,2363.935779816514
EVNWGKDVAS,1615.4220183486239
KLDWQEVSG,2269.0366972477063
VYLRQYLG,10692.844036697248
KHRSWGPHDS,3312.97247706422
ESRYLRQRYKV,4693.660550458716
WSQFWHFLFWVA,23462.509174311926
FLQQPALRHV,8416.128440366972
VWEKANSG,1750.4449541284403
HPLLHAG,3182.47247706422
DKESKHG,614.1926605504588
QHHRRPNDVAS,1702.6880733944954
RQSWVEVSG,3237.261467889908
RWYGGQPYDLG,13289.279816513761
ALPVAKDFKVA,1452.7844036697247
SPNWDHVG,3224.954128440367
KPQSPALS,968.8256880733945
WASQPSRWKRAL,6442.692660550459
NNQGPVASG,1643.2385321100917
FSDRFEYHDL,10052.394495412844
YVFAGNHSPHD,5680.706422018348
PWDGWGRREPYS,13751.02752293578
RVPAAGRWHL,7011.793577981652
KKWNQDG,1423.6880733944954
LFGAFYHLG,9510.798165137614
NPVYARAG,4185.417431192661
RHKAVALYLG,11928.325688073395
DVEHPWNAGYV,10439.298165137614
GAEVDVG,1181.6100917431193
FSRRKLPHDAG,2570.059633027523
VERLPNKHSG,1745.2614678899083
FGFRDSHQKL,3992.3394495412845
GLWQFALS,21067.532110091743
FGDNENHG,2429.5137614678897
LPVDLPKDAG,1240.5825688073394
WKRFLGPYNA,9354.077981651377
RLEQQEYWNHDV,5389.252293577982
VARDSPFRNHDA,2837.5137614678897
PQAYWGYS,12280.747706422018
PVDSELWNHV,3784.9449541284403
NDDRRPVAL,3770.798165137615
KAVNHLPS,1880.8899082568807
GWEAQFYHVLS,23803.23394495413
HQRYVYLNDAL,21239.110091743118
PYKSRYVQKVV,4101.972477064221
AWFLFPNKHLG,14516.93119266055
RSHKYDSG,1792.302752293578
HQWLGFVHDS,15076.311926605504
DQWEFYNHDVA,6461.899082568807
EFFFPKDVAS,5614.518348623853
LFRWQRAFRYG,15889.165137614678
AHFEHKLSG,1984.7706422018348
GSLGFVG,5408.146788990825
PYRKDRRPYDSG,3431.798165137615
RQWYNQFYNKDS,6534.848623853211
KNVDRDG,1185.9770642201836
LNQEHYHL,5288.876146788991
WAHYNKQPKA,2642.3577981651374
HPRDRYHLSG,3355.454128440367
REAAYKHRYNH,2837.8577981651374
HYNLVPWALSG,12895.816513761469
KYGGELG,1531.1284403669724
SNQAELSG,1231.0504587155963
RKNVDFRPKHS,1313.2752293577983
PGQYHENGWVSG,4435.431192660551
RHYRQFYWNLS,13477.954128440368
FENVLASFKLKD,9494.233944954129
EVRYFRPKSYWN,10313.165137614678
HQQFYWSRPNVA,8618.802752293577
PQYKPKEWHV,2480.087155963303
ANSPFWLSG,7757.311926605505
NLHANDYWNAS,4995.220183486239
WGKGNLSFVL,21079.19266055046
VAYRQYWNKA,5239.073394495413
YAHENPNG,1889.2201834862385
GERQRYG,3148.9495412844035
EKRPVHGRPWG,3127.5412844036696
YHKEAREYNKL,1955.880733944954
ESWLYGFPLSG,17533.160550458717
YAGFEELQYWNG,15703.252293577982
WGRLGKHSRALG,5056.018348623853
QEKASQLLFEKG,1978.0091743119267
WFLFPYFHVLG,10638.160550458715
KSWPQHALS,2687.105504587156
KESKDKVAG,563.9220183486239
AHQEGKSG,598.605504587156
FNVNREVEYKSG,2277.7844036697247
FFERGRNDS,2954.4311926605506
FALGWFNAFN,14705.188073394496
SHYNQDVALS,2553.8073394495414
RVFVKLGENAL,9904.08256880734
AEQQALS,1504.6743119266055
AHRVLKHAL,3695.1146788990827
FNLLYVSWNL,30172.009174311926
FQNLGVQYLS,10664.940366972478
NSLPSQPYWD,8954.275229357798
LGNYVQWKHL,7540.775229357798
EGLQKEPWHAS,1507.4357798165138
KSREEARKLG,823.0321100917431
SEEGQVLG,1137.5779816513761
VRRKVNG,1123.8532110091744
HDQYYVLEDA,8627.866972477064
WHAAKDGNKHDL,1689.5871559633028
PHLGPFNKKA,1429.697247706422
RKWRQENDV,1490.5550458715597
HDGEGPVYSG,3175.238532110092
LALALVLG,25826.825688073393
QWWHKLKDLG,4611.752293577982
GRKDFKVFNV,3364.3119266055046
QYDNFYHENHL,7763.220183486239
PQYKEGEPVG,1151.0275229357799
NVDWDSRDAL,3970.908256880734
WLPRRWKVS,6614.779816513761
AWHRHFPYWNA,13444.032110091743
DLGEYREAGRDL,3107.394495412844
RFVQDQWHDVL,8406.385321100917
GAEKFASG,1012.7293577981651
WRYRPGYWKVAL,15267.766055045871
PAAFYAWL,28587.201834862386
EGDPHLPDAL,1906.9908256880733
DEWGAGKHLS,2607.087155963303
LVSGSRALSG,2641.146788990826
HPNDYQFWG,8288.701834862386
FFAEYGEYHG,7671.568807339449
GFYADLQEYNAS,6969.3899082568805
RYWLLYKDRVLS,15396.58256880734
QKFWEWNDVAQY,9713.073394495414
QNALNVSKGEDS,1028.1100917431193
DEVFDGEPYKAS,2230.1284403669724
RDYWNAVQYHDV,8571.977064220184
HLPRFPHDG,4475.426605504587
EQWFARYWKHS,9035.01376146789
ELLQAPASG,1506.3899082568807
AENGFYEWKHL,8995.88990825688
NSWGESQEDV,1624.8211009174313
QGFQKHWLG,5784.779816513761
QDEYYGEPWKDA,3817.880733944954
HQLNYWLSG,9587.449541284404
RKEKGNVGENL,907.9128440366973
QAVNQWDASG,2202.2844036697247
SHLEYVPSG,3280.876146788991
VKANLVLS,3461.4036697247707
GNPNKNSG,1121.880733944954
WYQPPKASG,3141.8440366972477
LPSFHLKHDL,5850.527522935779
DDREGYWA,4748.04128440367
RADLYRWSG,7680.802752293578
HWQAQWG,7844.522935779816
EGKGVGPAL,1260.5504587155963
RPFFQRNSG,7067.899082568807
FWQPGWAFPHS,16953.545871559632
YVLHQFRPHRED,4508.334862385321
PHANWDRPDAS,2716.229357798165
WNLSYRPGEPD,4735.724770642202
LRRHVRLG,4588.463302752293
RFWAHRYNDG,8819.440366972478
GYSFHKDVL,5225.665137614679
FFVHQPKSG,3038.353211009174
SQGLQYAG,2672.5091743119265
RAAKHSPYWDVG,4893.027522935779
RDWEYVVALS,29475.79357798165
DFHKGKVASG,1512.0642201834862
WFLPSRSG,7603.866972477064
RSEFHSQEDVL,2504.766055045872
GARNHHG,2368.4036697247707
EWHPRKLPHSG,2836.0412844036696
SDLFYLFEWHDA,18901.798165137614
PHDRGFNSDLG,3614.6743119266057
YDQHEPNWLS,6683.692660550459
SQDGGRYWNS,5376.481651376147
AFFLQRLG,16546.47247706422
SFAGRLSEPDA,2473.4036697247707
EPWYEPDSNAS,3860.422018348624
NDDWRKDG,2229.697247706422
VFEEFHDLG,8208.224770642202
PHENAQESQKH,1096.3165137614678
PVDEGYKVAG,1893.697247706422
ESRAHLSPAG,1691.348623853211
REHSHFEWSLS,7379.307339449541
PFLSVLSVL,42828.4128440367
WDGDAKSPASG,1914.7981651376147
LQNEHDRPWAS,4067.3715596330276
RDWNEDARWN,5701.0091743119265
QPQNFEKFALS,4250.032110091744
WDGLPWARVA,17605.376146788993
FNRWYWARHAG,11824.229357798165
LNFKQFWKHDL,7323.912844036698
GYYSRWASG,8278.334862385322
HYVLEVGRWKG,11306.711009174312
VPAANHS,1403.2064220183486
VNLFLYHG,20704.715596330276
FWWNNVQEYDSG,8119.766055045871
DWGPKEKSG,1194.454128440367
LSHFQFKLSG,8831.146788990825
WHYGKHPKDA,2368.2247706422017
FFHYVQPWNVL,18306.674311926607
SNVSLKASG,2126.243119266055
LQHHGQNLSG,2358.0137614678897
HQSGQPDRNVL,2310.6146788990827
EHPVKALQEYN,1580.8761467889908
GPQHWDLSG,3355.380733944954
PPKHFLGNVSG,2332.8990825688074
WWPRNHG,9354.467889908257
FLLAGQDSG,3506.9908256880735
VLPYLEPLSPYK,9319.366972477064
DALNVQYWASQN,7453.940366972477
LRKFLRAG,4620.536697247707
WSFGAGFNSG,8643.380733944954
NSQEDLLSRN,2203.9449541284403
ANFYDWAG,10249.059633027522
RFYFGPNG,9618.142201834862
LGAGFAQNVA,3242.9770642201834
AKQNKQVALSG,960.816513761468
RHWAVFKHDLS,8530.490825688074
WNYSNAFDG,9142.321100917432
SKLRHEHALS,2232.087155963303
YVNSKHASDAL,2101.8990825688074
GVLFLKALSG,24428.06880733945
KAGVPNHFYW,13224.98623853211
KLYLYNPWG,17944.105504587154
NVGQHDFFEPNH,5333.3302752293575
RHAGHKHQRNV,1922.105504587156
LPQHHLSG,2700.316513761468
EEKLLKDG,954.9082568807339
KSKSDFKHDL,1071.9724770642201
WWVVRLG,34264.44495412844
HYHKKASG,1539.0825688073394
EQPVEYHYWVAL,11232.91743119266
SEYAWKQNKHS,2284.7155963302753
QPASWFEDPKDA,3765.0183486238534
FQALKHPYSG,5309.798165137615
FKPPWNSDG,3181.678899082569
RDLVVALRKHD,9116.743119266055
LQRPPEKDALG,1243.2798165137615
ERVDRDLG,1588.6559633027523
VSWKESWNDAS,2402.729357798165
ALYVFLEHG,38987.564220183485
QRSGGVWNKV,3338.876146788991
QRRYQAREPWV,7770.614678899083
PARLYLQYKVLS,29324.628440366974
HNKFPHLSYKHV,5433.022935779816
QDQDSPFNVL,3039.9495412844035
QDDPREDLS,1092.7155963302753
KLEYRWKGNS,2614.669724770642
YKEPFWNKFRHL,8324.353211009175
FREDHDRLEHDS,1981.0688073394494
EDYSNHYAG,3080.440366972477
YPGYRDG,4816.527522935779
FFKQYVQFPNL,13564.055045871559
KFNDDNHDLS,1972.6238532110092
DHDLWYHLSG,9992.848623853211
FQWNVHFWDVL,32362.38532110092
RLKEENAL,1450.894495412844
SWNDNARYD,7220.059633027523
FHWQLQAG,7136.142201834862
FPVNPWNFYWG,34198.550458715596
VRVKEPLG,1762.880733944954
FYYDDVSQVG,4352.495412844037
GVAQGPDG,1474.7018348623853
KEAEGQRYHAG,1861.98623853211
YAKERENKHSG,1093.8761467889908
RLAHVQRYWK,6525.082568807339
SDVEHWSG,2809.137614678899
AFYRWGFYKV,16437.903669724772
LPVFENPAS,2837.954128440367
EKADQEKFKDAS,659.1467889908257
RGGDSFSG,2444.9770642201834
QKYFDLQRAG,4214.325688073394
WSELVQKHVAL,11295.252293577982
PVEVYEYDAS,10201.394495412844
NWVDFHSG,9498.119266055046
PRHWWHG,10618.995412844037
KLRHFKLNVAG,3353.3256880733943
RRNENGQRKDL,1388.7385321100917
YSDNYLG,4147.366972477064
VPPAYHAS,2130.0550458715597
KQAQPAGAL,1298.51376146789
WERDEVLSG,5133.344036697248
RHSEGQYVGQA,3559.7155963302753
QFEWDYVWVAW,36762.3256880734
YQSNPYLG,7673.839449541284
DGFNASAGPDG,2414.211009174312
NWHRYFWSG,16179.495412844037
KVPKRYKEPHVG,1450.8715596330276
ASNLFHGFPKA,5701.481651376147
LKKLPVSG,1466.6880733944954
GKGFDREG,1359.2568807339449
WRSHENSG,2922.348623853211
RRFYAEG,5068.724770642202
WAYEVQFPDA,14791.426605504586
RSDGNDGKDVG,1162.9220183486239
FPFWHQLRNHV,13960.674311926605
HGFLDRPWNH,12049.08256880734
WLQQHDVHDVS,4161.105504587156
RGYFSWKVAS,6883.481651376147
QEHAEDGPNDSK,844.1100917431193
WFHRNYKHDV,6624.963302752293
HQVVDSG,1571.9174311926606
VFEAAQFNKHLS,6310.51376146789
NYKSKENDLG,1161.045871559633
ASFWFEDLPDA,9659.330275229358
PAEHLFSYNDVS,8206.747706422018
HNVRHDFVS,5233.073394495413
KKENPAS,665.045871559633
YDWKGKVWHG,4590.738532110092
FKQWQHALEN,3414.9449541284403
DRAQPQFRWVS,9428.284403669724
RYQGNHSWHL,10157.211009174312
GPNFFDALS,6840.123853211009
KQWSQRGRNHDA,2585.7201834862385
KVARANSFEWA,4950.522935779816
RHVKKHLNDVL,1953.0963302752293
GFEKQNGQFHG,4000.380733944954
WVSYFKASRA,11077.229357798165
DEQYNRHVS,2663.830275229358
YAAKGKLSG,1790.5045871559632
YGWQNLFRKHDV,7441.545871559633
KSQHRWVSHV,4592.605504587156
YYEHENSG,2568.5137614678897
HGYDEDKDAG,1434.834862385321
WYFVSRDLS,15196.844036697248
RYAARPNARPNG,4109.646788990825
YGNGGYWLS,12080.357798165138
RPFKFYNQFYND,16205.880733944954
SGQYAPVFWNV,18294.633027522937
LQNFHQEPYWD,15605.628440366972
HADYLSHDV,3428.206422018349
VSYNLQKPYNKS,3257.123853211009
WGLAQYVSG,10951.642201834862
QPADEYWLYL,24087.339449541283
HASPYVRKHGED,1780.348623853211
GAVLWSG,7691.981651376147
QQHLQEGFPDSG,2331.2752293577983
HAHAKQWKHV,2721.678899082569
VKRDNHVAS,1281.3532110091744
WVNNGFREHLG,8123.09633027523
WYVKYKG,6577.793577981652
HQSPFLSG,4421.628440366972
GPNPNPYNDVG,2441.0183486238534
GPYHGYDSKD,2663.137614678899
YNERENFNG,3240.940366972477
PSAEWRYKDLG,3524.0091743119265
QAEQHLSQHS,1893.5504587155963
RNQARASQPW,5737.747706422018
GEWQYQRYWKL,15908.52752293578
NWDKKHLG,2585.1880733944954
QQVRGQKAS,1267.8715596330276
RGAEKDQFES,1010.9357798165138
KGKGARPYDG,1800.0045871559632
PAWYRWDALG,17956.110091743118
EEKPWRPWNH,6322.839449541284
LGSDDVALSG,1740.9357798165138
SPKRAQHDAG,1093.6146788990825
YHWKESYWG,7926.4908256880735
LWDRVWAG,12088.19266055046
YLAFWSEPWAL,31288.0
WSPQQNHAG,2664.211009174312
YPSKGNALG,1634.7339449541284
ESSRALSGQPY,2999.0825688073396
KVSLRLSFYDV,32842.25688073395
RKGWSDQPYHG,5372.922018348624
QFRFFYKRNHV,11540.80733944954
ANKRYQYG,3033.197247706422
HRKNRNDG,1184.5504587155963
HHWEVSG,4053.0412844036696
RFYNKYARWNKL,5721.995412844037
PHNQHFWHVA,8659.724770642202
NGYGWKVWLS,18735.32110091743
KAPHVGFGPYD,6679.775229357798
VLWSGEAPKA,2546.4311926605506
FFQAWNLG,8361.02752293578
NKQEHFEWAAG,3231.5504587155965
NRDSYVLRDV,5823.284403669725
FLNFKDEPNA,2193.119266055046
YQGENNASG,1262.880733944954
PEKWKKDAS,901.3899082568807
DWVLEAPWV,15458.577981651377
HNFESYSG,4181.779816513761
VNSRKPHVLG,2188.3899082568805
KRDRLEVL,1576.0229357798164
RYRVQELFEHVS,6738.422018348624
PEVERVALG,2256.422018348624
QSPSLGPYWHA,6501.495412844037
WSYQGQYWNHVL,15725.51376146789
RYRHHVSAG,4148.591743119266
LNHARFDAL,6701.339449541284
FFVLQSQVLS,20237.454128440368
QKSPQEYQENH,1196.3211009174313
DLPDDGRHALS,2034.0229357798164
HPFFDALS,7694.9908256880735
YVKNPDLG,1885.7798165137615
YWDNDAHQNAS,2483.091743119266
VYVKRPSG,2686.3348623853212
EQRLPWVAAG,4185.027522935779
QPPHHVLEYHD,4769.701834862385
KYDNGWDAG,2936.7752293577983
QFAYWVFEVSFN,53477.85321100918
NGEDAEDSRKAL,1243.3165137614678
WVRQDAPYHV,9135.990825688074
GFGLKHG,3138.2798165137615
PRFPNRSG,2565.683486238532
GELKFRLS,7038.302752293578
EAVPRKAG,847.2706422018349
QVYPKLRYWLS,13142.504587155963
PWEDVQLPVS,6620.311926605505
YPFANHDALG,4262.316513761468
GHNSPHLSG,1713.5275229357799
EDNEREVLSG,1026.6788990825687
NNVPNEPYK,1231.8990825688074
QEHPPHREPS,782.9587155963303
RSEPLEPDEWKH,1447.4724770642201
WASHDEKEPAL,1299.1697247706422
SFGLDAG,2392.940366972477
RLPKWADVALS,3127.2201834862385
NPGGNSG,864.302752293578
LFQPEWSG,5459.908256880734
EDANHLGNDAYW,5953.022935779816
PKWKVEDNHV,1363.0
VNGRNFWLSG,8139.293577981652
HYWVVQDASG,5300.706422018348
NHFGYGKSG,2659.256880733945
EPPQYDVRNK,1057.0045871559632
HQLPGFSG,3844.4816513761466
YPYNVWLPHLS,18096.146788990827
DEEFWAG,3456.064220183486
QASVAELQFNV,6410.357798165138
KRRVEPG,896.802752293578
PPWNNGRWHDS,5754.6697247706425
FKPSNVRPYNHD,3431.2752293577983
WKADKDSQPYA,1938.7385321100917
YFLFQEWSG,13005.697247706423
GERHLKG,1538.7064220183486
DRHQRDEYWHDV,4627.798165137615
QSGLNREYG,2581.853211009174
FEAYDQFNEYNS,7295.715596330275
VKKHNVAL,1297.8623853211009
EVKQEYGKS,777.4633027522935
EADYGNDLSG,1443.4357798165138
SEPGVQRDAS,1055.894495412844
DGPGWARAG,2813.261467889908
SERQEDLSG,1207.2018348623853
VLWDHAFRPAL,14383.201834862386
KNKQGKDG,689.5917431192661
WGSSEYG,5097.655963302752
AWRASVLSG,6392.334862385321
NHAGFAQRARH,5152.55504587156
NLNKYKSRKA,1297.5825688073394
VLWPNFKVSG,8515.38990825688
FFNGDFPWNDSG,7568.600917431193
LWLRYSGHVLG,14304.146788990825
DWHFYKFENLSG,9417.775229357798
GQRYPALYNKDV,4206.371559633028
QFVKGQRAQDV,1979.4633027522937
DARRGEWLG,3625.8899082568805
RRDRKAQDVG,1000.045871559633
QGDGPNYWNDS,3626.0733944954127
HFAQLENLSG,3335.545871559633
QWLAPKAFPNL,10491.954128440368
PFRAHDDALS,3766.8990825688074
DYFADLSG,4912.8302752293575
AGFVQDEWVLG,7663.816513761468
LGAYSQLG,4123.747706422018
SHHSKAG,1167.4036697247707
EWNGEKRKVGYD,2495.605504587156
EQALVPWNKSG,1783.7981651376147
KQSRQFHAG,2076.2201834862385
GNANYNLSG,2615.559633027523
AHDLDNALG,2004.5871559633028
YPAGYSRPDVG,3157.376146788991
HYYDHLSG,5846.128440366972
PQFDFLFEYKH,29937.050458715596
QSERVARPYLS,6874.752293577982
APSVAHSG,1136.467889908257
WQHLEFRNLSG,10990.940366972478
HWDRLPDVLG,7190.766055045871
YKQYFWNVPNAL,10229.949541284404
PEAVDVG,1376.619266055046
LNGRFNAL,6995.6697247706425
FDHEKYNHDS,2258.6330275229357
AWAVFWDVAL,37667.05504587156
RFDVGYQYWKA,10605.821100917432
DFKHVDLYWVG,15076.055045871559
HWRVQHLSG,6566.339449541284
VWLKPLG,7904.761467889908
YNSLPNHVQHL,5281.545871559633
ERYPWDFDV,12529.729357798165
KLRKAFRSKDA,1185.9954128440368
WAPGHLQFKAL,12303.091743119267
WPFVFYSG,48751.10091743119
RKLPWLNKHDRN,3215.619266055046
QFHAGRGHAPV,3867.9266055045873
YKHKFEGPALG,2518.0825688073396
AAFHRYH,7012.279816513761
NWHQKPYWHA,9940.077981651377
HSWRDFRKHVAG,4819.798165137615
HWHRFYDG,11973.97247706422
GKHKPLG,1201.4954128440368
FYEFASFEPKDL,6979.642201834862
WFQNYAG,6458.637614678899
FRRKDPHVAHD,2364.151376146789
HVLSNAWNRED,3787.0366972477063
SHPSFDLS,4501.04128440367
HAFVLFPSFD,46507.8256880734
QSYHHRWNVA,6445.674311926606
LYKDWSRNL,6077.733944954129
EVGHDNVQWVA,3641.6743119266057
FASGVLYNRYN,10149.784403669724
SEPGKAEAG,787.0091743119266
GWDVAVGFNA,11349.830275229358
SKVHDDASG,1211.8394495412845
LPAQQRHVG,2393.353211009174
HQYLAFPYWHL,26592.004587155963
WLHGVLFYVL,31481.357798165136
NVEVQWPNS,4754.577981651376
EDENWKVLYDV,7963.862385321101
WLQYHWKLPVS,12657.825688073395
PQVDQPLS,1642.408256880734
VGFEQEVASPS,1845.9954128440368
RRQWSELG,3735.701834862385
LNVAGYHRNG,4434.628440366972
LADSQLS,1899.573394495413
WPWAFLENL,29350.454128440368
FKLGQVHEWNHG,5216.614678899083
LHFKPVG,4042.8715596330276
PNHAKDRPLKA,1236.2660550458716
QRDPYVGVSGK,1854.9633027522937
AGRSRGFNG,2835.6651376146788
WNHQDNVAEPWV,7432.802752293578
SFGLFPKVAS,6392.380733944954
QKYVLSRNPYNV,8883.834862385322
GQDAWSQPYHDA,4792.614678899083
FYDLRKSWKLEP,3905.229357798165
QDEVQPYQRHDS,2513.6422018348626
WGHLNKQDL,3591.3348623853212
HQYAASRPHG,3790.353211009174
HNYVWHVLG,14232.481651376147
PKHPGQFLYKA,5211.321100917431
APWPWQYNHSG,8623.926605504586
PADQASQFKVA,1787.348623853211
LLSLGVG,6068.977064220184
KNPRESG,924.5183486238532
YWGWSENQNA,4513.155963302752
AYHQGPALSG,2594.3853211009173
VPWKVHRPYNG,5888.165137614679
RDSSFPYNHFAL,13852.022935779816
KSLGHNSG,1420.1880733944954
VASFDNHDLNK,2500.5137614678897
FYDRGQRQNHVA,3915.97247706422
PHVHRYNVSQEY,6944.174311926606
SGRNEWAEKHL,2654.8853211009173
HNVQHNHS,2128.467889908257
YQGYDFDG,7759.206422018348
KSNSWLRNKDV,2075.8440366972477
GQEPLWDVLKL,9970.19266055046
RDSEFPDQNLS,2761.7798165137615
VLGRFYHYKLSG,9307.545871559632
NWGAWVLSG,13248.06880733945
YSAKEWDG,2813.4449541284403
FQWYWYWNKL,14830.95871559633
DVNQFPNQPHLG,3871.467889908257
KPWLPREKSG,1816.5275229357799
KNDKAWVS,1584.8899082568807
NADQREQFKAS,1312.7018348623853
HLGNADLSWSG,5771.211009174312
VLSVRYLPHL,24851.050458715596
EVNPKFWNKG,2514.330275229358
FEQWNKWKVPYG,7040.3302752293575
QQVASVELSG,1547.5688073394494
LKHPWYDVS,8924.348623853211
PSPPPHDALG,1781.7018348623853
VYHAWHFNALS,14294.536697247706
LWYDRYHLS,11215.871559633028
WGFYYDNKLG,11227.821100917432
EQEQWDQEHD,1869.2201834862385
DLDASKPVG,990.7155963302753
VSNFLGQEWND,4824.711009174312
NAPEAREPHS,1194.2155963302753
RWLFKVQEVRPH,10271.646788990825
DSFVSSFYALG,29607.197247706423
RSKHYPNKS,1311.366972477064
PHDSGNKLNGYW,6687.362385321101
WAKSHVARNLG,4996.284403669725
DNSGRWGPWK,6473.316513761468
YFVVFWVG,31435.9128440367
QYWLEYLAFNDA,21175.977064220184
RLFNYNENSG,4669.293577981652
HYWQQRDAL,7575.04128440367
FSQKVADQYKDS,1405.1284403669724
SWFHQWAG,13853.949541284404
LRKVNLFEWHL,14529.58256880734
KPLRKGFWKDG,2193.678899082569
RENDHLSQPDFK,1804.7018348623853
YRNLFGDSG,4389.54128440367
GYQQHAG,2189.3715596330276
RKGSNKSFWL,3802.545871559633
PESDQNAS,1172.4954128440368
WERYKPWSG,8901.339449541285
LGWRPGEPNVG,3811.1330275229357
FVKNFYASG,6264.720183486239
NAVDNDSG,1211.7614678899083
KQVWVSGKALG,3025.545871559633
VPYDWFEPK,5762.55504587156
WQQVDALG,4584.880733944954
PDKAQFYKEHDA,1667.633027522936
SPAEGPDVALG,1509.8394495412845
KQGEFLSG,1412.2798165137615
QKLHRYDPDVA,2204.912844036697
QKFFWHFEDS,8380.733944954129
QHKGDAPHA,1114.334862385321
NALRYRHFNKHS,5564.481651376147
LVAVRSG,5029.114678899083
AEKFDGRYKHG,2256.3990825688074
LGQWLYNHAENL,10021.637614678899
QSYEALFYKDL,13428.504587155963
HWGNWNKDA,3445.293577981651
FQSFVYWSG,27118.77981651376
PKVSDEPSQDV,1038.3394495412845
ESKASRWEWDVG,3278.4908256880735
QFFRYKQFKWN,8678.45871559633
GKSGFHVDG,2683.3669724770643
KFDLAFPWNHD,9055.275229357798
ESLQAQSG,1459.9954128440368
VAPRPWGDLG,4947.720183486239
VYQKQRVLSG,3449.123853211009
FANNGQPYWSG,10155.752293577982
VRHDWWHLG,12154.688073394496
VENARSQFWAL,13756.91743119266
PSLQESDSG,1254.2752293577983
KSRPKLWRPN,2542.8853211009173
KAFQARNDV,2151.0
RSNLRNSFPNKV,2539.087155963303
NQEKVYDWNKH,2602.9954128440368
WQRGWNKQKS,2248.2247706422017
WSQVNQPALS,3418.729357798165
GQVAKDQFHD,1847.073394495413
KSLADALS,1349.9816513761468
WAWYGFEYND,22641.52752293578
QPGHNLPWAL,14167.073394495414
ASGFYFFEYHG,38217.62844036697
NQVVKHSG,1879.665137614679
HQDPVAWDAS,2586.0
RHWKFWWVSG,13956.784403669724
LHDHYDG,4040.5183486238534
FQALERWKHA,5036.729357798165
NAWKEPNHYNH,4477.233944954129
ANHGSPHAS,1489.3440366972477
HSGDASANKVA,1012.1192660550458
HVHFVGFRWKH,13474.825688073395
EGLSENWLSG,3540.8256880733943
LSQESFRLRHDV,6845.532110091744
YLLYYHLG,9656.830275229358
WYYRVALG,13223.394495412844
EGGEAFDALS,2008.7660550458716
QQDEYPYWNV,5941.284403669725
SWHKWHDL,7638.8899082568805
NWAEGYNVAL,9562.08256880734
EWQAASQEKH,1461.408256880734
EQKWLGWNHASG,2944.440366972477
DNSSKLG,1028.1926605504586
VDKHWDVA,2351.1880733944954
QNRVEHDGWL,6826.394495412844
GFGHVAKG,2862.3119266055046
WQVLQVWAG,24548.844036697246
NRPELQRNKDL,1504.01376146789
GVQGQVALG,1990.880733944954
NAEPEYFEPWD,7974.40366972477
YDQGALQEYWV,11848.91743119266
RSAEARYWNDG,3637.3853211009173
SRLEGHLSG,2559.6880733944954
HWHHWAL,14404.954128440368
SEAKNHSG,1138.2981651376147
KNGYYVG,4588.192660550459
RGYSNVLQFPVG,9472.47247706422
NLSDPDSKAL,1322.5688073394494
QDRFVEWVLS,14737.894495412844
PHAYVYAGRWNA,13965.0
PHWEEASG,2400.3256880733943
YGGSEHG,1861.7844036697247
NGAYWVNDVAL,9950.802752293577
HDHSEWSRHG,3494.678899082569
KQNSFNVFNVS,5986.582568807339
RRKGFVLHVG,5781.931192660551
WQNREQREYWKS,4723.215596330275
VFRQPLSQDLG,3775.5504587155965
RKQEYSVENHDA,1610.51376146789
EPWWHDVENRA,5165.197247706422
KHWYASFEHV,9749.655963302752
FAPHYWGQYVG,13122.995412844037
PVGRRNREWHA,4498.98623853211
QRPDGGQHVYVA,5406.151376146789
NQKFKLFWKL,8003.0
EFNGYAPKG,1987.0091743119267
KSASKLYNKS,1053.633027522936
PQKEWLPNVSG,1841.0642201834862
NSKSYWPYWDS,9632.261467889908
LGNHDQWNKFYN,6705.068807339449
YQLPRDSG,2149.059633027523
SNPNPNLG,1853.866972477064
FPPDVGAGQH,2053.1146788990827
ALGLYKQYWAG,8724.724770642202
QWNHLHSGKLKH,3032.0733944954127
YAGPSYAFREH,4807.720183486239
QQHEVPNKVG,988.5183486238532
YERRNHS,2846.9770642201834
YNHDSFSPEVL,3858.788990825688
WGDDWVG,7585.243119266055
NLGDYARVS,3420.8256880733943
FFWKPVAPYAS,6743.885321100917
PENDQSGFPD,1849.5183486238532
SWLNLLSG,8991.871559633028
NFQYQLSG,4933.022935779816
DWFVNDSG,5581.646788990825
SQFAGELPNLG,2739.123853211009
SRWNWSHVLS,11098.215596330276
DQDPWSQPWDG,4808.211009174312
QARHLKDENK,847.183486238532
ELVGFNRPKSG,2007.788990825688
QDNYPNAS,1378.6880733944954
SKPPKLSG,996.8761467889908
VKQLQSG,1042.334862385321
PFYVLSQHVASE,8641.01376146789
AFREAEVRYKLG,7762.94495412844
SPPKSVSG,758.2614678899082
DRGQEFPYSG,2486.321100917431
LDGKARS,1338.6422018348624
LYNFEQWNKG,3270.4908256880735
SHGQYQAG,1759.3165137614678
LRWVHSRYKH,5693.701834862385
NKRVAELSYKD,1778.1605504587155
GRHHPYHAL,6862.160550458716
RRNGNDLRKVSG,1444.9357798165138
NQRLKAYWHDV,5576.614678899083
WLFYKLRSRYN,9980.853211009175
PAPLDGEWNKD,1701.1376146788991
GDLWSWDALS,9637.37614678899
QYWAHDARGQRW,11039.93119266055
KNEPQRPYALS,2912.348623853211
RRRNFKLG,2022.9128440366972
LQKVAEDQYG,1528.2568807339449
GWPSASG,2965.788990825688
RKQRKEPDPHDV,834.605504587156
WPYQDWVSG,11314.674311926605
NHNVRGYWASG,6974.6100917431195
APFSRVLSG,3629.9908256880735
ESSHGHSG,1138.4357798165138
FSVDHALSG,3356.1743119266057
DQYLDAPNHD,3107.3853211009173
HARHKAFPVG,3265.798165137615
VFWFLQWHG,17844.032110091743
RKRNAESFNKVG,1169.6697247706422
GHLREFPG,3741.8119266055046
SPFELYG,6679.747706422018
LLFYPDVLSG,13074.949541284404
KENYFPYWHV,10751.477064220184
PWSHLESFPKD,6067.504587155963
HSLYNHDVFPKV,6284.899082568807
GEKSLGEYWNG,3273.2522935779816
RHFVFALEPHLG,26108.04128440367
RDSGHQPDPWHV,5307.880733944954
EAQPALSFLPYV,12570.229357798165
PNRPNAYQRKA,2001.9174311926606
DGWVNSWHAG,8142.215596330275
NSLYLPDA,5697.371559633028
RVDGGHDG,2008.2568807339449
HWAPGVASG,3002.183486238532
WWYHNKDVG,5903.899082568807
HGWPEPWKHAL,8654.642201834862
WASSENHRWNL,8974.752293577982
SFRQGRKSG,1867.2614678899083
PRVHWKAS,2935.1146788990827
SKNKNLSG,908.848623853211
SGYWHDWGRPNG,7966.133027522936
DYDQFQFPYWS,21672.967889908257
WDRDGPKVGFRW,14503.444954128441
DRVHNKSG,1180.9587155963302
DDLPENSG,1207.8577981651376
YGSYPVG,4440.357798165138
DPDWGRHA,2963.330275229358
PQVQRNKWSG,2374.8073394495414
KAVFDAREPNHD,1905.0412844036698
ESPYKSHEYWL,4804.522935779816
KVHKPYAS,1597.01376146789
SPFLPNVASG,2758.1146788990827
DWSEKWVASG,2989.376146788991
LGPGPGQEYNA,2055.5
EHWGNEWNDALS,4710.536697247707
FWFYQALQPWS,12553.334862385322
AWKLHPKHVAG,2772.9495412844035
SSFPHYSG,4920.307339449541
PLQEQVAQEWK,1951.5963302752293
EHYNRNKGPWAL,5907.018348623853
KEGNEYLS,1727.3853211009175
PHLNRNDVPDLS,2314.798165137615
YLDHPNALSG,3615.743119266055
FEARLSREDGH,2648.8348623853212
GFNRAGPWS,9481.536697247706
EDLAPHGKVL,1885.0091743119267
FYPAFVSFRWK,23531.454128440368
FVRWQPLFYNL,29482.669724770643
ELRWGQNFNHVL,13186.050458715596
RGKSVARENDLG,1338.7293577981652
FDDDWVAL,9047.38990825688
EGALQHFALSG,4141.55504587156
ARLPPVAG,2355.4908256880735
NWVYSDALS,11003.683486238531
NHWKLQEQDSG,1461.7201834862385
LGDLSQGQHDVA,1847.5229357798164
RHKYHDAENKV,1197.4128440366972
KGAAFRHG,1949.9174311926606
LGNEQVAL,2078.6651376146788
ALLEPDSGKAL,1753.3761467889908
SEEDWNKHDLS,1704.0
GWVSEDVPDVA,2353.8669724770643
RLHKWHVS,4569.178899082569
HNQYVKS,2474.798165137615
DRDKQWLS,2383.651376146789
GSFEWKFG,7560.665137614679
WDYWVRYLQWDV,30079.0
KHRSNGFNG,2223.5825688073396
YHQEWVYDSWHD,19181.880733944956
DWQASNLG,3288.435779816514
NAGSLGWHDA,4336.522935779816
QQFKQENGEND,1177.2981651376147
PSYHDPLSDVG,2634.467889908257
KANNNDSG,907.8761467889908
FPLKWKVFKDVA,7536.261467889908
VNDRQWDAG,3073.587155963303
YVWRLQEYNHS,11288.775229357798
PRQLGNG,2372.4816513761466
WVRWWHSQPWL,35700.85779816514
AVSLKDLG,2516.1559633027523
KVYHAHSFEKHG,2541.9770642201834
NDYKPYNSEWVS,4589.821100917431
EWRSWHSRWG,13665.509174311926
HYKDSVRHVLG,3722.146788990826
EDLVPVLYVS,32891.98165137615
NNSSQRPYNKV,2703.9495412844035
YLLQKGPYDSG,4460.770642201835
NNRPLNVLSG,3876.6880733944954
RLPEEDLSG,1196.6926605504586
DHGELWSG,3587.077981651376
AQESRLFEVAG,3344.637614678899
LNLLFELSG,31193.119266055044
NWDPYRHG,9678.050458715596
PNLHKAQHDL,2184.1605504587155
ERGSHVG,1479.8119266055046
NGSESFALG,2624.651376146789
HHAEGELG,1350.48623853211
GVSPDDVALS,1904.9036697247707
LALESWKDV,2891.3990825688074
VYDQREDDS,1519.9724770642201
VYWSFGYHVS,16162.894495412844
DQRPLNDALKHD,1735.1743119266055
VWNSQSPWNLG,7690.100917431193
VNVVYWVS,40828.38990825688
GYDYNWVAS,9891.573394495414
PRKPHQEYKVS,1532.633027522936
SKWHDPS,1981.6697247706422
RNKEEHVSQFWK,2711.7477064220184
NGVAQSRHL,3273.6880733944954
SFPRFWDAL,17730.596330275228
HHAPWKDVALQY,11553.770642201835
VGFVFNHDGVAL,21469.550458715596
RPHKKHDQNHG,1663.302752293578
YSFGHGFWNDS,9885.43119266055
KVGFGQVSNK,2001.1284403669724
RNADQLGEPYKS,1913.9816513761468
GDLHWKDL,3738.97247706422
YHQDRLEPYL,10169.238532110092
SNFSYSG,5230.9495412844035
NEGDLYVS,4686.954128440367
PERWYKDSG,3426.8853211009173
SPARYWVSHA,7824.431192660551
DAPFKRYNDLS,2507.032110091743
WHKQNGYHL,6730.761467889908
ANKVRQFRKS,1186.6743119266055
LDQKRKG,964.6330275229358
EGHSHAEPHVL,2259.7201834862385
EYRLFRWAWKH,12613.651376146789
YSSQFKLHVG,6840.963302752293
QYSSFDGEKA,1792.7477064220184
VHVHVEDG,2516.5688073394494
PSRKPNAALS,1465.059633027523
SYSEVYALSG,8901.862385321101
FSLVYASG,17930.756880733945
GRSRQDG,1546.591743119266
PSEKYNRYKD,1936.8394495412845
YALQGESEPDV,1516.9220183486239
LFYNHAKHFRHA,5609.793577981652
FFRRDGEKVS,2421.123853211009
SVQYWQDLSG,7149.045871559633
ESAQLSRENK,953.1605504587156
KWAQNPWNVLS,7770.779816513761
ERFPAQHVA,2549.5504587155965
DFQKNSG,1308.7568807339449
LLVALWG,26044.532110091743
HKQLGWSG,3620.761467889908
ELREEYGQRPKD,1829.6788990825687
VFREHKVEWDA,4483.98623853211
RLKDFQRNHA,2703.816513761468
SVAHGDVS,1735.3440366972477
AYVLPYWFAL,34350.28440366973
KWSWPKLS,5505.591743119266
FPGEQHGPVSG,3041.4036697247707
WKAVEDVRYKH,3692.288990825688
YLNFDQHALS,7415.357798165138
YNLDVSKHFNK,3761.380733944954
NWLEPRHDVG,5100.935779816514
HAHHEWAS,3623.394495412844
YKAHNHLPYHA,6626.766055045871
QARQEAFRYD,4516.963302752293
DRFSEDSG,1698.3302752293578
WRDEQHVG,3469.183486238532
PWEYHQASQNS,3866.201834862385
LEEFRHAG,3343.9311926605506
HHVESWSG,4134.059633027523
ARRSENAS,1052.7706422018348
DELAEKHALG,1298.6605504587155
VRPFGEYHDL,6079.935779816514
HVNWNHVRWAL,18361.95871559633
PSKGYWGRNDS,3483.935779816514
KVFFKHRWD,9230.69266055046
FDNWRPKHDAL,5707.8302752293575
RASLKHARHVAS,2356.408256880734
FHSRNVGFYVWS,32032.591743119265
FPWEFYDEKHV,16423.44495412844
WKEHVFYGPYNG,14784.018348623853
WVSRFYFYDAL,29824.770642201835
GEDVKHFNH,2427.059633027523
RDFPWQNQYHAG,6899.206422018348
LHYGNSG,2692.4816513761466
EYYNHAASNDS,2067.2247706422017
WEGYHKVLS,7955.215596330275
WHFYAQNAWHS,14222.142201834862
VLAYRWVSG,14192.050458715596
GYQFAHALS,8361.839449541285
DANPPKVAG,1094.3577981651376
WFWVYQRWKDVS,12953.105504587156
WPRHFPSG,8024.220183486239
DWARDQDG,2694.440366972477
YKSGPWPWPYN,14492.733944954129
WGSHAQKALSG,3036.1559633027523
RVWFDFEWKVS,21178.58256880734
WPSWYKG,9972.655963302752
NYHDNLNHDVA,3206.6651376146788
GFKSRLRPYHLS,8763.555045871559
PLLEDHLSG,2967.3715596330276
WRWDDFYKSG,10203.022935779816
WKDYKDSFLRNK,3097.9816513761466
HGLFPLRNL,13301.550458715596
EFDRWALRWG,15268.353211009175
HLPSVAEYNKD,2066.6926605504586
LRPNEYWAQWKD,6683.155963302752
DKVNRPAS,1335.4036697247707
GWFSFALSG,26423.550458715596
FEPPHDFALQKG,3117.7201834862385
NKWPSQRPWVLG,12320.935779816513
VRKAQWPYNKLG,4045.7522935779816
YYGNVWG,10006.243119266055
ARWVKGYWHG,10449.151376146789
KLVGASFRK,2776.729357798165
QGELSALFKL,9599.426605504586
WKESPNWHVAG,5256.51376146789
QAQGSQFRYSG,4881.733944954129
GPRPWYVS,15616.80733944954
RGAENRALG,2218.298165137615
PSFPVAEPVGQY,3385.821100917431
AWLWSPVSG,11548.160550458715
YWDFQEYKDRYA,7604.655963302752
LFSWHELS,9061.52752293578
RVEKNWNHS,2848.9036697247707
GQYSYQYWG,14483.288990825688
RFFQYHVLSG,14036.834862385322
KEAEQNHDS,990.4495412844037
RWNEAFRHLWND,14627.01376146789
HRYPAFEYKLS,9131.11009174312
YVERKHAPYVA,5269.087155963302
FSQYVEVSEHAS,5071.188073394495
YWSHPKVSNKA,2562.9495412844035
VWVGKEWG,4525.325688073394
SENWSWDG,7629.119266055046
QRNWFRARVAS,7130.238532110092
FNKKDFRLYVG,8556.885321100917
RLYPSEVALS,5289.678899082569
RSHQHKHDVS,1436.1697247706422
RDKLELGWNVS,2789.8119266055046
KHFDKALGWNAS,2835.4495412844035
PKSKVSWQREKD,1057.348623853211
HRLSNSWKDL,3848.9633027522937
PVYNPNGWKHL,7704.967889908256
WHEQDWDVLSG,7294.068807339449
QEVHHLQNKHV,1644.9036697247707
HSYVGRVLGWK,8888.353211009175
HSEQEDVFHVS,2507.394495412844
EHNKDAQAREVG,735.2064220183486
ADLSRWFREHV,7249.077981651376
QSGPNRLGHVL,3338.288990825688
SVLNVQHG,2836.5825688073396
KFLWKNDLG,3457.0504587155965
LDFKHRLG,3277.733944954128
AHANVRHDVLG,2655.0091743119265
RDGKRWNRYH,4896.197247706422
DKAEAQDG,580.697247706422
KHHRGRAG,1366.3440366972477
RDNWWVSG,8981.426605504586
YNVANVADSGP,1612.532110091743
HLDRAFPHSG,3572.922018348624
DVVEQNSG,973.8302752293578
WEFAVSG,8340.302752293577
FDFRRNFEPNVS,4568.51376146789
QWVWPVGPKVG,8124.178899082569
HSLEVFNKHDLG,3525.8348623853212
FVRWVAWHQEPV,11209.761467889908
DGWWAFEKAS,5401.279816513761
HYHSKENHDG,1593.408256880734
QQNVLFLNLS,33546.47247706422
HWGKEYVSG,2933.733944954128
PQKSSENVLG,948.9128440366973
VYSGFFPNHDL,10391.183486238531
WELKGPVLSG,4726.738532110092
AQDASYKQYDS,1260.9770642201836
FFLGWELG,10987.348623853211
WAPDADLSQHA,2314.651376146789
AERLPVLSG,2876.5229357798166
EYVHFYKSVLSG,10797.88990825688
KWPHEYVALSG,5042.160550458716
HEHQWLQEYHV,8040.09633027523
KQARGQYNHG,1991.2247706422017
LESPAASG,1480.6926605504586
DNSDADLS,908.8623853211009
QENGAFKLEPKA,1032.7064220183486
QELKLWLSVG,19259.550458715596
VAKDGGFEG,1358.467889908257
NPNRKWNSG,1690.3302752293578
FNSPVQKDKDV,854.5504587155963
ANVQWLPVAS,4803.146788990825
NFGLNHSG,3238.9587155963304
RYQPKSWHQKH,2715.2844036697247
QVAASPLGQWG,3997.348623853211
NSLDEYLSG,2689.8990825688074
QAKDNRVAG,898.183486238532
EWESYHARHG,5210.711009174312
LPRENWSG,3009.435779816514
WVLRFRLFNDV,33035.42660550459
EPRFDVQRPDAL,3439.697247706422
DPKHRPNFNHAL,3239.0091743119265
RRDPQRAG,1355.366972477064
HEYVRQRWV,9955.270642201835
QLYKWVGPLS,9371.784403669724
DDPLQNVLSG,1781.394495412844
KLGDHVSVAS,1426.3577981651376
NDPDYWAPWG,9602.922018348623
YSPKLFKYWDAL,10389.646788990825
RGRNLENHWHVL,8791.683486238531
PQSFNDVEHDS,1747.334862385321
EDPYHLDAEKHD,1629.6605504587155
GEPGAQWVL,4628.5
HQRFPHWNDG,5790.266055045871
NPREQWALG,3014.5045871559632
KDFVGFQWNG,5949.733944954129
QHSPNAFWRKD,4707.880733944954
WGWLKLFDAL,16820.54128440367
HHRHAVAL,4194.95871559633
REPNYGYDSPWA,9242.894495412844
PDFVRAREASG,2594.8394495412845
LWAHSYSG,7153.729357798165
PNSFHRYWEHDA,9456.371559633028
HDGEREAQRYKV,2836.9587155963304
KVVWDQWKDA,3553.9036697247707
LGDREDAWDG,2945.7752293577983
RHKRHDWNVLS,3518.766055045872
WPGFFKDASG,6722.724770642202
QDQAHSPYDS,2205.816513761468
EPKWGNLRHAL,6338.545871559633
YLASYNVHVS,9449.90366972477
QYSHEWKFPKDL,4448.761467889908
QQGGYSG,1760.6834862385322
RLANKDPYWKS,3105.348623853211
WWHNRKAG,3959.3394495412845
SGPFHSENKV,1663.6605504587155
YDPNVPLYNHG,5231.876146788991
PNWRFHAS,9823.490825688074
RHLHFNHQEYK,3933.5045871559632
HYSESASG,1648.619266055046
KYSQAFSG,2560.1146788990827
SHPSNHDVALG,2388.7155963302753
AAQPYKKG,1095.697247706422
SPQQHDG,1410.8256880733945
YSLRHDFEHA,4905.876146788991
YHRENKPYRN,3241.52752293578
HYDQPEKDSG,1175.848623853211
AVGWQVG,4824.472477064221
YLWQEHEDG,3466.761467889908
LWRNDRSG,3841.1100917431195
HVRRHGREA,1940.6284403669724
RHYREHDVVS,2646.770642201835
HGYFRNGENK,2588.032110091743
GALKVPKDVLG,1553.9908256880733
PRYNNKDNLG,2050.233944954128
EAWQLGYWNKAS,5039.701834862385
RANRSQPLS,1882.1697247706422
GDLLASG,1792.4311926605506
LPVNGKVAL,2256.2798165137615
DSPGNQPWKHD,1950.8211009174313
PRDGAEWNHAS,2613.256880733945
FEFHHQFEVAS,6087.692660550459
HGGSPWSG,3882.1651376146788
YWFSGDLEYN,11292.380733944954
SPKYRALSG,2263.853211009174
LRKEGRWDAS,2612.5825688073396
KQVELNLS,1599.4174311926606
ASHEKDYWNHL,2978.6605504587155
NRPQPGRWVA,4975.715596330275
YLNEVENDALS,2714.651376146789
QEHWHVSYVRYK,16723.701834862386
KLWVNDLGRNVS,5610.977064220184
SEKLVHVG,2735.4174311926604
FHEYAPDSQPV,3631.256880733945
SKARHFWS,6551.4495412844035
LAQFHEHLG,5390.307339449541
VLYKLVQYKV,17330.743119266055
GWSFHENSG,5959.472477064221
YLWFRGNLS,10169.981651376147
DNWKVKVAG,1804.1422018348624
YYGAVALG,6163.4908256880735
EQPFAREYNHDA,2445.077981651376
EWFYFEANHAS,26081.15137614679
RHNFAEPYNS,4444.284403669725
AHDEPRYHDAG,2427.261467889908
PWWSSFEYWNDV,28532.490825688074
HGQEDYASWAL,7521.371559633028
GKFYSPG,4418.481651376147
HWPHQHDAS,3391.706422018349
NSPQLQPYNDG,2673.8394495412845
FDVEWGNVFWDV,29972.302752293577
EWLDWLGKDVS,5815.876146788991
NHQWDGNEWKS,3305.4633027522937
AHQNEDSG,984.2247706422019
LGVSQDLFV,9584.463302752294
NHYRKHDPVS,1984.8302752293578
QPSLPHGEPDVA,1697.619266055046
VFKPHQPWKHDS,3257.706422018349
GFWPRVASG,8639.912844036697
SNYDNKG,1655.5504587155963
LQLAEYAL,9042.766055045871
ENQKLNKLFKS,1540.4908256880733
FDDHRNAS,2210.0229357798166
VEEKEPVASG,738.4587155963303
VSAFHDAKS,1710.4770642201836
GKQSQHALS,1373.366972477064
DGGNLWLG,8813.344036697248
SWVDLRVLG,18315.981651376147
DLERFYNVLSG,11938.119266055046
EHGSWDFNSG,3869.0183486238534
VDVSNAYDVS,2404.9954128440368
VSRRSEWNKHS,2083.0091743119265
KLNRLQFYKHV,7043.522935779816
AQVPKFYNVL,6827.692660550459
VKYASELS,1693.2018348623853
WFGHWKALS,9733.449541284404
YFWEFHLSG,16702.61467889908
VKSVLPG,1598.1743119266055
RNDDLSRHNVA,2279.706422018349
HHVHLDLS,5678.073394495413
PNRGFWENG,6195.54128440367
DWDVWEPWKL,14744.087155963303
DSEARKVWVLSG,6001.614678899083
QAANRWSG,4230.995412844037
RLDGVLYVLG,31072.288990825688
NGVRWSRWNKHV,6901.876146788991
YPAVGWVLSG,10912.880733944954
EYNPDFPKAYL,5069.880733944954
WENLVQYWNKV,12890.165137614678
YWSLDVQRYWN,17355.270642201835
HFLHQPALS,7642.545871559633
VWKPHFNHDA,4437.435779816514
HKDKYKSG,786.8669724770642
LHAEAGHS,1504.4036697247707
DSKGPSPYSG,1686.334862385321
QYQDRNDFWNV,8244.018348623853
RQVFSHSG,4537.545871559633
KDWYLGEPLG,5402.495412844037
HKYNHRYSG,3764.605504587156
KSHKPALSG,1088.059633027523
ENYYGYASG,5384.243119266055
GDRGVALG,2271.4266055045873
FYPFRWNSHDL,15926.435779816513
PWVFHQFPHLGH,17453.95871559633
QRVVVLGDS,10995.504587155963
QSNEQYASG,1619.6926605504586
EHDLASGDQRKL,1528.2568807339449
EPSWDVRELFWH,17086.67889908257
EEVADLREKHG,1100.7018348623853
KLLKADLSG,1678.8577981651376
DAWKVWKRKV,2434.266055045872
EDHFLFPWNHA,10661.720183486239
ALQGKDVHLSG,1526.2155963302753
RNNQGENS,1138.665137614679
VVSLPALSG,3726.1146788990827
VNFEQRPKHDAS,1836.8394495412845
ADKPASG,782.6100917431193
LSSADVLSG,1933.6743119266055
SYKDGGELS,1352.8119266055046
NHEKDVSPVRPD,1525.032110091743
RKAYALFLNDA,13939.614678899083
GDPWKLDG,2720.5412844036696
LKDVHYWDAS,4807.674311926606
RWAQVYWFKDV,24184.853211009173
LFEQWDNHDV,7882.779816513761
HVVRYVFEWVL,49692.53211009174
QLDYVLWNHV,13607.504587155963
FRHHLFNEKDVG,3392.8073394495414
SKASVPVAL,2161.0366972477063
QHPALYDFYVAL,33770.94036697248
GNKGSNHSG,1467.6422018348624
VKLSLPDS,1689.98623853211
AYSRENYALSG,4339.633027522936
SYSQDQWHVLSG,5578.0091743119265
GKHRWVEVG,3602.6330275229357
WKDNEVLHDL,3927.646788990826
SRLLFKG,7499.0
NKRAPYAHG,2576.4174311926604
QRADSPKLEWSG,2011.5779816513761
LPGNANLSG,1553.967889908257
NQKNREVSG,1157.4816513761468
NLEFSFEPWHG,17139.34862385321
AFFLWVG,34832.08256880734
WVQGWNRAG,8518.775229357798
AEGSVLSG,1951.7247706422017
WSGEVSPGENG,2178.1880733944954
HGYAFPHSHVAL,11362.477064220184
HLRDLQYFPHL,17015.93119266055
DHQVGHAG,1813.2201834862385
ESSKHVDG,924.2064220183486
KANHHDSWD,3042.0366972477063
RQKYFESG,2549.935779816514
RWNDEQEWEHD,4272.651376146789
DKFDSFLSG,2897.4587155963304
HHWQKVLS,4894.073394495413
LFSENQAG,2252.587155963303
VYGNSEALG,2268.206422018349
YRPEGREYWNHA,5018.073394495413
SFHAPQFWG,14132.467889908257
FDWSEWQDA,6613.651376146789
SWAPWYKHDVSG,8330.59633027523
KHPRRNALS,1526.848623853211
ELYENDLSA,2595.288990825688
ADQHSDLS,1248.073394495413
HYGKDDSG,1180.5
KNYLGLG,3202.6880733944954
SGKGLRPKL,1758.8577981651376
LSSGYHAYWKSG,5434.660550458716
FEEGHSKDVAS,1315.5642201834862
HSYHHASQWH,7534.087155963302
FYRWWVLFKLG,22902.48623853211
PHFGAKVALSG,4014.880733944954
NVDGLALSG,3166.0963302752293
QEHDVFSYSWV,16990.24770642202
DKPHWVLSG,3867.3669724770643
ANDFQDAS,1550.366972477064
QALWFWKRPYH,16278.477064220184
RGDDSYVG,2214.8715596330276
GELPRYSG,5503.857798165138
AFPDNSWVALS,6511.674311926606
PQYFPSNKHLG,5145.8302752293575
SWDNGWAG,7141.311926605505
WYRWHWS,18978.119266055044
LDREPRHG,2565.587155963303
QEWYSQFNEKHV,6394.6100917431195
PAARNKWVL,4415.4908256880735
WYSYSWLG,11028.477064220184
DQARQWHALS,3515.564220183486
PQGQGQAG,1004.2614678899082
FHFANDEVAS,2621.697247706422
SHSPAVLS,2143.605504587156
SYPAGPALG,3170.178899082569
HLLHPWDLG,13800.967889908257
KWDYVYHG,8144.077981651376
VWSWLDLSG,15209.711009174312
GRDWHQDVL,5253.09633027523
VSPEHSEHDVA,1141.98623853211
HGPNVVGEPWSG,3280.711009174312
DWFLKDG,6111.022935779816
QPGKKFYNKVA,1924.059633027523
AYKKRDALS,1388.0366972477063
ESEEDQEYDSG,1082.2522935779816
NWVLQRQPYKG,7551.821100917431
GFREPQLGFDSG,4381.967889908256
LGYYKQYNHVS,5346.325688073394
YFSAWSG,5678.862385321101
FKSAPVEPWHD,4547.756880733945
VGEDWAWNKHVA,3606.912844036697
NWYNSNHVAS,5170.463302752293
AGHYEWHALS,6925.440366972477
YDQPNDGFVGRW,12503.321100917432
SPGVNKG,929.4587155963303
QPVFRREAKDLS,2417.362385321101
QYYKWAFES,7651.266055045871
WAPWLEEPYKS,8181.0504587155965
NVEPGAGEHAL,1517.5091743119267
EQNSLSDAG,856.6422018348624
KRQRNKKL,656.9816513761468
QGRSHFEWDVA,4837.798165137615
NRSDSHDSG,1079.834862385321
QYNPDGRVLGQE,1867.2247706422017
RNYDDPYWV,13333.660550458715
DREDFWPHDG,5346.784403669725
WHEDGESNDAG,1732.7247706422017
NEFVNHG,3444.064220183486
FGSFQYALSG,9016.967889908257
PAEARALKSG,1234.967889908257
GHDADGEHDLG,1448.7706422018348
GQHWRENHVG,2960.348623853211
FPWRSFEKVEWD,13714.270642201835
REGLSVLEPNA,1824.1697247706422
EFKKLFWNKHD,2533.0504587155965
FSWNEYKARYNA,5170.573394495413
SASWVYLS,16988.42660550459
AYGPSQSG,1530.6284403669724
SVQHFWLS,11704.412844036697
ELADYHDSG,1672.197247706422
HDNRVRNHALS,2674.032110091743
FGQNWLEYALS,14619.119266055046
RNPDGWDVNKD,1852.954128440367
DVESHEYHAG,1802.5045871559632
QDEEKSWKHV,947.4082568807339
LDRPAEALG,1452.591743119266
WPRGWKLSG,5706.119266055046
EYVVKHLWDAS,6409.9495412844035
DAKDRERNA,769.6926605504588
KFEYYAGQAL,6273.573394495413
EQNLYAGYWDAL,8931.133027522936
YHAADALWDV,6907.440366972477
DDLWFYSG,11766.151376146789
PPLANKLSG,1306.4449541284403
RHVARVPQDG,1689.2201834862385
KFLNQNG,1883.5963302752293
KGRVQFPQYHDV,4046.912844036697
EVEHKHAFNDL,2094.9311926605506
FKGWWKHVARYH,8817.651376146789
APGHDFHVSG,2022.7660550458716
PSQKHNQREVS,957.7935779816514
QRPQKAFYKLSW,10865.454128440368
QYSQVGYVAQFK,9571.752293577982
QNDNFHSRHDS,2498.2752293577983
ALDPASGRKH,1527.4357798165138
PEVSALSKVS,1802.3211009174313
EGARKLYKHALG,2021.5871559633028
DDGRAPSG,1155.5871559633028
VLDHYAG,3807.669724770642
ALVQWDFPLG,16817.091743119265
DGDANQRHVASG,1572.6284403669724
VDEPQPKHDV,1250.348623853211
WPFPHNSG,5789.09633027523
FSDYLWLSG,10734.559633027522
VQVDPNSG,1094.834862385321
VHFNGKDALG,2051.5412844036696
FYVSYVYDENHA,17438.032110091743
SREKYSGFPKDS,2032.3302752293578
VRDDKLG,1295.7293577981652
DYPQNKDVLS,1558.802752293578
RYWDGRGQLSEA,3407.266055045872
QHHFAFEPWKA,7299.766055045871
QERALGGQFPWL,12857.266055045871
GPGHPWNKHLG,2924.266055045872
YPQHHDG,2657.4495412844035
LFHVLQKFNDVS,5764.3302752293575
NGSLNVALS,3590.330275229358
VEEQEYALSG,2162.908256880734
GYDWWLG,16111.339449541285
KSKEQWHVS,1412.7431192660551
VNKDFSGPKV,1546.6880733944954
NDYNWKFRNKL,5063.3899082568805
PQYDSFLQPWLG,19798.963302752294
HLGLVAQYDA,8893.59633027523
HGKFFEHDASG,2280.5688073394494
NDYKDQPAYWDV,6105.811926605505
WALSNYSREVA,6104.174311926606
QKNQVFRHVL,4727.275229357798
QGWGFAWKHL,14763.669724770642
FREYAGRNEHDQ,2413.1422018348626
NRWNGEEPWDVL,7158.935779816514
VANSQVQVSG,1646.2522935779816
FQPSPLFVG,8739.302752293577
NHHHGQNG,2160.9174311926604
SLHDKSG,1387.4908256880733
FFNFEAREPAS,2838.922018348624
YYKDQKHDNKL,1530.1284403669724
WEEYEWG,11284.504587155963
GWKGNVQWKH,3941.9174311926604
EQNEANKALG,816.0733944954128
QRLFKAVRELG,4636.307339449541
NKPYKESFNHG,1737.3119266055046
FVSFHLGKSRPL,10391.481651376147
QAHYRHASG,3292.8073394495414
RKVYYNDNASG,2840.0045871559632
ANKSKLQEYW,2869.233944954128
WYRYFNG,8769.362385321101
WVNYKWKDS,4046.1009174311926
DYPSKDG,1259.9908256880733
ERWFKSQRPV,4805.605504587156
SFYLFVLQYNKL,21500.84862385321
FEDSALNHQND,2266.651376146789
WGKKLRYWKAG,3609.669724770642
RQKAKQPWVG,1833.9174311926606
VDVANKSHSG,981.105504587156
YYKHPSKDG,1848.8302752293578
PSYNYLSPWVA,15637.266055045871
YVLQGQDANK,1804.9311926605506
FYVKFKLSWG,18509.93119266055
FNPDQFWVEKD,6293.788990825688
FGYKWHREYKD,4307.559633027523
GLEKHPSG,1242.8165137614678
EALSPKRFWHAS,3182.261467889908
NSEYGFNEDV,3914.2477064220184
DLHEAQVALG,2222.4908256880735
PEQSGWAG,2885.605504587156
FDPSEYENG,2002.0550458715597
WDFEGEAFKHS,5196.256880733945
KLVFQYDS,13523.834862385322
WVQKHSNFVA,5775.211009174312
RSRGLFYWHA,12329.747706422018
GFQNFNASG,3870.4587155963304
YHHVHDRPVS,3320.302752293578
HEKHWLEPYKG,4065.880733944954
KSKYVGYNVA,2264.8348623853212
ANFWFVALS,38828.72935779816
EHRNHWAFKDS,4140.885321100917
RSQDLYHQENHD,2529.830275229358
WPQYVWLSG,27584.050458715596
ENFGNDRWKA,2835.733944954128
VPRADASG,1116.573394495413
HLYQPGEVLS,4263.633027522936
YRNEEALG,2235.9449541284403
NESRQEPYWNVA,5353.59633027523
FGGDDLG,3061.3348623853212
GEARKWNVLSG,3258.9954128440368
HDLEVFVLGRWV,38476.44495412844
AQEPYFEHAQL,4689.165137614679
KGVYFYKDG,6634.8302752293575
AEQSRDAL,1496.4311926605506
QKVNASPLPKVS,1165.2155963302753
FWLLGKHQDVA,5308.463302752293
QQNNRPDLG,1813.5963302752293
HYPQPHVS,3761.761467889908
RVYSKLEKG,2032.5229357798164
VWRWLHLSG,17322.522935779816
HNYDGPVAG,2878.7201834862385
VAQSSGRYKVS,2664.454128440367
YFVEAQYWKALG,13530.522935779816
ARNEWEPNHALS,3946.6926605504586
QLRSNSFWDAL,13429.926605504586
VFKAGQFQEWKH,4567.967889908256
EQWYVEPNDS,4135.311926605505
VDVPSHVSG,1693.98623853211
DRDVWDENDV,2722.238532110092
WDPFHSFYWD,31291.56880733945
FFWHALNKPN,5200.573394495413
PNADAGAQRYNA,2190.201834862385
GDDSRVG,1438.440366972477
ANGNEWG,2856.2477064220184
LRQNDQLG,2223.683486238532
NHDLGEDYNLQY,9236.58256880734
DPNSKYNKVAG,1071.3440366972477
DSHSDQHDVA,1332.7018348623853
FGVWAEWKHS,7056.201834862385
SNKLFWDYAG,8448.073394495414
YYQVEDASG,2647.4954128440368
WANDFDVQPYD,14265.802752293577
YVADWALFPD,21711.0871559633
FLPENQEYVS,3044.2752293577983
VEFEDQALS,2268.591743119266
VSYLRHGRYLS,11101.885321100917
ARVLRVYVALS,33673.05504587156
YHALAENLFYHD,15368.97247706422
EFGGEWAG,3595.4495412844035
WYSVSYALS,17052.633027522937
PHDLLREYGQNK,2917.564220183486
KEGDFNSG,1289.6788990825687
WAQELLSQRPYA,12992.321100917432
RFQEVYAG,7566.674311926606
AWFLHVS,22571.697247706423
PHWWHDKDLS,5925.0
WPLQSPDAS,2840.4633027522937
EFDEWLWVG,11061.90366972477
ESWEAGPWNLSG,5020.48623853211
FNVEFRSEYWVL,31536.61467889908
WNHALLSPKASF,12229.01376146789
VSWSYHVFNL,24410.770642201835
HYNPWNPHDV,7709.697247706422
HHNAKHG,1496.651376146789
KNSFKYDSG,1953.651376146789
RRRNLEALS,2153.545871559633
AWVNPHG,5730.545871559633
GHYVFKHDA,5136.6100917431195
EQFRGWVASFKV,19076.51376146789
VRSFFYAG,18095.004587155963
LKEHPHDAS,1437.366972477064
DNGPNKEG,838.0091743119266
HQPQNSFRYH,5928.146788990825
GQQWEPLG,3867.321100917431
RSVFFRWNHVL,17353.788990825688
VPKKSHVG,1051.467889908257
WAPNRANHG,3734.743119266055
WGFLYNDEVS,11020.59633027523
FLVWHAWHVSG,16509.536697247706
FYFEYHQNDQND,3733.467889908257
QAQAYWSWNG,9118.197247706423
SQLHYKVSG,3491.637614678899
KKDLKWHVSG,1534.7660550458716
LVPNYVAG,3751.651376146789
AGPEAEWKALSG,1379.7935779816514
HAHDVNQRPW,7522.954128440367
LEQEEWG,2567.683486238532
AVRLFALSG,17771.045871559632
WKYREAGNKHS,2251.2844036697247
YVAHFKSPYWKH,8451.09633027523
DYQHQPSG,1921.1422018348624
FQHWARNASG,5138.545871559633
EREFEWNQWKLS,6561.605504587156
AYSLGWSG,7343.784403669725
RPPDHLYWV,13570.412844036697
LPVVGEALS,1864.8990825688074
KNVFARNKHV,2141.8577981651374
DGVWVANDVAL,6970.793577981652
DWSQYGHVG,5616.678899082569
NLYKLRKSENH,3116.1100917431195
NYKGGFWALS,9786.422018348623
AKYVRSG,1861.8394495412845
RQDKQPHDVSG,1166.6697247706422
YSFHHDEPYNA,5365.022935779816
GYSVNALSG,3397.032110091743
RRVEFREYNDVA,5446.9908256880735
SRHRNLSDALS,2833.5229357798166
QYRHLPLFRNH,9155.077981651377
PAFLWNAWHLS,27873.064220183485
PPDQYGVAS,1923.032110091743
WWQKYDALG,7631.165137614679
PKGLEGYVG,2171.1009174311926
NWGQPYYHG,14375.137614678899
GALGPRYDALG,6196.027522935779
HGNLQFPLQKDS,2669.2798165137615
RVNQFSWLSG,10810.660550458715
HNFYAYDG,9418.724770642202
RLFDSAQFVL,22622.605504587154
EQVFPYFWNHVS,14109.467889908257
NNSFNGWASG,5244.114678899083
YAAWGWDG,12285.357798165138
SNRAFREYNLG,6757.348623853211
SSYHFRWNAG,6554.651376146789
VNDRYYAG,5413.6100917431195
VQASVFPWKVA,6798.880733944954
DVSPGRNSENV,1184.3899082568807
PASADVSRYWDA,4987.59633027523
GKRPHFKSG,1682.8623853211009
VVQDWHDVAG,3390.3715596330276
FFVLEKDVPVA,7088.197247706422
WFDPENVASG,5090.788990825688
NHEVPHGDAL,2347.1926605504586
QDWSQWSREHA,4414.119266055046
SGNQSGKDVL,1216.6100917431193
QGWQRHQFEPY,12578.605504587156
SEAKWHDVAS,2001.3211009174313
PRGAPALSG,2172.233944954128
DKQVHALG,1177.7935779816514
RSHYLPLG,6223.165137614679
GQPHKSENHV,1105.2660550458716
FRSKLFLRNSG,6115.798165137615
RVKKAEKS,722.3440366972477
FSKFFYALS,10350.311926605504
SRQLQRHDA,2848.862385321101
FRRSDVPDLSG,2666.293577981651
DEFNNHG,2592.045871559633
QYYASEYFEYN,19702.284403669724
YAALYFYHG,17450.73394495413
NNGYSRHLS,4985.3899082568805
QDWPWLEPNDS,5676.619266055046
LEHQHLYNDLG,5675.825688073394
NGNHDKDFPNG,1341.0045871559632
QQDHEDLG,1068.1422018348624
DDRAFKDV,1458.1284403669724
VQWGEWVQKH,4979.848623853211
NYERYHALG,5914.275229357798
NERVYWSG,9494.619266055046
EVDPNLVAS,1379.1100917431193
QWYAQDGHVA,5160.128440366972
NLFSHLGYNL,11804.743119266055
EFFGPASG,4083.738532110092
FKPRPVQFKS,3038.064220183486
PYVLSEQPSGQK,3222.5183486238534
GYFRHEYALS,11084.288990825688
RFLGEPYFHVL,24887.371559633026
ERARFNLG,4110.894495412844
DFERENDRYWAL,11179.174311926605
DQEHVKLQREAS,1052.2339449541284
RVVGKQYKHS,1771.665137614679
GDWKEASG,1146.3073394495414
WAYWWGQNL,16541.17889908257
EHPKDADEDVSG,1018.2155963302753
SGENFYWPYKDL,10840.481651376147
DRWLYSFRVAG,19662.711009174312
DPWGRYKKV,3171.711009174312
WYQYPKSG,4217.48623853211
KYVDPVLSG,1932.4724770642201
FSYSQGYSG,3383.830275229358
KSDVGVWNG,1753.0963302752293
VQDALYFSG,11725.29357798165
FLEKYGQRLSG,4617.518348623853
GESHAHASG,1468.0688073394494
YGSEQDLG,1610.119266055046
NRDSGLNASG,1255.7064220183486
KRKAEHASHDL,951.5504587155963
EFLDHAG,2783.3119266055046
HQLDAQSG,1207.908256880734
SKVRDVPSG,1038.7018348623853
VGLEFRALSG,7313.165137614679
WDHWVGPNLSG,8794.5
SRNLEPRWN,4624.165137614679
GVSQFDYS,5267.256880733945
PEEEDAG,934.848623853211
SFAGVLWKHL,11179.440366972478
PWKNEGFYWKDL,9309.784403669724
VFDNYKG,2396.6009174311926
HANDEDRYLS,2130.151376146789
RGVKEWKS,1094.1376146788991
NYYGASG,2244.330275229358
DQDDYVG,1246.7844036697247
PALHDQDFHAG,2333.798165137615
VPHHKDAS,860.4266055045872
VFPQNLQEPYHA,3598.9816513761466
DDLREWEHALG,2958.238532110092
PLLFPVRYKG,13743.683486238531
YYVQPFYHDVG,11193.151376146789
ASWHWDWNKS,5249.100917431193
DQAARWASG,1798.1100917431193
VPRVEWALG,3544.3669724770643
YQHKYWALG,6101.192660550459
RVQNKDFGYLG,3436.6009174311926
HPQNQPVSG,1085.8899082568807
YLPELGHLG,4103.775229357798
DVPYNGHSEDL,2008.7752293577983
HSSNFYAS,4545.09633027523
QKHANYWQPKDA,2002.119266055046
RHWPWKYNKS,3384.298165137615
YRDQDQVG,1674.3761467889908
HGHLLEKLS,2370.798165137615
HPVRHFHG,4318.183486238532
RHPPEYKVA,1480.8623853211009
EQKKQRHAG,776.3990825688073
FYYGWVHALS,6526.155963302752
EKEGGEHDVAG,846.7155963302753
GKNKVLVS,1605.7339449541284
GYVEPQYL,7973.899082568807
FKNYEHLG,2872.9311926605506
ALEKLRHDKDG,1457.8440366972477
QRDKGRKGKAG,655.756880733945
EWHWPALSRD,11043.41743119266
VNGPAKDVAS,1115.802752293578
FPWPRYDLGFKV,24723.24770642202
WVNAGWKRYWKL,11100.912844036697
YVDNRENKHASG,1526.9174311926606
SHQHDHG,1612.151376146789
AKSVQYASG,1620.7247706422017
SRREDELSG,1097.7293577981652
VRHSPLYKL,6334.059633027523
LGLFLRVG,26598.981651376147
WSGQFQHLQYL,21140.711009174312
QHFARWQDS,5890.908256880734
YHHQDRWHDVA,4295.279816513761
AKDRVEVSG,945.5550458715596
DHREQWLS,3136.0229357798166
YDELGPQNDV,2359.293577981651
FVLNKHLVGFPY,18430.096330275228
WKQDNKEPWNS,2365.5504587155965
DQRPVFFREALS,7278.261467889908
DEGRGRVSG,1877.8256880733945
LEYAHVEYNHV,8494.536697247706
LASHFRPYKVS,6472.3899082568805
QELEAWHVLSRW,17889.619266055044
QAESWAFNVAS,5816.311926605505
YVAYKPYGYNL,10501.825688073395
DQYHGNDAKH,1451.3761467889908
ERLRAQHAL,3163.935779816514
YPGDWSG,3808.9449541284403
PHKDLEPQPHD,1503.9587155963302
GPFEELG,1654.2752293577983
QGVDPDLG,1561.7293577981652
NFWVHLHDG,14808.325688073395
WQYKGFENFKL,9956.93119266055
NNQSDLSG,1429.2522935779816
PNAWWKLFPW,26555.183486238533
REWFALQFVYND,51813.87155963303
QRARNVLKHPKH,2173.6651376146788
SDAYQVAG,2156.587155963303
WRSAKLG,4337.532110091744
EWWQEPKHRYWN,11928.339449541285
EAFGRNHELSG,2244.4954128440368
FVNEREDL,2359.7477064220184
LEPDVQELGEW,2816.7477064220184
KSKHKVSYVAG,1560.6009174311926
EQFENWGQFYW,32134.642201834864
APGNKQVS,1004.2660550458716
VHLPSNASG,2008.591743119266
RKYKFDRNDL,1789.3119266055046
GQEKVSKQFYN,2901.7522935779816
PYYERNLG,8263.545871559632
AVFPRYHDLSG,7609.353211009175
GEQRKLPALS,1778.6467889908256
VLDSYRPNVG,3415.532110091743
PRKWLEVS,3351.793577981651
FFAEQYVAG,6769.766055045871
QQVNHFYNDAL,6554.752293577982
VDPKRALSG,1266.8623853211009
DPRFASG,1921.9816513761468
HWRQYKALS,5240.94495412844
HEPWKGAGQWN,3607.077981651376
RLLAWVLSG,15517.385321100917
RVYNQFDAPYNK,6525.908256880734
PHVKNHRPYLSG,4535.178899082569
SPYFREGEPYKS,3400.646788990826
KHERALEKSG,848.4770642201835
HSNRGEWNDG,2756.183486238532
HLKNLSYG,4704.435779816514
NYLGGHDG,3976.376146788991
DKFAALS,1870.7247706422017
NPPLSYG,3153.8073394495414
WQRPLQAREHV,3219.880733944954
DQKAKGWNKS,950.6467889908257
RAVWVVAG,15242.243119266055
QFFASQWRPVS,10465.316513761469
RGQNYALNKHS,2931.183486238532
LRHSAFKHVAS,3871.3669724770643
EGKFVPWNKALS,2795.0412844036696
RGSAQPSG,1404.467889908257
NESFNQSG,1974.697247706422
DWAHRWDG,8809.477064220184
WYFWQREPKA,6051.633027522936
EFNHWVSYWASG,16410.018348623853
LSGQNENHFYV,9170.683486238531
LRVLAPNVLG,10524.853211009175
DLYHFQFVASG,28500.990825688074
WQDKKDVS,1514.01376146789
ASPNRDEYVALS,2737.0045871559632
EANGRPYYVAS,7594.59633027523
FQAWWKHDS,5802.9495412844035
SSFPVNASG,2116.243119266055
DLSASEDVWD,2686.4311926605506
EFDHLYDVAS,5100.036697247707
FALLYHVPNKL,13171.642201834862
GRESSFRVAG,3756.912844036697
GKWSWLSG,7435.155963302752
HNVGGWVSG,5562.344036697248
PDSPRYVSQWD,6913.325688073394
SYNEALWHDL,9990.642201834862
KANHEVQPVAG,1233.3899082568807
YYKAPVYWNKV,7412.197247706422
FPYFRYSVAGEW,27471.169724770643
LFKFLNHDG,5637.926605504587
NPWPKVEHAG,1964.7201834862385
LQLKLQSG,3848.5137614678897
LGHLHDRYHDV,6964.573394495413
EWSGESKSREA,1340.788990825688
NSDFNAYNKDLG,2496.52752293578
RDPDYHRKHDG,1920.2293577981652
ARKGLRWDVA,3257.3440366972477
KLGRYSFFHAG,9321.38990825688
PADYEYVLSG,7482.105504587156
NPHRFPHVG,4700.646788990825
PRRAFRHVAL,6224.738532110092
NPYFWKAPKAL,7558.348623853211
FNHVHDFKLFNA,10702.811926605504
FAPARKPWDASG,3010.761467889908
DGSQVPHAG,1477.440366972477
NVPPKWKDVASG,1524.3394495412845
WGHAYVQPDL,10460.628440366972
HPAEDHDV,1218.6605504587155
WEKVHAPDVAL,5442.01376146789
NFAYPWG,14463.944954128441
WGPNKVPRENL,2544.0550458715597
GEVNAYHV,4925.128440366972
KFWYVPWNKHS,7233.380733944954
KDSEKRGRWKG,1048.7522935779816
PKAWPKVLQYSG,5450.114678899083
FFDKNVSG,2273.298165137615
KNSKVYSG,1126.211009174312
VYFNKFAS,6490.798165137615
FWKPLNVGQWLG,11491.211009174312
HAVRRNSG,2404.743119266055
VKDQSENKS,665.6100917431193
FQEGDLEYHSG,3928.9816513761466
WRKDVWLPWDS,16656.119266055044
ADADLNVSG,1481.2522935779816
LENHGNDQFA,3355.454128440367
DHRHFSG,3214.8119266055046
AYHKWDVALS,5124.532110091744
WYDPRHG,7788.5091743119265
RGYGKLFPYWV,16572.261467889908
NPWAQENARWKV,4684.729357798165
DYNFWVRPWNVL,26587.84862385321
KRKDSRWDRYKA,1710.4724770642201
VWNLSSHVAG,5620.155963302752
GQDRWLEYKAL,6941.683486238532
SRYDGKQFDLS,4323.082568807339
KWVFSQVL,17935.146788990827
GFRKPKAFKDA,1620.5642201834862
DNDGEYQYWKVS,4433.293577981652
AEGDDAG,1152.059633027523
QAPPVQPWHVA,3668.1743119266057
RDEWRREPWNA,7087.399082568807
ASHAASREHDVG,1420.5183486238532
DSFWNLEPQFAG,10200.97247706422
WQADLWDS,10108.385321100917
KSRFFPWKDAL,5010.376146788991
WAGYSQFGYHG,16789.743119266055
HAGEVFKGFYA,15798.330275229358
YPYKSKDFENKA,1762.467889908257
EHKGPWKDNVG,1531.926605504587
NFVWDVHLS,17511.43119266055
HWPVQPNKVAG,2841.8440366972477
RLNQAEKHG,1590.9311926605506
FSANLKLSG,3303.6559633027523
QNQKQRLGEPL,1553.848623853211
SSWHQASG,2967.922018348624
FWWYNSEWH,16758.688073394496
GRHVSDLWG,6730.40366972477
KGGHQNSG,1133.0275229357799
NHKLSHPYG,4219.995412844037
WKPHLKSGALG,2866.3119266055046
GQHFKLGHDVS,3234.6146788990827
SHGDRPASG,1351.0825688073394
PQHDQDSRPDVA,1422.9770642201836
AFVQPVYWV,37105.706422018346
HGKLKSFEHLS,2359.1743119266057
NGPFGKDG,1894.2477064220184
SDSRHNKAG,1322.454128440367
PWNPLALGDAS,3464.6559633027523
QDYSGVLENHL,3746.669724770642
WRHQFYEALG,15411.724770642202
HRDQEEYKDG,1396.2935779816514
FNDRHGHRHS,3502.9495412844035
WLWPAFNKDLG,12209.88990825688
VGKQRKVGNDLG,1250.7981651376147
WRSPNPAS,3760.3853211009173
ADWVKHVG,3021.229357798165
ADGLRHVAS,2852.967889908257
EVSWYWQPNVA,9096.655963302752
AKVWHEDLG,2835.316513761468
KKLFQKVLS,1731.9036697247707
WWQKDRVSG,4149.481651376147
FAQRNSRGQKAS,1906.1238532110092
WLGSAFYWNHL,19666.775229357798
VGAKVYDVAS,2164.5091743119265
RREVLGRAPWK,4042.3990825688074
AQPYFEQEWVA,5292.201834862385
RQDYQKASG,1715.2660550458716
WSRGYLPYHVA,15063.995412844037
WGQVELSHAL,8087.9908256880735
YWNEPSGNKVFN,4022.954128440367
REKNRHQEAS,1250.880733944954
FQFGFVPALS,19676.26605504587
PDRWNFRLQRES,6505.284403669725
YPYFQPAG,8112.4495412844035
NYHEKREPYVS,2952.2477064220184
VFEPAALGKAS,2171.564220183486
AELPVQHLG,2984.238532110092
LWGPWRAG,12457.229357798165
GWLYARSG,10902.51376146789
QHHNVAFPYNVL,13421.059633027522
YPPAPYALG,6034.100917431193
SDGVDASG,1270.98623853211
GVGHQDG,1831.605504587156
FSVARAWNG,6315.637614678899
AYHWEWHS,11676.224770642202
QNKWGRELFNKA,3711.4036697247707
KRPFRQREYLG,3976.9862385321103
QNQVQKSFALSG,2813.894495412844
DLAVNALG,2544.637614678899
QNFGKHGEYKAS,1853.3761467889908
AGFWKGRADAG,2840.7752293577983
HGLSQNAEYA,2527.876146788991
NYDVPYQEKDA,1978.3761467889908
WWRKRNSG,3654.816513761468
EELEVNVG,1786.032110091743
QKHEGEYDPG,1259.5825688073394
RDHDGNLGPSG,1940.4495412844037
DFASSFSG,3595.0366972477063
AGRAAGRYNAL,4175.834862385321
AYRPWPSG,6663.036697247707
VQAWLEPWNDAG,5507.270642201835
KDFKNDGHVS,1390.802752293578
DEERDVG,932.816513761468
SGPRDFREAL,2134.0229357798166
QVWGGFNHAG,6139.894495412844
HGRFQYNG,5399.665137614679
DQGLWKDVLG,2683.270642201835
FKKNDFPYWNVG,5392.45871559633
VWVPGVALSG,7207.293577981652
YKSAQAFYNV,5440.522935779816
VLQAQYDQHAG,2699.532110091743
FSYYALPNHDS,4757.98623853211
NQESFDGKSG,1468.2064220183486
HQKDGDLSYHS,1927.0412844036698
KFPHWFRVLSG,12130.967889908257
VPEDKLSG,815.8211009174312
PEPGQFQRYHSG,4192.495412844037
EWPAFRWQPWN,17372.4128440367
DRASKRDAL,1167.9311926605506
KWHVKRYWNKAG,2758.545871559633
YNQPLQEASRY,3232.623853211009
LPNALQEPQFRK,2246.6743119266057
FFHRFEPNDLS,6105.233944954129
DSYGPWYHSG,9341.770642201835
WKLFNHQHDAQW,7962.481651376147
YFQVLQDSG,3721.440366972477
QDPASGLSEYNG,1519.4816513761468
RHRRVSDAS,1542.665137614679
RFNYKAFPWNL,13557.600917431193
WQRAVFRYNKDA,8578.866972477064
KVEYNRSQEPH,2355.6559633027523
ESHVLRFWVAG,17927.366972477063
DEGRLFDSG,3192.376146788991
DDSVPDG,1322.3256880733945
VPKHHGPYVL,5760.3899082568805
WHQEWAYWAWKV,19730.954128440368
QYEDAWGPNHV,5160.247706422018
KLNQWLRPNA,3788.3577981651374
EKKDPAGREPWD,1228.2339449541284
NGFFNSQRKL,5683.412844036698
EGPHLGDRWVA,3270.243119266055
HGPWAWASEPN,3690.637614678899
DKRLKASG,844.4128440366973
PRNLHFRYNDG,6302.454128440367
WWEYAQHSG,7246.637614678899
FEESPHLRPHLS,4227.1697247706425
LQERARDVAL,2884.711009174312
YRNSPHAYDL,5643.463302752293
YPLFAQREHDG,3394.908256880734
WHHPEWVLG,9779.555045871559
QDGGYNFEPV,3142.798165137615
SYGVGRHG,2788.935779816514
FNHPLQEVSENH,1534.302752293578
RNNEGYDSG,1497.2431192660551
HNWHGYSG,6470.238532110092
QYRNVYVAGWL,22411.866972477063
YAHYKAQPWDV,6371.316513761468
GRPPQFPWNAL,7258.114678899083
HLQHWQPWLSG,13791.58256880734
KVSVDVGPNKAL,1836.045871559633
PHQASPSFHG,2537.0825688073396
YYARRNLG,5057.51376146789
QWWGNYNHVAS,8004.743119266055
VEQWNQNKVL,3103.5229357798166
AQSDWKSG,1260.1559633027523
RSFQLEYDALSG,6836.045871559633
PYFSHAQEPWL,18641.92660550459
VEFHDKVALS,2970.97247706422
NLGRAQYPNHLG,5483.073394495413
LDRQRKLS,1941.4311926605506
ADYWHPG,4799.733944954129
QDKGELQHG,1020.9816513761468
PLAWSFDVG,14029.724770642202
PYYFKDRYNVS,8294.54128440367
WNQSWKFKS,4562.619266055046
KEAWNGKLS,1497.1788990825687
PEHEKRWG,2174.954128440367
HYHHRPAG,3289.816513761468
PSDEYVLFN,12655.62385321101
LHQRQPLG,3003.8119266055046
DVEWEPQFRHDL,10193.091743119267
VEWYDQNKA,2857.330275229358
RSPPKREPWDS,1783.7522935779816
FLFGNVLEAL,9588.220183486239
PFQHVWSG,9547.284403669724
RGEVKAFYVAS,12172.619266055046
EKNPVRKDVAS,841.9954128440367
VQGAALSG,1401.426605504587
KWGRHNAG,2837.9311926605506
HVGYSFALWKLS,19130.142201834864
RHHPGQNDVL,2288.412844036697
YVVKVPNHDLS,3890.0963302752293
EQYDEKQYHA,1638.9495412844037
VQAYGRLSG,4287.412844036698
LEVQVEWNHL,9699.79357798165
DWEDGWSG,6073.9908256880735
LQEFPNAHASG,2653.0
GHDEDWKLS,2090.5137614678897
RLDNEKSG,1116.7844036697247
YLGNPLFENVS,8048.981651376147
KQEGWLKVG,2956.4449541284403
QDGYAGYDNDA,3838.821100917431
ENRLGGKDAG,1189.2477064220184
PAYWPKVYSG,9553.788990825688
NVSASGRAFWD,10520.591743119267
EYRKEPFVLG,4107.688073394495
APAHGRSG,1379.3256880733945
ERARVPLSG,1797.8853211009175
PSYQHPWKHAL,6399.660550458716
VQNLDSQYWHL,12224.646788990825
NANEYDFVL,10381.674311926605
GRWPLFWNKVS,11433.743119266055
EFHEKKALSG,1098.967889908257
GFAPQPKLSG,3123.1146788990827
KNGHVWLS,5403.40366972477
DNVRKWNKVLG,2314.47247706422
LNVGWFDS,15644.48623853211
RYVNKFDVLHD,6848.9495412844035
EGFDANHYDVA,3716.4770642201834
YNRYHRGFNDL,9342.279816513761
NRDSDGPYWNS,5467.568807339449
WHQNDLFPLQFN,24506.06880733945
DVKNALHG,1607.1834862385322
KLESNFHDALS,3152.422018348624
PSDKVGPLS,1517.8256880733945
KEAAFKVS,1503.5091743119267
QDKEHRNKVL,982.5779816513761
KWPVPSG,2613.5550458715597
EEDLVLWNHD,5653.220183486239
RVKGALPDALG,1931.4174311926606
KDPQGRKLSG,988.1467889908257
ERDSGGRYHL,3015.0412844036696
SQGHSESG,1126.211009174312
LKSLGKVG,1681.4220183486239
PQEKKHFALG,1598.3165137614678
NQVWGQAG,3060.738532110092
KYHDDPYWNS,5785.536697247707
FYKRESWLPKAS,4089.683486238532
ALQKENLGNA,1287.9357798165138
KYLYARLG,9313.321100917432
RHYYWKLYVL,21299.10091743119
NPLRKRVS,1920.6605504587155
PFASFSFLG,38940.92660550459
NRLHEKLSG,2037.5963302752293
YFRSHVEPDG,4053.9770642201834
NSPVWQFNG,6446.908256880734
YGWDQYKRALSG,5980.54128440367
RSRLRFEDALS,4155.94495412844
YKKYVSWNK,2279.738532110092
FHQDQWVWKAL,12783.711009174312
WYNSKRLS,4624.821100917431
VDLPLWVAG,9972.08256880734
ERYVDVHDVG,3253.559633027523
VEKDLWNPHG,3024.7201834862385
PFPGVGEYWNS,5836.275229357798
WELQVQYWNHG,15013.848623853211
DDRVLWG,6051.5091743119265
VPYYPWKDALG,7013.5
DWKFGEWSG,4679.665137614679
KDYAFKWVSG,4244.738532110092
RLGQAYWFELS,23640.059633027522
VGGNRKDG,1488.1422018348624
HGWLQPSRPKAG,3488.8715596330276
DRLQDLEPYNDA,2769.1926605504586
DAQYEPQDVG,1520.926605504587
LPDSSFWNHVA,4504.197247706422
SNQRGDG,1510.9220183486239
NQDHFVSG,2896.4587155963304
YKDWVLPWLYH,22400.92660550459
NFRRWSWHLG,15344.224770642202
ARHFGRDG,3853.9954128440368
ARAWHYLG,9584.412844036697
EHVHPWDYNKDA,3530.6605504587155
YDPSWNENAL,4813.628440366972
KEHSQAFYWV,11947.720183486239
GVQNVDAS,1302.8302752293578
VPWVEFNKS,4275.215596330275
HEQAWKASG,2159.577981651376
DPHESQEPWLS,2400.738532110092
HLHLDAFEDG,5571.811926605505
HKGADLG,1340.1880733944954
FLWHFWNEKV,10459.256880733945
HPFDYDSG,3874.8394495412845
ADENFEPYNDAG,2273.9495412844035
VAYEFEHALG,5077.334862385321
FDNRYKVAHDL,5061.922018348624
DHAPKNDVG,1118.3623853211009
YDAGGNKFPWA,6639.853211009175
VFVGYHVLRNDS,11914.37614678899
KQKNAPLG,921.7752293577981
PWQNHGWAGRD,8637.08256880734
VPKDWGPWNKL,3875.651376146789
KFQQFVALS,11091.009174311926
NEWYVFYWNK,17681.729357798165
LGLGSYVAG,5288.5091743119265
LGNYNEWNKAL,4411.527522935779
RAQRNLWHRKL,4860.876146788991
SREWNYVSRYHS,11008.422018348623
WWNVAVESG,7111.408256880734
VNHWKEDG,1892.032110091743
ASRDSFHAEVL,3158.146788990826
WEEKREAL,2287.770642201835
FNESGWNDEDVL,4358.706422018348
FGSAPKDALS,1927.5550458715597
YLSFVSFRRYKD,19804.022935779816
WRPQSQYWNKHD,6312.371559633028
GEDENRYHS,2282.032110091743
VQHRQWKALG,3474.2522935779816
HDSVNSRHLG,2699.9266055045873
SPWLSQWGWDLS,18450.922018348625
KERPYEPKSG,1353.6284403669724
GFYNHGWNPYV,19562.839449541283
QHPFGPYNHASG,4103.536697247707
EDNHHVEYG,2811.967889908257
ESVAGKEDS,827.8715596330276
FGVFFKVSG,24656.79357798165
GHFVYVG,23153.55504587156
YPAWSALG,7557.183486238532
PASGDAEDAPNG,1097.3532110091744
EPWWDGYVAGK,10688.467889908257
PNNFFWHVA,16479.55504587156
KAYSRWKVLRED,3509.6559633027523
NPDAYGRPYWKA,6859.600917431193
QKFYQPLKHLG,5279.082568807339
EDSQKDREPFPW,3409.178899082569
FGFHGDVGQEP,2768.651376146789
DFRYQDNDVAL,5203.981651376147
QKAKDKRWVALS,1325.7201834862385
PEHVNGREYHA,3000.8119266055046
AQNPAEYALG,2187.321100917431
YFRYAKGQRPL,5594.133027522936
NYYNQVG,3342.798165137615
QERVHLSYWKS,5563.807339449541
HYAERPVLSG,3437.4449541284403
EWLNLPHRHAL,10290.449541284404
DWHKDYAG,2688.105504587156
RQPLNHVLQFWN,15702.100917431193
KVHKGVALSG,1437.7339449541284
QVERFEKS,2163.756880733945
HFQHFPALSG,7734.844036697248
WLQSPLQNDVS,3888.922018348624
SPYNLVSNS,3259.4816513761466
ARVQDHDVAL,2162.105504587156
KEQFFPLG,5575.05504587156
LEHDNYWKHAL,7173.724770642202
FGRVYLFPS,34807.45871559633
PDVVREYFEKV,4913.724770642202
VHSEQYVAS,2146.064220183486
QFGFSNDQPL,6725.032110091744
FNNYGFPNHD,7827.98623853211
AYHEFPWNHA,7215.770642201835
WSEFFRYNV,15217.45871559633
YRGVLEG,4620.064220183486
HLPASNVHVS,2415.5366972477063
DVQAKHVLEPG,1418.8899082568807
EWFSRPYDFRKH,11407.509174311926
LGGVLQPG,2977.678899082569
ADYQNLSG,1861.6559633027523
NEVGHLNKHVAG,2445.238532110092
AGRQEFELSG,2072.3119266055046
SPAPSWHLS,3229.8394495412845
HDYRAFEKLSG,3209.4816513761466
APRDVRSG,1263.0779816513761
RFHQSWHG,6781.692660550459
LSVFHREYWNG,11558.059633027522
SYEQFKHDSG,2027.1834862385322
LNAWPALSG,6701.788990825688
VYWQPGFRWDA,18539.610091743118
GPSPGKLG,1037.467889908257
YHKLQKHENHL,2047.7660550458716
NGHQRWNYNL,9629.761467889908
PFRRRHASG,3342.3440366972477
FEDELGFVYNAG,10555.839449541285
YLERSPYWNDG,9024.839449541285
DQPENQPYKV,1496.697247706422
LLNAESG,2026.4311926605506
FVAREEWFWALS,26788.0
FKDVRDRPPHD,2340.362385321101
YSFKKQYWS,6426.766055045871
LALFVRDLS,33612.62844036697
WFWWLSWNDG,18875.19266055046
QERPWHWFPV,17165.39908256881
NEGYQPDLG,3266.4770642201834
RWDKYASNKDG,2142.298165137615
AYQQFDASG,2704.105504587156
GQPYAEAQFNL,5410.752293577982
GWDPWRPYWDV,31572.481651376147
GESLDSG,1860.2018348623853
YQNLRKQFPAL,8075.435779816514
NVQYALELEWKG,15839.724770642202
EGDASDRKHG,996.7706422018349
VWRDKLG,3649.256880733945
AKHWGVALG,4477.334862385321
NWYNWDVAL,18916.738532110092
NWHSLQPYKHVG,6986.472477064221
NFGELRNKLG,3784.298165137615
GWFERKSG,3711.559633027523
AFAGSYNVALS,7622.724770642202
ARHQKPKHVL,1581.3394495412845
PRKFAELSG,1805.697247706422
HGHVNSGRWH,6778.568807339449
NEWPNPNDLSG,3739.3990825688074
QKLRVRVPKDL,2378.0733944954127
VARGDENKHA,1090.834862385321
PVAAFEYPVASG,5696.463302752293
AHRKVRENHSG,1456.467889908257
QDVDDFYWKHA,3522.770642201835
WGPHLHSYHVL,17129.371559633026
ERLKEHVLS,1379.0275229357799
SFEKAYRPKDV,2553.97247706422
LAQFRHEVS,3270.3119266055046
KQGKADVAS,654.6651376146789
YRVKRYSG,3579.701834862385
YRNVKQYKG,2362.238532110092
EDRHFVSRWKLG,6000.243119266055
SWAQYNHRHDV,5443.775229357798
RFYYHPWNDA,12698.821100917432
RQPHDKLFPKVA,1820.2935779816514
KSESAGQFWL,7031.857798165138
YQQLPHSG,2631.7522935779816
DPVLWFNHLG,12483.105504587156
AYQGDLG,2386.9816513761466
VFKNFASG,3285.8990825688074
GYELKSG,1709.1743119266055
HRWRRYKHVAG,4430.692660550459
WYVSRSPKLG,7904.366972477064
DDVEPFDLSG,1882.4587155963302
NLRHYNVEYND,7772.646788990825
PKAQKEPSGRWV,1766.9587155963302
NPLGYPKASG,1748.9633027522937
EDSVDQEYKDA,1030.2431192660551
DVLRKQERENK,935.7293577981651
FAAVWNHDAL,7355.582568807339
DVPQWKDFDS,2313.197247706422
NVPSVGFNHDL,4287.201834862385
QRSPVLVLFRV,38883.036697247706
ASQWAYWVQFNV,33294.37614678899
HPVEHYDLG,2850.1559633027523
PDEFNLKHDVA,2139.5366972477063
NYWFQRYDVS,12342.004587155963
WAVAYDWAS,15007.559633027522
WPSNAELS,2303.853211009174
KKKSDAG,497.3211009174312
KGGQEEAG,548.9770642201835
QPKANVSNRNHV,1892.2155963302753
QRYESRVFPHL,10309.02752293578
SNKWAGWHDSG,3246.830275229358
GNQRWKHNAS,2133.201834862385
NLSYKENAPWLS,5701.05504587156
EYVGVLKHFRA,8427.894495412844
VASGHWKHPYDS,3515.8669724770643
SKAHVWAG,2681.7477064220184
KERSNASG,760.3073394495412
KKYVKALSG,1016.2018348623853
VYHQSRLG,3227.3577981651374
ENHEHFHDQVLG,2767.6284403669724
AGKHKLEKHAS,681.9449541284404
RGPASKQLG,1006.7018348623853
NNPARALSG,1966.6009174311926
YSDLGNWKA,2875.1284403669724
KNFLFLG,11650.715596330276
QKPWPYPYLG,9274.224770642202
AGDAGGPHVAS,1329.545871559633
LVPSHAG,1834.591743119266
KQVLNGFHVAS,2906.0137614678897
FFWFGFWDVS,12787.325688073395
RFQEDSVG,1800.908256880734
HEVHNLG,2625.848623853211
VWGVQYSG,6686.366972477064
QQEPWYHLYKH,9120.055045871559
VDWNWVLSG,9983.463302752294
QKHRSQEAENV,867.2935779816514
AWSKYVLS,7236.045871559633
FWREPDRAPSG,3070.591743119266
HHLQQYLSG,4200.119266055046
NLFHHDGRHDVL,6584.027522935779
NYNQDNVLSG,2069.47247706422
ARPKVKAQENDG,765.6743119266055
WNRDDLGYKHL,7236.802752293578
WGVGSREPDAL,3400.4587155963304
AGRGNAQEWG,2468.0137614678897
SYYNQALSG,2972.954128440367
EHRKPWHYNK,2667.4495412844035
RNKSQEFRGPYW,8480.821100917432
EPWDPYVFDYWL,30021.467889908257
GKEPEDG,886.6376146788991
EAFFEWNNALG,8926.114678899083
FASLQYRPHDA,5459.981651376147
PKYEEDALG,1177.9587155963302
RKFVGWRKHAS,2623.376146788991
QFEFKHYSREWL,10791.422018348623
KRDVQKLYVG,2196.8899082568805
YLDSVEHALG,3583.0963302752293
FYDFGHDVWNAS,7398.733944954129
KSSEFNLG,1315.51376146789
KHRWEKHAGPKV,1458.9633027522937
YRHNNKVSG,2003.3302752293578
DVDDDVAL,1412.2018348623853
RYQAWNASQWAS,8582.90366972477
YYYWELSG,9935.990825688074
GDLVLYSG,23496.711009174312
VLEWGFNAYWV,25802.688073394496
WRDHQRAS,3757.7798165137615
DRFLQVLG,7885.233944954129
PWGELDEYNKS,4438.440366972477
YEYRFHDAL,8576.79357798165
LEVGSGRPYKVS,4329.077981651376
SWRWQRYVAG,11496.798165137614
PQKHQYYNLG,4361.793577981652
EVYHGDAGFDLS,5493.701834862385
RHQPGEYWPYVG,10754.669724770642
QVVPYAFPWNAS,10782.256880733945
HNFHQWG,7403.724770642202
EPRPDVRYVYNH,6656.334862385321
FHDENQYHGEN,2816.9587155963304
PLDSRPYLQPW,18579.688073394496
FKESLGFEYKAL,6037.256880733945
SFEANDPNHG,2878.2247706422017
QFAAKVHDAG,1968.2706422018348
EFKFSYWNKL,7755.146788990825
WEWNKHHARYK,4673.454128440367
NNNDKSG,979.0825688073395
EKSGFYWSQPHQ,4339.600917431193
PSQQLFEDSG,2207.5137614678897
HLYASNQFKHAS,4771.6697247706425
HHQELHSG,1831.1284403669724
WVGYPSGQWDV,13219.912844036697
FGVHNKVALS,3800.954128440367
SNLVDLSG,2894.8440366972477
FQPYLYKQPVAL,14252.334862385322
FPPHYHGFPV,14962.055045871559
WPAVFYSG,32521.201834862386
LQLVKDG,3021.935779816514
DVYYLSWKHV,22698.876146788993
QLFWPDRKHD,5747.665137614679
GLQRSNG,2200.9770642201834
HAYYEPWHD,14387.899082568807
SVKHPLSG,2085.605504587156
QYNLALRELSY,18105.408256880735
HEFDYLSG,5665.729357798165
YVFGYQEPG,6972.568807339449
VYEWHPG,6609.412844036698
ADLWNFHSG,6887.977064220184
ENLHNHPWHDA,4833.862385321101
GDYRHLSG,3544.7798165137615
DYWKGLFDLSG,6399.793577981652
NAKVQHSFHL,5373.651376146789
KPKDYWNASEKD,1096.0871559633028
YNFPYHKGPHS,3895.183486238532
DSAPRYDVLS,2832.201834862385
VFFHWKLSG,8544.633027522936
YPALRQEWDL,7149.252293577982
KQRVWEHDSG,2388.0412844036696
DPDEQRVLG,1206.4357798165138
KNGDKDALSG,861.4862385321101
NWQWRAG,9696.321100917432
DLWQDFRENG,4233.55504587156
GQEQWHQEYKL,4058.059633027523
KNWHHLSG,3569.577981651376
DNVNKRVSG,1188.2201834862385
PKVDEKDQWKAG,935.7018348623853
HAQWAEDWNKVA,3130.1100917431195
YWWLAGRWHAS,14698.605504587156
HSPEQPNDVL,1693.3623853211009
RNNGVAFRWASG,7972.98623853211
RSKGAGHG,1209.6926605504586
DFAEKDVYDA,1771.3211009174313
SVGPHNDS,1712.9036697247707
EYWWHLQLDVL,33933.38532110092
YHSGQQYDNKHS,2269.02752293578
FYDKGYGFWNH,8336.48623853211
ASDYYDAG,3282.798165137615
GRFLEVLG,8599.440366972478
RGDLFVAQNDV,3985.087155963303
KGHWNKLPKHS,1492.426605504587
KLSVKVSWNHAG,4308.706422018348
LHARAYKHA,3145.0
VFEPPKAFVG,4526.064220183486
DEVGPRWNHDG,3454.770642201835
WLYDYVQPAS,8559.747706422018
YQVVYWHALG,23716.376146788993
QGAANHSG,1401.7293577981652
NPGKWDSG,1718.559633027523
KNLKFPAS,1340.591743119266
VSWFRSEVG,7737.793577981652
SGGEPLEPWVG,3691.6422018348626
PEQRSKALG,1504.3761467889908
WEVVSWVLSG,32462.24770642202
GEYDWLGAG,7867.027522935779
RASDAGQLYHLS,5254.756880733945
EAPLPQKVS,959.816513761468
VDSEVFPHLS,3599.2798165137615
PEYHNKDPNS,1428.98623853211
FQWEPGFHDVAS,9234.536697247706
PFYWYHQFENVG,19207.646788990827
RRDFAGHDLS,3826.408256880734
RWQDHREWAS,5804.068807339449
VNLRNYKS,3617.0825688073396
APFLYSG,9478.380733944954
EQEVVLRPKAS,1855.2201834862385
FQGPQRLSG,3733.3715596330276
YLVSLSWKS,14652.353211009175
RARREAPYVA,2606.738532110092
QASLHDSPASG,1396.334862385321
HEWVEWYLG,25200.422018348625
LQKVHSWHALSG,4885.48623853211
WSDGRSFVS,11375.779816513761
YYLWNKHLWKD,7856.784403669725
QLFAYNVAHD,10685.51376146789
NGWSGFSYNKVA,9471.155963302752
DQFNWVAEPYH,11907.481651376147
PFQVGRVG,5978.068807339449
NGDHSNDLSG,1726.2201834862385
SHFHFKHVL,8848.151376146789
EKWWFRPYKLG,9422.766055045871
GPFFDSG,5318.733944954129
WYSDHLSG,7368.678899082569
YWFESERDVLSG,8254.036697247706
KFAKGNSG,1110.059633027523
KQPDFWFREYSG,7915.238532110092
FLDKDGVASG,1895.545871559633
DVFGNVSWLS,13876.600917431193
ADEHVYVLG,7140.353211009175
ARPLLQNKHDAG,1636.8577981651376
RYFQGFYWNKH,8947.495412844037
NVHHVQVLG,4413.623853211009
RDNRGFPYNVL,10977.62385321101
GVRNDYLSG,3480.2201834862385
QWGAALYKHV,9441.724770642202
PFFGDALSG,10040.142201834862
FPVDVAWSFWHV,38836.0
EWYGAPYKALS,10563.862385321101
FEYEVGFDGEW,15937.270642201835
PRHAENDPDVG,1478.8761467889908
YNPEPWQWHDAG,6672.431192660551
ESVQWLQNKA,2203.4311926605506
DVWQQKASG,1987.1284403669724
KHGGSGRPYKV,2506.0183486238534
NPHREQEALSG,1125.2752293577983
DGWQNDREKDSG,1393.0412844036698
RHVGSGSEDAL,1510.045871559633
GEQVVLSG,2820.211009174312
PAWLWDGQFDLG,23347.981651376147
RHPAAQENHA,1377.045871559633
WFLEHSHDAL,9995.747706422018
AHGYKPVASG,1840.7247706422017
WGLQYLPKG,9569.243119266055
QPAAHPWKALG,3860.4174311926604
DNWDKVAL,3104.935779816514
DNDGRVGFRSG,3559.577981651376
KKHEYWNWKDA,2274.0825688073396
RYADQENFYNV,7627.477064220184
FRKWSGRRND,3141.045871559633
FQEWSVGQKHDL,5604.8302752293575
EPEFDSEPYWH,8368.655963302752
YDNHVEHRNVA,2685.2201834862385
YKHQDSREVAWH,3424.2844036697247
VDWAYDVA,6142.628440366972
AELRHHVAS,2737.4266055045873
LRNPVEWG,5332.894495412844
AYFLSKLG,8868.045871559632
NLHQGQVALS,3285.8990825688074
HWQRKDFG,4014.9311926605506
YKFGHAQPKV,2565.7477064220184
PAPNVREYSEH,2024.348623853211
NANKLVGWHA,4905.362385321101
HPKKKLSG,899.8990825688073
EQWVVYWKHLG,22593.674311926607
QQAVWDLG,4456.600917431193
FFNVLWSVASG,13830.302752293577
NAPWVRVQEY,11880.12385321101
LGWGRKFPNKVS,3751.5550458715597
ARSKSVAG,882.5275229357799
PNSKREWKPYKG,1483.51376146789
PLRPREYALQVG,6151.577981651376
NGKNYNVG,1826.9449541284403
AAKSELSG,823.6559633027523
GVEPEVALG,1327.834862385321
YAKQGKVL,2118.1559633027523
NREEWQEPWDG,6716.573394495413
QKWGVSPYNDLS,4964.688073394495
DYVKAEHVA,1574.211009174312
YWNPFREWGQKV,6942.885321100917
QAASRLWDAG,4016.5091743119265
EYHYYWNEWVA,18584.27981651376
PYEPARPHQHS,3212.3715596330276
FSWHLRAPDVLS,11562.490825688074
GWAEGWAS,5922.422018348624
NSGFHKLGEG,2073.454128440367
HGRKRSGEVG,1212.4495412844037
YHSFAFRKQED,2933.3669724770643
VWHVAQSEKL,2156.2844036697247
PSPKSHVWHG,2889.091743119266
GFFAYSG,15627.98623853211
ELSKHPNLQPK,1619.6467889908256
VAFHSRLQRYWA,14781.01376146789
DSVPKLHV,1951.6422018348624
VFDWKELG,3362.802752293578
ASRERVGWVS,5702.628440366972
SRFEDSLSG,2641.211009174312
HSFRAWSRKHS,4686.866972477064
DRVEYNLGPWKH,6220.697247706422
RQLSQLKDSG,1464.380733944954
ENHYQEYPWNH,6416.293577981652
KHGNGFLSPDA,2475.123853211009
RKDANRDQWNH,2438.9036697247707
AEPNDHSFPYA,3326.7844036697247
FENENLRSGKV,2762.3990825688074
GDGYGKG,1685.9357798165138
KVGLPAGYDVLG,4396.064220183486
FNSWLWVFWDLG,33728.178899082566
HEGKFHASG,2332.766055045872
PAVYLSVG,30387.22018348624
NWDGRQRYWL,18948.380733944956
HPGHQVSG,1521.1788990825687
EVSVEPKQRNKV,845.7752293577981
GPGYDHASG,1998.3440366972477
AHPAGKALG,1481.1009174311926
NHDPKPYDKLG,1268.1926605504586
DNDWVDVAG,2740.077981651376
YQAQAGKS,1343.9724770642201
RWRYEYGFRWH,19358.564220183485
DFSHQWAL,8332.394495412844
GPHDGYSFRHS,6573.123853211009
HVYDLFWGEYL,18465.58256880734
KQWQEGFVG,3797.8715596330276
DGLFAQHSG,3376.243119266055
YKRNWVSRPHG,4979.417431192661
KKVGYNEDG,1259.073394495413
RPHKFYEWDG,7612.233944954129
EQLAGPG,1163.3715596330276
FQAPWSKSG,3981.743119266055
FPFRKGEVSNL,3882.619266055046
EFKHDFVLNLSG,8343.087155963303
QVKVANQFALS,3286.8899082568805
RDNDQEGPHS,1323.408256880734
FAKVDARNDALG,2009.1834862385322
EWADHGFYKHG,5501.582568807339
GWGDPHALS,4102.353211009175
DYHFSYASG,8166.279816513761
KAGAKAWNAS,1352.5871559633028
AAGGWALG,3662.559633027523
YLALFQEDVS,10071.064220183487
PENPGFLS,4532.45871559633
LPGVEWSG,2738.119266055046
EWNQLQENWHV,6242.142201834862
HHRHQPYL,6990.0091743119265
AFKEEPKDVG,899.1330275229358
EWHAPWYNFRV,23519.94495412844
FAHFRDEPKG,2322.206422018349
ALARKSREWHS,2958.3348623853212
NVYSNDSPNVS,2352.0733944954127
YHLWVVRYWKD,18928.188073394496
DEHKSNAG,872.8440366972477
PAWWDAREPYG,9503.311926605504
QDYSHQYWNDS,3958.1146788990827
PAWVPDPYNLS,7243.4908256880735
QFRLHSQAEVA,1923.802752293578
QKKGHVRPNAS,907.0688073394496
SNALSYYWAG,8932.357798165138
KFHGRQFASG,3319.146788990826
PVSDLGFEWAQD,4793.646788990825
NQAVQEALS,917.1467889908257
YVHFVAAS,9972.922018348623
KQVQPEKVAG,813.7935779816514
NWFHYWKHLS,10323.183486238531
KFYNGFWSVAG,8709.56880733945
ERLSRHVLQWSG,5942.637614678899
AGVKGPVLS,1225.3577981651376
SFAHKSG,1643.4311926605506
DVYLHGRPNHDS,3287.3394495412845
VSKWKQPYASG,2596.9174311926604
GKQAFREHDA,1264.4908256880733
YSAFAFPNKHL,6500.09633027523
LNYWKNG,3877.3577981651374
VEQSFYAL,11556.43119266055
DKKAFDVS,923.5275229357799
HHGLSKG,1744.4908256880733
GFRHFEAGYVL,20564.940366972478
VVGRYQDG,3423.766055045872
YLSGELDLRDG,4693.077981651376
WGFKQWSPNH,7869.068807339449
SYWRSEAG,3504.9770642201834
HGRYDGWFELSG,14055.449541284404
SPPAKDSG,793.7706422018349
FWGSWNSPSG,5707.366972477064
RSSWVQVAG,3806.559633027523
VNHPDHAS,1436.0045871559632
VQYPAYWNK,5479.422018348624
DVFFHVPNKHG,5071.862385321101
YPYGHFREND,5324.9495412844035
WVWNSREDLGEN,3112.1880733944954
VGFPRPKFPYV,9965.688073394496
ANHARRKSG,1054.967889908257
DQGHQEG,1025.9449541284403
YSPPEWNKDV,1887.848623853211
SALQAGVS,1541.3715596330276
QKYAPVSQPKG,1245.454128440367
QRDPDLSQDQPW,3535.8853211009173
SGVNWNLG,3993.6559633027523
NENDGDFPSG,1730.8853211009175
NVHPVWNHDAS,3513.5366972477063
WDPVSYHNLG,8512.536697247706
APQNYHLSG,1994.5871559633028
KGQHPYDENKV,1439.8211009174313
AWEYEYAL,15352.036697247706
DYVAGDPKVAG,1580.559633027523
FLPNFLRPVSG,8572.761467889908
DWDRDVKDAL,2528.0733944954127
DGDGPLFPKVG,3048.9266055045873
ESQYFRPANKG,2078.0045871559632
SVHAGHLSG,2514.119266055046
VPNAQVRWALS,5038.0504587155965
FGLWQENKDAG,2716.6926605504586
VAWPFRPWHDA,15568.188073394496
SLQDGDVA,1701.6467889908256
QQHWVSVG,5179.266055045871
HGQQAFRYWKA,6069.770642201835
RQDQLQKHVAG,1454.880733944954
HNEAPWHDAS,2703.362385321101
QSEWWVPKLG,8293.573394495414
VLKHLWGRNDS,3658.4449541284403
LFANFPKASG,3244.6009174311926
HGQDGDWNKH,2112.646788990826
KLLYWSEPYW,24843.261467889908
VEHWAWVS,15195.266055045871
PNYRGYKVLS,7224.417431192661
VADVSHAPWNLS,4403.192660550459
NVSFKPWAGWA,14829.963302752294
PYNQYDRDGQP,4400.59633027523
WSGRYLSFGQK,9782.683486238531
RFNRPFPWKA,9057.422018348623
SESFRAELSG,2851.646788990826
VRKGWVAPALS,4283.229357798165
EFSAQYG,3452.564220183486
NAHRYDSEVL,3789.738532110092
YYSFYYASG,5135.527522935779
GVSPKFDVLS,3469.7247706422017
KRDFNLQKHS,1545.9220183486239
YVKHSHEKHV,1637.7477064220184
DVRENDVYHGE,2194.9495412844035
NNNQVSG,1291.6009174311926
AFYSDENDALG,3959.912844036697
ENSHDSWGQNK,1429.6880733944954
WSHEWDRPYHSG,11527.591743119267
HDAEKLEGRWN,2710.5963302752293
EEASDEVLSG,998.6467889908257
NFFRARPALG,8150.045871559633
QYVVLPWGPYN,26599.17889908257
NLRSENQFDVL,5610.95871559633
WHWLEPQDLSG,8589.522935779816
FGQLQFGQWHD,15811.133027522936
EEYDRHQPNAG,1970.0825688073394
KFQFLEVAS,9114.944954128441
EPDKFEVLKDS,1164.0779816513761
HYGGKDVALG,2259.853211009174
QLWSGKFNHDV,5749.977064220184
VFWESYWHALG,19494.5871559633
EGDPEWVSG,1877.1009174311926
FENDAQWDWVF,21060.674311926607
WHAREKALRWRD,7854.334862385321
WVNRDAFRNDG,6466.220183486239
PKDVHVSRWQYA,7733.188073394495
NHSESEDRPKS,1064.4816513761468
VAHKQEAL,989.9036697247707
FRNPEYKDPKA,1485.7614678899083
LFQWDPDLS,8882.536697247706
FKQPGYHYASG,4452.0504587155965
WLHVEWQNKDL,8513.674311926605
NKAGQVNVRYLG,6996.0091743119265
RLRFRNSFHV,10174.137614678899
AGVHDKVLG,1625.6422018348624
NENWENDSG,2222.701834862385
KVSGHQNALVG,1743.711009174312
SWKEGFWKV,5186.637614678899
HELLEWSG,6264.866972477064
FHSDQFRQKD,2667.6100917431195
NPWLHQFRYAL,29675.23394495413
VADGYANKHA,2204.2201834862385
ASHFNKLRVAG,3442.137614678899
FKPLVAQWNSG,3942.5137614678897
EHSPLSDSRNL,1499.2064220183486
LELQGEVSG,2059.577981651376
WWNFGWKAG,10991.155963302752
NYVAAFPYNVS,11639.064220183487
YWHHPWLRDVAG,12855.944954128441
YLYPANKDAS,2334.8119266055046
YYSGARWDVA,7566.1697247706425
YNPDYWHDEPDL,5590.6697247706425
NPARGDSG,1057.7477064220184
LELWAEDALSG,5287.463302752293
HVDLKHKHDAL,1804.605504587156
EDQRRYARWNVG,5315.761467889908
YHKKYWHDVG,3051.1559633027523
YEHYLWDG,9068.591743119267
KQDQFHWLG,6118.866972477064
WANSRWGVL,17697.871559633026
HHLNSYSG,3933.201834862385
VHPDQRPKHG,1963.3119266055046
WWQLDLG,16756.316513761467
WYKWSKHVLG,7160.032110091744
YLVAVWHDVAS,18880.844036697246
QHAGQYHAVAWK,5955.385321100917
FVEVYLQYDVL,46854.80275229358
HLVQPEALSG,2784.4495412844035
NLFWRPDLPDA,9405.834862385322
ESYHGHGNDAS,1783.133027522936
NWSLRYLG,15936.61009174312
WHLLHAYVAS,14441.655963302752
ERHPQKSG,1252.3715596330276
QDAALWAPHG,4892.839449541284
KQNPVAFEYNVA,4096.688073394495
NLLAALSG,5607.256880733945
QLEGFPEPWV,13206.981651376147
HNFEDEYSG,3114.6100917431195
SEYAGYKASYL,6526.004587155963
QSNHSDGYWALS,6717.229357798165
PNRHNHRLG,3649.7201834862385
WEVLVASGFEPW,43040.1376146789
FKHDDEYWHAFY,18455.02752293578
WRVWFHASG,18494.67889908257
PSNPKSPWLS,3701.4633027522937
FNEHHDFWNKAL,7432.252293577982
QKKEYDVAHA,980.0504587155963
EDQEKDEGNKVG,669.2110091743119
LHFDHVG,4737.431192660551
LELEFEASG,3404.7752293577983
KAHGWGNVG,2901.1926605504586
PGREWVKVAKG,2424.97247706422
HGWHLYPVASG,11008.58256880734
RLDQPKEAG,1003.683486238532
RPWFNASEEKA,2370.9266055045873
RSEYVHGQRYW,12066.848623853211
YNWGLPNKH,5720.206422018348
DSPWWAEPVS,5032.339449541284
EPNNFYVQFWKV,29277.88532110092
KPDFRSEWLS,3543.5045871559632
SEVGFRNSRPH,4639.55504587156
LFFWFPSG,10112.756880733945
WAYWGPWDQD,19701.51376146789
DLNGVRPWNG,4918.142201834862
NLNYYWLS,14979.220183486239
VRLRQRPWS,9183.775229357798
VYHFDRDVALS,8308.41743119266
LHARHPKS,1812.211009174312
KAVSVLKDVG,2038.151376146789
REVHDLWHYKHV,7372.651376146789
QAEYVRSRKDV,2613.4633027522937
KAFHYWVGPHL,13741.477064220184
ANHESRHDALG,1774.073394495413
FAHVQPSHVLSG,5040.137614678899
KKANKNDV,725.9908256880734
WPAKWHVALG,7712.215596330275
WGPVPQPKAS,2076.743119266055
VEGPGWLSG,5672.724770642202
GQPHAHGYNKDS,1387.8577981651376
PHVHYNRDLG,5079.724770642202
DEPPEWASG,1850.440366972477
NDPGGPDS,1219.1926605504586
APWQKRYG,3835.1743119266057
PQQVWKLSG,2989.7155963302753
QFYKRARDFPHS,5044.688073394495
KEPRSFRPWDS,3925.7247706422017
SQSAEYDVA,1415.7155963302753
NAFGHSNKD,1966.2522935779816
FWNFSQKDPKA,2056.605504587156
QFRNHWHHDYH,10419.211009174312
AFFVWNHDVA,14093.697247706423
QNKAAEYKVQYN,2477.353211009174
KPLSNWKDVSG,1494.7477064220184
EGNEFRAG,1603.591743119266
SKDRLSVLSG,2663.0412844036696
DAWAVAFDG,12535.178899082568
FHYGPHSFYAS,12543.669724770642
LNWEYHDLG,10344.059633027522
WYWREVLWV,36982.87155963303
KFPSHFEYH,5698.284403669725
AEAHWDSG,2788.059633027523
QFKHNFKQKLG,2043.3577981651376
FHVQKVEPGYDS,2644.6009174311926
EGRAWAGFYDL,16280.532110091743
RQFQDFRPKDAL,3983.454128440367
LNDWGWVALS,18121.26605504587
VYNSQSHALG,2867.0091743119265
WEDGFSFEWG,26246.275229357798
LFLFAQEPNA,10442.619266055046
AQASQKNKS,772.743119266055
GYLVHVSG,11709.848623853211
FELPAPWDHDA,4993.711009174312
FGNRLSGWKLG,7084.233944954129
EEPREKLGEL,914.9770642201835
RQFDVGLPWND,9670.834862385322
LAQRYFASG,7199.637614678899
HDNDVVRWHL,10276.536697247706
SVWDQEWKHL,6894.270642201835
VWDYLYKHVS,9012.899082568807
DELAPVSG,1469.866972477064
DSKVNVLENKAG,986.9449541284404
GFFAWKDVLSG,10805.160550458715
FKPPFRHALG,4559.788990825688
DPYDQPYVGPNH,4280.004587155963
WYERHAG,5791.394495412844
QNQLVYWNHAL,12955.298165137614
VVQWYNKHLSG,5820.40366972477
VRDWGFKSG,4928.848623853211
RAYPWSREWHAG,10034.862385321101
WYNKKFEWLS,7866.302752293578
QKDDAYVQYD,2828.7247706422017
SHRADSG,1292.633027522936
EWPPFWKDVS,5884.252293577982
EGNNRKLG,1240.1880733944954
HVGPYHHSGPVA,3383.2522935779816
SNVKYNSG,1745.1146788990825
KHLAQWKFLSG,6009.963302752293
LSSFGESG,2305.5550458715597
YEVYKDYWNDA,6076.247706422018
NGVLSFEYEYKA,35418.536697247706
AEEWPASG,2389.119266055046
HEARRNASG,1914.0045871559632
QYDYQQREDG,2157.2201834862385
HNRDARG,1900.4770642201836
LHGRHEAS,1830.348623853211
QPDNQVLWHDL,10592.394495412844
YAHQFEHYDVG,6654.577981651376
VGAYHARNSG,2696.8073394495414
KDEPNADLQRE,906.6376146788991
DVDGHDQYNKG,1430.3715596330276
RWQGLENKHDAG,2171.5733944954127
RRSGQKHEKHS,943.4816513761468
YWRFLWKLSG,10360.48623853211
FRKYVQDGRKAL,2720.435779816514
EVFKWNKVYWKD,7364.678899082569
GPELDLSG,1446.633027522936
SREKQFHRVL,4645.95871559633
DVLHFWQNVAS,10187.70642201835
SKFRPKPLG,1923.440366972477
VWVKYDVS,8002.605504587156
WFEPLRDEKVL,5845.032110091744
WPNVVLFWKAL,39546.95412844037
EHNAQRYNGKVS,2125.5825688073396
ALHGDAWKDLG,2806.651376146789
FVLLVSGEPDV,29264.91743119266
FNVFLKHVDSG,9407.220183486239
KVQPSENVRYKG,1257.7064220183486
HPAPQNHSG,1227.4954128440368
FFGVEWLSG,10462.784403669724
PEPVNHEHVAL,2071.4954128440368
NFEGYGREN,3288.266055045872
PSVKGKSG,749.6880733944954
KRVNYNHLSG,2237.091743119266
YWNVEHAQPVSY,9595.018348623853
FNDRYFYLGFRK,15174.633027522936
LHDFFYKDVAS,5401.311926605505
QVKSYHNVG,1710.3532110091744
ERSGKQFEDLG,1084.6238532110092
EGLVHVLSG,2773.1422018348626
NFVSYANKHS,3944.1284403669724
GYGALHVLSG,6324.472477064221
DGWFNQRPNG,4777.114678899083
FFKDVKSYNHS,2262.876146788991
NKLENPYLGYNK,4597.440366972477
HGADSHVG,1388.619266055046
KFYHAKRKDL,1347.7431192660551
DEEVVLS,1482.1100917431193
NNNAPLSG,1234.6926605504586
QNWAEKAYHASG,2102.7522935779816
EPLYGPQPNH,2725.087155963303
HANSWFEPYDS,8217.261467889908
NVGSWQRKDSG,1772.651376146789
WWDDFNAS,9073.798165137614
KAWHRYVLREKL,5326.325688073394
SKSFPWGFDL,10575.275229357798
YPYYSHDVSG,5725.371559633028
VDVGQHLVA,1920.5045871559632
DDGWRKLG,3249.591743119266
LLGGQDG,1919.6926605504586
YGHSYFNDVA,5741.018348623853
DLFPHAYHLNVA,6984.720183486239
WEPLWHSEYWKS,14489.050458715596
KQAKHQDSG,824.9036697247707
PFWYLFNVLSG,17765.211009174312
LFVKPNG,3229.4449541284403
GFLQKEYSG,3175.5
NFFLALG,22133.91743119266
LHDVGVFHVAS,7155.266055045871
RFHWKQFEHAG,3975.5137614678897
LARYWKPG,5206.114678899083
WNVAPVEHQRYV,5856.238532110092
SHYVDVALSG,4899.279816513761
PYAQNDRNHSYV,4700.09633027523
WLKAHDVYNH,6400.087155963302
KDRNLKHREYDL,2247.3119266055046
WSLHGHLG,7405.692660550459
RGQSGKVRNKA,882.2339449541284
AAQPVKVLG,1691.1697247706422
EDFFWSEPAS,4902.522935779816
SSQWSVSG,2877.5688073394494
AEPNSEADVG,794.9220183486239
FPGWHDGASRN,5750.591743119266
EQPKPNSFEV,1053.5091743119267
EVVWKSQEPYDS,2453.0504587155965
RFNPRNLSG,4368.784403669725
VGLKRNALSG,2094.8853211009173
EDVLAGPWWKA,6083.481651376147
WLKKPDLG,3195.3715596330276
ENKYHARWHYWH,11438.215596330276
EKSEPVSEYVR,1042.334862385321
LYSQEKGPHS,1355.9495412844037
RDQPGWKQEKD,1064.834862385321
FQKRRPDG,1948.0275229357799
SWKDYQEKLG,1600.0642201834862
NVRKHQLQFWK,5268.9908256880735
RWPFDSQPYH,13914.41743119266
PNNFEWALWAL,25065.866972477063
PWVYNLRHQFED,15479.0
NYADHVLS,4451.284403669725
RLGAYASQPWKV,8047.064220183486
YQQYARWNVA,7943.087155963302
YEDSWVLSNKDV,4145.472477064221
FLPDLVYKVL,17473.80733944954
FQHDYHAWKVLS,9516.40366972477
EGENWSFNKH,3381.5045871559632
VPWRGEHVLSG,4281.48623853211
WPDKHYVG,4639.848623853211
PEEYNFAG,3897.6100917431195
YGAAPAG,1905.1834862385322
AWPAFRKDVAS,3661.9954128440368
HFGQYKRKDVA,2104.3715596330276
WWHRKRPNALG,5792.137614678899
RRDFLREYNL,7276.880733944954
ASHWWALS,11817.050458715596
NYFAEALSG,5601.665137614679
YVHPPYSG,6504.619266055046
FEFHWDPYWS,26117.224770642202
RQHHPNVS,2360.6330275229357
VEGEYFNKHLG,3828.1880733944954
ALEPENAGHVA,1575.9908256880733
VDFQDVS,2178.6651376146788
FYHSSQEWQPHA,4924.238532110092
HLQHDRSYWDS,7371.6697247706425
FHSPPYKWAL,10156.440366972478
AGPWKDDSPYH,3304.077981651376
RDAGRQYVYNG,6374.183486238532
YGGLFRALSG,6557.307339449541
YLLSQEVQPLS,4241.724770642202
WDDGLSGFKAG,5338.417431192661
HGFLWDEDSG,6143.743119266055
RSKGSGPWV,3351.5
RDADLQNDQFNK,1684.6467889908256
QYADLFLGLG,12458.366972477064
LFQRRYVAG,7608.435779816514
NQAEHWASG,2513.894495412844
PDPAWHQPWNG,4670.527522935779
KGKDHDLEYNS,1181.7935779816514
GNAVQNG,1314.6559633027523
FYFFGFYLSG,4338.362385321101
EKFLDSPYDA,3082.4174311926604
NKYEDSYWKSG,2426.788990825688
PRNPFWVS,14212.678899082568
KNRDFWLG,5641.380733944954
YQRYKYVSRHAL,8265.926605504586
PKYFFYDALG,17337.22018348624
FNGHWVSRYWN,17455.724770642202
NNSFPQNASG,1870.3623853211009
WWAGEVEPKHV,3962.52752293578
RVVFYGNVG,24653.940366972478
KWNWWASG,8567.344036697248
APFHAVG,2639.9954128440368
WEFWDWVAL,26701.628440366974
KGNWVAPYNDV,4723.871559633028
KEWNEQRWVL,9229.912844036697
VSGQYDGWLPY,19384.201834862386
WDWEGWNG,10991.19266055046
HFLEVKVLS,32403.25229357798
GFYHKDSGFDL,7812.802752293578
LVSPHVPSG,2889.440366972477
SHQVADSG,1372.2477064220184
KVQERNSRKLS,932.756880733945
GEKAFQEKSG,962.5825688073395
PNAWDASQQWND,3962.454128440367
QAHWPYKHDAG,3815.7752293577983
PDNQEWPHA,3006.1422018348626
GYLNHRLG,5929.362385321101
FDWWKRNKHA,3499.4449541284403
GQREREHHDLG,2207.5366972477063
HDYYREYWNVLG,12468.490825688074
KDQHQEYSWHDG,3441.47247706422
PGLFLPLG,20697.871559633026
FEQHLGVPNG,2859.862385321101
LHREWDRG,4826.701834862385
RHWVVGNHDLSG,5561.100917431193
KNAPFRALS,3013.8073394495414
KDLKAWLEWLS,7213.399082568807
PKKERWVG,1246.605504587156
VEDNKQKDALG,1031.6605504587155
KQGWSQDALSG,1868.091743119266
KLWRKREDLSG,2074.0550458715597
RRAFWRHASG,5916.155963302752
QNRDSRDRNK,1021.4220183486239
YYHAARKHASG,2826.6651376146788
EQRRYLGYNHAL,7367.454128440367
DWLNLWLG,21348.922018348625
ESHKEYHDVS,1496.8440366972477
SLHDQFPYHVG,8450.261467889908
KKDDRNAS,675.4908256880734
WYSKDQNHDLS,3644.6330275229357
PKGFHFRRENH,3704.591743119266
DALAHDAYKA,2010.5779816513761
ELAHSENG,1262.545871559633
PQVHWASG,3661.02752293578
VYVRQWDALG,10903.440366972478
FSGQEEKVEYNG,1637.7706422018348
DPFVVAG,3211.467889908257
QHNQEHSEWKHD,1738.7018348623853
LVSVFHALSG,12803.224770642202
SGRYSQHLWA,9556.665137614678
LERRHDSG,2410.1651376146788
LSGFPPLFEDAG,4364.224770642202
NLKKVLRPWKV,4378.6697247706425
SWRYEHSG,5453.165137614679
NQQRELWDAG,3234.7798165137615
SHESHDG,1280.0229357798164
FVLGGPHLELS,8304.353211009175
FVASWHLGEPKN,3717.4266055045873
YLRSLGFRPWL,19855.97247706422
FQVPAALG,3378.5137614678897
LHLQEQKDAG,1273.7155963302753
RLFSQWAPHS,10207.926605504586
QRVHHSQREND,1670.6880733944954
YEEFRVASG,4606.380733944954
LEGAKASG,1492.348623853211
YLRDRRYDA,5743.802752293578
NVRVDAQFNHVA,4719.90366972477
PKSGSAPHASG,1081.4495412844037
ENYFDSREKL,2362.394495412844
SVNKSRSG,1097.3394495412845
QSESDGEVLG,1125.1834862385322
RKNVVGRYHS,2601.316513761468
LRLWVWDVA,24239.05504587156
HFGQEGVAG,2193.4770642201834
YDPAEWPDG,3771.6880733944954
YVNYVFNHDLSG,11854.334862385322
LQWHNLPYKS,8040.6100917431195
PKQAAGFEDG,1215.0504587155963
DGVGYNQVG,2313.7798165137615
NKGVQAQPHL,1977.1880733944954
NNQRWVFASG,12467.004587155963
PVLFDHKHVG,5756.073394495413
RDEAYVSQFS,7089.40366972477
AQADANAG,1133.6467889908256
SYFLFENDVALS,20335.009174311926
SFRDPQFEWNV,10299.018348623853
RAYSWVQRKDS,3408.9587155963304
DHPNKPKHVAG,1257.8761467889908
NVNYDLFRPDLS,7141.587155963302
NVPNYDFYWNLG,14865.963302752294
QWAQPKVPWFWN,19828.715596330276
VQVQEYYWDL,17806.889908256882
KYSKEWLSG,2577.802752293578
GHSNVNVG,1703.5
KADDDSG,814.3853211009174
FWAQHVWNPWS,24855.24770642202
HQHRFRPG,3901.2477064220184
QKPPENAG,736.9816513761468
EGRDYNDWSG,3562.766055045872
HDGYEWHLEAL,9318.688073394496
SGEDNQYWDS,4398.270642201835
EHGDYNVSES,1389.7660550458716
HHFNKDWG,4160.688073394495
YAWDEDYKDV,4302.954128440367
GDFWFWAG,20631.93119266055
HLHSVSRPWNS,8039.399082568807
EKQVFEYVLNKA,8980.348623853211
KFRGYWNLDVA,7806.334862385321
LGYNWHDARPWK,10573.963302752294
NWKQKFWALS,7469.211009174312
KWNVYDRKHVS,3908.8394495412845
WEQYDWLG,16237.481651376147
VNPAFSG,3342.9633027522937
GYYWLAG,13468.95871559633
AWKYQRNLS,4459.0091743119265
EPQYEALSYVS,6699.655963302752
NGDERPLSG,1323.6605504587155
KAQVHVGHALG,2454.3073394495414
ELVWVFNDVSG,26606.967889908257
KYYNFVLSG,10260.334862385322
AHDWKYHSG,3051.2798165137615
DEPFNSFPKAL,2960.316513761468
PQKPKSEWKS,872.5642201834862
KASEAPHSGH,1612.4770642201836
WPYYVFEYWA,48282.64220183486
RGHGQWSQWVL,16418.908256880735
PYRQNSPHDAL,4090.7844036697247
NQFEGLQFPKVA,6669.761467889908
NGQQAPNVL,1568.032110091743
WGPRFEDAL,6637.188073394495
NKDEKHLKFYD,2813.8715596330276
VQYFEVYVSG,54941.5871559633
AQAHNKSG,1336.4449541284403
NNFDPNKVAG,1765.619266055046
YPHVVFNASG,7754.467889908256
RSPPWLFHVA,17705.857798165136
ELDWLSNKHL,4794.532110091744
EHERHQWKH,2587.7247706422017
SHASGRNFDLS,3817.0825688073396
KLWHYGNDAS,3726.830275229358
WLQRDRESGEY,4429.4908256880735
NYLLHDLSG,7958.5091743119265
LVLYLVASG,35853.40366972477
RLFHQSKASG,2813.467889908257
EPRWQRKSKSG,1291.5779816513761
KGDPREVALG,1010.3532110091743
SFHGAENKA,1387.394495412844
PRFYPNDVASG,4446.766055045871
VHVQKYNAS,2258.1651376146788
VDSPFKVG,2693.5
RWRNSDSGQKV,2058.7155963302753
KVFEKVPNLSH,3551.935779816514
KPRELYLS,3035.8394495412845
NSHLFPWWAS,19677.05504587156
NVWFPDHVG,11263.605504587156
HDGPWAKDFWVL,18306.142201834864
RPLPQFGWALS,16863.42660550459
ASVDFLSG,2826.0825688073396
HDNSGPYSRYNL,8346.288990825688
HSKFVQYDVL,9010.678899082568
EEWNHQHFEDVA,3294.0550458715597
RVVVDVSG,5343.394495412844
QKFSWVFPVS,14849.087155963303
LRYWNLKSPNDS,4016.701834862385
NHPRQKVAL,1760.2844036697247
SFPNRPVLENVL,5313.165137614679
FKEVYSWHS,8469.770642201835
LQPNGKRNKHV,1457.926605504587
VQHDYVFNL,12293.591743119267
FPWLVQFGRHG,23531.39908256881
KRVRFPWNDL,6082.8302752293575
VYPLHVALG,9641.339449541285
PYVKPYHKAG,3521.0825688073396
RAENSDSENDLS,1079.6009174311926
SRNNEVASG,1201.7614678899083
NYHWVWNHLG,12702.211009174312
FARLKVGVAL,13007.348623853211
AAEKFPNHSG,1265.880733944954
ERWGSRNALS,3775.211009174312
NRDNEYHVALS,4039.9266055045873
NHQKYDLKHG,1423.7981651376147
DWQPHDHG,2852.761467889908
FSHNNSG,1814.7339449541284
DLYNKLWEYAG,7844.894495412844
FPWSQPANRNH,4521.807339449541
RPPVLSYAVG,6298.394495412844
ASDPGRHSG,1086.894495412844
EHVWEPYEWKD,6456.811926605505
PHESAENHVALG,1944.059633027523
QPYQQYKEPVG,2229.0366972477063
WPPSASG,2334.7477064220184
AYAVEHLSG,2350.077981651376
FGGEPEDSG,1143.3761467889908
FRRWKSDSRPNH,2972.912844036697
NLDDEPKHDL,1717.967889908257
HFADFYASG,8138.591743119266
FVPYRLSQRPKS,4021.9266055045873
LFERVFRYKL,17037.688073394496
SPWDQKAFPYWG,10141.990825688074
NKGGNSQRSG,1172.894495412844
QYLVQEYGENH,4267.912844036698
HGQSPSYVLS,4343.711009174312
ESYGQWGYHV,7657.738532110092
GPHYVWDAG,4881.894495412844
KEWAYHFNG,5751.9908256880735
HDQRFGQEPNL,2401.912844036697
EGQNVFLNHDG,2738.02752293578
WVHGFHVNDL,10452.509174311926
NGSHLKLS,2059.6284403669724
GAGSALG,1098.4311926605506
VNHNKGPS,910.6743119266055
KVRLDAFYWKL,10353.325688073395
DSWWFKASG,5853.385321100917
NNPKYLG,2286.848623853211
QSKKAQNVLG,1006.0963302752293
APNFDFYL,13992.146788990825
KAEEDSPYHVG,1332.6100917431193
DGFHLPRKDL,3231.766055045872
NRNHEYQLG,2989.266055045872
FEPVYLEYGFPD,32375.43119266055
EPHGELGNSRYV,4533.454128440367
WGVGGPASG,3032.8853211009173
EQKPVAQFYNL,4030.7477064220184
NFYLVLFEYNAG,30231.683486238533
ALKQLSKSG,1496.4587155963302
FLAPKVYNS,4310.752293577982
WYAAQNDS,2984.6422018348626
SFYDYWNDLFYK,10089.825688073395
LHSRLNDLG,3517.761467889908
HSKREVYVSG,2672.5183486238534
YYKVLHRDVLS,7348.912844036698
NGEDLQVYWDS,9617.220183486239
LNFAKVALSG,6339.752293577982
ALWAYVQKAS,7236.174311926606
FVKDFNEVSG,2357.298165137615
YVRPYHVGQFLR,15992.522935779816
DQAPLQHDAS,1236.467889908257
FYNGYVAPSGKG,2874.077981651376
YVLFWHQNLPVA,19033.75229357798
AKLKPDLG,1243.8211009174313
NDFPSGSEPNL,2089.1009174311926
EHWKKLFYHDS,4833.302752293578
RQDREVFEDL,2398.6009174311926
RHSEPKVQDRYV,1951.9036697247707
FPGKGRQFNKDS,2117.733944954128
PHQGHLGENK,1164.334862385321
KKEDQPYWHG,2268.6605504587155
VWADVHAG,4325.027522935779
PVWAAQEHDAG,2523.4954128440368
SRRGQEPNKDG,1224.2614678899083
HGNVSRLVSG,3521.064220183486
FLVGQHQAG,2939.9587155963304
GVVQWLSG,7222.779816513761
AFLAVLSG,27426.08256880734
FHDNKLWSWK,6305.087155963302
AHQQFASG,2062.908256880734
RYEWPYKHKVG,4369.243119266055
NQWENKDSHD,1672.7339449541284
LFKVKSFEWASG,6488.90366972477
WQHRKQRPVALS,4057.422018348624
VGAVPWKVAG,2787.47247706422
LWGNKPAG,2537.1330275229357
RNSYKRHAFWNH,6802.743119266055
HFENYHAPYKL,8841.963302752294
FRRYAFPENVA,7317.55504587156
KSNPSGALG,1257.2385321100917
VVSEEALSG,1051.848623853211
NNVQQWDALG,3595.8440366972477
YFSYKNHAS,2493.7477064220184
NEKSRGYAL,2751.830275229358
SGAGSYSG,1867.8853211009175
EDPEVNHLSG,1459.426605504587
PYYLDAQFKL,21312.045871559632
EKRNDFYFNDG,4134.564220183486
QHNWKVFRND,4894.068807339449
HGSGLSRWAS,5228.3899082568805
DRSRQEKDAL,1054.880733944954
DDYWAHSG,3771.0091743119265
HRESKLPYNHA,2930.2752293577983
LLSYYNSG,4363.756880733945
GPNLKGPNHV,1536.4954128440368
VKGELPDG,1091.848623853211
GNEPEHG,1138.7522935779816
YARSAKHDVG,2149.5504587155965
EPFWEPKEDS,1881.834862385321
VYVEKEKG,1061.6009174311926
QRAPHVWHPHDV,5298.678899082569
PRWNEVEALS,3176.1284403669724
KPDERKDVAL,689.8532110091743
DPKKVRALSG,922.1330275229358
ALYEYWKWKLSG,7632.275229357798
LVAPAWDALS,6204.899082568807
VELPAQEPLG,1583.9633027522937
WQDGVAWHASG,7036.119266055046
HGDRARSG,1767.908256880734
RFWAGFLRPYDV,23222.77981651376
AWVPNYLG,9999.90366972477
YWEYFNKAWHS,7290.266055045871
DYEKVFVSG,4975.472477064221
EKRDLSQSGQHL,1433.866972477064
HEPYDAALYNA,5375.01376146789
NFYFEKLFPDAL,19431.729357798165
PRVEREVSG,1557.6697247706422
FAWWHAHDV,12468.440366972478
HGWAVAPNLS,5837.178899082569
SRGPSNSG,1665.559633027523
GQNRYQPAS,2501.1880733944954
ASERWSNDS,2445.059633027523
DGYYEPHDV,5383.655963302752
KQNSLYWHD,5064.95871559633
GPNFKENHDS,1359.2155963302753
WLQGPNVAWLG,18090.88532110092
FFGNDELG,3958.954128440367
LWVWPSG,13442.56880733945
KVLFAEDQFVS,10123.93119266055
FEEDLPNLGWH,8361.545871559632
FWHRESDSGWDL,13546.009174311926
FHLNFRAGQEKH,3143.4311926605506
VFSEEDVLG,2243.4816513761466
YVSKFPDPNKVG,2065.8256880733943
GRLWFDAG,12122.48623853211
YKQWAFKSRWVA,10196.756880733945
VFHRQELSG,3080.935779816514
EKEEDAFRNVSG,1032.4954128440368
QPRRKDARL,1361.3302752293578
PHVFGYDFPLS,20310.45871559633
RFRPWHHDQHVA,5125.004587155963
YVQYFYNRHDL,14876.09633027523
ELALRHEWG,5697.09633027523
RPLPEPWRYDV,9538.839449541285
GAPAGDVLSG,1542.2064220183486
ESHAGLYNAS,2190.454128440367
SKYWLVSG,7759.197247706422
KLVVKDALG,3365.5137614678897
ARYWNEALQPWV,16891.73394495413
YRPGWQFPWKDL,17300.339449541283
RVDWGYVG,9887.422018348623
DLQWRPHSLS,7806.899082568807
VYGSQALSG,2820.6880733944954
YEDEFKLG,3076.105504587156
DDQAQALSG,1205.711009174312
VSWRKSQWHL,9928.633027522936
RPGLQAGWKH,4507.137614678899
YRAESRDLS,2520.97247706422
QRYWDHVYSWAL,25618.550458715596
WRKHPDLGNKH,2814.8394495412845
WFHSDVFEPKVS,7770.004587155963
DGWYGPKG,4594.931192660551
WEGYDVRPDG,7056.857798165138
KYAVKHSG,1450.2798165137615
PYPPDVYNKAL,3997.738532110092
DALGEYDHFEVG,5051.766055045871
PGPHPLEDSG,1419.4357798165138
VWRLGKG,3806.0091743119265
ADKADSG,724.5871559633027
YRHSLPNDVAL,5073.348623853211
AKARSKALG,804.1651376146789
QPHYVEGPYKA,4726.844036697248
VRFRDAKS,1768.440366972477
WYRRVLSG,9162.862385321101
DWKKWKDVA,1433.9220183486239
RFHEHANAS,2062.8577981651374
ALHYANDAG,2680.2844036697247
NADKPVALSG,1212.6376146788991
RQHFQEWNKDV,2570.0963302752293
PREYHWSGEPAL,6581.412844036698
RHYLPYFYAL,17545.889908256882
EPRERHLRNA,2358.4816513761466
VPKFPFKAG,2285.2844036697247
GDVYAWLSG,9218.981651376147
LSFWLYRPVA,18521.169724770643
KSLVFKSG,4110.215596330275
NQRVAHSFREV,3518.422018348624
YQDDLEHG,2151.912844036697
YAGQSNVGRSG,2516.701834862385
KAGPPYKQFRE,2137.605504587156
PQDANAFWKH,3678.683486238532
QVNAKYHDVG,1743.665137614679
WVELNHGVAL,13626.128440366972
WGFFLRYHDLG,23695.811926605504
GFWVFNRASG,15251.018348623853
AYSNDRAG,2188.2247706422017
WNSNSEWNGPK,3000.5412844036696
AHPHVGHDVA,2152.3715596330276
GDEAQHG,1236.7385321100917
YWVPDVPRYVG,11690.252293577982
ARPYSNQYWKL,7890.022935779816
HFNGELEDVAS,2115.623853211009
GFWWREHALG,15310.688073394496
RSHSWDQRNS,3139.5825688073396
VYLQGQFALSG,12698.518348623853
PKPVPWVPKHDA,2334.940366972477
SFNQEWVEHL,6731.408256880734
EVDSRWKHLSEP,1844.7477064220184
QYLNQFKVSKAS,5068.183486238532
RLARNHQPKAS,1791.2660550458716
KRARANDG,961.5275229357799
HEWVLPGRVS,10355.655963302752
AFAQQEHVL,2866.288990825688
GAYAVAG,2939.0091743119265
LGREYAAGQPN,4082.353211009174
ARYYDSWG,9931.821100917432
WRDKEHLSG,2414.197247706422
EDALNEHREPY,2449.7844036697247
HNLRDPDG,1986.8440366972477
QFSANAFKVS,4761.857798165138
FSRVHFPYKSG,6653.811926605505
VWEQESG,2052.646788990826
EYGDPNALHAL,3629.1926605504586
GDFYKVNG,2769.348623853211
SRHYHDHS,3372.8899082568805
FPASQLSFWHPY,28605.830275229357
HLAVFRVLS,32473.967889908257
PEVHPWKHDV,3317.6284403669724
REKNPYAQDVAL,1907.7981651376147
DPGDYKLG,1295.1422018348624
AQKGFLELG,2737.619266055046
SGVNQWALSG,3728.853211009174
GDGANKSG,970.0137614678899
PRDNRHLG,2854.9266055045873
AEVEEPASG,959.0
SWKRLNVSG,4036.2477064220184
PFLGRAKHV,5631.536697247707
HWRAEVLSG,5806.0
FPQKEDVFYWK,7339.931192660551
KRNLNSEYWD,4800.366972477064
HKDAEWVLEPNH,3271.9266055045873
PEYESFPNHDV,3731.302752293578
PFEAGRHSREDS,2037.119266055046
EGHPSEVS,1261.6284403669724
PRLARHSG,2663.105504587156
PPAWGRAS,2746.4036697247707
AVQVELSG,2081.6284403669724
EVKPYDNVG,1604.4357798165138
RRSYVWSG,7196.422018348624
KARSGYKSENKA,846.1788990825688
EFAALNDG,2395.119266055046
WKDYFRHGPYHG,8292.655963302752
QVDSWKEWNHA,2683.853211009174
VSKLHAPYKH,3275.7201834862385
GEKLWNDWVS,6967.059633027523
YGRFWHGQRNK,4135.894495412844
NFFDWALS,12334.477064220184
VDFNWDALG,6547.091743119266
VLNWAQPYHS,9984.055045871559
LDQYSHLG,4796.807339449541
QAWVYVAGFYG,38817.84862385321
FHLGRKLEDSWN,4705.348623853211
LRFGWVASG,8690.495412844037
RWVNEPDLHV,5591.922018348624
QYVFGRNDAPNL,6022.004587155963
AFHKDDSG,1312.4220183486239
GLHAFREPYN,6151.605504587156
AFNAYKFKASG,4159.018348623853
RYAYQPWNFDSG,14430.018348623853
GFSPGWLS,16218.40366972477
KNLQDEHS,1072.7844036697247
HADDFKVLG,2461.5366972477063
FHRRNKQHG,2121.3119266055046
LNKVHRNAS,1808.4633027522937
AGFSNPKHVASG,2488.761467889908
YFFEFESG,16569.174311926607
LRFGFKVAS,9258.316513761469
NQDLENRHSG,1634.6926605504586
DLVPNSWNHAS,3072.5733944954127
HGKVRLSFHD,7875.0
KQRVPLRNAL,2483.967889908257
EAQKYNEWDA,1847.0871559633028
LWQHKDLSG,3170.169724770642
ANFPAYDALG,4877.252293577982
EKRKDAGYYHDL,2638.564220183486
AGDFLGQYNHG,3550.678899082569
DQDWANKHVS,1738.5779816513761
YPHALKHQYAL,6441.853211009175
RQPGLREWHD,3718.4495412844035
LQYLKSHALS,4329.348623853211
FNNLAGRPWK,6691.866972477064
QDYSEYWRPYD,12971.51376146789
NEPEYQYLSG,3778.6651376146788
WESRYGHG,6660.174311926606
QRWYRKALQRK,2381.1880733944954
RFWFQHDSG,8566.963302752294
GYEKQYG,2107.5504587155965
FSERHDWHL,9763.160550458715
PYEDYNHFHD,10285.69266055046
DFALKLRYKVS,12368.61009174312
RQGEFHAG,1882.2018348623853
NEGRGDAG,1123.532110091743
GSRPELSG,1283.2293577981652
SRHSYSFRWNVL,13746.30733944954
QPNDQYPYHDLQ,4773.4495412844035
FDDPNPNKHDS,1368.394495412844
NPSKHHVS,1081.1559633027523
RFDQNHFWHVL,15717.79357798165
WYRHFWG,14156.871559633028
KPLDFWLG,5251.54128440367
GHQYWPHASG,5007.477064220184
QKGSGQNQRDG,1128.4495412844037
GEELPHLSG,1577.940366972477
RLSQRLQDVGDV,2536.440366972477
FGLRQYDLS,8302.949541284404
FFLNLPVSG,6039.577981651376
RDWFALPKHDSG,3964.9495412844035
NVNQDQNHV,1463.926605504587
WLEYQRSNKAS,3304.064220183486
SVQQWLSG,3976.5504587155965
ALSKGWNGEWLG,4755.935779816514
LVYDSHVSG,3228.206422018349
KGRSNDLSNAS,959.6330275229358
QLEQYKYDG,2919.8669724770643
EGGNGFEG,1208.8899082568807
KKVFHWKLSG,2298.738532110092
EPQVKDEDSG,543.6788990825688
RLVGRPGWHSG,6020.270642201835
SYVRKFEPYWG,10622.490825688074
WRFGEALS,5721.238532110092
AGSPQDVSG,848.8348623853211
YDLNREPAEPKV,1043.9770642201836
FEAYRNLGEPD,3129.7844036697247
SQLNVNDLSG,1792.8073394495414
KGPADVEHLS,1012.7844036697247
FPHSAQHAQDV,1575.2155963302753
NLHFQEYKVL,10024.357798165138
NSAESRVG,1017.7064220183486
SHSLNVAG,1606.6100917431193
QYRLYAQHDVAG,4729.775229357798
WDPYSNSGEYN,6215.44495412844
RDASWQSFRPL,8504.871559633028
RPLEDLVQWSG,8254.766055045871
ENKENVYLGRK,1492.0275229357799
EHLWLEDGKVL,5607.293577981652
ASFLEVGALSG,5292.316513761468
QQKVPFKHSG,1554.6697247706422
LRYLGLNDS,4699.770642201835
EVEGNKVEPND,831.1697247706422
EKNKRHQHLS,1318.9724770642201
ADQWYWASG,7920.94495412844
KLRAQYQEWKHV,3475.2477064220184
APYSRVFYASG,17403.036697247706
KRGQRVQPNDL,1675.6376146788991
HFRPVFHYDVA,11707.949541284404
DDLALHSG,2056.298165137615
DEVSVLSEDAS,1308.3211009174313
FFDRGQNKHVL,4670.252293577982
AHKHYLG,2716.6743119266057
NKYDNVWHL,7413.963302752293
VGHLWNLPYND,12462.385321100917
YYAYSEPHL,8740.330275229358
HKQWYHDVAS,3783.5229357798166
AKEDNVASG,828.4908256880734
WAAGWVFYNHD,25128.610091743118
WWHSWRELG,15472.848623853211
GDLAHSG,1688.0412844036698
WKHNLSGNFEYW,15824.834862385322
PDWANKFDAS,3187.9449541284403
WYGPSEWG,10422.821100917432
GYENNLSG,2106.756880733945
DEQDYHLG,2240.3440366972477
PVFENDWNWAL,19666.80733944954
LFEQYHYDAS,6507.899082568807
NAVQHDAWKH,2596.045871559633
KNAALKVSG,1169.0779816513761
EALPFVRHVL,8741.394495412844
EEQFWPDV,6227.362385321101
NGRHNVFNKALS,3552.912844036697
WDKNPKSG,1583.7064220183486
QWGSEWHEDLSG,4982.064220183486
SWFKFESG,6956.146788990825
WQEALEWWNKVS,10188.949541284404
AWLYKHHS,4992.876146788991
ALEFEYNYNA,11456.633027522936
DEAPHFHS,3098.091743119266
DLRQYHGLS,5235.376146788991
YDEALWGRED,4096.224770642202
DDLVKLG,1711.6376146788991
DDYADLG,2097.0091743119265
QEYDDQFDRYVA,5821.252293577982
WFQNVYLG,15176.004587155963
ELSNSQNAVG,1249.2201834862385
SDSREFYNHV,4376.4908256880735
GDASEPVEDL,1208.2981651376147
RRFENFYKD,5512.045871559633
NDFANGNHDA,2305.0045871559632
YRSWSRALSG,6135.784403669725
GQKPKARPNKHV,1091.2477064220184
LKARQNKSG,993.2293577981651
VWNDDAPYWVLG,19401.701834862386
QDGAHDSQWHA,3186.5091743119265
WNAKFASPAL,6225.747706422018
NFLRADSG,3767.091743119266
EVLDPKVYHS,2279.8119266055046
HVYAEWLGRD,11271.775229357798
NKWLAGPYWNSG,10005.912844036697
FGSQPKEPNV,1446.6697247706422
KWDHQHSG,2054.821100917431
KQHEQEVALS,926.1238532110092
KNRSDALG,1025.5183486238532
AQFRAHSRKALS,2494.4266055045873
PNRKGEKRWNS,1192.7706422018348
KSLRWDKS,1947.8394495412845
VFYYAYHVASG,11171.944954128441
ADANDQSG,1187.4587155963302
NQYPPWHDVAL,9269.821100917432
PRGSEVG,1499.2981651376147
RNKLVARVGREL,3056.5366972477063
PFSGWEKHVA,4553.807339449541
ASLLWHALS,9578.04128440367
VNQVYWHVG,10269.408256880733
NPHNQEDAL,1476.1926605504586
VGFEHQYKEWDG,5891.087155963302
FSPVYAFKG,9523.798165137614
HHSHLVSG,3022.3073394495414
YYKHNALRWKDV,4694.114678899083
GQYANLSPHV,4687.600917431193
HQHWPWHSG,9133.160550458715
YKYQALNVSG,3253.091743119266
QDNDELQFPD,2088.1009174311926
RSAQFRGFRWH,10691.5
QRLDNKHGHDA,1744.380733944954
RWHNAGQWGFEL,16050.761467889908
KHEAVPWNKS,1728.866972477064
ALLQPWVFDAG,19815.169724770643
KNGYNQRSG,1806.6009174311926
SQHSSPHG,1710.6146788990825
WQGRHAEWNDV,5497.821100917431
WQFDHLFPNHAS,11112.073394495414
DPYHQYNPWLS,13485.440366972478
LGWSWKGYWHD,16542.316513761467
WRVHVWHG,15239.348623853211
EYALASFEQYKG,6795.940366972477
YPKLGWLKSG,5017.077981651376
RGDPVQYNH,2752.270642201835
GFGWEKSG,3273.243119266055
WVYVPAGQRKDV,4591.619266055046
LNNAASG,1648.1422018348624
EPGDRYFALG,6887.839449541284
KHQGVYWKHLG,4434.022935779816
WGKFQRHDVG,4387.724770642202
KRNDYALRWNVA,4868.155963302752
QPRFFRYNKDG,5507.715596330275
DPWQAQHDLS,2965.8119266055046
WSPGNDSYNHG,4761.366972477064
VSHSVSNHDL,2421.733944954128
DFNGDRYWNAS,5166.279816513761
QYLRLEGPYV,20527.80733944954
AVFHPNVS,3976.6009174311926
WSVHQPSG,4226.087155963302
NGWAHSREPYV,7979.522935779816
HAEFHAKHDAG,2172.454128440367
LWRNYALS,9776.80733944954
KPGQPDEHDA,970.0871559633027
GGNKAPWHL,4829.435779816514
YPLQEPDYSG,2506.1422018348626
QRARGQPANDSG,1551.665137614679
GHVDQKHL,1864.6009174311926
WQVKQWHVASG,5840.123853211009
KHYVYKVSHD,4755.8302752293575
DRDGHQYNDV,2377.623853211009
EKWFWNRHSG,5739.701834862385
YWEFQEWNKG,5763.247706422018
WGWWDQYWNHDS,18968.408256880735
YSNEGPYKALS,3716.766055045872
VQWEQEWKVA,3245.7247706422017
SGNSQSFHG,2545.1605504587155
LPEEKSG,767.9266055045872
KFDSLNVG,1864.4311926605506
HDPHKDGEYAG,1575.7752293577983
DVWSHVFPHS,10512.357798165138
PSPEKVFEPNV,1279.926605504587
NNGWHYSG,8317.362385321101
FKKLYLGVALS,12454.105504587156
ADSPQSG,1019.4862385321101
AQNGSEYHA,1654.2293577981652
ELANAWKHD,2278.8899082568805
LEGFNHNHVG,4307.743119266055
FHWYPDVG,11183.220183486239
DRVPNPDG,1726.6146788990825
HFEGVGQFDASG,4487.408256880734
VGSHNHSG,1760.2935779816514
VWVRKVWAL,18322.577981651375
SKRYAFLG,6974.788990825688
GLSWEVSG,4707.087155963302
DSDHLPVSG,1466.454128440367
DENHNLFPWN,7985.784403669725
KRFRRNKHDL,1428.51376146789
YHLQANHRWA,7954.793577981652
LAGSQFRHLSG,5180.665137614679
ANGQQYVAL,3732.2752293577983
NQFDGHLQSG,3628.5504587155965
KQGKNVG,752.9816513761468
WGWRKAQRNKA,2441.7247706422017
FHANDVFGWKV,11131.591743119267
VGWYDFKDLG,10505.243119266055
KYGDDSG,1225.8899082568807
HAKYKEWKHVL,2694.8899082568805
VNVRAFEYKDS,4620.307339449541
LVWGESG,3591.077981651376
FYVNGQEVQENG,1975.6238532110092
VPVYYVSG,17360.22018348624
LPYVRNFEYS,16018.151376146789
DSPDARLKHV,1488.1422018348624
LVENYLSG,4376.545871559633
WFAGKVRKDS,2838.954128440367
ARGWYKSG,4176.678899082569
RWGVVGRNL,9281.114678899083
PRREWEVLS,4609.201834862385
SESYDFALG,6050.270642201835
PGDGYKQPHVL,3730.7155963302753
GWYREKG,3619.6880733944954
VNDVLAWNVALG,8437.018348623853
VAQRDQKRENS,994.5871559633027
SDEYNWSG,3750.8899082568805
DNVNLWSG,4891.1697247706425
GHYDKLSG,2437.298165137615
NGRDKLSQPHSG,1881.3761467889908
WADASRWRVAS,9390.009174311926
FDEDDVFRES,3545.7844036697247
LRDQDGAS,1660.1834862385322
YPVAESPYKV,2744.091743119266
ESGRPPYLNLS,4096.95871559633
FPLKDWSGKG,3635.9954128440368
QQRQVKHALG,1705.348623853211
VKRVVALSG,2675.151376146789
WGLFEDYWNKH,10712.651376146789
YYEYNWDLG,13673.738532110092
AQLLWVLSG,27228.5871559633
EQYRYSFENKAL,6075.917431192661
KFYAFEGRYS,11444.866972477064
SSFDELSG,2414.0963302752293
VGRKDDQWNK,1370.4220183486239
WYDYNFYWNLG,13585.756880733945
FQQRVSHSG,3129.0183486238534
RQRFFWNKAG,4614.477064220184
WQQWPWDVAL,25678.463302752294
NRAYARKVASG,2918.1422018348626
WELVSEASG,4699.715596330275
WGKPRHDV,3300.3256880733943
VWPSVLG,7781.192660550459
APAWLALSG,5639.394495412844
AAFSPALS,3860.1880733944954
SDGDLHDALS,2188.7844036697247
FYEKHRDSQWNS,4024.5733944954127
FDGSDVGPWNL,7387.802752293578
QFEVFARLGWKV,20397.80733944954
RSHGYRNLSG,4058.4495412844035
HLNGSGSG,1566.5825688073394
NEQRVPKSG,1088.8577981651376
VGFKDFVKHDA,2438.651376146789
AQWAHENKHDS,1687.1926605504586
EQFPVWKVGNK,2079.1743119266057
NDENALWDFNK,5169.174311926606
FAANEWLSG,5567.747706422018
HDPRYFYWHALS,17064.064220183485
SKHQGNKDVL,1451.0045871559632
VVLGWKRAG,4630.385321100917
QEAYHRDFEDG,2902.8669724770643
WSGKSRYKSNKA,1640.7018348623853
LSVAPHVFKDA,3856.261467889908
RLYANKWNHDV,5049.711009174312
DGFKSWHFEV,8334.591743119267
WQDDLFAG,10443.064220183487
QKWWGQFHDA,8414.233944954129
YRQYYDALS,7755.98623853211
QNNGNKQEHAL,1150.7155963302753
YVHVKYWNVALS,13861.298165137614
YNLLDPWNG,7901.027522935779
PPVGREQEYH,1932.7935779816514
AEWSSFRWKDS,5585.233944954129
PSYSVSQNKVAG,2212.6284403669724
VQEPQDGEPNHA,1184.7477064220184
YKPDVWHLRHV,8345.321100917432
YDNSDGRNDLG,2511.9587155963304
YYAYYDLG,5958.220183486239
FEFNDLFVREY,21247.889908256882
AEKRAFWLS,7245.114678899083
EDKEVSPYKAG,771.9724770642201
DNDWPYSG,4642.3899082568805
AGYVPKREG,1306.98623853211
NLKQWRYNVAS,5583.105504587156
PGRLAGQEPSG,1297.9311926605506
PPRQKALS,1323.1146788990825
WYVLYDEPWNL,32251.380733944956
FVRYDLNSEDA,3699.7477064220184
FPVDDVLRAS,5158.394495412844
VQQESRAG,1042.4770642201836
HVGHHVQFPY,12600.155963302752
QRKALAKGFEP,1254.3715596330276
PSHVAHGQEPNV,1364.1422018348624
FFAAWKLSG,6129.9495412844035
DQQEFRWKDAL,2161.802752293578
VGERRYDLSG,3867.862385321101
PKGQHARDSDVS,1027.6284403669724
LSKPWDRPVLG,5112.885321100917
EFVEWRWNKL,10204.899082568807
ENNSRKRVL,1282.5779816513761
QAWVKDRKHA,1874.4036697247707
EKGNNAENAS,601.6697247706422
KSFSVQRYKAS,2774.577981651376
QAEANGPALSG,1442.3990825688074
RQHDKSYKS,1060.454128440367
KFKLEQPAG,1297.5091743119267
PNPWFRAWNHLS,14200.146788990825
ERVKNKG,824.5045871559633
LSAGQWYLG,10945.201834862386
HRASPAFYWL,19799.316513761467
FHYKYSFHDAG,5007.440366972477
FQGSGHSG,1641.866972477064
VRESVGYNS,2891.261467889908
LYKHRSRPYA,5278.022935779816
FVFDVWLSPVAS,24698.74770642202
KPSRFKDG,1076.3715596330276
QPEAEPWRKHG,2572.178899082569
DVFQNHAPHS,2311.651376146789
DHNGNSG,1006.183486238532
SYHDDYNG,2668.077981651376
DELHLHVLG,5232.3899082568805
HQRSENGQAG,957.5779816513761
NYKYRYVG,6178.733944954129
WNSDWSYHLSG,9948.444954128441
WDNQDLYNKVG,3277.238532110092
AQFEARDQFYA,10081.899082568807
DPSPRKSG,680.7018348623853
WKPWFEREKHG,3772.4954128440368
RNRKVLAQVA,1771.6376146788991
YQEPFYVSPWG,21889.018348623853
GRPADLYDVA,2280.02752293578
RWNGDLVGENA,2109.1330275229357
HALPKLHGWNAG,3119.1926605504586
HYDQNFVG,4006.770642201835
WVFERKAYDVG,7722.270642201835
HKHDLSWFEWAL,12940.646788990825
WNNREYHPDVG,4344.412844036698
ALHARKVLRD,2884.0504587155965
KGNEQEYWNDS,1645.045871559633
RAWSKDWDG,4101.325688073394
GFKERDLSG,1453.954128440367
PFNYRYDVAL,17614.261467889908
SQWLWDQRPYK,9785.114678899083
HAENVDSRYKLS,3116.3669724770643
QWVPNFELWNS,13787.555045871559
WNSPFVLRNKHD,7934.825688073394
DVYNPHLASG,3421.238532110092
VPPAQYNKV,1547.2155963302753
EANPHGQFDG,2571.4954128440368
KVEPKDWNAHDG,1391.3853211009175
ASDSLWDG,2628.408256880734
YLSENREYSQN,3346.2155963302753
VLWAYDLWNH,18597.545871559632
QLFPSRKDREWH,4016.4587155963304
FPHLYDLYPNHL,17166.4128440367
KVAQDLKHYWK,2151.788990825688
ASAENLWNVAG,2199.6009174311926
YWDSSQRVWDA,8694.302752293577
QWNADARDLQFR,8978.114678899083
SDFKPNDVL,2011.651376146789
EWYLSPFRYKD,14256.756880733945
AAQESYKLS,1377.908256880734
EHSEAGWDVKD,1923.6743119266055
YLVHEWVALS,16759.330275229357
HPFNNKVSG,1780.5229357798164
YYANRPG,3656.1146788990827
QHFPLPGENG,2114.9816513761466
RWWEVNKHDLS,6374.5
VYKSHYWVLSG,8329.339449541285
DGQFFRSKAG,4023.4495412844035
RWWQDGHVLSG,10514.215596330276
HNRKLRVALG,3343.793577981651
RLRHHALPWLS,13536.555045871559
KAHVAEFRWDL,8492.426605504586
LRYKNGPYNG,3947.293577981651
DAGKYWNFEPVA,3422.3853211009173
ADFPAEVG,1671.8440366972477
AAPHSWNAS,2154.0733944954127
FYQDDASPWNG,5531.325688073394
FEPVGKSSYWH,5698.977064220184
FFAQGQDG,2851.651376146789
WQYLKDQPYNSG,6258.279816513761
DGNKSGRVWVS,3848.408256880734
PRGPQEASG,1100.3623853211009
VYKWVNKLSG,3835.706422018349
PQPVSHPWVASG,3237.564220183486
DFRHGFAKHDA,3425.97247706422
YFAYFKALSG,5705.866972477064
NPAPSKDLS,878.8669724770642
YWFEYLYAYKV,5480.6697247706425
WYLNHFPYKHS,9369.91743119266
FPHAVAGVYWNL,23335.389908256882
QGVHDWDG,4244.59633027523
NNSEYYDAG,3699.908256880734
KWWHFVLS,19415.711009174312
FSGDNKVREYVA,3287.435779816514
FSWHPLSENHDS,4171.605504587156
VDSFFNDASG,3511.087155963303
PPPNGRG,1320.6146788990825
VKSLDASG,1153.3394495412845
HQFFPSEYKHD,6229.674311926606
NKQQKHSGQFKV,1353.6376146788991
NHYDPRPNG,2401.6605504587155
DFYKASHSNHS,2183.0
PRDAWSWKDAS,3487.3715596330276
QWSGAQSGWLG,8249.04128440367
QSLGKLSDA,1430.8990825688074
DWHSEWGYLG,12645.0
PDKALAWAG,2749.0550458715597
WFRYALVSWKA,17868.674311926607
ENHNWRKLSG,2913.2477064220184
QNASSQPFWLS,10768.798165137614
HYSQLVLSG,10652.119266055046
RWLWKSPARYAL,13466.155963302752
NKNLQFAFWKV,14138.816513761469
HERPHALHDA,3141.4036697247707
AVSGRWQNDS,2642.798165137615
KGLYSFVLG,14600.981651376147
HLFSFHVRDLG,17925.9128440367
DRHYLASG,4089.5229357798166
QALYYDLNALS,13436.201834862386
GRYNPLGNALS,5248.605504587156
AWDYHQREWHVS,9438.871559633028
FLRGQHQEYVAL,10960.747706422018
NVAEQNKGYHL,2844.6100917431195
WGLADLSG,6954.816513761468
GKHWNFNLG,5983.431192660551
DYDFKPWNH,4760.692660550459
SYRAEHVALS,3743.8348623853212
YRNHWFRWKHD,9140.97247706422
RLNQPDVEWLS,5923.091743119266
GGDLEVG,1737.119266055046
VRGRFPKS,2087.8394495412845
HYPYRASG,5665.522935779816
YVGYDFNDAKVS,5448.371559633028
WLFLYAWDSG,18417.532110091743
FSQERYAQVAS,4441.536697247707
FVHSKHQEYNAL,3724.5091743119265
HLGPGEYVVLG,9691.784403669724
AKDPDYKG,845.1788990825688
QKDNHDRVLRY,4783.729357798165
PNHDRGPQKHLG,1951.2660550458716
ASQWEPPYHSG,4882.3302752293575
SRDHGALG,2166.2247706422017
QANWVLREYG,11633.311926605504
QKNESREYKH,1165.0871559633028
HEFNFRG,5331.683486238532
HEKHENRKVS,814.0642201834862
KPKGPRNKLS,727.1605504587156
PYQGEVSQPNDG,1830.3302752293578
VEWSYGQRA,7875.0
GWSRVFVLG,37232.71559633027
NKHNYWNQNDA,2540.7247706422017
PRSQGFDVS,2936.229357798165
YVSLALQPWKDL,15508.119266055046
VYNENREYKD,2354.798165137615
NALYLGRFNDAS,10989.834862385322
GKGWGDLG,3108.623853211009
FHWENVEKHDV,3024.738532110092
QFYRRPKSWKAS,3249.123853211009
VAFDPDALQFEK,3783.3853211009173
SDGSRASG,1447.2522935779816
EVGHAGQLPWH,5555.366972477064
NEVRNYWNHDSG,4456.729357798165
LYDLFSYDAL,11959.58256880734
SPLPWYVG,14100.477064220184
NLLFYLRNKDV,12812.077981651377
EGEVEAGQPYDL,2144.0688073394494
AEEWSPLSG,2715.2752293577983
WQNYDKDVLS,4166.302752293578
KSFWSAGFHVS,10328.48623853211
SQYEAEDAL,1679.9770642201836
YALDVHFRVG,16728.224770642202
QNHKQRGFWVS,7080.48623853211
LKAWQNKVALG,3464.605504587156
AGKHQLFYWND,8687.56880733945
KRHPSDAG,1358.2247706422017
AGPYGKHREWHD,4290.431192660551
HFDERWDLSG,6164.105504587156
QRRHPKGKDL,1044.7614678899083
GYSVVASG,4533.142201834862
LYGDPYWHVAL,18514.43119266055
QPQDGRLQHALS,3234.545871559633
WNFDKVSRHDA,4472.105504587156
KPKRPGEPYWKD,2229.087155963303
YYPWEKG,4450.0504587155965
EQAHHDL,1672.1743119266055
SLYHPVALG,7435.160550458716
HGQEHEVPWDS,3761.2522935779816
RWSDQHAFRDG,6547.142201834862
VSHHSNDG,1717.848623853211
NVHFHGPYWHL,23591.183486238533
LAPVYDAS,3421.435779816514
DNPLDLSG,1903.9449541284403
PQVHFEKSG,1654.7064220183486
AFWEYSEVG,9563.954128440368
KGFEAFPQPKDA,2211.770642201835
PADVKHQWKG,1622.98623853211
QLNEARWHDL,5294.9908256880735
SRHKYSG,2065.0366972477063
SYQENSYWALSG,7505.733944954129
YVEFHQKHDVS,3574.683486238532
PEGFQFLG,13344.532110091743
KLRKVPHPWVLS,7999.885321100917
QVPLFEQNDLS,2711.637614678899
EEARHEYWKVAS,2370.793577981651
RVFSNKSPYHS,5008.481651376147
NESGPYFRL,14506.449541284404
AYLYNYHG,8373.311926605504
QEERLRPYND,3465.935779816514
FRVWFVAQNHG,15586.59633027523
PQAGRDSWHD,3438.9311926605506
VNVFVYNKDVSG,12682.711009174312
HWYHGPG,8154.848623853211
KWHAQNSYWKSG,4232.917431192661
QQWSLPWKDV,6314.706422018348
YGRQQFEAL,4948.545871559633
GQSQDFYKAL,3024.1880733944954
KHFSDVSNAL,2334.9174311926604
YFKQEKRNVS,1780.8073394495414
KLLKKDSG,849.743119266055
YSLWYVSG,12393.321100917432
HGSDWNG,2726.853211009174
ERNYQRNG,2488.9587155963304
QYYRLQWDVSG,11925.522935779816
WAWYSGWNKVA,11325.018348623853
PHNSSYHDAL,3828.706422018349
LRPWWSYKAS,10030.926605504586
EPSFRSHDLSRN,3547.316513761468
EAQGEALRPHV,1899.8440366972477
NENFWANVAS,5896.114678899083
HWFNSYLG,13192.302752293577
RHLEASPSPYWH,13804.697247706423
PWVEHVSKVLND,8007.623853211009
AQYWQRNDQEKS,1830.5366972477063
WRLRFWLS,23595.811926605504
QRKDWASNVFRY,10430.426605504586
HNFYEYDAS,8010.853211009175
DGVKASEPYKG,1171.9770642201836
WLFWGKQENDVL,7532.756880733945
LLRKSWLSG,6015.6697247706425
AWARRNHDALS,4675.821100917431
NSRGERYKSG,1627.5642201834862
SKLGLRSG,2397.316513761468
PREAHQFWHAG,6946.004587155963
RASEEYWAGVAL,8308.050458715596
SQLQFFPYAS,22559.591743119265
GQSGALQENDV,1333.1743119266055
SWKQDWNS,2928.5137614678897
VKSGWEHSG,1906.6697247706422
HGNGGWKHAG,2377.47247706422
HNQWWHSG,8777.830275229358
LQGAEWDS,2917.5825688073396
WNHYKGRGEPY,5434.995412844037
FVDYWSDG,9662.97247706422
SLSPDKHG,1307.4816513761468
KHLRRPVSFNG,4589.834862385321
HLDVGARHG,3252.0
YEWDPEPDG,3852.1605504587155
RARDGPGENKDG,1080.7247706422017
HQAFKFSG,5035.527522935779
GVLLGDSG,3703.8348623853212
EARVHEPYWNVG,4633.059633027523
FYKFFPDGEDVL,6266.174311926606
QVWDASKQKA,1718.440366972477
FQNKVWLEYWV,29063.38532110092
PVKYRNDS,2276.591743119266
QRHVGFAWHRPH,10483.550458715596
GGWNVWLSG,12982.825688073395
DSAVAELS,1372.4633027522937
PNPASAFEHG,1943.3440366972477
WPSWLYVLSG,40757.70183486238
ARGPDVDASG,1686.6559633027523
PGNVKVLFPYWL,32110.032110091743
FRREYDKDYKS,2473.9036697247707
KKREGYG,895.5871559633027
APRNDQG,1044.6559633027523
VKGRVNVALS,2419.756880733945
WKKGSQVSG,1384.3119266055046
HWLYQNLG,9831.490825688074
PGDLEEYWLS,5785.0504587155965
LWWNFRWVAG,18137.610091743118
YHQYAEGNKHG,2087.1009174311926
QNVAWWHLNLS,17534.94495412844
DSYRGREPNG,1898.559633027523
KDGVGKYHLG,2205.706422018349
SHQWYKSG,3497.348623853211
WFSWKRAG,6231.454128440367
ESKKPYAL,1511.9587155963302
SGGYWNEKAG,2312.908256880734
DYAKRNAG,1339.5504587155963
KEFVKVALSG,4832.775229357798
APWNVQASQHS,2128.4816513761466
NSKNGEWNHL,2634.137614678899
PFWSEQYLG,12819.59633027523
FRKVDWKAGKLS,2053.623853211009
QHGAWNKDSQWD,3820.4862385321103
FKWNFQRKVL,7056.018348623853
QLVFWLKSG,22866.467889908257
KHHSQSQAS,1045.165137614679
AKKGQKSG,592.5183486238532
QVYLAGEYNHLG,9580.54128440367
KNPKEDL,703.6146788990826
PWESPLNKHDL,6601.747706422018
SAALQREKVLSG,1587.0
LRKFWSREWNK,4440.183486238532
WSYFRFREYNK,7666.215596330275
HQSWLQKS,3259.6559633027523
PFFHWHDVASG,9043.90366972477
GAYKKLG,1872.788990825688
VFYVVAPNHDA,14812.12385321101
EYVFFLFPNL,49462.60091743119
RSAPFYVG,9594.98623853211
QGHHPYG,3993.0183486238534
LPHDAWQAG,3013.9587155963304
WPFGNDG,6233.412844036698
SWKSARYNKV,2356.4862385321103
DVNRASRLS,2414.802752293578
HAYFPKRLG,5418.454128440367
KVLVDFREKH,3007.729357798165
LRPQSYKHAL,3017.880733944954
FAQDLFRHGVAL,8494.600917431193
GPSEDFPG,1147.8440366972477
VQNANVFNS,1851.9036697247707
FGAKQWALG,4143.082568807339
YWYRDAQPVG,5084.559633027523
NYFAFDVAS,13728.834862385322
KEPSSEDVL,795.9082568807339
ALARLFYKHDVL,10450.128440366972
NFFVQSG,6046.582568807339
NFFWAFASG,13264.518348623853
PDHSFGQVG,2372.559633027523
RDDAEAEAL,927.0779816513761
FDWEHLWS,11841.504587155963
KWQDPWG,4200.160550458716
QYFKRDVGPYH,6313.770642201835
HAPASHSQKH,1127.48623853211
NEVYGYLSG,5327.247706422018
QGVGQFEQRNS,1657.5045871559632
YGAKFYAS,5220.399082568807
HGLRYRASG,4674.206422018348
PGEQNHGRYKDV,1898.0963302752293
WEDDLWVASG,8061.142201834862
SLNDQSG,1297.880733944954
GWNGKFRYHDG,5449.9495412844035
FALKNLPYNHA,4875.798165137615
RRKGVQREYALS,2014.1100917431193
QYFGYWARHVS,8925.47247706422
DENGSPYHLSG,2794.4816513761466
GWLSQPGRYNKA,4388.715596330275
QEVYEPKENDL,1069.8761467889908
RGRFRHAEKV,1889.5963302752293
AGPAYDEYS,2594.3577981651374
DGERFEWNHVAL,7585.559633027523
FHGWLYQRKV,8156.211009174312
NDAEWKYGPHL,7001.908256880734
NHPSQGWVLG,4600.188073394495
VHQPQRDLG,1984.9633027522937
KNEGHLSG,1003.5091743119266
LWSQAFVG,10629.738532110092
HSGVFYEWKS,9419.238532110092
WAWARWDFPDAS,15457.58256880734
GQGSEKVSG,905.1192660550458
YDHPSEYWNVSG,5314.683486238532
LYPNANSG,2107.5
SLSRNQNG,1824.7614678899083
QPLYFPYKGPS,9671.288990825688
NGKYHSQPG,1696.6100917431193
LQLADLG,3008.3119266055046
QYDRPWWDLGHA,12332.266055045871
QWRKHLDREYH,5745.422018348624
LWYAVASG,8527.371559633028
ARDYSRNG,2140.3073394495414
PRWSSYWNKD,6623.527522935779
EKLARVSPYWL,11090.908256880733
WLDRLSYNKALS,6353.302752293578
QWEPSQYNGPG,4446.04128440367
FHVEPAFSYNK,7570.766055045871
FDWKLVQRYN,7003.022935779816
PENFRFRPNKH,3459.935779816514
FNGWDVQDLPWA,13802.756880733945
AKFVDLSG,2273.701834862385
DVNDGDHSG,1256.2477064220184
NELNEHVASG,1764.7293577981652
QGAHPYALSG,4210.068807339449
VEHEDWVSG,2865.1422018348626
RHLGYQYWRWD,19053.325688073393
FWSFGFDVFEWS,32584.34862385321
KVRHVRYSKHDL,3448.197247706422
DRGYAALG,3470.9816513761466
KQSLDSG,892.0183486238532
HARLKASWHDV,4479.155963302752
HEYNKEPSQKL,1215.545871559633
FAQQNVQHS,2085.47247706422
HQFSNQYHVLG,8621.11009174312
KEAHDHDS,987.2339449541284
VQGSEWSG,2309.6009174311926
FPEYQDGQDV,3236.4266055045873
QFAVNKAPKVAS,1831.559633027523
PLAGWVEDAS,4015.9862385321103
QRLYPNLSKHDV,3975.6330275229357
PRKLGLYDL,6205.642201834862
EGHQQFNSG,1807.3623853211009
AWQWVDLS,12977.678899082568
SNVDLYDVG,3689.201834862385
LYRGNHVSG,3605.9174311926604
SFDYKPDVG,2362.4587155963304
SFANKYALSG,3658.293577981651
SFRHPLPNVG,5322.05504587156
HLPDAGPGHALG,2989.077981651376
LAEGVSG,1518.105504587156
DGWSSFYKHAG,7216.1100917431195
FDVFHENGKHVS,2910.087155963303
QRWSVAKREPH,2911.105504587156
FNQRRVNDAL,4829.94495412844
HWAVEASG,3091.559633027523
EKADHAGFRKV,1359.2614678899083
FEGFFHARKVS,6606.518348623853
WPSHAPHLG,5545.004587155963
AAQNVWLG,5796.385321100917
FFVFLPDSG,15288.169724770642
VAYWSNAQPKAS,3247.1100917431195
SYNPVRYG,7905.224770642202
EQNKRSFEG,1423.1605504587155
DLLRQEHG,2433.701834862385
NQRVWGQNKV,3114.605504587156
NGSLQYG,3744.1146788990827
PSPLAGYWKS,3706.729357798165
YSNEASRYKSG,2437.605504587156
LKQDSHLS,1349.9770642201836
EWWRPNNLG,8413.619266055046
PLKVRYWALWKV,16436.95871559633
NGGDWDASG,2824.288990825688
DALWEWVQWVG,19857.495412844037
VARGVASSG,1872.0504587155963
YDNAAYWKHV,5127.752293577982
HGEAKHAWNDA,2189.9908256880735
EWNDPYVLWEP,13037.330275229358
QWPWYWSYHDS,27029.89908256881
WSHDEFRYWLS,23236.949541284404
NLQPFPNASFYW,26899.623853211007
FQGHVFYNHVA,10775.229357798165
NNHYLFLG,19347.29357798165
AHDNYVAG,2237.876146788991
GFQQHLS,3742.0366972477063
DAKRPDAEVAS,784.6422018348624
RVSVHSRNKVL,2857.623853211009
FPPKQPYPAS,2877.6605504587155
KEPVSRDGWNDA,1865.2339449541284
LSVVQNSG,2262.605504587156
HQGRRPAG,2214.412844036697
EWLSVENDAYAG,5678.334862385321
FLGRDRWKLHV,8332.357798165138
WQYADVQVAL,15544.95871559633
PRHHNKASG,1299.2064220183486
QRREVQDASGEP,1216.5688073394494
ENLNGWGPNKAS,2029.9954128440368
RHPDKVLFEPKL,2773.4449541284403
GEVRDFRWLS,10933.559633027522
DVNNLGFPNVL,7097.633027522936
AEQGWVASG,2614.5
PRQDLFALSG,5613.1697247706425
KHGPANDGNG,1043.848623853211
LGLAEWHDVA,5278.802752293578
FLRHSPRYNHA,6474.651376146789
WSAYNAFRWNA,13989.04128440367
LSVASHGPYKS,3526.5733944954127
DYRPKEDL,1538.7385321100917
GAQYWWLS,19829.454128440368
NEKDVWRYWNKD,4404.206422018348
KHLLDRKHDAS,1485.8394495412845
HVFKWGYAG,9785.412844036697
EFELLQRWNDVS,8918.12385321101
LYAKSNAS,2096.178899082569
LGYGLGKDVG,2768.623853211009
AWGKFDALG,4438.0504587155965
GPNYGQHG,2510.091743119266
SQLNHRDVSG,2002.0504587155963
YAQPFYWQEPNA,7690.472477064221
QVRQHDVEPY,2838.0229357798166
YKKKQHALS,1023.4770642201835
GDQDPHSG,1303.7064220183486
AYPHHASG,2583.0366972477063
KGNYDYWG,5499.788990825688
RPHDHDQFHVLD,7889.142201834862
HLFRNQFHLRHV,11067.922018348623
WDRSALWDSG,9414.995412844037
WYHLKRPWKDAL,8448.935779816513
YPGLYWDAS,9532.399082568807
SEFSRYKHALG,4239.05504587156
NPFHQYHVALG,9029.266055045871
VNRYFYG,10715.779816513761
HVPHVNHFNKA,2646.169724770642
DFARHFHDS,5301.059633027523
DLREQFVLQWND,20459.197247706423
WNRYSHFWHVS,16627.16513761468
YYKFWFYDAS,9600.62385321101
PPAHAALSG,1501.1697247706422
LNFYRKAS,4365.894495412844
DGGAYNG,1944.4357798165138
WLPGGQPYHD,9174.894495412844
FPHHENSYAG,3663.6926605504586
DVYESQWHG,4676.729357798165
WLKDYWKDQWNV,7515.963302752293
HQKSRGPAG,1168.4036697247707
FNPEQVLSG,2139.733944954128
EWQDWNHFPYH,16350.628440366972
SNVDFPG,2651.2477064220184
KVSYPGFEWS,7771.224770642202
NFLHFYSG,10813.628440366972
YYQWRKVS,6125.422018348624
FAFDSNFYND,10412.256880733945
EDYGKASGFHD,2579.4036697247707
PPDNLRYG,3572.5733944954127
SHGYLREG,3872.8073394495414
QFVNALKGRHV,4679.798165137615
FEVFNAYNASEL,9442.821100917432
VFNEKSWNHDLG,3339.7155963302753
WYAGWLNKHVSG,8810.834862385322
KPNREWKSGRWH,3667.3669724770643
NGKFDEHG,1354.619266055046
YANGSPKVAG,1587.6422018348624
KVKYALPWHDG,5235.564220183486
YGFVKREPHG,4066.440366972477
YGDFEVRLSG,14888.467889908257
NLYEPGEPNDG,2437.270642201835
LHVFSKASG,4848.454128440367
DAHEPDEPYWNG,3145.830275229358
HLYPPWKHASG,5873.321100917431
QDRSQPSYWHVS,6206.802752293578
PYQPFRKHNVA,3478.0229357798166
DLEVSFWDQEV,6758.692660550459
QEAFKDWDAGHG,2373.467889908257
PLDFLQNDVS,4095.0229357798166
NRVKAKHDVG,1191.2293577981652
LWKNLFNG,6291.729357798165
AYNDWHRENAS,3209.97247706422
VRLWQRDSG,5228.600917431193
SSYWQWKDLS,5747.532110091744
SYQWNPVAS,3919.8899082568805
KGASVARPNKVA,1002.4036697247707
QFGKDRVQPWH,5845.688073394495
SNAHNLSG,1767.880733944954
QFSWQRALGFN,12444.642201834862
KKVPWEKLS,1357.6376146788991
SGDRRWSG,3825.5045871559632
NQEKQFFPYNAL,8738.169724770642
LKFKAAG,2391.6100917431195
HFDGPARWNKHA,4679.6697247706425
DAKGLQNHVA,1183.6697247706422
YRPHWKFEDG,4627.073394495413
NVDRQFDSG,2649.4587155963304
RALYPHSRLSG,5580.853211009175
DPYLFWENDL,10588.555045871559
REHNEPKQYWDG,2898.6100917431195
EYLDHGRWHLG,8858.683486238531
VPHEGPDALSG,1422.954128440367
LFSPLRHDVA,6046.811926605505
AFGYELG,5692.600917431193
KSHWREDAL,2514.6146788990827
HHEDQREPNDVA,1378.2247706422017
KEHFSQDG,1697.9770642201836
SQKEQRYLS,2003.7844036697247
PDHRDVQPV,2306.206422018349
DELGAFYLG,13910.532110091743
FNEQKSRPHDVL,3179.6146788990827
GWAPEDASG,2104.5045871559632
FFEVELFKSG,14412.830275229358
FPRRPYNFV,17230.243119266055
WAERWNVRHVA,10331.79357798165
QWRYYHAEVLG,13058.752293577982
KSAAWHLS,2777.5229357798166
YQQFVGEPYG,7209.844036697248
GGRWGVLG,6900.165137614679
VKRGVLSG,1744.9908256880733
QVDKFEKDVA,1171.532110091743
WDLGYKVHQWAL,15977.683486238531
YWKLVFESENA,14777.357798165138
KGHWAWLG,8585.784403669724
HGPRSPWKHDV,2559.467889908257
WKYDPNRPYHD,7577.362385321101
FNNYYASG,5414.376146788991
HSHGGEPNAL,1927.8761467889908
HWNAVGPYNDL,9562.298165137614
VANRNVAHALS,2648.821100917431
RKRHKVGWNSG,1571.2155963302753
DLGLLQPDS,2858.623853211009
RVKEVLKVAG,1357.651376146789
ERQGDSG,869.1559633027523
ARRKYKSG,920.0917431192661
GDRAHVSG,1694.2339449541284
NDRPKFNLEYK,2733.380733944954
PSQLWDVWNDV,8153.811926605505
NSLNAYDSG,2424.9036697247707
AQVLLQPHSG,3182.0733944954127
RRLRKLGFLG,5054.100917431193
WWARQWLS,18912.33486238532
RNSAQRPVLSQK,1986.01376146789
WGWFSQKDSG,5740.472477064221
YNDFDGDLPYG,9530.29357798165
NKVWVWVFRWS,37286.1376146789
EKPDNLQYVA,1712.2568807339449
FLHELRPNKLG,3842.4816513761466
FVLSQFHGFWQA,22212.908256880735
HQYNYKPKG,2321.302752293578
EKAEEPGQYW,2131.623853211009
FYYPNHDPHS,4304.068807339449
WSKEEPLS,1601.3853211009175
PYVAGVAFPRKD,6534.362385321101
EDFNSYGQKDS,1787.3440366972477
ANRYVFLG,20300.825688073393
FLDWFPSG,10049.587155963303
RDVPDYKDFNVL,2883.422018348624
HDSNPKHDVAFR,2903.151376146789
VWPFKLSG,8645.967889908257
PPKNYSG,1319.6697247706422
NQDHAFVS,2864.3899082568805
HVKVYASQVA,4118.568807339449
WSPRGFRENVA,4102.784403669725
EQLPWPLG,4407.518348623853
WRVSGWVAFWNK,17012.84862385321
NKDFNLFPVKS,3309.4862385321103
EAKDNYKHA,824.697247706422
DDAPKDPSG,693.197247706422
LYKFLWHLS,8138.8899082568805
NLLAQHVLG,4710.48623853211
NSQPFSWNDAL,4564.816513761468
NHLLLSPYVA,14606.114678899083
DLSLHSENKG,1213.8302752293578
KYWYSRNLS,5898.844036697248
KQVVHDLG,1318.9036697247707
ANESKLSG,693.4357798165138
WEKPSEYWHLS,9525.614678899083
NHDSLDVFDLS,3574.2798165137615
NREDHQYWNKL,4454.532110091744
RWYAKHDRVAL,6320.495412844037
YLNRGRAG,2929.408256880734
HDYERKVG,1337.288990825688
KDYRFWALG,5858.114678899083
KPWPGKHS,1291.3256880733945
PSYRRYVASG,4676.587155963302
VRLVGEDLS,2113.922018348624
FKEPSDVGRYW,6393.954128440367
YGVVAEAS,1771.6559633027523
GNVYKQKSG,1283.3623853211009
NPWKEKHFDVLG,2760.1743119266057
VSFLHDRWNK,4826.463302752293
ESYFAEHLG,4002.4862385321103
RSWNQNRKVAS,1683.3211009174313
YLKGYDENKD,1271.334862385321
QFDFFPVNHVA,9203.353211009175
YPYGWHNKVLG,7897.275229357798
FNALWLKAEYS,13991.660550458715
RPNGNPHLYLSG,8289.669724770642
LAELKAG,1089.3394495412845
NKHVQEKDWGQR,2021.532110091743
AAQPQYWNDG,3230.362385321101
KEHDGLRKDS,1027.7339449541284
WRYWQLEYWKAS,13016.454128440368
LFFWKYLSG,5585.165137614679
FWNWEDLDAL,9285.220183486239
QLHPDLEPNKD,1573.408256880734
LFNVEWAFRYKH,12888.90366972477
EAPFRWLRVLS,17572.105504587154
SGRHKVAREYAL,3595.045871559633
ESPDHQYNVG,1515.802752293578
YSKRQFALS,5145.463302752293
FHNGRNNDLG,2656.8256880733943
DWNNLKVLG,3726.3119266055046
YQWNDAPYKVLS,9924.073394495414
FSFPGPNVRDV,3579.5504587155965
LDPSDSG,1169.211009174312
KQGKWNHVALS,2194.912844036697
KREWFNLEHSG,4283.720183486239
VFSREAAG,2176.756880733945
SEGEDYVALG,2433.151376146789
KYVQKRKHSG,900.3394495412844
SVFARKHL,4926.311926605505
HRNVLYNHSGQL,5899.871559633028
SNHPANASG,1261.2706422018348
EKDQNPWNYHVL,5518.825688073394
YDYSVGYWS,8901.788990825688
NNQKDPLG,1184.1284403669724
FNPVWHSYVA,12734.940366972478
PFDFSFWG,24805.284403669724
QVEAVLGPYKH,5296.04128440367
YSQNQNQNLS,1951.711009174312
RRRDYKDVAL,1757.9587155963302
HSREFKGFPKDS,2007.2155963302753
SDVHHSG,1745.6880733944954
EADYRELG,1669.711009174312
LRESENHFWLG,11041.674311926605
DSHSENRPWSG,2910.0
PRPFWAALSG,9469.032110091743
APVSWSRKHA,2754.091743119266
YKEVKDFRPNH,2341.9036697247707
WSGGLSFRDA,8931.600917431193
ELPDVNSGFY,6122.908256880734
HERNLKLG,2494.967889908257
PGKSAEPKHDL,940.2293577981651
NQNPQYHDSG,2256.798165137615
WNQVEPDFWLS,17896.366972477063
DFVAQGNAL,2905.1559633027523
PKLKSQKLFHS,1633.3302752293578
KAPRSRPYWK,2644.816513761468
RLYYVLFRKHAG,15416.009174311926
DRDHFPDSG,2356.8853211009173
QKSNPKQYVA,1186.6926605504586
FGGKQEVALS,1770.1697247706422
EEDLDVNKHV,1217.6926605504586
SASQAASG,887.5366972477065
NHSWYKVRWK,6345.784403669725
VKAQWYVLS,15190.279816513761
SFHREPNNHLSG,3343.233944954128
LYSGSRWALG,8557.70642201835
WNQFVFPFWALS,40591.42660550459
YFELPHVSQLG,8006.532110091744
RGNWEVALS,5369.995412844037
PQQRKEAG,751.3211009174312
YGSAGPSG,1792.4954128440368
HVPVGYGRWDVL,14053.449541284404
RHKFSEPNDAL,1916.6697247706422
LFKSGDFRNV,4338.036697247707
HGPHERKASG,986.8669724770642
KAAKENG,679.7935779816514
ASYNEHASFYV,13693.43119266055
HDWVENPNHV,4260.224770642202
AQAYSKAG,1696.133027522936
FFLLPHDVLSG,12209.619266055046
RLGWRYLFYLG,23965.9128440367
EPHYQFWYHAL,25350.344036697246
RKWHVQQYHS,5249.155963302752
QNFLRLWLG,20905.70642201835
VSVNFRHALSG,5175.701834862385
PFEVQLSFNHD,26312.963302752294
VLNHVKGREYN,3076.261467889908
EGHKWDSG,1613.967889908257
YDEWDAGEENKH,1895.059633027523
FWYNGWYNHDA,9408.51376146789
HNVRWGHG,5670.256880733945
PQHYRNVG,3476.105504587156
GWQEGPAG,2361.6651376146788
RLLYKNDALS,5158.380733944954
EWWLYNLGDVS,16279.577981651377
PYYYQWVG,17598.949541284404
FGHLQLFHLS,15914.229357798165
VGRALEEWDAS,3097.137614678899
HEKENFRNKG,1067.151376146789
DYDRQFEKVALS,2876.1559633027523
ELDLPKEPG,1039.3577981651376
VRNPRNHDVSG,2319.3990825688074
LNFNNVG,3621.853211009174
EHRRNVQFRWND,7431.481651376147
YYNYLRYWNASG,6803.793577981652
RHSNLGFLQEV,6652.743119266055
HLFYLEWAFNHS,27885.697247706423
LHYAYLSG,8634.839449541285
NSQRWNFFPWD,27566.908256880735
DWVGFFVSG,40795.206422018346
DDNFRSG,2328.4862385321103
ADGVPSG,1265.0963302752293
WWVNQHVASG,7194.417431192661
APGDEHAS,949.7339449541284
PGPKDGEDLYW,3886.853211009174
FDWALHVWKHDA,9097.550458715596
AERPWQPWHAL,16978.954128440368
QHDPKSYHYDG,2801.0183486238534
SNHLRALPNKVL,4654.133027522936
FEGRYEDAKV,2270.2155963302753
LNGPRYVSG,5736.729357798165
FVGLFPWPYDLS,26742.463302752294
DFLYARPKHAG,4568.40366972477
YWWEYKGNVA,7175.215596330275
WLDLRKPWNA,9660.197247706423
HQLDFEAL,3598.380733944954
WKSSFPGNAG,3092.032110091743
ARSEHQPVAS,1574.1743119266055
YEDQNLRPWHV,12779.522935779816
VAQVPHGQRWVA,5162.55504587156
QARDKDVFNDVL,2277.178899082569
FSPWEASPWNH,7993.954128440367
VDHDDLSG,1743.8532110091744
WVGLYSRDVAL,19127.633027522937
LESWSLSG,6732.711009174312
DGSDNHSG,1269.5091743119267
DWWVPHSG,7565.90366972477
HSPVYNVGRKG,2517.6926605504586
DLYKVAAEWHDG,4932.183486238532
KGEDFHLFWVA,14493.995412844037
QQQWFHSG,7314.532110091744
QNGQHVEWNDWK,3916.0091743119265
AQEFHQFDVAL,10219.61009174312
DRHWDPHDSG,3080.3394495412845
WFLVNHLSG,13137.642201834862
RDVQQYWQYNHS,7174.495412844037
SWAAASG,3160.7201834862385
SFPAPQWKHS,3107.1743119266057
APFYLRVLG,32475.628440366974
HADHWKASG,2023.3853211009175
NSPRKDSEHDAG,964.3990825688073
VFVDRHLSG,6565.848623853211
PFVADPWDSG,6887.293577981652
WDNEWVKHS,6630.619266055046
PPFSHLS,4069.1926605504586
EWKLKDEKVYVS,2575.3990825688074
YFGSWKSG,3939.119266055046
QDRGASRPNKLS,1502.9220183486239
FAGLQDLQHV,4549.917431192661
WWLREFWNHG,17380.967889908257
NPYRDQYWN,9836.01376146789
APVSNVWND,2695.761467889908
NAFEPSNSFKG,2675.743119266055
FELHDQFFWKH,13288.637614678899
PHFLQFFRNDSG,12519.128440366972
PYLHFRDANHD,7881.261467889908
VVNHAALS,2492.853211009174
EKYVEQKDG,964.7293577981651
LGVGFPWWSG,26238.76605504587
ASEWYNLKVL,12902.412844036697
NFFQKVAG,3871.4908256880735
EARPSEYSFASG,2270.5550458715597
AFSWYWG,16118.848623853211
PEFDEYVA,5178.091743119266
FPGESRSEVSG,2065.362385321101
HQAKLEDLSG,998.9449541284404
KVQLVRKHDVL,3367.1330275229357
HQLYKGWG,6105.321100917431
LLSPRAG,3266.9036697247707
DKGHKHSG,913.2981651376147
WNHFDGFNDFDA,16889.67889908257
WGQKKLFREAG,2805.266055045872
GPSQDFDG,1527.2431192660551
NWLVQPLG,11395.536697247706
HKQEWEDLS,2092.8394495412845
VLYFDPWKHD,16100.298165137614
DHARKHYAS,2262.422018348624
ANPASWSG,3069.623853211009
LEGKHKHSG,1218.8715596330276
FFNLKVQEPYNK,3934.9449541284403
PFAVKSG,3261.9770642201834
NNPHYLSG,4594.711009174312
VFPAHNVALG,4086.6330275229357
QNEPKANRNKV,1030.8165137614678
KRWVYVQFKHD,15036.188073394496
NHRPKSFGEWA,3376.5550458715597
LRHENVARAG,2308.6743119266057
YWPEENLG,3546.8073394495414
NWQDNDSG,2401.605504587156
NVHSQPYEHG,3023.651376146789
KDFRHLYARPHS,4565.022935779816
DVPAFSGENKG,1210.6467889908256
EGFEYPYEYG,16385.633027522937
YPVVHALG,4377.90366972477
HVVQVFYWNDV,45137.6743119266
PSLEHNLS,2129.770642201835
RVQAYNSQHSG,2523.683486238532
YLSQHEYWVPWK,13980.243119266055
LQQFWQEYH,12566.155963302752
AQRQSEYDL,2141.091743119266
WAKHQAQRED,1529.9174311926606
PYNDESSQHV,2313.3853211009173
VKALNFNDVL,4351.224770642202
YDKASENQWKV,1988.6880733944954
GLREVYSG,4391.266055045871
RDVPQEQFRHA,1980.440366972477
RNNYFHAS,5981.073394495413
YHVNQFVEWHL,23005.655963302754
VNQPDWVAL,6648.036697247707
SFYQKQEPWKV,4046.211009174312
FYLAYKVRVALS,22623.330275229357
PNPKHLQLQRPV,2734.711009174312
WRRDAQLSG,4057.876146788991
HDKAQSFDV,1457.7798165137615
AQSVNASG,948.1743119266055
PVRDNVWNKASG,2588.183486238532
LWFQKSG,4071.47247706422
DNSPKEVG,732.7018348623853
GNPWGPKDVG,2704.4633027522937
KENWYKAS,2452.0091743119265
DGLGNHVKH,1952.1743119266055
EVNQNVQWS,2980.169724770642
NLRFHGEPWLG,16483.908256880735
LVWGDVLG,7909.275229357798
QNFKNHLWDAL,8129.963302752293
LKGEAFVSG,1912.4816513761468
KVFLGRYFWKD,12058.559633027522
DWGLRAS,4912.573394495413
WKVRAPHYLG,9438.880733944954
YPWYEDVG,8804.908256880733
WKQPFKLPNKA,2586.169724770642
REPSWVLVSGQK,7851.366972477064
YDAFLYWADAL,19991.839449541283
YQRHLWHADS,7322.417431192661
KDGGGFREYHSG,2745.380733944954
NDDQLSDLSG,2041.0963302752293
NRSFVFKVL,28176.224770642202
WQAALRSG,6893.353211009175
REGDWNALGN,2377.183486238532
KRDWGRAG,2351.0045871559632
FENWVGKDAEPV,2313.830275229358
YVQKEYWPKDVS,3360.4266055045873
VWGHPWLSG,14874.839449541285
ANGSWKVLS,3424.6559633027523
DVQEKKGFPAG,1211.6467889908256
GSRPWRAS,5385.252293577982
QDWNKLVSRWV,10067.564220183487
HQKFSPWHDAG,4120.311926605505
WQEWEWKRES,5164.825688073394
RPAHPNFEWDVG,5990.357798165138
NYSHFNVAL,8853.95871559633
LPGPQKSG,1268.1467889908256
FWFVPWAPWVS,27941.56880733945
YYAQFKHPKHDV,3401.605504587156
GKGNRKSG,794.4954128440367
QERDGNHFWV,8506.56880733945
LQNEWLFRLG,19028.802752293577
YDDQGRPYWL,16288.119266055046
WPSPHFHS,8859.54128440367
PFHFAGHVA,7143.715596330275
YNYVYHEKA,4244.9908256880735
PYLQFGYKVSKL,20759.284403669724
WFWVPNRYWKD,13088.88990825688
DNQESAG,938.059633027523
YSWFSQFYKAG,6615.660550458716
HKLAKDG,1006.3440366972477
SRERDVFKHVS,2965.2844036697247
HHFHHDVAG,2892.8256880733943
RPFEREWVRYNA,12654.720183486239
KDHDGAYWNKV,2079.4908256880735
FARERGFHDA,5208.426605504587
YKLQDLGEEHV,1512.6009174311926
PWDHKVGFRW,12979.954128440368
HNGWNWKHVS,4730.334862385321
RWQGQWSPWAS,13579.45871559633
NFPYNAKLQFPG,5235.339449541284
KASPWPSFPD,3371.4587155963304
FDEANQFLG,4760.385321100917
QWVFQRKLQPWK,9770.371559633028
LARNSVAS,2043.2477064220184
WDFNHVFFRPYA,19535.83486238532
DQREWDWSQNVA,3880.119266055046
YSRWVSRLEDA,5222.119266055046
YGLSLEVL,11392.899082568807
PEAGRWVPKDA,1828.7568807339449
RGYQHEYKHDA,2051.330275229358
NVSNKQWHEYH,3668.330275229358
GYGPQHSG,2038.8394495412845
HLSAPNSYWKH,5352.527522935779
QQKQVQNKHVL,1418.51376146789
VHLDRHSG,2303.954128440367
VFWPYVFHDA,18091.963302752294
HNENEHLSG,1444.288990825688
SGPKVPYNSQRV,1838.7706422018348
YHKKNKHVA,860.0045871559633
GHDEANSG,1016.5963302752293
FWFFEWLYDL,12834.064220183487
RLELWSEWNH,10518.29357798165
FPDPLFRVPD,7426.082568807339
SDAKYHS,1113.7798165137615
AKEQKASG,514.9724770642201
ALAVQKALS,2071.935779816514
YVQDNFYNKDLS,3969.8394495412845
QQEFASNHDL,2720.330275229358
NEAPSQDG,1243.545871559633
RFGKFRHDVA,3476.646788990826
KVWQSENKH,1493.1559633027523
ERGHWNLS,3349.605504587156
KYYQYWLS,7839.394495412844
EEQWKWAL,5033.022935779816
PFVKQEAG,1559.8853211009175
EQSDEHG,868.0779816513761
NKAFFEKYVAL,9168.339449541285
LEHPDRAG,1877.8073394495414
YYDSPLFHG,9128.532110091743
FARSLRPKS,2465.3990825688074
WHQSPNSEPH,2463.701834862385
DWSPWNVGREYH,11205.215596330276
PNEQLQRYND,3899.912844036697
WSAVFWVG,32266.174311926607
SFRSLGWDVG,9311.949541284404
SHSPVEDVAS,1337.5688073394494
ARGGASG,1277.532110091743
RFYDWHFWHG,16689.155963302754
FPENEVREAG,1651.3256880733945
WSARWKHEAL,4808.862385321101
RADWYHG,6381.697247706422
VYWSYWPVS,15831.288990825688
KVNDWVGEWKHD,3076.288990825688
HLSYWVWAFNV,28486.435779816515
PLVDHLSG,3353.119266055046
VWDVDRWKHV,6614.504587155963
EREDAVREWND,2044.8532110091744
VVGLEDVAG,1612.7293577981652
ADPALWAG,3172.064220183486
KGLKWHDVA,1921.1834862385322
AHVQGRNHDAS,1519.4128440366972
VENKYLFRHAS,4711.908256880734
NKVHYWLFPKAL,10744.137614678899
HDYLDQWNALS,7133.752293577982
KPKRARPYNDL,1770.4174311926606
LHWDNSG,3958.8394495412845
YAAEALQRYWDL,13251.564220183487
KVGEVPVARPHL,3975.5
DWQSWNSG,4856.123853211009
KQVYKAKG,942.4770642201835
RWWVFPAGKDL,12544.380733944954
DSEEYLQRNH,2758.821100917431
NVRAGYGWDA,8230.504587155963
QAVWNKDQVA,1625.4449541284403
VRKHLKPNLG,1583.8899082568807
GVEHDDLG,1624.2981651376147
HENARDPSG,1459.8256880733945
YLQFNDVLEYEW,22286.288990825688
GHHVEHDALG,2517.059633027523
YWHNQKVLENAS,2575.922018348624
GKFQHLSG,2363.266055045872
NRFFNAS,5963.119266055046
NAFKVPNQWDVG,4236.779816513761
AFQHVNSG,2402.4862385321103
KELFKGEWNKH,1939.045871559633
KPQDWNS,1411.651376146789
YYGLQHDVA,4165.784403669725
EVDHREHDG,1374.866972477064
KWAGDRNKD,1451.2247706422017
WPGGWNALS,7843.344036697248
YSVNDSFENKS,2443.3119266055046
VSFNAHVLFPW,32641.463302752294
KDDSVQFVG,2440.853211009174
REKYDGWKHLDA,2682.6284403669724
SNQWRAG,3846.770642201835
SEVHRNDLSG,1969.7018348623853
RGNWWDG,10319.573394495414
LKEDHAG,1053.5045871559632
EHQGEWNNVS,2098.591743119266
AHDGYREWHD,6295.298165137615
VAFNSHSPLG,4336.105504587156
LQHDKARYAS,2385.738532110092
KNASHYHDVA,1961.9495412844037
GFRFSGQEPHDV,4799.4495412844035
KFQDWSG,3356.4449541284403
PWVNDWNSFYNL,27864.844036697246
YDNVHRPKDG,2232.4174311926604
HFHYHFPSG,9242.935779816513
QYDEEYWNSGQR,4977.55504587156
YPQLDLG,2911.1605504587155
RSRFGYDS,4735.495412844037
FFLLEPHDL,13794.697247706423
YGKYKGKHDAL,1821.6467889908256
AHSHQHG,1727.8853211009175
RSAKEYDG,1257.8165137614678
ENDSKASFYAE,2173.151376146789
GPQQVALG,1466.5963302752293
QLKENREDAS,838.7844036697247
FFQLQFSG,15226.59633027523
FVPYLQVSWNLS,24923.215596330276
PGQYDEYQDVA,2939.6330275229357
VHSSYDALS,2975.3256880733943
YVELGPPHDLS,7271.967889908256
KLNGKHAYVAS,2427.3348623853212
WERNLRLG,10144.5
VPHVERWHG,3820.077981651376
LQDEAKAG,863.7752293577981
PWNPKLFNGPWV,16128.133027522936
FENAQVLSDLSA,2879.6284403669724
APSSQYNLSG,1552.9128440366972
HEEQKDVA,827.7385321100918
DSKHKSWASG,1511.01376146789
AYLYFRHG,14311.995412844037
QSHNHEDG,1378.3302752293578
QQKFEHKAS,1085.633027522936
WNSKFWHPWHDS,13309.06880733945
GQYAKEYKHDLS,2014.334862385321
ASRFHAYNKDS,2811.798165137615
AELEWPNG,3492.793577981651
KLQKGRKFRPL,1468.2568807339449
QKLFREANFEKL,4673.142201834862
VAYLYAFWAG,25156.091743119265
QVHYDPYWNS,11425.587155963303
YSHELGFPNKA,2913.261467889908
RAHVFWGREKHG,4584.6697247706425
LAFWLYG,17414.39908256881
AYYEWLG,13021.756880733945
FQQAGESG,1694.954128440367
QRRQLRWNVAS,4493.472477064221
FWPNWAGEDVG,4949.880733944954
SNVGNQYALG,3345.683486238532
FFWLSNSGQYDS,5973.5504587155965
LEPRKFYHDV,4844.522935779816
APPDKAG,769.559633027523
WEEHGALSG,4144.885321100917
KFQYKNAG,1883.408256880734
NHGESEVSGYL,3575.646788990826
PNAAVLYVALG,37433.85321100918
QEYRGYWLNKV,9085.825688073395
YKFNFLQYWNHA,9652.587155963303
SPNQLNASG,1191.6422018348624
DSRWQHDGQPKA,1895.2660550458716
QVHRSYKAS,2331.0091743119265
NGRFFYHDVS,12878.385321100917
DQWLEGFRPDV,5352.357798165138
WRHGPVVAG,5877.1100917431195
ESNNEHDALS,1170.1559633027523
QNFREEWRNVAS,5668.848623853211
PWARYWLKGFA,17766.660550458717
WSKVANGNAG,2184.5366972477063
PFFAYKL,22531.536697247706
AFRDYVLKHL,8373.316513761469
NHEPFPSGPNL,3682.270642201835
KWRVYNALS,6976.954128440367
GWHEPENG,2312.4770642201834
WAAALFAG,15333.183486238531
PSQFHPYHWKDL,11401.422018348623
FPDFFLYWVA,37542.74311926605
VLRYWGHDPWVS,21882.261467889908
AGHAFNRHDAS,2959.5825688073396
ELVARHRYVAG,6174.729357798165
YFPQPAFRYNG,9773.761467889908
PWYRNSEPWAL,20067.876146788993
HRQYVEWG,8115.729357798165
KSYPKQFEWNDS,2556.0091743119265
VKPKGYNLS,1573.7706422018348
ARNHENLGNDG,1747.848623853211
FLKRASNHDA,2837.02752293578
KFPPVPNKV,1495.2706422018348
YYNRAYNKS,3361.091743119266
RGLKFHSG,2814.0550458715597
EEHPDFKSG,1370.7844036697247
WKQQGNVAS,1694.9633027522937
SLWLRVLSG,17805.0
FSYARKEHALS,2969.678899082569
NAKSEKRYHV,1315.3899082568807
GDQWADSG,2392.243119266055
RDYPDQNKHALS,2108.4495412844035
SQRHAWHHDS,4703.0504587155965
DWKKGYKLSG,1805.9770642201836
WRKASHRLG,3714.619266055046
VWYHRWHASG,10646.733944954129
QRWWNSYKFRPW,18172.435779816515
QHWGRKAEVLS,3221.105504587156
PYEWPNVSPVS,7674.798165137615
VAKGGKLG,1025.0504587155963
YFERQKHV,4205.04128440367
FDQLKDVYKDG,2108.8073394495414
YNWHQSGHG,4075.266055045872
PHRWKWLPYWVL,25334.3623853211
SSYHSHSG,2672.0091743119265
LQFVPVLNVA,16857.30733944954
HYLFQPDG,7850.353211009175
QPWYYQPYNDS,15136.646788990825
KLRWGHDLGG,4867.477064220184
AESGRYSELS,2589.651376146789
RDDHKVG,1248.8165137614678
DWNPSWASG,5473.142201834862
GAEVNSG,1291.3302752293578
EYDRLQLFVAL,44059.449541284404
RHQHNVSDSG,1854.5366972477063
REWLAQFWPKH,11373.788990825688
QHPPYLEPHG,3677.1559633027523
QDEEWAGDLSG,2014.0550458715597
DQGNLPALS,1629.7568807339449
EWLLEKHVDVA,4366.40366972477
NVGWVNDEPHVL,6828.422018348624
VQKPQWSG,2512.270642201835
PWLHKHGEPYK,4638.752293577982
LDREHYLG,4450.770642201835
DLVWGQHLS,7367.495412844037
WGWYRWKHDV,14483.348623853211
YAHPYVRENDV,4791.931192660551
HVSWQPDDALG,4509.3302752293575
DAQAKAFPVLG,2025.4816513761468
QLYAVLNKDS,5659.05504587156
HSFGGKHDVS,2021.2339449541284
PLFRKFSGYKHS,6005.674311926606
ELGQSEAQYNS,1442.059633027523
ARKWDNHDLG,2742.9954128440368
PDDHSELG,1228.5183486238532
VDYHKASG,1566.926605504587
VALYWVNGQFA,29151.01376146789
KYSNEKAS,1260.6009174311926
PGKELFYNKVL,5096.151376146789
REYWFYDSWKPL,23512.408256880735
KLWSAQNHDL,4031.298165137615
HNPWFWKHDS,9059.449541284404
QVEWDLVQEWHV,12180.825688073395
HQNRFRKHDA,2122.3348623853212
YAAHNSG,2343.1330275229357
VHWNYLSG,7996.908256880734
SGSGAWDG,2644.52752293578
FRYHPYGFKQKH,5164.105504587156
VWGKDEAG,1422.5779816513761
AEVVQALSG,1886.288990825688
DSLQWKLQPNL,3848.637614678899
AKHQLGYALS,4084.9587155963304
ARPWYLYKG,10507.146788990825
NAKGVAQYS,1843.5825688073394
QKGQWKPHARWS,4544.591743119266
NFQHQHAG,2811.577981651376
VYSYGWVG,10340.701834862386
FRDRRELNSG,2588.9862385321103
FFVGKRWVSG,7718.885321100917
HLSDPYHALQFG,11580.600917431193
FHYWNARLFRLG,16968.169724770643
NLPWPHFKHL,12742.591743119267
PKGLHLSWAS,5460.880733944954
KYKDDSRPNKDS,1042.1376146788991
HGYAPFPLG,10019.243119266055
FRRPKHNKLEV,2340.876146788991
PWFWLSWDFEWD,37447.233944954125
DALQLGPWFDA,15316.518348623853
QVPFLSREWNG,5015.137614678899
DGYFDEYWNV,13398.54128440367
SDGSGYG,2134.880733944954
AHRWPLS,6364.995412844037
RLRADVYHAG,4861.192660550459
QDSSSRPWNVA,2189.119266055046
HHAQGDSG,1278.940366972477
EEFLWDVL,12141.655963302752
LQGLRYDVAL,10757.119266055046
AFLVYKAG,18153.288990825688
VWPWNKKSG,2795.4770642201834
HRQWQNAS,2706.422018348624
PYWFFWHQFEKD,17746.52752293578
RKVLLSQWLPK,6462.142201834862
SRFVHDAS,3314.954128440367
LYGEKSFWNHA,4244.151376146789
DYLNWNKDV,2418.9449541284403
DYAKYWLG,5595.275229357798
AWLHDPLSG,4934.628440366972
NEPPEASG,817.7385321100918
YVEWVSQKYHD,8058.018348623853
DWFGHSG,5407.738532110092
RGGFHEPDVS,2074.6422018348626
NKWWLGREWDG,8838.399082568807
NYFLKLSG,8066.266055045871
YARHREFNHAS,3140.7201834862385
NEYEFNDG,3117.169724770642
NPQKAKHAL,896.5045871559633
WAVGRDLSHA,4510.1697247706425
LGYDSEKFVASG,2384.0963302752293
PDFNPAQWVS,5842.165137614679
KQRGHVLWG,4749.779816513761
LKFNGVG,2107.6100917431195
LPDVSYRALG,3401.4495412844035
YDDRVGFNHDV,3797.5825688073396
RKSGWKQWNDQR,2376.0412844036696
GPWWPVSG,7668.123853211009
HKLVKDSG,1024.2981651376147
PLEPSPQFEWDL,5676.036697247707
NLSPYFWEYW,25711.27981651376
PRRPRYG,3861.8348623853212
VQELQQWDLSG,4048.0137614678897
YPHDFPWLQYWA,25148.504587155963
PLGASPYSGWAG,7016.788990825688
DFDYHGSG,2847.0412844036696
EVRGREWPSG,2300.8256880733943
REVHPDWHVAS,2907.6926605504586
QRHRKQEQFNDS,1173.5091743119267
AHSGVQWVA,3961.9449541284403
PHPKSDGEWLS,1886.9587155963302
NDRLLQENKA,1166.467889908257
HWQVNALS,4857.811926605505
FYEVQWNAWKAG,6970.201834862385
KPSRQFDS,1515.3394495412845
NEAFYFHL,19730.018348623853
NLSFFDGYDVS,13215.784403669724
VKYFKSG,2452.0
HAFYWQLYKDAG,9962.288990825688
QKSYPVGEPK,1126.7064220183486
NLFNQFHSQYWH,16929.298165137614
YHFLFRPKRKL,4390.201834862385
QKSHDFSFNS,2334.9587155963304
SKLGQREAPWHD,3460.5504587155965
RSGKHLSSPKA,1076.2155963302753
LFHFKVRNKV,4276.793577981652
GNSDVYSG,1934.6467889908256
KFDDHVG,1669.9128440366972
NDEVRHWNKSG,1990.366972477064
RDYYWQEPYL,16381.779816513761
NFGWNSRWKDV,6488.568807339449
GPRWAQFLG,9974.940366972478
KGRFSYWNHDVS,4408.018348623853
QVYKKAQLG,1856.605504587156
AQFQWSQPWNL,15040.839449541285
VVADNKG,1067.2844036697247
EFGRAHAG,2240.4311926605506
DAFHQHAYNKA,2164.045871559633
QPKGSFVSRKHD,1863.894495412844
DPSVNLG,1183.1880733944954
EWYWQQNVALG,10762.990825688074
SQPGHAPNS,1154.7385321100917
VNPAQSG,1075.380733944954
NFEDFRDWKDS,4042.3669724770643
LGLHNKS,2226.5412844036696
QWASASWAPKD,5087.536697247707
PGGYLEPSG,2844.3348623853212
EQRQYLGNHVG,2751.701834862385
QDRKFKGFEDV,1484.665137614679
WKPLGQNHFHAG,4586.04128440367
NQYNARAGFNV,5665.302752293578
QQQVLVAG,3087.564220183486
QRVEEPNSGQND,1305.665137614679
RSPHEAQHVG,1457.2660550458716
GHLQAYWNHVA,6503.174311926606
AGLQLQYG,5994.866972477064
SEGHWNALG,4208.59633027523
HPGVHALS,2285.091743119266
FKRGYKHRYG,3302.1559633027523
DVDPQHLSG,1855.2798165137615
WFWVVFWNKHD,21788.596330275228
ADEFVLSG,3696.8715596330276
NRGEQFSG,2532.52752293578
PYPRRWVLSG,10010.463302752294
PYVESFEAPYK,15411.197247706423
YNDVRKFGYNKL,5333.90366972477
FALWSFDLPNH,19976.018348623853
EDERYKRYSG,2463.3715596330276
YNNNWKASG,2739.5688073394494
RQHNQNHL,2765.348623853211
NAQVFWDARNHA,7623.600917431193
FGQHGHGQNKS,1823.9495412844037
FLDRGNVL,5333.5091743119265
KLAFPDVYNDV,4281.422018348624
QGQNQPGALSG,1449.7798165137615
DAFFQEKAL,4383.279816513761
NQAFVAALS,7573.3302752293575
DNLAFYDSG,7093.876146788991
ESWANDLFNVL,10878.481651376147
FKANPWKGPHD,3664.697247706422
VWDPSWSG,8124.48623853211
KVFFRYDPHDL,16681.188073394496
YQSDEVSG,1790.302752293578
NANEVAQFENV,2093.605504587156
DPLWRYG,9042.532110091743
FNNKNGFPYKL,6621.100917431193
FLYHFASGFH,10181.19266055046
HVHLHLRKHAG,3825.706422018349
RFERNRPVG,3929.1880733944954
YHGYYSPYNVG,7531.793577981652
KNVAWVRPKLS,3485.123853211009
FNVRVSPFAL,25578.95871559633
DYHQALREYWHS,8953.633027522936
LRQLKSG,2073.97247706422
NGSNSQVSG,1145.0045871559632
DLPHSGLNLG,2761.6605504587155
DALDERWKALSG,2107.183486238532
NLWENHPNKAL,3829.2201834862385
YSKEYDVPNDG,1749.4587155963302
EDWPEYHS,3813.1009174311926
KSEKQEALSWS,1494.7752293577983
LNRVARG,2719.1422018348626
AGHWARPYKLSG,6203.3899082568805
HVQNWDAFYVLG,32362.229357798165
EHSDRNVFWDV,7622.766055045871
KAAANHALS,1372.9816513761468
NEWRYSQYHLG,12142.20642201835
FWNYGEKHWDG,7101.857798165138
HPSRVGHALSG,2159.701834862385
APVLEGPWKDA,2416.348623853211
DFVFVSPG,32661.454128440368
FKALRHSFNHEP,5068.100917431193
RQYAQDYWS,9559.600917431193
AKQKHELSG,909.1100917431193
EAKEAGPALG,780.697247706422
YVPSHDLQPHG,3015.353211009174
PGEGASRYDLG,3648.6743119266057
ASSKPWSG,2107.4449541284403
LGNNPYLG,7243.9908256880735
EHYQEWFAG,8239.435779816513
NERRWSG,4254.5
FLWEKSPHVL,7592.174311926606
ALYAALFRNKG,8018.756880733945
RWKSEYHEPWVN,8788.93119266055
PVPDSYLYNASG,4892.408256880734
WYSNYVLSG,10914.29357798165
QYEFGFRPWDV,16418.477064220184
VAKKRKAG,713.7614678899082
KGRLAYDALSG,3004.5412844036696
RLAQRHHAG,2949.47247706422
RVKPFWHDL,9253.977064220184
WPYNPHFKVG,11768.674311926605
YFVAQSNVLG,5963.3302752293575
YEGKWDVALG,4484.816513761468
GEDLENASFRHV,3749.1100917431195
YGNLGVGEYW,14452.077981651377
GNVWRWALG,15135.02752293578
NNWLVLSG,14837.444954128441
NDHVGLENL,3006.9587155963304
FLSNWDLPWAG,16777.577981651375
RAWPDGEPWV,10365.394495412844
EYLHRPWYWNH,21147.454128440368
NLAENSYWNL,9208.605504587156
AKSPSVG,910.5091743119266
VSHNWKLG,3672.0504587155965
YPHWRKSG,3906.1284403669724
DFAHYWVG,9855.559633027522
EDHVQNEYDSG,1711.6100917431193
QGRAAQEYHSG,1824.7385321100917
DQNHGKLDVAG,1274.2247706422017
AVALNHWNKDS,2086.922018348624
LEVAEFPNAL,4466.298165137615
FKWESFEPHV,4707.105504587156
HNKRRWKHLSG,1935.4908256880733
FGLQYDFYKVS,14208.555045871559
PNRKQDASNHLS,1410.9311926605506
SNGNQHG,1770.619266055046
NNLYFAG,9562.509174311926
AGKGSYHG,1832.440366972477
EQQHWHG,2918.183486238532
AFKAYARDVL,5395.931192660551
FNSPDFWSQEPD,4654.036697247707
LSRDNHLRWNHG,5298.518348623853
PYHSVALPHGD,4296.733944954129
WFRYSHVRHD,9282.821100917432
QQGFFYDVASG,8981.495412844037
QSFKYSGREKVA,1994.2614678899083
DDSWPVG,3433.0137614678897
GYVVEVSG,14021.5
QPSFPFYFKLS,37016.550458715596
DQKHRKFNVSG,1621.7844036697247
VAHHNVLSG,2301.5045871559632
FQDWQWNLSG,9032.62385321101
YFLKQRDVLG,4832.0091743119265
HAEQVGQEHDAL,1641.5412844036698
DHSQFWFKS,8927.06880733945
HEYVGYVLFHL,31383.674311926607
HQRWPVRWVS,15768.050458715596
ESEWAFEVPHDL,6566.206422018348
VPVDYNAG,1713.619266055046
KVQGWKVYLSG,8548.628440366972
AGAENPHAS,1255.4770642201836
HHRNQYHA,3876.7752293577983
AQVAVGYWNH,7817.779816513761
SNNQKSG,1118.7431192660551
YLWPYDEYAG,13750.059633027522
AYPVSYAG,5251.348623853211
SGFNRKGWND,4334.912844036698
FHKRVLEDVL,3174.4816513761466
LQENAYGDSG,2487.0045871559632
WEVDSPNHDG,4446.733944954129
RVQNPHAFVS,5391.146788990825
YHSKPWNSNDA,2505.711009174312
GLRWNKWG,7550.807339449541
QFNNWSQPYHG,10182.169724770642
PVQVAYDANLG,4379.857798165138
FLNHHGQRKHL,4183.454128440367
SYYNHYNG,4273.614678899083
KPPNNKS,730.5504587155963
AHDHNDVAG,1348.5963302752293
KDGWPYKRWNAS,5025.201834862385
KWRAFEYVAS,9395.912844036697
QRNDVKHSWGQE,2002.967889908257
FQVWDYVLS,23208.02752293578
DVRFALQPHV,9737.600917431193
QNWRNPYHDL,13719.619266055046
KVNDQRVQPLG,1899.9128440366972
NQWFHVPLS,14659.69266055046
WKNALDGPVAL,7697.963302752293
RVWYAPYWNHA,17968.357798165136
PADFVWKG,5391.123853211009
DDWQNVSG,2843.5688073394494
NYFPSVLSG,6990.692660550459
NKPPDQREWK,1320.0091743119267
SFRKLYHRPLSG,5619.114678899083
EWKWRPYLQKD,6106.793577981652
DELRSYLG,4344.6100917431195
QKQYKHFHFWH,9444.334862385322
WAQSWDAPWHS,15799.444954128441
QHYNSHSFDA,4267.660550458716
VNLPPVLS,3872.045871559633
NDFFGFREWHL,19806.467889908257
NRALYWGWNDG,13071.146788990825
DVKVGPENKLG,948.243119266055
KEFLGKSG,1313.4495412844037
QKDLKGFEQWDL,2881.270642201835
PDLGHKDPALS,1424.8715596330276
HFQFWSPWG,24026.490825688074
KPWADYLG,4362.839449541284
NKDWYHQRNKA,2193.1559633027523
DKDWRDLG,2180.3669724770643
NLNKHSDQWHA,3149.0550458715597
DVKGSEDALG,1031.9954128440368
WSWNHSPSQWAG,9665.798165137614
LWVPPYAL,22027.174311926607
RFNHVLDGWHV,14531.912844036697
FRSHLSKQEH,1952.3211009174313
QAFRNSHAYG,4935.619266055046
FKEDVRPQRWS,5871.495412844037
ANKHYKDVRPG,1664.967889908257
RHWFHQFRLG,14896.830275229358
PPGQFPQALG,2161.045871559633
WAQEYQRHASDS,3346.738532110092
ESDKKVLSG,644.8302752293578
NQPHYGFDG,5813.408256880734
VANSKLRYLSG,4261.114678899083
YPRYVHLG,10222.256880733945
DFKKHRPNKG,1181.9495412844037
PNKVAFPSHAS,1644.1238532110092
KLHKNKG,774.3394495412844
KWGNDEALSG,1599.394495412844
DWHKRWDSG,3574.6146788990827
WPRNAYG,8064.183486238532
AGWDQDNKLSG,2075.380733944954
HVPGDSRNDV,1412.665137614679
GYASQYLGQFDG,9860.844036697248
RWSQFVVLQREY,46565.40366972477
RFPVPPWNKHS,4000.4036697247707
ASSAFPAS,1363.8761467889908
ASEDPWREDA,1953.3623853211009
VGSFPDHASG,2026.0045871559632
DFNQFDQRNDAG,2850.151376146789
EALLKDLQKS,1180.1238532110092
EWAQFKAFPWFG,30762.33486238532
SKDRAKAG,1065.9449541284403
KVDDEPLG,881.848623853211
NGKANVEWND,1769.4587155963302
LGRLQGKVL,3883.348623853211
YPNDSHSEYWN,4362.504587155963
YQFNDFHGQKDL,4506.504587155963
ERRVSFVG,5543.908256880734
EPQPWHDEARPY,4101.137614678899
WQYYQNVLSG,10683.275229357798
VFFYFEG,29134.371559633026
RQRAWAQDG,2891.8256880733943
DYAPSFKAG,2077.954128440367
FFYAQHPDG,3788.4862385321103
NRQANALSG,1519.8577981651376
SNDRHYWNHDA,3664.2155963302753
AHFDAWSG,5566.252293577982
PKQGRPVAFEHD,2226.0091743119265
VSGLNHSQHD,1907.5091743119267
RGYSRGRWKD,2916.7844036697247
NDFSHDLAG,3141.793577981651
DPNNRVSG,954.3853211009174
RGDKVFWKHDV,2564.5550458715597
HNNHVKLG,1872.348623853211
SWFPGQLG,7488.275229357798
SGPLWHNDAL,4452.275229357798
SEFNYKALS,2774.5550458715597
EEPFRGFRNALS,3187.7155963302753
FVEVRAGPG,5573.798165137615
WYDDGHLG,7953.862385321101
YEQRYFDLSG,7799.174311926606
KLDRSREWNHV,2648.7155963302753
EDLVEYQYHSG,3807.362385321101
FWWQWVREV,16474.811926605504
SYNGVFRYWALS,14030.747706422018
RGLERELG,1562.045871559633
LKKDDVLS,827.9036697247707
KNNPWSG,1999.4311926605506
EVERNKYWNKA,1506.7247706422017
RRYADAFEWH,9144.5
SHEHVWG,3002.6009174311926
YWKHHSFRGHV,5528.431192660551
EWVDHVQYG,5592.857798165138
EKASDLRNGES,821.7110091743119
PEKDYRHVSG,1972.1467889908256
VEWPHGFPYNDV,11223.926605504586
RRREPADVAL,1712.8532110091744
SDLVFRYKDV,6992.0
RGQESFLRPH,5062.032110091744
ENNAWNHHVA,2938.0963302752293
SYSASDLG,1921.9816513761468
DQWDAGDFWN,7070.353211009175
HNVDPLSG,1727.9311926605506
YHSQHSYVRHL,7234.848623853211
FQLWDWKHDVL,12397.830275229358
QGDLSPGRSG,1330.211009174312
FFEGSGYNKHDA,2828.4449541284403
VELWYNG,8324.720183486239
PRHWRPDVL,6873.412844036698
PRSWYDSG,5776.977064220184
VQEFVEYNKVS,6459.027522935779
REDNWHDKVAL,2330.380733944954
ELFENAALSRK,3404.243119266055
QDHEFYKDAS,1663.2155963302753
SAWDARASG,2625.408256880734
LFEERPWHDS,6803.142201834862
NFAPRPAG,3234.091743119266
VYWYDNKG,5265.362385321101
EQNFEPYFWHL,18909.536697247706
EVHWPKLG,3580.178899082569
QGSGDGFHLSG,2991.9174311926604
FHNEAFEDVS,3115.4587155963304
SHVRLEWLS,12341.912844036697
QASLDLGDAG,1631.6788990825687
VSSVADAG,1069.6146788990825
RWFKPNKDSWK,2555.733944954128
DGEAGALPNSG,1205.5275229357799
KNRKQNLG,780.1192660550458
QSQKLWQDAG,2070.0504587155965
NWNEAEWHVG,4933.8899082568805
EKGSEWEYWVS,4843.142201834862
KFNVDSWHDAG,3386.197247706422
FGGDHSG,2141.701834862385
ASVVGFLSG,8095.770642201835
VAGPEVAGNG,1149.3165137614678
AFSWWHVLS,17493.963302752294
HDHKKAG,956.5550458715596
DDEYSNSG,1621.3715596330276
LNSQSGKG,1232.408256880734
LQRFYHDGYNV,12421.408256880733
KRHDFESFRYNL,7595.215596330275
PEVAFARVS,10405.830275229358
NQGANHG,1492.4357798165138
KLSVDRYNKDV,1731.8119266055046
AEVYDRAL,4857.811926605505
KSPFVAYNHASG,2811.2798165137615
HFYVYFREKVA,16667.981651376147
FNQRDFRFNHDV,8709.70642201835
LQQLSELSG,1843.8532110091744
QVGELPLPYNSG,5073.481651376147
FLSVRHLNVLS,11794.477064220184
YADVGLGWHV,11428.720183486239
GFPHVPKDFYNV,5895.788990825688
VSSSPNSG,1044.6100917431193
RQRNVKGFRE,1572.2981651376147
EFALHLHG,6953.114678899083
PYVAPDRPYWGY,21137.077981651375
PERSWNVALG,5260.518348623853
FPAWLYDGEHD,11413.045871559632
KDFARKDGLS,1470.8302752293578
PFQRERNLG,3742.266055045872
VGFGWFRLG,20503.29357798165
NNRNQRWDVS,4629.798165137615
KGNHVEWEKAL,2020.9954128440368
FNWRFPDG,12382.91743119266
DEGDQDVL,1710.7201834862385
EWHQDAYFPYV,21030.26605504587
QNGFRLQKFWKS,6665.623853211009
PPGAPVSG,1094.4128440366972
VQAKYVLSG,3463.5963302752293
RVNFYRWHVALG,16984.440366972478
SDSFHSWNHAG,4144.275229357798
VEWASLSNG,4191.288990825688
GPDEWRNG,2316.0688073394494
FLAYWAFYHDG,10938.48623853211
EPAPPWVAPNVA,2671.6743119266057
EQFGNHLNVLS,4331.752293577982
WLWFFRYWHDV,18235.06880733945
NERHHAG,2421.5733944954127
YNEEWLQYKAL,10745.798165137614
DDWGWDALG,7530.325688073394
FKYEFKHALS,3939.201834862385
AFARWVRHDS,7233.302752293578
WLWRPLFRNV,18210.623853211007
RGHKHYDVAS,1997.2706422018348
WDQDVLEQRHDV,3623.9174311926604
AQDSYAQVL,2118.1559633027523
QPGWDKQREHVS,2161.5825688073396
QKDPVYKVKLG,2208.2752293577983
FDREEPDLSH,2678.798165137615
SPAYVWDLG,8368.669724770642
EESWFYSG,11003.97247706422
KRDGLFRKDL,1837.7064220183486
YPSHWKSG,2880.669724770642
PPHKRYSG,1974.3394495412845
NDPVVLFEHDG,8295.935779816513
KKLKPAG,648.0183486238532
PPADWNSG,1714.8256880733945
DFPVVFPKHLS,5966.674311926606
FKHFLYFYDG,15593.169724770642
NKEGFAGRYKHD,2687.954128440367
PSHLGQDYHDLG,3814.146788990826
FNFPSFRVQDV,10088.862385321101
FVDGKVQYDG,3946.032110091743
VYFNYDALS,8466.467889908257
HKFKSSG,1356.4311926605506
EWYWRAFYDVL,28664.07339449541
EGVARLGVALS,4558.577981651376
DVYRWSEWHVS,13606.674311926605
RWYPYNDQH,8852.5
WSKAHGPKSG,1991.7798165137615
EEWWEYLG,14825.88990825688
PPLEAFEASG,1857.1467889908256
FPGPHVQYLPYN,18263.69266055046
EQDAWHSNLG,2484.97247706422
FPPAHSWNKSG,2565.3669724770643
NSDHEHSG,1500.197247706422
FWFRRWNALPYL,20973.325688073393
AWHGQAWKL,7485.353211009175
GLGFQNSG,3792.2522935779816
FVWHVGFEVLYN,44513.03211009174
QFVDFEDEWA,4975.091743119266
KWGWRVG,8544.5
NDPQHVWNHAS,3142.2201834862385
KVHNDQWNKG,1577.2614678899083
PLVHGNVS,2912.169724770642
DRNEFEWKHSG,2200.3899082568805
DEDENKKAG,615.8899082568807
ENYWRDEKHLG,3353.0091743119265
NQASFKFHG,4708.715596330275
RFLVSNLG,10582.899082568807
VWVSNRLSG,7693.045871559633
RGWFARNS,7574.591743119266
DAWNNASPNH,3144.123853211009
ADRRDLG,1856.4587155963302
KPNSVAYDLG,1748.9724770642201
YAVFHVAGDG,7640.431192660551
HDKLGFAQWNH,5364.045871559633
KGPEKAREPKH,806.9357798165138
WVFVHSGRYHL,23859.935779816515
VAYVAEWVQRPK,6954.256880733945
FELVQFRREWKS,12716.908256880733
DYRPVEALG,2463.0045871559632
YNPSNHGEPV,1855.3715596330276
VQYGFLEVLS,27616.857798165136
QDKPSGEPNKV,889.7477064220184
EHSQKHAFHGKD,1260.4816513761468
SSEAVASG,830.6697247706422
QPEGFKRASG,2442.261467889908
GDENHWALG,3320.9954128440368
WKEEYWGRNKDA,3103.6605504587155
WKRVLYSENA,7223.899082568807
AHWKKDG,1378.848623853211
SFPNKGWFWNKS,6284.807339449541
ALQKYWPALS,8261.614678899083
KQWDSEGQFVS,3383.5550458715597
LDLEEPWDSG,3243.7522935779816
APDNKYDSG,1189.5
WWGNSNLSG,6848.004587155963
EEYGHSGKDL,1604.105504587156
SHFHESG,2295.8348623853212
EWLQSEGQEPAL,2042.1834862385322
SGNFFHALG,8948.050458715596
YYHRRPKHVL,5935.293577981652
QWPRAPWKDL,7407.192660550459
NEQWLNG,4507.183486238532
ANFNEKG,1228.7247706422017
YLLNNKSG,2706.091743119266
WENWPNHDVSG,6395.0504587155965
PEVWQPKHASG,2629.9633027522937
YWLRDFEWREP,13360.58256880734
WDVAKQYDQRK,2898.302752293578
WNESHAPYWND,12812.651376146789
VVGDHVAG,1901.4174311926606
EKPNVLAFRYAS,9867.935779816513
QDQDREDSYHA,1576.7247706422017
VSHWQYDG,8296.788990825688
FGAWLSRWDA,15183.935779816513
ENGNRYWQWHL,15057.48623853211
WRQGKSG,2356.954128440367
SGEVNHSFPWAS,7637.908256880734
VSLQKAKDL,1425.4357798165138
NQKDKSFYKL,1527.045871559633
GWDKANLSG,2167.302752293578
LALVHDALSG,6194.068807339449
DSPQAREPKAL,898.243119266055
DGYDSNPYDAS,3492.169724770642
QQWRKRPWNVG,5696.880733944954
FRDRQPYKVSFV,18548.743119266055
GRNYAPNKSG,1832.5963302752293
GDHVQFRENDV,2240.3577981651374
RKFYSQDSGND,2317.5
RYGGGFEPNDSG,2394.1100917431195
RKSKSEQEPWG,1126.394495412844
NQSQGWDG,2838.788990825688
KPAENGENHLS,905.7522935779816
HRHKEWAS,2060.848623853211
PRSNFLSG,3980.5504587155965
FDSLYNKENKVA,1608.105504587156
EYLEQEKGEKH,1022.848623853211
LRNAAGYWKHAL,6785.756880733945
WHEHGASKSG,2529.4266055045873
LQWFGQWG,16641.51376146789
AWDFRHFYKVAL,17235.004587155963
PAFFNQYNK,7067.848623853211
LVLEYFYLSG,39743.036697247706
PRYFWDLFNDAL,18469.146788990827
HWVVPKDVS,3182.266055045872
YYLRHRNKVG,3811.1926605504586
WHELPSQHVAL,9673.330275229358
KRGFRLNLS,4074.201834862385
YPKNDRASG,1517.032110091743
EAQKEKDYHV,1009.6009174311927
PNGFWDYHVWV,33387.591743119265
YAQFKYHYSG,6905.95871559633
VHNSFHALG,5024.766055045871
PAGFLQVSNHDA,4914.371559633028
NKQAEHSYWNDS,2011.032110091743
QGQNSVALKSG,1342.894495412844
QKQDFPQNKHS,1057.3853211009175
PEHPRVLG,3580.9770642201834
HHHRASG,1909.651376146789
NRAAQYAS,2876.233944954128
KEVVRLSG,2301.9266055045873
VPRDEKG,726.6467889908257
LWDKSNLS,2824.47247706422
QSVPNKHALWNA,3396.8577981651374
VYNDEEPYWDLG,7114.899082568807
VQFAYDLPWN,17683.353211009173
ASFADAQLSG,1950.7431192660551
DNNKQVLSG,962.4266055045872
DNSYAEVALS,2781.4908256880735
KLGSSWNHAG,2373.119266055046
EPEYLEFPKV,4200.399082568807
FAFRFNGFENK,7244.077981651376
PSGFNQEQKG,1192.651376146789
QKQEAFELPNKG,1389.2201834862385
YYEKVEDG,1859.165137614679
NVEVRDLYDAS,4520.692660550459
YLHKHPDLSG,2696.729357798165
HQWAQYNQDG,3925.798165137615
RPESSFEYNLG,7527.0
NVDQFHQKD,1941.1788990825687
NKDNAFPRWD,6417.068807339449
YSLEDLPSG,2375.880733944954
QYNPPYVAKHG,3421.1100917431195
HRGFGPVG,4547.747706422018
AFGLGWKHVS,6956.477064220184
LRVNNDVLS,3387.47247706422
WRHQPDGHS,3449.7752293577983
GNSQVFVS,5765.211009174312
HSERQNVL,2450.0550458715597
QVVNNHDVAG,1656.3577981651376
SYDLQSNHAS,2169.761467889908
NQAAQEALS,1094.3761467889908
YVLQFYDLPNAS,25844.577981651375
GKWKKVSG,1274.0963302752293
VRAAQHVS,2169.711009174312
ENLHALNYHVAL,9388.834862385322
YLLDPNSG,3693.454128440367
EGLGGFPWNKL,5735.48623853211
YFDAHAGWNHD,6020.068807339449
NAFQGRYNHAS,4533.165137614679
QSEFQFRYNH,7810.307339449541
FHEYYWLSKDA,5013.064220183486
LGGDKVG,1043.4174311926606
EYNFGRPGFRYN,10485.775229357798
SARNHKDAG,1264.2018348623853
DGWLKDNHDSG,2067.47247706422
WPFDNHSG,6200.573394495413
QSDNLWAG,2864.6926605504586
GRPPGHAG,1300.1422018348624
GHHDFVLS,5490.266055045871
WPARWQYVG,15432.688073394496
HDLFRRHSQHLS,4828.706422018348
DFFGHVASG,4037.6284403669724
GYQVHAG,2546.2798165137615
GYLHSFSG,8016.247706422018
NEENNVALSG,1691.545871559633
FPWKWHDGNVAK,4364.082568807339
DNNDLYLG,3746.5504587155965
NVLDDLGHG,2679.0688073394494
RWRDGQGHDA,2510.5550458715597
QQHRYAEHDSG,1723.5504587155963
PKVVEPWQKDA,1250.9908256880733
PKSRELWAFPD,7736.165137614679
WHKDVYDQFRW,12583.536697247706
FKSADSGYNDVS,1680.573394495413
ERYPKFPNKA,1471.697247706422
PEDARSNHVALS,2146.1743119266057
VLLKFNVAL,25088.045871559632
HFKYYWAG,7635.908256880734
YKNSKFRYWNS,3761.0045871559632
QELGAEPYPWH,4752.683486238532
YSDGNSEKVL,1475.3715596330276
YRRWNDPSG,3120.178899082569
NFALNSYWDL,15885.58256880734
YYARANKALS,2923.2798165137615
EDEKRWLEYHG,2851.761467889908
KLVYKGQEWVAS,2721.0229357798166
VDGHFYLG,9031.38990825688
FPFYVGGQENKS,3464.2155963302753
DRGFYQRYH,8087.4495412844035
NYWALHSEPYS,10029.169724770642
GFSESEVALSG,2423.853211009174
HRWSDGYVAS,7247.798165137615
SGYDLGAPALS,3338.9816513761466
FEKLYAQPYSRK,4214.559633027523
LDNHLWNHDS,3924.646788990826
YGRYVKYWHVA,8801.5
PEELELSG,1210.6284403669724
VSGKKDREAG,756.4724770642201
NQRVLKQFNDG,3074.0137614678897
KRPWASNHLWNV,8653.298165137614
KKPWHEAL,2081.201834862385
AGHKEKLSG,769.8715596330276
RSVYYNG,5641.417431192661
ASYQGFKG,2475.9770642201834
LQAHDEDALS,1758.0275229357799
YGYEFPDVLSG,7364.871559633028
DQLEAPSG,888.2935779816514
HFNEKLKVL,3148.711009174312
WPPLRHVALG,10235.09633027523
DQDYQWAG,3084.5688073394494
YFRPWKFPPKHL,9239.330275229358
YNWWQFWHDAS,17427.44495412844
GFLSLSKHD,6235.743119266055
PENWEYVLG,12175.811926605504
DYRWVVAL,24852.38532110092
DYVWQDLG,6932.807339449541
NHWQALYWHDA,15836.169724770642
ASLHHALSG,2540.5045871559632
GYSWPSG,5914.298165137615
YLQPRNHSEH,2376.47247706422
AVEDSVG,893.9770642201835
NYRRVSG,3828.8853211009173
HNRNLRDG,3006.8990825688074
RNHWGFWPYL,26291.10091743119
WDWLLWNDALS,17667.688073394496
QSHGLQYWNVA,6486.862385321101
RQQVNKG,970.7660550458716
DPLKGWAG,1922.6284403669724
LSNRAGFHVL,8592.711009174312
EVENLGGFWNAS,6320.853211009175
EFFSDSG,4947.288990825688
ERPRVRDVAL,2027.8853211009175
ARYRWAQSG,4564.087155963302
HAKEVYHVL,3811.0045871559632
RFKSPHSPVAS,2538.2844036697247
YPKHEGPASG,1272.045871559633
LVAKRWG,5398.866972477064
EVNVSFSFPYWH,42764.85779816514
VFNSHYWNKLS,6053.146788990825
LHVEPWPASG,5410.697247706422
HSYDSRDQYNH,3706.816513761468
DQVSDQKHVLG,1339.8073394495414
KAKYVSFEKVG,1931.2385321100917
QPGSSGRYKAG,2201.816513761468
SNEPDDSG,1050.1788990825687
QSAWENDAG,1885.9724770642201
QQVPQKVG,1013.2385321100918
RHAWRVGREYS,7492.376146788991
EAHQLSGEAS,1196.8577981651376
SGYLKVENSG,2339.559633027523
AWVHEYALSG,8299.651376146789
KWRHYHVAS,5005.51376146789
LEQGRKDVLSG,1844.0688073394494
PWGRGNHSEHL,4572.284403669725
KGERYAFRWA,6696.48623853211
HSNWWVALG,14383.009174311926
KQQWAWALG,7029.298165137615
LGYASYLSEVA,7493.917431192661
HALQVSWWNKD,8549.674311926605
DYQKDHLG,1782.3761467889908
QWPDRWASRYA,14207.105504587156
LWGPVDAG,4775.128440366972
ELDNYALG,2955.4954128440368
RAGEEYDGHG,2376.1559633027523
QPGSEWVQEKL,2345.077981651376
ANSGLPLG,1987.7660550458716
FHGWALQRGDL,9241.720183486239
HEFSYAL,10060.302752293577
PLVFSEALG,14380.133027522936
DFRDRHGPKD,2066.761467889908
WLYDVFLRKA,10173.160550458715
FYQGKASYS,3090.967889908257
QRGLAFPNDS,3124.9495412844035
YAESDLRPYLS,9703.270642201835
YDHGQHFWVAL,21041.9128440367
KESWPKSG,1483.334862385321
LQAERNSG,1187.4816513761468
AQGRAQPYDS,2106.9770642201834
GVVSEAG,1357.7339449541284
RNYDQNDVKVS,1510.605504587156
PRDEWNFDALG,6021.366972477064
SFWHVELPWS,23180.302752293577
PVARQRKLFNDA,2646.348623853211
KDNDLFAPYNA,3588.6605504587155
QAAKPDLG,1084.151376146789
QKPAQNHFNKD,1285.2064220183486
NSEDWDSRWL,11688.316513761469
FEVNYWHSEWNS,10916.518348623853
PRNHNASFPDL,3944.6880733944954
EFPNFAQEDV,2161.6559633027523
VQRFQPNKAL,3204.8348623853212
WKAVHDVAVLG,5405.472477064221
HAQPWFKRWLSG,11332.353211009175
WSNQPVQFVSG,11141.48623853211
SKFDLQLSG,2541.793577981651
YELHLPLSG,7300.981651376147
VRVYNPVLS,10668.463302752294
PWHKGRVGQKSG,1847.866972477064
LGHEHLWKDG,3331.298165137615
PFWSDFRNHVG,12517.20642201835
VNPRELSG,1767.2293577981652
FLQGHGQFYWKG,9686.357798165138
HKRFVLSG,4246.100917431193
AKFVPSG,1892.8853211009175
WGDWHGDSG,5517.064220183486
HRNRHDQEPVL,2431.293577981651
EKWRYSWDG,7334.100917431193
DGASHGVLSG,1834.7339449541284
PQGVQYG,2919.605504587156
KFYQKVFEPVLS,6254.59633027523
YQKFDVREPWA,6530.183486238532
DHAPSEHL,1669.197247706422
AWFEDYKSG,4905.866972477064
RQPFFNVALS,11831.674311926605
ENKKPHDSHSG,1017.1238532110092
AFAVGYSG,8775.720183486239
PGPLLGRYNL,9019.825688073395
VFNPLSPNHD,5190.302752293578
FSEVLWNNDLG,11345.779816513761
QWSLWDQEYNKA,6218.9495412844035
APYVQGRALG,2892.4036697247707
VPAWDQDG,2869.770642201835
WKVFYHVLHAGE,9737.11009174312
WGLQRHKSG,3250.348623853211
WSELDSREYVAS,6885.288990825688
VYSFVRPASG,7446.431192660551
WKYFWKSHLG,7233.0504587155965
AFEKHYKGWKA,2618.353211009174
WVRSYGQYWKHA,10307.862385321101
VPVSDSQKV,831.6559633027523
YKPQGWHSG,3012.4495412844035
RWAKYGKHDS,2308.6100917431195
NYGFLHASG,7058.55504587156
EHFEHSPDPWN,4843.119266055046
QERKARLRWVG,3347.1330275229357
QRDQSYARAS,2260.5504587155965
FDHKSEKS,962.5917431192661
GNKHRQRPYWDS,5934.623853211009
FELSERHRPHDL,5499.977064220184
PGESQQRNASG,1372.8119266055046
FRVDYKVNSG,3751.619266055046
VRADSWASG,2755.876146788991
DGNVRDWVLSG,5172.100917431193
WNKQSQVGDL,1932.6100917431193
NGGQYWHHAG,6577.568807339449
PAGREHVRDPAL,2641.9862385321103
PWSHALKAFKL,11566.504587155963
NSRVRDVSGREW,4665.316513761468
QLLHHLG,5664.252293577982
YLGQLQRVFYDS,20942.963302752294
PPYEWLFEWVA,19247.449541284404
HVGQSQYNHVRW,11489.174311926605
QGPNLSVPYH,4483.417431192661
RLSNNHGEYKVL,4398.766055045871
DFHEVRSG,2612.4587155963304
YVLQYLYDRYWL,12603.344036697248
EVWYPYVAS,19391.036697247706
WRFRAPHDL,10956.862385321101
KDLLGRAENAS,1317.366972477064
LRKDNDFPKDL,2080.0045871559632
PFWEKFEYNDA,7551.412844036698
RHFPLGDYNKG,2878.766055045872
VNEHPDG,1445.4311926605506
YHNHLRWRYVAG,10851.967889908257
AFALPNFNALS,10404.288990825688
LKALNVLEPYS,6467.472477064221
LGQWHWHVWNAG,13927.834862385322
AEQGVALS,1577.2431192660551
GQELVAPYWKH,8746.06880733945
FHDHFYDLGWLG,18913.009174311926
QVFPNLPNDFYK,7424.481651376147
SDDAVSG,1500.5045871559632
WPLDNKLSG,4038.5963302752293
ERAYWRKVAS,3775.564220183486
EEDSYWHDQPW,9153.188073394496
DWEHKDSG,1631.0229357798164
RFASKHKHA,1615.6880733944954
GVAYVKDG,3454.454128440367
QSWFQRDAL,10365.302752293577
ESADFLSG,1730.4770642201836
SNELHVG,2118.3669724770643
NWFDYDLG,14682.798165137614
WPHRHEHS,3423.6559633027523
LFDKSFSG,3529.123853211009
EFPYVHFEWHVG,13648.151376146789
KVSVGEPSQEPK,899.3073394495412
AESKFKLG,1549.3715596330276
FAEFPNSAG,3876.738532110092
ERKHALKSPYL,2947.302752293578
SWPLKVG,6540.825688073394
YNENKAYVYWHA,11000.059633027522
FDSDHPHVALG,3922.9449541284403
VRLKGRPG,2110.6605504587155
QFAPDASKYWDS,3373.467889908257
VFVFNSEYWHDV,25786.325688073393
NVFFHPNKDA,4397.165137614679
NPEVFWSG,4800.091743119266
VGEHLELEKVA,1630.1926605504586
LPANYKVG,1849.8715596330276
ENHNFPGQNDSG,1466.105504587156
PGQRPPVEAG,960.5642201834862
QSHPEVLSG,1524.8899082568807
QNKHYHHLQRHA,3570.3853211009173
QYEVNVREYH,8156.747706422018
VVAFFYLG,29781.58256880734
QHYEFYWDAS,14143.784403669724
YPFENYSG,6152.077981651376
GRDYRYHL,6950.54128440367
HDFNGYWRVAG,10256.90366972477
KWFWQWSG,13445.165137614678
DVGDALFSRWHS,10004.440366972478
APVLLRWNH,9878.600917431193
QVNRWQNHDLG,4935.866972477064
FQYKVGAPYDA,4993.577981651376
DQEHDGNHGEKL,1224.7339449541284
NLLRDAFEWDAG,8928.97247706422
FSAGASEWNASG,2655.5
LHPNHELSG,2146.9587155963304
LSWAQEWLQNKA,4135.628440366972
WRFYNQSG,8733.720183486239
FSSEYLEPYH,7525.220183486239
HSFKLYHLAG,9033.495412844037
PPGKYDLG,1482.5825688073394
KRPGHQFYNKDV,2088.293577981651
PAWQKDFKHL,4215.394495412844
FSLKPNG,2263.3073394495414
HLFQEPDFPVAL,11590.954128440368
NSVDVEVL,2931.4633027522937
VYVPSRKLSG,3524.0229357798166
HVDPLYKALS,4296.004587155963
PPYYYVLG,29627.76605504587
RYKNQPLSYNHV,5698.9908256880735
PDEFKDSPYD,2803.1743119266057
YDLSPNVQAVS,1856.7155963302753
NDDQYWEVLS,8231.09633027523
YARSFLYLG,21875.298165137614
WLVAASWNKDA,8496.422018348623
VYVSGLFAG,15340.256880733945
YNQNFKDSWND,4593.674311926606
RKHKDDLFHL,2201.0045871559632
LGAGQFPAGHDA,2970.619266055046
RAVGEWQRVL,7425.90366972477
VENGYWFNKG,7058.133027522936
NYFVQEASG,3670.0229357798166
ENPWDKLFRNL,5299.5
DLLESEKHVL,2071.8073394495414
KPFYNFDVAG,4390.256880733945
VEPQREPGWL,4073.8119266055046
KYQYHNDSG,2295.7844036697247
DWFWHQKASG,4663.821100917431
ADANKWSG,1841.8119266055046
LGEGYSGYHL,8937.252293577982
FKESFWHQYHDL,9921.880733944954
DSLWNDPYNHL,7287.573394495413
RFKFAKVG,2942.0
KVQYSEGWNAG,2407.0
QHDWFPDRPNAL,6923.077981651376
SLGAKDVALG,1519.3165137614678
YVWSDSFEKAS,3969.6926605504586
EWQNNVEPVG,2043.0504587155963
EQGVNKLG,976.7981651376147
ELKLPLWNHALG,4948.582568807339
VKDEQALG,724.816513761468
HSPSDAQWVL,3291.197247706422
KHGLEAGASG,900.5412844036697
KHRRHDAREASG,1051.4128440366972
AYQYFPG,7003.931192660551
PPNPAQRKVS,1071.6743119266055
KAPHQYWDVGPY,8823.059633027522
PQNPKRYNHDA,1835.6146788990825
GYQVYKSG,3685.0504587155965
RDNYYWALS,10485.981651376147
HGRQHEWHLG,4624.114678899083
HYFRRVAG,5221.766055045871
KHKYPWLG,3361.729357798165
WDLPGFVSQA,6423.522935779816
EFNNQWKHDAG,2093.087155963303
GSQDVNLSG,1163.3623853211009
HHVGVWHSG,4364.564220183486
FVHNFWASG,7729.545871559633
WFPRDREWNV,8299.564220183487
QWYSDVAEHDA,3402.619266055046
RYSYLRNGQRYS,6651.339449541284
PNKADNDANA,746.1238532110092
QYNDFNGHAFPL,8993.747706422018
YVDDSGQG,1794.866972477064
PLQHRAQFRE,3006.802752293578
APLLFWSG,11759.197247706423
FFRQDQENLS,2137.587155963303
NDWSKAQHLSG,1951.7522935779816
VYNRRPHALSG,3410.362385321101
DRVYKAEPYASG,1967.5045871559632
DPHRRDSG,970.0229357798165
KVYQVGQYK,2772.045871559633
HEDGAEVAS,1130.8853211009175
PSDRAQVLG,1471.9770642201836
NLEYNLVEHDL,8600.178899082568
ELNWGWNDVA,5146.724770642202
YFSWEVSG,6429.6100917431195
LDSLRDVALS,3300.7522935779816
HEGPYQRWNDA,4577.4908256880735
ASYASGGQRKAS,1302.8761467889908
AWLDQKHG,2512.9587155963304
WHYNKFLEYWN,12117.142201834862
WRQKDQVLG,3160.9862385321103
QQFWWSFEYNL,35618.27064220184
KYVAQSWLG,5593.073394495413
EPSEWADREHL,3060.701834862385
GYDFWVARKAS,5740.995412844037
QLSQYPASPKSG,1779.7844036697247
YVFRWLWHLEY,23225.701834862386
SVWKADG,2220.802752293578
SVYKKHSG,1460.7339449541284
WRHAGVFASG,7752.98623853211
WKYKREVQYD,3661.770642201835
GYSDAESG,1380.1880733944954
LEKFFYKAL,8853.229357798165
ASRESFPWAYKL,10580.105504587156
NGDNFWDS,5306.160550458716
PHYSEPYGPWG,12671.380733944954
LRAADLS,2411.0688073394494
GWWNRHVALG,10416.009174311926
PGWAKHYHDVL,7141.311926605505
HSWRAGWNKALG,5414.637614678899
LFRLKGFRKHV,4829.678899082569
WFRRGRNAL,6758.912844036698
PDADWQRKVS,2206.201834862385
PLERPAGLG,3518.316513761468
KPFNAALG,1637.2935779816514
LWHRNRPWNDAS,5714.022935779816
SYVREGWNDA,3743.816513761468
LSVHRDVL,4099.477064220184
HSGRDVHDQYKA,1958.7339449541284
VVEWYSG,9607.798165137614
AHSLKLS,2336.8256880733943
NHRQVLFEWNL,20891.119266055044
WHGLYHFHVAL,23786.389908256882
RDRVWLSKS,4224.922018348624
GFHANSYNHDG,4916.0
RFYFHFRENH,9269.885321100917
SLFVDALG,10729.743119266055
GYDQDQYWNDAS,4432.963302752293
RDQGGRYWNVL,8788.412844036697
FVVDRYASG,6411.720183486239
AHGQVEDLG,1387.197247706422
DWSAQVSG,2661.743119266055
NHEWYGPWHD,17936.509174311926
YHASASELQWHD,5388.316513761468
RVGKAKHAYWNV,3739.798165137615
GRRFYHSG,5859.477064220184
AGSKVQEYNG,1298.3256880733945
WSHRQEHLSG,3983.816513761468
DVPASPYLYWND,9176.20642201835
QWFLNHLQWVA,23119.302752293577
YVGNKLEHANKH,1870.0183486238532
EANLKAQEYAS,1559.6605504587155
WNDKYHVAFYWN,20530.623853211007
PQPQVSQFNHDG,2648.1330275229357
RVFNHLYAQFN,15706.93119266055
FLWLENKQPWKH,7340.155963302752
DQKEDGPKSG,637.7247706422019
APWVDEWNHVS,5440.995412844037
VQSNNHSG,1405.0045871559632
VNLRLDSG,3770.233944954128
VFHGWYVG,15720.41743119266
QFADFWSGFHA,14895.509174311926
EQFRAQHSQRP,2262.711009174312
SGDPDNKDVAL,1065.3256880733945
VSNYDSWKHLS,3921.4311926605506
HSFVNDVHVLSG,6629.0
LDSEWEPLG,4438.362385321101
QWGHNHSEALG,2938.8394495412845
RPGLVFRHVALS,15932.050458715596
FSFFRPEDG,4751.853211009175
LHDWAWAS,10093.995412844037
HWLVDVAG,8665.01376146789
YNLANDVQEYKV,3416.178899082569
LWRLHSG,7545.4908256880735
AGEHGFRDQFWA,12630.243119266055
QYEDSPLQVLG,4730.651376146789
HRYDLDREWKH,4738.197247706422
PSQHESEHLS,1296.4495412844037
ASPYEKLQNKL,1362.651376146789
KSQRHRVSFYHL,9840.022935779816
FESQPYRGYND,5062.371559633028
YDPYAGRESEYA,3290.3577981651374
VFRGRRYASG,5022.779816513761
QLPQVQWNK,2115.105504587156
FVNRWRYKVG,7749.600917431193
SSFYVVLG,41079.37614678899
YRLWFRVSG,17390.26605504587
NEDKEYHLS,1888.8715596330276
AKDPKSWNKS,832.9816513761468
KRKRNRNHLSG,1084.9816513761468
RWDWRPWHNHA,12342.229357798165
WNPADSQYAS,3563.711009174312
FQYFNFEPYKHL,14952.821100917432
HPANKESG,843.7660550458716
GHSYNKVVS,2353.238532110092
NYHPVNDSG,2296.7844036697247
WWHSHFWKHLSG,12116.58256880734
REKNVSFGNLS,2187.651376146789
VQPFSPWKHL,6908.371559633028
LNWPDSG,4034.211009174312
YHLGDFWKRWAL,13050.619266055046
GYKNNHG,2007.98623853211
SQKHEAYSG,1343.545871559633
DHDPDNASG,1072.1926605504586
QYPPPWHVALS,8866.766055045871
RKSEDQDVYKL,1178.394495412844
EGGRRKLSG,1219.5688073394494
VYEGWLSG,6315.816513761468
LGGKPALSG,1885.2247706422017
WRWPLGFREYAG,20265.022935779816
WHPEYAGNLSG,4516.256880733945
WLQHKVYHDV,7512.637614678899
DPWAFPHYHDS,8519.839449541285
WSPLEEKDG,1996.2981651376147
NDHNYWSG,5503.899082568807
HPYLLEYWKHDG,10672.055045871559
WWDQWWVASG,19102.9128440367
WFPSEDSPWD,7501.279816513761
FEEDVLFRLSQE,10481.20642201835
YWWKSHWVG,9772.600917431193
HLANNHS,2230.1100917431195
RQAGALEPKDL,1562.3165137614678
WGALSFWWNLS,27310.788990825688
FDHDAFVADAS,4212.0504587155965
RGEAGLSRNKG,1281.5550458715597
FSGGEAGQKHS,1140.8073394495414
EARAGWPWAG,6662.082568807339
KGGYQYASG,2916.8394495412845
RNEGLDALSG,2389.7477064220184
LHLDDLSG,3110.756880733945
KWSNKQASG,1446.5412844036698
FPNLAYWVGHL,28618.22018348624
EHPASDEYWN,2249.8577981651374
GVAHNLG,2414.412844036697
GVEYPDG,2557.233944954128
NQEYLVSPNL,9293.990825688074
EESLDVG,1245.1834862385322
HVESRKGEWAL,3702.362385321101
QPGPELSRND,1747.6559633027523
RHGPRYQENLS,2785.646788990826
QWWSALNDVA,9321.70642201835
PQWKPSFPAS,4107.816513761468
QLHPVEWKHAS,3235.6100917431195
KNASSYVSG,1960.8256880733945
KGWLHGEYVASG,4977.697247706422
VGFFKGFPHV,13265.114678899083
SEREGPG,1402.8394495412845
NVPVLKSWKDV,2460.853211009174
GVLLQWNDVAG,7601.880733944954
HVHPFYVLG,24547.75229357798
QYYLREHEPKH,3280.9174311926604
GNGYRWLS,9719.412844036697
PGGYVRLSG,7299.522935779816
VESRVKLG,2098.270642201835
HYVDWHDSG,5651.3302752293575
VHSSQREWKS,1798.0366972477063
QLPSGNQYS,1990.3532110091744
DRKPKHENAG,878.8440366972477
VSVGLYKHG,4226.908256880734
RWYNQRWHDLWD,23428.738532110092
EWEHSPAYNVAG,4741.082568807339
EWKNWNSEPHAG,2346.5733944954127
KYPRDSG,1468.1743119266055
QQVSSYKVSG,1994.559633027523
ANYAESG,1417.7064220183486
PDVKKDALNA,723.3211009174312
ELPGHQNKHDVA,1282.5045871559632
WNYNVADAEKS,1794.6605504587155
FEQLGNLQRWVS,11056.674311926605
LEQNFRLG,6482.729357798165
VQKWLSEWNDL,5827.229357798165
GPYVDGFYWAG,19288.325688073393
AAFVFDAG,12708.29357798165
LPNHHLFEYKA,5522.619266055046
PWQPVYGEWSG,9554.788990825688
RNPKPYGVLG,3262.4908256880735
PWVRRYLSYNDS,15221.660550458715
WRNGLEWHVA,11218.90366972477
FKVRYSEKHGFE,4391.871559633028
QRPEPNHLRVLR,9846.701834862386
SRLAYNLSG,6442.825688073394
PKAYWGRGYW,13608.12385321101
EDVNSFEWYK,5537.137614678899
REKSALKVGWAL,3674.422018348624
EKDDPYGFPWV,6147.678899082569
KAWAEWYNVL,14010.160550458715
NWWVRDASG,8637.825688073395
FNGRFEYYNLG,19285.22018348624
QDPVYALEWAG,8149.256880733945
PYDSHLYVLPY,34060.591743119265
RVGEKQNHSPHV,2605.435779816514
FWGYFREYEHA,10973.252293577982
QWQHRPYVFHA,22444.798165137614
YNRDGHLGDALG,4482.866972477064
PSNHVGDAPWKH,2727.798165137615
HGRREHNHG,2007.9128440366972
SVKDFVASG,1521.834862385321
AKHNNHSG,1141.967889908257
RHPWDQQENVL,2971.3669724770643
AQEVNQEPYWNK,2234.1009174311926
EHKKAGEPKHAL,903.2247706422019
DGPRLGDS,1307.4449541284403
QYESYNKGQG,2114.7798165137615
WVNVLRGNDVG,7105.614678899083
LRVYYDG,16721.853211009173
AKRKKVLSG,1198.8532110091744
RVFVFWGQPW,39783.0
QPVNDENGREAS,1163.197247706422
SNSELPSG,1038.3256880733945
NQSFFPHDVAS,3909.52752293578
RNYRKGQPY,3707.9633027522937
LEPKNGQDG,1082.7431192660551
WYRVVLSG,28056.839449541283
NVNKVLHQEAS,1693.697247706422
HWELFSG,12566.252293577982
DQNLVRPYNLG,5388.270642201835
GKRDWVLSG,3760.0504587155965
GYRHHDALG,4161.674311926606
WRYGPQESG,3486.1926605504586
VESEPALLSG,1801.211009174312
VAENKAPDLFKG,1621.0688073394494
DERGVAG,1385.0779816513761
YRKWAREPWKV,5063.105504587156
FFDSAGYWNS,6722.1697247706425
WVFHSVEWDV,19345.376146788993
GLEDAKLG,1476.2706422018348
SQGEVYKHS,1303.802752293578
HRLDPHG,2991.623853211009
LHDHAWVALG,8793.885321100917
RQKLDAQRYWNS,4125.3899082568805
NRNKRDHVAG,1503.559633027523
EFVLDFRPKHG,7493.01376146789
LQKRWWNHLG,8301.518348623853
KAFHKGWHDV,3364.6605504587155
FKAFVAPWQRPK,6625.98623853211
VWHDQLQEWNHS,5042.665137614679
FHVSRSFQYWNG,13709.284403669724
FAQDYNQNKA,1945.1788990825687
RPWDEYLGFFEG,24551.366972477063
NEHQVFYS,15350.444954128441
QYVEYSQWLRDV,15452.899082568807
PGFEKLLFRKV,17527.43119266055
QVLALSFHQNK,9776.866972477064
VLNLKRKDSG,1835.0871559633028
RPFEYGFSQKH,8472.600917431193
HLNYWGRWH,16170.30733944954
KLFVQHRPNDVS,3011.151376146789
DNKSGYGPKVL,2094.146788990826
WNSLFWVEDAL,22149.270642201835
QYGLEWDNVAL,10787.944954128441
FKFYLRHVRWHV,15656.80733944954
NYSKGYLG,3366.1422018348626
AFDHQFRYKDVL,6385.495412844037
WKKFKGNHG,1618.8256880733945
NYVHQFENKDVS,2202.353211009174
HSFQKAPYNDAS,1967.348623853211
LVRNGKSG,1460.2798165137615
VGWKREKHNKHA,1309.8440366972477
RHYAHARWDAG,5521.94495412844
RHDSFQQPYDS,4297.885321100917
DKWNFPYWHVL,16468.605504587154
WQSALNAS,3041.316513761468
ELLLPSG,3084.6100917431195
WRPDNDFHSG,5026.536697247707
QGQWQDYNDVL,5193.238532110092
WVDRRHLSG,5952.6100917431195
KKREAVG,606.4220183486239
WADNEASG,1999.3440366972477
HYHKPKSG,1271.2752293577983
VQWVGRKVRYV,10320.087155963303
EHADEYDGEYWD,3854.0550458715597
HNFKPKDAG,1446.3394495412845
DAGFDHDSGFN,4168.8899082568805
FHKYLGKLSG,2601.8394495412845
WSRGRKRESG,1445.2752293577983
RKHDFPLFDSWD,9350.747706422018
FHHQAPYWNL,11601.045871559632
KHRFELGEDLG,1850.032110091743
WPHQNQHG,2619.7752293577983
HNVQGHDAG,1379.51376146789
WALDAQNFRD,7290.270642201835
QEDDHDGREVG,901.3669724770642
DQFSYKSEPYS,3317.087155963303
NYGEFDSG,2522.4036697247707
NNYHESG,1594.4908256880733
RWSHPQFPWHDG,11397.399082568807
FLNGHVRPYAS,6337.40366972477
YNNGDLEWNKD,2037.380733944954
VNGPQPYSG,2026.6697247706422
PPYQSPVLG,2015.091743119266
RFSSKHAL,3378.6330275229357
GEDNEYALS,1970.6100917431193
FRKGPSQPSEW,2102.4770642201834
DQVSPGNVAS,1079.4908256880733
YYVSNSREYKS,3394.9816513761466
FPGQSWSNKDS,2529.678899082569
ELYAYGRVSG,8149.775229357798
HFWAQQEVLG,4558.40366972477
YYQYDEDALG,4581.192660550459
HDNGNHAEYG,2041.2477064220184
LDVPVPHASG,2078.940366972477
KESKRHG,838.4128440366973
LSPRLGKDAG,1243.7247706422017
WEWKQRFEHVAG,4750.545871559633
FPVEWQDRHDV,6434.05504587156
QPQYSGKFKALG,3155.5229357798166
SGPRGWNKHAG,1864.119266055046
ARAVLNALS,3372.3715596330276
YFPHQYPWHLS,14521.944954128441
RKVGGEPSNG,974.7752293577981
SVQHNSG,1252.5366972477063
KVGRFPEKDG,1298.6697247706422
HPQDGWG,3063.206422018349
VANGRVKDG,1315.366972477064
EGEDGWVREND,2408.380733944954
YPDQWAHLG,6556.582568807339
FGKASGGRNKHV,1766.334862385321
WKFANHFNKHL,6157.142201834862
PHDRHREWSYVL,12556.62385321101
FSNERYVAL,9255.004587155963
NSWALNSRYWVL,24890.47247706422
KFVNVQVLS,9770.688073394496
VFKEQEHDSG,1275.3119266055046
VQLYDGWNKDV,3632.3073394495414
YFDQQWLG,9152.02752293578
HGWNNQFEHA,4898.766055045871
LSEYVKDQFKD,2468.5
LAWDYVSG,8945.862385321101
RFQKVFLSG,10764.79357798165
RSQHNGFKHDG,2269.9633027522937
GQQDLDLG,1702.4816513761468
LFVAGRAFNKV,7801.036697247707
QHRWFPKEKLG,3027.183486238532
WQSRLFHDV,12938.01376146789
KHVAFKLFVLFS,23071.270642201835
QVNKLDQFPHAG,2345.4495412844035
YRSNDDLG,2396.206422018349
VEEFYDSG,3752.821100917431
QFFDPWHVRA,13270.270642201835
VARVFVLRWL,40593.76146788991
RDHSQLYASG,3523.032110091743
YALGLQNPYWNG,12762.683486238531
RLLSSGWSG,7520.371559633028
VALNLFRVEPK,10796.54128440367
DYHHEKLG,1757.5275229357799
NEPPKSQFHA,1670.5688073394494
HEYASHQNVG,2487.880733944954
LHQKWHSG,2826.1146788990827
HHPWDFSG,9452.949541284404
PYSWYKAQRKV,4575.0091743119265
QYVGWHDNALN,8141.215596330275
YYPGALG,5694.8899082568805
ARLQSYVS,5962.94495412844
KQWLWPWKHLG,11144.032110091743
LKGSRHVSG,1796.0963302752293
SGKGNGWVALG,3406.97247706422
WGPHGDSVLS,3983.940366972477
ALFADLFWNS,15564.93119266055
VPYFFPNKHDSG,5302.192660550459
VLQWFWDRPWS,28564.16513761468
EHHHVLWNKDV,2739.316513761468
ASVNDYNKHL,2066.6651376146788
QRNRAGEALKA,1494.334862385321
QWYKQYKLYNV,10102.600917431193
KGFKVFHEPH,3495.738532110092
AGQPWRARWHD,8791.605504587156
NRLHQEKLS,1652.7339449541284
LGHLWDEPNG,4417.119266055046
AQVDEAG,1015.3761467889908
AKAKHKL,719.2614678899082
YYPNNKSG,2523.0183486238534
EVWKENGQPHVA,1945.1880733944954
HEARPLWSG,7952.417431192661
SPEVPNKG,782.6330275229358
FDDYNSNHLS,3785.0229357798166
FFKKWLSG,4240.752293577982
VPLRYRNKHV,4273.137614678899
FDNNWKG,3038.348623853211
HGWPKRPNDAL,3532.9266055045873
QKSAKVGQKH,742.7889908256881
LKSFVLDSG,5302.504587155963
EYKYKVASFPNQ,3149.2247706422017
ENSDLSKRPKL,982.5137614678899
DRFNFNDVS,3766.0137614678897
PHSREGVSGN,2220.408256880734
RAFQGQPYWVA,14625.449541284404
QHQKQWSGRVLS,4844.568807339449
GYKLNFYG,12181.61009174312
LYFWVEVSG,34034.05963302752
RKSWWVAGRDG,5103.545871559633
QAGAVASGDA,1026.967889908257
DAARVGQFNDLS,2662.1559633027523
EDRRSFPWKAS,3124.059633027523
FYWGRFYKYWH,9138.316513761469
NAHYDPKHALSG,2367.912844036697
WGQPVGVAGLG,3234.9862385321103
FKHPLRNAQKDA,1406.073394495413
LHPGFKLSG,4942.816513761468
NSYDVALFKQRW,13998.477064220184
PDHWHLPYDA,8778.467889908257
HWGDWKLSG,5642.09633027523
DWWGKVG,5038.697247706422
RSGVPHFREWDA,5878.761467889908
QEGPFEYNSQNK,1595.0825688073394
LGPEAQWHVA,3143.1743119266057
WNAYKSELPHA,3414.9311926605506
WSNVHQFPYWAG,21541.981651376147
PDHDELSGDLS,1773.7614678899083
FWAARYWPYNL,16738.201834862386
EHSAKVLNS,1349.032110091743
NDKKPKLG,747.4770642201835
EGNLEGRSG,1195.7844036697247
VAGHGQHQWKH,3020.8394495412845
WARSSFYNDA,8724.646788990825
WVYQAENKHDA,3331.7201834862385
NKGQDEDLWDA,1886.1422018348624
GDPVKDG,853.8853211009174
FFENQWNSALS,7440.504587155963
EAPNEDNVG,1023.3807339449542
FGWHPRPWVA,19126.169724770643
LKLFHGHLG,6173.619266055046
FNQAQRSYWDG,9137.09633027523
YVFNEPGPKHD,3269.0688073394494
GFRRWHFWKVG,11364.311926605504
WNKDLWDRAQKD,2943.362385321101
YVHDYHPWNKDV,4976.192660550459
YWVPHDAGYDGE,4758.128440366972
YWLHANQFNHL,14000.775229357798
EPRHLEKSRNVA,1660.7064220183486
HNFDVNSG,2488.02752293578
WKNQYWYASG,10930.151376146789
ARKEYAREPKV,987.1146788990826
SNPVPNHDVG,1853.6605504587155
RDAFSPKGFNS,3564.8577981651374
HHHFHVSG,4507.1697247706425
KSYWSGNRPKD,2180.183486238532
EYKLLHDSGHVA,2757.587155963303
YQQGFEPNKDS,1392.1559633027523
YARQPKHDENV,1553.1788990825687
KVYKDFRYRPH,4786.0091743119265
WDFQHSWAG,10450.018348623853
YREVSGWDFRWK,11230.243119266055
WYWRRPNKVG,6186.628440366972
GSEPFEHALS,2216.761467889908
QKNHQKSENV,919.6330275229358
QVDAEDGWHVAL,4155.45871559633
HHSYLYSG,8038.128440366972
DGPKWVLKG,2454.321100917431
VSSNQFLS,4068.766055045872
HHQFSREYWLG,15131.825688073395
SYQAYNVAL,7689.931192660551
VFLPYGLG,15020.128440366972
WFNVKFYKHAG,9910.577981651377
APDWRPVLSG,3900.8669724770643
LRPFQPNLG,4730.128440366972
HPDEFRLS,2356.5229357798166
YKFYSGYKEHV,4510.316513761468
LRDQFRYSFHD,12364.371559633028
AHSNEHASG,1222.9587155963302
QDGHYDGDS,2147.4587155963304
PFQGNDVG,2135.0733944954127
VHSKQWAG,2205.256880733945
KNALEGFWHAS,4443.018348623853
WLHWWDSG,16542.17889908257
HKDVKHLRLSG,2425.9266055045873
ARAQYVNKG,1881.7018348623853
FPLQAGPYDFE,9651.5
RHEGQLFDG,4727.165137614679
FYRYPDLGQP,6543.724770642202
VYVKDHALSG,2668.5688073394494
NDFSYDSHSG,3596.9266055045873
PVRNEDKDAS,925.4633027522935
RWHDHEPWGFV,19467.857798165136
PERDKLSG,1343.98623853211
GDYHFNAS,3377.8256880733943
FQSHLHLG,6606.293577981652
NRWRPSRVG,5404.348623853211
WGPEFEKHVALS,4392.477064220184
HGWRWKAKVS,3119.4633027522937
NEVDDVSG,1338.5504587155963
WSYWASHYWNG,14191.37614678899
ENKVQRPQRDAG,1196.211009174312
DPNYEWVAS,3251.605504587156
GNESRLSG,1406.848623853211
LRWWPYASG,16233.536697247706
YVQFDLQVLYD,54896.16513761468
EFFPPWVLS,24845.876146788993
NEGNNDLSG,1744.98623853211
HAFNYWKVFAL,22021.655963302754
ASAYSRAG,2834.3348623853212
RGGDVFVG,3882.2752293577983
GRHEDPWVALG,4739.284403669725
NLNDGYVSYNH,8995.977064220184
GRPGYNRALS,4308.591743119266
YLWEPEYSG,9132.133027522936
WNWSSQWG,13241.119266055046
QVEHGWFYG,18453.509174311926
LEYQALRWKV,8465.463302752294
DRRDWHVALS,5155.018348623853
WSNRNQRWVLS,12937.20642201835
FKQNGKAEYW,3672.087155963303
NRWEFDSG,5668.912844036698
FSWGDEWNKHV,5506.4908256880735
HEEDYDSG,1563.0642201834862
LGKHGRWKENVG,2074.137614678899
AALEAREG,1157.2477064220184
WQELLFKLG,25820.784403669724
ELDEGQNVLS,1683.119266055046
HAWYAPWNHDG,11905.70642201835
VSRKFRVPVL,4488.6697247706425
YANDYAEYKHDG,3252.261467889908
VYFYGYLS,12685.353211009175
ANWHFKHDG,4276.04128440367
HAHDYEKHDVA,1582.0183486238532
EQERYQPWKDG,2520.876146788991
HRNKESQYH,1767.0550458715597
QSVDPNG,1124.4816513761468
YAVDHVASG,2485.5825688073396
DFQPPYSG,4174.628440366972
PQDAVLWKHVLG,5476.802752293578
PAYHQRWASWS,12986.490825688074
GKDSGWSGHD,2680.1100917431195
PWGSFYVAPWL,47434.252293577985
SFSASRHDVLSG,4159.926605504587
VWFWAEAG,11598.990825688074
NPVVVLS,11086.435779816513
KYDRGNHDLSG,2006.8073394495414
DFKDAVGEYN,1787.6376146788991
FFERSGEPNKS,2289.756880733945
QDPLQSFPNK,1332.5871559633028
RQFHSDSEYKVL,4616.619266055046
FFYPRWVALSG,10856.036697247706
ASRELSAYNDA,2995.3853211009173
HLYRPDFENL,9076.43119266055
SWWVVALSG,27445.403669724772
EVKASHLRWNH,3526.233944954128
YHGEDALFENHW,11798.51376146789
EGNHEHQEPYS,1835.6100917431193
PKRWGQRYAFRK,3693.729357798165
QAPPPNLS,1231.8577981651376
WAEAAGQFRPVS,7416.880733944954
LPPGRSG,1664.426605504587
SRKNYNHDVLG,2584.8899082568805
LYHKHWKLSG,4080.206422018349
ENENAPNDFNVL,2367.0
KKASFKQEAG,879.9311926605504
YHPWFRSFKDV,12056.715596330276
SRYSQKSPKS,1307.6788990825687
RKKHNHGQDAG,1145.1926605504586
LYWYPWHVAL,18787.064220183485
WGNHYFEHD,11239.509174311926
KWLKSWLG,6017.9908256880735
NNLWAKASG,2719.6284403669724
YVQPQPNQYWVS,8067.422018348624
EYVRPNFGFRE,6801.1697247706425
PKLQKWKHFRYN,3639.0
NNKGRELDAS,1156.4587155963302
HEKYSENG,1096.3119266055046
AHNLVASG,1634.8761467889908
LPEPSKSG,770.1559633027523
RGQNHVNFYH,8454.577981651377
EVQQVRYKLS,3620.770642201835
DGELSHLKVG,2299.02752293578
KAVVVLG,8384.80733944954
RVLWQHVGEDVG,3630.743119266055
NLFNNRPWG,10291.316513761469
QRLKPKLGQEWS,2304.2247706422017
DNDKDNDASG,859.9908256880734
AGWDASWHGQY,10504.738532110092
ELLPWGWSG,11227.43119266055
FDLAYDRYNK,3520.0688073394494
VHDSNFDLSG,2378.0550458715597
KHEGWFNKSG,2594.0366972477063
VHFEQPAL,3268.362385321101
QYEFHAEPNH,3942.091743119266
ERESASFRWHAG,4274.587155963302
GELKSLSG,1503.8394495412845
LYGYYSG,3914.6009174311926
NANHYVFYKL,21116.449541284404
YSYVDLSWVS,16425.610091743118
DQPWPDVSNVG,2486.6284403669724
FKAEREWEYKVG,3241.0504587155965
RHNSALQPDALG,1833.045871559633
GFNPYSYNHDA,8043.197247706422
LYHVKVGEHL,3887.669724770642
KNWLQWNDVL,6840.151376146789
SFRFHQFEH,6720.279816513761
RKYQLRHASG,1830.0963302752293
PSHVGEARHV,1456.2752293577983
DYQPKYDLS,1913.9128440366972
NDDQDQDVLG,1246.5412844036698
YHQYHQKSNLS,2179.8394495412845
NDGLHVSPHVLS,4762.1100917431195
LNQRQREWDASG,2518.4495412844035
WPLGHFWS,21795.169724770643
LEEVRDVLG,2160.3073394495414
PRVKGYHDVG,2321.8073394495414
DYWHQLEPWKL,10027.211009174312
HNLSLQNA,1742.6376146788991
FPPAQRLYHAG,5315.95871559633
PHLQESFYNLRE,8846.233944954129
KNWADAL,2800.6422018348626
LRWSLQFPKD,8314.357798165138
ELPDSLFYAS,5511.435779816514
GAFNFKALSG,3881.9908256880735
YYKYSWNHAG,3893.908256880734
LHSAGPASG,1575.1100917431193
QAQRWFYQFAL,30135.761467889908
VFWHPFEWALG,23247.51376146789
LFRHWGQEHDA,3988.211009174312
PDKKGVSG,638.9311926605504
GYLEKENKHVAS,1345.9724770642201
FKFEYVKGNDL,6215.692660550459
NLHPNKSFDAL,3326.756880733945
PPLKVNAL,1492.788990825688
VLDERASG,1226.133027522936
AVLDQKAS,892.3119266055046
VDGVQDLSG,1507.6009174311926
NRFNFRPLS,6794.399082568807
KFWGQHRDLSG,3686.394495412844
ESWWPNVLG,9066.56880733945
SQPYPGYWAS,8018.733944954129
PPNFVAFPYWD,31147.5
NVKPHAFRPWNH,6502.880733944954
KLRRPNGRNAS,1611.348623853211
WGVSKDSPKG,1559.3532110091744
DLWNQAFPHA,5826.834862385321
DSQQAGFWHAL,5993.316513761468
WNNHRLKVSG,4237.192660550459
VFAHRWALSG,9146.059633027522
EVSRQWHDAQV,2587.032110091743
AHRLSHSG,2244.669724770642
NYLLEWASG,9661.009174311926
PDQLNSEHVSG,1410.0412844036698
DVVHWKLG,3757.169724770642
KFSDGWG,3819.3348623853212
FGKWSKAG,2392.912844036697
ALRFAFREYHVS,18118.004587155963
GYRPDPG,2124.1009174311926
HQSDENAL,1388.2293577981652
KHVSLSQRSWAG,4765.798165137615
HNGRQDAS,1295.1422018348624
LWDQQYLSG,6716.275229357798
PFEKGPANKA,1372.3577981651376
FPGPSQLYDAG,4135.114678899083
KDSLGFKGFNVG,3138.4770642201834
NGNRWDANHA,3442.853211009174
KANPFRKVS,1517.9587155963302
RLWVSQDPYNL,14519.52752293578
HQWGKVAGQLS,2667.288990825688
GEDSEALWNLS,3376.8715596330276
KLLQGFYG,7719.908256880734
PKAGQSFQWG,4571.825688073394
NYHPYHDHALG,6713.623853211009
GFNRVSASG,3083.894495412844
NPELDASG,1004.1284403669724
QNYKPYKRKSG,1384.0366972477063
DPHFVVALS,24315.504587155963
DVHRWDYNHDAL,8102.876146788991
WLFKDLQYQRPW,17217.311926605504
DWVNGWASG,6513.788990825688
DHSVHDAL,2488.761467889908
KKVWKHDKVL,1181.7522935779816
KVHHSGQFEYH,4570.174311926606
KSLSHVLGLS,3345.169724770642
HRDLPGEYVLG,4906.628440366972
QNASPSQRGQFE,1504.4449541284403
QELVEKQWVG,1926.6376146788991
WSAWNHVEVASG,5923.192660550459
EEWFVRPYWVG,32895.66055045871
PLGWWKANVG,7719.376146788991
EYPFVAQEDSG,2242.4587155963304
YQWNGQAQFDVS,4975.275229357798
EESVPKHVL,1281.8899082568807
WKPKNGENKHL,1655.8899082568807
QLWYYHVAL,22148.344036697246
YQVSFWPWKDV,20554.29357798165
RFNDQNFPHVS,5932.678899082569
KRGLFPG,2837.238532110092
ENEAHQNHVL,2120.678899082569
QEDQWHGYKENV,2332.3853211009173
HAVRPRYNKH,2998.706422018349
SELDRLG,2840.7844036697247
PYLSWARWRENL,16004.151376146789
SQPLYKVRYNKL,5542.206422018348
YEPDQQYWALS,8098.481651376147
QQRVRWHRASG,4394.467889908256
HLRGQDNSG,1625.4174311926606
ALRPWQDPDG,3141.5688073394494
WFQANDALS,6013.463302752293
FVAKSEEPNKSG,1118.967889908257
PWFWYVGQYVLS,38670.45412844037
VENEWSRENVG,2655.1926605504586
EHKGDPYNKH,1112.2431192660551
WQHEPARVG,3281.967889908257
EHWYGWDG,12594.669724770642
PREVVAEWDVL,8912.325688073395
DKVYPDLS,1859.6559633027523
QDVKEPVLREWH,2779.7477064220184
EKFDWKVSKVA,1703.091743119266
NNFEAEG,1587.8119266055046
VDGRERDS,1195.0963302752293
GFNREGKASG,1516.5871559633028
ASRSSGRVSG,1547.7798165137615
VSKVPSENKVL,1197.288990825688
DPYYFWLSG,20693.788990825688
QWDPGREKLEK,1540.2935779816514
QEEDQRGYVL,3866.623853211009
PSNNWNAL,3761.9633027522937
PRGSWHG,4122.899082568807
WVVHKALG,7339.866972477064
VYRAFDVLS,11832.325688073395
ALNFSPSG,3844.532110091743
DWGDVHLG,4889.123853211009
ENPNYNREWDVS,3313.5550458715597
QRRLKDPDLG,1283.6697247706422
LFLGWHAKLG,9390.481651376147
LRKHDNKEHLS,1210.967889908257
PYKHNLESYNHV,4474.385321100917
NNASFRYQKAS,3688.1100917431195
PAVQWGPNK,2638.422018348624
WYVLGVGQKHL,11695.275229357798
EDVKENVGNHV,1174.467889908257
RHFQFEDFWKV,12094.119266055046
VHVRNQPYKVL,6928.211009174312
EPLNPWDEYK,3709.4449541284403
NLVQKPNHVAG,2134.9862385321103
DNGWVQLSG,4674.784403669725
PYNKYKHVFLGQ,7403.55504587156
ALAFGRVS,7739.238532110092
APFVNKDVSG,1649.1880733944954
FKSPVYWAQRPK,4171.4908256880735
AQYWDEWLQAL,14505.357798165138
SFVKKVLG,3714.0733944954127
WWREVHLG,13849.036697247706
KVGGQNKFNHVA,2088.330275229358
NFEAVFKDVL,14321.967889908257
PKWNEPGKHDA,1570.545871559633
DFVLGHYKVALS,14235.536697247706
HWPNRDALG,5165.733944954129
LKDLNPHLS,3022.123853211009
VAAPVLQFRPA,6490.821100917431
SPLENAVG,1332.6788990825687
SQGNSKDALSG,941.4128440366973
KASDAVLGYKS,1816.9954128440368
VELYLFYG,21794.288990825688
QLHHRWHDAG,4660.151376146789
WQAWKEVG,3401.587155963303
RGVHPNSG,1952.9449541284403
KAGQRHEWHEYK,3051.0825688073396
LQHFYQRYHLS,12180.62385321101
LGGWNSFRPLS,10954.302752293577
EWRNWHDEWDA,8992.80733944954
PNNKYVEPNKDG,1343.1743119266055
DSHWALGYKAL,8402.256880733945
PKKHYWEPVAL,4664.862385321101
PHLKHAFVRYK,6237.619266055046
KHVYAAGREPWN,4325.674311926606
VEAYKQNHDG,1643.380733944954
PAQNGPYGPHS,3237.9174311926604
NKSPHFYHDPWS,9458.56880733945
NKWVQKHGHSG,2052.2798165137615
NSGLALSPWNDV,6321.600917431193
HFHNNVALS,4566.114678899083
YPDGSFYWDVG,13901.08256880734
EDKPREWNKHV,1413.711009174312
YHDVWGHSQWK,7348.174311926606
YFLKPKAG,2744.8348623853212
LRNFEQENKG,1627.6376146788991
RNGHRWKAFHD,5832.036697247707
NLFGKVSLSG,5527.334862385321
HREYFWSQYWS,18890.784403669724
YASWPAGPYWAS,17500.43119266055
HRGLDVSG,2239.821100917431
PWVNPSRYWNKS,7984.729357798165
RRRYPDG,2303.9036697247707
SPYDYNLSYWKD,9159.619266055046
PYEPWSDAYNKS,5759.477064220184
YREWPAGQYDS,6750.224770642202
VEQDLHVG,1992.802752293578
LEQRFPG,4735.477064220184
PLWSHQFEKA,4903.637614678899
NDSHFDVQRHVA,3660.0504587155965
KWFQDVLSG,4982.243119266055
YAAEVARPYWL,19236.155963302754
EWSEHRKKHVAG,2048.848623853211
QDVEHQEAREHG,1126.0779816513761
DLSRKDSQDFPW,3602.5412844036696
SWHAKSPYDVL,7547.032110091744
SEAFKHKHDS,1500.2935779816514
DGGALPG,1655.2064220183486
GESDFRLG,3166.9495412844035
DEFWWNLS,11671.050458715596
YNWLAFNHD,13610.160550458715
FVEAGGYWKH,6694.151376146789
AYYVDSG,6097.665137614679
RHPPKAEKHVL,1251.0825688073394
KGVQVGRDVG,1459.0045871559632
AYQKLDLG,2409.3394495412845
QNPPKFKHVG,1666.6238532110092
DSEDFDFVS,4230.5
EQWLALQPHDSG,4360.825688073394
KVWFLFHLS,26185.954128440368
ARLNDFDASG,2633.793577981651
DHSLGVALS,3393.605504587156
NWQVPWKDAG,4368.623853211009
SRGVARS,1935.8899082568807
YNYVGWHPKHDA,5547.651376146789
HYVVAKVLS,14895.697247706423
NQVAQAYVALG,5884.688073394495
SQANSWLS,3372.2201834862385
GQSDQEHDSG,1012.454128440367
HDQQFPNFWKDS,4725.793577981652
GKEKEALSG,705.1284403669724
WSELQDAKLG,3353.8394495412845
HWDEVRYKS,4582.45871559633
NEVFEAPWHD,8586.788990825688
FRGWYWNAQPYD,17919.07339449541
RRNGAQPYHSG,3896.0183486238534
ENQQALEWLSG,2967.7798165137615
FSFHVPDYWKS,9083.619266055046
FYQEQPWNDSGH,5297.155963302752
RPSDKGQPWHD,2915.0137614678897
DHQHQHVG,1920.9128440366972
GAEWFRPYWLG,22959.977064220184
DGDYHLREYNDA,3536.3853211009173
QPPVFRPSQYAG,4082.7844036697247
FLWLSQKSNKL,4796.426605504587
RWFEKRWQKHDA,4200.1697247706425
KGAWNGPWD,7117.105504587156
YPPHENDV,2072.9311926605506
FAVELQFEWK,40560.87155963303
WQNRGKHAG,3040.197247706422
LWGYLQFRELS,18657.82110091743
NQGRYFSG,6769.619266055046
NKYLQHLQNL,4016.3899082568805
GRYAHSEYKL,4335.412844036698
QHVPEYASNLG,2307.766055045872
SWSWAKSG,4781.059633027523
WKARAFEVLRNK,4531.51376146789
NKYFNGEYDSG,2934.683486238532
VFNDSESRPWD,5891.472477064221
HQHVLAPWG,9135.43119266055
ANVSQLKSG,1479.8532110091744
GNLNDYHG,3893.0
GFNVLYLGFAG,37952.1376146789
EVYFPFRNKHD,7067.715596330275
LFWDSSWDLS,14431.655963302752
HGAGPWRSG,5393.4908256880735
AYYVAKG,5159.279816513761
FWVNVFEVHVSG,34944.45871559633
EAFGHLSHSG,3137.6559633027523
KDFQQRDAL,1941.802752293578
GVLSNDHAS,1969.7155963302753
RNHGQADGKDA,1017.756880733945
AEYQSFWG,9849.522935779816
KNKEWRPALS,1882.4128440366972
KDKELGREYKS,875.4678899082569
WKRNDQPNSQWA,4000.266055045872
ASRSGRSYNVS,2419.6330275229357
AYDRLYKHDSG,2596.1651376146788
DAVYVRWVAS,23573.376146788993
EKNRDFNDV,1315.2064220183486
HFDVHVHDG,4686.467889908256
NRQYEWKHDS,2670.894495412844
EHREVAQDGFYS,5720.573394495413
RLDAGAFESG,2332.619266055046
VSHEGFKG,1459.9128440366972
HKQFRWLHVG,8617.655963302752
FYEAEHKHDV,2298.8899082568805
QKKHQYLNHD,1816.4633027522937
DNQQKSG,726.5504587155963
RWKWGRLWVLG,16233.288990825688
DFSKNHLSG,1637.6926605504586
LYRKGEG,1598.8761467889908
NWEFPVALS,10933.825688073395
EAAQPALSKVA,966.9449541284404
RLNYDAEYWH,11577.45871559633
GQHFHDPYWNSG,7906.09633027523
ASAHEWVL,4417.720183486239
LSFEPFLSYDS,15649.004587155963
WGNSVQNHDAG,2402.238532110092
DHAAENALS,1499.8165137614678
FNWNYWFEKVAG,9511.330275229358
NQKKFKDALS,1093.7660550458716
FQYGNRPYDL,10446.619266055046
VWFQASG,6090.068807339449
KPSLVALSG,1537.5504587155963
RQFFVYWNHVL,31850.133027522937
VQYDEWSRWVAL,16295.683486238531
KDPYWGHDSWD,7436.839449541284
EPLSGDEPFEYH,2191.3348623853212
HAGKKDVWKDG,1190.2385321100917
HKDLDAWDAG,2000.3715596330276
NRKDVVGEWN,1661.2660550458716
RGHYNKHAFLS,5025.98623853211
YWSPQPVGKVL,3946.9449541284403
LWWLFKAG,8255.518348623853
GEWSHGFPYNDG,7980.45871559633
NYWFSEALS,9341.834862385322
PRPFSNHDLS,2909.137614678899
HYAGKQWVALS,5833.224770642202
VGVLVLNKHSG,8334.69266055046
YVPQEPDGFWKD,3661.967889908257
KLSLAGQWHV,4981.848623853211
LGYGSGFDAL,7802.59633027523
RVPAWHVWKVL,11549.371559633028
EFQWDYALS,9469.853211009175
ERQLQYSG,2364.298165137615
SKALGEHAPDG,966.1330275229358
WDARLQKWAS,5673.706422018348
KEDFVEDS,982.5733944954128
AGPAGWVKVA,2345.353211009174
RWYYQKLG,6635.073394495413
QFGQYVPFRWHG,14890.633027522936
YANLLPKDA,2258.394495412844
KVGYYKLFWKS,6886.995412844037
LRKQDPYKHL,2216.793577981651
QDFKEVLNDA,1324.9908256880733
EVNWHVEWNHD,5493.339449541284
WRPLVEYHASG,7895.357798165138
NNQRGNAG,1426.7752293577983
GQDSLRKHDV,1128.0550458715597
YKNWAEYWNKDA,3327.178899082569
LPFVEKALS,3078.935779816514
DYWAYSFRNDA,9132.504587155963
VPELNALSG,1782.6467889908256
AGEWAYGPWAS,11978.220183486239
EPNAAQEFWNV,2930.3715596330276
QDAYSFVLEDVS,19334.58256880734
LEVAGSFEHV,4118.885321100917
EHKSWNDPWDS,2900.1651376146788
YSSPLKVLS,4062.0
KDHQHALRVAL,4707.087155963302
WHSDEPLGYD,7374.532110091744
RRSRWYDSG,4891.279816513761
LRPRHFEPWND,6973.4908256880735
NWGYRNSG,5945.266055045871
NHAPREPVRWND,3215.2201834862385
EVEWYVKHDV,10808.559633027522
DYEWVHSG,4938.022935779816
PRSVDLG,2104.146788990826
RDWDDSYNHLS,6755.435779816514
PRGNAVSG,1692.4128440366972
WSYRQFWHLS,15632.059633027522
HFWKRLFWLG,13564.600917431193
FPKASDPWDPH,3738.0091743119265
HQNQYDGEAS,1379.6559633027523
HEAKDFVLSG,2184.137614678899
KDHSDVQNVG,969.1605504587156
VYQWVRDG,7639.811926605505
GWAWFPSG,17019.325688073393
DAPHDNSRNHVS,1665.788990825688
NWVFEFHDAS,18632.83486238532
RVAEREPLGRHD,2766.3715596330276
AWFGPLSG,10976.674311926605
KPDNWNAG,1454.467889908257
PGVNSFALSG,4419.853211009175
SPYAERYSG,3481.146788990826
RHDDSPNNKVAS,1023.1192660550458
QDWPKLESG,1539.380733944954
AEGYPNG,2263.6009174311926
DWWHDYSG,10272.564220183487
KENRANDVL,1621.288990825688
VNFLHDSG,4670.628440366972
FLEVEYFESG,27004.646788990827
LFRFRWGFEHV,15792.490825688074
WFVWVEVS,46664.45412844037
PSYQVSYKHD,5737.440366972477
WHFYYNDSHAG,8810.045871559632
AGKYQWDVAL,4364.454128440367
YPFEDGSG,2647.559633027523
RQLPPYAG,4350.697247706422
LSPYVLEFPNVA,13868.848623853211
KRFFALSG,5316.380733944954
VAYNYSPYNG,6619.334862385321
SYQEGYG,3144.646788990826
KVRKKHFKS,654.5917431192661
SNHSVRDSG,1562.2293577981652
FWPLNKFYWV,22841.674311926607
EVPLEDRHG,1513.6743119266055
QNRVDGQRWVLG,8133.857798165138
QWGRQFENLLS,11501.256880733945
RWQVVPWDAL,19200.60091743119
GHGKRLSG,1607.454128440367
RQLWYHASG,8672.91743119266
RSSPVQDVS,1318.9036697247707
QLGNKQFWSWNA,10028.366972477064
PERFNALSG,4049.376146788991
VKDKGLSG,918.0229357798165
HQSAALSG,1501.2201834862385
PKHVGFVLSLRH,24710.623853211007
QVLAAREPALS,2453.3348623853212
FRGRKVQDQRWS,4128.720183486239
VKYGENKVAG,1305.5642201834862
NASQKRGRNS,1012.5779816513761
ELWLASQRWKV,10870.178899082568
APGAFEDG,1673.2064220183486
VRSVYNDVLG,4156.600917431193
WEPQVQFDALS,8707.48623853211
LQQHSALG,2283.9816513761466
FQEWLHGQEWD,12534.518348623853
WRAPWFYNK,13997.683486238531
WNALDHGQYS,7434.155963302752
NFVPWGLS,13988.463302752294
PNAPLGEWGPK,2300.6743119266057
RHSLKHVAYKHV,3664.408256880734
HQDDWDLG,3724.9587155963304
NSEHGELQFRWG,10065.816513761469
SYLPSHSG,3311.206422018349
GNHYLPHSG,4107.577981651376
LGGFLRNKVAL,8065.697247706422
DFALFQFYVALS,33248.279816513765
DPKHQGFNDVLS,2345.077981651376
FKQQSQFEKHSG,1629.98623853211
QPHHNDFYHDAL,7768.321100917431
KLWVHDWNKAS,4227.963302752293
YQEGVSREKL,2240.229357798165
YDKYSPYWKVG,5046.243119266055
WDLGLFQPVL,17485.376146788993
SWRAKDAS,2710.4036697247707
YPSWFSG,12431.853211009175
YPEDYVG,2464.577981651376
RWHRYDYDVENH,8011.477064220184
AHYNPVLSG,3986.591743119266
ANKQAFKG,964.4495412844037
GNKSKQFEYKS,1168.2477064220184
ANRSNSG,1234.5412844036698
AKYADSG,1117.1880733944954
PRSKVDLG,1104.559633027523
YNKNQWDARDAL,3839.380733944954
HKKRWHLSG,2188.316513761468
EYVWVYKADAL,26882.67889908257
AQLKFKVSG,3519.5045871559632
EAQSVFPYWNDS,4395.642201834862
HYGQRRDLG,3774.9770642201834
PALFNHWPNKLG,8029.133027522936
GNVHEWSG,3185.619266055046
EDKYEYDVLS,1880.98623853211
VPARNHDSQREY,1920.7660550458716
HNGHSKSG,1179.4816513761468
DFHSRSGVLS,4241.614678899083
PHPWPHDASYAS,5663.683486238532
ASWGNQPKHDL,2925.169724770642
DKYWWVASG,5557.243119266055
DPKVEGYDLG,1410.105504587156
WGFLQYRWLSG,22399.9128440367
KSLVVLSG,9623.357798165138
RYGQHWNLYDA,13219.853211009175
RYESALGDVG,3481.440366972477
YAFWHKVPWDA,12863.857798165138
DDFHADG,2131.6146788990827
HAAVFPAS,3105.7155963302753
YPWGKRPWHAS,8448.564220183487
ENQSEHFRVS,2023.2155963302753
DLHAWGRPYVL,21855.29357798165
SYKKQNDVALSG,1601.0688073394494
PKFNFWKGFNHL,9756.853211009175
NDPQKLFPDALG,2141.3990825688074
EGGRFKSG,1663.211009174312
FRFVYAGQEVA,9127.261467889908
VRPNGSWNG,2616.233944954128
PKHQVAREFEG,1432.6834862385322
PFKGKYNHAS,1911.2385321100917
VDQYAPSG,1786.880733944954
WKQHLRPSPK,2329.9633027522937
ELDGHFKDALG,2290.766055045872
ELAYPNG,2333.119266055046
FSNFFEHLG,9747.022935779816
PEFKQHSG,1872.573394495413
YDDEVLYNDL,7545.587155963302
PHQVVQEYWNL,8348.908256880733
VQYSNYNDVLG,5280.637614678899
KRSSVSG,1082.6009174311926
LGAFAPYWKAG,9688.720183486239
SGRNGNLPVL,3932.0183486238534
PFSNLYLG,15840.577981651377
PGQVSEFPHD,2106.330275229358
HKSEGNLSG,919.6697247706422
NGDKVQYNA,1259.2568807339449
HERDWLSG,4483.678899082569
PWAKWSREVS,4603.137614678899
HQPSDFEPNHSG,1573.3211009174313
NNDQQHALG,1663.5412844036698
HVPRAGWKDAS,1968.940366972477
KWAHLHSG,3552.954128440367
QFWVPHEHQPK,3158.201834862385
HYWWQPNG,9513.220183486239
RFPFFWKDVSG,9973.733944954129
AYEDNSG,1672.105504587156
WFKRGWLSG,8880.724770642202
LWWQKVLSG,8350.426605504586
SKDWSNHG,2001.7339449541284
VKKEHAS,620.8853211009174
NRGRHLDLSG,3869.201834862385
QHYVDYWNVA,9594.128440366972
VYNSRSYNSG,4211.834862385321
DVHKGPYWNSG,3326.376146788991
VKREKSVG,723.6192660550458
YFVVGWDAG,13993.100917431193
ADLVQNKHAG,1710.5779816513761
YVFVQFEVGQWK,45008.26146788991
KLKRQREPK,962.8577981651376
NFSSFHDVSG,5112.151376146789
WPNVPQFKHAS,4439.821100917431
GHKDFPYWKVL,7579.55504587156
EFKLFALRWAL,29625.0
FQWSVARPNKL,7903.417431192661
RESRGFSENKS,1734.8119266055046
FRARKLGWNGRE,3467.4266055045873
LSNDEGEKALG,1238.651376146789
EWDLHVSWFPK,16142.522935779816
ELSWNWDLRLS,17272.15137614679
HLAERHSG,2080.243119266055
HQGSPHDVLG,2078.651376146789
AGHHWVAG,4043.1880733944954
SQGDQFLG,2424.440366972477
ERKLPYGFPYAS,8862.899082568807
WKPVNDRVAS,1934.5688073394494
RLQNLKQALG,2599.0137614678897
EDDVKGRWKVLG,2257.830275229358
FRVHFENHSFHV,13963.160550458715
DWLYSNHAL,12242.940366972478
FSHQYHRASG,4251.334862385321
FSVEGQPLSG,2728.2522935779816
SDVWENDG,2684.564220183486
AQELGWVYVLS,42380.6376146789
PVLWGFRESNVS,10606.518348623853
KHPFEKVYKVS,2556.201834862385
YQDDDASG,1457.2935779816514
VDLNVEKVAL,2387.2752293577983
EYLVHGWHDVS,9071.055045871559
VQEAVGNDVAG,1371.9128440366972
WLENVPNDVWKG,6253.642201834862
FREVQHDVKPVS,1462.5871559633028
VEFSKHDVSG,2102.5688073394494
FVKALDLEHDG,2796.261467889908
SRERGQFLS,5339.935779816514
YPAKFEHLSG,2397.2247706422017
PLNNYVLSG,7291.275229357798
WHSPYAGVFEKG,5514.6100917431195
LGDVQDSQNH,1634.467889908257
QEEAQYVPHAG,1594.2431192660551
AHRPPLG,2330.6651376146788
PDADKLSKDAG,726.2752293577981
HAKPPNLG,1701.2293577981652
EDEFWALYWN,16756.463302752294
WPRYGHAG,7972.481651376147
FFNPKSWNKA,3444.0412844036696
WVSAWVSYNLS,24331.105504587154
ALLHRNG,3572.238532110092
SGNRFEKLSG,2048.733944954128
WAKFNHDFYD,14495.98623853211
VLAKKDVALSG,1900.0825688073394
WQSQRGPWS,10184.784403669724
HADVAYAYWL,22485.788990825688
SEPHDDQEPN,1368.0045871559632
RPALHSGHAFEV,4292.454128440367
SRRKSKVAL,1137.8073394495414
APLNDYLSG,2517.3348623853212
FNYRVGYWASG,12466.188073394496
LYFEFNG,15752.48623853211
QHGKGQLRPHS,1932.9908256880733
VWGVVALS,14655.683486238531
VEWGGWKLS,7898.724770642202
VHFSELSG,3352.743119266055
HHDSHNHLS,2193.9633027522937
HWNAYGFREDSG,5126.582568807339
NHHPNKLRPNKA,1394.4954128440368
QWPLRDQHLG,5712.697247706422
RDGVREWPDL,5689.004587155963
HFRLYKEYWN,10125.880733944954
KWSEQPHSG,1714.7431192660551
PYERALFPHA,9251.298165137614
RDKAHLEPHVSG,1450.4770642201836
SADVFEPKALG,1611.3165137614678
NYNGEQYLSG,2854.8899082568805
PKENAGRAQAL,1205.7844036697247
VYNDQYDSQEHG,2145.1605504587155
GERDRNKDVL,1536.1009174311926
FAARPAEPYA,3002.7522935779816
QLEDKGRYNKLG,2057.876146788991
RAGVAENYKDG,1482.6834862385322
RKPYREWVPHSG,3554.559633027523
LAQEPHEG,1138.9128440366972
SSFWWASG,9073.90366972477
FHYRVSFENDL,14400.52752293578
YHEHDRHQWHLG,6247.844036697248
NRDHLDVG,2153.5412844036696
FWLQYNAFLFYN,12809.495412844037
FFDDRHVG,3950.229357798165
ENGGLGQRWL,5957.605504587156
APHLNFWNKDS,2686.3348623853212
HFGKLNALSG,2756.5550458715597
EFHLHAFEPNDA,3003.321100917431
LHEYGKVALS,2743.7247706422017
RGSGYQPYNS,3918.9036697247707
RHSRLPNDQFPS,3481.6559633027523
YKWVFYNHYNDA,10604.944954128441
EDNVQRLQYL,5171.8302752293575
QNNVQGQYKDV,1364.6788990825687
VNKRRPNKDVLS,1037.908256880734
QFDNPYAEVLS,4619.591743119266
YKNKDFHFYAL,7230.220183486239
SGPDPDPYG,1252.7844036697247
RVDLNHLRDS,3113.02752293578
GYAFVYDVA,27386.536697247706
YPRVAPLG,2774.816513761468
SNAGWEVLS,3506.4587155963304
NQHDRVSPYKHS,1937.3440366972477
PVEKGQAWNHDV,2046.4449541284403
NWANPNHVS,3627.6330275229357
YAKEHDQFWDAL,5908.651376146789
RRLGAFNLS,5969.394495412844
PGEQGWKSG,1640.4495412844037
HRYFQYNKVS,4812.04128440367
GPFWKEG,1988.6422018348624
EPPQLRWNHSG,2038.4908256880733
YHNWAGYNHS,5679.1100917431195
ELKSQVRPYNA,2205.9495412844035
SRRYSPG,3017.788990825688
EVGNFPEPAG,1572.440366972477
QHPNHAEPVWNV,3006.5
LEGWKYKVSG,3492.02752293578
HELKEDG,892.183486238532
VGWRHEWALS,11252.022935779816
FLGDNLGEVS,2616.1146788990827
SKDKAKVG,614.743119266055
RPKWLSQHLKH,3518.2798165137615
FSGWGQHHDV,5270.307339449541
LKFEYHKSG,2487.8577981651374
WSYKYWSVAG,7797.908256880734
WDKKWNSG,2200.0183486238534
KFYNKSNFPNKD,1596.9954128440368
DYGPLDALSG,3153.802752293578
DPSAYNVLSG,1887.2477064220184
RNQHDGWKEKA,1265.1605504587155
LVLDANDAL,4351.651376146789
YKQDGRYNVWKG,4385.756880733945
QADPWVGWNDLS,5297.720183486239
LGSKFNLG,2891.330275229358
RRDHRKHG,1317.5091743119267
ASRRGREPWL,5143.977064220184
HAVDREDG,1237.1284403669724
WQRVQVFEAG,12640.701834862386
GALQLVASG,6446.724770642202
QPEFSENKHVG,2039.2339449541284
PDEGSRWNH,3221.4954128440368
AWHRLHVG,6535.357798165138
QGVFHGVA,3435.3990825688074
RGLVFPASG,5747.660550458716
VKSQAKAS,791.8119266055046
FDKEPKDAYKD,912.6880733944954
ASHDNFWNKHV,3068.683486238532
LNAYENLS,3503.0963302752293
YWDEGYDLEYK,10617.408256880733
QQPREVFHLS,3080.1009174311926
KWQNRHG,2760.853211009174
GERNAALG,1917.7706422018348
LPEKFDS,1118.7798165137615
GPRNAWLSG,3472.3577981651374
NSRPPWNEDVAG,2477.5183486238534
QYQLGFFDAL,22567.72018348624
DKVAFFKVAS,10226.949541284404
RAAESGWHD,3030.261467889908
YENEVGWNKA,2396.97247706422
YKHWHRWNDKHD,4135.683486238532
HPNWKNHL,3101.1330275229357
FRPLGRSWPYDG,14344.683486238531
PEFWFPKVLSG,13262.435779816513
EQHPQYWASG,3695.9587155963304
QQSFEFDSG,3054.146788990826
ELEFKLEVG,10437.600917431193
QDFASNLGPHD,3612.0366972477063
HFAFNLYASG,15628.018348623853
KKVKLDSG,908.5642201834862
PPQFAYVSG,6709.0504587155965
WLYPARYKDVA,7082.256880733945
YAVWEPVS,6771.844036697248
YNVHFDGQPDSG,3811.0
RWDYSEPSQNDL,3774.201834862385
PKKYQFKG,930.6605504587156
ARPASWEDLS,2410.2201834862385
DVQWDSQYWRHS,11700.614678899083
QRDRHRHDQKDG,1394.711009174312
YVAPNRDWDAS,3652.8669724770643
NEGYFVASG,7746.385321100917
QPEPRYRPALS,4361.224770642202
DGDQDAKAG,965.2706422018349
NWWDQLS,10992.188073394496
YEKPYWANVLS,10150.720183486239
ERSSHLSG,1542.4495412844037
FPQHAEHVYLS,9094.155963302752
DFYPWSEPN,7182.399082568807
PFNYQFYNHS,13470.665137614678
ESEFDAWNKHL,3166.8119266055046
EQKKGKDG,741.6788990825688
DLWHLLGVAG,10105.371559633028
FAFPDRAPVLS,5462.743119266055
KYLLKDALS,2990.9036697247707
KDWKVGVSQEKA,994.3669724770642
FLSNQWASRHDG,5369.628440366972
DVGFLYDWHG,16825.738532110092
ASPHGQGPAG,1305.1697247706422
LHEQRVALG,2994.440366972477
NKQERKVAFL,2462.146788990826
AGWQERWAS,5374.344036697248
QWNYDQYWDFLS,24873.509174311926
PLVHKDG,2089.032110091743
GEDAALNHD,1722.2201834862385
LRWQVFKDSG,6345.94495412844
VLEYGHVSRE,4776.798165137615
FDRGSQRPYVG,5791.9908256880735
DSKGGRPWKVLG,2773.5137614678897
RAFLREPRWNVA,8749.894495412844
ESDFKVREW,2596.454128440367
PKLKFYNVEKV,3406.848623853211
DFKLVSFNKVS,10943.711009174312
QVYFPVFYNDG,24765.1376146789
LSAKVWLSG,7864.311926605505
VWQYLDVS,13859.19266055046
YYDEFEVS,6241.344036697248
ARYAEARWG,6082.243119266055
ESQESGRVSPG,1102.665137614679
AKSEKEPS,570.802752293578
LNYLFHALS,9639.518348623853
KRHLSGAGWN,3153.6422018348626
HPQNSESG,990.8532110091743
FDDWDFVSG,8455.79357798165
YRKLPKQEKHVA,1186.2064220183486
GHNDHAG,1726.3623853211009
NSRVEWSRWKD,5776.981651376147
VSNAPWSQHD,3975.2155963302753
DSRSAQKAL,1244.9036697247707
PGYKEYDSQKV,1894.894495412844
QRKRGPWVFNKS,2669.9495412844035
WQYSDQPALG,6039.380733944954
GQAEGYAS,1463.408256880734
RHSEEVASGRNL,2263.229357798165
VFAEYQWNKHV,6687.371559633028
GGQRLDLS,2583.756880733945
YHDNQWHDQES,2646.9633027522937
NRDPNFRPDA,2060.0688073394494
YHADVRHPHVA,3618.0688073394494
SNGAKASG,1035.6743119266055
FPFRSYHAQRDV,7437.591743119266
FVYYFYDLSG,12003.944954128441
ELDLEDYNS,1868.1100917431193
GDLSNYVSG,2698.4816513761466
HNVAKHPHDAS,1538.2155963302753
PKHQAPKLPVAL,1865.2706422018348
KPAAVSG,772.5550458715596
KFWGVSQYNKA,3862.766055045872
VEYEQREPWH,5748.912844036698
HRSDWKLS,2837.0366972477063
YKHAPVSDENV,1066.3440366972477
EQHKPHASG,942.5917431192661
WYDEHENHDA,3711.3119266055046
FLNRLSGPYV,10406.839449541285
DYESQHDAG,1638.2339449541284
GRFLRKSG,2723.087155963303
FAGDLEQEWDAL,4088.6605504587155
LDEDLYG,3089.183486238532
RHRSSQWNVS,3398.270642201835
QDADSGFSGRWN,4564.628440366972
NEVDEKLSG,1038.9816513761468
ALHKHSQYLS,3706.8853211009173
PGKSFSGKHLS,1964.6743119266055
QGQPRENRKDG,1044.2293577981652
KPSVQVG,999.7201834862385
WHWAENKRNL,5048.733944954129
LQPDWHGQPHG,3648.683486238532
KHGSWARKS,1431.532110091743
QYFSYQPSG,4494.848623853211
PEPRNGEPNKHG,1131.1926605504586
YVDRDVYWNHS,7899.440366972477
RLEGSGWKDVS,2740.440366972477
LYHSHEDVLG,3470.1100917431195
AYFLPSG,9248.45871559633
EQVWKVPYAG,3965.9266055045873
GKQFGNLG,2388.394495412844
SPLVAKLSG,2031.7568807339449
FQHPSHAG,2581.8256880733943
REEEEPWVLG,2375.605504587156
GNVQYKHQKAS,1329.9220183486239
FKQRAEDVPKL,1515.3899082568807
GHGFPWDAPYWK,20869.577981651375
FKKDHQRWNG,2819.9495412844035
YKGKKGQFENL,1434.5963302752293
PRGHYHVAS,4224.064220183486
GDSADVALS,1432.8990825688074
QDRVNFWKS,4674.628440366972
KNLEYLQWSG,6323.619266055046
DAPNKFRQYNV,2609.880733944954
SWAFRNYSG,9703.752293577982
HQFWFYHPWKD,17983.08256880734
HKDGGAG,1266.4724770642201
YWKEKGPNVGED,1486.6146788990825
YHQEAEYKGHD,1986.0229357798164
FAQSAFWNALG,8471.733944954129
AWQRLPSG,4809.380733944954
WSFKQNLFYHVA,14321.197247706423
GYHDWFNKHG,6345.348623853211
DSEHRYKQPDG,1623.5642201834862
GHYDAHDAL,3530.4633027522937
DAFDKHFLSG,3607.5045871559632
SWYLPHVLG,14132.866972477064
YGSQKVPWNKDG,2685.353211009174
GYQKKVSG,1399.1559633027523
HAKVFHVGVAS,5609.146788990825
DNDDPKSG,946.1467889908257
SLQFFSG,10667.811926605504
AYWKSVREPWL,11771.587155963303
FVWYRWLSG,14451.922018348623
ENDENVLFRPAH,4211.247706422018
SPRYWWLG,18493.894495412846
RPYAFGQNGRA,5607.247706422018
SHRNDPVLG,2079.5412844036696
RANEHLYWHA,8049.59633027523
QSGLAGREWNK,2098.711009174312
SYEPQNALG,2213.5733944954127
QDGNYHSGSG,2024.7568807339449
VYSKVEVL,5444.233944954129
NKSHVNKGYVA,2309.2155963302753
ADRGPHDVAS,1661.9770642201836
EYLVRYLFWL,31444.89908256881
NHPDGPSEYHAS,2480.9770642201834
HSFWGPWFNKHG,13937.077981651377
LQQQFNHVLS,5415.0504587155965
WGLVWVLS,40744.06880733945
DDDAHSG,1508.8165137614678
HGWYPYHDVL,17796.536697247706
EGFFKLFYHDG,17392.142201834864
FFEQASQNVALS,4269.339449541284
KEDGLGSG,1301.4220183486239
WVYGPKAEPALS,4128.05504587156
FPFRLSHFWD,27507.39908256881
YSKRLEYWHVSG,6512.935779816514
SDLHSWLSG,5156.743119266055
QDWNQQEYA,3161.2522935779816
KSFGGRPALS,3196.2752293577983
HPVYNREHDG,2487.0504587155965
LNKPLLSG,2815.302752293578
SEWFSQRG,6840.1100917431195
FYRRYLYWLG,12250.944954128441
DFRDSGKHVSWD,4573.220183486239
GRFSDAG,2831.4495412844035
QASPNEYLPASG,1590.6376146788991
YQDGRQFDSG,3455.935779816514
YPAYKLEVASG,3883.5504587155965
LEPYGDSFRYAS,11248.43119266055
RRKKFWAL,2655.8119266055046
HLAEWLSRPWH,15514.004587155963
ADWHYHASG,4871.243119266055
PDHELNKS,974.7935779816514
EEPLHAFYDA,4538.701834862385
QPHHQPWKQFKD,3627.1926605504586
ALNFWGNLSG,8545.37614678899
AKLGLFDSG,3555.1284403669724
AEFGYKG,2865.467889908257
EEEYGRLS,1937.532110091743
DSKWYVLS,7849.720183486239
KWDVNPYKDVS,2572.733944954128
VQHYPHLS,4515.192660550459
ENHYNQFELGNK,2631.5229357798166
VRYFPQFDSG,10453.90366972477
FRQVQDLYWDA,13482.266055045871
ESQEEDALEYHD,1480.908256880734
ANVDGDLG,1505.8715596330276
WWSRLYVLG,27792.816513761467
VGNPVSLSG,2297.701834862385
WHSHDEYYHLS,10610.412844036697
VGQGELQPYND,2394.711009174312
PSNNNVG,1370.0366972477063
YKQFELRASPWG,10832.711009174312
NFWQGQFYHVG,16610.045871559632
LKQEWKWG,3885.206422018349
WYKKVPHLG,4365.399082568807
QNHSDRHQNHG,1751.3532110091744
DYWAREQWDS,5477.766055045871
LSVNQNDVAG,1463.1880733944954
PWPVPWAFKA,15513.88990825688
HRHREQDVAG,1358.6238532110092
AQKEVRWNDLG,1778.2706422018348
WGVPLEKG,2502.077981651376
FWDGYWEWRWHG,24001.160550458717
HGPDRVQDSG,1309.211009174312
PFHELFWDVG,13391.940366972478
LEVLKGWDLS,8789.055045871559
FWVEFWKDFHL,15758.591743119267
PPPEALG,1123.01376146789
YRLQYWQEKLG,6072.123853211009
LPYLHGPKHD,3639.137614678899
NLNGLKDVAL,2275.5366972477063
DPWLEYAFHAS,10640.087155963303
QHNNRWVS,4148.931192660551
EEWKRYPHDVG,2921.97247706422
HPYHDEVREWK,2625.853211009174
FDSPNRHSPNG,1744.197247706422
EPSPYDFYLRPY,15374.665137614678
WKYHHLRYKHS,4254.972477064221
KPKEQFYG,1350.559633027523
QFVVKHGFPNKD,3511.4266055045873
VQAAHVLSG,1772.4449541284403
YWRSLSFWLG,16435.39908256881
PPKDFFPKVAL,2777.4449541284403
WESEYPDSG,3955.876146788991
RKEYSFHYWHG,7353.8302752293575
GYPVHLG,4717.431192660551
GVREFDVSG,2228.330275229358
VHVVWASG,5935.747706422018
EPSVHDGRKH,1013.1376146788991
HLHLVSRDAG,3927.394495412844
HYYGWALS,8051.032110091744
DWVAHQFPYWAL,23854.26605504587
RYHELGELYHSG,5145.311926605505
EEKSGHEYKSG,637.5366972477065
SWANNHG,2624.4908256880735
FFLPHHLG,7650.252293577982
RYHWLPNVFHA,14888.311926605504
HGDFYHFVL,18955.669724770643
HLYWLQWHAFRY,18389.33486238532
VKRYLNG,2512.7798165137615
PSLWHRLSG,6013.073394495413
RDSVWKHQNVAG,1957.0229357798164
EKKHDRQEYWH,2241.6743119266057
PGQFPFWDAWH,18125.711009174312
FSRYFEALDL,11425.600917431193
HDANHNQHAG,1705.1559633027523
KFWHWNWNKG,4798.293577981652
GEPRKGRYHDS,1577.9128440366972
KKFHWNS,1936.4954128440368
KSRAWKENASG,1031.4633027522937
WAHNAQFASG,5361.954128440367
LSPKYARENHV,1716.091743119266
YNFKGFNPHAS,4646.376146788991
DDSKWNALSG,1594.6605504587155
GYFYHQLG,8643.215596330276
NKQNYWGYAL,8965.70642201835
YHPVPDQFREVA,2677.197247706422
GRWRSYAG,5954.288990825688
VFAKNALS,2701.729357798165
HDVLVLGSWNKA,11726.30733944954
VFAVLHDLS,18503.288990825688
HQSGNDVPNKH,1358.4357798165138
KLKPWKVLFEVL,13477.165137614678
YFAERALSG,3920.5229357798166
REESGEEDVAG,871.183486238532
WRDSAHDLG,4766.600917431193
RQFAWRWKAS,7063.963302752293
SEVWQYHG,7099.3302752293575
NHAPHPHVQEG,1454.1559633027523
DFKRPAYNVL,4465.967889908256
LPDFQFLSG,7427.536697247707
DNEWKEG,1118.5871559633028
HPQVLPSG,1447.866972477064
WPQHNVASG,2556.637614678899
NDKVEWHRDV,2202.7752293577983
YPPWLQYWKSG,12205.573394495414
NWHNFPHVLS,13506.380733944954
AERPPKVLG,1841.8853211009175
NAHQLRWSG,6320.376146788991
PAQHEVQEPVLS,1536.302752293578
VGPYFHGRYKLG,9001.665137614678
YDWYHAWKDVG,6220.591743119266
EDLSQAEPLSHD,1556.1559633027523
VFHDLLNKD,3172.821100917431
PVQDSDVPKV,885.4724770642201
AGYVKQYHDVS,2954.591743119266
KFNGGFNLSG,4087.123853211009
QYLDQPWVYKL,19667.133027522937
KALFPGPFEAG,3078.619266055046
EDFAFPGEYKDG,3103.97247706422
DEADNSG,935.0275229357799
KVVNKWDVALG,2483.545871559633
LWQGKAG,2312.6330275229357
KKLENYHALS,1456.8211009174313
SDFRKHHSG,1791.3165137614678
KLKPVQYHVASG,2354.8348623853212
HPAVPWDSG,2740.348623853211
HSLVSYSG,6387.339449541284
NVGEFKHLDVA,3827.032110091743
QSREREALFVAL,19764.19266055046
DVDFFWNKHVL,10771.06880733945
FAFFVSEYNHA,26087.07339449541
VHYLWLSG,12250.087155963303
HNQNSNALSG,1474.1834862385322
PVPRDANHLS,1971.394495412844
FLRNDGQSHAS,2218.146788990826
FPKEEKFPYKG,1793.9449541284403
NLNGGQREWKA,2430.0550458715597
YGDEWDNDVL,5580.600917431193
KEKLVGRKHVLG,1376.7660550458716
NAPQLSEWKAS,1524.802752293578
YLYKESGAG,2074.1605504587155
NWFPVQPSG,6307.678899082569
WHYADAWHV,15853.91743119266
WVHFLSLG,23540.981651376147
RYGNQPVSQYVA,5731.706422018348
PFPLPLYHS,13706.188073394496
PRGGRYG,2892.6559633027523
DYLVQWHVLSG,14764.018348623853
WHKEHGPYKL,4159.353211009175
ENFNQENLHVA,2762.7844036697247
LSWWVSWG,22577.83486238532
VYKWKPNG,2918.321100917431
WYWRQYDVSG,9856.114678899083
FQYVWKRNS,6549.266055045871
PNYEQENLS,1768.0779816513761
KVDESWDA,1477.940366972477
DWDESKAS,1555.5688073394494
VDQDLLG,2258.9770642201834
PARPYFVSWHV,22469.11467889908
WYKRFPNSG,5194.467889908256
QVWDFGFPWKD,16719.20642201835
GEWPEPYDVSG,4672.192660550459
RFQVNVSG,4414.660550458716
DSPSEHANVLG,1157.880733944954
REGLPGQASG,1342.302752293578
AEQSPWLG,4168.908256880734
YYKPSNHDVS,2167.6743119266057
LFEYKGSQYNK,2723.802752293578
VKDQYLQALS,2581.6651376146788
DVEGARPHVAS,1784.2752293577983
PQWRQYNKDA,3220.6559633027523
EDNPYVNKHL,2918.5688073394494
VPSYSELG,1745.9495412844037
RQGFQYSG,5351.201834862385
YWRRRPYWV,17587.036697247706
SEPDNFPWNKVG,3052.738532110092
GWWDLHG,13718.729357798165
FEPQHVSHAGD,2174.756880733945
LNVVLNSG,6355.344036697248
YKQKAFHFRYH,6519.233944954129
DRDLWEKDVAG,2435.032110091743
RYDPVQFHYHAS,11003.201834862386
LPENHENG,1352.0642201834862
FYYHKHFKHDA,3700.669724770642
WGARELRPYAL,17067.43119266055
SKLLWLG,9347.729357798165
FDQVSEFVLG,11091.628440366972
RRFRQFDLS,6800.431192660551
PNAAFEGYWVG,12570.697247706423
HGFSKGQDG,2272.4495412844035
HQQNVFDS,2879.912844036697
PWPNDVGLYA,10947.036697247706
RSRQYWFKVG,7813.068807339449
FFYPPASG,3062.591743119266
DVKHVFAGQFN,5581.243119266055
QFLNDVQNLEWD,8178.954128440367
YPVNRHDSG,2242.8256880733943
LWVEHRHAG,5077.770642201835
NVFPQLQRKHV,3626.1559633027523
SHYWRKDVA,3339.637614678899
SKRHHDALS,1745.7706422018348
EHSLLFNDALG,5599.376146788991
WLPGSGQPWNA,7019.288990825688
ELAFWKREKLS,3764.316513761468
ENNFYNGRNVA,3273.9449541284403
KFHAPRPVG,2653.1146788990827
FRQHKDVWSG,3763.761467889908
AQSLPYG,2584.02752293578
AQLVGQES,960.7110091743119
RLGAKARNKDL,1258.0963302752293
AWGPHEDSG,2313.0688073394494
HQWHVYSRPWLG,25239.481651376147
DKFKKLSG,1144.6605504587155
DPRYEKALG,1459.1376146788991
EFKNPYKDAG,1680.0
LLQLRHLG,8509.79357798165
HFRLVQENKD,2853.9908256880735
WWDRQLSG,8068.9495412844035
AWKDQVRYHDL,5525.568807339449
RHSYHSGWQFRP,9952.47247706422
HPVSVEVS,1954.6467889908256
QQYRVSWALS,14524.922018348623
DQEYYDQFVL,20486.688073394496
YFRAWGPYALS,17691.940366972478
PPKRGHLSG,1620.0642201834862
EHWHALEWNKLS,5160.311926605505
DNGEFNSG,1570.4816513761468
RANALHVQFV,18553.949541284404
YGSRANVAS,2474.756880733945
EEVDDSG,889.9357798165138
YDKKLYNAG,2103.3119266055046
SGNKNAFPNHAL,2595.1559633027523
LAQNFRYDVSG,6136.720183486239
FRQRYAYSFKHL,13223.651376146789
EHPGHVHDVA,1627.6376146788991
AWFDQLG,9557.174311926605
NERRKVG,1237.7201834862385
VHSWKDHG,2084.3073394495414
EDNKGQKAQDVS,622.7522935779816
SEQARYLG,4362.371559633028
YDYVPLFYWNL,18753.110091743118
WNNFHDFPYNH,16574.123853211007
KDSGEFPSKHA,1552.7064220183486
KNGHWLG,4386.1100917431195
PVEWFDLRKV,19199.93119266055
HPQLVLG,3417.6559633027523
VFDPEYVALS,6835.6100917431195
RGGKKHLG,1118.8302752293578
FSLGEWHFG,13266.050458715596
FEVVNAYKG,4103.637614678899
AASYHVWHAL,10977.201834862386
AWVNLVSG,9074.339449541285
QKFEAPDPWKHV,3379.623853211009
YLDWEKDALSG,3380.770642201835
RVGSKHSPYKHS,2065.1926605504586
KPPYAFVLSG,12745.055045871559
PQPHHDFPYWK,6640.146788990825
FPYSRNGNAND,4155.688073394495
KHDFLSPSEYN,3448.591743119266
ALKNFHLSG,3674.422018348624
SENHQHASEY,2454.0183486238534
WHAYLWGRWA,21622.371559633026
KYYGNHDALS,3037.137614678899
QDYQHAEYL,4895.871559633028
QWVGQLNSFEYV,25213.0
KSPYHPAFEPG,2414.6926605504586
LHLPYQRSG,5429.504587155963
WHHGALSGWNKD,4886.229357798165
PYLVGPLQNLS,13125.90366972477
PVWQDVAPHG,3709.6743119266057
PEEANVSG,883.802752293578
SYVYRKSG,4584.298165137615
WQAYQHASG,4640.743119266055
PGKQSYKS,1225.059633027523
KLHYWRWKVLS,8920.711009174312
FFQYWSNKHV,6312.068807339449
DQLKLYLS,17409.43119266055
QFLVGFESYLG,33821.45871559633
FAVAHVAPKHV,4873.587155963302
HVFELVLFYKVS,20610.169724770643
EYHEFEPDRHLS,5298.123853211009
SQVWNLHG,5602.036697247707
HYGRDFVS,5937.642201834862
PRRSEVG,1419.3165137614678
SYAAKDG,1308.9357798165138
SEHLKREYKVAS,2222.6605504587155
NSPWHVYFRHV,21351.05504587156
NKAWQYDAAG,2855.2798165137615
PLARDAYWHDL,13163.073394495414
QQSHLFAG,4025.6605504587155
LSYALWGPKLG,8946.871559633028
ESKGKHEYNS,1000.7110091743119
PQEANGFRPN,2579.0229357798166
WLYSAFPNKDL,9292.839449541285
RFWPHVEPYW,28689.009174311926
SPLPLDLS,3202.0733944954127
HENYWYNAG,7202.339449541284
NPFAGPDAG,2137.6559633027523
WGGSGPG,3318.4495412844035
ANEKPYG,1225.2660550458716
DWSRHPHG,4485.119266055046
DDLSQPWPHSG,4440.284403669725
RDSDFRGPNDAG,2348.293577981651
AKPFVSG,2499.9266055045873
KFQLDLG,3153.261467889908
VAPSVPKDVSG,1000.8532110091743
QVDGASRDVSG,1489.8853211009175
GQHQRWSYWNHL,14467.183486238531
ENSNNKQWNDV,1411.9770642201836
LSGGAGFHDVL,5676.6100917431195
NLHLGDSRPS,2944.105504587156
YHDEREYKSYW,7542.564220183486
NWSVLYVASG,37633.3256880734
PALRNFHQNDV,4268.646788990825
QSNQLSRPWHVG,5272.371559633028
KWHVWPDG,6619.894495412844
RYPRWHEKASG,2627.880733944954
GVPNADSG,1100.5091743119267
SPHRVGWKDAL,3001.5825688073396
RHLYVNWNDVS,8652.142201834862
SWRPYHFG,14075.756880733945
NKLVNGRESG,1319.3853211009175
LEDKHPDAG,1354.0229357798164
NYHLFLHLG,17130.188073394496
YFEWHLDGNKHL,7085.527522935779
FGDAKFDG,2093.0733944954127
PDLFQKQFPDG,3635.6100917431195
SRARDYLSG,3343.119266055046
PLNLWSEVG,5831.165137614679
YWFAFPNPAG,8481.284403669724
HYAPVYVALS,27410.146788990827
LRNKFNFENKHA,2847.9633027522937
EDDSDLPHAG,1509.7064220183486
VQHEWRPNKDAL,2273.4954128440368
RPPFDENKHG,1617.9220183486239
WLQGGYWKVAG,7420.233944954129
FHRKDGRPYDVN,3819.605504587156
KSWDKLQRNKDG,1203.5412844036698
KGGPENVLSG,975.6697247706422
YQWHSDYDVA,5987.477064220184
PESVLNSG,1473.0504587155963
KRGEFELSG,1410.954128440367
VQDPYLENKSG,1430.4908256880733
LGGPNLSWNA,5508.788990825688
QPKAEKWAGKHV,1490.7385321100917
KDEYHVEYYHVL,10921.174311926605
RGASLQLSG,2287.8394495412845
KWKARFPAG,2086.8853211009173
DGNDGWYVSG,6357.018348623853
FKDAYDFGLSG,4906.275229357798
YHYDFYASDS,6988.3302752293575
NQDSHASDVG,1182.8623853211009
NRRDLEAS,1202.091743119266
LRGHRDG,2609.3853211009173
FPEYRWVAPWN,19845.403669724772
ASWKQVQFVLG,13370.302752293577
EAKHFKLPYN,2366.788990825688
SVAEGDALG,1162.2522935779816
YWKKVQRYAWN,6652.532110091744
FDHHHVALS,3845.348623853211
WDQRGQNLQRH,4819.252293577982
YLRVNDGFDS,7659.876146788991
PFRHSFRHLRPY,11833.747706422018
KKASEPYFDA,1371.3577981651376
VPEWAKSG,1150.7339449541284
DPRPEKAG,536.1146788990826
LEEEYDG,1542.2568807339449
KKWDKHAG,1014.6146788990826
LPSEPKLKDVA,679.3899082568807
GKDAQSGPVG,734.4495412844037
QVQPWDGDSYN,3159.8899082568805
HRVSPKLKVAL,3103.105504587156
SAAQFRPNDG,1762.7247706422017
FGEYYLQRPN,5565.701834862385
RLYQQRDVSG,2793.0
QHDQGQFVKDSG,1326.5825688073394
KWREEDVAS,1170.8165137614678
HFFLKVG,12640.261467889908
FAVAVLFNKHDS,16778.20642201835
SQSHREASG,1100.8990825688074
QPRQALEYKHSG,2050.238532110092
FAGHPVSQEYL,5297.261467889908
QHSLPKAEWNAS,1514.651376146789
FLVASEANKDSG,1620.894495412844
DLKNQFDALSG,1772.2706422018348
PFDSPASNVALG,3341.954128440367
EPHVGDSFLPW,10357.798165137614
KVSSQDSQFPKS,1030.302752293578
SQLRSHLG,3353.940366972477
QNHPNLGQRWWV,17622.5
NKSAFWKRNHLS,3095.5412844036696
RHQVKVEYWKHS,3463.5183486238534
QLKWKAFRKS,1677.7477064220184
SPNSNQREYVS,1715.967889908257
PESNKWDAS,1490.467889908257
NPLYNRVAG,3392.743119266055
WAVLAFWKHDV,21219.605504587154
LGPAALEDAL,1830.9036697247707
WAFADSFWDVL,25946.57339449541
HSSHQDVG,1484.1605504587155
FQWDWKGPDLG,6854.1100917431195
VEFKPYWHL,12493.88990825688
WSLVAYVLG,29245.908256880735
GHSWVPNHDSG,3184.3715596330276
EQGYEDSG,1349.8715596330276
LNGPPHASG,2074.293577981651
VVSGGNHLG,1965.6926605504586
GRDAYSEWNKG,2307.0
YFLRHAQKHDG,3117.880733944954
HVGSRSQDS,1248.3532110091744
QVFNWASVSG,6576.348623853211
QYQSEFWKHD,3812.4770642201834
QVDEPVPYWH,6138.532110091744
YSQEHLRDQPYH,7648.981651376147
KVFLEYWAWDV,28291.642201834864
QKSWKGPYGWDL,8796.128440366972
LSFNFKDLGFYH,12225.454128440368
LHPVQRPYNVA,5394.701834862385
YFREFASQHDS,4413.775229357798
GWAKWHASG,4503.380733944954
WKPVDSPHSG,1656.788990825688
SEEQDASG,884.6880733944954
YRGWFNSG,7962.798165137615
EPYFYDESGNHD,5701.724770642202
FADPWLRKA,5685.853211009175
NDFESQHDWDVS,5640.866972477064
LGDESQHSG,1533.6697247706422
GHARDPNVAG,1632.3532110091744
KNANPNSG,1076.2706422018348
SQQDVKSG,785.7706422018349
LQLSWNFPKL,16092.743119266055
APVKVVLG,2720.4633027522937
KGHEKVHALS,1026.7064220183486
QLFKPVAHSG,2951.4633027522937
WQHWEVLG,11249.463302752294
WWGDFNLG,15231.362385321101
RHARVFWLGWS,22667.009174311926
FHQEDVQRKVDA,1579.0045871559632
NKDHDNAQRHA,1348.7018348623853
FHLGDYDVQENV,3877.169724770642
QFSWWKDWNK,5148.954128440367
PHNSQEGPWND,2511.697247706422
ARDWFPKAS,4104.0
ENYHRDLQREH,2410.577981651376
VDSGFFHG,6535.59633027523
NAFFFEPKDLG,12397.47247706422
PARSKLQLG,1846.5045871559632
VEFWNWHVSG,11358.40366972477
FYGVFESNKG,4009.848623853211
EWDWNVFYKFHL,30584.495412844037
DVDNAYVAS,2748.5
FRNFRLGKQRHD,3690.729357798165
PKNVVLRVG,6281.366972477064
LNNKNVASG,1338.7431192660551
YEVQSQYKVAG,3082.302752293578
AGAELQSG,1247.7064220183486
PGGYSVLG,5449.738532110092
PQLFWVVASG,37984.894495412846
LYSPLFSG,9646.532110091743
QANHVADSRYV,3488.4908256880735
SWNNQHLG,4117.192660550459
QAPQQPDL,1140.880733944954
FDWEYDPNDV,5389.206422018348
FFLYENLS,9941.573394495414
PFDYRKHG,4023.880733944954
DNSDRPSG,1229.366972477064
DADNQPDLS,1637.7064220183486
YFEDYHEWDG,9461.967889908257
DGRDNDRNHD,1787.7293577981652
NSPNPHVHLS,2945.2522935779816
REDSKHPLEKD,954.7522935779816
EVWFNQPYDG,14330.29357798165
YYDQEQNLG,2881.830275229358
RPNVDVSEHWN,3328.862385321101
KQFNHREKFDS,1665.697247706422
FQADWNVALS,6157.821100917431
PQWGSQVG,2803.0733944954127
DKQYRHVG,1826.2339449541284
QRAKRYWRYNA,4074.954128440367
AKQNVPALSG,1163.7706422018348
LSAARYAG,3684.091743119266
GELSDQPWHA,5083.371559633028
RWEYVQWLQYDV,32629.477064220184
NDSFLYVGQWH,24241.550458715596
GRYAKRHDLSG,2616.770642201835
DAEKYHQPG,1355.3211009174313
HLAGELNHSG,2326.1284403669724
FEFVAFRFWKS,32282.981651376147
SFWLAHAS,11692.330275229358
DSLLWNG,4877.40366972477
AQYAHVLYKHAL,10756.61009174312
HFKAKDVPDG,1328.2935779816514
LSDWGEWKDLSG,3795.0183486238534
HAAWDLFEYV,19248.16513761468
DRDHNDALG,1811.5825688073394
QFYDDSFPKFWL,18414.43119266055
HGEWHYKAFYW,19541.97247706422
YFYERNHAL,6891.4495412844035
WRHFGQWDL,20875.509174311926
HQGAKDLSG,1222.0642201834862
ARYEVQRYHDAG,4827.105504587156
PNGAAEPYHG,2284.0091743119265
FQQSGYKG,2726.2155963302753
YLEPGDEWNK,2442.3256880733943
WYHEAVASG,4278.605504587156
NYGDLKDSG,1720.059633027523
GQNHQDKDSG,880.8440366972477
RRLANDVG,2077.646788990826
LKYQRYALG,6470.711009174312
SQEHQGQKG,1072.7614678899083
RHFRLPKEYWA,8208.275229357798
QSDWQPVG,3026.788990825688
RHSPEYKSPAG,1345.559633027523
WAVRHKHVAG,4007.1100917431195
VHVNNVSG,1942.4954128440368
KANLGADASG,1145.3532110091744
AQAYHYWLS,12871.009174311926
RYYFNDPNKASG,3588.5550458715597
LRHEHLPG,2815.605504587156
NWAFLYHS,19395.935779816515
EDEFRAHAG,2314.678899082569
RLNGKLYVAL,17609.58256880734
PQNVHQYNG,2711.5550458715597
ANARGFSG,2791.302752293578
APHPEDSG,948.5733944954128
VPGLQKSG,990.3302752293578
QQVKFHSG,1859.9816513761468
GHDNKKDVS,706.6376146788991
QSEKWHLNKA,2163.701834862385
LPQAYVSG,3661.0229357798166
PYLYWDREAFA,22912.183486238533
FVKEKALGFRWN,7302.178899082569
FYKRDEPQRHSG,2220.2522935779816
DKASFSQKAG,1020.2889908256881
PHFQPSQLG,3323.8256880733943
NDRYHSQVNDAS,2196.0504587155965
YKRAGKLYHS,2607.0183486238534
FYQHGYNFRPY,12362.412844036697
DSGNRWKAEK,1244.2477064220184
PAPYDPYGDV,4409.775229357798
FAFFHSFYWHA,12252.09633027523
PYNFNAYSPNK,5559.059633027523
NKPGRPWVPYH,10104.894495412844
PAEQEYDSFEW,5612.4495412844035
GYKPRYKG,2101.830275229358
YEGKKASG,1126.3990825688074
NYWKHAKQFK,2361.894495412844
DHSGFNHEAG,1808.0366972477063
VDYLGDVLSG,3573.738532110092
LPVHVWAG,6559.220183486239
SYVWEHVLG,11607.288990825688
ERYNYHQYWVL,21860.9128440367
LYDPSNKG,1845.1376146788991
ARSVSDASG,1146.8256880733945
NDYFAGQRPK,3030.394495412844
PVQPHGDVAGA,1378.908256880734
AQRVKFPYDA,3686.229357798165
KEAVFWLS,14930.839449541285
LKVSERYHS,2490.940366972477
YHAAVRPWKHG,5431.816513761468
RPHALPPNKPH,2034.2155963302753
RLLNWDSG,7179.256880733945
YWRPDFYFRHDV,22318.967889908257
QDPYSRDGEKG,1625.5045871559632
NFNDNLRPYWL,26430.1376146789
LWHAHAFYW,23509.197247706423
SKLENWNSG,2077.1559633027523
DPANNHVAL,1615.2431192660551
YDGWHQNRDVL,7211.688073394495
FHQDRAFENKG,2203.229357798165
PFFWWNG,22891.954128440368
EPYSKLSNVQEP,1429.7339449541284
NQPEENSG,948.5642201834862
KRDLDVAWDASG,2427.5733944954127
YSYNQEWGQRPY,11518.399082568807
VWSYYHALS,10782.862385321101
YDEPYEPESG,1919.7935779816514
QHEQPNQEG,1231.9816513761468
ENFNHRYAGWN,8178.559633027523
SPSSQKVLG,1218.4174311926606
HDYNLRVGRYWG,13086.371559633028
HYWYEKVLSG,8246.385321100917
NPYRKLYWVS,13555.302752293577
QKDWEWGYWNHG,8778.954128440368
QSSLQPVALS,2505.4862385321103
HHFHSPG,3854.5091743119265
RKGYKALVSEDA,1465.4587155963302
AYWWPYHDVG,16611.39908256881
ADPAFHALS,3313.0412844036696
DNKWNYWNVSG,4424.637614678899
ANQAFEPWDA,3968.5091743119265
PDYQNSFEKDLG,2119.894495412844
KDFQHVGFLSG,6282.142201834862
YYLGLQSG,4436.412844036698
FNWGEPSEKHS,1943.6559633027523
SWVYHNKLS,6448.545871559633
WGWKSKGWLS,8625.949541284404
VWGPFNLSG,11873.564220183487
PWSFLGQDHLSG,9876.105504587156
WYWKWAEHVAL,13795.412844036697
FDDWLSFPNKA,5695.766055045871
PKFPALFGFEVL,27327.050458715596
HRNEAQSG,1365.2660550458716
VREFLFEPNDS,9411.311926605504
PRPNELFPWHS,7232.775229357798
GNGPAPALS,1803.4311926605506
LEVHYWG,12299.545871559632
KRFLFRLSG,11513.747706422018
HVFVLSDGFDL,48680.01834862385
AYFAHVLSG,8996.261467889908
RVHQWSKHDLG,4167.811926605505
EVKLGFKFWNHL,11591.600917431193
DFRYGASGRYD,7408.087155963302
YWPKAPLQPHS,3365.8256880733943
SHYQKSG,1693.133027522936
NHLQLYVEHVLS,31209.775229357798
YFQFYQAS,5408.633027522936
PDFGNVNKDV,1656.5183486238532
PGVFRLFNLSG,15938.169724770642
WFLAPNLSG,10600.51376146789
WNNAKREWKDLG,3000.353211009174
FVNYNVAKDVAG,2766.3715596330276
VYFKDDLG,3600.3348623853212
KYYDGPALS,3845.077981651376
YALPKQGREKS,1308.7522935779816
GNNSQDSG,1051.8761467889908
AYNHWSFPYH,17285.628440366974
YLEARYGFHVG,10384.422018348623
RKESAGFRDVA,1487.1009174311926
GWWDRNSG,6063.302752293578
EWGQALNDAFNV,5681.972477064221
RFKDFWQNALS,5828.48623853211
PWGRFWEPND,12388.642201834862
FNNHKHEDAS,1151.3532110091744
KYSDKVALSG,1416.5550458715597
PSYLVGFRPK,9572.935779816513
RGYNPSQRHAL,4867.885321100917
RGFYHSWGFWVS,23693.032110091743
RVARSQPPYNKL,3558.922018348624
PGQEENHGRDL,1667.8302752293578
RDYNRYSFNSG,5354.802752293578
NPFKDWNHDAS,2165.321100917431
FWEDLGFGEG,7287.353211009175
QLNSYAQNLG,2676.8853211009173
HPLDSVAG,1474.7752293577983
VGGRPDEWKAS,1684.2798165137615
AKSEFKLG,1000.2706422018349
RNWYNDRYNVL,12093.38990825688
HKALVEHLSG,1995.1697247706422
SWNFNQFPYNKL,11354.238532110092
DWGEPAWKVS,4011.701834862385
DADGVALNHDG,1659.7155963302753
FRKFQEYPVLG,6597.435779816514
PDQKEHGFHDG,1438.0229357798164
RYLPHEALSHAS,2646.169724770642
WGAWFWVG,27515.977064220184
DEDDYHDVAG,2011.3899082568807
WARHQFYDFWNA,20186.422018348625
LKHRVAVASG,2081.4311926605506
EKDGGHVFPLG,2458.8669724770643
RAPNGSQEG,1040.619266055046
HDAWYNSRWND,9747.128440366972
VQDYQPWNKDV,2155.8394495412845
VAFRNFEDVANL,5926.233944954129
GKDKKLSG,564.1100917431193
RHDVSHGVSNHS,1516.98623853211
WNRQRYQLG,7198.284403669725
DRFYYNLS,9819.12385321101
GRFNQRLS,4158.674311926606
WRANKQKHLS,1974.4587155963302
RLSLRPHSQPWS,8722.963302752294
SDVHDRWG,3111.954128440367
SGHYLPVA,4006.178899082569
LGEYPVFHLG,14062.922018348623
VEHYNLYWNKG,4893.573394495413
WVQKGRNWVAS,5203.188073394495
YQWLQGKSG,2855.298165137615
PYYKRYGNKHAG,3214.5137614678897
RRGERPHSG,1674.7568807339449
YLQVNGQNDALS,2231.6009174311926
NLLAPLG,3881.6100917431195
SLSQLSNG,1544.0642201834862
GKSHDHLG,1352.5779816513761
SDSDSHG,1078.5366972477063
EDEVVQEYWHD,3190.729357798165
DHLAYWAG,6911.504587155963
KEHHGFALS,4194.215596330275
KLAPQRHDL,2333.3853211009173
FEALAKVAQVA,1977.2064220183486
AEDKLFHSG,1638.6422018348624
SWHHEHAG,2608.4954128440368
RKWVRWYSG,8984.642201834862
HFEARFRHS,6049.022935779816
DSAWSPVSG,2500.564220183486
PLLHRHAG,3769.298165137615
QYNQVFPYQYWH,19262.288990825688
KADPSFAG,1089.4036697247707
VQDQDQHLSG,1444.8761467889908
QFGRRNKHNG,1840.2064220183486
YHYKQYHQEY,4594.90366972477
EQKQFSNDVSG,985.3440366972477
NEKRNRHLS,1591.0366972477063
DSYVDSFPKDSG,1989.926605504587
NYEPSQG,1531.8623853211009
WGHEHDAYKHA,3006.591743119266
YPGPPNG,1862.0045871559632
FHDQARSGQHG,2067.229357798165
SWDNREVLS,3611.0825688073396
NLSERWKDYLS,5174.729357798165
KENQPNFWN,4472.105504587156
NWQFSQSG,4878.701834862385
YNLDYWAFKAL,13109.256880733945
DSSVAKSG,884.7752293577981
YPWKWRKHDG,4540.90366972477
QLGHQVAYWKS,6856.357798165138
PADHPNVALG,2169.302752293578
YHNFWWHVA,15230.752293577982
RWPEDLFWHG,11611.95871559633
NAHADYWNHVG,4394.967889908256
VNYQDAG,1743.1834862385322
DKVSKEYALG,1181.4770642201836
RGGHSWSG,3261.032110091743
AREHRLGQNKHD,1527.605504587156
AFNYEKAG,1909.9908256880733
SNHEREDVAS,1021.5642201834862
GQSGPHDFVL,5436.660550458716
YGSGHGEHDSG,1724.940366972477
QGLRADLG,2293.894495412844
YGPRSRYNDG,3578.105504587156
LRNHYNFEDS,4840.95871559633
WAFYVDPYDL,37420.11467889908
FRDWSFSYWDLS,23773.15137614679
FFNADGWHLG,11709.839449541285
FQVLDWKHDLS,7503.036697247707
KFSSNHASG,1885.211009174312
YLEDQPLWNVL,15727.646788990825
HFRSEPSYHG,5443.215596330275
KVRQPKNVAG,1009.8623853211009
WVPRKVFRWDVS,14075.885321100917
AYHPHPNHDS,2397.3073394495414
NAKPALWKHAL,4069.3853211009173
KKDGPGKHAS,977.5779816513761
YEVYDYDSG,6527.587155963302
HNEWSNAG,2710.3990825688074
NGRHDWSFRWD,15096.426605504586
LGRRRPKHVAS,2142.0229357798166
DSLGSPLSG,2101.577981651376
FFWGWAFAL,18209.146788990827
KFHEDLEWNKA,2117.9816513761466
WQANENDSG,2064.4036697247707
DWKVNFYWNS,13937.19266055046
YVFQGFEYNKH,8025.802752293578
LEDPNLDALS,2815.394495412844
GEQRLHLSG,3861.4266055045873
WRRWVRWHVAG,13006.160550458715
ALKDGFLHVS,5972.270642201835
SPVRAKDLG,1352.4036697247707
GLFVLNG,21571.059633027522
AGNAAFNG,2032.133027522936
YDDRWQFEPHVS,8495.683486238531
VFAVAYVS,35602.31651376147
YHRRDLQWNSG,5112.298165137615
GQQFALRPYK,6910.963302752293
YQGHHVG,2949.2201834862385
EKGLHAGNV,1177.697247706422
WNHYVLPHDRKH,5963.793577981652
RVPVVAFRNDA,4187.51376146789
FQHFHSKHVA,4362.504587155963
KVLSHVLVSQVA,10779.880733944954
RGHEHEYWKHAS,2862.288990825688
PFWGEPWSYL,32795.27064220184
WQFFQFEYWAS,45554.33486238532
QVEHNDVEPY,3067.564220183486
NAYFQEALG,5304.243119266055
RQFHNHVDG,3918.97247706422
DGWPFPVG,11740.073394495414
DPLGEHFHDG,2346.1284403669724
HGAAYVSG,3807.0688073394494
KSYWHFSEPKL,5129.224770642202
HPHDDSWNHDA,2611.922018348624
GNKAGRGQND,1227.380733944954
EYYNSQHAEPDA,2067.5504587155965
NPALYFNHDSG,6008.761467889908
WQDNRKLSG,2983.3899082568805
PHEVHDNHLSG,2461.2201834862385
HSKARKKDAG,597.2110091743119
ELNPHHALSG,2558.862385321101
HYEPLKLG,3222.894495412844
KFEQLRNDS,2027.7293577981652
HNSHVNDS,1403.5
VSRSDREPDS,1038.4128440366972
PLLGPSKVG,2968.793577981651
EVNQSRHSG,1417.802752293578
FVQLAQWHDAG,7856.463302752293
EAYWGDQRWNV,8909.47247706422
VLPLQRHYDAS,4994.866972477064
VPVHSNALSG,1575.302752293578
QWELNKFNDG,5211.871559633028
PEWVENVVAL,12284.532110091743
ARNKYQEWS,2833.146788990826
HRNNGPWNKV,3082.559633027523
YKAHSFPSYHV,7115.114678899083
DNAPYEDG,1889.573394495413
FWPHAPYQFDV,19218.977064220184
KWRVVSG,3595.1422018348626
DFVDNDAG,2403.9036697247707
LWDRLNDL,8493.146788990825
LYQKPVASG,2369.5825688073396
DFWQEAQFPWAS,13721.69266055046
GPWAENVRDG,2758.1605504587155
NNDVWKFWDA,8479.935779816513
GYHNQKLG,2531.908256880734
HSRSEYLVAL,13998.711009174312
QHVLDSEKVLDG,1956.2477064220184
YPYSYDLFDAS,13914.87614678899
WVVREHVWKSG,9267.97247706422
FFRFFKALSG,7953.711009174312
KGKDSFHQRYDV,2181.6284403669724
EHHWYNASG,4188.834862385321
FNLHFHFENKS,8038.408256880734
PVALWEHLSPYD,21252.06880733945
QHAPDQHPYWDG,5819.98623853211
WLEAYSRLSG,11514.954128440368
HWNYYWDVL,21739.353211009173
PFVFWLNKHDVG,23474.4128440367
FPVKQFRASQFG,9859.298165137614
EGVQSRVLS,1666.348623853211
RAVFQEKS,1813.7522935779816
NRQPEHDVLG,1959.8394495412845
FGDHFDSG,3941.1100917431195
YPSHGELG,1920.7339449541284
KPDEPKQDVLG,764.8394495412844
DFLQAFASG,6991.5504587155965
VPWPNSFYW,28012.577981651375
AVYNGVSG,2389.8348623853212
KYVGGFDVAL,6693.564220183486
DHVWYVG,14198.160550458715
LPGFHWKHD,6028.568807339449
NPQVKLSG,1207.2247706422017
LSHSRGFVAL,13632.463302752294
ANDSVYNKHVS,1660.954128440367
ADNSPALSG,1287.4311926605506
ALSNLREGRHVA,3317.5825688073396
FLLWSGLG,12887.660550458715
FLKVLQHNASG,3576.3073394495414
HGKSSQKG,849.4816513761468
FAEEDFYWKASG,4966.600917431193
KVKVLYLPWH,19071.5
HVDKSRHVS,1758.4357798165138
PVALQKLEVLFR,30878.51376146789
ESGKWSQPYWDA,6438.353211009175
PQWARWNDNHS,5433.431192660551
AEKRFDVLSG,2076.6330275229357
QFEEGEPGPWG,3621.9633027522937
DHSYRNG,2175.6559633027523
YDRFPYADVAS,6326.151376146789
VQHHWHVSG,4230.871559633028
LPNWPNDSG,3023.266055045872
HWVYYWHDVLG,23861.19266055046
YAPFYKSYS,9129.091743119267
HGWLLGRNKHDA,4609.40366972477
SVFYWFPG,23138.922018348625
KDKYHAPKHAG,1275.7752293577983
HFHQWSEPYNV,9966.857798165138
KNLHPKG,1310.48623853211
GYVGWLYWLG,21933.183486238533
LRYDNKQHASG,2477.532110091743
KWVYAYLSG,15710.119266055046
FNPFDLFRNDL,13603.655963302752
PVVASQVGRN,2375.1330275229357
WKNFAGPHDALS,4593.431192660551
DDVVWNHDLS,3268.1743119266057
RPSQSYALYNAG,6257.573394495413
VNPYEVSG,3027.0963302752293
LRKFFKLSG,5162.720183486239
SRHESNKDVA,1346.6788990825687
YQNWSQYWNAL,15469.79357798165
FFHAWHYDSG,8565.752293577982
EVRNVGLQNDL,2329.1146788990827
NAFNGNKRPVA,2538.940366972477
PAVEKGNKVAG,879.5412844036697
YFWPEWNHVG,11958.880733944954
FYGEPAEGQFP,3742.2752293577983
WSLRFNSG,11327.52752293578
GSFNDNSG,1901.51376146789
LGDHHDSG,1676.605504587156
HWLQEGDVALG,4257.302752293578
PDRRPGFDALG,4205.174311926606
LHLPWQPAG,6610.0
NFPAWYWDSG,16187.022935779816
EVNAHDEWNG,2142.4174311926604
AGDVRDQYWNL,6373.793577981652
VYHDWGFPWKL,18274.697247706423
RLWELGYLG,17092.61467889908
FHYYNHRKG,3661.270642201835
DYNVGWARPALG,7367.174311926606
FLRDELSFVS,12932.091743119267
AWHKSFHG,4654.926605504587
HDSLQEPDKS,905.1788990825688
HKFYKYSG,3423.7477064220184
NLLWNSHG,6618.045871559633
LLGYNFNHAS,6400.752293577982
LARHVNLS,4532.077981651376
YQFQVAGVALG,9067.022935779816
ASFLYHLGKHDG,5467.706422018348
HDPGLGYWNH,6047.1100917431195
HPWFNLPVASG,9055.449541284404
PWHELSQYEWA,17264.311926605504
LGKYDVKHDVL,2831.412844036697
QSAHDSYNHVAG,2336.238532110092
WSFQGEYVLG,16845.19266055046
RFLKFRDG,5782.114678899083
KHAEEPYLPND,2084.2522935779816
QKHLNFYLPWV,21925.02752293578
WDWEEPNKD,3736.2522935779816
LGHNWKSG,3027.8119266055046
NKSVPHDKDVS,906.1880733944954
HQDEWGFEVL,7688.321100917431
SDARYPKDVG,1560.788990825688
ARRKRPG,1006.2110091743119
WQHGFNQWG,13235.908256880733
YYFFENLG,9070.775229357798
KGDEKAEKHS,562.0321100917431
FHRENSNVGYH,6081.51376146789
QEDPEDLRYV,1670.4724770642201
NFFSNDG,4682.068807339449
AALGYRDVL,6715.59633027523
GNFKDYSG,2408.646788990826
LNQYGWSG,6866.481651376147
REWYHDWLEWHS,17826.275229357798
DQHVHYKDALG,2293.8394495412845
HRVAWSNVG,6068.931192660551
HGSVLWLSG,12553.050458715596
FYEQHDQPNHD,3530.6926605504586
LYPAPVLSG,5208.981651376147
YGERPDSGRNAG,2314.178899082569
KRHGNAKS,751.7522935779816
HLHNEKVASG,1269.3577981651376
FLLQNVRPNK,3838.238532110092
VSRSGGWNKHVG,2652.766055045872
NWEFNALSG,6263.068807339449
QASKLEWLGYWL,14935.678899082568
DEEKLSLSG,920.4495412844037
GKNKAWNKDVG,1192.894495412844
FYQEFWKHSENK,2567.9862385321103
YWSSQYWARND,8356.522935779816
KSLRLFESG,3019.440366972477
GHGAWKHVL,4807.4908256880735
HSFLAQFEYKD,15100.79357798165
VRSDVQALG,1906.5550458715597
EFHSVVALG,8205.93119266055
AAFWRYSG,9860.564220183487
PDGANDEWHAG,2387.02752293578
EGSDGESG,843.3394495412844
KFFERPLSG,2761.9587155963304
VGAQPFEPSG,2163.178899082569
KWDYFPALSG,6157.633027522936
PNQQENHPV,1362.802752293578
SRFHGFYG,10515.628440366972
ASQLKLRDS,1736.9633027522937
PQDRDRDSG,1216.197247706422
NVGNKVVLSNVL,5163.252293577982
SHWKFYWDAS,8296.839449541285
REFEQREHQYWK,3760.7155963302753
GRLDQHAG,1835.6788990825687
VGALVFWDVG,29517.67889908257
NLGQPWAKSFEW,8249.224770642202
LFPKHWDRWDLS,9078.788990825688
AFDWKYDVLG,5635.4908256880735
LLYNLNSG,4225.128440366972
YSDFGEALS,3020.321100917431
AKDFDEKSG,657.6100917431193
WNWFEYRNLG,16458.43119266055
QPKSQYKDGPNG,1382.165137614679
HFDDQYAS,3600.8348623853212
LPRLVALG,5974.784403669725
ELYWFYWNFAS,25423.32110091743
ARKEREDVALS,937.3073394495412
EGNSFWAEHDLG,3051.6559633027523
QQEYVGGPWKS,3133.6605504587155
RSVDDVLG,1367.7844036697247
KSLKHYAS,1661.4174311926606
DGRAHFEPYNKV,2945.7155963302753
PFNFEKSNDVG,2088.4036697247707
QWFREWPNLGNG,9372.288990825688
RHDRRDASGYKH,2296.1284403669724
NAGDGQASEKV,679.3669724770642
NSRVWNEKS,1635.1422018348624
WYGVYVALG,21774.711009174312
LRLQVNDG,3301.7798165137615
SGDSDLFNVASG,1970.0183486238532
WFGFDHASG,8323.62385321101
YPVRFYVAL,41481.53211009174
EWNHRPRWDAYD,12057.229357798165
YKEKSNSFNAL,2403.2844036697247
SKHVNAEYWK,2482.5688073394494
HHEDVNG,1197.5045871559632
PYSGFYNLYNKD,8151.54128440367
HAANRNLSG,2018.091743119266
HVKWYHSG,4982.1100917431195
VPEKHDNG,836.0183486238532
KNFHWDALG,4084.2477064220184
EAPVPGEAG,858.7339449541284
EFNVFDFLG,14473.509174311926
GWFEFKG,8600.724770642202
WGLDQHDG,4658.082568807339
WQEWSELKVG,6115.155963302752
EVWYNSPNDVG,4810.8302752293575
ESWFESPLS,5929.211009174312
SRWQRRNSG,3393.0688073394494
REWGGNVAQRP,3365.201834862385
EWYVGPQPYNKS,7639.866972477064
KYGEAPHG,1505.032110091743
NAQSEDRVAS,846.8532110091743
FSLYKREWNLSG,5356.825688073394
FAASSQHA,1902.5825688073394
WSKQYSGPKDS,1823.0275229357799
HRNQKFEYDLG,3366.059633027523
NPWSYGYNDLSG,9183.362385321101
DFSSVLSG,3370.229357798165
DWQFFWAG,21847.509174311926
NNNLPALSG,2214.229357798165
WSFWAWKEDV,8685.29357798165
KKGFKDDSG,848.3211009174312
GELPFPLS,9000.155963302752
LYHEGRES,2102.8440366972477
GRVRWNVAWNA,9906.87614678899
ARPLKQEKG,770.8807339449542
SSQNLHLSG,2143.4862385321103
QKAANSQYWNA,2494.137614678899
LPLKLQFEPA,5155.408256880734
REGKNDQRYH,1848.7339449541284
AVGQLKG,1258.880733944954
NDSKSEHDEYK,841.7935779816514
KEDDSQVS,738.0688073394496
HRNNQNLSG,1863.5504587155963
RVKLRNWNSG,3248.8119266055046
VLLPGYAG,6628.477064220184
HEAVHSG,1984.3761467889908
LEPWRDFWG,17781.22018348624
EVALRPGKHDED,1207.6788990825687
NDLVWKHVNDVL,5464.0
PYQQPSPSG,1812.1926605504586
FDYKGDVLRNVL,4860.151376146789
VLDVKLDLG,5471.302752293578
AFWWDALHDLG,17387.674311926607
NGDDFVSG,2152.435779816514
NFWYQKVAL,13147.197247706423
HDWVFYFPL,34413.477064220184
DSVYPYSG,4290.678899082569
VAFDVEFRPNS,9573.600917431193
VENVAEGQKA,896.6605504587156
GLEDFLG,3679.9816513761466
VQWFVAWHDVL,35651.62385321101
ERKRVEYDVS,1943.940366972477
VVGDFLSG,3692.798165137615
KGESVALEPW,4048.266055045872
HGWPNVRALG,7776.376146788991
SRQADVSG,1499.3990825688074
AYFGRDAS,3428.683486238532
AVAFPGWSG,7516.256880733945
LNEVFDLSG,4391.967889908256
KKGRDPHDSG,851.5917431192661
EFVWHKHAG,4196.637614678899
HAFKDADLWL,9203.848623853211
KKAFDQNKDVS,896.5550458715596
AWDHDNHVLS,4504.821100917431
VRVRESNS,1773.9449541284403
KPAPWKPWDLSG,3140.4449541284403
EHNPVARYWKDA,3291.4174311926604
YQHDSGRQFWDA,8998.344036697248
KPHRAQEPHDV,1263.1284403669724
VRNHSGPQWVLG,7288.591743119266
RPKENEYKVWNK,1521.3302752293578
HGGWWNLS,11040.926605504586
KHGGPYNQRYWL,12449.935779816513
NQGVVASG,1740.802752293578
QLKKFESG,1335.5366972477063
VFPKAEHVLQYN,3117.0229357798166
HKLSGKWAS,2350.646788990826
PGDYSKDLG,1766.9128440366972
PSYWQAQFLS,20730.876146788993
KDRVRPWPVL,9973.288990825688
HSNKSDASPWKA,1595.6743119266055
NPDLEFVALSG,6459.463302752293
DGKENQRSG,1082.9908256880733
AQDGPWDHLG,5147.293577981652
FHKNSYWAG,5103.408256880734
PWEGGEWKHA,4389.4495412844035
VRQWQDG,3688.894495412844
DFAEGPNKHA,1515.2522935779816
PFLDNLG,7203.215596330275
FNDKQHVAEYV,3519.6880733944954
NEFHKVG,2746.4954128440368
FKHVHAFELQYD,16538.963302752294
FDFRPGLGQWK,5332.082568807339
KWPVAYNKVA,3831.3119266055046
FENKGAEWQHA,2358.376146788991
GFVGGKLSG,3040.256880733945
AAQNLLG,1858.8853211009175
RDLEVGQLFHVA,9652.564220183487
PKLDNANVAG,1408.6880733944954
HPYENFEPHAL,4721.688073394495
VRRKEPVS,867.9724770642201
HRREKEKALG,948.6100917431193
NQNVPWEWVG,8779.11009174312
KDFVSEYSEAS,2168.9954128440368
GNKGRDRPG,1205.665137614679
GEFHELSG,3289.2155963302753
LEKEVPYHDLSG,2407.2247706422017
FEVVVSGWND,25119.871559633026
KVVYDANKHD,1840.1284403669724
HWSWGDSG,5947.348623853211
HLVQEKDDLS,1273.5
AWWAPAG,8183.036697247707
AYVYHYHSG,9443.967889908257
NGPSSFKDV,1826.834862385321
PAYRDARPYHL,10467.211009174312
SAGWKKG,1716.8165137614678
LEWVVAYDSG,29214.995412844037
SGPWGRAWHVG,9858.995412844037
KEDGWLEWVA,8254.20642201835
QWYPSRPWNS,13447.711009174312
DHFNSVLG,3582.4266055045873
WGWRQREYKVL,11835.188073394496
HGASHQRDSG,1430.967889908257
SPAAYSG,1767.426605504587
FGPKNVLSRSG,2926.0229357798166
QYWLPQNLRYLS,18498.1376146789
SEHEVGEYSG,1951.7339449541284
PVVHVSYWDVA,20299.628440366974
HPQPFRLSG,4765.880733944954
QRLEWSSGQPVG,5109.926605504587
HWGGWASG,7746.408256880734
NAPQGQEPNKAS,788.3853211009174
PHQFFWNKEDA,3631.935779816514
RVNQRFRASG,3040.9954128440368
PQWQKGREKHVG,1880.848623853211
QVDLVSYNHS,4456.146788990825
YHGAVQFPKAL,6443.94495412844
EQSLQYKHALG,2082.706422018349
RRVLEFREVAG,5317.825688073394
LEPAENQPKSG,933.1788990825688
GEGPAFLSG,5146.678899082569
FHKQLQNKHL,2483.876146788991
GVFWPALG,18537.119266055044
PAFKAQNGYNA,3165.9495412844035
KELAYKALS,2179.4770642201834
KWWNHSGFPNHD,6580.637614678899
KEFQRNG,1784.9128440366972
RHVQKANVALWG,5972.233944954129
WAFVLVAQFHL,47909.591743119265
ELDYWHVSDLG,6797.229357798165
SGFGQRLKVALS,8333.834862385322
KSPFKDSFYKHS,1948.0779816513761
VYVRDRYHVAG,6503.504587155963
GQVYLEAG,7959.036697247707
WSERPLPHDV,6824.357798165138
QHYSVQWNKHG,3539.8853211009173
SQKREYNNDLS,1518.940366972477
EVSLAGRNKHAG,1378.5779816513761
PNNREAENSG,949.7844036697247
QQDASKAWDS,1233.5183486238532
YLQWQENHQFAS,6710.266055045871
FEPPPKHPYAG,2598.0733944954127
RKYKPYLEAG,2086.9036697247707
WADSALFDAL,13241.100917431193
KWNQPENHDL,2276.4770642201834
QGSEYYHAS,2929.954128440367
NFFPYEKSG,4443.545871559633
EPNYPWVSGYH,12081.357798165138
DPPGDSG,1031.4311926605506
WGQSAWNKVAS,3350.862385321101
PGENAPGRPK,1323.619266055046
EGRWSFDGFP,15197.87614678899
AYRRWKDVLS,4346.174311926606
VKFRAQRSG,1886.1743119266055
VPRSWHG,3363.2752293577983
VAPQDVSNSG,900.7660550458716
GEHNEYLS,2883.1880733944954
RPPWFLGKDVG,7322.6697247706425
PPREWRSG,2851.6330275229357
DQNYKRHDVL,2147.8577981651374
KAHLDSRYKVG,2207.7247706422017
LYLHRHSG,4469.9495412844035
QKKWGPASG,1798.7339449541284
WHNWPVSG,9177.545871559632
QLGSAQWHALS,4869.188073394495
LQAHVEHAS,1705.2568807339449
YRWGQQFRYND,11605.614678899083
EWHHVLFHGRH,10265.848623853211
PNWVGFDFYVAL,52549.5871559633
KYYSESG,2296.8715596330276
WKLKVAGAEHDG,2128.8394495412845
YYFYYVLG,4728.770642201835
HEYLWNENKHL,5535.288990825688
VYQSEDASG,1407.9128440366972
NKYHLKFPWNS,6108.816513761468
QVPLHVANDL,2397.348623853211
KQWLNQFEYS,10134.683486238531
VWRQHASG,3759.9908256880735
QKPSRALQNK,881.7064220183486
PYPDYNRWG,9818.912844036697
QEYSPVELSYHS,3507.0
LSNNVSYWNV,7520.252293577982
LLGKVVG,3095.8256880733943
DKDFHQREYALG,2545.646788990826
HFDQEDREYV,3111.4862385321103
KWLPNDDG,2302.7247706422017
NFKVQVPNKDL,1905.894495412844
NYHVSLPLS,8316.715596330276
NWHHDRHDV,4255.697247706422
HNDYRDVAG,2290.1146788990827
YNRHKSQWKD,2190.091743119266
PSNYWYHDASG,7308.761467889908
YGEENSFPDA,2834.376146788991
FVYVQAYALS,27195.839449541283
NYAFKEVAL,8066.995412844037
VRPQVRYDLS,4715.380733944954
VALNHGYREKV,3780.701834862385
EAVNYKG,1232.2201834862385
GQEQQDVALG,1112.1146788990825
YADELQVAL,4669.105504587156
FENFDRNVGQFV,10704.784403669724
PYGGWHSQWHA,12175.165137614678
FFSAVALS,11234.669724770642
FLRKSHAEPNA,2231.229357798165
NEHKLKHASG,1289.967889908257
HFVHFNSG,6978.853211009175
QNRYHEPGPYKV,5599.01376146789
KVDVPNQFEDVG,1646.954128440367
FPSGKVDPWAL,6082.495412844037
FAGKHFKDLYA,4287.816513761468
WNFGDAGYNHD,7729.311926605505
YYHALNLPKH,4918.380733944954
EFPPHLQRVA,2864.3990825688074
RQKPKAVG,758.5091743119266
RGDWGQVL,5204.165137614679
NPNLSPDGRWKA,2997.105504587156
ERSWWALG,8345.830275229358
HNHKPKG,1009.5963302752293
RAFVRAYWDVS,16014.40366972477
EHVHSFPYDYWK,10312.61009174312
FHSHWNDLSQYH,9554.348623853211
YSERQVALS,4339.004587155963
NAWNKAWVLGNK,4806.399082568807
EGLANLG,1419.2614678899083
WNFVAWNPNKDS,5271.422018348624
NAHRFRWHDLS,8435.311926605504
FDGEHPVLRPWG,13273.215596330276
EYRSLEPNHL,3645.0045871559632
YGNYWLFEWLS,21756.128440366974
KFASRVLPWAS,9741.743119266055
DRNKSFPENKVA,1172.7385321100917
LWGDQVSG,3592.9587155963304
AEHRLRKG,1559.032110091743
LGAKWVALS,6542.05504587156
ANFNDWG,5159.5091743119265
FWNHQFRFYASP,20662.25229357798
SQHFDAGPYHG,5255.004587155963
FWNYVPKDGFPY,11910.733944954129
PVVFHDPYKV,9485.70642201835
EWSQVRHKAL,3391.6009174311926
QFFHFARPWLG,17422.403669724772
NFLVGEKDA,1902.059633027523
APPYHYLG,5322.321100917431
NEWLEGPNLG,6005.972477064221
EPGSFKQVAS,1212.0688073394494
PAKNHPWNVA,2150.651376146789
EHRSKFPYHG,2592.4036697247707
VAADDSG,776.743119266055
WSRQWDAKG,3326.7201834862385
WQHVLPKENVS,2070.0733944954127
YHYLQWLWASG,10445.866972477064
KEAQQNDSG,706.2981651376147
NNRHPDLSG,1688.926605504587
QEDSDVSRSED,733.0229357798165
NEPAPSYHVLG,2597.0504587155965
HVGFYGHSPYH,12559.802752293577
GPFERPG,1580.5504587155963
ESPEPHQVLS,1180.1238532110092
WRNFSFPWKDAG,8815.01376146789
QNFQVQFEYS,36055.577981651375
WYRNAELSG,3971.9311926605506
QWWVKAQDAS,2795.532110091743
VASYLGRYARND,5478.064220183486
GDSYLKSG,1584.7385321100917
HLALQPNARNA,2581.0412844036696
NWAPKPHVL,4886.564220183486
EFGLRWALG,10918.761467889908
ALQQWSGKAL,2998.8119266055046
GQSARNLSG,1577.3899082568807
QGFYAQPEWNHV,7406.160550458716
NDKSSFWHALS,3586.7477064220184
QAKDAHSRHDV,1036.0871559633028
SQQDPKDVL,862.6697247706422
RPFYNHQLSEVS,3726.123853211009
ANLPAHLSG,1870.9220183486239
NEFEHEVG,2025.8165137614678
LDAKWLG,3252.4816513761466
GNHAWQPKS,2458.0825688073396
QHFQDRPYWG,10890.738532110092
GFQYAPALSG,6243.477064220184
HAHSNQFYAG,6013.3302752293575
DAQKKHGQRKAL,844.2064220183486
RQKYWVLFPNDS,8701.821100917432
FLDELSPWN,7133.412844036698
QWHPFNVDVG,6739.09633027523
GFVDGNHDV,3347.935779816514
SHLNVKASG,1461.7293577981652
SDARWRPYKD,4555.243119266055
NEKGAQDG,891.1926605504588
RKPKQYKYNK,777.756880733945
YNAEYFRVENK,6487.573394495413
PQHASSGPYNH,2862.0688073394494
HSYAVFPYKDV,10134.408256880733
EEFYNFWKHVS,6969.655963302752
WLLKVQALS,18165.229357798165
FQDYPWVLSG,13728.422018348623
YDFLHVRYWL,16948.669724770643
QFPASWYAQWD,22813.967889908257
AQGSGEG,904.0366972477065
FLKRNNKHVAL,3697.3577981651374
GKPGHALSG,1546.51376146789
SYHHWHVLSG,7480.871559633028
QWQDSDGQEWNA,3439.880733944954
QFFNYWAQNKH,4445.362385321101
AEHDRQFWNKD,3276.706422018349
PPQSEWALG,2155.348623853211
LRPVAWAKHDL,4778.518348623853
GYKLFAYHG,10820.036697247706
NDDGKHQWHS,2569.5045871559632
PVDWKDQWVA,4704.238532110092
RWGQEDVLYVFW,48653.11009174312
ELNEEYVAS,2048.1880733944954
VVLHESG,2200.1009174311926
QASYNQPDYWV,9512.51376146789
KHWEVQRPWHG,7577.899082568807
NSPEEYSG,1196.940366972477
ALHPEVAS,1628.7339449541284
NGSRHLNG,2863.7477064220184
FHKRKHQRWDV,3541.105504587156
YAREYQHDRPNL,6210.807339449541
EHAHLGHQFRN,3649.4770642201834
YSKAQYWVKHD,4712.454128440367
KALNYDGVLSG,3193.559633027523
WNAGLEKLQHDA,2316.830275229358
ERRALEG,1333.0688073394494
GHPGHLSG,2459.302752293578
FEAEQEAKHAS,982.8256880733945
EYEASPVPKVL,2668.766055045872
YKEDWNVSWA,8396.114678899083
WWFGNHVLS,15015.62385321101
PAADKVSG,951.5779816513761
LSYKVYVDG,16081.142201834862
PNDRGRHENA,1643.3623853211009
RQEKLSPRENK,802.5275229357799
WPKFEREYNVL,8942.284403669724
FDDSSYLG,4270.1100917431195
SPAEKLYLG,2001.0825688073394
SYENPDAL,2685.6009174311926
NAWGRLRVG,9088.188073394496
KNQHAHVSG,1533.5045871559632
WEYALWSYWNS,13636.559633027522
VRERPQREYDL,4530.784403669725
NDLNFKLFEPL,12948.550458715596
DKFRPYYKASG,3244.5183486238534
RHPSFQHVALG,4541.926605504587
YQARGFVG,6528.665137614679
KQDSVRWDVG,2279.3440366972477
AERHKVLSG,1502.165137614679
VQNLFASYVSG,13487.357798165138
WDQRYHYVSQH,10542.779816513761
VAHQPGKAL,1963.5
WFEEPHALWHL,26566.536697247706
DWKLEFRPKLS,4783.614678899083
WRFHRYSG,8853.614678899083
YRPAHVFRKHL,6402.701834862385
SKQHAHSG,1202.7660550458716
KSSLRDG,1130.7385321100917
FYGKFPWWNKDG,6726.3302752293575
EHAHNKVQYWL,7685.366972477064
DQELHDSFRWS,7990.183486238532
LPGAWALSG,4327.573394495413
WSWHHANKVL,7240.6697247706425
HQHVSPQYKDS,1529.545871559633
LQQDFPLG,3628.3990825688074
VLQSHWNDAG,3237.559633027523
FAEQAQRYKL,5266.123853211009
FWEYQFRPAWN,14340.871559633028
WSDPGQFSG,5594.357798165138
GYQWYVG,15391.380733944954
GFFVFPG,35107.435779816515
DAKLLSFEWNA,6986.220183486239
NNQQHSG,1467.105504587156
RQHSNKGYWNVA,3476.211009174312
QLDGGYVG,4741.288990825688
DWQYQDG,4712.504587155963
VKDRQKSG,771.3119266055046
LYFLRLG,16560.784403669724
NVSFPQYDQKLG,3865.5504587155965
FEHLHVQPAHV,4717.091743119266
DPWEFEPWHAG,6113.151376146789
SEWALYVEWDAG,31455.018348623853
EQPFPVNVLS,3503.229357798165
KNAWHHSG,3014.0550458715597
SHNVDASG,1255.394495412844
YKQQVSQRDA,1798.1284403669724
RPQVQYVPYWG,20166.532110091743
WPDKEVALSG,2471.3440366972477
LHRNVPG,2880.0229357798166
RVWYEWVSG,18753.256880733945
KGYSFNGYHD,5781.247706422018
LNFEWKNG,3342.5412844036696
FHVVDALAS,6328.674311926606
LWPFNALSG,12160.798165137614
DWEEKALSG,1856.848623853211
ESDLWAFYG,10625.62385321101
NFARESQEA,1372.334862385321
FAHNNHDVAG,2448.651376146789
VKYGNHVLG,2908.0091743119265
QAFKRENYNK,1612.788990825688
WPPQFDVAS,6050.183486238532
EVKGYVLYVL,35437.52752293578
QPSGSQYKFPS,3104.412844036697
DSHAVGPKLG,1672.6880733944954
KNQEFAG,1131.3394495412845
KVKSEWRVLS,2353.0
FWKHPDRWPKV,5141.068807339449
PFQKLRNSG,2825.105504587156
NQHVEAEPALSG,1209.0091743119267
PYGGEWADS,3974.8440366972477
YPSNESG,1309.6238532110092
WGDLFYNPHV,18804.064220183485
VWLNQRALS,8989.233944954129
KKLEVDVG,986.6880733944954
DGHQKNDAL,1203.2247706422017
PAFALWVQPA,24921.32110091743
PGHDELPWAS,3416.238532110092
YGANQDVLG,2455.288990825688
KHYFNKSFNLS,4712.48623853211
KPWSEARKAS,1266.8990825688074
PFHQHYWKH,7643.614678899083
LWVQNEVSG,3714.243119266055
QWRLVFEPHA,21876.077981651375
QALRFVARYN,22237.050458715596
PLALYDVGVASG,10043.816513761469
SFFNYDLS,9375.747706422018
KGRGPDFVL,4880.651376146789
HFDRVYNDG,5489.825688073394
PWWGRWNEWA,21428.288990825688
KQPEYKDYNDV,1413.9174311926606
QWKAGYFSGWHS,12605.922018348623
FYPDWDALQRYV,19635.20642201835
RREQEYPDLS,2808.8440366972477
PNKKLGNVSGQV,1402.4036697247707
WPGRPFNG,8335.747706422018
EPKDESGVGEW,1780.5963302752293
PWWYWFEKHDS,16341.146788990825
LGRFVWKVS,12392.316513761469
QYENEYDGQKVA,2082.7798165137615
QYQELRYAGKA,5632.197247706422
FKPEFYVALG,18663.32110091743
RGFRNFEYEPG,8439.977064220184
PHDGKRNGPSG,1458.1422018348624
NKFPDWNHDNH,3199.229357798165
RHVGLPYVQEPD,4043.288990825688
ANKEGNVALS,1101.9449541284403
EEKELQEYWNV,2006.967889908257
KLSHNAGPHG,1981.408256880734
RLHFVGRWNHG,9476.233944954129
WAHFFEKHDG,7616.454128440367
DRRSGVG,1495.2660550458716
QSHQVEPYHA,2530.1422018348626
EKNARYLDALG,2401.6743119266057
KHAEYSASGFK,2421.2522935779816
DSSLFDSG,2254.6100917431195
PRFREGFASG,4584.435779816514
EHQNYVSEDA,1608.0688073394494
KQLQYVDAL,4774.380733944954
KAVWSFYWNKA,7691.637614678899
VRASLDVS,2219.2247706422017
QSDNFYSG,3429.238532110092
SKRKSNSG,665.8899082568807
QVHRDQKDALS,1414.2247706422017
AAEDARASG,766.9724770642201
SDAGWGRASG,3037.5688073394494
SPWKKLQFYNHD,5557.756880733945
VGLPDGDS,1666.3623853211009
FVYVGPLYKDV,16906.674311926607
EENLQSQENA,1110.8761467889908
ASFYHLFNFHV,17678.298165137614
HAKELEWLS,2652.02752293578
ADYAQDSG,1387.6697247706422
QREVGGNVSPNV,1400.4633027522937
FKAGESRWFPW,16875.38532110092
ALANVGHAS,2217.862385321101
RFQEHGREHL,3212.637614678899
ANFHPWALS,12250.114678899083
VFVVKLSG,29535.07339449541
LAYVHLG,10290.605504587156
LFPWDRDNKA,4006.316513761468
EGRKPDLPLG,1291.665137614679
RPKPNPYKPVA,2087.559633027523
LLKVFPWNVG,14591.091743119267
VEKYQFDSG,2961.2798165137615
LAPDLPASG,1481.573394495413
GNQNNDLG,1279.5412844036698
WRDKADVASG,1636.0091743119267
YSEPNQKAVG,1290.8577981651376
PRKYFVSG,4895.188073394495
PRPHLFPYNGPK,5162.536697247707
DAKKWASG,1443.0550458715597
LEKGQLGVLG,2971.4633027522937
HKHKSVLG,1242.073394495413
EFQPKHWHLSG,4246.587155963302
PKVDWDPYNHD,4237.564220183486
DRSHAWASG,2663.077981651376
RPNGPLSRNVRA,2767.559633027523
EHRLQSNLS,2186.123853211009
HPREQRDVAL,1518.697247706422
NEHDHEYNHS,2572.1330275229357
VLFEKPYPKDG,4405.357798165138
KFWDFYRHG,8606.178899082568
GWNLFVRPYH,23896.908256880735
HHHGHLSG,2665.2247706422017
DAEERNSG,866.0045871559633
FFQHDPLG,5597.082568807339
VVGPRDG,2069.5091743119265
NLKQGQEPYNAG,1746.9724770642201
NHSLVAGFPYW,22045.1376146789
YSFYDQLYWDV,19889.889908256882
QRRGKFRAG,1606.2431192660551
DQVNWHASG,2918.8899082568805
AQYYVSQFWVAL,45586.68807339449
QSKLYVRENL,5405.068807339449
QKLAALSRDG,2545.2798165137615
KPDQFRKPYD,2118.467889908257
YGDPGNHLG,2840.545871559633
FEGGDVQFRH,4170.908256880734
SKRWAKG,1711.302752293578
KPGQNFALSG,1566.633027522936
DVSGDRHQYHG,2414.321100917431
PSSGLSRPWKV,4103.733944954129
DAQRVYWNQWD,13009.752293577982
AEPWSLSRPNHS,3655.798165137615
NENEALREYWL,9705.032110091743
VSSGWEDVAL,3687.9266055045873
KAYNYYKHG,3294.408256880734
WNLSAGFYGRN,11225.321100917432
NQYFRNPVG,6559.811926605505
SYVEDQYNKDA,1776.802752293578
PPHRPAFHALG,5271.142201834862
PNNYWLQRH,8298.266055045871
DGDWPYHS,5471.821100917431
EFPHPHFPKDS,2169.435779816514
PSHGSGWNHV,3486.151376146789
KWWLSHVLS,10586.19266055046
KWVWEYKHDS,4520.215596330275
NNFYLYLSG,23661.004587155963
EDYYRYWNKG,4038.1146788990827
SFLWKFWDVALS,16452.344036697246
EHAGEDGNKPK,961.4174311926605
SPAPYFEYWHVS,11767.073394495414
LEQLYDSG,4281.967889908256
DSPVAEGFNVAS,1455.3532110091744
SPVPEHAS,953.1100917431193
YALKKLEPYKDS,2253.9908256880735
WVKFHVFRWKVG,13668.045871559632
GFGHPVS,3448.545871559633
PDEPVESEYSG,1479.5550458715597
PGPVLFEFRYWG,45111.752293577985
FYDDEPYGWA,10981.412844036697
AVSHNSG,1149.2339449541284
NLSWHSLKVS,5914.408256880734
YSNQNLQEKDL,1269.119266055046
FPYEYVYWKPKS,10046.100917431193
WEPRVYNHASG,5144.600917431193
PSAQNDAWL,2681.178899082569
DVLLEDAEYLS,3326.3990825688074
HNFREWNGVAG,3722.8715596330276
EWQYARDLSEHA,3422.766055045872
KQSWFRVLS,7663.646788990825
NEVSWGNKALG,2542.967889908257
VNLHLNSG,2661.532110091743
ESNNYWVAL,5992.1100917431195
YNWSNVSYALSG,8831.830275229358
NSSFPKPDSG,989.5183486238532
KARRDQFENKVL,1348.3623853211009
WSGENLFKSRKA,3076.623853211009
KDLPLSNHGWVL,6358.917431192661
LQAQFQHAL,4463.527522935779
EQHRDGNVLG,1272.0871559633028
HVNFVQEKHA,1871.8715596330276
WALHQYWRYLSG,13180.729357798165
DNAYFDLG,6029.967889908256
NGHAHAQKHVL,2257.0183486238534
EHRRFRPLG,3658.5963302752293
GQHWHLFRWA,14993.224770642202
EKRDYWRDS,2290.3853211009173
QQLLWSG,5696.123853211009
RRYQEDQLG,2024.9633027522937
AKGFANDS,1334.1605504587155
AFSAEYG,3533.5412844036696
DGQNWVQYHG,5993.435779816514
EEALGKAWAL,2957.0825688073396
WPYPDAGWKDV,6305.8302752293575
VSRRLQRYWKD,4296.922018348624
FVDFLRPWKL,12334.69266055046
DFGDHLSG,2685.880733944954
VGRVREARNDA,1537.7018348623853
FAFYAPQRYHV,11973.711009174312
HSYVQNVENG,1901.7201834862385
VQNVYKRNKD,1258.954128440367
SALGSYASG,2507.3119266055046
KDVYKDVNVFRE,2539.591743119266
WHEAAGFKAL,6816.688073394495
KDHPNSFPYNS,3375.3715596330276
WNHKYWSPWDV,15125.114678899083
DFFALASG,11359.311926605504
LGEPFKFEDG,2858.6926605504586
KNGNAPG,1138.3119266055046
FDPWWAFYWSG,26387.490825688074
WPYRYLGRPDL,17522.48623853211
FKASYKSHAKHD,1698.4724770642201
FGVNPWLG,12511.155963302752
PKKEFNAS,963.3440366972477
LQVPVLWNHAL,14028.270642201835
DLRWVSHFKHL,11849.30733944954
LRSALPLG,4763.178899082569
RLKNVRKHAS,1175.7247706422017
RPKDHQFNPL,3889.6605504587155
VRAYSHDSG,3096.7477064220184
RPVVLQFRVRWV,46770.733944954125
ASSGFDRKVS,1944.4908256880733
HPSPYPHDLSG,2892.52752293578
GGQFEKWL,4296.151376146789
GHGKEDG,916.7752293577981
DLREDARLSYH,6239.577981651376
SHDLRQRDSG,1722.0412844036698
QDNQGPKS,908.0366972477065
DSSSQNALG,970.0825688073395
GYGGQEDVLS,1935.7981651376147
WAQYLEHRHDL,10520.224770642202
ENSGAQRNKNK,784.1697247706422
KYPWQEG,2801.0137614678897
YEFVFYLSG,13851.926605504586
HFFVYHG,16563.990825688074
ERYAPSEWHG,4195.142201834862
GKVWLKDSG,2403.3715596330276
GPPDQEWA,1896.2293577981652
VLEQVAREWV,8381.353211009175
KAGPVNDGKD,838.4357798165138
WDGRSDAQFPH,7449.243119266055
EYNAGWPDFRNS,7416.866972477064
YRLDEWSG,7029.477064220184
SFYYVSFRDG,24178.93119266055
NVYSSGQFHLSG,8015.738532110092
GRKEFEDL,1303.8990825688074
WRYQVQKDVSG,3780.1146788990827
AFARDRVSG,2843.0825688073396
LFKLELQPAL,14629.97247706422
EKSVPYKDLNV,1175.1605504587155
YNYPHSPVASG,3449.4174311926604
SNSRHWHASG,3674.678899082569
EQWSWAPNHDV,5307.082568807339
QFLRWQFAGKSG,7660.642201834862
VAQRHQPHENLG,2212.564220183486
GHQKSQAG,1104.0091743119267
FYYVWKGRVAS,6997.931192660551
AVWKGWVLG,9088.885321100917
DWKLFAEYV,14549.045871559632
QPNQAGKGHDVL,1466.0091743119267
EFPQLNHVSG,2332.6743119266057
SRRWQPSG,4552.518348623853
VYVYDYVAL,33836.99541284404
AEGSPLSG,1641.2614678899083
APAVLNLG,2068.454128440367
KAAFKDFPKV,1274.8165137614678
DKLQNWVSG,2427.697247706422
YWASRWQPHLRS,11398.995412844037
QEVLENNKALK,1294.48623853211
FDLDEQWNKS,2332.8853211009173
GWRAPDG,3752.197247706422
YAVDKSG,1516.0688073394494
SLDSYSG,2644.3669724770643
HRHWQEAS,2643.3256880733943
RAQAPWAQPWG,9209.967889908257
EFWQFHRPKHG,5603.779816513761
KWQDWDVASG,3501.802752293578
WYNADGFEDVLS,8872.79357798165
WYEDEKD,2930.137614678899
LRNRLPYWKL,10289.055045871559
RKRGSQYWNVAG,2561.105504587156
LVSDEKG,1081.8577981651376
LFLHGYVG,10360.366972477064
KWAHHAG,2744.0963302752293
VEVHEPDS,1313.7706422018348
NRNHVKGQPNS,1650.7614678899083
DQPLDVEYWAG,3519.6100917431195
QKYNVRSENSG,1386.866972477064
KHVWHSRDFNK,3757.706422018349
FFVVLPLG,26273.532110091743
NKNYAGWHDAL,5039.45871559633
SWVNNKAG,2585.4908256880735
FEWHSSPVARPK,4283.211009174312
YHHHRWVALG,9703.252293577982
HVQLPWNLPWS,24086.20642201835
PPGPQVG,1229.0275229357799
RKNAAQRHVAS,1362.9495412844037
HFVWWNLS,19560.48623853211
WFGHPYG,13526.477064220184
YVEQPAQVG,2797.9587155963304
FWFDNHAPAL,11239.220183486239
NLSSALQRENL,3288.47247706422
LSFQAFEYDL,23729.995412844037
SPQRKPWLSG,3036.0733944954127
RWPQVFRNG,7822.954128440367
SGQKDRNDQYNV,1862.1100917431193
QHWAGASHASG,2931.9954128440368
QSKKVFWNHLG,3854.9036697247707
DHLHSHDVG,2181.935779816514
FNLLQPVKDVL,6493.325688073394
KLGDQGEKDS,678.2293577981651
LASQDGKG,1041.711009174312
FNKDFYQDLPYS,9619.58256880734
HPDAVPASG,1101.9816513761468
GDQVEDSG,885.8119266055046
RVAVPNGDVL,2161.0045871559632
VHQKNVSG,1180.605504587156
VFNGASGHVA,2995.6330275229357
NYLDVFRWHL,20285.004587155963
NAKQHPNDVLSG,1508.334862385321
FWHNEWKSGNVA,4250.146788990825
AVFENDRG,2478.7201834862385
HFWRDQEWN,9670.224770642202
GFSKNKSG,1574.9724770642201
PDDEPQYWKHS,2614.756880733945
NSANDHDVA,1311.1926605504586
KSQNYHAFYKDG,3367.2201834862385
QNNAQSQHVS,1308.091743119266
NSSWHLNKVL,5607.4908256880735
LWHHLLSG,10048.48623853211
NLLGAQRPYG,6643.366972477064
PKHEALGPALSQ,2297.5688073394494
AGQNQVWNVAG,2340.02752293578
QRREQPVWNL,6884.577981651376
EANDSEVQREHS,1088.0550458715597
FKNALFDPKH,3103.394495412844
RPVDYHFRHDS,5792.288990825688
VGLEWDADA,3451.9633027522937
WQFVHVQFRWN,38497.69724770642
RLQHYLPDVLG,8288.009174311926
ENYQDLFNVAS,4195.334862385321
RYFLHVLELS,27429.89908256881
HYYSHASG,4170.761467889908
LAEYPDSG,2120.880733944954
QPQELSRWSYA,13461.06880733945
HQGVWDVLG,5727.068807339449
FDQDYSFWLS,17122.408256880735
FPWPPWKAFKVG,17361.743119266055
QKLNGWLFPHVS,11350.394495412844
KYDFAFKDLG,3626.0045871559632
VPFEFPAS,3263.894495412844
LEWFYEWNLSG,15013.798165137614
VKGYKESG,1042.2844036697247
WNEAAKDAG,1712.2339449541284
HFNPPHDAS,2941.711009174312
NDYYWLRYNHLG,12201.944954128441
REVGANKLQFE,2124.0045871559632
DGYFFVLG,37354.119266055044
PLVALQYYNH,27112.01376146789
VWNSLNDALG,5098.963302752293
LAYDWHVAG,7061.059633027523
QYVVELFNDA,31564.16513761468
ARHDNQYHA,3090.6743119266057
PRLEHLKG,2086.0229357798166
HLLHKAG,2875.1330275229357
LGPYELSKG,2407.6605504587155
DAQAVAPNKVA,865.6422018348624
WYKELKDLSG,2880.206422018349
YKVGELQALRP,5085.577981651376
FYPHDQPQPLS,4140.192660550459
VVSSYHALG,4672.064220183486
QVPPRNVLG,1873.0963302752293
NYRDHDVALS,4038.4954128440368
FKGEVFWQEVL,12649.995412844037
GQKHHDSGEHL,1459.9311926605506
LFQQPHS,3716.9587155963304
AFSSQFSG,4658.655963302752
DPSVSPVAG,990.3577981651376
QGDFNGRPYWK,6661.224770642202
KADLDARPKVSG,990.2110091743119
RPQAALSPVG,2216.6422018348626
LGSVPNVALSG,2878.2201834862385
SQFHSPKRHDSG,2278.9954128440368
KESFHREYNDVS,2252.408256880734
KNGQKLLG,1294.1284403669724
KELKAALSG,1187.2568807339449
WLASPKPNHS,3574.6880733944954
AVYVPHDVL,7225.229357798165
WGANPNG,3320.119266055046
QLFQVGYNDAL,10286.022935779816
PQQWKEAS,1370.3256880733945
NAGQKLWDFRK,3656.0229357798166
AYWHVKSRAG,3918.7477064220184
AVLYNAWG,12051.11009174312
KAFRQREYLGQP,3957.9770642201834
PGWSVQFEKA,6067.018348623853
LEDWYWAL,14994.233944954129
NGSDQFKAG,1502.119266055046
VSYPFPWNKDV,5847.344036697248
EAWRPWGFWHL,33695.536697247706
HFDRFVSG,7561.917431192661
KSRQPLGDG,1580.7844036697247
FDHDRPPKAL,2558.201834862385
AEAPNRKG,1323.1009174311926
WVEYLNLEWH,34159.48623853211
SNLSDYAG,2471.1146788990827
HPVEKNVS,974.045871559633
WKGWFLSRDL,15429.48623853211
WYWLDSNVLG,15488.463302752294
WWSLSDLG,13870.339449541285
GEDEEPHG,1138.532110091743
EGQDPSRVALS,1104.7798165137615
PAHNPAG,1448.9908256880733
LPNVEVPASG,1512.1926605504586
LFFVGEG,10996.853211009175
FYGVQEKWKHG,3102.059633027523
YFRRWLFASG,12465.922018348623
VRAKHFAG,2282.3119266055046
WKSGARYNQYK,3520.954128440367
DRHQLNHAG,2138.7844036697247
VPGGKDG,969.6284403669724
SHHANASG,1531.1697247706422
DPEPFWG,3559.743119266055
HDLWSDQNVA,3783.123853211009
RANQYLNDL,4785.137614678899
PVHENDFAS,2401.802752293578
LSGWGEPVNDS,2561.9587155963304
VPANGQWNKG,1413.4220183486239
ARNRPQFPNHL,5533.353211009175
QEFWYWDRHDG,13110.004587155963
GYVRGRDSG,3310.0688073394494
DLYFWLVSG,37303.70183486238
KYFHYNDVA,4106.256880733945
SFHGHAYNHVS,4932.935779816514
RGQQWLGDSG,3488.1100917431195
WSVPHVLVAS,19736.65137614679
LAEDNVLSG,1909.7798165137615
SHENNSG,1057.6376146788991
NWQPQHDVSG,2644.6651376146788
GKEAEVS,573.394495412844
LQGPAPSG,1205.9954128440368
QNYKVQSWHD,4042.422018348624
KQVFKSWKVA,2055.5504587155965
EKSYREYHEYHL,4262.701834862385
RRDEEHLG,1400.7752293577983
PPQVFYLG,24200.798165137614
KGKEGQEPNKDS,741.9587155963303
ANDALFFEWA,16457.51376146789
PEYNRVPWDG,8267.555045871559
NGDPWPYNHDS,4211.981651376147
DGEDEWHDFPVL,6376.0504587155965
NVSPFYHDEPYN,7584.087155963302
GARPSKVG,1386.8256880733945
WRVVKVG,11033.747706422018
SNVYSQDSG,1909.591743119266
AGQQNSQFPKV,1686.802752293578
YLYDGFSRWNL,12350.802752293577
RANNRWLG,5434.325688073394
DEDLHDWVSG,3070.559633027523
VRGYQPVLG,4501.912844036698
WHLSLEHVNHD,5361.394495412844
RNEFPYPKG,3078.9954128440368
EGLSAQFREWNG,3619.1743119266057
AKRWRNG,2078.362385321101
SQNERVG,1295.0045871559632
RNANLGRPVSRW,9376.366972477064
EKWRHRHDV,2450.678899082569
FWWKKKVLSG,3126.238532110092
HEKNKFEPNDS,882.954128440367
SFKFKREDS,1450.2522935779816
DRDSFGASG,1408.545871559633
WNDGNALKSEY,2653.298165137615
KQNAPNENG,726.2018348623853
VWSVNKLSG,3405.348623853211
KHNSPVYVSG,2603.9862385321103
YKALRQFLGPYW,14905.454128440368
NQQQVSG,1179.4449541284403
PVSPRHDELG,1134.8302752293578
SYHKAVLS,2219.238532110092
YFDLELQKLS,4972.573394495413
LWRHWLSG,10641.339449541285
HFNQPVEDAL,1916.834862385321
EVAKAGWSQPNV,1609.3623853211009
RGWPLQEWHS,8607.899082568807
ASGPLYDQFEAG,2232.701834862385
EPWKDESALQEV,1294.651376146789
NQHSVGPYHVLS,5673.142201834862
REPRRSNLSG,1443.9357798165138
FESVRNGYDSG,2791.848623853211
NWPYLFG,16278.509174311926
HENFWYDSG,8593.422018348623
PYSGDVWASEK,2235.2844036697247
GAHLGNVLSG,2466.545871559633
PPHEWSRYWNKL,6793.142201834862
DVGAYKHHALS,2180.1146788990827
KGHVNKDKV,773.151376146789
FHSYNGQYWHSV,11725.788990825688
NYKVRWLFEPV,14569.642201834862
KFDAYRYWVA,8712.729357798165
YWRDLFHEWKH,8096.243119266055
WSPWYHWLG,24942.60091743119
HGGAEPG,1244.4174311926606
LSYPKHAREPDS,1501.9495412844037
FDSLEVQYWNL,16106.522935779816
RFRKPVQREKD,1172.6834862385322
PVYGSGREDVS,1961.8394495412845
QQWDGDYWNVS,8324.091743119267
PPLHQHG,1956.5504587155963
GRQNPASG,1298.0366972477063
EWVEAGEQLG,2259.1559633027523
VWGLVLG,16049.0
VNRHRASG,2015.3440366972477
NLSFLHALYKLS,10191.866972477064
YVWKDKDAFRE,2192.9954128440368
GPKNAQVALSG,1089.6146788990825
KHHAVRWHDAG,2901.646788990826
YVPHYKPYVASG,4912.454128440367
WDKHQNRPKHD,2127.5963302752293
YVLNGEYVSEHA,3823.206422018349
KHANKNHGFDAS,1508.8990825688074
DAHNWSG,2588.394495412844
LFSHHDSG,3013.032110091743
YVDLQRYGRPW,14027.47247706422
WFQDFYG,13976.816513761469
HKGPKHYVA,2249.3348623853212
KVRYPYPAG,4513.307339449541
NLGRLGYGREYV,10316.747706422018
HFFRRASG,4869.844036697248
KYVRLGNVAL,5815.6100917431195
QDHNEVSG,1077.3715596330276
KSRHDAHEDAL,1189.4220183486239
HSFPESRNVS,1737.7614678899083
SHFLSYLSG,7112.284403669725
NKRKWDFEWKV,3638.5137614678897
VRWVFPDPDAG,6594.334862385321
QGRGLRPYVS,6374.3302752293575
FYSHHDGQKSG,1706.7706422018348
ASNYQPDS,1575.0779816513761
FFHQLEYNVL,15304.01376146789
KHFGSEPAL,2074.564220183486
QELDFKAFRWNH,5906.866972477064
PPGYGRASG,2328.4954128440368
WGFGRYLFKV,18438.169724770643
YAEPLYNKSGN,2603.729357798165
KKDLQSQPYWK,2095.954128440367
YHKYYDVSG,3682.5688073394494
FFAFKARENHDS,2886.6605504587155
EDDRYVLPA,3653.362385321101
DQRYFRDLHL,9962.220183486239
APDAKPWNVAL,2139.2522935779816
EHWPLSRDL,7129.032110091744
NSPGQAWASG,2014.5412844036698
HLPKYNAGKG,1483.9495412844037
NRHFQPAG,3537.9495412844035
AYFNRKLG,4387.715596330275
PKEDPLFNDS,2012.2844036697247
EVLGKDLYQPYV,5948.4495412844035
GNSPENG,1068.788990825688
AWDGLFSG,10567.880733944954
HSWWDGRYDSG,11365.839449541285
ERQFVQYG,7427.220183486239
QVRPYKEVEHVG,1672.9128440366972
FGEDYSRPG,3680.5825688073396
LRDGWWHDV,13915.06880733945
SGQLSSRYDL,5445.862385321101
AYVEVNDSG,2406.7798165137615
AASRFVG,3780.623853211009
HPNAQRWRNKL,3864.467889908257
RDFNWGQRKALG,4410.004587155963
NNALLFDLS,17993.302752293577
KPFWADLSG,4047.532110091743
KREAASPWSG,2099.5
EVDREYPWHAG,3691.2522935779816
DALDWGRNKG,2527.770642201835
YVQAVFYNHDL,26844.495412844037
SYLKEYDG,3016.9633027522937
VWQAYALSG,9245.784403669724
QPVLRLQWLSSG,26315.495412844037
VPEPQDASG,1111.9816513761468
EDWWVAPWNHDG,10511.821100917432
FWGWHGRQYWND,17259.880733944956
FHVYFEKVQAG,12389.963302752294
DNESDLG,1151.1376146788991
ADPSPDG,994.0137614678899
LLESFVALG,13445.463302752294
WVPNGYGFKAG,8014.678899082569
NNFSALG,3888.1880733944954
VHPGDLG,2351.261467889908
SFHFELDVSG,14112.256880733945
WRKSLGPYKHAG,3884.2798165137615
VYWNEHGQYDLG,7781.692660550459
YHKLSWNGFPKV,7588.6697247706425
HGAQHGEDVL,1803.6146788990825
FGHFWEYHDL,18759.564220183485
WKGGYKDSYWKG,4246.293577981652
KKSKDQASG,645.9678899082569
RPDSAGWPYWVG,16089.036697247706
WWRRKLSG,5431.9908256880735
KQRQQPYWNKHL,3313.2201834862385
FYGKEYKGFHVL,6070.279816513761
NQEVNAFPYWDV,15186.642201834862
HYNVLHRHG,5444.0504587155965
EWSVLGKRVAS,3962.302752293578
KFDDEKVLG,1254.091743119266
SVYLWSG,15335.38990825688
SHSYPKG,2149.0137614678897
NYKSREHHS,1867.4174311926606
PWLVAGEKLYWN,18671.119266055044
QESQVFNKPHDA,1647.7660550458716
FEEWQWAFPYSG,25216.889908256882
HSVSGGPKHDA,1514.9724770642201
APASQGNDG,1251.3899082568807
YQDQNLFYLG,17634.89908256881
PQFYFEWFRYK,30354.454128440368
WFNGKQHVASG,3434.233944954128
DNYHEHALSG,2629.0229357798166
WSWQQFDLG,16600.330275229357
DSVDFNG,1709.6009174311926
AENQEEWLS,1924.9954128440368
VAHFQRHG,4249.178899082569
DVANPYDREHL,3566.169724770642
ANHGEWRPHSG,3271.8073394495414
RQGFGDAG,2793.0183486238534
RQWHYWDRKDG,5876.577981651376
GQFAEWVHDL,10240.362385321101
HYQNGPLG,3420.577981651376
DEVGVKDAS,1020.6192660550458
PYHEDFNAEHL,5874.233944954129
RDREQNSWVG,4617.293577981652
NVDFYSEDALS,5217.270642201835
SSFYPVLG,10657.357798165138
RHPYGEYNQEPL,4003.7798165137615
VGQAWHLALSG,8686.967889908257
HQSALREG,1383.2752293577983
ESQHYNRPNKDS,1211.7201834862385
FPRLNDLRPKDS,3025.137614678899
HQRRFWHDVA,6518.165137614679
PEHEGQYKDVL,2090.532110091743
FRNNVYLQFKLS,28711.683486238533
PGHQEVWDL,4897.408256880734
SPASRGQEWSG,2090.729357798165
HQRKQFYVFPYS,24826.477064220184
ADPYKQSG,1730.3577981651376
LNHLVQYDVG,8150.05504587156
HRVLSQWQKAG,4121.467889908256
VWVKWKDSG,3113.7155963302753
GKGGQRKVSG,919.6926605504588
PRRDNDVALS,1995.3715596330276
SWAYQEAG,3993.788990825688
PPQLSVSG,1333.7385321100917
DFEASKYHG,2343.0733944954127
WGQKFPKHAQPL,4444.399082568807
VWASFPKNVS,4734.417431192661
LHDKFVLG,4089.1284403669724
LSKKSFDAS,1289.4724770642201
ERVEHDNVAG,1232.0871559633028
WYSVGLG,10009.816513761469
GQFWRNAQNHD,5395.766055045871
RSNNKVFREHV,2259.8669724770643
YKKVNAEHSG,1075.165137614679
PFPHAGLRNS,3401.8256880733943
KSDSQFEKRNLS,1216.1605504587155
SKLRQALS,1963.8073394495414
HSYEPHDRDG,2661.7752293577983
QGYLRAQWSG,7863.376146788991
VQVHKHDVAL,2367.4862385321103
LFAASEHDVA,3287.408256880734
KHYHGQQYNHV,3600.5366972477063
AQSRWDVKVA,2596.0137614678897
HPSAHLG,1763.032110091743
HSNPLQWNKHV,4010.0137614678897
LEGVFWASG,12112.614678899083
KELLHLG,3242.7844036697247
WLQPGQKEHLSG,2117.605504587156
SGFVDLFRK,5871.151376146789
FRFKEVQYNHDS,4085.197247706422
RGRFQFNVL,14215.642201834862
SFPAYLQFNAS,13073.600917431193
NSSQKFRDVLG,2398.8669724770643
RYELHVGYKHD,5949.178899082569
RGLDGRVALS,4590.720183486239
WRVVNDALS,9251.38990825688
SELPLGNSG,2346.3669724770643
YQWRRDSG,5596.01376146789
DDDLRHSG,1684.3256880733945
KPNFNKWAS,2222.4266055045873
FRQGGEPNDA,1878.3532110091744
YKFELYASEKHL,6569.454128440367
EVAGQNSRYDLW,9141.761467889908
QASDYWDGWKL,8300.366972477064
WGAVDLSG,5953.738532110092
AFYLRAFREY,21707.504587155963
DVWWNQWNH,13526.11009174312
HAWGPVARWHG,12485.06880733945
PLDGARNDA,1877.5275229357799
PYDANDSPVND,2190.729357798165
HYNRHQYWNSG,6432.637614678899
HHLYPWAG,10297.88990825688
GEDAFFEAG,4504.825688073394
VWFDQSG,7142.018348623853
ENELARYNHD,2808.706422018349
HASFRRLGPHDL,8986.922018348623
PDALKASFLSRP,5182.665137614679
NFEAYLKHG,5583.720183486239
SWFVGNKG,4672.032110091744
FENWKARKAFW,8630.555045871559
RRSELHVLS,3431.3715596330276
SNLWPNG,4184.6100917431195
ASHARYNHAWND,5322.545871559633
YDKPFKHG,2509.0688073394494
EVWFALSWDAL,41267.27064220184
HRVYGDLSG,4120.9495412844035
YEKDWGEHV,3183.646788990826
YWSGSWFRHAS,11098.435779816513
WRQKQEWALS,5290.440366972477
EEERENDALG,952.440366972477
QSKNDLREPVA,940.7339449541284
ALQAGDGEPK,827.6880733944954
AHENELG,1154.1834862385322
KDGLPDFEAG,2202.6422018348626
QQFRVYVGEPYL,48220.19724770642
SSGWVWLSG,14558.926605504586
VLSFDWGQKVSG,5048.908256880734
GRPDQQNALSG,1306.2018348623853
YLEPRPLEKHG,2371.912844036697
GWGQYYNKVAG,5484.738532110092
HARFWHLYKLS,11578.62385321101
FVHALWEYG,17156.440366972478
WWNREGRPWAS,11783.545871559632
ERRYSNALSG,2905.8669724770643
DKDSLKHLG,951.1559633027523
LGNFDRPYKS,4529.876146788991
FNELGFDPYWK,14275.270642201835
EREYLGDQEHL,2932.1926605504586
SKDPVQWLSG,2318.087155963303
YWRHPWFASG,18925.51376146789
FSFWRYVPHDS,9502.56880733945
VKSYYNKVALSG,3707.9816513761466
EEVLNWNSG,2663.8990825688074
SDGSFNLS,3024.330275229358
RNAPRDAFRVA,3945.032110091743
DGHQASWLS,5003.55504587156
WWSYYNAL,10539.394495412844
HSWWNRPYAL,21583.56880733945
WLRDNLREPNVS,4957.211009174312
SQRRKSFEP,1517.633027522936
FDRVHVASVAG,3490.8073394495414
FRYNPSPWKELG,4139.683486238532
PPVRYLGEAG,2778.201834862385
AKAVDALG,951.9770642201835
EQGNGRHG,1422.1605504587155
AFWKSRDQES,1734.9770642201836
NWGKSRASG,2304.146788990826
HRFQHSG,3115.8256880733943
PLWRNAEYNKD,4477.077981651376
HYLAYHLS,8869.178899082568
EFYAWAEYKA,9160.279816513761
EQYWRLQNAL,8884.247706422018
VLLQVWHDVL,24430.155963302754
WRLNGRHDVA,6208.683486238532
EFEGFVLLG,47339.85321100918
WWLPSDAS,7663.022935779816
RWVAVLYHREKH,10823.477064220184
RKYFQWHAL,7791.481651376147
QVEWSKAYNV,5637.463302752293
YPEHWDV,4566.3302752293575
EVQRAQYLRDG,3866.6743119266057
LRGLQKHVAS,2266.183486238532
KLNGDAPNKD,1024.9449541284403
PHFLLQPNVL,15598.775229357798
DHYHFYAL,12583.811926605504
SHVSSHDSG,1423.4449541284403
RYNPGFWSPYKH,12179.784403669724
WALHRYVKHDG,6070.633027522936
WKVGDRPWGRK,3452.9954128440368
YFYQLSPVAS,4537.068807339449
DFYKDQDAPY,3340.270642201835
HAWKFEANALS,3100.123853211009
DDGSNLG,1359.3853211009175
WKKQVEWKLSG,2334.651376146789
HPHRGQKVL,1742.2614678899083
KALAEASFEA,1364.908256880734
APAGVNKHDA,871.0733944954128
KSGPFALSFRW,17292.80733944954
KNEVKAG,647.5229357798165
KYGDAHSG,1118.834862385321
KLLEAQRYHDV,2678.9633027522937
DYLLDLSG,5781.729357798165
NSFHNKVFSG,3576.2201834862385
EFWSGSRSG,3568.3899082568805
PKNWRPVLS,3884.321100917431
HGPVDSQDVLS,1238.7798165137615
QQYWDRGQFVA,10878.105504587156
EPQFFNHYNLS,8691.298165137614
EFSFDAALG,4256.504587155963
QQELPLFKLG,6989.628440366972
LQSDFKSG,1095.7385321100917
HKYHVWG,4493.353211009175
NPGEWPKG,1472.6284403669724
YASKQWHWDSG,4917.4908256880735
RFFEGQVL,7148.692660550459
QDDWQRVG,2941.788990825688
NWYHFLS,11405.509174311926
WYAFHPVLSG,13196.724770642202
PEGEAPDG,1002.3302752293578
LNQHHASG,1688.045871559633
KFPYGDGKSG,1534.6284403669724
ESHFLYWHS,10083.47247706422
DSRDPNHLPHV,2492.2247706422017
KGDYLSRPYA,3572.454128440367
KAELQNLEYHG,2404.5229357798166
AWDESRWNKHDA,2664.4036697247707
EHESKQYNHL,1670.7155963302753
RFNDSHGRPYW,12927.316513761469
FFHAQSQYWNKH,5281.325688073394
EYDNKDPAFNKD,1263.9954128440368
HLWNPARDG,4354.8899082568805
VRQFEDRWKHS,3117.940366972477
RNSDDLNKHVAS,1334.6284403669724
YWEWQHSYNVL,12897.518348623853
QEKAHGVLNDV,1154.4174311926606
GWQKVFDLS,7918.912844036698
RYWSPKVYHFNK,7676.963302752293
AQNDEKPKVALS,865.5779816513761
AREPQFWDAYVL,19874.01376146789
KLENKQVWNHD,2407.9495412844035
GYAFKYHVA,8108.591743119266
WKGEGHENHV,2209.256880733945
EHLSVQNKQYH,1994.651376146789
VAPPAEHVSG,999.8073394495412
GPGLGPVSG,1547.151376146789
LFYFGRWG,9208.100917431193
VPRWFWSG,16063.69266055046
RKNWKDEYKD,1144.9954128440368
RRSQDWDS,2630.0825688073396
KWKYHWKDAG,2046.1559633027523
NAKQREKEWNHA,1222.908256880734
QPDDLGEAYHV,3542.4311926605506
EKKQHDQPNHDA,1028.1238532110092
LGSVGYSG,3680.830275229358
QWYVVQRLSG,21579.160550458717
EASAVQRNDVS,1062.366972477064
HGGWDALWNDA,7185.756880733945
WKDSDEKLQKD,899.0275229357799
WNFNRPDEDAG,2694.912844036697
FVSGHFDLEH,5964.201834862385
QFRPYLHVAAPA,8186.866972477064
DVSNWNGVLG,3782.151376146789
YGHREHFSG,4421.733944954129
DPEYAHSG,1488.3623853211009
LSLWQRSG,6115.665137614679
DAWWVLQFDAS,31563.642201834864
QPWYAQPLEWNS,13886.440366972478
SWRHEKSG,2039.3394495412845
AFGNLPHALG,5685.995412844037
AEGFEFHDALS,5298.834862385321
ENVAYNDYDKD,2414.853211009174
SRSLQHSG,2087.8348623853212
PAPNGASHVAS,1342.8761467889908
FVKYNHVHVAG,4505.233944954129
PHNYALEPWKA,4801.894495412844
SYEWRKVG,3662.532110091743
EKRVFWAPDVA,4351.807339449541
VFLKGRVALG,7404.188073394495
FNGQWARKNVS,3776.206422018349
GPDHNKHDL,1466.8990825688074
QHHFYVQRYDL,19359.38532110092
FEGGPWVWLSG,20526.284403669724
NSVRNVQFYN,10605.48623853211
DGKDYRKVAL,1869.6697247706422
DDLHLNLG,3102.935779816514
RGRDFYFYNKA,6848.018348623853
VKVQSRHVA,2043.7706422018348
QFNQEFRHRHG,5156.211009174312
WQKSFDAEHL,3998.8990825688074
KWGKLWLSG,6481.871559633028
VLHLLFHDVG,14126.70642201835
QSRGKNKHD,986.1192660550458
FLALGRPQDA,3957.6651376146788
KSYYREWNHDA,3603.0045871559632
QPQVHDEWKHA,2055.087155963303
WKKQALSQNKHS,1272.165137614679
YDVQHVEDGEYV,3114.7522935779816
RWDHGRANKDL,3052.238532110092
QGFSYDLVA,10694.98623853211
DRGLYALS,6997.6697247706425
RFVFYFEHDAG,35403.252293577985
RSRLFAGPYNV,10571.91743119266
WNGRYVSYSPK,10757.655963302752
VFGNSPAG,2562.623853211009
PKGDHALEYHS,2416.5825688073396
PQQYAFLSG,8820.064220183487
RDPRSFYNKG,3000.6880733944954
EKLPSYLGFEH,2878.4587155963304
DYNQRGFHVSG,4459.706422018348
SVQNRLSG,2346.02752293578
SFFALESG,10864.316513761469
AGLQGWNLS,4941.188073394495
FWSQDARWYKHS,8137.243119266055
WRYAFKRVSG,7521.848623853211
NLPWSWGKHV,9354.93119266055
HQRGFKLNLG,5760.463302752293
RHPDGRQPWS,4696.178899082569
RGYAFAQRPNAL,8039.284403669725
SFYESFDLSG,10773.5
EREGQVDVG,1610.7614678899083
YYRAYNG,4457.481651376147
PSFGKPWNKLG,3885.5
LGPLHLEPWHDL,9693.339449541285
VGGQRALQKLSG,2082.3715596330276
HSEAEVGEG,993.0321100917431
DRFWEWG,12954.022935779816
VLNKQAQRPVLS,3021.802752293578
HVDRKAFYKHV,3859.605504587156
EGYWAFGRAS,10990.481651376147
NEPFPGFPKASG,2487.077981651376
EVFEEASGNKHL,2516.6330275229357
AYFPWSYWNLS,19258.94495412844
ELDRSQRALS,2068.422018348624
PLWSELRPWG,16576.188073394496
VLSVNHDQRS,2637.733944954128
QWNQSQFYVEW,34378.72935779816
ARKRDFEWKVAG,1977.9357798165138
GFPLYDYKG,7064.119266055046
QFDDPDQFNKHG,2229.1559633027523
SGDHDSEYKDA,1308.6559633027523
SRAHSYVALSG,5841.036697247707
NKVESRWLYNKG,4401.426605504587
KPVAWVYDASG,4468.266055045871
DSKWPWLSG,5017.564220183486
GKHNDENSG,819.7293577981651
VKSVYNLG,3095.123853211009
PHEPDDLRLG,2832.559633027523
FAFGGQRYWH,14177.724770642202
HGYFYDQEDVA,5579.940366972477
YFWFNEKLSG,6184.614678899083
YQKPPHSG,1811.0871559633028
DYYVYNKAL,8116.931192660551
PSRDVYDALPWK,5746.642201834862
KHDRSFKSFD,2548.4495412844035
RYRSEDLSYNKV,3348.1009174311926
WFVQAQHAS,6261.137614678899
KYFDPAS,2296.0733944954127
EFQGEHDVSG,1595.151376146789
WWEAVAS,8377.802752293577
EFSYFVALS,40292.766055045875
DSFAFAEDG,4857.674311926606
NFQDKALSG,2160.821100917431
GPYDKQRWNVG,3365.669724770642
WVHAHVFEYW,31016.522935779816
PFYSWGEWVL,32670.197247706423
DFQLRHVALSG,7097.435779816514
NRGHPNG,2133.0
YPYRDPYWKHA,9873.018348623853
KQEGSQPWALG,3287.8853211009173
DVKYLEYWLG,12745.316513761469
KDFQAQREYNV,2615.077981651376
LWDKAKAG,1888.6926605504586
RKGQYEKDEWD,1806.6559633027523
HRRQFDSG,2768.4174311926604
HKYWNESG,1974.133027522936
KDKVQRSVLS,1042.5642201834862
SGFPAYNKRYS,6147.385321100917
EDWDKHGALG,2070.1330275229357
YSFKLPWRNKDG,5099.229357798165
QKYHGEQRYG,2647.270642201835
GELPKLKLG,2783.9633027522937
RVQRHVLDRPKH,3096.7522935779816
SYAFFNLG,13695.357798165138
YLKVWNFRPKS,5795.568807339449
PRYKLVYWNHVA,13940.362385321101
GHVKAWDLS,3402.3715596330276
YYKFEPQWHLG,9676.977064220184
WENWWKAL,14379.261467889908
LYYAVLSG,13222.211009174312
HHSNGDS,1239.2752293577983
ERPFLEPNKHD,1816.5871559633028
FEYKHQVHLWHV,11177.977064220184
HSSADSG,1134.9311926605506
KRLDSRHSG,1476.7155963302753
YENYSFWG,11151.600917431193
QYSHGHEYDS,3569.738532110092
QRSHKHFPNHVG,2729.6284403669724
WVSGAPWKVFP,18085.605504587154
HWNYGREPYV,10946.701834862386
QPVKAFRRNAG,2685.3853211009173
GGQWYVSG,9831.077981651377
EVEYRWADLSG,8312.128440366972
YYQLPWLS,14459.444954128441
VPYFYLFPDAS,30472.174311926607
PLFVHFPWG,37300.266055045875
YHVQDNVHDAL,3805.1559633027523
RAEQFPHVAPWK,6779.467889908256
HWHAFGFHLG,21076.98623853211
PNQRSQRDQWL,6056.045871559633
FNHDARVFDLLS,17008.75229357798
GSPAQYVLS,5410.206422018348
PLDQFHFWHAS,15216.825688073395
NKHGRGKDAY,1764.2293577981652
RSGYHRWREWAL,12839.967889908257
KHYYQFWNK,4719.426605504587
WEDQAFPKDA,3406.7247706422017
HSKFNQFPYHLG,8599.48623853211
KAHYLQRWHA,6160.385321100917
NKKHKVAEWALS,1890.7798165137615
NQRLQVFAG,9878.201834862386
NRKPFELSG,2111.8899082568805
VEKNFRNKHD,1461.7981651376147
DSRVLGHQEPVG,1741.5688073394494
NSHDGPHEASG,1323.6146788990825
SKRSELSG,1025.045871559633
HPPKHRG,1509.2339449541284
WPPYDFEPKDL,6698.623853211009
DSASEPWDFPKH,2722.293577981651
QQFHQNGEPDAG,1468.0
LNLPLHLSG,7292.811926605505
YEQRRVASG,2794.6651376146788
QEWFRWEHALHV,15076.224770642202
KKQKYLG,953.6605504587156
FRKFVSGLGNKV,3552.97247706422
EVNGYVYWHAS,13154.073394495414
LPWAASKHVA,3729.743119266055
HVPFDVANHASG,2833.0229357798166
DHSENEDVAL,1252.8256880733945
DGNVEAFRKG,1704.6743119266055
KGPKDWDLFALS,4931.44495412844
WYYVWASG,12419.954128440368
SEDPQFWNKDA,2343.587155963303
YEWPVGFYDL,29205.97247706422
HHSPSWVA,4957.651376146789
DFQYRYLG,11139.655963302752
KPHRKSPYDV,1630.7293577981652
SNGSASG,991.605504587156
LRADPHG,2127.0825688073396
VVEKGFSG,1332.8853211009175
QNVSDGENALD,1679.3761467889908
RGGGFNDALG,2824.2477064220184
FGAFENFNKHG,4503.564220183486
YWWWAENKD,6435.44495412844
RELWQYLPVG,12127.224770642202
NLQAAGPWL,10547.467889908257
PELPDKHDA,1393.091743119266
DQGHLFHAL,6141.417431192661
NAVSSQWKDVA,2122.793577981651
HWWLPVLSG,20028.211009174312
NPVVHDVA,2036.5550458715597
RANLRQENSG,1550.4220183486239
RNGDSGFVNAL,4643.802752293578
EDNGFLFRNVLS,11179.128440366972
FYGDAFHAQEYK,5322.733944954129
YLPDDASQFVA,4130.44495412844
SLSDSKG,880.4357798165138
NRPLSVWKG,3704.9266055045873
QRKEWEKQRVAS,1379.2477064220184
FKPAAEPHDVS,1325.4954128440368
HEFDFWKALSG,6040.834862385321
KLPEQFYKVAS,2555.4036697247707
VDQFAQEWVLS,10526.233944954129
RQVQPDFRWAG,7039.399082568807
RPVWRLFWKLS,17724.32110091743
DGAHVKVLG,2399.321100917431
FQGEAQHDVL,2036.0366972477063
VAYSKEPNHL,2122.137614678899
EPQGAWKDVLG,1600.7522935779816
GPSQNQHALS,1290.4724770642201
KHLSVNRENVL,2677.4495412844035
FPNWGPNLNHL,14458.798165137614
RKLWNLFSQYAL,11522.330275229358
EERNWVAS,2281.97247706422
RHDPVGQAQEHV,1191.6100917431193
LQPPVAQWKAS,1653.059633027523
HLPRDLSRWN,5755.871559633028
FRNYQFEVRYDA,33427.293577981654
SYHYPYDLSG,7163.770642201835
DEHHWDVS,3283.1559633027523
SKGPWYWG,10195.628440366972
LFLEENVALSG,5715.252293577982
LFHFLRNKHVS,4783.811926605505
FEYFHALKENK,2769.7201834862385
QYPRDLFEP,3705.1330275229357
PGRYKAASEYS,2272.8256880733943
FEHYFHVQNSG,5052.816513761468
DNWVVLSG,9390.211009174312
WNVWYHALLG,21146.105504587154
DYSNVQLSG,2149.362385321101
SYKHYLSPWHDG,7272.770642201835
KEWQHFNKL,3969.5550458715597
GRQPNLVLG,3982.9266055045873
WGWGQQEVL,5058.963302752293
LRLHNLSG,3958.7522935779816
AKSYGVLG,2174.4862385321103
QSKKPVLSG,1004.2522935779816
VSVAYVPHG,4166.614678899083
ALRWEYEWVG,16098.490825688074
PVSKVGRDEDG,1401.197247706422
RNFNAWDFWNDV,13548.114678899083
SHWGNVS,2739.7247706422017
LLGRSALG,3507.9174311926604
LHSWAELS,4409.633027522936
KVVFSHVLSG,8294.605504587156
NKYLNDVKHDV,1325.1788990825687
ASNEEWDVLG,1806.802752293578
WYFDNDLG,7502.123853211009
REVSDSEHELSG,956.8899082568807
VLANGFHSG,3048.5091743119265
HHWNGWDAG,5473.559633027523
NSFWKFEQRWNA,7119.399082568807
PDGESDSFPA,1958.091743119266
HWWREALS,7203.940366972477
RKYWWNDQPAL,5612.440366972477
GPDPYDVVLG,3029.02752293578
RFLDWKALS,5582.284403669725
HRGRKKVS,887.9908256880734
PYYWDVVSYD,32261.990825688074
DEKQGYKG,1162.4587155963302
GQGVFYDVALS,14614.43119266055
YHSYKQWGRNS,4238.628440366972
SRWQDRPHDAG,3126.6330275229357
SSGVYLG,4585.188073394495
HGPAYGQFEHS,3399.6743119266057
EDNRKHVEVG,1239.9311926605506
FYDQWPWDHA,13406.825688073395
VFDPVLRPNHV,5858.307339449541
PEDVRHQHSG,1731.4495412844037
SHRLPALSG,2777.0137614678897
KYDYFDAG,3074.0504587155965
LKNRALSG,1658.7431192660551
PQHVDRHS,1561.926605504587
LYGHFHG,6666.197247706422
ESYVVEYKH,8838.729357798165
RGRNRVLRHG,3120.256880733945
DNHYWDWALS,12724.334862385322
NHKSGVELG,1130.3119266055046
YFSRWDPWNKDL,9062.41743119266
DPENGNDLS,996.8807339449542
AKAADVLSG,817.8577981651376
FHFLKRPNA,3972.183486238532
LYGHPLSG,4676.435779816514
PRHEQFNDAS,1862.6605504587155
GDRLGYSG,3411.7477064220184
DGERWALNKHG,3156.178899082569
WPEGRNHDVLS,3913.922018348624
YQRSYNDPWG,8917.009174311926
ERNSLRWHDLSG,4145.59633027523
NPNQWVALFLSG,40886.33486238532
GRKPFDVSG,2731.683486238532
WLARPVLDVL,19561.25229357798
ANLKPDASG,1078.1743119266055
HPLFGRWNKDA,3640.422018348624
DSNEHQEYNKA,1127.6605504587155
GWVEPFYG,20400.243119266055
YAYHQSQPG,2819.02752293578
HQQHNKG,1048.98623853211
NVEDYNALPK,1959.6422018348624
ELNLFAQNL,7973.288990825688
SAKVNVLG,1643.1100917431193
PNLYVEPLGD,8176.477064220184
KALAVASWHDL,7162.302752293578
VDGKDHVG,1123.426605504587
VLLNVANKHLS,4960.40366972477
PYFLYKEPYK,12984.495412844037
KWKLNVWDL,8810.435779816513
LDFYPLSG,6684.224770642202
VGFAPKSWNL,7184.637614678899
GFEYAHEYWNKS,7417.275229357798
VSNSNEPYHVL,3904.8853211009173
EHYDEAPWSG,3185.577981651376
LKSQYAYKDVSG,2520.2477064220184
GAQYNAPVA,1814.9908256880733
DNKAPEPYHDAS,1391.8394495412845
ERFWDPSG,4386.366972477064
NVLWEYHVASA,14200.642201834862
DRGVWHG,4468.9495412844035
REFQVAFREYN,17404.669724770643
VAKYRPVAS,2418.3256880733943
LEYSGDLVASG,3736.2844036697247
AGYRELYKHD,4010.0183486238534
WNAKPHVRAS,3854.8348623853212
ARLFQWLSG,11489.435779816513
PFSRDQSG,2474.1146788990827
EPLEYRPDQHSG,2603.9770642201834
RLSSPHAQYD,3904.0366972477063
KSAKNKAS,575.6330275229358
VAHHWNLG,5169.256880733945
KAASAYWNKLS,2298.376146788991
FYLLKLSRDAS,10605.729357798165
FAVYEWSG,14665.197247706423
WNHESDSRYNAL,7058.353211009175
AGVNARVG,1930.3623853211009
WLSVHDLYNKS,7157.385321100917
QAYHWSWNKVAG,5134.440366972477
PHVHWDEYWKAG,6744.504587155963
LKFFHASG,4624.894495412844
HEYSQRPYDWL,17308.42660550459
AQHSYGHVLG,4104.412844036698
NDEGLREWDVL,6920.876146788991
RHYRVFRPVL,12815.022935779816
WSHQKVNHVLS,4327.357798165138
PRYYPDAG,5547.940366972477
ALSPGQSQFE,1612.711009174312
QYEKLEVFYNH,22392.33486238532
RPAEHDLLEWL,11850.243119266055
EAQKDKHGEY,979.394495412844
YGPKFGRYWSG,8760.665137614678
NRQFDEVG,2309.9633027522937
VWHLYGEHDAS,5403.426605504587
PGKLSEKVYHVG,1937.9449541284403
SQSKPNALSG,1069.8211009174313
HKFKDRSG,1143.4311926605506
FNVVWNVFYHA,33034.65596330275
LQFRHYKGQW,9037.857798165138
VYVFDLHDLG,24352.229357798165
AVFREAHG,2675.197247706422
SWEWWKHDAS,6037.807339449541
KYKNHKHALS,1228.6605504587155
KFDPKEPYHG,1622.967889908257
REDHENRDVG,1084.1146788990825
PHLALPASVLS,6195.4908256880735
ESLVRYVS,10043.366972477064
DEPRLREWDL,4436.527522935779
WNVWWHFWNHG,22017.669724770643
NDHVENFVASG,3538.9311926605506
HVDFQYHS,7066.495412844037
QVPPLGYNKL,2937.091743119266
PVRVNASRPNA,3154.178899082569
GFEALWNFWNK,14236.857798165138
NAYSNVNDVSG,2498.3715596330276
RAAPQEKDG,900.0137614678899
GVGAKALS,1580.4220183486239
EFWQWLYNHA,17271.142201834864
APNHLKHDPNAL,1829.559633027523
EGRKSFHQFRSG,3777.816513761468
WLRLYKVHL,20160.591743119265
FLVFGRWALG,22134.48623853211
AGNGRFWNKDV,3569.5229357798166
NVPQDAEDLS,1094.0366972477063
RESYAGKVEG,1166.2522935779816
NLVPEVSG,1799.105504587156
SYHPWQPYWH,24524.311926605504
EPDAFPAFENAE,1857.7981651376147
DLKGWSRYHA,5434.775229357798
LRVKQVAG,2110.0733944954127
FRWGYARHLND,9456.770642201835
QSHSHQFREDL,2853.6100917431195
ARAHYDSG,2505.229357798165
AFEYRLQFWKAS,17730.908256880735
ARGDKDLSG,1187.2798165137615
LPNFEHFKVS,5266.027522935779
VRWRYFRWKSG,7338.504587155963
RWLHRYKYNHS,5845.51376146789
WALQKPDFWNKG,5999.4495412844035
NFFFWHLG,15748.811926605504
GFYGPALKHL,11491.995412844037
WRYHSVGQWV,16508.89908256881
LQLRLQFAG,33016.65137614679
APWFNGQNG,4869.619266055046
KWHSKFREL,2589.440366972477
QRRNYNDSGFEV,4158.01376146789
FSHFYKGENKA,2123.064220183486
LFKDWQEWNA,5128.256880733945
AEWNDSYKHGPS,3231.422018348624
WNNAAEWVLG,10698.550458715596
QDRVPALREPH,2324.5229357798166
PKVGHSWNLGW,11451.252293577982
GVGPYNNG,3071.47247706422
DKAWRKSG,1170.926605504587
AQYLNKDSGREP,1521.2614678899083
DEDLFGEASG,2113.8073394495414
ANSFHPAL,4741.463302752293
QQSVAEALSG,1011.2706422018349
QRKGALEYGWN,4775.0
YNYFHLYNKG,4561.899082568807
QQLFLEYALSG,30553.357798165136
GQWWRHVSG,10327.399082568807
GWNLRHFHDA,9342.825688073395
EEAPLHASG,1588.5366972477063
VFPFDQPNHDL,5803.6100917431195
DAANSGHSG,1133.8165137614678
KYYRYDSG,4011.564220183486
DEYWSPHAHAS,4796.853211009175
RPVSGQGRWAN,4473.270642201835
PKENNKHDSHAS,912.0091743119266
FDPPDLREPK,1663.7155963302753
FEHLPYAHYNHD,7552.0504587155965
KVVHFRDL,4965.623853211009
VPYFASEPWAS,9702.247706422018
QYWHEWGPSGNV,8703.481651376147
FRNHQFSFWKVS,13926.444954128441
EHPGLGQNHDA,1394.3899082568807
HEEKAELSG,860.8532110091743
AKKQFSG,986.7614678899082
QDERNVQFWVS,13519.58256880734
RQWHWVGEWL,21503.229357798165
HDQNLGQEQYWH,5885.09633027523
QGLSALQKDVG,1423.3211009174313
LDPDLKG,1137.7935779816514
KNGVNAG,1074.7477064220184
EYYSYKDPYAS,6339.266055045871
WFLRDPHG,8909.697247706423
RFRANHYWLS,12384.93119266055
DKYLRDVALG,3039.4633027522937
LESAGWLS,7493.266055045871
HRNEHEPYKDV,2079.087155963303
RQQDPALSG,1494.5550458715597
WAVGFVEHLS,22260.51376146789
VKGSHSG,1261.4816513761468
LSDDPALG,1466.7981651376147
NAPQESEHALSG,1107.0642201834862
RDKWDGEKHVLS,1921.9954128440368
VESDDLSG,1150.926605504587
RVEFNEWVAG,7100.720183486239
WREVLNAGYLG,16114.220183486239
QNYQSEPNKD,1358.9770642201836
FEHSLEWSWV,13932.52752293578
YAGLGNAENHA,2385.6559633027523
KYDSEDWVG,2344.467889908257
DRVNWLG,5426.733944954129
VHRNPWG,6624.252293577982
FDDDYNLSG,3764.5963302752293
FHSAEVLPV,3354.908256880734
PYWWQNEDSG,5922.6697247706425
YHGKDRPVSNHS,1850.0504587155963
EDDYNDQED,1185.211009174312
LQGNDDLG,1587.440366972477
YRKVDLRPYN,5462.344036697248
SWQLKHDVAS,2821.8256880733943
DNRPLVSG,2131.559633027523
LQNAYGYWNA,9787.362385321101
EKPHVALHEYVA,2869.1605504587155
WQHDEFWKHV,7617.623853211009
YWSHDLDQFWNA,15442.908256880733
VDQVRKDASG,1117.6009174311926
WKELFNRNHAL,7325.275229357798
YANFSEPYVA,7211.371559633028
GPSDVNLG,1269.3256880733945
NSKHDPKEKS,652.0366972477065
VGDWFNDSG,4532.348623853211
YWWLNREVG,9901.779816513761
KDRDVQLFPKD,1718.9908256880733
DFEAKHSEWHVA,3221.6422018348626
KPVHEKASG,767.105504587156
EPFQKHFWHVL,14142.761467889908
EHNEHDFRNKV,1433.9587155963302
YSFYQRPKQFEH,4914.697247706422
HGLSNVYNVG,4620.376146788991
YDYDYKAGHDL,3402.087155963303
NRRWPNHVLS,7074.816513761468
FFSEGREWKLS,4649.651376146789
YWVQKQPVES,2034.2568807339449
FREYFNVDFWNL,31415.954128440368
QNEWWALFAG,20817.0
HKVFWQWALS,16095.545871559632
NRHQLGQRENKS,1549.7155963302753
RKLFARWWDA,11270.47247706422
EPDHRPDPVS,1471.2201834862385
YREDRALFWL,18490.3623853211
AKAKWNVAS,1461.5825688073394
EAELYKPHAL,2757.435779816514
QWWWRKAG,8665.362385321101
PRAHVAWKL,5857.844036697248
RYSVFDVGPWL,27178.660550458717
PEQNSVSG,1179.651376146789
WGYLPDPASG,5711.178899082569
HPGVFYG,8494.165137614678
SRVELGYWKLS,9078.853211009175
HVPFFPHLSG,9808.197247706423
QKRKYWPYWKA,3250.256880733945
FQDSVNHDAL,2634.788990825688
PRLWRKAG,2980.5733944954127
RAWWVSQRKH,5782.862385321101
KHLENLNKPHV,2410.087155963303
NGWSFYSWAS,18440.146788990827
QRGYYWVGYWV,24676.43119266055
KGSEAQFENH,1369.0
PQFLDLNKAG,2887.7477064220184
DGHRRPLSG,2280.623853211009
QSNSQSELS,953.2385321100918
GPVDFHVASG,2225.5504587155965
GRSVEHDAL,1910.4128440366972
NANHLSLGPYD,7543.284403669725
KGGPPALSG,1393.834862385321
ELKSGYNWNKHA,1885.165137614679
VSFSEDWLS,6158.692660550459
NDPQRPYQFRKS,4161.665137614679
HFFHEYVASG,7990.5504587155965
QWKANGEVEYA,2114.5963302752293
PDEQLRYHDSG,2377.8073394495414
SSKSGLG,893.5366972477065
LSRKQVQEHDLS,1203.9724770642201
ELGSDLFRYS,6316.334862385321
QDQKNHSWDA,1693.559633027523
DQDAQYLRPDV,2253.0550458715597
DYKLPYQPYG,6752.917431192661
FVSGSFRASPK,3923.8853211009173
AGKDKALYKDVS,1108.3119266055046
NQDKGFALG,1661.9587155963302
WWVHVHLG,19330.536697247706
AHVWFHLG,14968.761467889908
QVKANSFKG,1370.5
NFAKSNHLSG,2195.178899082569
FRGRLPYFNDG,9871.678899082568
PAAHSWDS,2547.0091743119265
VWDHGPKHDLSG,2482.967889908257
WWSVLDALG,14397.155963302752
EHFVHLQHVAL,7306.426605504587
KRFYLFYSG,18661.197247706423
PEPQQYWNKA,1787.2477064220184
LRAELYHSG,3672.7155963302753
RNAYASFDQHSG,3119.880733944954
EKVDFDVFWNHV,4734.573394495413
NAEHRQFREDA,1758.48623853211
QDGPLQFGFNDV,6177.536697247707
PRFKSHDSG,1898.7431192660551
YLWWGQYWDAS,13737.183486238531
ANFKHEG,1150.3302752293578
NVAEEKHEPKAS,721.4082568807339
FLYKQKVALQV,5631.655963302752
QDKSNDFNKVG,986.243119266055
YKVLKSYDFRS,6419.394495412844
KAHSGLWLG,4234.380733944954
HPWFWQRENDS,5688.752293577982
YFLNHQFLS,10652.880733944954
FFNYYKLSG,3083.954128440367
NWKVANVYWG,13277.862385321101
LAEALNG,1983.7477064220184
NPFPYQALS,6657.954128440367
HDRWWLGPYWN,22179.977064220184
RKFEKEWVPDA,2134.706422018349
YLANRPLSG,3847.4311926605506
DFKWAFHVAS,7245.0
KYRNGRG,1611.4128440366972
FYRNPNQPWKA,5247.394495412844
AVKAWHDVLSG,2762.922018348624
WPQPGDAG,2515.4908256880735
FEEFEYLHL,14107.29357798165
WPENPVSG,2567.408256880734
QHGLPDLYKDL,4184.325688073394
WDLNPDRHDL,6692.362385321101
QYLKVSFGYWDL,29920.61467889908
DEQHRYLSG,3020.766055045872
AGYNGNEKG,1117.5
FNEEFELG,4532.738532110092
NLWKAFYPKDVS,5333.715596330275
SRPQDLPNVL,2157.8577981651374
FAHSQPKLEYLG,5367.197247706422
HEDFWGRHSG,5048.059633027523
KNFHAESG,1348.788990825688
VYDPEYSG,2814.9908256880735
HPREESG,885.6926605504588
GNDWGNDVAG,2213.201834862385
NPRKREG,963.3669724770642
ERYHAYHPWG,10235.04128440367
NDDWEDSG,2266.4954128440368
LGHQANHDAL,2343.6284403669724
PHWFENSYG,12145.270642201835
KYVRDLAG,2468.178899082569
LRQVYNDLG,4869.279816513761
ASKNQPNASG,940.8990825688073
ADPWNESG,1742.4954128440368
FAKGVLSKALG,2880.077981651376
LRYDWSFYWKAG,11273.444954128441
QANDEPNFWDL,5646.912844036698
WRRNAPDG,4763.146788990825
PFVALFQYWKL,33467.93119266055
NPSADSG,1134.3623853211009
YGNDHVQFEHDA,3412.1926605504586
HGHKEHVSG,1112.5963302752293
VGDLWVWAS,13187.839449541285
RSKVLKDEYHA,1372.0779816513761
GNNSNKDVG,1029.9633027522937
AWSGHKVG,2976.545871559633
QVYGPNLDSG,3067.7155963302753
SYKLAPNKS,1694.045871559633
GRWPASEWNDVL,8065.366972477064
DPFKGPLSG,1785.4908256880733
HPVSPWKFVAL,15327.133027522936
KASVENKNKDVS,748.3899082568807
PDSFNLPDLNDA,2999.032110091743
SAGWNFYWS,19150.623853211007
SNQYSVAS,2304.1559633027523
NKADEHSYAG,1425.4220183486239
PWQFHLVALPYA,46754.577981651375
PGQRQKLFWAL,12011.724770642202
GYKYLREWNLS,7112.353211009175
RRFDQVSG,2639.6100917431195
NLFPLWAPKS,8098.642201834862
RLLKDVAHDL,3082.793577981651
ADRWVKAG,2647.591743119266
FQDRDYKSG,2257.201834862385
QFEFRESVAFH,20804.325688073393
RYQGQFHDEHAL,5208.922018348624
LYEVKVLG,10190.19266055046
YVRQPWSYDVAS,10649.380733944954
FHHSNVWDL,10885.651376146789
VNQSELG,1231.0229357798164
NVNKYVGRWHA,6774.871559633028
RVWSAREPNHG,3957.3256880733943
DLQRKSPNAEK,856.6330275229358
QNFNKRDYLG,4093.032110091743
VLHYYWSG,11178.467889908257
YHWKNFYHAL,9686.077981651377
NFHQGKDAS,1624.3440366972477
WLVFHSFVLSG,34797.949541284404
DAQWWVARENH,6757.857798165138
KLAAQWG,3335.211009174312
HQSAKSG,963.651376146789
PYHKEPHEYKL,2748.935779816514
RSPHYVYAL,16368.545871559632
GQVWFKDG,6707.091743119266
AEWAEQFYKHL,9134.91743119266
YHQGYHEKDG,2089.4036697247707
DFKGNFPHVS,2540.3853211009173
RKDAKSGPVAFD,1482.4174311926606
KSDQGYSG,1160.6376146788991
RRQGNVG,1433.1834862385322
DFHHKVAG,1713.1467889908256
VVDVGWNKDSG,1773.7660550458716
PYLAPEYWDAS,11180.87614678899
WESSDLG,4584.876146788991
SPQLRPLS,2065.1422018348626
EKVWFDLGRNAG,5102.6697247706425
PDFDDSGRSG,2241.4633027522937
DVWKLENHQSG,2082.091743119266
YDHKPASG,1319.545871559633
VSEQQPNSG,1265.8990825688074
AQPERWLG,2468.6100917431195
WKKSVSPHDA,1731.1834862385322
LNFPHPYVLG,16608.26605504587
QVDNFPKSG,1890.3990825688074
PVWVQDSGYVL,23786.922018348625
RAYAWGPWLG,22084.481651376147
ENHLNVSVSFHL,35978.00458715596
QFNVHGQWYWV,28864.48623853211
EGWKGQVFPKA,2519.587155963303
QHAAGAWKASG,2131.4770642201834
HVWEKDFEYDL,6381.844036697248
KFYPFKAS,4738.316513761468
QHKYFYVAL,17893.325688073393
PHDKFHAQRNKD,1446.7660550458716
FVLHASDPNDA,3113.743119266055
NPFPVKLG,3043.733944954128
RVLLKGQWN,9274.477064220184
RYFLDGPKHL,9528.550458715596
VVQRSHASG,1947.2614678899083
QSSDPHDVLS,1466.3211009174313
HWNHRQRNLS,4415.344036697248
QPRFKHFRSG,3665.454128440367
HAYRWGEYL,15805.79357798165
NQWKDLHEWDAG,4396.334862385321
WPRPFYG,22898.128440366974
DSYKVHSQPNH,2706.201834862385
FYQSFEAFYNVL,20715.559633027522
YNSHHLGKVS,2834.4908256880735
HFNNYLSG,6293.733944954129
YQYLHSKDS,2665.5183486238534
VDVWEASG,2796.52752293578
WQFRHLGQSWK,8854.646788990825
DNLGNEVALS,1877.7568807339449
WNLEENHRWNKD,4817.5504587155965
KWNFEPENAG,1981.0688073394494
DGQRRENGQFYD,5100.770642201835
LSPPDVFYWDAG,11174.779816513761
VHEWESG,2285.8990825688074
QQDLLYKSG,1935.9495412844037
ESPAKSREWNKS,867.3899082568807
QFAFLYNKKHA,5521.197247706422
NKWHPNGRWKDL,5240.353211009175
QRQVFYKDLGYL,15226.188073394496
NFKDHHVALSG,2891.669724770642
EPWSRYEYNEYK,11446.688073394496
NARGSPVLSG,2214.3348623853212
KPPDPKDVAL,902.6467889908257
FVFSKVEPYA,8551.247706422018
GGFRWWNLS,15877.119266055046
WVDDFWLSG,19931.669724770643
QYSEQPNVKVS,3033.47247706422
SFYKSGHSFNG,4295.5091743119265
ESFDHDEDSG,1354.6926605504586
GQVLNHKHG,1775.3211009174313
WNHPKGNYNDL,3489.798165137615
FPFFKHLQKDS,5232.5
EFGRWVSVLS,20138.57339449541
VVANSYHG,3206.7844036697247
YERAALG,4118.334862385321
VAAFQYVG,10410.637614678899
LPFHNVG,4324.293577981652
WQPDKDAEDVL,1518.9816513761468
SVNQRLG,2684.059633027523
LRWQHLQWD,17245.95871559633
ALVEKDFYWKHS,4253.995412844037
EEEKSRAG,749.8853211009174
PNEYPAGRAS,2885.412844036697
KGYVRDAPHDA,2046.9357798165138
PVRNGWNDRHAS,3765.0137614678897
QGKDEREPYNS,1188.1880733944954
SYFPYPYG,7014.100917431193
AEHVVNLG,3264.146788990826
DYYEASG,3514.651376146789
VLYVSPDRDAS,5851.931192660551
PGSHRYASG,3210.6009174311926
WRVNVHDSG,5946.95871559633
QYVVSGSASG,2656.1651376146788
FDGLKRPDG,2649.5550458715597
KSAERDVSG,874.2706422018349
HLVQSEWSG,4438.45871559633
QSDRLALS,2404.766055045872
SVYHWALG,11584.490825688074
RRPHDSYRHVA,3920.8577981651374
WNHFYEYPKHDL,14669.605504587156
NVFWLEGQYA,24473.477064220184
FHYNKAHSNKHA,2105.8669724770643
KPRKVWLG,2361.9816513761466
GNRSQHASG,1714.3211009174313
ASWFLEDLSG,9363.40366972477
SDYHAGSG,1749.7660550458716
NPEDEVG,788.394495412844
FGGHFNASG,3866.9908256880735
VRHVKHKDVL,1630.4908256880733
WQLHYNVS,11116.009174311926
HVDLNKLKAG,1567.6697247706422
WHWNKSWAPYLG,16086.683486238531
AQGGFPG,2060.137614678899
NGHVGQANKV,1341.9633027522937
RGNARKYNA,1416.2293577981652
VKVPYWGWVAS,12950.188073394496
SAWDPVALG,5020.059633027523
YHPFASPNHA,3958.6651376146788
EGNHYQFEYWG,11777.674311926605
WEQVSKSG,2840.4036697247707
NPAEWGYVAG,3870.8256880733943
PPSRSRAG,1408.3853211009175
YKEWQESQRS,2310.766055045872
HKLNKFVASG,2277.5733944954127
WEHGFLFEHA,17041.050458715596
HKQELRALS,1697.619266055046
YEQHYWSG,8672.880733944954
GPADAFYNLG,3660.2798165137615
AEKFKRNG,1162.8211009174313
PKKAYWYNKDLS,2572.261467889908
YPKSKGFWG,3937.9311926605506
AGYQHLPHDVL,5493.353211009175
YLFWWDLKDVG,10956.88990825688
SPVVGKLSG,1226.2201834862385
RPAQASHRVG,2223.5550458715597
SKNLQFYHDVAG,3854.935779816514
SWNQSNKHDVAG,2101.8119266055046
AYGREHRYLS,6269.926605504587
AWEKSYG,3081.733944954128
PQSHRDG,1771.2568807339449
NQKVRDHVG,1392.1146788990825
VQNHFDEPNA,2165.1422018348626
DPWYSPDSG,3987.8119266055046
VEVSGSDAL,1508.834862385321
ERPSPLGVSG,1182.9770642201836
GESLPNALS,2228.2477064220184
WVLQDGQKAEAS,1431.9174311926606
NSEGYHGEPNKA,1404.380733944954
FDWNPWWAG,18195.605504587154
KVFQNAPYSG,3754.2201834862385
EWDAWAWEYHSG,13061.073394495414
PAVYGRWKVA,5482.935779816514
VRAAPKDVLG,1653.9954128440368
QWYHVQVSRYA,21966.596330275228
FGWNWDSEPDG,5992.463302752293
NLQYGLSFENHV,10293.385321100917
FNNYQKVLG,4250.4908256880735
HEVQRSRHAG,2386.4036697247707
EEKEVQFG,1267.4128440366972
QHRAWFYNS,10137.38990825688
KQPNENEPDVG,844.2064220183486
SAKDKLSG,727.8302752293578
WRNHQDQPYNG,4828.146788990825
DWAEFHSG,4348.770642201835
RNGFGQDVEYS,3326.3348623853212
FAPQAQPYKG,2010.032110091743
LGLPRNVL,6560.8899082568805
HWYVQLSG,13423.270642201835
VHDFHFKS,3544.376146788991
DEFPVQHSG,1816.9908256880733
KSEGFNLWNS,4132.454128440367
FSGALGKARHA,2691.623853211009
FSLHYWLG,10476.995412844037
RAEFLQPWKA,6557.605504587156
ALNAFLWSG,14322.88990825688
PFHVSLRWSG,16483.26605504587
FPVVYWQFNKVL,35254.449541284404
EQLGSQVASG,1218.605504587156
NSGFVELGNV,6111.238532110092
FRLAVLFHDVAL,32919.26146788991
PAPLLREYHVG,4151.600917431193
EVHAFSPVG,2885.766055045872
YKPAQEPNSFNH,1718.8899082568807
EAQQKHPDVAG,786.3348623853211
REYWDKHVDQA,2614.1651376146788
WYHYWPNG,9239.766055045871
HGVFLYKALSG,15229.683486238531
NFRSDLQFWHAS,12827.233944954129
VYNVELRLG,20802.050458715596
DWKAEVHVLS,3231.729357798165
AWLFSWDLSG,17052.93119266055
WSHEPHHDVLG,4238.8302752293575
REQGRPWKRKVG,1569.5871559633028
YFRSLGRHA,4515.0091743119265
QGQSLGQRYWV,9164.197247706423
AFKWHFNVAS,6162.435779816514
RGYVEQRPWG,6320.293577981652
FPNQKHSSPALS,1803.2018348623853
ERYKGSEKG,719.4266055045872
AEKVPFNDG,1446.7293577981652
QDHNPNAG,1013.5091743119266
QSHAYQDLS,1833.9633027522937
KLFFRLGWS,16451.839449541283
AEWDSQVSQYAG,2897.3073394495414
NSGGPNSNL,1162.1605504587155
DKAFFNKHVLG,2675.151376146789
PFKQALHVLS,4752.114678899083
VSYAEWNLGPHD,5823.027522935779
FYGLSGGREWN,5523.788990825688
FFVDGRKALS,4390.44495412844
QHLDEVQYS,2431.077981651376
VSHDNLFRYVL,13009.385321100917
NPQDLYLG,3423.816513761468
YQQRYVAWKV,11367.532110091743
PRPFQFEPHDVS,3572.376146788991
FGPNPNNDAS,1424.0871559633028
YDDKSDALS,1352.211009174312
KQGGEYVAL,1935.8165137614678
PHENKAEGKG,656.4266055045872
SDSYDQVLG,2177.233944954128
HYFEKKLG,1962.9633027522937
ARWHNSYWKL,9243.426605504586
FLKKRYDSG,2545.1100917431195
DADWNDFRWNVL,10870.073394495414
AESYAQDVAS,1302.0871559633028
VRRLASG,2537.545871559633
EPFLDSGNHDA,2727.8119266055046
WLLGSKDLSG,4209.724770642202
AWRDLPHVL,9626.95871559633
DKVSLQEWLSG,2282.9266055045873
KHVDKVENDG,744.4633027522935
RVAYSRGFWG,12319.142201834862
DFQVAEG,2028.6284403669724
PHRDNQNKHS,1282.3165137614678
RQVFKFEWKHDS,4965.229357798165
LYHYNNHALSG,5010.087155963302
GLREGDG,1362.619266055046
RSQSKSREWN,1801.0871559633028
FAWGENQWG,7838.454128440367
NVNWFRPS,7888.027522935779
WANDYWSEYVG,14820.573394495414
GFPRHFRNASG,4202.876146788991
YDAPWNEYFRWA,22644.0
YLYNVPGEYNK,3711.3577981651374
WYVHHLSG,8618.54128440367
EPVEGKLQDS,814.8715596330276
EEPFQPLSG,1993.3440366972477
KPEPRWSG,1571.7660550458716
SPNVAGSNKDS,832.6651376146789
ASHDWNLQHSG,2937.123853211009
SQGLDVSG,1586.5688073394494
HDLGSFEPDPN,2372.6926605504586
LWESDSG,2784.2522935779816
RYFNWNAQEPD,3916.0412844036696
SHRDKALSG,1370.3990825688074
DADKEWDS,1389.4174311926606
AQEPALVEWD,3297.637614678899
RSKGDLREND,1248.605504587156
QYNLSEGVLYWS,22339.128440366974
GEGWQWHS,8235.334862385322
RRWADEWKL,5508.160550458716
LHSPQKG,1519.2522935779816
FRHRSGDEWVG,4042.146788990826
NFAKEPSG,1247.032110091743
YPLDVKSG,1590.5504587155963
VVALHFHG,11634.935779816513
EVWPLSFPYWNL,36056.83027522936
DFPNLNVRWK,6261.564220183486
HPSGQGKHDVS,1055.7018348623853
ELKFSGDG,2000.6834862385322
NRHLQAQFWDA,11570.949541284404
SVSYHHSG,3426.169724770642
AQEFDFPVALSG,6826.582568807339
PQEPLENHFPW,7755.908256880734
RGNYGPVAL,5514.729357798165
AGGGALG,1539.3119266055046
KAHRDLRYNKL,2195.087155963303
GPDEVEWNK,1265.619266055046
PFAYAEAG,5174.302752293578
RKFESGAQYG,2559.3440366972477
QGQDSKPYNKA,983.9954128440367
PGPLNASSG,1356.288990825688
QWHAEKEHARVS,2027.8211009174313
SFDYNLEPWNDA,6777.568807339449
RFHPLPWNKA,6586.288990825688
YKGYVPNYNHA,4724.027522935779
EKPDYAYHDL,2157.183486238532
QFYAGFNHGNRA,5671.197247706422
NWPKGPSG,2042.8899082568807
SHDRPAWDVL,5869.229357798165
ARGNKRKHDA,779.8577981651376
DFRVDALQPHL,6721.605504587156
RGRESWKQFWDG,6918.857798165138
GQLEDRASG,1203.8211009174313
KPWDYDPYKA,4300.284403669725
WKAFLEWLFWKH,11375.729357798165
EDLKVYSEPHS,2193.302752293578
QDALHGFNGQYA,5411.54128440367
DWAVDVSG,3415.9036697247707
KVHSYLENK,1798.2706422018348
NESQFNHVGYLS,9515.674311926605
SYKNEHAL,1683.2018348623853
FPDKGQFVRKH,3642.6743119266057
YKWHYGREVAL,7199.321100917431
VRVLWAPLSG,17111.06880733945
FYEQNKYWDS,5211.733944954129
GGRKQRWNLS,2816.0733944954127
KAAEWFDG,3973.1880733944954
VVKDYDVAS,1410.5045871559632
YGPEVGFRWG,9675.981651376147
WHNQGPDL,4228.862385321101
AGQKFRSNHDA,1723.9311926605506
RWAGSRNSQNS,2682.7522935779816
RYGAPNHAWKDG,3681.646788990826
NVPKSRNGPVA,1429.197247706422
WWYKKSG,4105.1100917431195
GASALKG,1329.7935779816514
LNGDVKSG,1096.7155963302753
SRSVWLG,7874.243119266055
NGWNFDVPHG,7118.348623853211
ARQYDNLG,3126.3256880733943
EYSFNHYARYVS,15651.20642201835
HHWLRLS,10894.646788990825
QQYGKREYH,2911.798165137615
SYWWLKSG,8232.02752293578
VYDVRQKLS,2901.0183486238534
LYFGKVALG,6874.568807339449
KLEGQFKVPW,6989.183486238532
SVSYSKG,2217.9770642201834
KSKRNHQFPYK,1429.559633027523
PKQDGNRNHAS,1272.133027522936
NKEVALPRPYL,9244.11009174312
RVSYNGSRNHD,3445.087155963303
LKFRHHVLG,4806.747706422018
LEHGYQNKDVL,3081.5688073394494
QAHLNHPHVG,3075.9587155963304
RDAQSGNQFEAL,2314.243119266055
FAWKVSYDSGEN,4778.018348623853
RQWLFLSQFEHL,33844.591743119265
HFYHKHRHS,3638.5825688073396
VPHKQRVS,1287.1467889908256
WWDQGRNAL,9218.922018348623
FDLADGREYNKH,2988.9770642201834
FHAFDSEVEKG,2378.756880733945
EDFKFRFRVL,18534.174311926607
WFFKRPVALG,10615.922018348623
RSPYHEVFYKHD,7375.862385321101
LQLQLFPWVA,36814.75688073395
RQLDRNSG,1987.6376146788991
VPWDHGKDVG,2331.967889908257
PRNFAWNVAL,12442.899082568807
ELQRAKDAKHDS,891.8807339449542
SSGKLNG,1183.045871559633
SESKKHDVLS,1075.9724770642201
WADHALPNHL,7577.366972477064
RKGHPKHGDVSG,1142.5550458715597
WQWQFLPHDS,18640.119266055044
DLEYREHSPHV,4449.9495412844035
YYWGQENGPYV,8524.348623853211
YWSADAGDS,2880.922018348624
EQSDYNDAS,1025.9816513761468
VFNNSHALS,4169.678899082569
PWGNAFRGQKDA,3418.3119266055046
RDNHPWFYNK,9302.775229357798
FHQRKHRPDVGR,2444.1651376146788
LDVDHSG,1874.2064220183486
LFQKRPSG,2714.7201834862385
EESELPVSG,937.4495412844037
QFRHHDRNFRYL,12066.426605504586
EGNNEWKHDS,1453.5550458715597
YDHAGSEVS,1845.633027522936
HYHSQFWDVAFP,24109.26605504587
HNFFYLSG,19021.963302752294
ALVLFHQPD,23913.853211009173
EHDNKSYVQWND,2757.853211009174
NPSDGNVS,1335.0963302752293
YWGENKFDQRWG,9277.183486238531
RSWRPVWHLG,14285.52752293578
PFDKWVALS,8205.738532110092
RGYQQFEYNSG,6056.674311926606
WWSLNLSG,14252.055045871559
QVDQDFPKVLS,2000.7981651376147
FHYVHLNDVS,7758.334862385321
KREKSPVSQPWS,1976.894495412844
HPGRSFALSG,4723.027522935779
PNEYVRYNRPYK,7435.454128440367
QGPDSLKLS,1351.48623853211
QKNFGYWDVLG,7968.6697247706425
DLNFAQWKLG,6426.981651376147
DSGVSYVLWHG,18029.490825688074
RDLSAGYKWDL,7480.655963302752
YPAFPQFEVAL,17034.467889908257
HRPEDSRPHDG,1579.6146788990825
VQRAARWNH,4360.261467889908
WFKHFDQPWNV,14952.11009174312
HDYNKKYKHG,1408.834862385321
EFSDPYALSG,3904.2155963302753
PFRFLQYWKL,19841.467889908257
LKVRQNHG,2522.5733944954127
GHSDWHG,3789.6880733944954
DEWFRGYWSG,14053.018348623853
RWRRFYNHDVAS,7071.692660550459
YLWSNHFKDV,7070.142201834862
PDFHFWSGEYA,11842.821100917432
ESVDEYALSG,1751.0091743119267
DLGFDSQKLSQY,3647.5963302752293
SASHSVLSG,1831.2706422018348
PNALNPKGALS,1638.7844036697247
EQQGEKG,579.4495412844037
DDVSAQWNKHL,2150.701834862385
GPNQEHVGQRVG,1534.5688073394494
NQAEDQFWNHA,3348.1880733944954
VPEKGNG,854.7155963302753
NDNQHDWDALS,3865.3577981651374
EFWNGFRKEDG,2874.293577981651
RNFAPKRYHSG,3574.211009174312
PEQNVDLSG,1384.4816513761468
SYEKPLG,1685.545871559633
ASSQKNHG,1121.1743119266055
NGVHSYVG,3678.880733944954
WQSKVKSG,1682.7522935779816
HYQAWKDVLSG,3507.0045871559632
SFPLWGRYNVG,11538.977064220184
QEWEKVLSDQNK,1519.4220183486239
VEVNSKVS,1394.6697247706422
WLFHSEKVDLG,5070.284403669725
EANKHPAGWND,2060.7201834862385
RGWANVQFHDV,10944.87614678899
GRHHWDG,5276.729357798165
EADKWDVLG,1682.2431192660551
VLGPRHEPDSG,1581.0183486238532
WPDDLHSG,3902.321100917431
YLENRVQYWHS,12728.48623853211
RPPPVYDASG,2507.651376146789
QHNVELWNAG,3616.0366972477063
WSWSWGQFKVS,16194.69266055046
WWWAKAG,8988.949541284404
WLSPSGQNAWKA,3774.6100917431195
REFRNYHGQEWV,7247.688073394495
WSEDDFRNKDG,3269.9449541284403
HWLLPAG,10423.394495412844
FNSHENAFAS,3573.8990825688074
LGREAFYNLVL,24171.045871559632
SHQVLWLG,15868.642201834862
VAHLFWYWHDV,23680.036697247706
WSEWRKVREY,8414.839449541285
FADKEYSG,1732.8761467889908
GWAHGFDVLS,13185.711009174312
VVPNPSG,2062.853211009174
LHVYPKVG,4135.197247706422
EPEPSFAQAG,1425.348623853211
QDYWVFFHSG,29180.23394495413
FRVVWDYKDAG,9397.105504587156
APWRNGFEKVG,2773.683486238532
LWRYLKAG,5800.527522935779
KKEYSVSG,960.8577981651376
HLQQLREYNKHA,2785.3256880733943
PGGPHSQRPNV,2307.876146788991
NGEEKQEPYWNS,1860.8394495412845
RQHSYLGNKV,2529.206422018349
KSNRRPYKHD,1641.711009174312
HLVWNGLSG,6695.036697247707
NYVHWHLS,10878.183486238531
PDAKDPWKSFKS,1997.091743119266
VEPHFVPYDLS,9066.839449541285
WEQWYDVASG,10692.926605504586
GWGHKLG,4315.917431192661
EQWKNEPAG,1268.7064220183486
WHFNVSFWSGNG,18447.284403669724
GHVEGPVG,1583.0963302752293
PSAPQPSG,1206.880733944954
VEPVAVLQEYWA,9108.678899082568
AWEWAYALG,16038.059633027522
YPDGPYGFLS,15727.444954128441
DKHQEHVRVAS,1450.619266055046
NELHAPKS,1437.7477064220184
DFQGWNKVALG,3645.9633027522937
EQPVHFRWNHG,3550.376146788991
QGWPFEKLG,4645.6100917431195
FKLLPNGEHDAL,2687.3073394495414
GVLSHFKG,3541.1422018348626
YQLPYNHKS,3218.105504587156
GWHNLFEWNKHL,10513.844036697248
VQFKYKVSPWHL,12487.871559633028
FHEDRPLSPS,4249.467889908256
LPDQGHVLSG,2080.211009174312
QAPWRPNFPWH,16497.495412844037
SFVLLSEYKD,28524.1376146789
QSPWKAEAGQYK,1519.2844036697247
QQERPDGDG,1090.0183486238532
SKRWWKSG,2595.967889908257
LFFFWDALG,11373.885321100917
LKPNKQVSG,1164.7935779816514
WQAPAGRPKV,2682.52752293578
QQHWDGPHVLS,5557.573394495413
KGRASNQRKHG,924.848623853211
EQDGDQFYWNA,3677.2247706422017
WWKHAHQEDAL,2484.3394495412845
NVWSGNVFPYKH,10350.334862385322
AFRVGPYVQKH,5122.325688073394
DVSVLRDQEKHL,1534.3073394495414
VNKQWFNVLS,6406.605504587156
LEKHKVYWDVS,4064.9862385321103
QGRQNDGKG,879.0091743119266
VYWNSEKQFWA,7306.04128440367
SPWDVESKG,1598.866972477064
PFHPGWALS,9672.48623853211
KGFSFKARNKS,1354.802752293578
YDRRHGEKDS,927.4220183486239
KLVGHLEPKL,1903.2981651376147
QKKWFEYKH,2220.848623853211
GKVPWRDAS,2248.802752293578
APYSLEKVALG,1833.2844036697247
EEHDGDREVA,799.6880733944954
PKPSRNYNSG,1745.105504587156
EHVHNHLGDLS,2486.646788990826
SHFDSWSG,4963.577981651376
KSLAQKASG,777.7522935779816
AKGPGWHSG,2004.5412844036698
NVKENQRPYWD,5762.422018348624
VGLSWLFRVAL,21808.256880733945
SENHKFPYKVL,4532.032110091744
WVREGRVQNLG,6365.931192660551
PQYFSFWKVLS,21403.61467889908
PLSAVALWNAG,7726.151376146789
NLEDPALQRVSG,2311.793577981651
WYDRKSDVL,3720.5229357798166
PGNDQNPLSG,1399.4816513761468
DEKGHVAEPLG,1097.440366972477
AEVLWQRYWNS,12591.935779816513
GHVHVYDALS,5575.334862385321
PSKNNVSG,1030.697247706422
VFLQGYKLSG,6985.995412844037
NGLNEYVAL,7327.435779816514
RGGSPKVAL,1830.7752293577983
EKSPHDQGYWNG,1814.2064220183486
VGVFGQKDALG,2450.077981651376
RVFDQGNHAL,4276.5504587155965
LSENLREAEHVA,1649.8302752293578
GWQHKHDASG,1980.0963302752293
LEKDFGWVA,5234.802752293578
FERRYWADVL,13333.555045871559
KVGGRHSYNHA,2633.02752293578
VGENLKRPVLG,2896.4633027522937
HAQSKDQNDG,1003.4174311926605
NPFLFALS,32014.802752293577
EDLAQENWNL,2891.5137614678897
DWDVELFSG,8463.857798165138
NPDELHDLG,1481.2798165137615
AESVFHSG,3035.761467889908
WKGFFLGPVG,17802.371559633026
WPNSLQFENH,5890.380733944954
YDRGAGFRNKAG,2720.637614678899
NKQRQEKGYKH,907.8761467889908
KRHFFYVASG,9872.871559633028
LGWEDPYHDAG,6753.766055045871
KQSYGQRYKHS,2284.5825688073396
NRWNPYVWHAS,14885.435779816513
RGYAPWQEWVS,12831.344036697248
EEFDHVLS,3134.5366972477063
DEDPARDLS,1141.6559633027523
EHGSVSKALG,1147.045871559633
KFAFEWNPNK,3617.0825688073396
VFYLYDPYDVG,23687.22018348624
NQAWEHASG,2657.706422018349
HWFQRSG,6170.178899082569
DDQWQFKVAS,3551.408256880734
HPKPAYKG,1126.908256880734
EKQLFPAGQAL,1773.8761467889908
PSEPDKLRNDA,1023.802752293578
PNLHQEWPALG,4894.325688073394
QVFQDAEPKV,1712.7981651376147
NEHPHRPYHDAL,6818.761467889908
PLAHNASG,1832.9495412844037
WLKYHLRYKD,6933.183486238532
FQEQRAWSG,5831.894495412844
PQSRRWG,3827.2522935779816
SQWFVNKALG,9427.325688073395
LEFWNYSG,5782.197247706422
QWWDEYSRPYAS,16289.266055045871
QDYNGNDRKDL,1529.0504587155963
WFQNHPLSG,8085.4495412844035
WWFASKLG,10030.555045871559
HLSYHLVLWNS,26285.990825688074
NNLVKHDALSG,2169.9954128440368
QGQYVFDSNHS,5452.48623853211
QAFGALRWKG,6087.422018348624
NREQEFENKHL,2025.8165137614678
FSLAWHVG,10622.701834862386
RGGKEALG,1213.0412844036698
VSNHYEWKG,3605.7247706422017
SLFPDFPLG,10469.665137614678
WVDYPNVLSG,8817.88990825688
YPYHFDEVG,7468.55504587156
SGHHGWLSG,5647.224770642202
ADVRVQYDSG,3881.2844036697247
KSVKYAS,1208.133027522936
KQDQEKDVREPV,634.2752293577981
DAKAENQHS,822.4036697247707
GFYQQKDVS,2317.766055045872
GSFWGKSG,3139.5
QAHWKHVWNDL,6155.123853211009
HFAKLWHVALS,10843.844036697248
NGHEYAWDLS,6085.587155963302
EPGWRNLELSG,4266.5504587155965
HYRHQEG,2048.559633027523
GQPHGPFKALS,3063.4174311926604
GSYNSYSG,3774.6651376146788
APGNQRDLSG,1148.7752293577983
RNKQENSNSGK,781.1422018348624
RQDKGWDLS,2249.9816513761466
GWSVLKSG,4796.6100917431195
RERAKSNDLS,1116.1880733944954
GPFPGWLS,10041.619266055046
HDFSLQYVAL,27671.142201834864
LSVQDAEPNVA,1793.211009174312
RWYQRQNKVS,3267.1651376146788
DDRWNPSG,2889.798165137615
SGWYRYKG,6698.174311926606
WAKQNDLSREYW,9759.90366972477
NSDPRVASG,1461.665137614679
YAQLKPYWHVAG,8491.802752293577
AQWWKWKHVSG,4972.848623853211
DREGQSYWNK,2564.238532110092
YWSNVRQEHL,6183.527522935779
APFVKHDVS,1827.559633027523
DFSSDALSG,2128.435779816514
FRKSVAEPALRK,1380.7155963302753
FDQWVFHAGKL,12425.032110091743
ADVYLEHSG,4046.0137614678897
FDEEFPLSG,3686.7201834862385
QWQQSGWKHDVL,5829.894495412844
PAAKRPSG,962.802752293578
SGVEHEKDVL,1400.4036697247707
YQHLFVYAS,29897.743119266055
HDPQFSNHAS,2584.233944954128
WPYLDRKDALS,7497.55504587156
FPENDVNKYHV,4357.862385321101
WWDREREYWV,20987.922018348625
WDGDPARWKHDA,4382.082568807339
YYGDNKG,2126.683486238532
NVEEKHREKV,928.651376146789
HKHREAPHAL,1883.5229357798164
LYQQNLSG,3026.8990825688074
PDRDYGQEYDVL,4573.0
NPAKEYLSG,1132.1743119266055
ARQNFHSG,2724.9174311926604
KKYHDEALS,1050.2018348623853
RPSEKENDVQD,833.5917431192661
SRNWQYVSG,7688.660550458716
PPDPWWLG,9231.188073394496
QSPSRWHVWDVG,8179.5091743119265
GSQPGKSG,997.3302752293578
KNPQKDVLG,948.1330275229358
VKYDKALSG,1388.9174311926606
DQNYNQPYKVG,2804.9770642201834
PGWHHALGDLG,6019.5
SGGYHDPYNHLS,5855.788990825688
KVEQNVRYDG,2877.8899082568805
VWVWHENHDVS,6473.646788990825
EKSLYDLGYDL,4559.967889908256
ADVSGSYVS,2312.119266055046
LPSRRPG,2177.848623853211
HQKANKWKLSG,1338.105504587156
WVGQQFHRPYAL,21821.110091743118
LYHQHYSG,5121.844036697248
WFGRGNLS,7133.733944954129
DAKHENLYKVAG,1508.3899082568807
FLYKYKFEYWAL,13050.532110091743
HREEVQEPWH,4585.0
PFHAFGYWKD,13176.06880733945
KYNPGPAG,1830.8165137614678
EEYWQNLSYAS,9933.201834862386
YFYQHVGNG,3966.701834862385
DGPSDQENV,921.3394495412844
QVARQEDGQWG,2630.3990825688074
NPWKHNVEYVL,10511.270642201835
YWKHLHFREDNH,5130.995412844037
HWSVWVG,16604.29357798165
LGFQPWDLENK,5907.729357798165
KYNDPNSYWKH,3409.8577981651374
VYGWDPSG,6982.252293577982
NYFWWSG,14560.779816513761
RYKWKSEEWKH,2153.243119266055
NADYVSRENKVS,1545.9633027522937
RAFVQKLFPYH,14049.394495412844
NHGRNVAERYW,9561.784403669724
ESRKHYWAVLS,7017.706422018348
LSRYGQWKEPKD,2496.302752293578
HKSVNDLSG,1260.7660550458716
ASEFFNAG,4372.720183486239
DRWWAWHDA,14852.47247706422
DKEPFALG,1900.6284403669724
QAQKWDALRYW,12611.788990825688
VVAKKLG,1442.7752293577983
HGDYKGHSG,1500.7752293577983
EVGPNAFGYHAS,3587.6926605504586
NGFLWLGEWDV,20371.628440366974
VNGAHVG,2072.6559633027523
EGQSSGEALG,958.3761467889908
VEAPHQNKHDV,1293.5550458715597
HFVSNVNHS,3860.940366972477
HYHPFPVS,8659.477064220184
PHHGFRNKEPLS,2317.697247706422
YWLAPWFEWNV,30569.711009174312
FHDYLGQKQFYW,15633.587155963303
RYVAFDLKLEY,43278.821100917434
HPVDRNSG,1492.2614678899083
PKNDASPRHVL,1984.8715596330276
VRAWHESG,3049.288990825688
QNFWSEWFEPKS,8462.58256880734
YVDYFPHASG,6605.678899082569
YHFVENREDV,3000.637614678899
FYVPGENYHS,5065.155963302752
KPGKREG,683.4220183486239
KDNQVQPYNKV,1794.3899082568807
AEYQPHYSG,4672.40366972477
DEGEENVALG,1267.8761467889908
RSAFVFPWHA,18925.169724770643
FRRWQYHPWNK,9035.339449541285
FDSFFPWLPKLG,15817.160550458715
PGFEGEPNEHV,2266.045871559633
RLRGRNFASG,4191.064220183486
GVFPNNDALG,3293.105504587156
NVPFKVSFRWKH,13121.678899082568
HSSFRDSPYHD,6417.711009174312
VPLDQVSG,1563.211009174312
DWANNSG,2289.706422018349
EQKEYGYHDSG,1388.3256880733945
GDKVVALS,1332.059633027523
APYREAFHSG,3316.4266055045873
QQLWWNG,9773.935779816513
PSARGPKVALG,2185.967889908257
GRQFRAVG,4120.064220183486
PPSFEWPLSG,4655.683486238532
NGNLNKGQHD,1475.440366972477
QSPWDLYGDAL,7542.243119266055
FNYQNKEYWKV,5317.51376146789
PKELQGQHVAL,2458.605504587156
SFGWANDALS,5883.09633027523
YSNVWDFPWH,25140.550458715596
LSSPARNHLG,3054.3577981651374
EQEVLQGFKD,1740.5091743119267
VRYHGFVKDLS,7511.545871559633
SRNFRRYWNDA,7125.651376146789
GPHGSFKAL,2908.1330275229357
EFYSKSGEYNKL,3288.5688073394494
NKPFASYHA,3311.229357798165
FYLQEQEASFKD,3378.669724770642
NFSQPVQYWH,14354.311926605504
QYWWWDWHASG,17792.339449541283
ALYERWHVAL,13536.770642201835
NPLDHAG,1836.3532110091744
GHWDSNLG,4453.752293577982
FDSWWDFRPKL,11805.995412844037
SWFRWFSG,15351.19266055046
SRREWQAG,3216.151376146789
GHRYSSG,3568.853211009174
GAGHKVLSG,1810.5963302752293
HYANHEDLG,2353.4174311926604
FKNEHSQEDAS,1050.8119266055046
LPHSYGPKLS,2713.5366972477063
HYGRQLSG,3477.229357798165
RVAKKHGWLS,3075.288990825688
RFEWEGYNLG,10889.04128440367
REVKNKAEWASG,1245.0183486238532
WPRWAESG,5131.55504587156
FRASHVGSWHV,9390.940366972478
SRWLGHDRNH,4784.573394495413
VLQWGDAGKAS,2387.5137614678897
EPNLVWLQFYVG,49568.619266055044
QGGEGHLG,1687.01376146789
VQRKGPHPWN,3894.270642201835
YGVADQPYWVLG,18183.188073394496
QHYNNKRWL,7044.619266055046
VQSFGQLSG,2416.0183486238534
VEQHDYG,2308.8119266055046
GYFDQWKHVL,10061.756880733945
SWHSYWHPS,10826.440366972478
YDNDPLPWNH,5649.908256880734
LGEQWHVFEWD,18975.440366972478
QKHLLWKGRYAL,7586.220183486239
FYWYNSFPSRP,6806.706422018348
DKQAGDLS,707.6788990825688
FRDHVFRKGNHD,3161.908256880734
RDSRYYDAEDAL,4502.472477064221
YQVAFFDVA,37571.54128440367
HKVGSQHLG,1895.866972477064
NRYEFPWHDA,9294.211009174312
YLHGYARYWKG,7136.334862385321
HLYHVALPNPWL,28676.660550458717
YVHLFVEVS,41089.247706422015
VQYQVQPYKDL,4252.0
VKRPFYNDLG,4621.261467889908
DAGLLQREWKHA,2540.087155963303
QLADNALSG,1472.0
RKLADSGEA,854.0963302752293
EEDGSREDAG,921.4357798165138
KLDHFWDLG,5830.559633027523
LDVQDGDG,1685.5550458715597
FYYAHLRYKLG,5756.802752293578
HHRNDQSG,1165.6422018348624
HQLLFWKDAS,6887.761467889908
DSVSNQKSG,701.105504587156
VEDNGWNHVG,2824.0504587155965
VPHAGKRKHA,890.3532110091743
GRGPQPSG,1516.3623853211009
KDENPYKKVA,1076.7155963302753
EYLFGFDSNK,6118.091743119266
DQLDNHSG,1222.3119266055046
FDKADLQPNS,1025.4449541284403
AKLPYDFVL,9438.752293577982
GSGKQDG,736.5045871559633
HDLRHRPKQWVS,4111.440366972477
SKHYNWDVLG,4719.522935779816
RERPWRQYWVSG,8949.90366972477
KEVKWAG,1440.4449541284403
GKPNLKG,871.7293577981651
KWGSQHSG,1951.2614678899083
NWLYWEPYN,18009.518348623853
FAWKEWYWSG,12157.394495412844
LPSVEYALSG,3791.3348623853212
REAWHAPGFND,4696.45871559633
FKNEWNDFRNKG,2432.743119266055
KSEKPKGNVSG,708.3807339449542
FPDDKALRPNDS,1805.2339449541284
YHYSSRWDS,6263.738532110092
YSFPFWKWAG,11067.339449541285
HRHPRDSG,1926.2155963302753
VAKVALRLFRYH,17167.036697247706
NVWAPHQRVAS,4777.105504587156
YKNWWDAG,5564.266055045871
DRKSQVLWNV,4089.4770642201834
KHAKGQDWDLG,1775.8715596330276
FAKSRGFAG,3219.0229357798166
FDKNDFEPNKAL,1387.3715596330276
VPGWVNLSG,4456.220183486239
QEHHHLSGPNL,2428.4633027522937
NVVPNLEYNHAS,3436.1284403669724
YRFGPKLS,4656.325688073394
KQKPNSEPKDS,581.5504587155963
HHRLVASG,3093.0733944954127
WAWWLDLG,24971.481651376147
YQPRKSQRYK,1940.1009174311926
NKALSVEKRPKL,1302.211009174312
NWFPDNG,7176.422018348624
VASFREGVYWA,17285.67889908257
YAGLWEKAG,3667.743119266055
VWAQKEYHDL,3881.793577981651
QARKNHGQRL,1655.6926605504586
RDQNQPNHDSGQ,1398.467889908257
EQASKAREWLS,1402.788990825688
HADRPWKPNHG,2531.0183486238534
SNAGLKHASG,1297.5412844036698
WHGRFYDVKDV,8066.344036697248
PQFVVSFRYH,48060.94495412844
GWPGALSG,4636.564220183486
AFNDDGQRWHG,6200.600917431193
EDSPEWDPNKL,1513.6376146788991
HDPNNVFKDA,1891.6788990825687
RWPSFKDWHLG,10297.463302752294
FHWHFPWFYHL,20393.97247706422
WANAVGNKHD,2595.362385321101
NHHLAGWNKHL,5179.408256880734
VVREAHLSG,1954.967889908257
NGVGVPYWKS,5419.5504587155965
RLLVAWDALS,19720.72018348624
AQPANEYNHL,1965.8853211009175
VWGKAHVALG,3942.5045871559632
KFYLESRPKD,2971.908256880734
DQPELENKS,709.3761467889908
KSENKVNSEPYN,1146.908256880734
KNPLPAG,1357.3302752293578
NRAYLNHS,4654.48623853211
YYYAQHSG,2970.619266055046
WNRKVNDSELG,1810.8256880733945
FLPSQYLQWNVA,11078.48623853211
RKAYYWHFES,7916.935779816514
SQHPYANG,2728.9266055045873
QLKPNFRPYHV,7169.325688073394
DQLKKVALS,1304.5504587155963
QLAPGKVASG,1363.5
YDSDLGPLFHV,11566.683486238531
NVPKQAPYWS,3969.206422018349
KPSYLEHDLS,1798.5688073394494
PFEAESWVS,6900.743119266055
AQYYYHASG,6994.766055045871
PPGEQDG,1194.591743119266
WYPRELG,8248.633027522936
HHDNEDLS,1623.334862385321
AWVFRQRYWAS,17251.92660550459
GQFQNGEHDALS,2279.353211009174
QPFDEWGEKH,3287.559633027523
DHPQRHG,1834.6743119266055
PDHNHGFPWKLS,7327.545871559633
PLVWVQLG,31196.66513761468
YGVYAEDLS,5417.954128440367
DQNGEDQFEH,1457.2798165137615
FQLAQYLG,9955.518348623853
NFAYQFHVLSG,20132.9128440367
WSAPFWLG,28724.5871559633
LSYGVQRPYWAG,13624.261467889908
VYQASPDVAL,3060.7798165137615
SQWGNHLVSG,5743.288990825688
NEHKFDVG,1847.0550458715597
KNDKVRDAS,707.848623853211
VEDQKWALS,2460.123853211009
LKAKLYALG,5074.348623853211
KFRDADSFNKVL,2628.270642201835
VRYAGVADL,4648.981651376147
NPDNQYVG,1940.3394495412845
WSREWWKQKVL,7414.899082568807
QWWFSEKHDV,8639.848623853211
HEVDANLSG,2118.733944954128
PFGQALKHVL,7214.183486238532
VEWQEQPDS,2111.7155963302753
AGAPGQVASG,1360.7568807339449
FAQYLQPYGPWH,21297.880733944956
KLVPHAREYSG,2823.5229357798166
VFLDYNDS,7306.1100917431195
NKPYYWRPYDVL,16818.032110091743
WAYDGWSEHDVS,8133.866972477064
NSNRVFEPWNL,11672.133027522936
SGGGQRSG,1420.1743119266055
DFHQSEYNKAL,3000.5825688073396
PAFDSWFEVL,19518.802752293577
PNSYPVARWNH,6931.233944954129
ERKWENASG,1283.5045871559632
WHEPSGHENALG,2673.577981651376
HQDQQEYG,1655.0412844036698
RNLHAFKLGAS,4698.871559633028
KQNRNGFYHD,4536.6697247706425
VEAQWRKAS,2359.9587155963304
DEELRDVAG,1234.8211009174313
AGPPKFRYHLG,4079.646788990826
DAEQKQRHDAL,1217.7385321100917
SKWLNVAG,3227.3577981651374
QAKNHGKHDLS,1234.3119266055046
RKGEYLWVAWNK,6867.220183486239
YEWYAEYWKDG,8090.068807339449
NAGDKDFEPWKL,2482.7798165137615
PQLRYFPWKDG,10308.229357798165
DSLFHVYAS,12636.440366972478
DYQWYKALG,6348.105504587156
NKLNDKVYLG,2439.0963302752293
YSLFGFASG,10696.518348623853
PPLFSPVLS,8066.266055045871
QYHLYVEKHGV,10220.61009174312
EDVHRHDSWVG,3713.1100917431195
WKGALQAFRHA,6161.880733944954
KQSDHSG,897.7155963302753
YDVEEWSQWNK,4682.798165137615
DVKVDGFNKVSG,1507.3119266055046
ELKVRPEHSG,1315.133027522936
ARGNSKVALSG,1496.605504587156
GKLYENKHDALS,2129.266055045872
HALGFLLDALSG,14644.128440366972
LGPPKSEPYKA,1167.2431192660551
AQDFHVEDALS,2300.2752293577983
PQHQEFEWNS,3489.1926605504586
QNYDFPYGWNHD,12754.050458715596
DWKYSRWKSG,3358.793577981651
YLPSKLNALG,3084.077981651376
KPHWRHAG,3554.6651376146788
SESPSEAG,1149.4633027522937
WHLYLGARPVL,23216.738532110092
PLRYELRPAS,8087.573394495413
NWGQNVVG,3395.0412844036696
KNSDFDG,1249.9770642201836
KYPAVAG,1908.559633027523
PPSSPDALS,1023.6788990825688
ADLPNQSG,1468.834862385321
ESSFQEVG,1419.48623853211
NYDWDHSG,5332.233944954129
VEWPDSRWHL,16798.949541284404
HWDLFGPNLS,12383.830275229358
RPPSVASYDL,3041.908256880734
KGYYAPDLS,3916.4770642201834
FNGPVSLQHS,2767.711009174312
VDGGVAG,1690.2385321100917
WQQYDDASG,4217.9908256880735
PFRAYSNHALSG,6901.376146788991
PHQWHGQVEHV,3420.298165137615
YLQAEGFVS,6043.45871559633
SHVWNENG,2732.908256880734
LNHNPKAG,1669.5
PNYFYWSWND,23217.977064220184
GQHREYSHVAL,4644.844036697248
RYKYYWNLSHS,7619.623853211009
RREYAKDENKHG,1112.0871559633028
FAQLGQDQLG,2782.9311926605506
KDFFLRWHS,8866.119266055046
AWDFGPWKVS,9863.935779816513
FNGRAYDQPKL,4573.981651376147
HYFRERWKDLS,4754.344036697248
LLQFFDG,13052.642201834862
KKHRDEDVS,835.9495412844037
WKLGERYGPWNG,10049.79357798165
YSLEAGWHDG,5801.706422018348
LVGFVAHLS,21689.01376146789
NQNLHWNDALG,4703.559633027523
GQGKNALS,1172.7935779816514
AWDVKWNKSG,2552.545871559633
HYWNRWNSGWKH,9055.756880733945
SFFNSPLG,6707.0091743119265
QPWGQQELSND,2497.316513761468
SDPSNASG,1052.9495412844037
KDYGQPNYHLG,3532.5
SARWNKKG,1325.6422018348624
HLYLQDHDSG,4718.9495412844035
SRYRHQREDA,1910.9587155963302
ANKWQVLG,3524.830275229358
FRFDKLGAG,3268.229357798165
ERWRFRWNHDG,7932.119266055046
NPSSVLG,1586.3990825688074
EAKVVASHDVG,1019.9954128440367
NNDKEHSG,801.2110091743119
GQLAQPVS,1571.0504587155963
SGFYGFKSWSG,11391.394495412844
YAASAFNKHG,2797.651376146789
FRSLPYNPWNKS,7516.839449541284
QAPQSPYWND,3142.3440366972477
ASVPEALS,1093.4724770642201
RKYGYNFPNKV,2684.02752293578
QKGKKHQKHS,616.197247706422
VSRSYDYNKAG,2728.105504587156
VEVDHALSG,2027.7018348623853
QAFAPAPWKLG,6671.3302752293575
KAWPPNALS,3391.105504587156
HGQPAFNHVPN,2717.6743119266057
FYYPWHLNALS,8597.128440366972
NHLEWKHFPSGY,12173.922018348623
FVNWEDALS,6011.293577981652
KSKWSRKSG,1165.0229357798164
WWEASDSG,5352.036697247707
VPPQYALG,2622.848623853211
VVLFGWAG,27376.798165137614
HEYFQWALS,12911.270642201835
DALVARPRWNK,3952.761467889908
WVRKLPKPAL,4231.467889908256
FLLDQRVSG,5320.431192660551
YKSDLREKRKV,977.4357798165138
SQSKVRLG,1543.4036697247707
VDAFVEWNK,3866.1422018348626
KDQHEEYVS,1250.8990825688074
AYNHRPQRKAL,2348.7155963302753
KKDSYDFPASG,1216.9128440366972
HHRFPLSG,5169.376146788991
NGSSYWKHDVG,2860.233944954128
SHGFFNG,5879.871559633028
LFQGWLG,10145.06880733945
AGKHYLQYWVS,10763.862385321101
FVPHVLELQRK,5786.348623853211
GPSNWNLSG,2421.266055045872
HAYQGQNDVAG,1872.7018348623853
PREWQDSGYH,7123.04128440367
WKHQSQNKKS,1094.1100917431193
HKLQFFVG,18694.298165137614
PLHPPYAG,5709.8899082568805
RESRQPNHQALS,1690.4770642201836
HVDNKQVSG,1019.2752293577981
VARHSFPKVAYW,13017.321100917432
ALSQLFNWNHVG,8836.61009174312
HYDPLRWG,9809.440366972478
AHGNPWSG,4398.504587155963
FARLERWLS,11186.059633027522
PSENSYDSFNL,5895.380733944954
EVLQAWNPYNVG,6742.912844036698
NFVEWPNAL,11625.004587155963
YRDSHGNDLS,2316.8073394495414
FPFADSWHDAS,10915.275229357798
NVRRNHRPDS,2275.0963302752293
QEPWNSWWAGQE,4704.495412844037
PGNAVGRKVG,1340.073394495413
EAVWQKDAS,1391.7706422018348
KDGKFPLWNKH,2412.6284403669724
YEHHLPHVAL,7723.95871559633
NSGLWNDFNHD,6896.967889908256
VYNAPGYWDL,15619.266055045871
EYQLWNSGFPYN,14893.41743119266
GFNKPNFEDVA,2188.5
WAKFKSQDG,2242.2522935779816
DWNGQAQDLS,1782.8256880733945
EGFVQVEPYK,4192.935779816514
HGDHQNHG,1480.3715596330276
HSVQNHDHDVSG,1508.6788990825687
YHQNQFENGQPH,3037.293577981651
YNSYQYHRWNL,11893.963302752294
YHDEQEYWGQW,11656.30733944954
RKANPYKSPNK,1014.302752293578
WNSWSPAYNA,10170.481651376147
GQNSFLGNKHD,1996.0779816513761
LGFSNSPNDVG,2465.6330275229357
NAFQFWDRDASG,7313.922018348624
NFSHSHALS,3843.623853211009
VSYHDHFENKL,3220.97247706422
RVADSRVWHLG,5921.073394495413
NKQNQEPARKVL,1154.105504587156
PEGNQALSG,1158.045871559633
PVKVPHEVAG,1067.9128440366972
ARGEPRHDALG,1666.9128440366972
FHWDFSEDLG,7571.651376146789
HGRWNDLDGWNH,8225.256880733945
DYDQGYKHDVLG,2443.591743119266
VFVESHDSG,2634.348623853211
ERHDFNWVG,4379.9495412844035
NVNEHLWNKAS,1940.1467889908256
ARFVAKVAS,4272.582568807339
LLRGVLG,5574.688073394495
EFQKWNAL,2762.701834862385
RAGQNFHGEHLG,2789.4449541284403
PKAWNLEAEWKA,2339.821100917431
RWVFQFRPDSWH,22768.940366972478
SDASYYWVAL,16028.738532110092
LHGLSVG,3251.4908256880735
RFGAVLG,4414.894495412844
HPGDVRVASG,1169.4449541284403
WVQHWLSHSG,8556.426605504586
PFQKNAG,1540.0550458715597
DYSSPNLG,1752.7018348623853
SRWWGRNKHDA,3496.4587155963304
KEYNLWLQPWAL,17666.5871559633
HNLHYSG,3701.5045871559632
VNSQRLEYVA,3291.3899082568805
QWWAAGEKALG,3233.7522935779816
YNAWVQFYKFWH,21697.183486238533
PARKDNHGQEWN,1744.380733944954
DFFRSGEWHVSG,5745.045871559633
FKSENPNVGYH,4249.917431192661
QKAEQKDSKVG,613.7018348623853
RPHFPRPVRYAL,14439.183486238531
EYYWNSWNFRHV,18063.633027522937
LHPWPLG,10650.788990825688
AEVWLNSG,5078.518348623853
PESWFPASG,5577.633027522936
PREDYVLFRNG,7794.619266055046
WQKHVQFRSQWN,9471.201834862386
RNLFRASNKDE,1681.6788990825687
PFEQFNKPYAL,11897.334862385322
DGWEDQFRWDLS,12301.29357798165
PGVQPASRKAL,1729.9633027522937
RPRQPNRDG,1958.8532110091744
SYHFQDSG,3519.697247706422
VEDHPYDAG,2691.8394495412845
HDLEYDQHDNKD,1766.4633027522937
EKDEQNSFYG,1642.545871559633
WNEESWNG,5349.798165137615
WVPVEHRYV,9795.591743119267
HWDHFHSG,6408.477064220184
PDLNYKGRLG,3045.802752293578
QFENVSKSFQWK,4673.711009174312
HVWVFLSALG,39303.48623853211
HAFRWPDVQG,6172.380733944954
VWDDWKAS,4075.4862385321103
KHKGHDSEKG,633.0733944954128
FEPGVALKRND,2479.8256880733943
YHSQSPKLNHD,1879.6697247706422
ASFEGDLNVAG,2363.756880733945
SYDVNDPNKDA,1236.073394495413
SPDPLSNALSG,1376.6697247706422
NGWSPNSYSG,5199.018348623853
QFSRGQYQEDV,2724.9036697247707
VRHYSQNHDVG,2709.591743119266
RPRFFPYWDLS,21629.655963302754
HDGKKVSQKA,852.1926605504588
PQKLLQWLSG,6171.022935779816
DVKWDLWHVAL,11607.385321100917
HKRNDHSG,1165.6376146788991
EFHQQWKAG,2502.821100917431
AWDWYNVLS,15107.935779816513
WWYHHDLG,13565.059633027522
KPSKEKG,661.9220183486239
KWNLDSWNHA,4342.362385321101
PAVLGQVEALG,1979.366972477064
DENGKAEVL,909.9495412844037
LHDKQRDSG,1079.059633027523
ENFEHGPVLEHD,3159.1146788990827
LEEEHDVSG,1292.3761467889908
YLYQKDRPHV,3663.0137614678897
QGWYSGYNKVG,6683.243119266055
EEWLEAFAL,15071.908256880733
FAQQYWYKSG,7355.266055045871
VLYNSGRVQKD,2989.321100917431
FPWYWRWAFASG,23621.105504587154
YGVPYASKHD,3747.151376146789
GPDGGRDAG,1135.408256880734
DQSADSG,900.3532110091743
ARKWSRNALS,2430.756880733945
AEAYEVALG,3408.5412844036696
VFKPLDVG,3008.5412844036696
KSQHHQFYDV,4415.321100917431
RENWHDPDRWKG,3489.5963302752293
LVSLGHG,4404.981651376147
FKHSHVPLGEKV,1731.9633027522937
PVRYNYVEYLS,34626.2752293578
DSFNFEEPAG,2997.706422018349
KSFVKHQPWKL,3716.3348623853212
NREWLVAQREW,13458.422018348623
FRHWNDFHEKL,6891.123853211009
RVLSVDVASELG,4289.518348623853
RAEEDAREPSG,1102.0504587155963
YVQEQFEFPWVA,26221.018348623853
DFNEAQEYKDL,2251.0412844036696
NYAHNASG,2343.2247706422017
FYRADSGASG,2314.954128440367
PHVRKLGGQRPV,2762.9174311926604
YDGQFGDAQWVG,7758.802752293578
YVAFPNLGKYW,13231.697247706423
ERPQLGRYWN,5378.087155963302
AYPWAESG,4166.940366972477
WAWEASFWKA,17315.44495412844
ELWSYDRLG,12101.412844036697
QRKDSVFPNDWN,3316.729357798165
NSHASVGYDA,2862.3073394495414
NAYLWDQALG,9426.128440366972
KRSSALSG,965.5642201834862
AYVHHVS,3647.0183486238534
AKPPASG,937.0091743119266
KLYGGRPWNDL,7253.665137614679
PEVYHDHG,3199.7155963302753
VPAFFYSG,22902.619266055044
LRWAHASHALS,7337.238532110092
QSQAYGQFHV,6002.284403669725
QSFGHAGWALS,9646.944954128441
QRPDHGWGKSG,2390.6100917431195
RSQFYAQNFEYN,12479.128440366972
WFSHFELSG,13766.02752293578
HKYNKYG,1835.045871559633
HNDRFHDSG,2512.8394495412845
EYSGYGYDQEPV,3957.5229357798166
KEHPEPLS,1478.0091743119267
QKWNRWLQYWL,21417.52752293578
SENSRYGYNHV,6165.100917431193
KAQKQNPHLSG,1197.7935779816514
LRQDDSG,1345.3715596330276
NEQYEALS,2448.97247706422
PLWFKDPVA,7638.091743119266
WWSRQKVSG,4497.376146788991
AQWRDGYNHAL,8594.050458715596
VKSRQASG,998.9311926605504
YDARASVAWD,7271.733944954129
DRPNNKASPYAS,1477.651376146789
KHYNSWHEPASG,2829.3669724770643
WHAWNFKPYAS,13454.362385321101
QRPHNKWNHFNS,5029.311926605505
NSWSRDGDAL,4051.5550458715597
NANGFNEHG,2566.0091743119265
VSDNHRYWKVLG,5320.45871559633
QYSPQALSGNVL,2849.97247706422
LGLEYKEWG,4611.651376146789
QQRWEPHFHD,9208.279816513761
WLFDPNSEHDS,4852.238532110092
GRVAEYGQDLSG,2285.8990825688074
LLELQEWHDVAG,4655.431192660551
QAAYLRKAL,4989.339449541284
WKQWHKDLGWV,10810.243119266055
FFRGSQPKHD,3283.3119266055046
QRNYRPYFHS,11774.949541284404
PRWKPYPWKDL,8108.582568807339
WGGDPHSG,3348.8348623853212
KFLLASG,5839.582568807339
VFDAYKQPWVA,8142.775229357798
PLSFYVDREAS,17274.857798165136
FNGSRPQFLS,10103.29357798165
LSPHDDRYKSG,2075.169724770642
YEVQYWNYV,15187.981651376147
LLQFDWLSG,15967.885321100917
FVDYVGQYDA,7480.770642201835
VKRHADVLS,1820.6009174311926
SKYLFNS,4568.931192660551
RNLAEPGYVAL,8570.880733944954
LLFLHSG,13538.573394495414
NPDSANAG,1008.3761467889908
DAFSHGRKHV,2589.4266055045873
KPNKKAQEWKS,748.9816513761468
SPQYAWSG,4578.564220183486
HFLLFPSG,21293.536697247706
VQKVSHVEHDV,1593.7293577981652
NWDFLWLSG,21748.798165137614
GHQLSYG,5000.151376146789
EGPDLPKPDLG,1113.0091743119267
HARQRLYWKLG,7626.518348623853
HLEHQYDFPKG,3945.0504587155965
YESGQPQPWK,4741.454128440367
SEWPQRYHVL,14839.321100917432
ELREAWNLSEHV,4991.01376146789
VWQHVRALG,8402.252293577982
RWNQGYVGQKVS,3894.798165137615
NKHAAQFNREV,2049.2477064220184
KVQRFNFKHA,2758.9816513761466
SDRPLLSG,3217.862385321101
EVLKHEYDWNV,3581.206422018349
FQSQFDFENDS,4611.880733944954
DRQNFNSG,1717.1788990825687
RQQDQKLSG,1096.0229357798164
PYDHNSQYKV,3984.087155963303
KYKWYWG,7254.5504587155965
HWDFKYHG,7106.435779816514
VYYKKLSG,3495.3073394495414
WDPNKSEARPKA,1373.8256880733945
NLKSEVYSG,1937.8302752293578
KAYGVGQEYNKH,1855.1788990825687
RGGEYDYWKDS,3245.123853211009
VFQSKASG,1882.926605504587
WNGGVGRYNG,5875.256880733945
FGPEANHDVL,2498.0045871559632
WFFEEYNSG,11585.408256880733
QGWDYASQEPYV,7652.917431192661
EFRGLRDSG,2598.559633027523
FGYVYNLPYDAS,13054.178899082568
NQAFEHEWNDS,2961.8899082568805
QSAPPKAG,940.8577981651376
RDPHAGEFHDVG,2394.733944954128
GVFWGYKHD,9779.366972477064
SYLQVPDLSG,3751.3577981651374
FVHRFEHS,6180.206422018348
YRFSKLSG,4094.5229357798166
NGALPVNVS,2139.761467889908
NKFYRWLSHDV,8995.344036697248
LEYDKALQNKG,1652.9724770642201
QHFANVSKAG,2177.238532110092
RALLPHAFRYWK,12868.174311926605
VVQYAVG,5046.215596330275
LGGHLSPLG,4653.3899082568805
DEGDKVG,935.3302752293578
LQWSRVVAS,8825.371559633028
DSWEQRPNDAS,1940.7844036697247
FYQSRLGRVAG,5232.068807339449
VFAVFNHDAS,11157.371559633028
HPRHGHLG,3026.4908256880735
QRPYKRGQQNK,1288.4449541284403
ERHSYVANKA,1718.334862385321
RLRHLQSWVG,8852.045871559632
DARKKHGRYNVA,1583.408256880734
NVVVRDAG,3764.637614678899
RFNAQPWVWHDV,17491.967889908257
KGFGDYWNKH,3218.422018348624
QYREARHGQDA,2264.206422018349
KAGNRNLSFNH,3652.8853211009173
KHKRGWKHAS,1214.8623853211009
HLYNYKSFEYLG,12720.97247706422
REGFVAEPKFRW,8959.201834862386
DGSAEKVALS,1096.834862385321
PSRFSGKVAL,4200.366972477064
LYEGPSG,2449.3348623853212
YPSDRWAG,4337.536697247707
PFGVSKSG,2835.52752293578
HAWQSYNG,5617.95871559633
KPVFQVAG,1975.6376146788991
DRNHLDVEPKS,1319.954128440367
NKELFVAEPWN,8876.330275229358
DFGYDQAS,2751.8348623853212
RWQLSWHEDA,7158.729357798165
KREYVRDPYK,1956.1146788990825
LQNDVYFRPYA,15133.495412844037
FKYFLEYWNG,11262.495412844037
NQRKLKAQFKAS,1273.51376146789
YPLEKQDVLG,1705.967889908257
PSADHVSG,1487.4587155963302
HVGLVLQYNVS,31567.211009174312
SFHDNFREHDL,5808.692660550459
DWDGNHLWA,10813.51376146789
FRPPNAFYEWNA,12897.243119266055
LHSFVPNHSG,3848.9311926605506
SDWQNASG,2149.412844036697
QGWYHSREL,6513.981651376147
KFHGSNASG,1556.665137614679
VDELQLSG,1812.6559633027523
FYPPQVASG,2195.830275229358
RDEKAPDALWHV,4071.0504587155965
NKFYPYKYKLSG,4969.321100917431
YVEYVNVPKL,12354.059633027522
AGVVHLS,3243.743119266055
FNRLWSQYWNA,14617.848623853211
YLVNQYHG,5982.307339449541
EKRRGQFYWH,6913.211009174312
QDWENQRNKHG,2104.8256880733943
GFEWLDQPLS,14179.220183486239
HSHYDSPYVSG,5027.477064220184
GDNLNLSG,1719.2477064220184
NSDEQPAG,1072.7706422018348
YYVLHKHDLS,6193.977064220184
RSQHGFHQKHD,2517.4036697247707
SRWKPHDGFDG,5280.334862385321
VRNEWLQFWK,11219.155963302752
NHREFELPDL,5126.628440366972
LWSNEPG,2844.8073394495414
PSPYASDAEYWK,3065.605504587156
QKLRQKVAPG,919.6192660550458
DLQSYKEWLS,3869.862385321101
AYSPVPVS,1894.4816513761468
GWGEHEPG,1965.788990825688
HLGEFDVLVG,14657.56880733945
KDVENQWLQESG,1651.619266055046
GRPAYALWNHS,5550.018348623853
DSVHNKALS,1001.1697247706422
DFGEFNG,2890.146788990826
WYAWWASG,13777.59633027523
HSPAKASWDV,1721.408256880734
GWASQSPDG,1970.211009174312
NLPKKDFPL,1449.7522935779816
NFKQDFYVA,6139.756880733945
GQDWYKVLS,5535.573394495413
RYGHYWRYHAG,8779.045871559632
PKWDHVPVLG,3741.0
LPANPYALG,3801.706422018349
FDWKFRSGNH,4141.568807339449
EPSLFHGEKVA,1376.6788990825687
KFEFPPYKHA,3799.1009174311926
WKQNHAEGWKS,2375.380733944954
KKSSQSG,794.9724770642201
SNHSKFPA,1500.6146788990825
AEFPKSDSG,1106.4495412844037
VLPVLYSKDL,8544.022935779816
WKPLWVQYWHDA,16901.481651376147
HDPHQVSFWDS,6606.48623853211
QGDSDFAG,1307.151376146789
FALHAFRQHVL,11191.729357798165
KVWAHDVSWVAS,6545.623853211009
VKYHWVLG,6441.142201834862
PKKKRDLG,618.1238532110092
RNFYGFARNKVA,5421.293577981652
AGHGHQEPKDL,1010.0963302752293
SNDYPNAG,1546.545871559633
NWPVLSS,7045.3302752293575
LQPNWDRWDA,6007.307339449541
KSVWYNDSG,2455.151376146789
LFPGSGHDVS,1853.7706422018348
EAWSVQEPNKA,1066.788990825688
NNGQDEWSG,1700.5091743119267
RFFNNKSG,2878.623853211009
LYAQDQWNHD,3595.4449541284403
SEASPDSYND,1482.3761467889908
LPHANAFPNKL,2525.8440366972477
KHGVEDAASG,823.894495412844
NQNPSFLSG,2823.2155963302753
QKGYGRFREYA,4347.655963302752
RKQDLEWDVQYD,4369.01376146789
EQSPKWSG,1199.967889908257
KPNVQWPWVAL,10270.729357798165
NENRAQYWKASG,2866.316513761468
QYEVRENYHDVL,6258.568807339449
GVLHYSG,5307.518348623853
QDPPARPDSG,985.8256880733945
EHFEVLGGQKVG,2388.4174311926604
GGRKLDLG,1750.4816513761468
NFRLWGEPNDL,7265.362385321101
RKYFSEYDA,3972.330275229358
RQALDSEYNKH,1938.5642201834862
ARHFVRHALSG,5477.045871559633
DAWWWVASG,13542.62385321101
YWAWNQWEPHDV,11117.050458715596
WQASQDKHDA,1602.5504587155963
LYNANLYKDLG,4391.293577981652
NAAYYNHDLG,4905.142201834862
RGQSPAQFYKS,3389.256880733945
DVFAWDLQFNSG,13831.408256880733
DPRREASG,1118.0550458715597
QLNPASQFKL,4106.747706422018
GVGEALVSG,1758.3119266055046
NWNPYWLWHAL,26089.550458715596
PVFLFKVASQPY,44588.62844036697
FGLAALG,6652.600917431193
DVYRPVPWN,9077.69266055046
NGARLGDG,2315.5183486238534
KFLDHDG,2431.743119266055
KYGVLWSG,7119.642201834862
HKSHWDALG,2796.9770642201834
RSWNNSYKLG,4341.385321100917
RPDAYNGYEPL,5618.440366972477
LGHAHVREPNAG,1961.2522935779816
RVLQHEKHYHDA,2523.3853211009173
YWRESGQKGFEK,2766.7155963302753
APWYWPHAG,11711.146788990825
NEDFGKVLS,2820.256880733945
PEEQKSG,959.4128440366973
ALERYAYVG,13830.545871559632
KSLPKEALG,964.243119266055
WQFDPDSYDLG,9943.839449541285
SGWKNGFENHL,4515.353211009175
HWKHQQWHAS,4098.977064220184
QFAAHAQNKA,1593.9770642201836
DDLKHWVSG,2473.6009174311926
QRQPDRRNALG,1782.1467889908256
QREWGPRPKGNK,1327.6238532110092
WAHLAENVAL,7740.188073394495
HWDNADVA,3399.6605504587155
NHWQHLFYHLS,17489.197247706423
PYKNVALHSWN,6708.334862385321
LFKVFQWDS,13566.88990825688
REDDNKVSFDAS,1402.0688073394494
PWSEWDFSRENL,13905.98623853211
RYEVKDLPKDG,1706.8853211009175
FVAQWEYWPNA,18550.032110091743
DDAYFHLSG,6026.087155963302
KHLQPSHRYHL,5005.5
YVDGQPFDAG,5358.229357798165
QERQAQWNHASG,1692.059633027523
QYGKDSEFNDV,1842.5275229357799
KQFLFDSQWKHL,8673.288990825688
GDKEKSG,692.2752293577981
QAHSFWYVSG,15862.715596330276
AFAWSPWHA,15941.362385321101
YEERYVALSG,8785.605504587156
GPQHEWG,2472.6559633027523
YAKVWNWNHG,6244.385321100917
VDLDLDG,2837.821100917431
RAGENLRRWNH,5717.720183486239
WQLNDQRLSG,5253.715596330275
LGPLSDFRHVAS,4041.1926605504586
HYFVFPAG,17756.298165137614
WAGVVLQKAL,16531.440366972478
SFPEKPWNKL,2706.1880733944954
LDAKHYAG,2178.3715596330276
FAKVHARKSG,1409.5183486238532
QKPYKPYDQRG,1962.0045871559632
RQRQRPDWHA,5122.573394495413
YHKLGFFYNHD,10850.270642201835
WLAQPLFYDLS,30981.80733944954
YGEWFASRKH,8117.394495412844
DRNLFKGPAS,2458.376146788991
FAQPQVALGLSG,3216.8440366972477
DNQEFNLSG,2151.564220183486
FQNFQPKDVS,2597.408256880734
HGVHQKLG,1832.2293577981652
YQHSNHDPKAL,1910.559633027523
DRLPGQES,1119.2431192660551
PDREPSKFPWDL,4321.605504587156
FNRWSREVLEPL,9024.38990825688
KEKVYLYVG,13439.142201834862
DAGEGNVLGYA,3378.4266055045873
AGAQFEHGRPN,2499.770642201835
LGWWQRKAG,5538.032110091744
YLWQWNSPVAG,7414.834862385321
YQKKSKHDVLG,1266.7064220183486
GEKQHQFNHVS,2360.605504587156
KNAVNHG,1415.7935779816514
SDLRYYVG,10363.188073394496
AYKRYQEALS,2756.8715596330276
VYWWWHG,19551.935779816515
GPLVVASG,3367.169724770642
WKWVGQPKFEN,4178.394495412844
NQPSQYVRWNA,5297.05504587156
NQWYPNDG,6468.518348623853
DEELQESG,892.8119266055046
LNAEWHHSG,4214.724770642202
WDWPQPKAS,3967.3119266055046
FALDEWHRPKDV,4318.348623853211
FLNDNKRPLG,3063.4954128440368
YHHWQYHSG,7713.678899082569
SEQVRWVA,6216.821100917431
EESPPNSG,1077.7293577981652
YHFPHGQRDNKA,2193.7798165137615
PNKHNHAGQWFH,9418.683486238531
YEYYGRWNDALG,7010.784403669725
DSHYDNALG,2558.4266055045873
RKDPDQREHYDG,1535.591743119266
KNFQFHDVL,5790.178899082569
FHDYYHVFWNL,19115.01376146789
VNDSQAYLG,2786.729357798165
RPHRVQRNFRNH,4634.238532110092
GEYLDAGRKHA,3092.821100917431
ERSHRSG,1385.7247706422017
VLQRPWRKPWD,10663.697247706423
PSKKRPLSG,1112.6422018348624
LFFLESG,14842.70642201835
LSQDRSEKVG,1233.9770642201836
FPNPQFHQPK,3058.4266055045873
EAGFRFYGKDG,6564.422018348624
VFHFFENHDA,8383.454128440368
DVYNAQDLGFWG,11925.243119266055
WPFYARYG,25118.3623853211
GVLALDSG,6698.573394495413
GRYSGFNFPYHA,14530.935779816513
VWREFYDG,13987.353211009175
EAFNYHLEDAG,3815.4954128440368
HSQYVQFNLSFP,42372.2247706422
PVSQHAHDAKVL,2274.256880733945
YRDHGWDVS,5743.564220183486
QSSNSEHG,1112.3577981651376
KHNDRNVNDV,1225.380733944954
KAGKSFQEKVS,862.4495412844037
FNPWQQEYNHD,6273.532110091744
QEWWHASWLHV,25404.119266055044
EESVNDG,1178.3715596330276
SRGSRPKHDVAG,1655.3073394495414
HAFKAFYEHSG,6587.087155963302
EKQPLQFYEYH,6825.252293577982
LQPWKYHDPHAG,3840.9495412844035
EQEEHGFYVAS,4917.09633027523
NRNPRKVLG,2043.2935779816514
ASNLVRKHDG,1994.6146788990825
EHSNKDAGFEHA,1313.2339449541284
SRDWFKLG,6316.619266055046
HENQVRYHDV,4304.642201834862
YNHSKYKSPWHS,3950.5963302752293
RHQDVENKSFRS,2015.4587155963302
NWLQPWWG,24383.366972477063
DESKDYDLSG,1326.0642201834862
NRPKEWKFNDL,2235.321100917431
DYKGENDSQFVS,1925.9954128440368
EHPLPVWVAL,12104.146788990825
AFNLASGRKHL,5062.504587155963
PGYRYGRYW,15599.963302752294
NSFNLNRPDV,3736.330275229358
YFHVNVYDVAS,15608.963302752294
PVEGRWRVLG,10023.146788990825
EQAGASWAL,2756.8440366972477
NPNREPGEPWKS,1733.6743119266055
HDHEGHDSG,1392.288990825688
WSFNREWNRNVS,9079.252293577982
KDLGHSRDEALS,1515.1605504587155
WRVWWHVL,29050.550458715596
AFSKRDSG,2001.0183486238532
YHWQSPYLS,12910.243119266055
RVPPHLFRKS,4043.316513761468
DHSWEHVLS,4533.866972477064
YKHYREKRYNK,1507.5688073394494
DEEVFWAS,4923.068807339449
RARKHFWAFKH,5879.348623853211
KAFPNRWVPAL,7137.591743119266
NSLAGDLS,1804.8119266055046
FFLWYNVLSG,7813.811926605505
EGHAQWNQRK,1864.6559633027523
VRKVHAPWKVSG,2402.587155963303
PYPKRNSWLG,5195.853211009175
YNVQVARKSKD,1710.6559633027523
ENSEVGNLSQP,1698.5045871559632
HWKVRVQWVAL,24564.775229357798
ASHNSFEG,1837.9128440366972
KVRSEPGWNKHD,1657.2385321100917
YVNNKAWL,6768.064220183486
WVFWPSPYKG,15285.022935779816
PRDQPAQFWKH,5471.44495412844
WNLWRWSGDAS,11297.550458715596
NGFDLFREFYNL,21853.93119266055
HGPFAPNVLS,4461.857798165138
WYSFKEWNVS,9123.422018348623
VRDFEGASG,1730.7018348623853
KKSRDHLG,843.1788990825688
LKAEVPDAS,1077.4770642201836
EALGNFVSFWH,23602.128440366974
YGVAKDPHDSG,1522.848623853211
PGSKQRAG,904.9495412844037
PHVDRDASQDVL,1774.573394495413
VQRWYVSWSG,22427.009174311926
NAQYEGFYDALG,8417.848623853211
GNVPVFNDAS,2523.137614678899
PNGWQFPVFHDS,18720.853211009173
ESDSLQRWDL,3390.229357798165
WHLSWDQPLNH,11715.224770642202
WKGSSGPWA,5990.022935779816
VWDVQFPARPLS,12534.844036697248
AGGVWHVLS,7745.288990825688
NRYYNNDVLSG,5930.798165137615
FHVAQRGWRHG,8198.266055045871
EGFRPGNVWHLS,6913.119266055046
VFYAFYHLQRWD,21553.19266055046
QRQFAGHLEHG,3439.2477064220184
QEFKEWSGQPKV,1627.6146788990825
ENKDWDSKDQNA,1108.440366972477
QAQFHSNVGQD,2468.1422018348626
AHAGDQAG,1019.5779816513761
LALRRDSG,3566.0825688073396
ELEFFEYNKL,18102.784403669724
KHYAVLFDVSG,17696.339449541283
QHAWFEYVYHDL,29701.738532110092
PDQWEPVELG,3510.8715596330276
YWQFQDLSND,7915.90366972477
HQPYPNDFAG,3380.743119266055
HALYYNAGDVG,5984.591743119266
LYSKPVLS,3591.3990825688074
NRKSNGEHSG,1046.059633027523
ANYVDSG,1842.3394495412845
DEYFEDPYNVL,7617.284403669725
EWWDPNVEKSG,3215.1605504587155
NGGFYFDVAG,18261.95871559633
WVQDPQNDVASG,2113.064220183486
GYHGQFANVAS,4204.385321100917
HAPKAQHALRYN,3362.211009174312
PHHWLSWND,11388.37614678899
KPWSGEHPKDVG,1302.5688073394494
ERDHFKLS,1789.1743119266055
RDNWQEWG,6001.091743119266
KANDYGRDAS,1314.5
YPEFRHDAS,2495.1559633027523
VWRNSEG,2517.733944954128
HWWHFHLSG,16550.197247706423
DAAKQRLSG,1338.6146788990825
NFNYWPNHAL,12946.183486238531
EYAPKLEASWDV,2741.5550458715597
HWDPWWHG,17240.788990825688
ASWHQPGFVAG,6648.183486238532
YSKDRDSYNDS,1727.1009174311926
HGYPFRYWNDSG,9580.311926605504
PPEHNKDASG,1123.2981651376147
YFPGVFPWDV,17828.119266055044
GHADANG,1171.880733944954
FHWVSAPVA,6589.399082568807
HKDGVEHLS,1152.0229357798164
KSLRQESG,877.2522935779816
QAWKHHQRLSG,2663.940366972477
HHQYAYSG,4458.353211009175
YPEWQEASG,2419.233944954128
LELNFESG,3418.6100917431195
GAPKRHALG,1534.9587155963302
NFNGKAQRNH,2411.9862385321103
VDSRPKPDA,1045.7614678899083
AQWNPYKHLNLG,5698.114678899083
DQPSNGQFEYWS,4875.688073394495
KRRLHLSG,1589.4128440366972
EWVEPKREWAEH,2444.211009174312
LKVRLELG,11384.564220183487
PNHEGQNKPG,1139.4633027522937
DLSEPNRGWND,2933.894495412844
FFRVWVRYNL,28698.032110091743
FFYAENVFVL,32681.92660550459
FANRGPWDG,7936.385321100917
YYEFNLG,8223.935779816513
PKAARNKFKHDV,1029.1788990825687
QERAYDSNKHDV,1083.1467889908256
SQRVGASWKL,4260.646788990825
EEHLAGPYNAG,2081.1146788990827
WVDVYDEKS,4113.045871559633
PQYVAKDHVG,1509.0779816513761
FLHYVSRPYHL,11779.321100917432
NPGQHRDSG,1218.7844036697247
WHPQNKVYLS,6014.04128440367
DLNPAFPWNDL,8464.477064220184
AYNESRWALG,4844.5091743119265
HVGDPWVPYWH,16659.146788990827
EQNDYSRHLSG,1906.9495412844037
NKKFHDREWN,1910.5183486238532
FFLAVAG,9043.114678899083
KVRHFRSNDLS,2799.935779816514
PHARFEALHD,3487.211009174312
FDWPGQPWNKL,7097.743119266055
WVEHSHENKHS,1748.7981651376147
LWEAYHLSG,7275.082568807339
YKHHEDLRALS,2413.0366972477063
PVLYWPNRAS,11761.743119266055
DRNVRNKQNLG,1517.1788990825687
GRKPQWVASG,2430.9495412844035
VRFKGYLG,5388.9908256880735
GHQFDLHG,3671.0688073394494
SVRHGVG,2083.316513761468
HGEDNDSRDVG,1316.6834862385322
HWVWRALG,13151.077981651377
SDLEFNVSG,2751.6605504587155
NQEQYGFRHVG,5025.036697247707
EQDGKDGHALS,1027.7018348623853
SFRAVNHVAS,3386.183486238532
GNSYELSG,2165.0366972477063
VVHLVAG,5605.733944954129
LNWLPKLG,6558.211009174312
EEKFESYNAL,1819.8761467889908
SWHPREHG,3054.6100917431195
HAYWPVLYKAG,12457.839449541285
WDWPNAFRKVS,8857.188073394496
EYNGRDPVSGE,1303.440366972477
LRKHLHYVLS,8980.412844036697
FPADQFKFRHDG,5750.279816513761
PENEFEKHAG,1481.8853211009175
YGHFWRPYWLS,20597.509174311926
DVVKPKSG,881.0091743119266
VHRDSDLS,1477.6834862385322
YPFNLNALSG,5625.302752293578
QSFNAGPWQRWK,7880.816513761468
YVSFKFENQNDV,8771.357798165138
YPSFVFWDS,27906.105504587154
AALPGWLSG,6112.325688073394
QDKDWDFYWNDV,7290.527522935779
HRAGDEYWVL,10940.600917431193
EHNLPNEPVSG,1185.8532110091744
GKQVDVSG,848.6697247706422
QRERKVPKDARL,913.7293577981651
LGSALQVAL,6964.325688073394
LRWYYALG,14095.256880733945
VLGGKVLYDVS,8613.862385321101
VDENYVAS,2048.238532110092
SSWSQFYH,12989.059633027522
QPVWVFPVYALG,49857.49541284404
WDQWPKFRPWNV,14968.688073394496
EDLAEEWHVG,2335.087155963303
WNYWPKQFEND,6283.871559633028
QQQPFHLG,3837.1146788990827
NFYVDLPNKA,5686.155963302752
EHYFAQHDS,3777.6926605504586
YDSGPRNRPDG,2162.353211009174
FVRGWAPKG,5189.587155963302
QKQREKRPNFKD,1009.9266055045872
VENFDQRPNVG,3099.821100917431
QYQWVAYYNHD,16532.697247706423
PFFHNVALSG,10337.435779816513
RGAVWKAS,2288.3715596330276
PDVDSWVNVA,2954.2522935779816
AGVRYHHDG,3607.711009174312
VEAYSKDVSG,1527.9633027522937
YQHNQWKSG,2995.619266055046
EDPVLKQNASG,975.4816513761468
ALLGPVRHLG,7071.637614678899
NWGDVELG,3638.9036697247707
WYFWGPLG,15410.802752293577
HWALLFNLSG,22756.01376146789
QSDSAQWG,2457.3394495412845
EVFGEYVAFEDV,11249.669724770642
YNLLHSRWKHDS,4707.018348623853
FEPAKVRHAHL,3235.3440366972477
FWPYKFYHYVL,13176.591743119267
HAVKNASG,1286.6467889908256
DPAYPWVG,4429.412844036698
KDSENAKFPWG,2749.922018348624
LQVEKKVG,1024.6697247706422
YFAKWVG,6494.711009174312
FHHELNHASG,2503.619266055046
WWHKQLSG,5174.963302752293
KYWFYAFPNKG,7569.256880733945
RYQPYRNVRHV,7158.8899082568805
YALKFYAQFHA,18457.155963302754
LEYFFEHVAS,13332.009174311926
GKHGWEWG,6319.284403669725
DSKPEWHDAS,1449.6880733944954
AVLEDKDASG,1067.3119266055046
RNREDFGQFWL,16904.128440366974
LYWPAEPND,4852.912844036698
HASNSPGPWN,3270.261467889908
PSAVHVAL,3475.880733944954
EAEESFYKHLS,2136.298165137615
FKVALHLASAL,15587.270642201835
QFNKSLFANAL,6611.243119266055
KLDFFNLS,5304.045871559633
NWGNEYG,5727.073394495413
QALSFFRDYNA,12478.761467889908
NYDDNHLG,3379.7155963302753
YPVFFYKHDAS,17132.316513761467
WARQGRPWKSG,5183.495412844037
YADGHSNKHAG,2132.6651376146788
FEYVEVFWFYNA,45893.71559633027
FHPLNDVYKDG,3611.2477064220184
PGHGEWDWD,8494.435779816513
ASDSHARYWKD,2934.9449541284403
SKFEVKS,1410.5871559633028
VYLEWGNSG,7786.261467889908
AERWLKASG,3299.3715596330276
DQEDAQEKFEWK,1345.7293577981652
QDVSYGFKVNVL,16003.45871559633
PNAPAYAVLSG,5688.261467889908
ARFFYASG,15866.51376146789
HPGYNNDLS,2761.4908256880735
EPWVHVASSQFV,16178.408256880733
RHSLAGKDVLS,2036.3119266055046
DVPYAEDRYHDL,3846.743119266055
QAQQWKHKHG,1804.5963302752293
PWSAYKLSHLS,10704.853211009175
RYRHNKLGSG,2204.7522935779816
PHRHPDFYKHA,4686.417431192661
RVYNLSQWKLED,5509.0091743119265
FHFGHDLYLSG,13764.022935779816
RLFDFPGWALS,19701.518348623853
NSRKDFVLSFRK,7366.853211009175
KFVAAEPAL,2229.3577981651374
SWPWEHSG,7125.761467889908
YGPLVWHAG,8671.729357798165
WLEEGEYWVAG,14344.201834862386
NRGLPKLG,2895.353211009174
RLYFNDSDLS,8383.834862385322
SQAVGWAG,4267.408256880734
FSLNFPALS,9752.770642201835
RQSAPKDVALSG,1524.2660550458716
RSWAQRGFEYAG,8190.252293577982
YNGDYKYWLSG,7696.688073394495
ANKGWGFHAG,4795.775229357798
WDHLFEPKLVLS,25953.811926605504
QNHPWREVQRK,2919.2477064220184
VLARPWRDVLG,11881.62385321101
VSYSALGYVSG,10770.477064220184
VALDDVSKDVL,1715.6467889908256
VHSSKSG,1202.2201834862385
QEYRYNGYWSF,24923.871559633026
LDASGDRVALS,2778.243119266055
KDYHESNDSG,1182.1834862385322
KGKLRNEPYVG,1562.8577981651376
NEWNWQPKHSG,4486.788990825688
NFFLKHLSG,8449.114678899083
PKSKWKSRNHG,1160.0366972477063
QRFGRYRWKV,6237.839449541284
QAYYDGYWKHS,7747.472477064221
EGSFELHVLG,6970.527522935779
HHQNSEVAG,1258.4816513761468
HRVYWDEPL,11522.279816513761
QFHVEVKVWKDG,9587.279816513761
YFKWHLPYKHV,8295.151376146789
ENAEVQHSREAS,988.0412844036697
AGGHAQHVAG,1785.8532110091744
QFWWLFVSYNK,14311.720183486239
YVLLGQRAGKH,5733.454128440367
PPKENKDLFNHA,1245.9633027522937
PWLLKHQKHVL,8971.701834862386
QVAHLKHNVAG,1893.133027522936
RPQEFPWDPNDS,4881.646788990825
HLVVHSG,6449.495412844037
LGNYYAG,5826.95871559633
WSRDQRKRVAL,3661.8990825688074
PDGLAQFNHVAS,3620.2477064220184
FARNDKQFWNL,7452.146788990825
ADRDKHG,1041.3256880733945
QLHDLELDLG,3525.6651376146788
NADHVGYWKG,3775.183486238532
HVGHLQHQYK,4112.266055045871
WHDPHLWHQRPY,17785.064220183485
PDEEQKVG,1071.302752293578
PPWGYQFHAS,11633.353211009175
KVGAQEPENVG,1046.2385321100917
PNDPFYNRNKHG,3492.6009174311926
PHEAVLSYWLSG,18552.922018348625
HNSFNELSG,2898.3853211009173
HYKWFVLS,17809.07339449541
FGEWHHEYNKS,4971.633027522936
HQQKPYVSG,2187.6651376146788
FNSHRWSQHLG,7986.142201834862
DLQNLNVPDS,1652.4128440366972
DKAFNVLGRPNA,2315.6651376146788
DQKYSYWKVS,3370.0045871559632
SRHVNQEWDG,3748.4266055045873
SFNSPKSEHG,1390.045871559633
SGWQWLREVLG,13081.633027522936
FQLNDNAS,2346.9770642201834
DSKYKVFRWSG,4839.353211009175
EQGSNKHDAL,1002.3211009174312
AHKHWNDS,1740.197247706422
HPKFQWKLSG,2906.770642201835
LVFEPNWG,10907.894495412844
PYWAKAFEWPY,26971.697247706423
QHQFAFPREDG,4226.091743119266
DVGPLELSAS,1498.0229357798164
QHDPYYGREHS,3412.0229357798166
EHGGREQALSG,1258.348623853211
GNQPRWSG,4494.90366972477
FEDDREPAGQY,2335.894495412844
VDENDELS,1044.0688073394494
NLSNLGDGRNL,4101.3899082568805
WASAQPYRKG,5148.844036697248
GWHSARDSG,2849.2844036697247
DKAAYHLS,1644.408256880734
DFNDHSPNKS,1523.032110091743
DKGHQWVLG,3151.7477064220184
HNNRHSG,2129.4587155963304
YDDEKDAWKVL,2869.711009174312
QGHPKYNKDVAG,1336.545871559633
FPDDEWKKVA,2077.8440366972477
ARFDQRPDL,3575.7752293577983
HGNLKVPNKHS,1712.532110091743
DVVNENKLS,985.2706422018349
FFEADREPWDA,7910.59633027523
DWVNHEKVL,2981.077981651376
NDYWEHSEYWS,11674.495412844037
WWKGWWDVA,15403.577981651377
KEPYLQAFKV,4877.004587155963
RALWLQDYWDS,20719.811926605504
LQSWAWVAG,10455.95871559633
YHASLYHANHV,5931.688073394495
RNPNPKLGKVLS,1852.7798165137615
EYLDSQGYHVAS,4092.954128440367
DQKHKSGFNKHL,1408.1376146788991
HLGLHDSGDVL,4510.834862385321
KYHWLWVLSG,14817.88990825688
FQNFWYWDVG,22749.3623853211
WEVQWKENK,2742.2752293577983
PYPWRWNSRHDG,9787.004587155963
PSNFNEHDALG,2480.8669724770643
GKHNGWVLS,4767.412844036698
SNGLNLG,2485.637614678899
HHLVFPG,10597.211009174312
LSHFHSRAL,6513.417431192661
LEYPRPWNDG,7581.334862385321
KGGPKGWG,1879.1788990825687
FGYPNYWKD,7960.032110091744
YRHDPNQYVAL,8470.536697247706
QHEQYKNKSG,1164.5045871559632
LRQLFHSG,5549.940366972477
YHHSLRWNK,4094.4311926605506
YSQSDSYKVL,3083.5412844036696
FGWKQRVEDLG,3477.3256880733943
LEKDAGPLDL,2258.6284403669724
KEHWGFLSG,6295.394495412844
PHKRPWYAL,12524.853211009175
HWDKVRLS,5142.146788990825
PAPGRGVLG,2109.288990825688
ESDNPYLS,2202.3899082568805
APWRLPNKHDV,3232.940366972477
AQPPKFNKHV,1532.105504587156
KDHGDAQYWHVS,3747.5366972477063
LQFNPVYWKDS,9111.224770642202
EPWYDPNLGPYH,15943.711009174312
QSDVFHYNG,3860.577981651376
RAVPHLQHVAL,4991.435779816514
KLDSWNAGREVA,1677.2293577981652
QGQSHLGQWS,3603.8119266055046
VFPKVNLQWHA,6101.348623853211
SVAQLRVG,3831.261467889908
PSYALFVFPYD,41491.14220183486
LWARGFRG,8630.61009174312
ENRPHQGEPYG,1734.532110091743
KWRDNHAL,3423.353211009174
KYQHPYNHDLG,3279.8119266055046
HEYKQWLQKDAG,2094.798165137615
PPREVNLG,1449.5825688073394
RKRRKDQDL,841.6926605504588
PDQFSFRDSYWG,13946.37614678899
LQFPQEKHDSRN,1643.7155963302753
ELDGFYAYKDG,7509.408256880734
LSARQPNKDA,1235.5045871559632
HDLRVSPHGPWS,8519.481651376147
FDLLYNVEPWS,16687.522935779816
EDWALSYDKHDA,3315.559633027523
QQQRFWVSG,6637.51376146789
DGHEGQPYKV,1775.7477064220184
ARRDRDG,1175.1422018348624
AKAAGPDLG,871.6330275229358
FFFPHEHSG,4659.972477064221
LSQDDQPWNG,2356.0091743119265
SLFWAQDG,5584.44495412844
LKHYYHSG,3891.266055045872
FENPEPYWFEPN,6477.637614678899
WDQELEHQEWKH,3633.3990825688074
EWVNPYAFKLG,17026.06880733945
DKLDYSG,1235.4220183486239
WHKFRAPNKVA,2351.619266055046
QPKADRYVQFHD,4600.229357798165
SWSVKHVALG,5063.408256880734
GNSAQNSG,1005.1376146788991
REEYSRPPYWVS,9959.79357798165
PLEPVSYVEPWK,5161.206422018348
SEDSFVNKALS,1768.3715596330276
YKWRHDVYDS,5694.334862385321
ELRYNERKAL,2354.9587155963304
EHHKVENDS,784.5321100917431
EKFYWRHFYV,17200.229357798165
WRPVSAEYWKA,5222.90366972477
HQPLDSEYWNV,3641.5045871559632
AFAFVYHDVAS,21087.522935779816
NWKQLQKVASG,1805.2247706422017
SPERNALSG,855.0137614678899
PSKSGHQEDSG,725.2981651376147
FGVHHALS,4120.784403669725
GPLHVRPSG,2073.862385321101
HVQPFNLQNVG,2997.8348623853212
FDPPEWKHVL,3881.266055045872
RSYWQWVNKHVG,6531.472477064221
QVNEPKSYVG,1507.9770642201836
RVGFGRKDQPS,2313.9633027522937
LKASNEWLS,2718.788990825688
WQKYEYWKHDLS,5877.0504587155965
LGLEKDYWNDAL,3613.5183486238534
PESNNSG,1312.151376146789
LNQRVDSG,1710.105504587156
RWYQSFYWKHA,10819.51376146789
YFLAKASG,3356.5733944954127
KSFRNRHREKDL,1243.848623853211
DRYHHVPNAL,3839.830275229358
FLQQEVSHLSG,2695.7844036697247
NLPKNVQHLS,2002.8761467889908
WQWSDWDALS,15081.165137614678
LGNVNAREPDV,1607.119266055046
NQAFFRESG,4126.674311926606
DRYKHYSQES,1809.7981651376147
EDLVFPDFEPLG,4629.270642201835
SRAYPHLSG,4203.899082568807
WVFPGFWVRKA,17462.66513761468
RREKKLQRPHS,1287.6146788990825
LNENARVAS,1688.1100917431193
WVDVQKPHAL,4151.334862385321
EDYHQQYKG,1455.2614678899083
ESNRNDAYWG,3891.6284403669724
YYSWWVLSG,11740.045871559632
HKGSQFREPDG,1474.5183486238532
NKDAKVARWVWN,5222.706422018348
YSSWADVG,4292.211009174312
VQEEYLFAG,8025.605504587156
VRSGLQKG,1297.1376146788991
KWVGRVSVS,5154.752293577982
YYVVQLSG,18767.880733944956
YKAGPFELRKL,4483.0
HGSFYKQNAS,2527.5045871559632
HNSFYFVSG,27349.146788990827
PQVNKWKHVLS,3012.894495412844
ELGLFASYHV,19304.380733944956
DRKSWDRKAL,1705.880733944954
FFGEYSFRKDV,5467.160550458716
PDLWQVSYNKA,6056.711009174312
YERESPG,1790.1422018348624
ARKEKPDAS,556.7752293577981
GAQNSNDVALG,1435.0091743119267
VPFRQWLG,9407.591743119267
QPDGRNRYSNDS,3417.8990825688074
SYAHEHLG,3059.5963302752293
FSYSEEPNDVAL,3154.5825688073396
WDLFDRPQYNHV,11835.536697247706
DKNFHSG,1321.2155963302753
KRKPRNDVS,788.1605504587156
HRLGHWNKHD,3244.233944954128
GQQGRDASG,1163.9220183486239
ALLANALG,4211.215596330275
KHPGVLRYDA,3261.119266055046
RDYLLGRPYKG,5445.802752293578
KNLQNWSG,2992.211009174312
PGHKYDG,1717.8440366972477
KKAEYRDG,867.6651376146789
WRHYKRWKALG,4724.573394495413
YPVVPYNKHDL,4382.045871559633
YHEDHVSQPL,3711.605504587156
DNRPHEVSG,1520.2064220183486
GEQYGSG,1857.8302752293578
VHPNKNG,1445.5045871559632
HYEVQKG,1585.967889908257
FQLYDRDLSG,7101.417431192661
HHVGPWSESG,3778.422018348624
FFDEGFYWL,21888.215596330276
EKGHKVAKHAL,1221.9954128440368
EYVHPWVRWNVS,16111.165137614678
LRYAWQEKHDS,3751.738532110092
KLRWLPALWNDL,17131.174311926607
RHWYKVFPDSG,6594.701834862385
KSKSRVSPKG,689.348623853211
QQQAQPSG,950.3532110091743
SHLWENLS,5412.252293577982
YQEDFLFKAL,12159.325688073395
QFHNVFRKHRDA,3593.1559633027523
AWWHDAHLSG,8201.477064220184
WADHHDLG,4751.45871559633
GRHHDHALS,2599.2522935779816
VSYPYSEDG,3858.793577981651
AWREWQRES,3459.6284403669724
QALQLNHSYG,5397.871559633028
DGPHNSEYVS,2042.954128440367
LWSYLDG,8893.105504587156
RDYKKAGYKASG,1360.6926605504586
KEKPYDHDASG,1175.48623853211
KGLNWVALG,5832.706422018348
RHGEDQNREHVG,1547.045871559633
KRPPLKDG,954.3669724770642
LWVYEHSG,10105.614678899083
GRQEEDVAL,1479.9357798165138
VSAFYVRYHAG,23523.908256880735
LKRAHALS,2639.1146788990827
QSASNVGDV,1460.665137614679
KLFQFEWFEYWA,32065.97247706422
RANDWVPWHVG,11353.412844036697
HELNAWLSG,8327.362385321101
YAAPHGYWNL,13391.545871559632
KREYYSGWKAG,2967.623853211009
KLWVYAQLG,17100.76605504587
REVDHVSPHVG,2067.2844036697247
RFRWLFYVGKHL,19711.688073394496
SHAAKSG,1232.3119266055046
EPQHAGFQYKS,2722.908256880734
LQPGDREKLG,1028.9816513761468
SGYHPHDEYKLG,4050.3073394495414
NFYWNPKGEHV,3759.045871559633
YYHSYHPHALS,8212.91743119266
DLLQSFREWNAG,5068.688073394495
FYALWAEQWNA,12843.587155963303
QYRPFYDVRYLG,24840.408256880735
KWLVNKDSG,2676.880733944954
YARRWARPWLS,15454.724770642202
PWGLDVLGPYWD,32441.394495412846
QFKKQLRENKLS,1467.059633027523
FSWLQQRNL,8808.522935779816
YHDRFENSQNHA,2918.6880733944954
RAPPLGNALSG,1820.848623853211
PVFSEDGHALS,3525.577981651376
FKGQLFREGWDL,10082.321100917432
PVESQPVANKD,1285.9816513761468
AGGFQFDLG,7749.504587155963
PYFDDQFEPKV,6106.178899082569
VYLLGLG,17164.155963302754
ADANPDVG,1278.7477064220184
GFKNASPHDLS,2192.9862385321103
DASWLNSPNVS,3500.238532110092
AYDVEHFYVLS,25194.76605504587
EQNFGEKHDA,1372.394495412844
DEDGQQFVS,2572.2798165137615
KVFPFYWFEP,23249.58256880734
YESAEPG,1783.8899082568807
GQSGYLHALG,5243.633027522936
AQWKRWEYWLG,15111.93119266055
RNPFFRHDL,9856.266055045871
QNPGEPNQNDA,1160.8761467889908
RWGWHLSFKALW,22238.5871559633
HSEQDARWHDS,3166.821100917431
EPQLLFNKVS,4449.816513761468
FSEGNSEWHDV,4762.935779816514
DDFHRHVLS,4418.247706422018
PAHSEFRPV,2338.5229357798166
GVYLKSG,4839.940366972477
RWLWVLQSGRHS,13780.045871559632
ADQHFYHDVAL,7448.408256880734
ENFDGEQFNA,2465.467889908257
WKRNLQDQAL,3077.321100917431
YLKVNSWNLSG,6145.876146788991
EWLGWQNFKSG,8204.591743119267
EAQKQRFRKLS,1315.7339449541284
DELSSQFG,3003.788990825688
LWRPSVAS,5241.022935779816
WLKNKFKDALS,3043.2522935779816
QYSSHDVSNHV,2736.9449541284403
RHEQWKAEHLS,2259.967889908257
RLRHDHAFEPY,9017.944954128441
HVDFDSPYKHVS,4689.743119266055
DPRSQDG,1053.697247706422
NDLVPDQEDLG,1480.059633027523
DRFSGEPG,1824.380733944954
GRSAHDAL,2371.0137614678897
RLNYHGPWNKAS,4753.417431192661
YWPAVLFWDVL,39188.18807339449
HFAGKLSHDVS,2652.52752293578
NAFARYWRWHLS,17404.65137614679
KDWGVREWKA,3328.9036697247707
YVWRYAALG,15299.816513761469
HYWYHRYWNHA,11909.224770642202
QDNYHRNVS,2727.5733944954127
EKWWSPKAG,2645.1100917431195
HGKYWHVEHVL,7025.926605504587
RVRFWLPHAS,11657.862385321101
KADFQYLG,3118.646788990826
RLPVVQEPWAL,7823.876146788991
DLEDRKSFRS,2239.8256880733943
QVSGGFEAWDS,4144.247706422018
GKWVEALG,2409.9449541284403
NANVWEHDVAL,5270.954128440367
PYQERHQYVA,6252.885321100917
VNHEENALSG,1395.1605504587155
WHVVVRPDS,11620.651376146789
YYSYPKAG,2506.6559633027523
KAWPAYNG,4360.133027522936
QVRPARNWNKD,2165.683486238532
NLSRVREVYKHG,4425.885321100917
KQAADASG,897.802752293578
FRPSAQRLEPS,2118.894495412844
FYGELYNRPKH,4325.431192660551
NPVQWYWNDS,8478.371559633028
FVPAPWQDS,4116.770642201835
LAHAHASG,2324.770642201835
PAFFAPHAL,20935.83486238532
QKFFLENHVAL,10620.940366972478
AEHDSKQFHSG,1510.880733944954
EYEARELHDLSG,3044.6284403669724
LEVWFHDS,13891.394495412844
WVPSGFDGQNH,5773.587155963302
VEDQDFYKH,2840.793577981651
PDWSSRNS,3485.5229357798166
WLYSGRSFKV,11660.284403669724
WPPADVG,3180.9587155963304
WADSPLYHL,17868.169724770643
GKWFYHALS,9089.509174311926
KDHHNLG,1651.0550458715597
KAADRPSG,927.651376146789
AESSGHLG,1884.651376146789
RFGYQFLSG,12290.252293577982
EKRNWNQRKDAL,1735.8256880733945
RFHSYNKRAL,3814.091743119266
PLLDKLG,2828.9862385321103
HLLSQLPVA,4774.885321100917
YRNDHDVRNDG,2304.793577981651
NVHLPAQRKV,2911.137614678899
YHVVYNVFHL,32517.80733944954
WWDRGKDALG,5005.44495412844
KPHLEALENS,1171.5183486238532
SVLSDPKSG,1065.9954128440368
RSVAPVAFAG,5120.48623853211
VEGNGELG,1323.348623853211
EPPVGFWLPKHD,6795.844036697248
VKYWEKLSG,2824.1284403669724
HQHAVQFPNS,2804.1880733944954
HWYHVPSG,6389.816513761468
FARSALQPNVAS,3440.761467889908
DSAVKDSG,743.2935779816514
EWEWDWAREA,8768.871559633028
WSFLAGPVS,13559.146788990825
AQDLRALWVS,9682.880733944954
LSLGHSPYKA,3880.105504587156
NELYPNDSG,2693.412844036697
KVWKSDGQRKG,1348.197247706422
HLGHSFHFWA,18615.697247706423
LREVFRKNHL,5623.876146788991
FGGNSPVLSG,3097.4908256880735
YEDQSPSG,1491.4816513761468
FERNYNGQRNK,2506.876146788991
PDPGASQPWHG,2940.678899082569
LWYLYSG,7617.692660550459
FFESRGWKAG,4350.146788990825
SLNKNAG,1288.0366972477063
PAYNYNQFPHVS,7948.518348623853
QYYGHVRYWG,13181.45871559633
NVRYVSALWKG,12619.724770642202
RWRSWKGRNHD,3703.412844036697
VEGLRNALG,3457.8073394495414
NYVQLWNLS,12108.146788990825
EFSGDRWLG,5262.077981651376
GRDKSRNHVAL,2007.8256880733945
NKFVVGHDAG,2617.3990825688074
RNQPGQNGYW,6806.935779816514
KRPFPDNDG,1655.4311926605506
WGHPQALG,4656.697247706422
VNFRAWAS,7277.701834862385
ARLYVKVAG,11727.885321100917
FDSVAGRSQWDA,4171.114678899083
RWLWSGPHALYK,14309.660550458715
QAGQAEHLPKL,1206.6009174311926
VNELKAG,869.5045871559633
RAQSHDLLG,2035.51376146789
SGWRSRYKDAG,3350.830275229358
RAHKVLEPWA,3850.9633027522937
RESPKVFYLGHL,16103.490825688074
NYQRWQFS,12143.20642201835
AWSDPKDA,1775.045871559633
RFHVYKPYWHA,12354.97247706422
RDPKQFRQNDV,1647.0045871559632
NAVHGEDL,1519.6238532110092
WVEGGEKDA,1352.440366972477
VYRNVQSG,2231.293577981651
VVSREGSG,1162.408256880734
RENEFPWEVAG,3704.5733944954127
VVGWEHLG,5368.811926605505
KKGKGWLSG,1193.0871559633028
VPKHNDSPHVS,1114.2752293577983
NANLPDFREDAL,2371.2247706422017
QWQGKLSWKHS,3781.683486238532
VNGWEDLG,2988.376146788991
SWRWEWKVLSG,9744.334862385322
FGDHWDG,5004.59633027523
WGYAVGHVS,8085.908256880734
PVFFVPYKV,30289.16513761468
LNGVLHLSG,5538.40366972477
EEVNHEALSG,1106.1926605504586
QRSGDLQHLEPY,3518.5733944954127
SRKRSQDVLG,1122.9816513761468
RFNRYFPNKLS,5258.527522935779
QKWGHLQREHG,2068.6743119266057
VHLSPPNDS,1543.3990825688074
NKYRWDARH,4462.802752293578
RPEYWGDFYH,21072.23394495413
HSYHDSVEYH,4055.5229357798166
WYHNAYDS,6395.142201834862
EVFQFPYGVAS,10284.325688073395
NNRYGPG,3008.02752293578
FDYAENAFEPK,2088.821100917431
WFFVNVL,16980.036697247706
KLDRWPDVL,4401.160550458716
AFSQGRPALSG,2642.880733944954
QYRKFPQFRY,9759.885321100917
HQYPHRWKHVA,4658.844036697248
EGLPHFLS,5334.394495412844
KVNRRKDALG,1171.665137614679
EAWHYKLRHDA,3823.091743119266
DFHHAEHA,2001.2706422018348
YSWKWALPW,17700.19266055046
EFVELFWKAL,15192.752293577982
YSWNGYWQAL,12839.655963302752
PKLAEDLPYWKS,2785.5183486238534
PAVPEPDS,1112.8165137614678
HVAFVQWAFVL,49232.022935779816
QALNYWHNKHL,7090.394495412844
FGHNFYLS,11096.41743119266
PVNNYNSG,2045.7568807339449
AGRQPLRKLSG,1761.0642201834862
KNKVHSFWK,2005.559633027523
QSAAGALS,1343.0871559633028
WVRLPWQFNDLS,26591.096330275228
VEWWSREPYLS,16213.091743119267
EGVFENQRENG,1841.366972477064
LRSGFLYKDVL,11319.848623853211
LGFRQYHFNAS,9476.119266055046
YFPKNQDALG,1783.8440366972477
WNLPKPWAEWDL,12110.894495412844
KGRHRPYGEKAS,1512.967889908257
SPNHRFWLG,11137.628440366972
YSVGFAQSG,5106.573394495413
DQPDQVYKHAG,1359.4128440366972
ALLAGEAG,1485.7018348623853
SWNHEGWVLSG,7553.440366972477
PVFVSGRVARYK,11644.183486238531
FHPAKLKDAL,1493.9587155963302
EYVPEKDFRKDL,1395.7660550458716
PHEWEKGEKD,992.2752293577981
QPKQVSDARDS,782.3761467889908
NSRKVNEPNK,917.8990825688073
WKRKKHSRWD,2188.651376146789
NFKEWRKSG,2081.876146788991
EVHFRNHAPNDA,2042.1605504587155
QPSDNGFREDG,1875.2018348623853
QDLDGEVLVLS,17432.44495412844
PYQQRSESG,1799.0091743119267
EYQHSGYFYLS,27419.422018348625
GDSYARESG,1532.2614678899083
DKLLWVSG,4396.032110091744
EYRWRPDQVS,3832.5091743119265
EFWEAFRPKD,4473.183486238532
KKEVRNALSG,807.302752293578
RVGQWNHRALSD,5137.073394495413
VVAVSDSG,1632.9174311926606
LEPFNGFRYNSG,8900.545871559632
PPYYKQNG,2538.743119266055
WSENPDRKG,2275.0733944954127
FHGLLSGRNHV,5446.527522935779
WQYSSGPKHASG,4036.8669724770643
PFVFLQKSG,22823.463302752294
EWKPGEGDAL,1446.573394495413
KSNGFQYNLG,3994.711009174312
WGDPPWVG,10446.339449541285
NKSWNAQKHREP,1496.4770642201836
NNYKWLSG,4143.678899082569
RGHHYNLG,4041.197247706422
PPLGPDVNAS,1291.2522935779816
KPWAFAEASG,2994.7844036697247
KQDQAEWVL,2123.545871559633
SNGDFWNVS,4103.922018348624
HEELQPG,2193.637614678899
VLYNNGYWNDVL,13472.371559633028
KPQDSQG,965.7660550458716
QQPYSVFRPYWD,21711.353211009173
NAKYLPLG,3591.4954128440368
WQRHSNGRYWDL,14690.95871559633
WFSGVAVG,10183.04128440367
ALHSNALYNHAS,4171.229357798165
NRFWNGPYKA,7524.972477064221
PYKAFWAYPWK,14326.344036697248
EWFVSELYWKHS,22648.04128440367
FERVNLGFWNHD,13113.93119266055
RSWEDFWNKHG,5086.440366972477
SNKYLPVG,3013.4908256880735
NYVSKHRDVASG,2091.146788990826
DSKSGREKAGNH,926.1880733944954
QNWYPKHDA,4143.577981651376
GKFYHKLSG,3073.848623853211
EKHAVNVEVG,1237.8302752293578
WEKRGNKL,2148.4770642201834
RGWWPYSG,15228.394495412844
LPFKLFLG,25053.325688073393
DPQERASG,989.6238532110092
QAQNGEYFWKL,7384.105504587156
DVEAPSFWKHD,3704.243119266055
SYWYEVLG,14830.5
LKPQRHVALG,3363.348623853211
NFHAQYNDKDS,1987.7064220183486
PHVAKRNGFYV,9622.233944954129
SEHASKEPDL,1158.302752293578
LVAEWEWDAG,6318.188073394495
YAHHVPVG,3214.669724770642
VSNRYLFRAL,11925.422018348623
WGHQVQPYWNHG,11184.169724770642
FPRFLSFRYNV,27742.729357798165
QSLSFDRYKSG,3968.270642201835
ARWADSQFPYN,8890.58256880734
GRDYLDLG,4785.752293577982
YYSWGWAS,10937.532110091743
AVSHYNHG,2834.064220183486
QNPHPYVEDSG,2347.637614678899
HYNNGKHDALG,2043.0091743119267
QPLFGQGREPKD,2173.4862385321103
FQWLYEYNK,8769.922018348623
KPFDGSG,1396.559633027523
YNDFHKDEPVLG,2629.5091743119265
LGNRQNHLS,3014.4036697247707
KRPASNDGFKL,1715.788990825688
QFGQFSGPWQND,9388.114678899083
KYFWPHSG,6285.559633027523
NQYEKYNAS,1924.9449541284403
NGVNWLG,5374.775229357798
WVGASGPKEYL,4927.724770642202
GRFWKHREWVLS,10292.775229357798
RVNNHDFWNDLG,6786.724770642202
FGRYWWNLRL,18489.197247706423
VRHGFYKFKVL,14173.729357798165
EHNHEYGQHAS,1941.1697247706422
FAVYDGPHVA,7532.477064220184
QDKKHEHDAS,682.8211009174312
HFGDEYAL,6183.1697247706425
DPVNQEHL,1281.651376146789
FNFGNFEKHV,5345.376146788991
QAYSFGFKLS,19151.495412844037
KSRNPSFYAG,4506.467889908256
PFSPDSPNHAG,2543.821100917431
FAHNHQYNKHAG,2876.440366972477
HQGNEASG,962.4220183486239
AEKNEWSG,1398.5183486238532
QYFQGRPYWNKV,8986.444954128441
YAFNENLNASG,3462.4908256880735
KQPRHLHDS,1611.98623853211
VLVPRWKDG,4379.243119266055
KFQQENHDVAG,1508.8853211009175
LFAWSRVSG,8851.798165137614
GWFEKQAS,2637.293577981651
FHLPNGQVAYKD,3399.362385321101
SNLERNSG,1592.3073394495414
FSKVKARKHSG,1157.48623853211
LGHFHAFEND,5917.518348623853
RNPLSSQVLS,2082.316513761468
HGFQKAGVAL,3562.229357798165
WFNPLDVALG,16917.940366972478
KNHNVYHALS,3408.3669724770643
FRAYQHDVSQG,3349.9954128440368
HASYKDYHSGNH,2640.587155963303
LFEQSREKVSG,2220.876146788991
AFRPLNPYWNL,18243.036697247706
SQRGHSQKLG,1823.3532110091744
QEHLKQFESHD,1723.4816513761468
QQHQRYRWKA,3410.0183486238534
VGHYDFNDVG,4465.775229357798
LFYGHQRYKDVG,3984.5
DQDLGRLGNLG,2853.816513761468
PLLKVEKLS,3701.701834862385
YSGDQFRDNHD,3891.059633027523
YDSENRPGWS,5715.761467889908
NKPLDQEPYND,1564.1422018348624
RNRNEHAYNKL,2303.3256880733943
DNVFGQNKHVL,3269.8256880733943
NRKAYHLQPWN,7141.183486238532
GEWQPSFDS,6955.98623853211
EVYDEVSHDVSG,1820.197247706422
YYYHEDVA,4612.628440366972
KNHVPFPWKDG,3578.440366972477
WFHKVWVS,14636.54128440367
DSYERDASG,1437.0
SPDNFLSG,2394.316513761468
DEKSLQKVLG,1153.5688073394494
VQYGEQVAG,1441.9036697247707
WQDQYGKVS,3331.059633027523
QHENDARAGPYS,3231.266055045872
RNVFSEHLQDAS,3072.467889908257
YALEVPNASYKG,4882.133027522936
HWHRKESG,1748.2660550458716
ESVPHGNSG,1396.4816513761468
HNDFAFVLSG,23036.84862385321
YEDNFPHLSG,5634.908256880734
KSALGKVYA,1962.0091743119267
RQVRSDVSG,1478.0871559633028
WHWKDLAQKVS,2808.8899082568805
RHEVYWEPYG,16534.715596330276
HAWRAQWHDL,14426.69266055046
QDWQKQRPKDV,1549.48623853211
PAHYLSEPKDS,1579.4449541284403
ENEDWNFPWS,9669.06880733945
HVPQQALS,1534.5825688073394
NWRYRHAG,7761.697247706422
SFEVFDSWHV,21811.224770642202
HSPNPNGQRSG,1768.573394495413
QRPPLGQEHQFK,1643.834862385321
FGSARLSG,3218.4495412844035
PQSLASG,1391.697247706422
PNKWFRKSNLS,3058.954128440367
RAQPNVRQFWH,9355.642201834862
LNHQWFKALS,8343.463302752294
RQNWDFPNKV,4239.825688073394
RLWKPNFWHAG,10815.990825688074
YSRPDVPWNGPD,4039.729357798165
PRDPSRNHA,1967.788990825688
LKVHWSG,5033.114678899083
SSREDYSG,1681.1284403669724
NRAWRWAG,9240.357798165138
GQWGRVLQWA,15623.467889908257
EQSPANVSG,1031.2064220183486
RSFEHGHFKHAS,3687.1009174311926
HNSLRHG,2926.1605504587155
WSRFPRPYKAG,8283.45871559633
LYGWLFHLG,12206.80733944954
QVQHAWHASQS,3253.816513761468
PWGWFRWREDLS,20456.08256880734
LFVQDYKSG,3705.0550458715597
HLNWSRYWNH,13278.532110091743
GKNSQFEWAG,2812.4954128440368
SHKLGKG,1261.908256880734
EWHYAGFWHRNH,12411.334862385322
KGKPQWLG,2353.4174311926604
NWRYAKSG,4356.724770642202
YGEFHSREWKH,5190.064220183486
KAPQNKHFHDVG,1616.7477064220184
HYHRQALG,3787.5688073394494
YGADFHALG,5715.816513761468
EFRGFQRAL,8641.935779816513
VEKPGQVS,1180.1743119266055
SYFSPALSG,5291.467889908256
SNSRDRYHDG,2942.97247706422
YDDQYVAEWL,12539.761467889908
DPKYKFREYWV,5064.559633027523
VNAEWDYG,4593.316513761468
SGHEVRWKH,2719.793577981651
WQPRLSQRWDVG,9401.79357798165
NEYGWLRYNLS,13025.045871559632
EEKFVQNKAS,1366.4954128440368
LEVGFSPLG,9657.362385321101
EDWRDGFYDSG,8851.288990825688
QWWNEPNRKDSG,2712.8899082568805
AYAFPHQEWAL,11260.197247706423
PKESYLQKG,1202.8394495412845
SGAKAGNKHDG,924.5137614678899
QFGELFEDFNS,8852.775229357798
PRKAGHQPWH,4538.724770642202
YLDPRWLSG,9340.665137614678
DFSVLESG,3366.0825688073396
LPFYQPG,6796.357798165138
DDAKFVSG,1498.0779816513761
PKVWWHDWKAL,10945.252293577982
PEDDPVSG,1188.3302752293578
LDNAEALSG,1877.1926605504586
WDSERPYDGQWH,13239.279816513761
WVLSQRKAFVRE,7572.174311926606
DSYWDNVGPL,9208.449541284404
VSLYYLG,20185.922018348625
ELLKLQRG,3620.678899082569
FHAASQWQYV,11533.743119266055
KPDAHFYNKHL,2359.7752293577983
VRKRWPNG,2300.9449541284403
SVEKFSG,1011.8394495412844
DVGVRYDKDVG,1772.2935779816514
KPKLDEYWKD,1201.073394495413
RSVPWSWNDSG,4692.706422018348
NKQLDRENKDL,795.802752293578
GELQDKAG,896.1743119266055
NVPSLFPYNKVS,3689.876146788991
YRNDQLGKHVG,2635.8577981651374
QRHFREHGPLWV,16019.518348623853
SAFNRYAG,4635.077981651376
PKDRGYNLFHD,5226.243119266055
PPFLHVG,4580.573394495413
DEQFEESG,1066.3761467889908
VYRDNALS,3217.293577981651
KPSQRYWNWS,6725.004587155963
GNRRPAG,1600.3623853211009
NLNADVLGEPV,1873.866972477064
LAEDQWHS,2916.0045871559632
SALSLNAL,4992.399082568807
EVVELSFSG,23439.48623853211
QLPGDANKVG,993.1192660550458
RAAEWQKHDSG,1419.926605504587
NDGERKEKDS,603.4357798165138
EVHSHVYWKDG,3093.605504587156
LYKKDWDS,2309.059633027523
QQNKYGFVLS,8481.114678899083
NVQNFNAEVSG,1815.8256880733945
GHPDKDLSG,942.2201834862385
RLEPHELEHDL,1896.6605504587155
LSSSDAS,933.5412844036697
QNYAYAEPDV,3067.2247706422017
YVFPQERYWH,10694.564220183487
KGRPFDSGEWV,3188.0688073394494
VAVFHLNKHLG,6484.876146788991
SQHERYKDVLG,1504.7522935779816
HEKLFAFSG,9220.761467889908
QFNHQVKREVL,2174.623853211009
PWKWLGELWH,13569.183486238531
DRLVLFKASG,14711.032110091743
PNKEFRNGNVSG,1530.8853211009175
RQGFYSHDVAG,3757.6651376146788
DLQDVLRSPYG,4186.8302752293575
GEQPGKVLG,1633.1238532110092
RSQHWVLYVLG,27452.41743119266
QFKFYKQYRYNK,4495.422018348624
QHHKGFWLSG,5481.454128440367
KAQWLQHVGQHA,2817.0045871559632
NFFPKPHVLS,6731.454128440367
PVVPHAYNV,4396.174311926606
KGGVKDVALS,936.7981651376147
QWRNQWNGNLS,5508.545871559633
YELHGYSG,4184.55504587156
KGGKHKVLS,793.4266055045872
RSPAESQNVLG,1220.7660550458716
RYSQDVQYQWKH,4815.642201834862
AHVDKHSG,901.243119266055
PSYGDGENVS,1598.01376146789
NVQHEAQPDVS,1174.7522935779816
QVPWEPLSQRLG,5347.183486238532
HNRHWSG,4707.431192660551
GLSELDG,1797.5825688073394
GLENYSG,2186.454128440367
VSNWLYLSG,11823.29357798165
AFWNAYQKHDV,5814.467889908256
HKQENFKALSG,1356.591743119266
SKEAPASG,614.8211009174312
HQPFNKNDAL,1565.6880733944954
KQSYHWSG,3564.6146788990827
AFHYRYLG,9688.665137614678
QLFDYSGPWNA,10074.811926605504
HLWEVGREYWVS,16956.550458715596
EQERSENKHVAG,908.2247706422019
ADGFPWQKVSG,3978.6330275229357
RSAEQRVSG,1268.7568807339449
PDLRNQKDGNK,1002.0733944954128
KEYWADRNL,4404.288990825688
AFNDGVDVALG,3501.5183486238534
KSRQREGNAL,1201.0825688073394
YYLPYQHLG,7821.504587155963
EYRAHFPYHDVG,8301.573394495414
EFSSYHDVA,3512.0183486238534
VWGEAVLG,4096.848623853211
FPAPVRYAYDS,13482.729357798165
LFADAEDVS,2306.853211009174
RYLEAGYDEPHA,5404.298165137615
RPFLRPGASG,4752.977064220184
RQHEYWHKDG,2992.9036697247707
QYPVSPEKDVLG,1449.591743119266
RSEKNDVQPVL,1556.467889908257
EEWLVPKDSG,2187.1559633027523
DAPDENGESG,850.3761467889908
RHFSRSQKVA,2008.2431192660551
PRVQHKLSG,1783.8256880733945
QPAHEPLQHAG,1754.4587155963302
PVNSWLQPYNAG,7320.362385321101
PLAARNG,2320.5091743119265
PLVYYHASG,17805.23394495413
ESFLYNSRPVG,5888.857798165138
VRNDAFQFEWDV,11541.573394495414
VERSFKVAL,8278.587155963303
QNDFALGRVRK,3550.206422018349
YNKFFLSQRPDS,4736.853211009175
KGGLNVA,1330.073394495413
NSWDQHFEKSG,2466.1651376146788
WHDWNHRSEYK,4926.275229357798
SGLASNALG,2063.064220183486
QPHLFFRAGNHV,12344.146788990825
EANFDGRPND,2173.577981651376
SKAGRELRDAS,1340.6605504587155
LVFYFVG,29289.284403669724
HEGHYALSG,3865.256880733945
ENFVENVWDG,6039.651376146789
QEPYLKASYPK,2786.8440366972477
VESVEPSG,1150.0366972477063
ASAYPVG,1938.0504587155963
YPLVFEALG,12292.201834862386
NFEYGALQYW,17124.70642201835
DQRAGSPHLG,2149.2201834862385
RERQYNGKG,1343.7935779816514
NLFWNQGRPHG,6344.922018348624
FQGWARLSG,8724.20642201835
RWYWWEWKHVL,22496.477064220184
VYFVWHLSG,21183.518348623853
DLPQSEPYWNL,4922.591743119266
LGHRQRYWNHA,7307.440366972477
GLAQESG,1141.0825688073394
ASWLVGRPWDV,17487.903669724772
RVFYGFREREKH,5238.582568807339
PVPYKKQFYW,11281.174311926605
KLKVDVREWAS,2584.8990825688074
WRWVNQEWLG,16850.449541284404
FQFLAQREYKA,7235.518348623853
QSEEHLFEYNS,3998.4816513761466
KGPDPGFPYWAS,5735.770642201835
VYRQDVLSG,3297.435779816514
WQKNFYDSG,6241.348623853211
PVLGARNKDVK,1249.5779816513761
SRPPLNLSG,2206.0
WLGHKLFEWKSG,7429.036697247707
QQSRQDSG,1199.3623853211009
VHRNNALS,2605.4954128440368
WYKHSWFWSG,15163.215596330276
ENGSWSGPWNH,5505.582568807339
AFPYLHYWNHD,14382.559633027522
SPNLRGRVG,2793.422018348624
SSNVAVAG,1280.2431192660551
FKYFKAEYHL,8018.536697247707
YPVYWEVLS,20575.94495412844
HYQDYLSG,5258.568807339449
GYDNFNHLG,6348.756880733945
GHNSESG,1035.591743119266
EDNHYAELG,2387.4174311926604
RQGLSQEG,1299.9449541284403
KWNSGGEHVL,2491.3440366972477
RQNHRASNDV,1633.788990825688
DQSERPSG,1004.5917431192661
GNVSQEFPWVLS,9996.215596330276
WFYGNQREHS,4997.206422018348
YHVQLFYVPYVG,40867.48623853211
EYAVNKDGVG,1703.0779816513761
FKEHEKVQFES,1833.6284403669724
LYHGNFKHDV,3970.669724770642
RYVNRAEPNVL,4364.3899082568805
AARPRALSG,2224.0183486238534
YPKYRPNALG,3162.587155963303
NFSLPYLG,12228.683486238531
RRFPENSG,2196.821100917431
PDQNRDKHDSG,932.6880733944954
SDEHEPWKDA,1584.926605504587
RPDRRKAFYWS,7644.752293577982
PQGRVHLSG,2653.229357798165
WDYKYKQEAS,1620.105504587156
GRSAFKSG,1798.7798165137615
VSWHDFWDYNDL,19131.366972477063
KQAWHQKDV,1546.5275229357799
SWSAYVLSG,14635.591743119267
NRGAVLSG,2779.7201834862385
PVVANALNKLS,3163.880733944954
PQYAAGFPNHD,4361.394495412844
EADYAGHALSG,1916.9128440366972
YWKEYWVVWNKG,9549.188073394496
RLRSWNAFDASG,7360.5
RLYHHFKDLG,5327.362385321101
RAYGFRSGFHDV,10838.894495412844
HSPRFWKAG,3647.288990825688
HLDWWAG,11557.619266055046
KHEEVGQFYVG,7379.802752293578
GYARVFNLS,15144.963302752294
PDLEGQVSWKHV,4050.8577981651374
FKSQGRENSRS,1633.3577981651376
PESGNRAL,2184.1926605504586
YYWNFQYHVAL,14816.19266055046
VRNYNQRPKHL,3719.967889908257
FEGRGQYDHDVL,5032.917431192661
RGQDHDASKVL,1470.4036697247707
YVKRFHLG,6453.064220183486
HPDGQLQSG,1397.3532110091744
KFEVDFHDVA,4070.211009174312
FNDYDYWENLS,11558.944954128441
RNQNWKALYNDV,5036.844036697248
RERSLYNKDLS,2177.316513761468
PYDNKAEPHGD,1570.3165137614678
HSWGLSREHVLG,6683.178899082569
PPNGVEWKHDAG,1795.133027522936
EDFGVAWHG,5912.798165137615
RRYNEDLEWNG,4247.256880733945
QYPQDSWNKV,2201.435779816514
GFGDSKVG,1709.834862385321
HDLNGQKQRKDS,999.940366972477
YHLGNFREHSV,4764.995412844037
FHPKYHLASG,4096.188073394495
LYKVSSENL,3047.9311926605506
PLKKDFNKHVS,1280.591743119266
AHRGQHALS,2630.0825688073396
EFKPNFYWVA,14600.58256880734
ARDYQPVS,2682.6146788990827
LYSALPG,4093.5504587155965
NVPWLGDQPWV,15719.591743119267
SASRKES,837.5917431192661
DQSDSESG,738.0504587155963
HWLWARKLG,9817.055045871559
RDSQALGKLPWV,7413.711009174312
YFAQVHDVLG,7195.243119266055
HFKAGVLREL,4933.775229357798
HWSYDFSG,12169.766055045871
HDADYVGNDVL,3405.564220183486
FGKLHSGRPWDL,10829.055045871559
ASEVVRHVAG,2247.706422018349
KPEWRPLSG,1997.8119266055046
DKGHFDG,1989.5504587155963
NYLNLWKSG,5915.573394495413
YSGFERKVRPWD,11046.229357798165
YHLPNYKAQHG,2873.2752293577983
KSDQLEVG,841.1651376146789
PSVWLEKDVG,3472.908256880734
VNRYNQVSG,2669.9633027522937
DRFSPLG,4183.178899082569
HQLARKHDA,1769.4724770642201
HFFYEPLG,14741.357798165138
RGQKAAQEPDG,969.6238532110092
GDQPGYDG,2330.97247706422
KVRDANVRWS,3544.201834862385
QGRAFEKYHDG,2665.738532110092
FLQALSSRWHDG,8489.30733944954
SHAYYNDAS,3209.270642201835
PDSQDGLFHS,3652.0412844036696
NGNEFEYWNVG,5916.6100917431195
GGRDKDSG,931.756880733945
PAAKDRASG,927.848623853211
QFSWHVPGYNL,13160.40366972477
WDLFSKGRPH,7313.862385321101
NASFAGASRKVG,2916.4816513761466
LRAQGNVG,2073.2752293577983
QYFGALFDA,9089.160550458715
QPSHALGHGEG,1818.0871559633028
KVFHNHAFRNG,4847.123853211009
PYFQYQRAG,10090.894495412844
YRFRPEVALSG,4423.917431192661
HFPWQVYKALS,15327.711009174312
PLLHSWVG,12786.967889908257
YKVNNAGPHL,3329.6926605504586
DQKGAYWHD,2859.5183486238534
EDNSFYRHS,4249.032110091744
KNVFVQWG,8389.229357798165
ELRFRPVENA,2655.678899082569
SYWSKVYNKL,5751.54128440367
RYSAPDKHVL,3193.651376146789
RHEKARLGPW,5475.270642201835
FYLYWFEAHDAG,14222.380733944954
FSNKQEPLNHG,1955.3899082568807
KVLAGEHWHDV,3733.545871559633
YDQKYWNGQPND,3012.137614678899
WKYYSFEPWNA,13765.08256880734
FGRPSWVPYWHA,20138.47247706422
WKNNRPKVALS,2955.5045871559632
WLDNHVSFYNS,16230.412844036697
YPQAWVG,4748.0091743119265
YWYVYKAWNG,9066.114678899083
RFHHVHSG,3623.6651376146788
PPLNEPALSG,1213.7706422018348
RHAPAQFHFHDA,5766.825688073394
SARNRKDA,1189.1559633027523
EFQRYEDVSG,3067.4770642201834
FAQWEKGFWVL,22391.715596330276
DNHSNENHDVS,1347.2660550458716
KPGKANLG,947.2385321100918
DQHRGPVLSG,2068.8899082568805
KDSEGRQRYWLS,5813.353211009175
VSDEWKDVV,1711.2431192660551
HGKPNEPYNSG,1482.9954128440368
QAVVAYAG,4098.366972477064
GNWLHVASG,5652.807339449541
SDVNGHVL,2637.912844036697
NGQGAREPWS,2710.197247706422
QVKLRDPWDA,3532.380733944954
QLYYPYWNDVAG,8827.518348623853
EQSKFYG,1981.559633027523
WLQYRYQKAG,7014.518348623853
PNYENDAWVL,7406.0504587155965
EEEWGHSG,2080.587155963303
EYLRQWNENKA,2525.564220183486
GDGFNVYHDAL,9956.256880733945
PWWKWAFPYDAS,19086.52752293578
GVGELYVS,6714.211009174312
LNVHENALS,2564.880733944954
ASNDLAGREW,3010.8119266055046
RPVEEWNVFEKH,4865.816513761468
LKSPQKDG,916.9495412844037
PGRLQKAGQEH,1283.8761467889908
RHPRGPDVA,1462.8394495412845
FRKSWYKSGQEG,2141.0045871559632
KKQGNVALS,810.9357798165138
WDSVWPYNKDVA,5870.307339449541
RNGKRKVRWS,1814.926605504587
RPWNQRLFDYV,19517.522935779816
HKYLFELG,6229.311926605505
LKDRENAFRNL,2952.5091743119265
AFWGENSFWNVS,11491.555045871559
RPHAFPPVAEDG,1679.4220183486239
QGGSGESG,812.5871559633027
PRDKSQRPYWH,5807.431192660551
KGYSGDEVAL,1445.0550458715597
AKFFVASG,8153.880733944954
SSGWAKDLG,2140.151376146789
NKKGHLRYHV,3332.1605504587155
SYSWFWDL,17706.738532110092
NEFAFRYWDVG,14902.440366972478
REVFEHPDAPVS,2162.394495412844
NKNFENDFYKD,2234.545871559633
FGGEKQDVAL,1135.5412844036698
DDVGRAGQDV,1141.2201834862385
QYLNFPKGYKSG,3398.243119266055
NVHARDFEL,3396.47247706422
YLYFDAFRNVS,7579.522935779816
SLQKDKALSG,947.2935779816514
HQRNQFGPDAG,2493.8073394495414
EKYSKDKHVAL,936.7339449541284
WGLKWDSG,4934.44495412844
PYFNQAGFPD,7850.3899082568805
ESSNLEALSG,995.7339449541284
PVAPWRYFNHD,11857.165137614678
NRFPVQVS,3541.761467889908
PANKRHRNDV,1340.1926605504586
ELAPYVGEVL,3604.2477064220184
RFSNKFVLSG,5774.321100917431
SHVGFHVEND,2868.2247706422017
SKLLRHG,2064.7201834862385
VEHQHYHLS,3726.9266055045873
GWQDNKG,1377.0183486238532
PNVNQENHFKD,1503.2339449541284
RRDWVFVG,11260.02752293578
LWYVHAG,8011.394495412844
EFPDGWPNDV,3638.454128440367
VRYPHAFEHDS,3685.422018348624
HFQVEDLS,2919.7477064220184
FFQYPNLSG,4437.371559633028
HSRYVFNNALG,7874.064220183486
YLEGELEPDLG,2813.270642201835
GYEQASG,1193.3715596330276
DKWAQLSG,1627.5366972477063
VFSHKVG,2714.353211009174
GAQHFEYWHAG,6400.4495412844035
KKEGYLSG,1050.394495412844
HQGFKQHDLG,2384.766055045872
WAQLQYDVGKV,5990.821100917431
YVQLKVSQFNL,21794.330275229357
QHFDVLPFRVG,14406.555045871559
SAASQFWHDAG,4396.243119266055
PDKRKAQFRWKD,1503.2568807339449
DPDPNQWNLG,2113.7522935779816
PALRFLSGDLG,12250.371559633028
DWALGSFEWHS,13317.743119266055
RHGSYNDWG,6706.8302752293575
NKGHVLFKFRES,7178.399082568807
HFVHVELG,9780.784403669724
SASKADG,876.059633027523
FAALWVSPYH,22454.688073394496
VEYWNFKGKD,3342.9633027522937
WLPKGRHNHD,3389.422018348624
KLFEEYNKREWN,3467.853211009174
FRNNHFWGFKHS,8363.197247706423
RQAYFNALG,7031.261467889908
KWDKLDALS,1858.8532110091744
RFYSSYNALSG,7490.784403669725
LQWDHDFDVL,12197.62385321101
KEGAKLG,1094.3073394495414
RVRPSRLQYHDL,6088.701834862385
FAAHWHDS,5308.733944954129
NEEPGFSG,2256.1605504587155
QKNWFPWS,12377.97247706422
FKYGEHWNHG,3818.3669724770643
GQSFRSREWDAL,5855.293577981652
HYGRAFYLSG,12594.871559633028
YEDNRNG,2326.4495412844035
YSLKQFAG,3530.1880733944954
EWDKYWNVGNA,3753.8440366972477
DVNPGQRWNAS,3067.293577981651
LYDKWSG,3306.5733944954127
WSNDDSYWDG,10244.174311926605
WVGEPPWASFYN,23644.477064220184
PNPSFNDHDSG,2126.1100917431195
YRNDEGRPYWG,10790.47247706422
SAEVGNDVSG,1135.6834862385322
VSRALWPKAS,3896.683486238532
YWSLWREHS,9658.95871559633
RDAPEKHPNVG,1299.045871559633
FLGAFPKFRKG,5441.0
WRHGNGPYNLG,9143.284403669724
WFSQRSQPNHL,8428.348623853211
VVFRRKSG,3265.6926605504586
NSEKDYSNDVAG,1143.8899082568807
KVHHHLG,2289.4770642201834
PQKYEDALSG,1253.4174311926606
DFDSLPVG,2710.032110091743
KQYRPSRYKHD,2600.3715596330276
RDHDVDSYAL,3861.6009174311926
GPHVLKLFPYWD,25669.5
RKKPWDPHDSG,1835.7522935779816
LFNWRNASG,5148.380733944954
VHQWRKG,2527.091743119266
DYDSLYSG,4451.6697247706425
KPAKVEASG,673.2614678899082
AGQPRYGEPNHS,1947.0504587155963
KRQRFEAL,1754.1788990825687
FVGEVYWGNKS,6791.188073394495
NHWPKQKHV,2355.816513761468
VHGYSHDVAS,2733.348623853211
KQYHGREVSQW,4087.697247706422
GQYNDLHFPWH,15571.862385321101
DLFSEVSNHG,3559.5137614678897
PQQGWKHDVSG,1626.6100917431193
NDPKLSNFNVL,3217.623853211009
AKLLGAG,1646.9724770642201
AKLRVFRG,4140.761467889908
ESKQSFPVSG,1151.9724770642201
AHLVHVALS,8207.788990825688
NEKGSQENKL,856.7201834862385
QHESYKDWND,2553.348623853211
RAWGSYWHLS,15915.334862385322
FPPVLQHDGPHV,4647.0
LYNFQNVG,4681.417431192661
NHRDAAELSG,1589.545871559633
VLLGFGFHA,24834.75229357798
DFLNWDVAG,6370.417431192661
HDRNDYFRKLG,4119.40366972477
VLQYHVWNGQHL,10827.311926605504
ENPKGFFRWHLS,8168.743119266055
WVWWRHLSG,18193.39908256881
SPNQGWNHVLS,3468.8990825688074
DQKSALYWKVL,4592.5
SQRLWALFPV,22947.403669724772
PNKLQKVPKGV,1088.6605504587155
SLGGESG,1117.7064220183486
VGQFYGWQEDVS,6113.082568807339
PASDYNEWNAG,2548.761467889908
FYHSYLKLEWVS,17968.839449541283
VSEPFPLRWKL,11347.669724770642
QSAWKLREHAS,2433.8348623853212
AGKAPNEYWVS,3950.7522935779816
KVVNFEVAL,16138.550458715596
KFNWFEDLSG,6410.298165137615
QPRPASQHQVG,1489.3394495412845
EKNRYWYHALG,6595.967889908256
ERLPDRNKHL,2078.266055045872
FLVPHGPYVA,11660.490825688074
DEAEAFSG,1549.0275229357799
YGFKHDAGHAKV,2648.5733944954127
HAFDFWDRENVL,12766.899082568807
EWFVESQRPHV,9680.788990825688
VKVGVRHSG,1925.4770642201836
HARFRPNPYAG,6911.55504587156
NEEWNPG,2517.8119266055046
YHYYDRYKSG,3489.5366972477063
PHFHFDFKHD,9251.045871559632
AKFREHNG,1467.302752293578
HGYYFRNVAS,8982.821100917432
NSPPAGRED,1089.6743119266055
WEWKHRDQPKAG,2367.183486238532
WWGRKARG,3326.1330275229357
HRQPQFAS,3739.0550458715597
NGHFLYNDASG,5583.866972477064
ADEDNLSG,1163.8761467889908
SNEDDLG,1242.5045871559632
FPFVWAREVG,15126.41743119266
AFNFSFWNDVS,14811.495412844037
FWAVWLQNHDS,12572.073394495414
ERHQGNAS,1231.954128440367
HYQNNVALSG,3042.545871559633
HEKWVEVASG,2496.6926605504586
HLPDFYHLSNHL,11155.385321100917
QPSLAREPDV,1525.7477064220184
SRYQRYAKHASG,3493.0733944954127
LFWYQLSG,7520.1100917431195
GWRWYKLG,11377.467889908257
RVVHEPLG,2719.6009174311926
PYRASFYLHVAG,28557.788990825688
KNLKPHLG,1854.7568807339449
KHSNNFKHAL,1891.3899082568807
WVGWHLDQENG,5759.908256880734
YPNHGALVAS,3353.5045871559632
QSSLHSG,1550.0688073394494
GQPKELFPYKH,1844.0779816513761
LSNKLQGRWKG,2530.3073394495414
FFAPNEWLG,11728.637614678899
WGGDLRAG,4681.94495412844
YEFNHKLG,3852.087155963303
KFGRSFWVAL,16710.174311926607
FDHEEKSG,1203.6376146788991
YGDQDAFHAG,3695.591743119266
KWGLNHDVALG,4452.064220183486
FQQLEYLSG,7872.036697247707
ERKVQQKHLG,1236.3440366972477
PSVDLESG,1380.0091743119267
ARNFHEYDALS,4935.155963302752
WLESVAGHL,12295.935779816513
KKGYRVG,1347.105504587156
NFFNHFLG,12957.399082568807
VEGRSRHVLS,3702.5550458715597
KKEPRHSG,819.9633027522935
SVFQWLG,15274.555045871559
GFGVQYNKDVG,3426.7247706422017
QAYWQPSQFEYN,11386.032110091743
RKEKEKSGWVS,895.9311926605504
VKGWDEVLSG,2464.587155963303
QSSKQYASG,1394.1605504587155
NYLWRPG,10517.495412844037
FELADQFWLG,17964.522935779816
QWPPYKGNLS,4456.51376146789
HLQDYVSQWLG,12032.844036697248
WREGRAGYSG,6626.463302752293
DLSKLYHAFNDL,6312.591743119266
QVQLNHYNAL,5134.899082568807
SEPVVARKDS,1010.9954128440367
QVKKHKLSG,725.7018348623853
VQWNKQWARYDS,7153.275229357798
HEYFPARYWS,14550.56880733945
WAKRVLFKHG,7410.981651376147
WRGEVAEYG,4621.3899082568805
ELHQLFNVS,7089.527522935779
VGRGFYNDPWA,16385.9128440367
VPGAASG,1176.532110091743
KEVAFKLPHVG,3050.288990825688
SWYDEKHDS,3215.862385321101
DEGSWLSG,3416.1422018348626
VNKQQWHG,2798.6605504587155
AKQQEDG,635.9495412844037
NSYVQARYNDLS,5498.775229357798
EAKEYKKLG,892.3073394495412
RYRDKQRYDVG,2629.2798165137615
AEAVNVAG,1579.197247706422
PDLSGWFWQYW,33044.036697247706
ESPFRWQAS,3783.6146788990827
RASRDDQRWN,3083.288990825688
LWWVQSG,10321.981651376147
SDVKDYVS,1350.9128440366972
WVYAWAYWKHA,14318.481651376147
SYLSGQYEHLG,5901.857798165138
QPDVRGQRDGQR,2025.4449541284403
EGHHHVSG,1671.591743119266
EWFSKVYDVLG,14199.58256880734
VQRDALNQWNL,6633.275229357798
DEEYFDALS,3519.408256880734
PPNNQPDLG,1382.5550458715597
AWGLALSG,6886.366972477064
QLGSGKYDAL,2238.802752293578
NLKWRDSG,3241.788990825688
KHRRESPSG,873.2844036697247
FHPNAEHASWG,3541.9587155963304
HSWEYKWHDA,6720.926605504587
KWHQDFNSG,2977.798165137615
VGFNSPHDEPKV,1814.440366972477
PDLWGQVAQFKD,5827.825688073394
PRSSFESG,2226.4954128440368
ELWHWGREYN,10915.756880733945
YVKEDRKVL,1840.7660550458716
WVLWWHADALS,23640.825688073393
SYKWAYALS,8586.550458715596
QLKYDLQRKH,2242.4816513761466
NVYLPYGQKHS,4595.825688073394
KSSGDVRALS,1218.045871559633
SEFWGNSG,3872.880733944954
RDFENGKLWDV,5145.839449541284
KDNAALHLG,2044.7293577981652
VFSNVFASG,6541.344036697248
PNKGQARDAPK,858.3853211009174
PSSARYG,3227.4587155963304
YDFRELAFPHL,14692.830275229358
RDPQWKFDAG,2921.683486238532
VGNLHEPDLSG,2160.3715596330276
ENAWRPHENVA,2659.380733944954
FDVWYLSAG,19848.8623853211
FWRNGDVHDVL,7996.05504587156
FKDSNAVRPYL,6548.224770642202
EFNGFYWNVQRN,11839.674311926605
VQHNRYNG,3076.256880733945
HQQSYKHAL,2221.637614678899
WSHRYNQRDLG,6324.94495412844
KSWFPHVYAL,17290.990825688074
HHSAGVLG,2225.816513761468
EPFNDREWVWNV,9299.20642201835
RKPPPKSG,913.2752293577981
NSYQNALFEKV,4155.633027522936
PFLDAWASG,9343.62385321101
YYKWQRALG,6851.651376146789
RLWEYSGVG,7928.715596330275
SFVVESG,8294.811926605504
LPDLAGHLS,2426.422018348624
KFWGRLFPV,13002.908256880733
SFKDDEWHVG,3079.178899082569
YWKYQFRHVLFA,21203.56880733945
RNWWPWASG,14569.54128440367
DYGEAWAG,2956.8715596330276
HRRWREG,3574.380733944954
FFVWGNDVL,11653.880733944954
PWQQQFPYWKS,14328.243119266055
WWDVSSYNL,17211.738532110092
GVADPDG,1159.1834862385322
KRPDDLFEKA,1128.6697247706422
QNQQHLPHDVS,1779.0275229357799
NLNWQNDG,3531.261467889908
RYLQGRPPNVS,3295.761467889908
LYPGRLSG,4456.275229357798
VSNDSVAYHAS,1878.2339449541284
KWNSDLHVALG,3719.802752293578
NHVEGEQPWVAG,3408.091743119266
FQSWGPDS,3955.8853211009173
YPFDRDLS,4626.674311926606
FRLAPASWHVLG,13461.077981651377
QGAVWNAG,2229.0504587155965
VFQVPWSG,8417.339449541285
QAFPWVPRYW,23280.01376146789
KKHEFALSG,1326.0963302752293
NVLVREHQNHVS,2926.137614678899
AHHGQFWNS,5035.724770642202
KLQFKSSPYAL,5665.756880733945
FQLYNYDA,8015.743119266055
GKAPWREAG,1610.0045871559632
YADLSVQFWNKD,7642.4908256880735
RKWRFRVG,3953.8440366972477
KYEHGWG,3199.2201834862385
YHWPGPLG,7674.715596330275
EWSAGRDNLSG,2347.5963302752293
DKYRPSG,1269.9816513761468
ADPWHFG,6843.463302752293
KLDNVAYHDG,2133.045871559633
RFANGHVALSG,3210.6284403669724
GRDAWFPDG,5823.862385321101
FFAVFYLG,11199.022935779816
QEEGKLFEWNH,2431.353211009174
QRGDRYASNVL,3410.7247706422017
DSGHLSVGPKG,1027.605504587156
PHNEPYANVSG,1923.3302752293578
PDLQYGKHLYKS,3487.8440366972477
WLQEEPFPVS,7768.105504587156
GLFYNHPLSG,7609.44495412844
SFGVHVG,3433.0504587155965
NKRRQPWVAL,5400.357798165138
WLWGRHFPDV,13407.19266055046
KYHEWYKVAG,3254.3577981651374
GAEAHDG,989.7110091743119
HAEYNAHDPWK,3251.8715596330276
GEYQNQRHAG,2220.623853211009
ADLNRWAS,3615.802752293578
WKVQDKSQKVS,1044.151376146789
GRNDFFEDA,3332.330275229358
RYEPREWVYHVL,18202.366972477063
KPGHVFHVAS,2864.288990825688
HAEAFPNKAVAG,1587.6284403669724
WDSNGYLFYDAG,17731.330275229357
VQFYEFWKG,13311.922018348623
HLNSHDNKHG,1757.4128440366972
FNKAPHHAWSG,3335.830275229358
QNGYKPAEWHDA,2680.8669724770643
WLWWPHSG,14626.981651376147
LYVKKHDVAG,2209.5504587155965
RSWVANVGENG,2446.183486238532
WRVALPLYNHA,16914.715596330276
PFVYFYHDALG,32253.3623853211
YSPDHLGFPYG,10242.435779816513
SRDKGVLG,1404.3302752293578
KAKVNDAFDSG,1076.665137614679
GASVGAG,1152.454128440367
VSWEDVFHDLS,6519.339449541284
EQHQFRDALQNL,3071.532110091743
HSWSFVQLG,18155.522935779816
HGPLVPDVASG,1766.0642201834862
RADQYQEKD,1189.197247706422
RDFSSQEYWNDV,6047.591743119266
YPVHQYHLG,6164.857798165138
WAYRSQWDVLG,14715.454128440368
FYKNNKHELS,1872.848623853211
WGHPREKG,2168.6926605504586
NLQRSQGRNKHD,1716.426605504587
AKKEHVG,657.6559633027523
GPDDYWG,3557.206422018349
KPSYVVLS,8027.155963302752
EEHNWVG,2894.467889908257
NQGFDNDVALS,3141.816513761468
YWAGFRRYDYK,8260.591743119267
QYEHWGQFYKA,9047.825688073395
KHPQEHQPDLG,1207.8853211009175
EDNVDAYDALG,2452.0963302752293
QAPLPHLFWNKL,10373.133027522936
RKKLHQYNKHA,1120.3073394495414
GRGDGNSG,1331.408256880734
KGVSNLGHDAS,1319.0550458715597
NRGRLFKHVA,4189.628440366972
GYYNVRG,6176.197247706422
DLGDKDLQDLS,1223.105504587156
VLHVDGWNAG,5036.371559633028
WPWKAWKQPW,14452.963302752294
RHYDRWFHVALS,14261.949541284404
WRWLLFPYVLS,25621.11467889908
AWHWQHVG,8445.06880733945
EWRLQRHPYHLS,13219.990825688074
NVKGWNWHVL,11369.605504587156
GHSVFRWKDAG,4044.119266055046
PRVPHKVG,1570.665137614679
QVFQQEPDVAS,2106.5229357798166
GLGWEKG,2429.1009174311926
KAWLAFYWHL,22783.20642201835
WLGGDVAEPYVG,6408.137614678899
DHAPYNFL,8994.857798165138
VYAWHYNHA,9076.720183486239
FNVNDAKEALS,1288.532110091743
YEDKDDSG,1002.045871559633
DHPVAPLS,1870.0779816513761
RQYFHSPYVA,12132.784403669724
VRAFVWAG,16245.371559633028
GDGHLALS,3235.9770642201834
RVKKLQNKHV,958.5917431192661
KHFLQVQWKD,5290.059633027523
ENLNRENKVEPW,2488.0229357798166
WWFVYKG,13206.908256880733
FSQGVSQPYKL,4856.95871559633
LWFSHSG,7498.775229357798
KSDEGYWDVALG,3015.8853211009173
ASWSDVEYWK,6679.807339449541
GRQYKPSG,1703.6422018348624
WVRAYNVNSG,7780.908256880734
RRWAKEYNVLG,4397.417431192661
RGNNNASG,1522.6467889908256
SHGRAKDV,1355.366972477064
SRRDAVSG,1635.0045871559632
FFPRASQFWS,15237.784403669724
EPNLHAYDGVS,3430.605504587156
ANYGRHG,3048.183486238532
RSYFHLSPKVA,5257.256880733945
RQELESRKVALS,1956.880733944954
KQQKWLG,1702.348623853211
LADAVSG,1594.8623853211009
YRGVKHVAS,2620.266055045872
DQNFDALENHV,2534.1880733944954
PKGSHDSPWND,2065.8577981651374
HLKGDVRKDVS,1060.2660550458716
RVAWENGQENA,1914.2018348623853
HYALYYKAG,9213.165137614678
VPDWKWNHVL,5681.5
KKDYHPNDALG,1326.1559633027523
QSPQLFNDVAG,1996.4311926605506
VSPGYSELSG,2045.7431192660551
QWHLSHDLPRA,5968.266055045871
WGPHSGSFWLS,20095.25229357798
ALLWLHLS,27203.97247706422
LPHWQFWDVA,16188.550458715596
VQYNLVARYW,25063.42660550459
RQYDFDAFSG,9235.752293577982
KWHQEQKAS,1156.3761467889908
ADRAEAG,930.0642201834862
WRFGYNDS,9153.651376146789
PGFDVEHLEH,2867.880733944954
DRWEWRNHD,7134.605504587156
RAAVWKALSG,3794.5733944954127
PYSGHAQKGWA,4432.697247706422
FAGYAEVQKG,2388.0229357798166
HVQDHALGQENH,1913.133027522936
PGGFKDSLS,1678.7568807339449
NWNEQRPSG,2094.2201834862385
HSWFDGEDL,6234.4908256880735
NLWKKHLWDA,6653.8302752293575
NAKPNHVELSG,1392.0550458715597
SFFRLRSG,9263.600917431193
NKYWLQDPYKLS,7452.94495412844
EYYKRKGNHV,2201.183486238532
VRNPKYNHDV,2175.3577981651374
QASDRYGREWK,2838.1605504587155
KGWNRSFRVAL,11088.036697247706
HVAEDPWAWKV,10132.055045871559
VRWHDAVSPH,5075.495412844037
GRARSYDG,2597.201834862385
EGAKPDSG,757.0183486238532
GRQSFHDVLS,4119.366972477064
WDEYAENHGPKG,2714.706422018349
GPDQEGWAL,2518.8853211009173
RPEENDPYWNA,3882.3394495412845
GPGWQVLG,4747.518348623853
LRWQALENKLSG,4585.165137614679
ELVPLFNKDVA,3818.0091743119265
DRVEPWFYLS,26948.408256880735
FLEHNYHDVA,5378.454128440367
QVFGHSQFEDS,3291.532110091743
NNDPELSG,1118.467889908257
HAPDKFYWSG,4798.495412844037
ELLWQRVS,9978.518348623853
SQKKYNALSG,1257.9357798165138
VDNANHG,1778.2064220183486
SWLLVSG,25160.954128440368
FEFGQREFASG,5088.899082568807
PPYVGDSPALS,2098.119266055046
DEFDWAG,4234.853211009175
NVHEKVPDS,966.5642201834862
YYVSLEDG,9332.224770642202
YPQRWRWG,12753.605504587156
RKFNHADQVL,2333.238532110092
PGQLLGQRES,1662.334862385321
KGFAWAALG,8157.917431192661
AQPKRGQFG,2064.087155963303
QWWGVPYWHAL,30992.5
YSKYLQYVLS,8023.844036697248
YSKYQWALG,7246.206422018348
LQWKVVARENG,3166.8394495412845
GKNDESG,697.7064220183486
LNVVYHSG,8114.123853211009
VGEEDWHDVLG,3010.362385321101
QYNGLSVSGEA,1878.7201834862385
QHQFQEHENVSG,1845.3853211009175
GEWWSWLG,24884.688073394496
SKVFKNHDVG,1705.1100917431193
KYNNVQYWKDG,3721.0412844036696
NVAGPAKGPWN,1905.711009174312
NYHKYDG,2831.3440366972477
LRVNRHLG,5045.284403669725
NRKHGARKHLS,1331.8532110091744
PQLERYHDAL,3955.669724770642
FLSELSQFWLRK,10642.146788990825
HLPVWHQEYDS,6790.151376146789
FEGGFYLWLG,38920.06880733945
ELKNFNHDALG,2233.821100917431
YLNPFNLG,9913.651376146789
RRVWVEYKHDS,5486.623853211009
YKELVAFKG,7062.022935779816
NWHSRENEHDAS,2021.7339449541284
FGLEKFPYNKG,3436.880733944954
QQKVGKAEWNH,1497.073394495413
EYNHERQRHDL,3452.4036697247707
YDPYSPKRNKV,2440.4266055045873
YEFVHLG,9714.977064220184
RVPPDLFRYWN,15336.45871559633
QKLPYYHDYHLG,9173.220183486239
LVQELDAG,2052.6743119266057
WYRDWVS,13266.467889908257
YNPVWDGWNAG,8632.004587155963
LFLKDHLG,4886.926605504587
LKGKNKG,712.316513761468
KWGEEYVAG,2810.4449541284403
YRVVWKLS,13683.935779816513
HLHQVALEV,5809.766055045871
YRWDYHSREWKA,7126.885321100917
GYALVFVLSG,35923.34403669725
VEPESQPYNVAS,2181.6100917431195
NYNRVREWKA,4217.027522935779
SVNVKAG,1211.532110091743
DYVNDEDVAS,1557.9220183486239
HWHYLKALG,7545.761467889908
LSPLKGPWD,4469.220183486239
FYLQSFDASKD,3483.0825688073396
ALKNDEYKDLG,1334.9311926605506
QHAWYRNVAL,12561.522935779816
DLFNPWKLQV,10746.90366972477
ENHREAGYVRN,3456.1926605504586
QHKANKDQRPH,1348.665137614679
HRDAQVQHLG,2212.183486238532
HDYNQEFEPWK,3649.97247706422
VGRKKDVHDLG,1083.834862385321
KPVHHASG,1300.8119266055046
NPDGNAEWAS,2124.697247706422
YWYVANAYWHL,14188.371559633028
YWKGDFHVRVS,9005.036697247706
VANNHPWKDVA,2303.1284403669724
GYEYGYLSG,10036.555045871559
LGANLELG,3325.7798165137615
RWRWHRWVYNV,20714.57339449541
GQRYGGRKHAG,2193.711009174312
SEWLDVGEDA,2823.394495412844
NHWGYNLPHDS,6213.155963302752
LSVPGQEPNS,1273.6605504587155
EPNPPYAQHA,1992.0
YLAPHVRPNS,4183.394495412844
KWHLWKQPYHA,7231.0
FEQQVLQEHL,2483.940366972477
HQNYPKAG,1973.9770642201836
KNPAKDLG,953.059633027523
NYQPFYSG,11889.504587155963
QQFSRDWDVG,5691.261467889908
HRLNYVG,5306.339449541284
SFSDGRALS,3857.408256880734
EQHEHFWNVA,3385.045871559633
YKALYRKFNKL,4445.321100917431
ENQAPSQRWNKH,1975.7752293577983
RQWGKDAGL,3229.440366972477
NWFELWG,19511.330275229357
SSRDNLS,1776.3853211009175
WWYGRSG,7921.422018348624
ADPKPVSG,718.0642201834862
RSASQVWKAL,3271.706422018349
LDEKGEVAG,814.7339449541284
PDDWSQALG,2874.1880733944954
LNDVDGPYK,2353.8669724770643
YLLPRWVALS,17694.73394495413
YWGRASFDRKA,4894.188073394495
YPWKYVSGSG,4548.316513761468
LRVYRWVLG,21697.65137614679
RHFHSEHEYK,2365.064220183486
VLEPRRDALG,2227.380733944954
KKARERWNHAL,1664.4495412844037
VAKQWRPWLSG,7825.784403669725
WLPFPQFPNVA,13184.12385321101
RGKAPQEHG,1054.1284403669724
YQKYKEPYWD,6118.068807339449
AENNAEHSG,1063.6559633027523
VYSLNDVLSG,4233.022935779816
HHSKEPSG,814.3211009174312
RDSLSPWAQDL,4566.0
RRLHYDSG,3627.201834862385
NASRQPASPYHS,3170.3899082568805
DGFDHLQYWASG,9888.366972477064
WANRFKHVG,5887.1697247706425
EPDVWPWKLWDA,9555.311926605504
YPANFWDSG,6262.481651376147
HKLSFRGPHDA,3155.0183486238534
GFHLPAPNS,3067.0733944954127
WDRHLGESWKHA,4179.302752293578
PFEFYLQRKHA,12624.853211009175
QDPDKVAQWAS,1362.334862385321
LEARADALSG,2116.270642201835
VVSYQYASG,5257.568807339449
HEPGGNKHVLG,1626.0642201834862
RGHHVGHS,2102.1605504587155
PEAPVEPG,879.0871559633027
EEKWFPLS,3853.4449541284403
FSVWRHDVASG,5251.311926605505
PHNSPWGQREPK,1766.3853211009175
GDELKDG,788.6697247706422
HYSGYSNVALG,4831.8899082568805
KPAGNARPKHV,1034.9220183486239
FWYQVKHDLS,4996.422018348624
FEKDPYFWSGH,6844.3302752293575
FLYEYAQFYHD,11662.11009174312
EGLNNKG,908.5963302752293
RVKVGRLRKVA,1549.7752293577983
SHLWYHG,8835.784403669724
YNNLLPWNDALG,6848.321100917431
HPKEFYDA,1515.2155963302753
KGDENADLG,605.6422018348624
WARKENVAVG,1843.9587155963302
VYAGFSQNG,3098.738532110092
EYGEYKAPYQYK,4115.238532110092
NDLKQSREYNA,1148.467889908257
YHPNDAKRENK,769.9724770642201
DFYPHFWDV,14262.926605504586
YKYAVQFEKHG,3162.0550458715597
HHSHPNLS,2045.394495412844
LWVQSWAG,7983.798165137615
LPSAKAG,1072.440366972477
ELWASQGFYVLS,40841.61467889908
FAAERPSG,1530.4311926605506
YRHDQLRWHAS,6170.8302752293575
GPLVHDG,1881.7568807339449
EVPPFPWKDLG,2638.0963302752293
QRNQQYKHGNS,1731.211009174312
DPFEDQEVAL,1434.2798165137615
KKQSWKLSG,972.2752293577981
GFPKQPAPKV,1163.9908256880733
QDPHPYREKS,1468.288990825688
PAYLFKFVSG,26782.66513761468
SGNHVGGQPKV,1548.8715596330276
AENRDHDASG,1116.1146788990825
NWPSDSG,2436.7752293577983
AYWVLEVYWKG,34301.220183486235
GQYQSREPNVG,2069.0366972477063
HVSDNVLYKAL,5814.495412844037
WVPYLHLEYDAG,15058.357798165138
KQEQHLWVSG,3319.8669724770643
GWYLNDALSG,9025.738532110092
ALHVLRFPYKL,17219.449541284404
AQGKRPLG,1388.348623853211
EHSGKARWVSQR,3473.6651376146788
SGEPHNGQYVL,4432.385321100917
YWKHPVFEQFHL,14283.761467889908
RDDWEWSG,6152.1697247706425
VDVPRNVL,2466.2477064220184
YGVDFEVLS,9279.009174311926
VKNKWLS,2151.0366972477063
SHPAYDVL,5393.146788990825
WPKLLFDVS,18434.284403669724
NQYAELWDLG,8291.674311926605
HRGKKSG,834.1422018348624
RYDNLRVKALS,4650.045871559633
KGFNHFREAYWL,15301.233944954129
FLKKAWHDVL,5126.1100917431195
VGGHAEDVAG,1165.545871559633
FDFSGNQEKL,1922.7293577981652
FEGYPWKHRSG,4489.091743119266
VRHWYNDVA,6039.077981651376
DEPGHFYDA,3462.266055045872
KREGVFRPWNG,4013.412844036697
WPQDLWAG,8083.266055045871
WWDLSWAPLG,23491.146788990827
FDGDWVSPKA,4757.591743119266
ELQWVFAQRWV,35313.12385321101
PEWKSFGPYHV,12862.261467889908
YRQFSVSG,6549.146788990825
WFGYPDASG,6707.426605504587
PPLHYLSG,4308.307339449541
ASDSQEGPKAS,706.894495412844
WRDKHFKHDVL,4945.582568807339
ERSFDAHSG,1763.6743119266055
GELEDFWHDS,4914.380733944954
PGVAHVFPWVG,15644.697247706423
NLKGNHPNDLG,2025.032110091743
RHPGWHAGFEKD,3339.880733944954
QYWDGNKVLYKA,8804.899082568807
RWYRGFREYHAS,8801.963302752294
WDAPEWHAHDV,5427.857798165138
QVFFHLQEH,9017.555045871559
NRLESPSG,1700.7660550458716
SYLQFRPQPY,14143.344036697248
RGGENEAS,1024.8715596330276
LFRSVSGRWDS,6605.279816513761
KSGFQHAGPVAS,1815.3761467889908
YGGVQEKHG,1412.9449541284403
DEYSARYKHL,3993.0
DDNALWSG,3936.0091743119265
AKSEDDLS,676.4770642201835
EAVSQHEHG,1178.1788990825687
ELFEFENVNS,11334.564220183487
VRYPQFALS,11525.628440366972
NPSYNPKLG,1873.48623853211
EPHPLQRWGRH,6459.756880733945
LNDRRNHLSG,3031.9311926605506
ALRLHDGPKDL,3480.651376146789
AEQEWNRASG,1820.7844036697247
NHQKRWAFRHDG,4977.623853211009
YVSSPGEWKS,2549.97247706422
WGFNLEKFRKL,9017.509174311926
WWHPYFYNKHDS,11166.344036697248
EHGNENSQYA,1813.6376146788991
HPVKLFASG,4113.899082568807
NWKKPALG,2424.47247706422
PLDFSEPYHDLS,6936.9495412844035
KEVQFFRKAL,4588.844036697248
KHLGAGPSQEHL,1747.1009174311926
SKFGEVSG,1173.0504587155963
KSHDVVQWKLS,2304.738532110092
NWWAEHVSG,6617.98623853211
KDYLHVAWNDV,4366.5504587155965
RANAHQEYNHS,2438.3073394495414
QKAKLSFAPHVS,2734.087155963303
NEWAGNGEPYL,7239.651376146789
PFDDLHDS,3946.440366972477
EKGWHWLKDLS,4455.6697247706425
DSPKQVQRAL,1240.1605504587155
ALWHQVSVG,7591.738532110092
WFYVKLQNVL,18719.188073394496
LYWRQEYHVSG,9254.87614678899
GQLQNLRLS,5301.51376146789
NAVYARNKHV,3503.9633027522937
PGLLYWKDVLG,10256.238532110092
QQWEVYDS,5388.366972477064
EYQKAWGEKHA,1679.0183486238532
HYQFGRNKHL,5189.431192660551
PEFQHDVSG,2926.348623853211
GRRKNALSG,1359.288990825688
VFLLVLSG,35932.105504587154
WRPKGWHSKL,5298.022935779816
SHWKSLG,2966.3853211009173
HYHVALKEWVAL,12564.977064220184
NDSAYQNDAL,2190.408256880734
YPYNKGLGRNK,2216.8440366972477
VFKHYHLPKVLS,6391.95871559633
VEPFKVLEVAS,5876.417431192661
AREAPYHLPWHV,14299.504587155963
HGEERWLSG,4209.816513761468
KVWANDEKDG,1245.7477064220184
HRPLRHEDG,1798.0091743119267
NPQSGHG,1381.1100917431193
QEKSGVFKPVS,1329.045871559633
VKPSHSG,1235.4174311926606
YLNEPLYWNA,12588.348623853211
PPWHHLGPYH,13021.036697247706
YLNGEWEDLG,4819.440366972477
VSASSQRYKG,2148.912844036697
YQNYAGFEYVAS,18981.39908256881
RDRYWLAGQWLG,18219.564220183485
PVGWLFGQYN,19666.724770642202
EERHPHVALSG,2678.8853211009173
GFPDAEQPKVAG,1269.1880733944954
FDNSFRAYNDS,4831.807339449541
RYGAREVREYHV,5381.568807339449
SYNKEAPYNKD,1576.3119266055046
PNLYNPNYWKD,9559.275229357798
LEKNLENKHG,1334.5550458715597
FLWSEDLPHD,5871.55504587156
NRGFYEASG,5498.266055045871
SEHFVSEPWA,8586.536697247706
DQYFFEWNKVS,11380.444954128441
YYEQDLSG,3320.697247706422
NEESEHDVAG,996.2155963302753
HFDALKPHSG,2450.683486238532
LRAQSPKG,1396.7155963302753
WHVLYDGGFPYS,26963.394495412846
SHDDDSG,1339.1880733944954
ANHRLNALSG,3089.770642201835
WSNYNGRYWLS,16554.743119266055
KLWVADPYVAL,18414.949541284404
DQGKGDSG,826.2752293577981
FHLKFEAWNSG,6613.495412844037
HGKQPSQASG,1279.0412844036698
NEPVYWQYWL,32829.34862385321
VPQFPEASG,1801.8715596330276
PLKQSQKG,833.940366972477
FFPKLDSFEPNS,2903.091743119266
KNHVLAQWVS,5992.784403669725
ALRFNGYKAL,8322.729357798165
NDDYKQRVSG,1557.711009174312
ARHPYRYNKDL,4457.495412844037
LDVYVWHG,18948.545871559632
HGKLHQKHDAS,1308.288990825688
YWNNRPRPDS,3531.47247706422
GVEDDALSG,1208.4770642201836
DQHDWLREKG,1955.288990825688
NDALSPNFEKAW,3928.316513761468
YAAHGEWNKA,2223.1743119266057
WYFHKHLG,7118.885321100917
GARNANVG,1792.6100917431193
FRWNNHVRVQRW,14537.321100917432
GVSNRSG,1834.6376146788991
FDHWASRENLS,4586.711009174312
REKVEVNKHLN,1097.2064220183486
AWRADASG,2926.151376146789
SSYNKSALSG,1560.1284403669724
DRKSNAEYWNDA,1962.0504587155963
LEYPQPWKHLS,8399.440366972478
NNFWKFRG,7695.155963302752
LNKQREQFSG,2014.059633027523
NQYNDHSQPWS,5324.839449541284
QKGKGFNDGNH,1507.2844036697247
NDPRKSFKDS,1237.2018348623853
EPVKFRHGRPY,6000.862385321101
QYSRPNAVSYHL,6906.082568807339
HSVLNQEPDVL,2437.9908256880735
FWLDHDLNLSG,10323.08256880734
HKWAVAG,3034.077981651376
PYADNVALFVLG,45225.59633027523
DVFSRQFLSG,10816.522935779816
KLSFPEHALRD,3427.045871559633
EPYAVSWHVRYN,19218.376146788993
RGQLNDLYWKDA,5502.1697247706425
WYPAEHLSG,7650.431192660551
PNLVQRVSKH,3121.52752293578
RYDWEWDQDAG,6195.114678899083
NQGYLLSG,6439.8302752293575
NRAKQPALSG,1531.0412844036698
NYNYSGPWHD,10618.715596330276
YKRVGDEYWG,4974.4908256880735
WDADQHDFHDS,4385.3899082568805
HDYLWVPWG,18784.697247706423
ARHGVNHALG,2936.302752293578
QWADVGQPASQR,3176.2247706422017
FFENHVANAPYD,7623.472477064221
VLEWDLQNKGPY,7913.633027522936
DFEDQKDVFEPD,2369.0183486238534
DSPHKGFYWKD,3378.0825688073396
VQGFALKHDA,3618.908256880734
QNRREHEKAG,943.3990825688073
VWREVGNSG,3063.2752293577983
HRWHPVSFRA,12530.98623853211
RYKPGREHYNVA,2740.0
DWWKQRKHSG,2327.7201834862385
NAREQKLQYSG,2751.1146788990827
EHAKFPGYWNLS,6578.133027522936
KLFGLSQFYWKH,10232.211009174312
QFQFKRNFRKDV,3563.4862385321103
EVDLKSKHG,896.0871559633027
NNLDWLG,6603.284403669725
NYRDELG,2564.5091743119265
EPKAKDLFGRY,2844.0137614678897
KHPAWDSWLG,6026.926605504587
FYHLPDPDQNHA,2798.6651376146788
SQRNELSRYND,3339.0733944954127
AGVQSHVAL,2889.587155963303
WYDAVYWNHG,14015.20642201835
KDQRVDVGKAL,1434.573394495413
WWESFHASG,12663.137614678899
VKGEGRALSG,1232.0963302752293
KFYQQRNSG,2602.3256880733943
SQGNGFASG,2248.183486238532
AFWFRGWVALS,27050.5
HQWPGPWNHV,10016.11009174312
PFASGSNKAS,1686.2293577981652
LFQDVWSG,8054.98623853211
PEPLFSQWVG,10574.059633027522
NAFWQVQFRHVL,32371.3623853211
WAEFPSRYWHA,18748.123853211007
EWRGASFWKVG,8979.032110091743
RQNVEQYKG,1691.866972477064
DNVQSYWVLG,10104.30733944954
NFNNHRWNKV,4738.385321100917
QEDKSEGPWDAG,1123.165137614679
LHFVQEYNDAG,4793.977064220184
EPYPKSPKAPA,924.1926605504588
VPQAGNLSG,1127.2477064220184
HKDEFHVS,1284.7706422018348
WEDKYHG,3737.6880733944954
SGNNFWDVSG,4651.344036697248
RYDVSSEAPWK,2475.1651376146788
FFGVAKG,2616.97247706422
KQQGYLG,2176.2155963302753
SRREYELG,2759.587155963303
HSFSHRYNHDG,4623.834862385321
FLERQYDALS,5183.660550458716
PHQQKSRHDV,1243.8302752293578
KFERHGYDVS,3272.7201834862385
WKDRWKAQKAED,1159.2752293577983
KNQRYGEYWG,6386.848623853211
WDDVDLFRKVL,11104.591743119267
RAWPKRYWKDAG,3489.105504587156
KEPFDWNKA,1440.7935779816514
FHEWNAPVARD,4717.325688073394
GKNHVYALS,3620.743119266055
KQVNQELS,820.2889908256881
GEKPPYKVAL,2985.0825688073396
YQSAHVLSG,2609.7247706422017
DLPRWGFEHDS,4096.174311926606
QESGSRELSFEV,2285.9816513761466
YQFKRWEPKHS,3879.894495412844
LQHRHAEWDVA,3574.8256880733943
SWLNWHDLS,11140.045871559632
SKEYWKNLSG,1750.0229357798164
HRDGHVWAL,8903.614678899083
DVRWDQVEPH,3762.178899082569
FRHDAYYHWNL,14558.087155963303
RQAHNHAL,2518.729357798165
GPQYNVVG,1987.151376146789
QENNREFEPG,1245.1467889908256
RPDPEPNLND,1225.0045871559632
FEDKQNFVAL,2793.669724770642
KSVYDLPWNK,3128.1009174311926
APPHFRYNDAL,3960.766055045872
EASNHQYQRKV,1608.9954128440368
PELPGESG,1014.9908256880734
VRLSDRYHALS,4863.0
DWKKDFWSG,2940.706422018349
WPWLKGQHDVL,8395.61009174312
EFRYEGQRYKHD,3731.9174311926604
QSLPGELS,1207.2201834862385
GQLENSKASG,724.2844036697247
HHSGVEPASG,999.059633027523
RRLESELSG,1392.5642201834862
FAEEYAQFRNVS,5583.183486238532
YWPLKHWNV,10041.995412844037
SPRPSQLG,1220.5183486238532
PHWQHAKDASG,1444.866972477064
SPENFWKDA,1648.2293577981652
KEAYQPLSG,1853.408256880734
VWHYPYHDVAG,7505.454128440367
GWNHWSFRALS,14012.444954128441
EADDSQKDSG,705.6743119266055
ARLHYWG,7274.926605504587
PVAQFSVPVA,3149.4449541284403
QVYYQEVSG,4472.385321100917
QHGHYHALPH,4245.440366972477
QPVKEYWDFHD,7263.981651376147
AKFNDPSG,1252.2660550458716
LWNSAFVALG,15746.449541284404
WPYQARYDVS,11643.463302752294
FGYSEHWLG,9874.490825688074
DLDLELFPYNVS,8148.160550458716
QQWWAYWNKD,9108.944954128441
FKHPRPVSKDV,1331.0688073394494
VWWKYKSG,4089.1146788990827
NNEQPWDALS,3322.646788990826
NWNWKEDSG,1875.3577981651376
ELANWNSG,2349.5688073394494
HFWSALFRKS,7546.954128440367
EDARRAENVG,1086.0825688073394
HRDAFDDAL,3484.802752293578
RLAGFWWDSG,14798.224770642202
LQHPAFLSG,6537.54128440367
WWLNQALSG,8070.908256880734
DEVGYPNV,2910.2155963302753
SWDLFLSYWL,19856.92660550459
YNVLAGFDQKDS,3141.743119266055
LWAEAQHSG,2666.9633027522937
AVLKFVSG,12314.302752293577
NVHEQWDAS,2480.4036697247707
WARPWFDSQYDS,17110.1376146789
QELSFWFRKPHG,9922.064220183487
YRPYVYVSWHS,33180.747706422015
DANGVLREKVG,1736.5779816513761
DDGKVFALG,4885.715596330275
DLWDVVEWNKDL,6955.440366972477
DNHDFVSEHASG,2151.119266055046
KWERPLSG,2170.8990825688074
QGQQEANDVS,810.8394495412844
PEEHPYKHDA,1620.2568807339449
PKFNVGWDAYKV,8688.284403669724
KAQSEKQNVA,713.0
NYDSSQYG,2963.233944954128
NGDLPKSREKDL,886.183486238532
GEHPLFALS,12721.119266055046
WHENNKSEPYA,2789.1009174311926
HNSPLNSG,1711.1605504587155
HFVFFVLS,30704.243119266055
NHWHVKVRNSG,3649.119266055046
PHGGWLSHLS,9371.435779816513
KDEGEYRWSG,3015.1926605504586
FVHEHQFRKH,3530.408256880734
EKYGHDEPN,1197.4174311926606
HKAVSWVAS,3438.8440366972477
GFWYPDLG,18310.977064220184
KLGAPPDVALS,1685.2614678899083
RGNPAEPNDL,1576.6880733944954
VAVSRNFHVAL,10699.715596330276
EDPYSARPWN,4227.366972477064
ARNQDLFEKLG,2408.2522935779816
PQFVGFFHDVL,39853.60091743119
LNHKGDVG,1463.1467889908256
HEKLQFDASFA,6633.577981651376
EFESNGENHAS,1688.119266055046
NNVGFARKLG,4851.651376146789
NKNWDGDLG,2878.3899082568805
VKHHRWG,4125.477064220184
VSWDNLNKVG,3303.293577981651
ARKAVRNG,1010.8211009174312
FVPLKQREWKA,2618.6926605504586
PFFERHSG,5713.142201834862
HAQRWHVSNFEP,6718.146788990825
LRLHSNVS,3983.5733944954127
LWNKNLNDVS,2406.564220183486
KYGNLHDS,2208.435779816514
NWHAAFLS,15359.743119266055
EGSGVSEPKLS,908.6467889908257
KNLDLRVLS,4551.146788990825
WQLDYNVSG,7686.233944954129
DVKEFWASG,2143.5733944954127
LNRGASG,2114.105504587156
NANADALSYHDL,3945.206422018349
RHYGNLPYNDV,6261.733944954129
YYALERNKHVA,3838.2247706422017
YYAGNNALS,3274.321100917431
RPVYAEAFEHLG,6823.743119266055
WHRFNQFEWN,18223.26605504587
QWLEQFHDFK,14730.545871559632
EADNKVYNHLG,1851.8623853211009
WYKHRESNKAL,2754.788990825688
EFDQFFDAG,7545.9495412844035
QSDGNGQREH,1376.440366972477
EEGELRAG,1054.7155963302753
SNASAVASG,1096.9357798165138
NRGYNRSG,3150.1743119266057
NRWDVAHFNAG,7926.215596330275
YKAHANHRYWVG,8552.30733944954
KQLSNAQKG,934.7064220183486
DYFYQKLS,6188.784403669725
RVLPQARYWVA,12550.798165137614
LDHLWSG,6836.866972477064
NDQPSKHLRYV,3594.2522935779816
NWSGDYLS,7117.44495412844
QWSDFAFYVAG,35543.050458715596
ADRHGYLS,4084.8853211009173
HNQWEALSG,3449.669724770642
ARKRRHVG,1081.8715596330276
YKALQLPPNVG,2988.798165137615
KKREHQEDSG,669.7247706422019
RPPSFPEVLS,2868.105504587156
EVDPLGRVAG,1718.5183486238532
YWAYFNDQPWV,22143.3623853211
KSHAWVNHG,3559.8577981651374
KADHFKALG,1503.3394495412845
KPGDQESG,714.756880733945
EQSQVADVAG,925.1559633027523
YWRNNKQPYWG,10446.183486238531
GWPGKALG,3907.8073394495414
RSVKEYKALS,1813.3256880733945
YHSNVPNPYNDS,3464.8853211009173
FDKGQDASQNLG,1435.0183486238532
LDVFAPDLG,5744.756880733945
KVAPWAGYDLFP,11662.348623853211
LNVSGEHFYSG,7638.995412844037
ASKFKPHDAG,1360.866972477064
PYFGELGPAL,11513.5
VAGVRPQFYWA,22394.344036697246
AEWAQHFDG,7958.40366972477
DHEDHLG,1403.105504587156
EVAPEHVGNLG,1351.380733944954
LWQEFAS,7307.775229357798
VFKSYDWNKL,5146.504587155963
KRFHSEAL,1923.908256880734
DGFFSGEPW,13823.004587155963
SESPHPHDS,1829.091743119266
SEYWHRYWAEWH,21332.376146788993
PGPQEKLEWALG,2467.7798165137615
LGAWKGQREYHG,4088.6651376146788
VWFKNKHDLS,4321.40366972477
LPYSKQFRYW,13427.02752293578
YANLFPNGKHVG,4156.077981651376
RSQQHSPHG,1968.408256880734
DSRDHSENAG,985.243119266055
EYGLREKYWDA,4968.472477064221
NSSWNPHLSG,3749.266055045872
HLRYFNSRVLS,11860.174311926605
EHAQSYLNHS,2464.967889908257
PPGKQRALSG,1174.788990825688
QWDKDARNQEW,3957.1651376146788
HDAGQQWHEP,3065.9954128440368
YYDDDALS,4604.114678899083
RVLYLSAQPKG,13504.504587155963
VLWPLQYWNK,14553.45871559633
YNDAGKPVSGN,1593.3119266055046
LRGQPVFPNA,5388.165137614679
FKYDYREHG,3225.798165137615
YGQEASAEWND,3220.880733944954
YNDVHGPHGRYN,6163.472477064221
PYDVYVQHGRVS,10012.477064220184
NQYYKRPWDAL,9754.779816513761
AAVGKSG,1113.0688073394494
NNPVDAG,1319.6926605504586
VGRQQRKLS,1188.6284403669724
HYFDLNSG,5613.577981651376
VPWPEPHDVS,2893.3256880733943
PFLYWQHSG,16155.770642201835
LHYKGNG,2369.637614678899
HAYQSGQREYN,3554.5550458715597
YGFQRYWVQRKL,13505.477064220184
AFAHRASG,3159.3394495412845
HRNNWNDALS,3536.788990825688
PYAENSFQDLG,5918.045871559633
SKAAQKG,782.2614678899082
AALWRLSG,8380.215596330276
GYHGNAPALS,2674.793577981651
AWKAWLPNVAG,5836.853211009175
NWLEWEYNKG,8197.238532110092
VLDAHGFRPS,4409.880733944954
DQEYKNHLGLS,2526.8440366972477
PEPWWARNG,8078.463302752293
HPYVGGEKG,1290.9036697247707
PSNGALSGDVA,1375.788990825688
GFNRSFDVL,12021.256880733945
KEQWVWLG,10660.321100917432
RHLPWSPVSWHG,14828.229357798165
YRDKEWLSG,3004.922018348624
DKADAALG,859.697247706422
QRQGYNLRYW,14265.839449541285
ELFYGEYGYNKG,10222.08256880734
RQQLDLG,2107.394495412844
EAWGWKKHDV,2913.587155963303
WSLLHVS,13996.366972477064
QNKYSGPHHG,2527.0504587155965
PYDPNKLASQYG,3091.623853211009
ESGKRHVRPNA,1344.2064220183486
QVHYKGFRHAL,6041.963302752293
QGLKAASG,1546.6422018348624
HLSYRYWHARYL,16741.275229357798
QEGFLSHLFHL,14503.091743119267
NNFHAPLG,4776.582568807339
AEYHPNAPNVAG,2497.3990825688074
HSPLQFADG,3379.9495412844035
VSRLGHDEYKA,2395.651376146789
YKVPKLRAHSG,1943.0229357798164
KVPQENDWKS,1003.2844036697247
QQDVNKPHD,1175.8715596330276
WRKQWGQFHVG,9967.62385321101
NDWRNDSYNKV,3989.059633027523
YQNPFRNVS,5953.229357798165
PVNAKLFHAG,3460.422018348624
YFLSAEKDVS,3119.52752293578
HVNLFNRYNHV,10304.444954128441
QHREYADEYLS,5920.027522935779
KYLWSPNHLG,7341.353211009175
NVQGSQPHD,1852.0412844036698
DRYKFFNDG,4353.8899082568805
RDLNAFEVYKG,6223.353211009175
ELPGQFGKHDL,2301.178899082569
APEVVLSG,1440.3853211009175
AYHKDQDLG,1359.4495412844037
PKGYPNDVRNH,2946.137614678899
WLHLRHVQP,9441.348623853211
QPSFQYLQWKDV,10265.169724770642
KSGSYWRKDS,2180.761467889908
VRYGLGPYNS,7478.876146788991
KLVAQPWDAKHS,2480.408256880734
QKQYWWKHLNHD,5423.477064220184
GDVSLFHSG,4072.380733944954
ANWVVAG,6290.619266055046
KDNQYDLGHDL,2898.651376146789
RVVHVKLG,5175.247706422018
NAYFSPYHVAS,10832.128440366972
RVRLALFPWHV,28298.0
YQSPPWG,7489.45871559633
SPLPQWLG,5350.926605504587
QGQFRLWNAFPL,28148.660550458717
EKRASGFVGEH,1750.7752293577983
FVWRSGPNKS,4583.174311926606
AWQHEDVLSG,2756.6880733944954
KRYKASLEPWA,3055.880733944954
KEEWPVLSG,2256.298165137615
PQPPPNAG,1138.2660550458716
WVSHHDLEPDL,5341.55504587156
LYKYPWVASG,6221.55504587156
ARHEDQYWHAL,6223.711009174312
FSLLQKSG,2811.619266055046
ANYWAKHDSG,2577.0688073394494
YEDLRLVAG,6474.600917431193
FGPFEPNREVLS,3692.793577981651
DFKVEPDAHDLS,1571.5045871559632
NSKLDSRYKDS,1276.7385321100917
PFPENAPHG,2130.435779816514
GRLWYNALS,10714.41743119266
RNWGAQHVAL,6754.266055045871
KESHLPAG,1302.1880733944954
DWDKAPVG,1528.2155963302753
EHVKQPWPYV,7914.174311926606
PANYNSWNDL,6296.674311926606
HVPQAFNDV,2548.6926605504586
FAFAASWHVL,19916.229357798165
EVYSVGPYDLG,9249.628440366972
WPYFESFREPD,13059.41743119266
PHHPHGHSG,1868.6467889908256
RPRQLSYWDASG,7033.100917431193
HVAYDGFAKDL,6101.573394495413
GPEHHLG,1536.1697247706422
SYYLFDVSG,13190.908256880733
EWWVLGRDQPNK,5305.321100917431
FEADFRPLFNKH,5313.623853211009
PLHEPNKWNH,2694.678899082569
DPDHHSG,1144.3990825688074
DRDLQVQLSG,2367.412844036697
PDVSKRNVGEWL,2883.3440366972477
WGFAGEVPWNG,8433.422018348623
NGYSHVPNKV,2209.577981651376
DEKDPQFRPV,1282.211009174312
DDERHVG,1378.8073394495414
PVSEALFRDYKL,6876.068807339449
FVPEKLEYDG,1926.5688073394494
RPYDQDNVNDL,2720.3119266055046
ANPYHKSG,2070.733944954128
YLEHPNYWDSG,9382.628440366972
EAAYHSFEYLS,7829.362385321101
SGHRGRWDA,4347.862385321101
WDVERLGRWSG,11115.174311926605
ASNKPWVFRDAS,4618.628440366972
WWNKNEPWAG,5515.188073394495
SKDWLWHLG,7514.688073394495
SHQKKLG,1026.3302752293578
WEFLQYLSG,7186.90366972477
EFSHKDASG,1077.9587155963302
VRDEWQNSG,1759.5183486238532
QNFNENDNHL,2466.0045871559632
EKGQPWLENSGY,3270.1100917431195
DYVPYRKSG,2595.651376146789
VGAKDSVG,727.5229357798165
VYNPSEHVL,3258.137614678899
DLWNEHLEWN,6032.733944954129
PLYWNRGRKAS,3354.3440366972477
HDWLVLNKLS,9827.56880733945
FKVQSFLKAL,6814.399082568807
VPVVGNAG,1196.954128440367
GYALLGYWHVL,18428.839449541283
PYQDEPKRWNKV,2136.2477064220184
YWSPLSSYKDG,4028.380733944954
FANDGWRYA,10639.151376146789
NFFWYLSG,9864.215596330276
VKHNDPWKDLSG,1424.197247706422
GPAKQYVL,1469.1743119266055
RNANPHLPWKL,6760.422018348624
QRDKRNKPYNKL,989.9862385321101
ESFEWDPQENH,2584.678899082569
FVWKRYHGDV,5172.114678899083
KSFPRAGQAS,1217.0825688073394
LFVGKEPLS,2328.4633027522937
HRNYFEALSG,4744.339449541284
RLHSAFEPWHDV,7908.9495412844035
EPSFKSPWAEPH,2844.922018348624
NLEKHLDPNKDL,1475.8853211009175
LARLPLG,4760.591743119266
KLPRGRYG,2657.908256880734
KSHWNVNDVS,1734.119266055046
KWFGRWHDL,10438.711009174312
KVDFRPFRDL,5471.995412844037
DHPWLKDASG,2506.4449541284403
HAPNFYPWKL,12386.197247706423
FQYPGREYWKV,8253.935779816513
NVKGDSEPKHS,727.9862385321101
KRLDEYVS,1691.6376146788991
AYAVHVASG,3436.211009174312
YWDKFEPNELG,3050.1743119266057
PERQPKVALS,1484.7385321100917
GRSDGRLG,2108.853211009174
SNPNWSG,3120.422018348624
RLKNDLFDVS,2864.6743119266057
EANAQWGDAL,2483.243119266055
WPLVANAG,4114.293577981652
YLGVQPHEKAS,1488.3440366972477
WDEDQHDSEPS,2114.1559633027523
VEFHHLSG,4161.036697247707
NFDEWEWALS,9867.830275229358
FVLLALGWHLG,27126.995412844037
EANYVLWG,10752.747706422018
RWAEVLNSGW,17676.67889908257
WDDPEYHDVAL,7454.188073394495
NSFGYQRAS,4415.05504587156
RQEAAGEYNKD,1313.073394495413
QSYNANVAQWS,4713.5
KDEQQFPYWL,11067.064220183487
NHWWEKDLSG,4666.197247706422
LAGERLG,2055.288990825688
NPYQEWKEL,2763.5366972477063
KEKGDEWALG,1441.0550458715597
RFRWSHAREPV,4960.587155963302
GEEYRKG,1397.940366972477
VRQQDAG,1363.1100917431193
DESAWHAS,2459.788990825688
DFELRYHVWA,15593.752293577982
KWQGWKSG,2562.330275229358
AYNFKFHS,5767.412844036698
LSNGNGREPL,2328.5688073394494
HDFEAFVQYND,15217.70642201835
NEYNHSLGFWK,8458.504587155963
QAGPGKQPHA,1167.1605504587155
RDFSLNDVLS,5038.119266055046
KRRKSVLSG,846.5917431192661
KYLPHWKVL,6241.6697247706425
VRHDQNQRWA,4935.715596330275
YRNQWVFRG,11586.495412844037
KGYKYWLEKVG,2891.7247706422017
GAPWHFAS,11719.651376146789
WFDSSFRYDV,16397.683486238533
YPWGYNHRD,10003.871559633028
DDLPVLFG,9059.655963302752
FVGQNDSFWVGQ,8595.022935779816
PANQGRWSG,3436.5825688073396
FLNAVGFHLSG,11634.944954128441
FRFVVQRWNA,16099.105504587156
DFSAFEASG,3000.6605504587155
WKHWAQWVEHAS,6976.119266055046
LPHFAQWNKHAS,3907.4449541284403
HVEGNVGWHDA,4808.247706422018
DFFVDVSG,11589.70642201835
LDQLESG,1933.2614678899083
ALLGEARVS,2082.7522935779816
VFKRPGFVG,6070.371559633028
FFKEDENG,1422.697247706422
VGVQDELG,1294.8119266055046
YNNSRWDLPYKV,11478.128440366972
KFYPKLNKAG,1844.0
RLLARHLSG,5843.756880733945
WHGESFVRWKD,10447.922018348623
FHNHGEQFHDA,3404.97247706422
PLPNQEWDWH,6623.09633027523
FNRNNLGQFYS,12471.880733944954
FFYDGVRYWHVL,12994.495412844037
FSLGFYGQNKHV,7206.876146788991
NRWGRGFNL,12653.885321100917
FSAGQVWALG,10760.261467889908
LVGFRFKLS,20033.394495412846
YLKWVQHAS,4718.917431192661
VSSEFYSG,3550.440366972477
LFHQFSKVAG,5049.527522935779
FGVVVLSG,38994.408256880735
GDSWLFVLS,40683.12844036697
VRAQRVHDAG,2810.059633027523
REREYPHQFG,5434.844036697248
FVAHREGYHAL,7302.98623853211
QLESKVRPYNH,3906.8577981651374
PEHPKEWNKDVS,1182.6100917431193
VGAPHVAYHAL,6544.779816513761
WSVERDAG,2731.738532110092
GFVNHNVG,3666.3715596330276
LGWQPSREPV,3890.302752293578
PDDFWNREWNKS,4183.98623853211
YPRHAKLG,2488.683486238532
EQAHYKVG,1593.5688073394494
PWEHAEHLGFLS,17080.655963302754
EYQLLREYWS,15452.880733944954
NPKHFDNKVLG,2248.3669724770643
NFWVGPFYVL,46864.35779816514
RQGDRPG,1828.302752293578
PLWAAFEKVG,8779.788990825688
PQFQVGQFHAS,6538.344036697248
KWQYFWG,13599.160550458715
YLSHWVLSGA,9708.022935779816
NWLLFVALSG,36606.33027522936
NWSNDEAS,2162.2477064220184
QHGHDLQGQPYH,4566.344036697248
NLSGQQKAEHLS,1139.9816513761468
VYEHLRG,4191.408256880734
PPGYLRVL,11691.160550458715
EGLHHDASG,1816.348623853211
SWVRDFWSG,15899.688073394496
DQVKGFHDG,1744.1880733944954
FLLWYDG,9020.637614678899
WSQFQWREDA,8573.587155963303
WHNHRPNYHDV,7326.779816513761
PQADYKLS,1338.7339449541284
NKKPGRWKDA,1134.3899082568807
RHNDREQKHDVL,1385.7155963302753
PRGVLVAG,4125.5504587155965
KKAPEKLG,621.0871559633027
KLWEGEWNHVL,6850.908256880734
WWGWLNDSG,14018.591743119267
HFWARELQSG,5512.779816513761
AGELFASNSG,3537.678899082569
PHGWKRVQKSG,1520.894495412844
HKSGKFSG,1192.880733944954
LPWNDNEYKLS,4762.463302752293
EVNEDAQNKG,773.7339449541284
SVLHPDG,2620.376146788991
RHQHASAQRNA,1733.5504587155963
KYHDLLKAL,2726.5
QVQEVAYSGRWS,11730.545871559632
AQVWEKVAS,1905.894495412844
EHGVVRYHAL,7746.697247706422
DHNVQPNVAL,2318.178899082569
WPNVLNSRVAS,5633.472477064221
DHPVWVG,6247.628440366972
EALFDGSFKHA,4754.825688073394
WEKVQKFEL,5186.48623853211
PSQENFVWHDLG,9172.311926605504
HWNNHDAQRWDV,7721.252293577982
YHSRAFDVPY,11419.944954128441
LNHVAFGVAG,8041.45871559633
SVSERKVG,1020.2706422018349
SRWLKEPNKS,1977.0642201834862
LYDHQYSG,4646.1697247706425
VPSDYDG,1793.197247706422
YWPYAWHSGDVS,10250.357798165138
HSFSQEPSQPYL,5729.536697247707
VKLQPEDG,1253.2981651376147
QYFLFEAKAG,17413.922018348625
WKPSDQPWVG,4795.90366972477
FQHKHLFEYV,11530.844036697248
NLNLPARNASG,2663.7798165137615
QNNYSPKG,1640.380733944954
NKFHEVLGHDL,4112.59633027523
NYVELWDS,11428.59633027523
QQVVAQDSG,993.197247706422
KQAHADASG,951.8669724770642
LAWSWLG,15774.825688073395
AQYRAKVALS,3738.2201834862385
WFHLDRYWNK,9142.866972477064
KHQPASEGRPA,922.5642201834862
LKVNNVASG,1533.0275229357799
PQDRGQDVLS,1713.4816513761468
NSQEFKAFEKH,1974.8853211009175
RYFKFKQWHVS,7462.756880733945
GWDRKFEYWH,11998.550458715596
SRPNDNGQFSG,1952.7431192660551
QASEEHVGYDAG,1670.4036697247707
VHSWDYNHVG,6113.266055045871
HEDGVPYNKAS,2193.922018348624
EYRQPWRKS,3788.8256880733943
PQDADVNHDG,1427.119266055046
DKVVQSG,915.7064220183486
AQNRHGPWVLG,8026.5
ALQWQPGYWDS,14760.724770642202
PWGWNHVNSPKS,4067.669724770642
NHPSPDQREWG,2479.229357798165
LNFGHLG,6234.866972477064
ALLGLFRWG,16468.724770642202
PKKGQENLQKD,833.2477064220184
LYVWHEWNHDS,9496.128440366972
ADVLQLWHVL,17887.26605504587
LRNQHREYKVS,3551.577981651376
VANSVGRPWLS,8644.302752293577
HRSGLSGKHDAG,1692.2935779816514
ASGEQYHPNL,3570.6422018348626
RWGYYSGYWVS,18901.004587155963
SQFWEVQFWNS,28974.701834862386
WWVYEPHDLG,17585.39908256881
RLGDANDYNL,3528.4816513761466
YQFDKLQYDSG,3999.1422018348626
PASVPLGPWNLG,6690.683486238532
QRGNEPYWPKS,4912.646788990825
DRAGSGFYNVA,4896.174311926606
NSGSLSGWL,6845.339449541284
FWGAVSGPNK,3721.362385321101
DSDHDKAS,734.5045871559633
FQHAKANHDVS,1504.7018348623853
EGAFANKDG,1648.2798165137615
EYSWWDVLGNVL,16441.93119266055
GKVNKHKLSG,1079.2064220183486
QLDLYVLYNKL,25177.02752293578
DVWFDAWKHSG,9620.362385321101
LGQWNLAGQYS,8596.435779816513
LRYPLPYWKDS,8452.738532110092
KPHGKFRWNDVG,2228.47247706422
QHDQRQQEPND,1295.8899082568807
WHEVRNRLS,5997.4908256880735
HFHVRSRPYND,7891.756880733945
RDNGHVLKLG,4069.5963302752293
ASKQFWYKG,4692.279816513761
WKLKRPLQYDA,5454.394495412844
NEQWEKSG,1536.197247706422
FFYFKSRPVLG,6417.729357798165
NASLGFRVFRWV,29992.064220183485
EREDSDSFWNA,2689.298165137615
HHQNWHVLSG,4963.376146788991
QDLRHVSPKGKL,1875.3715596330276
YLLSLQRNKLG,6549.495412844037
AKKAKLG,650.8807339449542
WSEHWVSPYKV,12496.857798165138
QGYKFLHDSG,3681.683486238532
GWKWRNSG,4501.972477064221
WHRRLQEWDLS,9492.435779816513
AYVDSEAG,1529.8440366972477
WHLLNHGQRWDA,10626.880733944954
DRPGPEPYNKHL,1908.6146788990825
WQQHQWASG,5182.660550458716
VVWSNVASG,4221.463302752293
WYVRGWHLSG,14469.11009174312
VNRKELSG,1160.032110091743
SDAWDHASG,2587.733944954128
YAEEKARKG,926.2844036697247
HYEKSDVG,1154.6788990825687
PSEVHGFNDVS,2620.0504587155965
FLPADGRYKL,5110.467889908256
SNKSYNSPV,1754.7522935779816
SPFFPLSG,6802.091743119266
NDVWLQLFEYHL,32647.288990825688
FRRHREKLWA,4334.307339449541
DRQDPYNKSG,1255.9311926605506
LWPYWPLS,22228.47247706422
QGWRHKHDSG,2441.7201834862385
EVHWYWALS,15888.935779816513
FPYDPVAQDFWG,10006.45871559633
ADSVNAG,959.3715596330276
KQPPHELG,1052.288990825688
AGDLFEKDQYVG,2369.4449541284403
HWYNNKDS,2378.623853211009
HFNSSGAG,2189.2155963302753
ESDALGRRYWV,7215.651376146789
FPGPLRAQEAG,1977.7155963302753
DSFLDQFRPWNG,8565.766055045871
VVDWHVLSG,5810.435779816514
YALFWPAFKV,20464.243119266055
FYPGFYVQRHL,19544.88532110092
RLDEVGEWKASG,1899.908256880734
PHYWNQSGFEKS,2923.6559633027523
RGFWDRHFENKD,4836.866972477064
RYGANLSYWNH,10111.756880733945
KRGLRYALSG,3423.605504587156
PKYHNAQWAL,5329.01376146789
AQQFHGLG,2852.064220183486
FVYGRKALNK,2687.821100917431
GQRVVPYWKHS,5318.256880733945
HLPQDLSRN,2156.9174311926604
HDHSLFEPNKAL,2087.8669724770643
WHVAYNQWRPDS,8562.261467889908
ESKRVPWKHL,2569.440366972477
VPGGVLS,1251.2706422018348
APPRASG,1008.454128440367
LYAKNHDLS,2669.908256880734
RRWFWPYWDSG,17152.211009174312
SESWENALG,3008.5229357798166
KKLFANVG,1980.834862385321
SFHLQRNFEVA,7364.495412844037
HDSWHVWLGPG,12687.518348623853
LSSYYVG,5463.912844036698
KQDWHAREPYWK,3980.4036697247707
VRPFWDGFKLS,13542.321100917432
NPHNHNVAL,2225.97247706422
HGQGPSRHLSG,2093.4036697247707
PGLHWNG,3834.1009174311926
PPDHSPHDALS,1369.4357798165138
FQEQFQFPYNA,10382.426605504586
EHYHPDRYWNSG,4792.600917431193
DRDAVLRHDAL,2286.1100917431195
QADDEYVALG,1641.3119266055046
SRVPREHVAG,1259.1238532110092
HSHPQRDVAL,1832.3394495412845
FKFKSPFEPWVG,7137.178899082569
KVQLRNVQAG,1730.7568807339449
FRLLGHSGQVAS,3704.3715596330276
KLQVVEPYALG,4134.628440366972
KEPNRHDWDLG,2627.5
KNGFFWG,8889.394495412844
NDDLDVRNVLS,2571.330275229358
KSGVWDSQEWVG,3061.1926605504586
WKKAWRPNHVSG,3218.7798165137615
SEKWNGPYWKD,4984.692660550459
QGWGVQEPWKD,4065.229357798165
DPFARYSG,3523.201834862385
APSKAVG,675.454128440367
YFHEGRASG,2843.408256880734
RNYQKHNKG,1060.0504587155963
SPSNSEASG,837.1238532110092
LHRVHASG,2576.8394495412845
WKRQEQELS,1333.2522935779816
DSAFDPAS,1293.1467889908256
RNLSWDSVLED,5100.825688073394
KSYAGGYHL,3958.7522935779816
ELRKLPNLKHA,1879.3073394495414
GYKREEPYWNH,3986.7247706422017
GEVNNKLG,1482.2706422018348
RVWSKLEPNAS,2295.146788990826
FGFNADYNHDS,4657.119266055046
QFQGLPKHDVG,1965.532110091743
FDKKAWNALSG,2215.440366972477
NYVYVYKDVAG,17802.224770642202
LYLVQHLG,11955.926605504586
ELDSDVQKHLG,1457.6605504587155
LSAVYWHDVG,8403.256880733945
WVWDEYVQNLG,12470.440366972478
FYDALDAHLSRL,8657.52752293578
FDDFVRKG,3175.105504587156
WDHQEHDEWKVG,3271.0963302752293
AEGDLPNHDVL,2303.733944954128
EHVYFKSQYVSG,11359.380733944954
SKDKLYVALG,4419.857798165138
YWVAGWAPGFWL,37087.922018348625
YSRGWASFEWD,20021.65137614679
EWRFRYQRWNHA,11433.169724770642
FSHAPQYKHAL,4560.844036697248
DRRQKLG,1276.2660550458716
RWYKFLPNHA,8137.54128440367
NDNAFYDSEPHL,6370.614678899083
LFWLYWKQNVG,6334.6100917431195
KRWNGNPNDLG,2712.256880733945
PYRLKDGFDV,6682.48623853211
PLASFLGYWD,24948.88532110092
HNHQESELG,1232.366972477064
APRHKVSG,1147.8715596330276
SGRSWDAQKVS,2157.6651376146788
FFFYLRNHALS,6282.816513761468
HSNKLSALGPV,2418.6100917431195
AGSYDPALG,2125.733944954128
WNVSPLGWHAFP,20308.449541284404
RNKRLGPKQENA,964.6284403669724
LSGGQALRPNS,2214.587155963303
SVGWPVLS,10039.233944954129
FRYFNKHWDQEK,2767.137614678899
LNSAPSG,1679.0779816513761
WAGLSNDNDLSG,3351.816513761468
VPAREFKHDG,1335.6788990825687
WHALSDGGEVA,2376.0688073394494
ESRVWVLSYKG,19278.06880733945
HGVAVWDSG,4494.935779816514
SFRALQEWKSEH,2876.4954128440368
FQVKNVALG,3259.816513761468
LQEAPKVHSG,1562.0550458715597
GGQDKVLS,1142.1605504587155
FFPAEHEDLG,2007.9816513761468
DAGYFEWDHVL,13258.954128440368
DWLNVEPHVAG,4589.220183486239
SHQHFYKHDS,2997.1559633027523
KEKDWQRDG,1479.9908256880733
VKWDYKHDG,2385.8256880733943
NNPWAVAL,10352.19266055046
WPASSGYWNKA,4939.766055045871
DVFPVREYVEWD,9088.11009174312
VDQYVESG,2142.467889908257
QWNVVANLEDVL,8642.848623853211
FNNANKQVSG,1464.6697247706422
EHGFQEWQEPK,2068.9816513761466
YEGPHQWHL,11371.614678899083
PNQDPAWNAL,2580.8256880733943
DVDDGWAS,2823.6330275229357
EVLHFWVRWHV,31319.33486238532
RKEQEWFNKHA,2089.9174311926604
FLPVNARKAG,2272.908256880734
LNHHNASG,1969.9495412844037
ENPPQPYNKHG,1477.032110091743
GKNPVASG,1367.5779816513761
ANSNYWKHDSG,2145.293577981651
RRRPWHYL,14507.444954128441
GYLSYVEKVLG,10921.79357798165
KGDSYHLPVA,2206.8348623853212
KHDNASEVRNL,1434.8256880733945
DRDQEQREN,962.3073394495412
GPEPNPLSG,1146.9220183486239
KAGWEKASEPVS,1002.2935779816514
NLWKNKSYKAG,2122.4633027522937
YVADNSWKHG,3571.880733944954
WSEYEPFVAS,12829.275229357798
SWGERKAG,1929.467889908257
SWGVVLS,14818.256880733945
RYWLFNQDNHL,12608.756880733945
PQAQELGRKV,1441.633027522936
RRWDQYFKVS,8528.784403669724
NSFDNVQFRKA,4430.275229357798
GDSGHNASG,1290.2064220183486
SKLFRSYNDVA,3974.770642201835
NNQFQEKSG,1224.967889908257
RFQDANDSG,1672.3119266055046
FLRGNSNKAS,2325.3669724770643
FVYFHWKVLG,13589.766055045871
SVQYNESG,2105.0091743119265
DQFRLPNQPWKA,5337.174311926606
GWVDRHG,5004.573394495413
HDAREENKGQLG,1296.032110091743
GPRQPKHDVS,1284.5688073394494
ELNWALDVAL,11371.91743119266
EGANLVSG,1267.8394495412845
ADSFGPALS,3380.270642201835
HYKWNRNKHD,2338.3715596330276
APWGGPKASG,1795.105504587156
ADYSRKVAL,2760.4036697247707
ANEFEDG,1449.7018348623853
EFVFKQRPWVA,13701.56880733945
EKRNQRSFRNSG,1591.366972477064
KQKQDRNKDLG,675.6376146788991
GLWKYSG,5429.5
EVYADRPLSG,2861.169724770642
PGQNVRSQRPW,7716.775229357798
KVDSQWSGPYNS,3717.0183486238534
PLVRNLPNKLSG,4010.5550458715597
GNNARHLSG,2549.1605504587155
GASFNFEHDV,5002.279816513761
WQHSPWNSHVA,8284.43119266055
VFPKFSPKDAL,2926.6100917431195
LRDHSKAG,1316.7431192660551
APYQPLSVAG,2663.02752293578
AGRKSLRNDAS,974.9128440366973
NKLPWQKHEHDG,1843.3119266055046
KRSFGDSG,1438.1467889908256
WSSHRNLSG,5023.577981651376
VPHAKGKAS,976.0779816513761
PNQAYRNHDLG,3529.9174311926604
DVFPLSFLYKHV,19260.155963302754
AYWNLALFYNS,18579.009174311926
ESDGFPWRHDV,6196.715596330275
VLPNFHGFRHS,8340.197247706423
KSNHWGEKDV,1338.3073394495414
NHNGQVKDLSG,1450.211009174312
EWLFALELRWA,52274.87155963303
ADAKVDSG,1017.651376146789
LLRENDWL,8159.587155963302
HPSQVKVALS,2149.9036697247707
RSNPQRLSG,2026.573394495413
NSAQHLWG,5505.477064220184
QEPDWNKAGNAK,1038.5963302752293
YYKKAFLSG,4493.51376146789
WWPHRLS,14646.220183486239
GNYNQLG,2826.330275229358
KLYQFYAKDVA,6780.582568807339
GHLGSWHSG,5427.871559633028
KGGRGQALS,1284.7706422018348
RSLVDSG,2231.146788990826
PNGDSFYLEG,7309.059633027523
ERLGWHPNKVA,2954.1605504587155
EGGNPVSG,1262.2981651376147
PHDVAHSRWYN,8543.564220183487
NVHLYSEHDVS,4779.885321100917
QNANQEEKDLS,786.1238532110092
NEYKKPWNHL,4673.651376146789
PHLDFVSNHA,5312.412844036698
NWGPHHDVG,4758.651376146789
NYSYDYVS,8143.04128440367
LKQWVKG,2829.8853211009173
GQPWSYLQNHS,5274.371559633028
NYWEPQEPKLG,3254.4862385321103
PDVYNHPNKLSN,1917.1788990825687
SGSGQGWSG,2520.5366972477063
HSGSPVGHVSG,1920.545871559633
PEFYGRLG,9250.830275229358
NKEYDHVAQK,1315.665137614679
FNHPYAKAEPDL,2377.5366972477063
FKQSNALKHV,2047.5045871559632
WDYPGYDVA,7443.247706422018
NRALHVGKVAS,3030.697247706422
VNSDGHAG,1405.633027522936
KNDWDQNKHVG,1531.5091743119267
QPFVPNKNHVS,2471.4770642201834
HKPWNWDL,8361.711009174312
QVDRSNHSG,1462.5229357798164
DKPKPLSG,817.2247706422019
FAELHAREWNAL,9656.518348623853
WNRFFEWNKV,11781.743119266055
GLGRDYHVALG,6135.779816513761
WFKVPHGEPYHV,10105.29357798165
FRAEAEPQFPV,3942.3853211009173
GQLEHEDALS,1289.1605504587155
ADEWPNAS,1738.8256880733945
FHLVGNKASNHD,2588.7752293577983
ESPENQWHVAG,1803.788990825688
HNARVPKHDV,1623.880733944954
YGARYAYVA,11580.380733944954
PFNYFEPYWA,28471.311926605504
PVSYKSRARWH,6302.779816513761
SNVVSNAS,1460.2706422018348
SQQWPYLG,9542.165137614678
QEDESRYNNDVL,2036.133027522936
EKLWDLHRNDG,3342.47247706422
WHDWLFYPWDL,29037.188073394496
HQSAGKVG,1280.848623853211
AGRGLSQRKS,1240.1926605504586
EYYPGQFYHVA,13794.449541284404
AYPSEKLSG,1394.9128440366972
HYDPSALG,2752.2798165137615
PSSKWHSG,2000.1880733944954
ERQFPLEKAG,1407.619266055046
SRDVFSPWD,13847.02752293578
PHKRLQKDVG,1048.2018348623853
DRWADKHDVL,3231.0229357798166
SFYDDQEWSG,6478.5091743119265
LRFWPWG,19750.839449541283
ENNQNKGFYDG,2352.293577981651
KQKGRAWKG,1054.940366972477
HSEVARSDSG,1388.954128440367
NRKWPHDAG,2603.559633027523
HDRARVGEWNS,2996.8348623853212
GLFELKHDVA,3816.2477064220184
DLESVSFREKAL,4211.743119266055
PVGNSWKLPLS,4710.045871559633
HPQQDVG,1392.8532110091744
PGKKYKG,970.183486238532
PNVQLFRHDGFH,11770.550458715596
NQVSNFWNAG,4540.394495412844
QLLEEYSG,3068.3990825688074
GEQGVSG,1117.7706422018348
AKPLWSG,3187.2247706422017
QQAKHREALSG,957.440366972477
RVHPYHDLKD,3868.706422018349
EHWHLERWVAS,8964.344036697248
PWVNWNAEYWNV,19273.54128440367
APHWREHDAS,2565.8394495412845
RNQKNKHDFKA,854.3807339449542
KYYRESG,2172.059633027523
WQFHKDSFRDVA,5330.339449541284
NEDHEVLSG,1570.5871559633028
QALHLFRSEPND,4794.385321100917
KWHAEYSPHDL,5302.51376146789
YEPRPGPNDL,2462.954128440367
QLRRPKVSNASG,1371.651376146789
GWKESRHDSG,1478.711009174312
DRYEFRPYHDV,7101.94495412844
EWNDRDGENREW,3709.701834862385
SEHNANDS,1105.2981651376147
LWPHDNAG,3523.894495412844
PRQKHFELSG,1917.2477064220184
EPRVSFDQPSG,1942.967889908257
AEWRKNDSG,1799.9495412844037
DEWSAFRPWD,16036.963302752294
WAGSPALRHV,7901.302752293578
LNWDWSG,8725.802752293577
VGGFPSKAS,1842.0
WHRNDFDLFYG,19720.990825688074
DEYDDAHAG,1962.4128440366972
QWVQPNFYSGP,11398.142201834862
YYGDDLG,3897.2844036697247
HVNFHAFRWN,13326.550458715596
ARPNVWKEPHAL,2485.876146788991
GDVAARWKVS,2306.8440366972477
NQPFYNVGSG,4163.646788990825
FDLDNVRNSG,2392.9770642201834
NFKWWNG,6442.844036697248
NDGRHSNASFKL,3849.5091743119265
LPAHWNSG,2499.853211009174
YADDWNLSG,3721.316513761468
SWLPRPASG,4569.899082568807
RQKDDSQHVAL,1224.151376146789
KNYQRALSG,2000.711009174312
KQPWAQWGPWV,14440.339449541285
KQVDGDASG,785.5366972477065
HNNVLHS,2747.853211009174
FGWYEWHLS,19044.82110091743
DKGYHRALSG,2121.532110091743
EFHVGGRWALG,8252.30733944954
RWDFFRYLQVL,19160.56880733945
VWGFEARPN,4651.697247706422
HVLEYSHFRPN,9047.477064220184
HYKGPFYWDV,13834.518348623853
YAANPWLG,8475.509174311926
LEHHKDG,1223.2431192660551
APEHDNG,834.5
HYHNVDVSG,2231.8119266055046
QHSFEYHNLFWK,9223.91743119266
NVKNKVRPYHA,2674.7201834862385
PHQNPDGYWH,7588.40366972477
PYQSDVQFREPL,4046.6559633027523
YENKSAGPYWHL,8633.050458715596
FVKRDLEPWKV,3691.5045871559632
LANAALG,1673.032110091743
WPEVLPG,3147.087155963303
PKPPKVEAG,563.1284403669724
HKPNGDVAS,685.256880733945
YDSSYNAKVLG,2327.211009174312
YYWLNRWNKVA,6016.963302752293
VKASDEHALS,918.0688073394496
SALNFPG,3174.880733944954
HSDAKDYNS,960.3302752293578
VHLDGHDLG,2850.5
WPAKLVSG,3024.0963302752293
WRPDSKEPYNG,1921.302752293578
DPHNNKASG,813.4724770642201
RSWSQKVWKL,4563.614678899083
AALRPYYDS,8399.899082568807
FSYRAFWNKH,5603.766055045871
RSDYEWKDVA,1789.2935779816514
EYSDRWHSWKS,4605.55504587156
NRANFVLG,6286.665137614679
HRGDLPAG,1543.711009174312
HAHPWHVPYHS,11083.573394495414
WGAEVLREYNVS,8311.165137614678
RKYQPYARYWH,9522.43119266055
KSLASELG,1234.3440366972477
QSAYDQWDLS,5000.788990825688
SYSLDALS,3802.894495412844
RHSLQRPKSRS,1332.5091743119267
ENNGPHFKAG,1662.1009174311926
WLENAKGRYWSG,8556.353211009175
AGEWEHVVS,4594.279816513761
LARLHSG,3417.793577981651
ANEHQHDSG,1190.4174311926606
RHWPVGREYS,6494.802752293578
GYSNLWDSG,5551.128440366972
EGQGWLSWHD,7125.1697247706425
KHWSYHFYKVA,7554.922018348624
VKLHGKG,1393.7798165137615
DVVWAHVSG,5675.931192660551
KWERKLSG,1497.5
APADWVSG,1905.3577981651376
FKLERDRWDVG,5024.504587155963
KWFELQAL,9002.926605504586
DFPRWFHSG,10943.353211009175
LALWFVSG,29804.844036697246
FEDKAQDFPHDL,2294.761467889908
PKGNFNLRWALS,8692.11009174312
APREVKAL,925.0779816513761
NHKYFKDVASG,1909.1926605504586
HHREWFLS,11118.701834862386
HKVWEVLSG,3537.6559633027523
QANYNEYNVAG,2557.467889908257
VRVWYNG,9720.848623853211
AFNQNAEPWDLS,4950.206422018348
NVGNPDAGNG,1638.9128440366972
SRFWDVKASG,3887.422018348624
FVPGGQEG,1509.2522935779816
GDWHYKALG,4698.674311926606
RPQDNHVSFEKH,2297.7477064220184
RSPDKGFNHDA,1386.4036697247707
WYHDPRWNKS,5889.95871559633
YYSHPASG,3202.876146788991
GFYHWQFEYNV,24637.522935779816
GEKYDEWVA,2627.4816513761466
YYFWDDSG,7015.825688073394
FFHKQDALSG,2398.848623853211
NRGHAVASG,2071.5688073394494
AFFFVLG,31571.54128440367
VRVSRAEWKG,2754.8715596330276
NHPPEWDG,2797.853211009174
AESSDVASG,897.697247706422
WPDAQHEPSG,2015.9587155963302
RSWRDAEWND,5595.637614678899
FHNDLFHYNHA,8135.899082568807
PKWKEAQRKL,1086.0963302752293
QPGWPYLSNDL,14786.697247706423
HDVDPYWLPVS,12149.724770642202
KVVDAKALG,1367.3715596330276
GYFLWDVLSG,17215.9128440367
EFYDKREYHVAS,3732.0183486238534
LHAPFEHVLS,6698.665137614679
LFPDSWRPWV,18999.018348623853
HDHDEYRPKD,1756.9908256880733
DSKDHWNDALS,1681.954128440367
YSPHDPQRWA,4504.233944954129
AQAKEDSG,672.6100917431193
FLRWVEKWNKH,5663.3899082568805
GLSQVPSG,1412.0
VQANRPSG,1444.4724770642201
WNNDRNYNVS,5383.201834862385
AFPNELSPNA,1868.302752293578
KNFHGDASG,1431.697247706422
PKLSKHNQFENS,1408.4770642201836
HPDASVKLSG,1332.4495412844037
KRLSYQEKS,1069.697247706422
VGYNRNSPASG,2255.302752293578
SAVLGLSG,2697.032110091743
PEAWKGQFKA,2666.8899082568805
ALFSWSGRYNVL,17579.376146788993
VYPNQENDVAL,2710.4587155963304
YRHLHVFEPWL,26396.628440366974
HFNHEWENHS,4878.8899082568805
PVYYLQFYKDV,44584.949541284404
RYALLENQFVAS,14294.284403669724
VWQPYKNAL,6815.0091743119265
AAGWPKLSG,2953.316513761468
QKDDWHAGQSG,1549.2568807339449
WWDWAHDLS,17335.105504587154
PVLPYSALYDG,14251.151376146789
WDVKYNGEHVLG,4562.766055045871
GHLAVALSG,5353.733944954129
LREQVGRPNKA,1639.8577981651376
RYPKDAWVDLS,4256.353211009175
EFDNVFVA,9043.80733944954
YFEAHNHDLS,4724.798165137615
AKGGRSG,1033.3761467889908
PEEWNRLG,4042.2798165137615
SGARVYVALSG,25586.8623853211
DRSPLKAG,1545.48623853211
LNVDNKDVAG,1452.288990825688
PYPLWKGYV,13481.481651376147
YFDFVSDVG,8493.70642201835
FYKPARWPHLG,8044.637614678899
AFQRNEHVLS,3956.1422018348626
ENGKGPFEHV,1606.288990825688
FHDKWNDVGFYD,14539.944954128441
RFVGLQWG,13702.977064220184
ANFPWNPDASG,3518.266055045872
QVPPNVQPDG,1595.6422018348624
FREWQFYWFYGL,24923.80733944954
NRFNEVG,3161.270642201835
HRYGNLRPDAS,3277.3073394495414
QRNPEPKGPKG,870.6238532110092
PWPRGRNDVLS,5130.839449541284
YAGQWPDFYNKV,10825.330275229358
WAANFRVL,20586.495412844037
QGEFSGQFNLG,6537.655963302752
GHVNPAG,1862.1834862385322
VVEKHYVSG,2085.3577981651374
WVYLPNPYWV,31070.380733944956
FAWGFHEDVLG,11707.353211009175
PWLWGEWNARH,15968.256880733945
QEVWRYVGHAG,8998.697247706423
KHRFQEYWNKL,4600.261467889908
YWPQPYQAS,7319.926605504587
NQLHENSG,1488.8715596330276
EDHQDANKDLS,984.6880733944954
WPKLHLGPWN,12569.990825688074
YPDVGSHASG,1756.573394495413
QFPDAKFKVPK,2072.02752293578
HGYFWHAPDA,9403.197247706423
SNRDWVLG,5742.518348623853
RDRDFVFAG,8158.155963302752
VERPLYSG,6371.756880733945
LDQFEEDVL,2720.0550458715597
YSEWLFVLGYWA,18000.0
QQFDNKLKALS,2444.8348623853212
RVLDGFEVRKHG,5116.577981651376
RQGRWASKLSG,2956.798165137615
VGNSREPDGRKH,1796.454128440367
SVPWFREWAL,21226.903669724772
VQAKAEAS,904.0917431192661
DANRASENVALS,1354.2568807339449
AYFAQNG,3604.6605504587155
SPERESG,845.4036697247707
AWEVGASG,2436.743119266055
NEAWRKASG,2392.5229357798166
LPVQQRWHDVLG,5237.151376146789
LSQYKPYQYHV,8629.825688073395
PDKFQDAS,1080.6422018348624
LLQHGRASG,3221.316513761468
RPSRFNKVFRWN,8229.532110091743
EQNWVRWNKA,3929.238532110092
KEDVNALWVL,11383.01376146789
EAADVHLSG,1490.8256880733945
DAFWGNEPNAS,3255.229357798165
ASASNGYWG,5295.1697247706425
RDHWHVQRPDS,3111.940366972477
HDVNREHWNKL,3011.637614678899
PSHHLPLG,3396.9036697247707
DVRYFYKHHDA,7572.577981651376
WQQRAFEG,6010.1697247706425
NGYPPHSG,2935.3899082568805
YAKNYNLG,3514.8348623853212
NLVWKWKDVL,7567.784403669725
QYENGQHGPHG,3027.4449541284403
HDDWVRWNKHV,5418.688073394495
RRGEVFES,2182.1926605504586
AYQNANLSG,2145.729357798165
WDQPPWLDSG,9903.032110091743
HANFPDAQYLS,6227.747706422018
LEQFDNKDVLG,3255.1100917431195
GNNHAVS,1605.7201834862385
LHAPDRNVASG,1818.4587155963302
LHSQDEASG,1172.9220183486239
QPFWDVRVFRNK,15130.467889908257
FLKSEKFYL,6986.201834862385
LRVQHDNDLS,2719.9587155963304
HANGVSEPHVAS,1616.8623853211009
YFKHDNLSHV,4597.646788990825
FVGGDSGSG,1563.0366972477063
NQWPPWNHVA,6819.715596330275
DKRVDSG,800.2798165137615
LQPDQHVRHG,2302.059633027523
NHKQSQWKHDSG,1394.3715596330276
QKRSHLRYNKH,1617.1467889908256
QEFDPKAQPYH,2446.651376146789
RPNQSENQVAS,1101.3440366972477
YNKRQEKVEHDA,879.6651376146789
VEFDKHG,1889.0229357798164
QPQWGNKVYHL,9557.435779816513
VRWDSELRYNK,5921.711009174312
DQVLSQQEWHAS,2449.1284403669724
NPPKESG,647.1422018348624
HEPVQDHLG,1783.5688073394494
LVEFALG,9993.720183486239
GFHQYSASG,4684.165137614679
EAWAHRKHVG,2721.1330275229357
QFDKYDQEPYNH,3300.9174311926604
LWYGYDSG,6377.711009174312
HAEYQEEKASG,1036.926605504587
KWAEDHSG,1430.151376146789
GHLQQEDASG,1123.7706422018348
SYPVFNSG,5241.408256880734
DRWHRKARNKG,1224.4449541284403
DLHQNHSEWD,3521.9311926605506
LGSNDVRPWNL,7659.256880733945
GQRGLREPH,2395.7247706422017
GPHQLFWNDL,10065.11009174312
YAVRGPAS,3178.3577981651374
VVLYRNVLSG,16497.80733944954
GEYWQPEPHL,9310.11009174312
KWAVPHG,3281.454128440367
LPSNHFAS,3144.637614678899
NRYDWDNLG,7415.206422018348
WHEFWDEHDSG,7828.701834862385
NELKVFALSG,11762.880733944954
DNQNYHALSG,2171.146788990826
WFEDANDDAG,4721.298165137615
FYGAQYAVAL,10829.29357798165
EENGKVQEWNKA,1159.9587155963302
QKEYLFHFYL,18746.01376146789
GPWLSQQWVL,17853.545871559632
KQDDRYHLG,2138.908256880734
YWEYRPYQPNA,7227.376146788991
YWPKFDVFDL,15839.41743119266
YLEQLSRHVA,7352.261467889908
GHRHEDVLS,1935.5275229357799
DKNDQREPNDVA,882.3302752293578
ERPWVFRAQW,17692.79357798165
VYQRSAS,2468.6926605504586
DPHNSYHLS,2633.4495412844035
WANGVPNHLS,4979.94495412844
QGPPKLWKDAG,1472.2752293577983
DGWYLREPAL,12675.399082568807
VSWRSGEAG,2450.3348623853212
GVSSRKVALS,2225.761467889908
KRWVRSPKHS,1721.7614678899083
QVSPDFVSPA,1651.4128440366972
YQANRVALSG,3240.7844036697247
QHKAPQRPYKDV,1504.2798165137615
PWRKDVDVGNDL,2469.623853211009
QSNNRWSG,3057.9449541284403
KASVFRYEWVS,14323.238532110092
YRVLPAGPVLS,8275.62385321101
NPRQRKDVAG,1187.9908256880733
SEDNFNALG,2329.6605504587155
YKSNFWKLPNAS,3362.830275229358
FAAPYLYWNKD,8892.022935779816
QGAGNLPYDS,2576.7247706422017
DDHVLASG,1792.0963302752293
KPVLWQYNK,3179.9954128440368
RQNHDGDPWNA,2666.422018348624
RVQNSFPDEPKG,1343.545871559633
NDAKPDVLRPWA,4770.935779816514
LLSYDNLS,4119.178899082569
HFLKAHSG,2495.0733944954127
VFWGWGFRHA,13858.151376146789
WQKQNVRKDSG,1583.7798165137615
KADWRHVG,2716.3348623853212
DGEHYDYWLS,12146.348623853211
HGKQFVDLG,2691.380733944954
KGYNEPVQHD,1705.848623853211
VFQKVDLG,2816.8853211009173
NNHPKPKVS,1004.6284403669724
HFHYYKALG,5645.665137614679
VPKWWKLSG,3315.5504587155965
NRHQVFPNHAG,2911.545871559633
LYRKSFDLSG,3978.3853211009173
YAAGESQFKL,2614.922018348624
VKLHKALG,1518.9174311926606
YSDYEDLSG,2800.591743119266
WPYSDQYWLG,19783.29357798165
YVKAQVKSG,1852.2339449541284
VQQVHSG,1157.6100917431193
VEEPHFSG,2147.0963302752293
YSPSFSWHG,7368.481651376147
NSFKWSYKDG,3673.9633027522937
NQHYSPLSG,2610.1880733944954
QAEEFEPWKALS,2045.2981651376147
ENDPPWAEVS,1586.954128440367
WEHRGYAG,5824.55504587156
QRYLRDLPAYNH,6787.155963302752
RNGPHYKVRKA,1376.3761467889908
FFYSFVPKHVA,4047.940366972477
EGRWELWKSG,3396.706422018349
HHDVADKHL,1204.7247706422017
YHHFPKFKVLS,7576.243119266055
RERVEWAYSG,3927.894495412844
DEYPVSFNLS,8229.711009174312
NASQHRYPYW,11231.825688073395
EAFEYDKSWNV,4568.192660550459
LRNNDPNG,1401.5963302752293
WHLNGEPSRKV,2213.2522935779816
HSDSFNGKHL,2356.435779816514
PREHVQNQFKLS,3321.52752293578
YADEGEWG,3009.4036697247707
HGQAKGWKV,1768.1880733944954
RVVYSFPYWK,16808.642201834864
RKPGSQEYWV,3264.1100917431195
PPEYWFLS,14720.862385321101
QLEENGRPLS,1927.1788990825687
DDRVELSG,1227.1467889908256
AKRAYVALSG,2570.5137614678897
KDPEPSQSG,696.8073394495412
EEQVFNG,1541.954128440367
FEHVGDHPYVL,8988.912844036697
ALVAEYKSRNKL,3148.4036697247707
LYQSFHVLSG,9267.004587155963
KWAQWVHS,6258.922018348624
VGWNGNQWNS,4565.752293577982
KAVWVAYWNS,13604.444954128441
VFALDLSWND,18405.596330275228
PYPRAGPYWKH,7480.5
NKQPYGDQYLS,2895.02752293578
ANNSWAG,2859.4908256880735
KQDRAHLSG,1221.5275229357799
EQWRRYLSG,7673.747706422018
QHEREPHRPWKV,3618.3990825688074
GQFARGFHSG,6225.940366972477
RFYLHAREPASG,4000.412844036697
RSKASNKEVL,768.2935779816514
SESWQEASG,1660.2752293577983
NLVYNDWNHS,7005.55504587156
PKWPWNFWVA,20456.339449541283
HQLWPVSG,6361.587155963302
RDPWKLAEYKD,2710.6422018348626
FVDHDSVL,4491.142201834862
RRPYWEVARPKS,3941.9633027522937
QKAGYKGHVGN,1481.01376146789
SYENLKG,1458.5871559633028
LLPNDNVG,2255.701834862385
KLGYAEWDRYLS,10187.334862385322
PHNRAPYDA,2681.4174311926604
RLGVPKVPYKG,2411.316513761468
FWVELKDRDLG,7415.711009174312
PRGDEKSG,876.7706422018349
LGHELQPWNDA,3800.408256880734
SENHHDSEHVS,1535.6238532110092
WAEGRKDKAL,1719.0091743119267
AGSVAWG,3386.1743119266057
YYYWFNVASG,5796.376146788991
LPWPQALG,5209.073394495413
QYVVPNAFWHG,14938.11009174312
WPWDVNDQNA,5223.215596330275
PHYYEWDVG,10493.821100917432
HYRPGKG,2271.064220183486
HRYRVGEPYS,5745.142201834862
HSPAQREVLQYV,4499.711009174312
DFKWEKSG,1528.1697247706422
QQDQDQEPKA,623.6238532110092
PNSPGKDSVS,742.183486238532
PAGRSHSRWKDA,2154.5825688073396
WPSAWDALG,7911.573394495413
ENQDFPKDGRW,3283.9174311926604
QDKGVGWHVA,2667.8256880733943
WVHRVGRKD,3688.5550458715597
NWRSPYG,9429.967889908257
PWWWRNDG,15040.243119266055
LSYGQRYQNHV,5327.408256880734
DEAAQEPWNAG,1693.5871559633028
YNVSAREHSDS,1528.2247706422017
PGFAAQNHVS,3170.651376146789
AYWAKNKHDVL,3717.821100917431
PVHVVLYKHLS,27493.6376146789
FVDFVSRYKA,7384.440366972477
QQKYDNKDVLG,1325.2477064220184
QVDNPDSG,1377.2844036697247
KKKHFYWKHA,1338.1605504587155
FKPWPKSDLS,2263.4770642201834
YQFNFWKRYDVG,9852.371559633028
RGSHKDVLG,1577.3256880733945
QFWVVYHDSRH,18623.261467889908
PFEPQYVLPL,20074.880733944956
SHNDQEYNAL,2859.2522935779816
RAYHWHQEPL,6604.770642201835
KVGSFWYNVS,10315.711009174312
QKNFHDQFRWS,7456.573394495413
EEPEWDAPHAL,2337.2477064220184
RRQYQNDASG,1938.5275229357799
RRFAYWG,10404.995412844037
SRQYWNELG,6246.9495412844035
FKDKPKDLFKH,1364.6697247706422
HQNSGQSEDAL,1068.7706422018348
LNKAKREYDL,1642.1009174311926
VPEHLYLSG,3742.316513761468
LDNHNHVS,2651.137614678899
SGFWAWGWNVG,19443.889908256882
KELAFYG,7902.614678899083
WYWEWGEWHV,22117.357798165136
YLANSRHDS,3132.9633027522937
VVPVNAG,1588.2752293577983
YDWDAPLGLG,8608.775229357798
KSPSGDLPSG,806.9954128440367
AFAHKHVAL,4197.266055045871
HFFDKVASG,3362.4954128440368
HWSEWAES,4331.59633027523
SWYANDSG,4257.284403669725
NFKGWGQLG,4764.967889908256
WVQHPAQFNKA,4710.018348623853
SDRNGNG,1577.7752293577983
VGWNWLRYWNAL,24035.94495412844
ESKVQDYVG,1219.0091743119267
AQFSGEDYDV,2436.1422018348626
GWREKQYLG,4745.642201834862
WDFWEYAPYH,24970.697247706423
ANALVQAL,3713.229357798165
DFPLHRPHLSG,4356.761467889908
YLKARHGDAL,3438.8669724770643
HYQLWKALS,6715.4495412844035
WHNEYASQRND,4167.059633027523
NRYYLPWAL,22594.981651376147
PLDGVSDAL,2745.559633027523
EPLVVQRYHDS,5988.5091743119265
VQEPHAWAPA,3184.422018348624
VHARNNVG,2013.6834862385322
NRSYLYNDVS,6109.018348623853
QYDNNKGKHLS,1772.2798165137615
QQWRHLRPKV,4750.45871559633
LPLSPWQEHDA,3431.7844036697247
HGNFHAHAS,3436.646788990826
SRKEWREWHDG,3795.288990825688
QFESYKHLSPRK,2703.793577981651
QGAQHSFEK,1125.2844036697247
DLRNHQYHPASG,3348.9495412844035
EYNSSFDSRLS,4163.0091743119265
QENEWLWQEWKG,6727.6100917431195
FRYYFLGQPKHD,9602.339449541285
LEYPAWNHVL,14703.009174311926
VFFFHLSG,15945.95871559633
AGYEALPKALG,2301.9908256880735
PVLWKWKRPYNV,10597.811926605504
HEVHGHVLSG,3468.7752293577983
QAQFVAENRPH,3594.4587155963304
ERKVSLPYALS,4012.880733944954
DDFYLKDG,3543.5183486238534
QGSVDLSG,1311.2706422018348
ARYFDQFREA,5863.729357798165
NDGEEPLGPWNL,5924.142201834862
VGGQQNVLSG,1875.467889908257
KNAKRKLSG,715.3623853211009
PNHVVLAQEWHG,7582.582568807339
KDWPVAWDAS,4836.4908256880735
QYRLVGWHD,14160.0
PHRHLSWVRPWV,20252.711009174312
LKLKAKVG,1570.7018348623853
PFDFPWVDLG,21900.802752293577
GPWHVRDNKV,3102.701834862385
VEYYSHVSG,6263.605504587156
WWSVRHDLS,14396.41743119266
RKDLYNHLPPYD,7930.1100917431195
RAQERDFEPVSG,2025.7752293577983
LPSEHRDL,1628.8073394495414
YVSWPKAGFLS,12782.444954128441
GQQAENHDAG,1199.1834862385322
EELRFWG,11972.821100917432
PREVRVEYWVG,21729.018348623853
YYKAYFRPWNH,9754.550458715596
YGLEVFKHA,6024.637614678899
FWVVPWNAFYHL,30226.27981651376
EKAYLQLRKA,3108.8669724770643
FFLVFPVSG,18748.41743119266
YEEQPLSG,2681.8715596330276
WANFFWNHLS,19600.963302752294
NRWEEPSG,2720.706422018349
FNLWGEVFPLS,23137.67889908257
WFYLYGFNVL,9707.256880733945
VNDAEDQPYLG,2684.738532110092
PWDGGEPQEWVG,4269.504587155963
VKPRKLG,1237.3899082568807
YNEFHDVYHA,8637.252293577982
RRPGKASGWK,1533.8394495412845
ENFLNHFWNHG,9855.128440366972
HSGHKEWHVG,2526.5183486238534
LHPHHAG,2747.6926605504586
SPWSWLNKHAS,6555.481651376147
WKWYPYLSG,14011.197247706423
LGVLRHFRDG,8346.105504587156
KPKEDNHSG,692.5871559633027
PVNYQRPKHVAS,2900.3899082568805
QDYSALSFVAG,10284.52752293578
VFPYRYNVPYHG,15637.229357798165
NFDQPFNKHG,4137.573394495413
SQHAYDLRPWDG,10000.651376146789
DEWVRHYHL,13300.036697247706
YPKNYKASG,1664.7752293577983
VWDNRKDASG,1927.9587155963302
FNYEGEPVLG,3665.197247706422
LYAEAYLG,10551.628440366972
PHEYPWSQVA,6968.036697247707
SKRKPVG,1000.6880733944954
AFVDWDG,9417.51376146789
LFFPVKAS,5861.353211009175
HNEYDESG,1630.48623853211
YQFAELNDSG,3154.788990825688
AEEYWEHALS,5102.339449541284
WQWDPHFEWHD,18485.788990825688
NGSHDQNKHVG,1487.6009174311926
ANDGRWDENHS,2681.293577981651
SNYHFRWNHAG,6407.8302752293575
GPQGHVG,1356.7155963302753
YGHAPSGRWN,6655.307339449541
SYNAQPFNHG,4478.160550458716
FSWENSEHDV,3353.587155963303
RGSDAQKDSG,966.894495412844
VKQGKSG,771.6422018348624
DEYPGNDG,1825.9357798165138
ESEWKQWGNKA,1989.788990825688
QSVHRNLG,2293.169724770642
ELENHSEEPKHV,1213.3256880733945
YAYHHGEPWNK,4141.0
NHFQQEYKHDG,2428.912844036697
KNKERESG,596.3807339449542
ESRHSWPKHALG,3216.8577981651374
DLGPVSVWKDVA,2519.0688073394494
VRNSERPDAG,1340.6559633027523
WARVLFSHAL,29645.454128440368
HWLKFELG,12420.261467889908
DWSGPLDG,4539.963302752293
DNVPNQKS,1025.0688073394494
LQWPNYNDVLS,9071.311926605504
WSFPDQRLQKAS,3074.5825688073396
WGNGEDLEHAL,2928.243119266055
QKQRAFVFWH,17134.0871559633
ANGRNDPG,1431.5091743119267
RENELGQHVSFK,3661.6559633027523
RESYHRHRPNH,3224.559633027523
PRDHLWHSG,4934.376146788991
LQYEPGQRWLSG,7814.197247706422
QLFPLDLYWKAS,10803.871559633028
RNNFGRYSG,5391.192660550459
RFLGRPDFLS,11373.963302752294
EHSKGFKLPVLS,2569.1743119266057
LDWSENDLS,3296.0733944954127
WGGYEWSG,11163.114678899083
FQRRPDAGVG,2689.467889908257
VWLQSRLSG,8210.04128440367
RNWDREWAYLS,16564.711009174312
PKVHREPEPNHA,1466.3073394495414
FKEKQFSEPK,1251.9633027522937
PDSRLNSQFALS,5323.811926605505
PVRNANHAQPLG,2482.261467889908
EHAWDFQPNKDA,2571.6284403669724
YEGALDG,3176.1880733944954
PKQFKGNSQFNK,1269.7981651376147
SDGPEAG,1012.1651376146789
HGLNSNVAS,1680.665137614679
PDDQPGFNG,2242.5183486238534
RFYLGPVFEYKH,18162.660550458717
KENAFNVQNHV,2772.0045871559632
VYHVDQFRWNH,10360.004587155963
FDWHNVNHDVAS,3947.770642201835
WEKFSPDVS,3688.935779816514
FFRHLNEWDL,13224.619266055046
PYQGPYASGWNL,12631.440366972478
WDGRVWNKQVAS,3933.5229357798166
YLNARHDGYHVS,6769.729357798165
WPKGDSSG,1428.2614678899083
VNDGEPKHYWN,2889.5963302752293
VYRPFPKHVL,8403.02752293578
ARDQSRNVASG,1265.7385321100917
DSQVPNDWKAS,1167.1009174311926
EAHPGEPYWKA,2215.8899082568805
AFYAEFHDASG,7578.256880733945
AFAQWKLYWHDS,11286.321100917432
FWGFVAFNFNKA,15512.779816513761
GDSPLVLSG,2750.0183486238534
KVFFDRYKHL,7274.316513761468
VVSLFLG,28169.408256880735
DHHQVAS,1631.2614678899083
KFWEVGNAL,4611.5091743119265
HAYGHDRPDS,1954.8165137614678
GKEKHPAS,609.0
RHHQSQHDS,1170.940366972477
YFSGGQVAS,2327.2247706422017
RVKRWKVENHDG,1773.7935779816514
EEKGHFEPKAS,828.5183486238532
YKAYEPHYWKVA,5789.068807339449
VVQLWVS,16715.366972477063
QALAYDPKLG,1920.4770642201836
NDLERENGRAS,1577.7431192660551
ELHNNDLS,1373.5688073394494
WFWHNDWNKHG,7002.775229357798
DSFRLYDVGPND,6051.880733944954
HRYEHGFRHLS,6455.646788990825
AEHGPSEDALG,1181.2155963302753
LSDFKHYNVLS,4291.100917431193
LYSKELG,1349.3899082568807
DRVDAESG,697.0825688073395
KEHVPGWKVG,1940.880733944954
HSEPDRWQYH,5402.582568807339
VNFASHG,2529.9862385321103
LFYHVKDYHVS,4351.256880733945
EKSRKEKAEPG,498.10550458715596
QQKHAYYDA,2158.288990825688
QSREEWKDYHG,1969.7293577981652
FRFWVFWVFWN,27626.42660550459
KLYGKWNDVLG,3433.1651376146788
QQVGPNADVG,1012.2522935779816
VQSKSNASG,708.8256880733945
FADPKLFRPVG,3391.3715596330276
QDDSENPAS,976.651376146789
VYLHDPVSG,3561.2522935779816
DVGEPAGNVPWK,1808.3073394495414
WEAKNDALSG,2006.848623853211
ANRVDALG,1588.0963302752293
PDRAEYREKDL,1309.8715596330276
WEYRLPNG,6325.674311926606
KEHWKHSRENKA,1032.940366972477
NEGDEHG,1271.5688073394494
WDKRAQYWHL,10140.288990825688
DEKDRLKHG,951.1330275229358
PHNENQFYHVL,9061.91743119266
EHLAKEYHVG,1890.4220183486239
FNSFAPWKFYV,22670.022935779816
LHSQPFRKS,3004.605504587156
QRFHDVKSFENS,2040.394495412844
FLAHHVSG,3566.5183486238534
QDHKVLYWNH,4952.133027522936
NGAGDVVG,1185.3256880733945
KVPSWHQNVSG,2087.7522935779816
NLRLGYWVYWL,25568.344036697246
QWDPPKDVYWSG,7590.348623853211
DKWNHWLS,5413.3899082568805
FHSKLWDGEAG,2626.4633027522937
HSHPHVGALG,2712.2247706422017
RDSRKHVAWGHV,4664.504587155963
QFPFEHRSFPKH,7722.091743119266
ARYRDSNSG,1971.0688073394494
FSKHVLKSRVG,2775.032110091743
HPNNSNDSG,996.1651376146789
WWAKWNKHG,4512.568807339449
SKAAFRPYKHDG,2425.756880733945
HNSGFAWDAG,5945.536697247707
WYSAKSG,2981.3348623853212
QAHQLQNVSG,1480.7706422018348
NAYGQKFHG,3036.0366972477063
FDEYLYNKQKHA,2146.2752293577983
ESLEWNWHG,4747.339449541284
VRHNQNDS,1240.591743119266
FNGHSYDKAG,2169.146788990826
LFQFFHDSG,8542.61009174312
GVPYNPALS,4926.183486238532
PRNVWSGYWVAG,15418.69266055046
VQFLGLRAS,11707.504587155963
LWAHYHLSG,9827.201834862386
LWYDKDVLS,6422.894495412844
FEKFEAVLQPH,5417.683486238532
NGYSSRNKDVA,1829.6743119266055
NKNFRSWDLG,5446.518348623853
WYYHNDALS,6969.137614678899
PAWVQNYWKAS,7989.642201834862
VLQHVRLQFKV,24096.55504587156
QLAKGPHSG,1822.532110091743
APYYWLEYWVS,29126.655963302754
EGVVQYLS,5317.229357798165
GVASVKVG,1519.7018348623853
KDYEWNGNVLS,3044.802752293578
YEREVVLG,5358.573394495413
GPSGELGKVG,962.2339449541284
KWYSQHG,3586.9954128440368
HAKFWAPWNV,12274.885321100917
PPYKKFYWHDA,5623.211009174312
KGPPAGEYWNAG,2063.211009174312
SDQVAKSG,873.5137614678899
PRYAQQPNG,2649.8577981651374
FHEDKVFPYNK,3313.1330275229357
NANPQYNG,2086.6330275229357
AKSRYFHLSG,4203.298165137615
RGFLQEGEAG,1766.9311926605506
YHLRHGPALQVA,6289.743119266055
HQWLKSPNDVL,4754.899082568807
FFDGGWHLG,11532.683486238531
HEYWPSQFYWKS,14385.665137614678
KAVKSWLS,2281.4954128440368
DLARWGFEPK,4424.01376146789
WLRVSHEWNKH,7195.362385321101
PSEQPKSKL,862.3761467889908
DKDQEEPWHDL,1655.8256880733945
YHKEGRHV,1874.1605504587155
VLYDWAFDG,15421.61009174312
ENYADLGFKVS,3906.9770642201834
AFYPYYKHDVG,7031.201834862385
KPDRGPWNAG,1631.045871559633
KPSFDQYG,1990.4816513761468
SKVHLALSG,3201.587155963303
HGDALVANHDV,2480.5550458715597
VQNENLQRHLS,2660.0
SGGHNDVL,2072.087155963303
NELKDHSG,1135.4128440366972
AWNADYWHDLG,9854.064220183487
FPVKEWDGQRL,6378.518348623853
VQSEDLFYNLS,5105.238532110092
GFGNGEVG,1801.619266055046
VVGNWAG,4385.642201834862
EAESFYYLG,26971.330275229357
PFWKFKRYAG,7378.701834862385
LESYQKG,2192.0137614678897
EYKEKDQVFNAL,1916.665137614679
VRVQSREPNK,1163.8073394495414
KPEKFNLS,1022.2247706422019
KFSGRWKPAG,2635.1880733944954
FNQVRDAYWSG,10191.715596330276
LRKHRNGYNLG,3654.9311926605506
EVVSKYNKHV,1458.133027522936
VWYKWLG,11804.678899082568
DPGNFRLG,2780.1926605504586
FVAHSQRLFHV,12633.38990825688
FNENNDRWKDA,2996.380733944954
SKHAYQRPLSG,2843.559633027523
VVGHEHVASG,1680.532110091743
RGRWSEVHAS,3621.940366972477
YESLVASG,4222.018348623853
RRVQFAQFN,8969.128440366972
YWFKNSEWAG,6467.422018348624
QDPVRYKLEG,2063.47247706422
DKHLARNDS,1057.1697247706422
KLRWDLHQFKH,5478.917431192661
PLRQQEWG,3773.293577981651
SVLENGAG,1409.5045871559632
RPHDAVQPWRY,14245.11009174312
LGHQNHFPKHA,2919.0412844036696
KEKDHAYKDVG,825.9770642201835
SSQKSLG,985.3669724770642
DEGRRNVAL,2969.766055045872
AHAWSYSG,7302.98623853211
VALFREQHRPVS,6748.614678899083
FRRGFEHGHL,6813.711009174312
LNDQVFWG,10634.922018348623
VQGWVVSG,6030.55504587156
KGSSPKSG,804.6238532110092
LYAWQALG,9047.70642201835
DHAGVYHS,2979.9816513761466
QHYKAWVYHD,10197.628440366972
LSWWNDEYDASG,7618.738532110092
DFNSFNWDG,9347.811926605504
SSPDDLG,1519.802752293578
YAADPNLG,2422.6743119266057
PDYELQHG,2447.02752293578
DWGYAPLS,9269.555045871559
VQWSQLEHLG,5448.376146788991
YVEHKLSDVS,2368.0412844036696
GKSYHWDG,4432.155963302752
FVSSKVGHLS,3639.853211009174
EHLRKQRYWGQ,5182.357798165138
QARKWNARDLS,2599.467889908257
AFYRNAFYWVS,21555.788990825688
NKHFEQAGQPY,4901.412844036698
DLPYLWVGNKD,6421.091743119266
NAQQKGQRDV,1098.0183486238532
VFHKKSG,1307.2339449541284
FYQYNVYGYKA,5185.087155963302
FVELNAQFPLSG,12555.0
RSLLKALG,3737.233944954128
KFYHLHSEHDS,3071.9862385321103
YYWENWASG,9572.51376146789
GGRYLKASG,3105.233944954128
KSNFFWVS,10324.426605504586
PEDRNDWDVSG,2801.793577981651
LVEHADG,1714.633027522936
ESDFGRVS,1734.0550458715597
HDNWRNDASG,3011.9633027522937
QYQEWQNVGWN,10581.926605504586
PQFLFEWNRHDA,18752.977064220184
RHENDPHYKDV,2048.243119266055
QLWQDLFRDVG,10201.669724770642
RAFWNWDAYND,15377.151376146789
EPHEKLSVFPKD,2447.52752293578
RAAFFYHDAG,10891.444954128441
FFQLHSG,5400.394495412844
AEYPWPWNKAS,5507.279816513761
RKRHSPNRVL,1820.9036697247707
PWDPWHRDSEPW,12641.321100917432
SWLLHSG,9668.93119266055
NHHDVVEPYWLG,11559.48623853211
PPLDGNSG,1387.5825688073394
NHVSVLFKSPY,28196.60091743119
KNLFKPLSG,2607.0504587155965
VVGVVALS,11812.532110091743
LFGFFYLS,7968.0504587155965
VYSGHRYNKLS,4240.559633027523
PSQANARYKDL,2260.9816513761466
FYLFARVENAS,13895.779816513761
PYAHNKHYWHA,7794.311926605505
PKGPKRVLQFK,1704.0275229357799
WFHKSKDLSG,3075.8348623853212
PFHKHKLG,2170.9770642201834
AGQSPDLRAL,2120.9954128440368
NHKNFVAG,2091.380733944954
YQYLPSFEN,7241.862385321101
WVNEWNHPV,8511.133027522936
WDHLGYKFYKA,8547.605504587156
QHYGDQFEYHD,7346.128440366972
GFNAQELENHS,2039.7155963302753
EPGSKAQPKD,797.0183486238532
YLAVQRVG,8367.399082568807
KNGDYHS,1673.1834862385322
WDLVVSFPNHA,31366.54128440367
WDQAFKLQYA,14592.449541284404
YNKWVGPAWKG,6202.90366972477
DVFKDSDGREN,1310.8990825688074
DHVNSKDG,1055.8165137614678
ANLGFEDFLSG,5556.022935779816
FSSYGFAS,7111.564220183486
VEWRRYAS,8319.19266055046
ERAWGNSG,2209.4266055045873
LSDDWLG,4345.224770642202
DRRNGQSG,1371.866972477064
WVPHFPQWVS,19309.75229357798
RAFPSWHDRKDL,4629.688073394495
HLSSLQFRPWH,16543.422018348625
SDVYVFEYNLG,47718.78899082569
WPFSKVLG,12330.91743119266
LEQEGFHD,3094.316513761468
GDYDRHSG,2063.5412844036696
LPNNFKALS,2315.761467889908
WVFPNHSQDLQW,10837.54128440367
EGAVRPKA,1071.4357798165138
PAAHLDLSG,2205.408256880734
HVLSPQFPRPN,3831.4954128440368
LSYLFNGKHS,4144.637614678899
NYRNEVG,2505.5091743119265
YYKPAPASG,1931.926605504587
NVVGNKHLFWKL,10292.105504587156
KVPDGPREYS,1674.3256880733945
SDFRPHEAL,2778.3577981651374
GFYYYWHVAS,12414.467889908257
PLFPNALWAFKV,24706.605504587154
EPPKDQNNAG,852.9449541284404
PRADLHSG,1829.01376146789
QVSQLSSWHVL,8798.348623853211
NWSPFVG,13591.137614678899
VRVFPFRYWAS,21622.825688073393
GLDGQWHDG,4703.98623853211
PHEPHKSREHVS,1191.7935779816514
YKGSWKDWDS,3151.711009174312
EPEAQDVKALG,784.7981651376147
KDDYQNKALSG,997.6651376146789
YLSWDKHYHLG,6719.720183486239
QGEKKVQNSG,846.0550458715596
GKQDHDVAS,780.2706422018349
WEHNVKALSG,3619.4908256880735
GWKDDSKHVL,1792.0366972477063
YGHRRWKDVG,3331.376146788991
NAPKSFEAYHDS,1786.8899082568807
GFDYLNLS,10034.93119266055
QSGVDAFWHG,6094.40366972477
HPAHYWHVLG,8249.798165137614
FFSVHDVS,6314.252293577982
QVFGNLSHL,7931.0504587155965
HEHRHLHL,5863.899082568807
EHRAKHLQSG,1633.0871559633028
FNKERDGFPHA,3602.380733944954
KPFQWKAS,1866.4724770642201
QWRPWGVSEKV,4415.114678899083
PEVDQPHVA,1801.1284403669724
NHHYDGFWNKLG,6561.4908256880735
DVNWEVLG,4012.2247706422017
KDPVDLQYNHDL,2148.830275229358
EGEYSNFPHD,3694.9174311926604
ANRLVSG,2285.770642201835
FPSKDVGQAHDV,1322.5183486238532
NVRWWNVGNSG,6266.788990825688
NNSFFKAS,3491.4954128440368
DVHFFRNLS,8742.899082568807
ASNQEDSQYVS,1240.334862385321
AHWRKLSG,2923.5504587155965
ADQHLWDS,3452.3669724770643
AHSKYLSG,1910.51376146789
LHKHNVG,1435.3211009174313
ERGKEWAL,1520.7660550458716
HKDVVSQAG,818.6605504587156
WRNKYHVLAG,6199.683486238532
HGSRDRHL,2841.330275229358
HNGSFPHDA,2311.711009174312
PLSFDSVEPHVS,3566.8669724770643
HALLVQFPNV,26402.532110091743
EDEEHVRWHAG,2395.3577981651374
HEKYGDVS,1091.1146788990825
DNVGDGNKVSG,848.9128440366973
HNKQDQHG,1077.6697247706422
FDWWGFYDLG,17277.380733944956
FFERKLQNAL,4452.073394495413
GEVHFYLS,18605.435779816515
PFKFLQHLSG,6141.59633027523
SRRFASG,3017.651376146789
QAEPKSSFEKA,694.4816513761468
EARGFNWLG,6734.454128440367
VSLNQRLG,3110.47247706422
RKKVERELG,683.545871559633
WNLRNAFGRSG,7119.463302752293
VKNAVALS,1306.3302752293578
WYDGQAFREPNH,5945.614678899083
RFQYVQFRYWH,24320.04128440367
AKQHDKVG,854.6192660550458
SEGGDAG,885.7844036697247
QVQAWDVEAL,2788.711009174312
VHLPQYSG,3590.0
FDKVRGFPASG,2394.577981651376
NVKYGQHG,1871.2477064220184
YNDASLGVSNHG,2091.9266055045873
YAFDHLGEYNKG,2966.3394495412845
LNPRHASG,2005.848623853211
EPQESYASFKL,3348.761467889908
YLAYVVAG,14698.357798165138
WARLSHLQYKAL,9729.56880733945
PAVKQWAG,1743.9724770642201
QDHVAPFRVA,4157.082568807339
WVWAWDYKDVA,11126.775229357798
FAHLKLFYKH,8806.839449541285
FVVAFWPDG,27477.38532110092
DKSWVFHAL,7035.651376146789
KVFHYKSYKG,2654.4266055045873
EFGKQYG,1996.8256880733945
LAQVGKG,1347.0825688073394
REGLHLGFYAL,19373.550458715596
FFSPLPVLSG,8827.697247706423
RVGLHDYHVLG,7122.582568807339
SRHNLGNHDVG,2379.678899082569
NLLALENG,4052.646788990826
RAGLGWQWNHG,8137.802752293578
QQSQNDLWASG,2473.064220183486
EYHDDREVLRDA,2300.7522935779816
EHEKPNQNS,764.7155963302753
YNHLAGNDEYKA,1706.4908256880733
YGNVKDEYNS,1704.1238532110092
SWYVDSG,6318.6697247706425
YRARYQWAS,8216.229357798165
QPEYNHQHENAS,1708.834862385321
YVNVGLPLS,7240.0
PKYNRKFWDASG,2885.348623853211
NAAKDWDAG,1555.4036697247707
HVSQQVEWNHDL,3478.6330275229357
DVSYYKHSHSG,2573.743119266055
YAQDSFVGRHVS,4827.0504587155965
QAFVVSGNSG,4575.298165137615
DPVYFEHVAL,8770.38990825688
RRAQHPNKLS,1378.1009174311926
LEQRNGEPWKHA,2625.4266055045873
HFRPSNHLPNL,4542.504587155963
YNLRWDFRVWD,25517.683486238533
SRRQNVALSG,2628.8899082568805
AKAFNEWA,2909.4587155963304
EDPGYDSHG,1748.4908256880733
WGQGYDLDAL,8738.41743119266
FDKAFAENAL,2687.8577981651374
KQDGHNDLSG,1049.1238532110092
EPAYPYVRYHVS,13024.229357798165
DDALAEVG,1612.0183486238532
QFKKRHVPYWKV,4000.02752293578
YHVWQFKWVLS,21815.857798165136
DAYVEWSNDL,7134.128440366972
HVGQDPNFWALG,8104.646788990825
FHSRVASFHDQW,12952.463302752294
RVGNGRWLSEW,12164.37614678899
EVSRDFDRHD,2639.733944954128
KFDYWYWVAG,11925.004587155963
KQLDVFLG,5489.155963302752
KSGAYDENKL,1090.01376146789
DDNVQFREY,5326.922018348624
NEWYKALKAL,5439.798165137615
NSQAKGRWNKD,1448.3073394495414
LESKPNVAS,1161.9908256880733
PSAQHVEPKD,992.5917431192661
DAFFAFRDALS,21110.93119266055
EKSHPVFPYND,3281.233944954128
GWGDWNSG,4899.821100917431
VKNSDLS,1005.3256880733945
DPWFRWSFNK,11569.142201834862
YKFNPKVGKH,1714.954128440367
HSPWSDGEG,2114.3715596330276
WSKGLSGFELS,6077.839449541284
QFWGKGYWHFPH,14050.114678899083
KYKQSPKDVG,968.8211009174312
KNFAENSG,1381.151376146789
FGFQPKGPWD,10133.302752293577
PNWGQLRHSG,5136.568807339449
QRESFYDGLRYL,14208.059633027522
LNSVFNLG,7057.678899082569
VVWGVAG,7819.417431192661
AGDRFRHLS,3673.1743119266057
LDVNLNSG,2398.6880733944954
GPSSEWLSG,1904.0963302752293
RFARKLRENLS,2587.288990825688
AYDDPHVAL,3559.261467889908
DKSKAYLS,1172.9908256880733
VQFVWHVDASG,12523.032110091743
EDSEWRLGFKDL,6178.55504587156
NVYQHLGNH,4716.8899082568805
DQKLEYPHDVA,1502.8577981651376
DHDDAKSG,789.9266055045872
RALGLGLEPAG,3128.8119266055046
DYGFFKALSG,6318.784403669725
NPFLSNSG,3347.701834862385
WFVKYKSG,7718.977064220184
WEPQQNVL,4154.646788990825
ASYANQEYNLS,3486.6605504587155
DLNENKHFDVAS,1826.633027522936
HPQNYNSG,1785.7981651376147
VLHSDFLS,5798.587155963302
RKRRLSQPYSG,1775.3302752293578
KEERALSG,951.8532110091743
FWKVWDFLPYNS,15960.628440366972
NWNHWHLRKD,6436.600917431193
LWDNHESG,2838.47247706422
KWEWQPG,3815.678899082569
DSHYLFSG,7377.472477064221
QANWQFDASG,4087.119266055046
FWHNWHVLQRG,11061.256880733945
YHRGWDQFPWHL,25671.42660550459
WSDVHPKVAL,5795.573394495413
DRDLSPNEWV,3338.353211009174
SKRRPSG,1087.5825688073394
DQWQWGFEVS,10255.678899082568
NEFYDFES,8024.559633027523
DPPWPHVLG,5210.252293577982
FYDPGFKHYKV,5394.220183486239
SPVFPLPHDG,4168.931192660551
LGKSGVRKHS,1227.532110091743
ANPWWKLS,8249.729357798165
FAGSFGKALS,3965.0229357798166
PHPPDAYHDVL,3198.4908256880735
VKDALRLGWLSG,8332.587155963303
LAHFNLSG,5288.45871559633
LEFKENG,1666.1559633027523
RGQLHSGDG,1875.2522935779816
YESNFESG,2583.2752293577983
YPSQAEALG,1490.032110091743
QGQLVSHVALS,4549.334862385321
HNPRNSG,2045.954128440367
EYEQFSENVAL,5240.119266055046
DWHNDEKVAS,1539.2798165137615
APNELQYWHD,5183.857798165138
WFSYRPSG,7012.683486238532
FPQQDQFNLG,4366.963302752293
LGRDDGFHALG,5843.697247706422
GAEPRVS,1560.6559633027523
AKRDKHLSG,803.3256880733945
SEELFYWKHDVL,9852.839449541285
FGVDVDASG,2472.4770642201834
PVNAPDDVAS,1214.3211009174313
HLVDQWHLG,8885.908256880733
FESYNFKRWDL,11033.518348623853
RAEVREWQHLSG,4650.155963302752
NWHSDAFYKHG,7624.339449541284
RPWDSVAFKAN,6939.954128440367
DAKQKDEPHV,772.0779816513761
FWWFWHGHAS,11724.385321100917
QYDFWALRKYNV,9260.47247706422
WVFDGQGQPNL,8334.995412844037
RGLWEWLG,15635.591743119267
QDQESRHLFNL,6636.678899082569
ALWVGYYALS,29688.550458715596
GKYSYVSG,4036.9449541284403
ESDDNKSG,695.1880733944954
AEQWDENLG,2588.1330275229357
KAVELRSG,1592.9449541284403
FKQSPWGNVA,3817.1559633027523
KQAERPDLSG,862.3302752293578
VRYWPADSG,5429.0504587155965
FSNRHSQPHDA,2893.0825688073396
QVGFFRVLEWG,33329.14220183486
FGHWGYDL,15721.08256880734
HWSANVLS,6102.059633027523
QEEPAGSRWKH,1483.9954128440368
DASADASYHA,1543.454128440367
YRNPPYDVS,5237.633027522936
QALDPWKQPYDV,5432.738532110092
ARFNGRLG,3877.6926605504586
HKAFERWAS,3983.032110091743
QRRDQWAEYKH,3508.4449541284403
VAVRDLWHDVL,9604.366972477064
HSYDWKQSG,2552.52752293578
WGGQRFKHVLSG,7035.940366972477
KYVHVDLSG,2908.853211009174
SWSVSALS,8630.481651376147
VQKHWFRPYN,8579.238532110092
PSPERYDAG,1530.6376146788991
SWKGKYWSG,4073.2477064220184
KQEEFWHG,2778.6880733944954
SKFFALSG,6234.821100917431
VDAAGWG,3645.967889908257
LFEPWYNVGH,13338.779816513761
KREVNHANAG,1305.4357798165138
PSDELGVLSG,1609.8440366972477
VESGRFKHVS,3370.4908256880735
PDRQVGFPKG,2157.9908256880735
WHEGAQKHSG,2045.165137614679
QRENKSYHVRNW,5353.155963302752
PWRKQYSPDVL,6445.775229357798
VKAGFNGRHV,3510.880733944954
RNFLAGFEYWAS,20549.26605504587
FHGHSFRLKDVL,8213.733944954129
KWSWFDSG,9497.536697247706
RKPYYNLRNKL,3091.376146788991
DAWHPWQENVS,4898.366972477064
WPSFVQPWDG,18397.463302752294
FDSPYKEPGRHA,2132.545871559633
KYWGGQPKH,2781.5733944954127
SYVPGHDLG,3443.848623853211
EVGYKFKFEAL,11765.802752293577
RLYRPSEPNAL,4908.573394495413
EQAGVLFVS,33285.58256880734
VYYLALSG,22339.091743119265
YVFESYAHVG,13823.95871559633
WAYVLEHEYN,13915.243119266055
EHDHNLSFNKD,1876.6467889908256
QVFNRYEPWDL,18171.481651376147
KLWKHFALQRS,6150.683486238532
SFVWYWSG,19187.371559633026
WVSYDPNEDALG,4858.655963302752
VEDWFWKL,12155.536697247706
KSESQALWNLS,3358.9036697247707
LHKGKSG,1053.4724770642201
ARHYQNAG,2367.8256880733943
YSAQVGNKHDS,1375.5275229357799
FKLFPERKDV,1778.3302752293578
DKGRFVSG,1992.3577981651376
PNYKNARKVA,1430.1422018348624
QFASHLEVQPW,11453.142201834862
GFVAYRKSG,8218.449541284404
ALQPKSLPWVS,3383.3990825688074
DDKSQYWNAG,1752.7706422018348
KGQDPDLQFYN,3111.8899082568805
LWNPWREPHDS,6663.518348623853
EALNEYHLYDA,6459.233944954129
HFRVPWSKDVLG,7605.5504587155965
KWKNQPDLSG,1706.8532110091744
FYKGGYDAWVAL,11747.100917431193
DWNEWGWNHAL,12079.577981651377
ASANFDAS,1763.7247706422017
RGPFFEPYK,5773.266055045871
DPLWGKVALSG,3427.243119266055
DFQFHFLG,18863.57339449541
YHKKWKAS,1463.880733944954
LWGDDSG,3201.8348623853212
HPLLDVALG,4302.688073394495
QEAVVLSGREPA,1532.802752293578
RYRLKARNKH,1722.1559633027523
NDEWKPENHAL,2352.302752293578
QLLHLRSG,5214.1100917431195
QAEGKQYNKLG,1427.0412844036698
QQFQLEPYNH,5718.981651376147
PGSLQFPNHLSG,3787.821100917431
YHVAEKAGVRW,6751.779816513761
LAQDGDASG,1112.545871559633
YSEVNDKHLG,2080.0733944954127
RVSEPWYYDAL,19039.25229357798
QYAVHDLPNG,3199.7155963302753
WKHHDGFQFHD,9436.660550458715
GHLEADVSG,1436.5963302752293
ERLPHAPWHVS,5348.215596330275
SNEQEHDG,1103.8532110091744
KHPYKFDFPWV,9799.522935779816
ANQSWSG,2204.5963302752293
LGQGYKSHLSG,2463.2522935779816
QDRFYKGLG,3721.3119266055046
SNQYRDG,2737.7247706422017
HLPFDAYDV,7264.3302752293575
RKYDQFFEVLS,9098.426605504586
SEDDRVALSG,1969.288990825688
RAKQDVQPNAG,1037.1559633027523
VYKLFHVQHS,6080.077981651376
KELSPSHALSG,1775.366972477064
SWQPVEG,2562.761467889908
KYNSGPQNVG,1449.0229357798164
GYGQVKVS,2966.862385321101
WRYVEWQYNHLS,19383.42660550459
WERLQVLSG,12867.270642201835
FNEEGKHAG,1380.2981651376147
FKPFARPHA,3405.0688073394494
HVWFLPNKDG,10060.559633027522
RRFDPKHVL,3651.967889908257
KNSYKNSG,899.243119266055
AQRGYWKDFKHD,3071.9266055045873
RNWQQEPKHA,2052.3669724770643
AFQSPHVALS,4048.5045871559632
HFNENVEDSG,1783.7339449541284
VPLGRESDG,957.1422018348624
EFAGEVAHS,1437.9311926605506
LSRHAPKGYWDA,4878.5504587155965
RHREDRKALYA,2178.146788990826
NHEPNKRAFRPV,2278.5963302752293
GNGDEHVAG,990.697247706422
VLSNGVGQVAS,1443.4174311926606
ARPAVEYHDVL,2553.321100917431
SKSYQNSG,1214.2339449541284
PLEKGVFEWHG,6571.981651376147
LEVAPQYHDAG,2888.376146788991
EPLSKLQSFYW,11225.555045871559
NASEHSLSNKG,1326.559633027523
FWHFNAPDLGPY,16170.779816513761
YLKFKRHALS,4373.545871559633
HLVRSEVSG,2069.4311926605506
PVDWGNHASG,2658.9495412844035
KKRHENLSG,872.1697247706422
SVLSFQKG,4081.362385321101
HRKHWALNVAS,3598.3715596330276
RADFDARPNLS,2469.587155963303
NPFHDPDG,2000.7844036697247
QYGHHGPWHLG,8379.426605504586
AFEQPGRKG,1783.9954128440368
SFDNGWSG,3976.853211009174
FLFRFLGQEKDV,4821.518348623853
RDPFGEVSG,1691.4816513761468
SFYHEWLSALS,11887.761467889908
YAKQRVFKHD,3044.876146788991
ENVYVRNVWHDL,13607.211009174312
HGSLYNKHALG,2616.5091743119265
AFGASHLSG,2460.4449541284403
HVKFALNHVG,4164.880733944954
AHQWQDLSG,2643.559633027523
SKEYGNLG,1145.3623853211009
NGEQLREALG,1333.454128440367
RSHNDKHLSG,1195.6100917431193
AELPYQNKHL,3216.853211009174
GQPVYSKHSG,1641.133027522936
VPYYLFHDSG,11755.325688073395
PQPDNGRYNKS,1450.1009174311926
WEHQREVFYDLS,18265.229357798165
SYQRHHLG,3963.940366972477
WYPKFWKHA,7881.926605504587
VRHQQPDG,1749.605504587156
HWFYNWLSG,12034.321100917432
AEQQWAG,2407.321100917431
PPLHGYLSG,4631.183486238532
FQVHGWVALS,15548.100917431193
PWQVWDLQPYWL,40365.908256880735
YEYKVYLVLG,22270.449541284404
RLQNVYWVYNHS,16986.284403669724
NFKPNPHVALG,3786.1146788990827
HPSEKFSG,919.3899082568807
SVWVAHALG,7866.123853211009
FGGKALWNKDV,2326.2798165137615
RVYDLDSFHVA,8983.56880733945
NDYDDFWNKHV,3993.454128440367
HALRQRWFRHLG,10973.981651376147
VVQYHQYWNS,8419.600917431193
FFKYRDAG,3223.701834862385
ESKRDLPVG,956.5321100917431
NWPVEKG,1762.4449541284403
WGWWHAKVAS,9796.678899082568
EVWLDLFRPS,13991.243119266055
KYRPFVSG,4639.229357798165
YPLQNKQFKLS,3413.6559633027523
SESDGVG,1182.6559633027523
SWHALAQPKSG,2778.0183486238534
KYHWDVARHVLG,5900.894495412844
GQPFVEYNKSG,2368.9816513761466
HPNQALSEWHD,3520.738532110092
VKFAFSG,6814.05504587156
NLRAYVAHG,6009.477064220184
AGPHQDVFPY,4545.05504587156
PNRKPYKDDAG,1267.408256880734
GQSVSESG,902.9633027522935
AFFWPYKAG,9097.550458715596
HKWKQDSG,1203.0688073394494
WFLQHREWNKD,5717.256880733945
NQDDWNAS,1769.073394495413
LNKHEGFYG,4618.614678899083
NQLVDVG,1888.573394495413
LSDKSKHDSG,782.7339449541284
QYERSGYWNHDS,5265.55504587156
EKKYLSWG,2772.798165137615
WHLKGEYAPWK,5493.105504587156
DDSWKKLG,1328.8165137614678
GFAKYAG,3834.151376146789
YSNDPGYVG,3654.761467889908
KHWLAGFEYNS,9234.655963302752
FNPWNDQSKDA,1895.211009174312
WYGRQKSG,3403.8669724770643
VHVYAWSG,10518.344036697248
HQEGFARVG,4485.559633027523
EWVDQENWDS,3727.6743119266057
ELYWRENESG,3421.2247706422017
KPGFYSSG,2791.5137614678897
RRKGYGPHASG,1585.1467889908256
YKAQLEHSSG,1351.8394495412845
QLKEDVQFYNA,2815.266055045872
KAEPDLAEWNA,1632.3302752293578
PRNPYYWNHS,10108.701834862386
SFRYGKVELS,5198.229357798165
EFFFVSG,43842.591743119265
KQRRVASQFEND,1973.3119266055046
FKKPWSRYND,4459.752293577982
RRWHLRVGQA,5633.940366972477
LASAFVLG,14278.97247706422
VSKQASFEWND,2818.1651376146788
LESHHVG,2595.261467889908
YSDVDSQRNG,1933.9128440366972
HHAFGQKHDV,2410.532110091743
QNGPWVEWNPDV,5366.90366972477
QKDHALFRGNKA,1538.5275229357799
RPGLWHLGFEPA,10468.756880733945
PFSLSEAS,2936.3853211009173
FNKYWVFDSDAL,16145.105504587156
NPQPSWALG,3787.3577981651374
VNFRQVAG,3064.7844036697247
VPKGHEPYWDA,3517.0183486238534
QHSYFWVRYWSG,23224.76605504587
HALFPLGFEVS,13248.100917431193
NANFLGYKAS,4861.619266055046
EKQWKAKHFDG,1648.6376146788991
WPHSASRYWHD,14323.426605504586
NSHLDSQNL,2140.178899082569
YDLLLQWKHAS,7752.6697247706425
HAARWRKDLG,3326.2155963302753
DEPVNSGEKDL,801.4357798165138
KSNEKGRWNH,1655.4816513761468
FDWYYWVL,12780.51376146789
KQRWWHVLQG,7099.004587155963
SGKAELPKHG,972.2844036697247
SPQPLREG,1230.802752293578
KDVQGQFDSPHD,1751.2614678899083
FVSKHWVREALS,5456.628440366972
YREEREYKHDS,1877.711009174312
LQEPGFVQAG,2429.733944954128
PWYDYDEPYKS,12232.233944954129
HKFWFKSG,4764.5504587155965
FGKGHYNKHVAS,2456.0229357798166
EEHPSNLG,1462.8165137614678
WAYYFPYS,7739.954128440367
LYFVYKLSG,17332.004587155963
KLQPDPSWASG,1962.1009174311926
QVDGVSRPWVG,6406.587155963302
RSPLGHARYHA,5014.376146788991
NAPQHAFYWKDG,5448.344036697248
QQNEYPHDVAG,1810.9449541284403
LYENPKDVLS,2364.0091743119265
HPFYNVFG,15535.715596330276
EYDYEPKLYK,3557.394495412844
DRNNQYAG,2141.302752293578
NDERDVNHDL,2367.064220183486
EQRHVAEGYKH,1632.0642201834862
WGEFRGRVLS,11742.330275229358
FFPFHLQEDSG,4306.711009174312
KVFFNHKVLSG,5780.536697247707
KSASHWKDVA,1346.8899082568807
QNQGEVLSGRN,1708.6788990825687
YNAHLEHRWVS,10609.380733944954
RPWAEDSEVGRS,3477.353211009174
HQKKFHVL,2234.7201834862385
WDSKRVAFYWL,26735.20642201835
EDKNNDASG,859.5412844036697
KEPSYHRPG,1833.3256880733945
QNLQKSFWEWK,6014.522935779816
AGNYRYHDG,4998.793577981652
RKVNQYWLFEKH,6571.5
HKGQHEWLS,3210.0366972477063
GHFYVNLG,16131.518348623853
GFKSHSEYKHL,2852.8899082568805
ESGPEGFLG,1435.380733944954
NGKNSPLSG,1217.0825688073394
NGYPSYHG,5909.045871559633
SRGWVRPG,6168.715596330275
WEEYGYALSG,14745.79357798165
ALSWKFEWVQDA,9790.41743119266
PFHNKRNKLG,1811.4816513761468
LNRPSAG,2209.756880733945
WEGHWVG,12720.720183486239
YEANQNVSG,1934.2752293577983
AFVDAYSG,5449.284403669725
YFAVYWNHVAL,22770.724770642202
NQDNYVLG,3180.8394495412845
EDKDLNDSFDAG,1223.211009174312
GKAYAKHSG,1363.440366972477
VNQWFEG,6371.688073394495
PGRRVGREK,1136.5275229357799
QVQEGFNGWVLG,10029.688073394496
WGDVRSYDSG,5818.756880733945
DYLPAHSG,2657.5733944954127
ARHSYYWNKHD,4359.935779816514
HHKGQRYWKDL,3762.9449541284403
HPAFWNKWL,14360.79357798165
ALDDKLG,1335.2798165137615
RPVLAYNRWVA,17572.58256880734
VSPKRPPVAG,1357.8623853211009
PENPLGQENG,1377.073394495413
FLHVARNYWKVG,8339.58256880734
PKEGRKGFNKD,804.3440366972477
YKAYNEKVASPN,1795.7935779816514
VSHFPYASYVLS,20797.715596330276
PYYAFFRHVLG,24937.8623853211
VGKYVGHSG,2473.922018348624
SRKLQGASG,1382.2614678899083
RDGVQRYHRPWV,12754.215596330276
YVAYPYHRDV,10693.444954128441
GYQVFPYKHVS,9297.41743119266
WAGERESRKVS,2214.183486238532
QYPSGRPSGFG,4605.908256880734
PNKEKGAGPNH,1120.0688073394494
WRFDRWLS,15798.752293577982
EDEYFRPQNHA,2611.8669724770643
WSRPRKEWHS,3715.8440366972477
DGDADANHDVSG,1160.8899082568807
KPVQSWKS,1149.7431192660551
FYFDSHSYNKV,3376.119266055046
RVWKGKQREV,1686.926605504587
PRLPSWAG,6355.422018348624
WNERLGFREL,12572.821100917432
DPNVWKQFNDA,2343.9862385321103
FWSNEYDRPL,9748.862385321101
VAPGNHAQKS,1027.9954128440368
PHWDNHRPYHDG,8288.940366972478
KWAANKVALG,2526.376146788991
WGQQVGEPNKG,1817.7752293577983
WNGEYYALGEY,18791.940366972478
LHVGQQEAG,1525.48623853211
WQYKKLRPYWVL,19275.06880733945
YPWWAYKS,13325.545871559632
VWGDHVG,4365.091743119266
AGENVQLGFPV,5420.963302752293
QSDNNSG,1102.394495412844
KSRGDGFPNKH,1467.7660550458716
EEPHWAPYDG,4950.908256880734
SYNLHGPYNS,5989.922018348624
QEPDREKFRNPN,1689.908256880734
VSEPGRFPVG,2708.422018348624
VNLRYWKGKHL,5758.522935779816
DKGPVPDVL,1371.8211009174313
WQPDAYDSWA,8704.43119266055
PDKPWDSPVL,3276.467889908257
PAPVVSFEPYVS,8733.073394495414
ELYWYDLGEHDL,12151.165137614678
FNYKYEYNL,7138.215596330275
VYRVRHG,4719.252293577982
HRLDLYSG,7019.821100917431
GQKPYENKLS,1404.954128440367
HSEFYWHGENKH,4218.692660550459
DPGLNKVLSG,1397.0
NYHFDLWVAG,15924.454128440368
FHPKDEDEYVG,1502.802752293578
PGLVAYHS,8294.79357798165
WAGRFRQNVLSG,7730.614678899083
KERANVSG,1052.3623853211009
QLYEQFRYNALS,12076.779816513761
PSAPVHVG,1775.545871559633
WQADHVALS,5330.243119266055
NRYRRYHDA,5707.8302752293575
LDFKFWKDASG,2848.353211009174
HGFVPRPAG,3342.9311926605506
GWEYRDASG,4674.761467889908
EELKSHDL,1190.788990825688
ELDDWHLG,4045.0733944954127
GRSLWKSG,2947.8577981651374
RWFQNSGNHG,4729.623853211009
WNSSEWHQEHV,4058.7155963302753
WEQANKASG,2279.2155963302753
VDWVFKALG,9588.899082568807
ARHASLQPDA,1643.7293577981652
AASDSKAS,608.2798165137615
EENQPLEPYKDV,1526.3165137614678
FLKWYVG,7429.559633027523
HPRSPYDLSG,2875.0183486238534
SFQPQPG,2514.8715596330276
QHHEQRHAL,2093.5
FHDAFDWQKV,6296.55504587156
RKLSGVFEHYKH,3540.3394495412845
GHASKAKG,870.4954128440367
RKNPSQPYKHDV,1586.532110091743
FLDESGHG,2334.3394495412845
FAKSYDAPYVAG,4004.362385321101
LYLKAHG,4104.155963302752
NQESREYPDVA,1831.7844036697247
WPQLVAG,4683.197247706422
ELFESQWNVLFN,26081.564220183485
DLGAEWLNKS,3160.6009174311926
GQLYSWLSG,10244.444954128441
PFLYYASG,27239.022935779816
GRYEQWDLG,6426.922018348624
QYRKSYEPVL,3893.2844036697247
YRNLWVLRYV,29854.89908256881
KYVESEHLSG,1515.045871559633
DFSSRYLS,4481.761467889908
YPWAQWRKDS,5081.325688073394
QYNDWKESEWL,4668.743119266055
VFYVEQEPYVLG,20846.633027522937
YGHAYWWKDG,7974.334862385321
DRDYPYSG,3379.47247706422
AQWWQYHASG,8933.564220183487
VPHYAWLG,9050.490825688074
QNQPPHFPKHS,1982.9954128440368
RSQYLWAGFDL,18061.105504587154
KYRNKPSG,1064.2752293577983
HRVHKSG,1564.3853211009175
PAGYKRASWVS,4667.899082568807
VKVLEFYKLS,18917.27981651376
NFSASKSG,1583.8165137614678
DKDQHREYNKH,1201.1834862385322
LQLLVAG,15603.967889908257
WFDAQLALSG,10320.316513761469
PQWQHQYKA,3288.2522935779816
RKHPSFKLSNL,2126.3073394495414
AVQNVHASG,1326.9587155963302
PPRKWNG,1537.467889908257
LSNYKAREKHV,1588.0229357798164
QGNPLYDVAL,5772.288990825688
SGYNFKLWDS,7609.788990825688
WDEKGVGYDV,3878.6330275229357
SDYWPWNKHDL,5846.40366972477
NFRYFPHVVS,12568.128440366972
YYGDWHG,6831.192660550459
NDRASYQDASG,1500.532110091743
FELAWDAENVAL,5900.077981651376
LFVHSEKDVLS,2924.967889908257
RVGALHLYNKL,6503.688073394495
RNDSEREYHWHG,4269.752293577982
RWKRKDKVLQEK,769.7201834862385
RSLQYSWVAS,7740.600917431193
RPGKWGKHVL,3662.4266055045873
KDNLFEFYDAL,8979.220183486239
EFYQLEYWKDAG,7122.059633027523
QWQGEASWLS,5574.926605504587
WEKVFRPKKHDL,2628.0091743119265
LEQKFESG,1398.1834862385322
DRNFFWKVAG,5575.922018348624
QDLFQFRVLPYA,33026.87614678899
FWPSWHSNSG,6662.5091743119265
KVFAHGFNKS,2574.619266055046
QNKGNQESYWHV,2579.362385321101
LQAGNKRNKDAL,1329.0
RKQWQRPSPNVL,3623.440366972477
DGQKNDQYG,1203.9495412844037
VEANGHDLS,1372.6376146788991
DHPEWLSG,2683.4311926605506
KSFSQQFNVG,2723.9449541284403
LNVLNLWDLS,15714.178899082568
PADASELFYWKS,6392.51376146789
PLGGEWQHVS,3374.7477064220184
QKDENHVGNKQE,689.848623853211
HWLYYWVSG,13251.11009174312
QSQWGQKQWVS,3987.678899082569
FSAFPWQASG,7036.261467889908
DPLSRWNRHL,5333.582568807339
KNWNAYNVLG,4381.811926605505
NRGAWHVG,4140.568807339449
RREKQREGYVA,1373.665137614679
PSRSQNDVYKA,1830.4495412844037
HKENSNG,744.5550458715596
KQKNNHASG,870.8256880733945
VGWWENHDAL,9605.62385321101
FEDPHGNKVAK,955.3853211009174
YLHDHGQWA,5824.151376146789
HLFSKSPNHDAS,2096.821100917431
SNSRGHALS,2069.376146788991
LQWPEWVSG,8573.87614678899
WHFGSRDSG,4303.857798165138
VQKDSFVLQKL,3351.7247706422017
QEHRWALQFHEP,7234.564220183486
FRVLWKGQPNPW,15420.674311926605
SRVRLQHSG,3229.2844036697247
RNYRAGRWKS,3033.646788990826
VHLYLYKSG,11497.29357798165
HEHGREKFEPWS,3529.733944954128
EDGVHVSEPWG,4099.298165137615
PYDKALWKAQEW,5352.651376146789
PEAYHNALS,3110.137614678899
HPDDHASG,1152.6238532110092
GKQNFYDLG,3404.729357798165
DVVHLFLG,27013.619266055044
KQEGHRHALG,2041.7568807339449
DKVWLHVLG,7965.380733944954
GRFWLRESG,6435.5504587155965
QVHQPDLEPNG,1542.2201834862385
HLASQVAGWNV,5302.779816513761
PNYWFPLQPYNL,27650.66513761468
DRLEYRNKDASG,1707.9633027522937
DQVKRWSG,1945.0275229357799
DENLNGFDVSG,3168.1926605504586
WFLVEDVSG,15568.798165137614
NGKEEDLSG,795.1605504587156
PVQAGWNPHSG,3389.2155963302753
NRWKYLQRLSG,5891.4908256880735
VALSVRHFAS,12177.08256880734
YKFVSFGRHAG,8059.422018348624
RQYKDRAENHL,2005.467889908257
FFFYSWVG,5375.477064220184
APAEANDASG,876.8073394495412
ALVGALNVASG,3300.862385321101
WYDKQEHG,2500.853211009174
WPVNEPVAG,2674.8073394495414
QPGKEAGQEAL,880.9220183486239
EDQVENEKVLS,1063.7752293577983
WRWGKLDVA,6087.729357798165
SNQARPS,1508.834862385321
HWDSYPVSG,6159.467889908256
GQPALHEWVS,3279.3073394495414
DYRFEDLG,4541.380733944954
ELWPKEWKVAL,4990.275229357798
QLGVVLEHDAL,7716.188073394495
HLLNLYKG,5454.646788990825
RGQAWVGKHAL,4375.362385321101
QSFSVLGPWKA,7865.339449541284
VNFHDHLSG,3907.816513761468
PKRKVDSGRKA,649.6284403669724
SFQWQRVG,7280.5091743119265
QFFWEHLFYHG,15368.04128440367
HFVRYRNLSG,8637.963302752294
KHEDEKFRPDS,875.4128440366973
KSSWDYLS,4155.683486238532
SNEDQREYNHD,1875.7798165137615
LPVWPASG,4366.064220183486
RKDYHAEQRNDA,1208.5183486238532
KKDSKKSG,429.4724770642202
ERGVWKHS,1996.0412844036698
QFWFVGRYSPYH,17028.92660550459
GRLKAFYNKDV,3264.9266055045873
DLYLVRPNV,22697.701834862386
DVKQPHENKLS,1151.2935779816514
EGESVFRNHVG,2297.119266055046
AELRESLG,1809.4449541284403
NWDPNFVLSG,11458.857798165138
AQASAGAG,923.2706422018349
NGNEHLNKHS,1487.8761467889908
PQYLSRDAYK,4421.05504587156
NHAGKGEKPHD,951.3440366972477
EHENWNPNKG,1712.8990825688074
LQRSWDSQRWA,8694.454128440368
HPFVQKHSG,2078.1605504587155
PRHVGEQYVS,3136.706422018349
RSVQKHDSEYG,1660.0183486238532
VRKYLYKG,3234.5229357798166
DNGQVSKALS,1167.2752293577983
NPEYQVLSG,2388.7522935779816
DVSPSQHPDVL,1553.2981651376147
LAREELG,1336.4036697247707
DDRHKHDAL,1403.8073394495414
EYHELSGFFRHS,11781.848623853211
LPLPAEWVG,3819.362385321101
NWERPALS,4035.619266055046
FVWVWKLQNK,10042.275229357798
VHFSQFREPWD,15092.56880733945
FKKLVRPYWK,4477.426605504587
NNASGRFWNHS,5800.1100917431195
DVSPQWSFREDA,2988.7155963302753
EDWKRYFKHS,3266.3577981651374
DYFLQPALSG,7036.825688073394
PEFYNGKHASG,3037.3256880733943
NLWQLFWNKD,10231.532110091743
VPLGSGWNKD,2068.7522935779816
QKQPRPWVEYHL,9351.426605504586
EEEPADAS,912.651376146789
VAYHRWGFYVA,26068.876146788993
NSRGFQNVG,3551.3073394495414
EDSPKSWNHVS,1597.3899082568807
PWVWKYNSRVAL,15691.279816513761
RNASWYHAFYNL,18085.67889908257
FFKDNVRPKG,2305.9449541284403
GRERHSPYHLG,5825.01376146789
SRANRYHALS,4657.848623853211
QWNRSGPSVA,3801.4311926605506
NGRRHDVARPYN,5424.48623853211
RWKSFHAGGEVS,2419.7477064220184
FNSRWDNGRL,9106.12385321101
KVSYGHDYHA,3671.848623853211
FAFDFELPLG,16652.75229357798
SWKYGYHDVG,5590.48623853211
KVHNALYLSG,5593.334862385321
KQPQKFEKHAL,968.8302752293578
PQDRNSYNVAG,2181.1605504587155
YPHGWRNHDL,9004.977064220184
GREFYQRYHDG,7909.022935779816
WYSHWDVASG,8445.697247706423
DNDLNQKDVAG,1104.926605504587
DVWDNFEPYDL,12425.522935779816
WSSPKRYWD,10923.564220183487
NSWSDSQWVA,6143.963302752293
FDNQVPHVAS,2619.5137614678897
WAGQNNDGDS,1895.908256880734
YVVSSGRPNK,3141.2798165137615
LRSQWARENHD,3898.816513761468
PEASWVQDVG,3049.0045871559632
EQNVLFAQKAG,2285.302752293578
GQEFWQELG,5464.211009174312
WGKQWHQWHA,9914.224770642202
DQHFRAWHDLSG,6225.09633027523
NFKAASGRHVAG,2794.8394495412845
YEKNFPHDVAL,4621.646788990825
RESQENQKFNKS,1061.211009174312
EPVLYNVFKASN,10815.105504587156
HQLVSVAG,3215.8394495412845
PVLERKQNVLS,3162.798165137615
SGWGFPNGNHA,5646.091743119266
QESHFWVLHS,13054.252293577982
PNRLNAGEPH,2381.894495412844
KPQHDNSG,852.0825688073395
YEAQSEVG,1500.2981651376147
PYSLQFQHS,11017.169724770642
LQWFPHNHG,7822.692660550459
PPDAWRPWALS,9120.628440366972
RWSAWHVRWNV,16779.669724770643
PYSDWNASYNG,7090.775229357798
LHQDQEYKVLG,2713.091743119266
RYKLLSQVLYA,15825.04128440367
EAHGQPEWKDL,1728.01376146789
YGVLHQRDAL,6570.729357798165
DYWLRENAPKDL,3761.2752293577983
EKEVDLGWND,1919.4816513761468
KQKSEGVAS,708.3302752293578
PEAWQKHLS,3414.6880733944954
RLQKNDLAL,2062.0091743119265
EGLQNLWNKD,2001.7981651376147
SDVSHLNDLSG,2074.3853211009173
ENHYDGWALRV,14140.90366972477
PGRLPKGEHSG,1306.119266055046
RRHESWALSG,4023.912844036697
NNLHFWG,12940.073394495414
SGKAWKDPHS,1408.2477064220184
VSHKYNVS,2173.0045871559632
SWHLPVRPKLS,7450.761467889908
SRQSRNAS,1573.559633027523
LPYAVLEWNHD,11763.504587155963
ELVNQHSG,1987.1559633027523
QKWWNALGHDVL,8669.752293577982
YDNQLGWKDV,3673.0
FLEHVSEASRHG,3653.5688073394494
FQVQYLYDL,35574.37614678899
LFDLLEKHS,3248.3853211009173
NYGVFKVSG,6471.848623853211
DRERRPDVLG,2256.4587155963304
PNKYGQFQWAL,11208.247706422018
NPHWQPVLS,6055.454128440367
FVVKQHDAS,2218.5550458715597
DAHHWHLSG,4225.926605504587
GWNELEWNHAS,4979.027522935779
QKNVNKGWNVA,1828.3715596330276
LEVFQWALSG,17281.981651376147
YVAAEPWNEHL,5852.119266055046
RKSFPAEWKFV,5299.3302752293575
PPNEAYHAG,1746.8990825688074
WPVYYHSG,20277.605504587154
RAQKHGPFEWN,4844.756880733945
KNANANKLSG,886.6467889908257
AVGKKDVG,801.848623853211
LWASLSDVAG,4574.0504587155965
EENPNKRWDG,2275.2155963302753
KARFHDARALS,2632.669724770642
KGDFQEAS,898.2477064220184
DHGHWNALSG,3088.1100917431195
LNHEEYSG,2017.2201834862385
LEKEFELS,1892.926605504587
YAVNLQHDS,3513.0963302752293
DWFKELSG,3688.146788990826
YADAAFDVSG,3235.564220183486
RGLEWRHS,5060.536697247707
SRFKQASG,2017.7798165137615
HWDWLWALS,22728.42660550459
VDFEFPLSG,5434.302752293578
LPKKVFSG,1683.6834862385322
EVWGDGFPKL,7493.0
WYELASG,9758.495412844037
WKFLVSFRWD,34979.84862385321
AWSYRWSG,11476.839449541285
DLEDNFKHS,1898.7018348623853
RNWQEDEVSG,1729.9357798165138
RQRYLPWHRYNA,10261.114678899083
SYRSVSG,2663.1880733944954
HGKEHGKHALS,1060.3119266055046
KEFSYHS,2993.3577981651374
WDHFYVRNS,11136.12385321101
HQKGEVNDLSG,979.6422018348624
APNQKDNDG,782.8394495412844
RHGGAGHDVL,2484.4311926605506
LGDWSQHS,3409.238532110092
LAEYRSG,2746.4449541284403
DVAPEYDWHLS,3855.229357798165
WHRDVGDVPYVL,14972.064220183487
PSNFAQFYNHA,7551.665137614679
WFKLNKVNALG,6114.6697247706425
FFWRAPYWKHVS,9276.059633027522
DWRYFKVSG,8670.408256880733
ARWSEDFWS,10772.522935779816
EQASFQKDS,914.559633027523
EGVPKAQRPDS,942.045871559633
HSHFVAYWLG,20722.816513761467
KWNYNRPNALS,3722.52752293578
RRFDVEVLG,5745.059633027523
KPSFRNHYD,3074.3348623853212
KAGDYNSRDAG,1263.9128440366972
DDFSFALS,9280.724770642202
YLHEEKVSG,1517.408256880734
RKPQEVGWNAG,1366.9311926605506
EVHQQPWNKDV,1414.908256880734
EQSQREQWVG,1704.5366972477063
DSFVQVGFYHD,32522.655963302754
FQYEREHSG,2521.711009174312
SAHVFREPS,2017.3532110091744
DLKESRPNKDAG,673.2981651376147
NPHKDKDLG,781.8761467889908
NHRWWVAFND,17370.6376146789
QYNQAGRYFKLS,8724.073394495414
YEVDVRVASG,4606.344036697248
WGNGVEWVL,16174.385321100917
NHDPSEVSFND,2285.362385321101
NLLNRALG,5023.51376146789
NRWEHLEPKHS,2727.0688073394494
WKLAVGQWKL,9066.922018348623
SRWQWSQVLSG,8114.394495412844
EWANWLGFPK,8637.899082568807
SRQYRNSG,2447.376146788991
HKFDPWNDSG,2361.623853211009
QKWFSQYHDAS,4676.908256880734
NAGDENGDVSG,963.651376146789
DHLESNAG,1104.848623853211
SYDWHRLSG,5684.614678899083
NHFYFKALYNKD,6590.922018348624
LWRKEWSG,3985.766055045872
KDSRQEHEPHLG,1175.348623853211
PSHPHEPKDASG,877.9311926605504
HQPQPDFRVL,4050.6330275229357
NYHNRDSG,1903.2018348623853
RQFNASRPKHQE,1131.3899082568807
RLDGNPDLS,1885.7568807339449
PGKQALEYNHA,1766.3899082568807
GWVYEKLSG,5342.857798165138
QKPFVYNKD,1639.788990825688
WGYSPASFKVG,8105.917431192661
PWRVRNHFWNLG,14359.0
RNRVGQRRWNVS,3381.711009174312
KKVSNLPKHSG,846.7201834862385
KSPHVWAFLS,10099.536697247706
QESSGRPGRKD,866.6697247706422
HKPDLLSG,1179.1880733944954
RYNAWLYHSQK,5430.995412844037
RDHRDQRPN,1577.032110091743
FGYHHVYDSG,5457.582568807339
DHVHGVSG,1550.1559633027523
RLGFESHVSDV,4802.977064220184
NELFWEHSG,7522.371559633028
QGFPDPKGPNS,1237.2935779816514
VWAWSRDG,7831.880733944954
RDEAFPVEDVAG,1702.3532110091744
WPHLHLSDAS,4642.119266055046
FKGEPKDPWVA,1949.0091743119267
VYSKDNLSG,1483.2660550458716
YNWKAQVAFYD,16399.330275229357
DNYNAKDVLG,1520.426605504587
NAQKNQEDLG,785.8715596330276
DQDEYGWKHDL,2515.298165137615
HRPDFQKLG,1727.0825688073394
LPGWYSG,7931.082568807339
LFNDGRSRVLSG,4695.137614678899
KNFVDVG,1773.4633027522937
WKEWKSAYKG,2264.3073394495414
FKVWYHDAHVAS,7839.880733944954
FWRVHDGPWLS,21279.096330275228
FPLRDHLEPVG,4860.954128440367
EFKVEVLGYSG,21326.811926605504
DVREWYWVQHV,18822.045871559632
VPNWSEYNKDAS,1979.2798165137615
NKRQSYWKHA,1880.8623853211009
LSKGPDVFYDS,5323.091743119266
QNWKNDGQNK,1237.866972477064
HFSWNYAG,7155.142201834862
NHFSDGQRWV,9117.550458715596
VPLDLRSG,2340.9862385321103
KRVRWDYASG,4391.288990825688
NKPHQHVFYA,7850.077981651376
ESDVGNFNKL,1567.2477064220184
ALYKLGFPNSFK,10532.839449541285
GWRAHDA,4084.954128440367
FRHNLPKSQKS,1519.6880733944954
FAEYRWFPYWLS,16190.100917431193
NLSNNALQHLS,4200.816513761468
DPHAPFYG,5894.48623853211
VSEAHVSPHL,3036.2522935779816
YGGVGEHSG,1729.1146788990825
AFPGPVLPVAG,2641.105504587156
ELVKRKSG,1073.454128440367
GDGKEHLG,918.3623853211009
DSSHVFASG,2239.830275229358
YAGLYKHKHD,2766.298165137615
HPAQEAQDL,907.243119266055
ANSHLKSG,1353.0
KHYQVGREPVLS,2336.4587155963304
NRHKDQNKHS,1146.3119266055046
EGWYVARWVALS,28230.844036697246
FPFDSFSQRYK,9697.394495412844
YWEGGQKDAS,2349.9174311926604
HGPGYSQPYLG,7287.651376146789
EFEWDANVFYD,26509.504587155963
YFQWLQALSG,7572.1100917431195
PNFPLPWLWNDV,18769.871559633026
EFDHPASG,2004.4770642201836
VVRSHDVLG,2803.6880733944954
NSYFGPHS,5484.665137614679
NEVYVQDVL,8921.967889908257
WQRSKLPKHL,3670.4587155963304
ALYNKVQHEHG,2103.97247706422
QRSHGPLQYVA,5583.646788990825
YAQLVLGFHDA,24467.188073394496
WGWVHFEYWHVG,30141.0
FVELWLEPV,32012.76605504587
HAWNYPYWKDG,10522.298165137614
FVEEDYKDVAS,2139.9770642201834
PAKPVSPYWKVA,3592.261467889908
LGHSDQNKALS,1381.6605504587155
VKHDQWLPNG,3275.6422018348626
RKLFSEYNARYD,6645.206422018348
ASESDFEDVAL,1797.9633027522937
EYPLDSYDVG,2991.6605504587155
SFAHLEALS,4422.8899082568805
RSRFRAEVA,2714.8853211009173
NVVRSPHDAS,2338.701834862385
RKKGNHQWS,1680.0871559633028
WWQRQNSG,4896.1697247706425
DKDYRENKDL,1050.8715596330276
RQFQELSFAG,6768.160550458716
EKSPSFDREPND,1150.119266055046
VFGKHFLSG,5226.967889908256
HWSSDVG,3480.802752293578
AGAKRKSG,632.9954128440367
PQPHKGPNHDG,1335.454128440367
ERAFPYPALS,5800.279816513761
WVNKKRWNV,3885.2155963302753
PWWHPVLALG,30729.756880733945
PLVGFNYALS,26813.977064220184
ARWHRLPKHVA,4203.678899082569
SFDEHYNG,3304.394495412844
EDVPNSGPSFK,1354.7018348623853
AGFWLDGQWNV,20326.454128440368
WLRQGREWDSG,6705.220183486239
WHFERNDWKDL,8493.926605504586
HALDWDVSYW,20963.371559633026
ALDWRDVG,4779.518348623853
FHPGYAGHG,4153.587155963302
FWNEHFRQRVS,7704.963302752293
VYRDAPLS,3872.2522935779816
EDRPVYVPYWNA,8932.70642201835
WASQEHSFEVYD,15547.51376146789
EDPRFYKVAG,2867.02752293578
WPRSHDALSG,4312.90366972477
LYLHAKALS,5442.417431192661
VVEAESG,927.059633027523
ARVHWALSG,5858.339449541284
RGEQHEYKDL,1927.7431192660551
AYALAFLSG,24412.69266055046
EYYDWPYWNKG,9956.853211009175
YHWNPYNKQA,3747.5091743119265
KAFGDVQLG,2454.206422018349
ALALHQFEHL,8196.302752293577
EFGKSFALS,3983.183486238532
VGWHNSRWKS,5707.0
VESNNDVALS,1559.0229357798164
DPKYQKLSG,939.059633027523
REWSGNHEPSEA,1514.3394495412845
LYENSFLG,6815.894495412844
DSHDLVGREYV,3384.091743119266
HQLVPWVLG,14785.665137614678
FQAFKQFRKVG,5384.068807339449
YAKDKDRPKHD,1108.408256880734
NLDVDAFPNKHV,2791.1559633027523
WHASKDQVSGRN,2228.816513761468
DPVPADVG,925.9311926605504
VENHDFDEHS,2266.9449541284403
KGQHGEWFPWA,11814.339449541285
KRDAGWHVYWND,10995.660550458715
DVPRVGPWL,8691.022935779816
NEKWFRAG,4664.899082568807
SNRSALS,2152.862385321101
SDLHKLG,1634.302752293578
QFNNQEAHDV,1622.1100917431193
PDVYEKAEAL,1299.7064220183486
AHQSRNALG,1954.2614678899083
LSKENFPYWKHD,4130.559633027523
LEKKHYNKVA,1183.3715596330276
DLSEWFPLWKDA,12105.825688073395
SWKQGPVG,2764.7247706422017
QHSKQPWNGKVS,1861.0275229357799
YGNKYNQFLS,6495.229357798165
QYKSSQRHKLG,2043.3990825688074
KAQYDSWDGFYG,12524.142201834862
AGGLRWG,5833.6100917431195
GWNPVHVSG,4838.091743119266
GYYHWKS,5727.917431192661
SVGFPKVVG,3349.064220183486
VRWWRNVLG,13201.288990825688
FLNSALSDVS,3103.2477064220184
NRDLDEWNHAS,2764.206422018349
QLQWWLGFYNK,14502.811926605504
FVAQLDLSQYVG,12185.54128440367
KLAPYAGAL,4751.412844036698
NSEVEWVQEHL,4291.981651376147
SGVVVAL,24935.26605504587
SQKHVWNVPKS,2361.729357798165
WNNNFNASG,4587.857798165138
DVPVWFRPWNKL,12797.821100917432
FLRLLFYHG,17567.018348623853
ENYPKDYVAG,1780.5366972477063
FSKQPLPWDAL,8742.954128440368
LDGFQASG,3658.137614678899
YVENKLKQFDG,3489.412844036697
DHFNWNLS,5713.587155963302
FVPNNEPDG,1609.5779816513761
SHSNNDSG,1105.2155963302753
KSDWARKG,1257.1926605504586
RQAGYLRSG,4131.133027522936
KPKEGPYKVL,1243.302752293578
WEGVPYHAL,15127.720183486239
ANASENWASG,1905.5045871559632
FRPVVPWSQWDV,15595.399082568807
PSHNPWLSG,6169.504587155963
VWNNWHVG,9122.830275229358
KSENFWLGPH,7239.90366972477
APWYGPHDVLSG,8356.440366972478
KDFKKFRNKHDA,974.9770642201835
NNSGSFESG,1757.6009174311926
GRRKYNG,1465.408256880734
LHDNRNLG,2715.0963302752293
QRNHRHVRDVYK,2794.605504587156
SQDPHFWS,7979.733944954129
YKKFDLEYHLS,4573.311926605505
YAVKEPKHDLG,1585.1834862385322
PQHSFAREHS,2575.922018348624
YHPAALYVLS,31380.80733944954
KEKPQHLG,1254.2018348623853
QDPVFEKRVA,1465.559633027523
EYPFQEPYWVLG,15996.651376146789
HLLEHGAG,2458.4633027522937
VEYKGQYLPWKS,6439.1100917431195
VSGFKQLRHA,3637.646788990826
RKYPVASPWHS,4557.573394495413
GYSRVEASG,2070.059633027523
RKQDDVAGRHV,1254.2064220183486
RVKLKAREKDAG,798.6100917431193
DLQFHSESFKLS,6705.853211009175
QVRGYHDQNVSG,2704.229357798165
YDAHYKHGFDV,6003.532110091744
FKKNYWG,4132.816513761468
PPWWKGNKHAL,4461.954128440367
GRFNLRAG,5250.348623853211
QQQQEWG,2084.261467889908
DGDDGQAS,1173.7385321100917
PASWVFYKVGLG,31199.95871559633
SHGKLWVSG,4639.0
SLFEKWAS,3922.298165137615
HYLLSQDLS,6110.224770642202
FNWDPLEPVLS,7865.270642201835
GFRPARPEYHA,3667.7247706422017
NDVLKSEGQVA,968.1422018348624
VAYNGARYWNK,6066.298165137615
PSNYGKHVAL,3415.9449541284403
FPNDKSPKWNKD,1572.7935779816514
QRSPYAREQFPK,2467.1926605504586
PLAHLGDG,3769.9908256880735
RFQAYHLS,9356.798165137614
GWVNVVLG,22470.15137614679
SNPAYWALG,10659.90366972477
RHSPPDGRPWK,3154.894495412844
WPDKPKLG,1796.6697247706422
QVFGDVWNKH,4114.188073394495
QYNENYKLFPW,14471.678899082568
DWGEAHALG,2928.7522935779816
VKGYNDHG,2003.6743119266055
HYQGWKS,3482.545871559633
QPNHSAEDLQHL,2063.848623853211
VLFWRKSRWSG,9346.091743119267
ARHSRYEHLG,3560.591743119266
PDGRGPAFYKS,5829.105504587156
RLHRDLSQNKS,1906.8440366972477
DSKHEFYNAG,1626.573394495413
RFQPQKSG,2130.206422018349
VEQSHDVALSG,1868.866972477064
WEHYVRYWNHS,12261.174311926605
QYVDEPDYNSG,2273.0091743119265
HYYASLSG,5110.967889908256
YLFWQEPYNVQP,10138.408256880733
PHKPWRYWHAG,9518.550458715596
AQDEQRPYHSG,1763.2844036697247
ARHARALRNDL,3292.816513761468
AWLYWWVLG,24357.0871559633
NSFKSKRHAL,2121.0688073394494
SWSNQASG,2144.1330275229357
VQVFNDGKHVAG,2355.032110091743
ADRWDFVG,7685.408256880734
WKDGAYDFWKAG,5700.8302752293575
WEDWDNVG,8751.58256880734
LRLLKSG,4690.027522935779
VKLNHHSG,1681.6880733944954
ARFSYNSG,3977.587155963303
PPKLPAENDASG,842.3807339449542
DKLFQEAG,1177.01376146789
KRGPLREYS,1924.1422018348624
KGSNFPLSG,2020.1238532110092
RKLYRYWFVG,13300.93119266055
QGKDFGQLS,1531.5366972477063
FFSRNSKG,2226.9633027522937
EHGQDSVLGVA,1337.3302752293578
APFEDGVG,1627.7752293577983
EHWWQYKDL,8049.582568807339
EDYLNHDHVSG,2161.756880733945
WAVWKDNKDS,2063.6284403669724
KFPPNHALSGPN,1930.5
PPFAVLSG,4345.977064220184
QKYREGPNKHDS,1083.4036697247707
RKSFLRKWHS,2664.3073394495414
EQSLHSG,958.6559633027523
YYFHFDG,4326.385321100917
HGPVFSFEHDAL,8688.481651376147
ANFWSYLG,11762.600917431193
FVLASPWHQFR,18775.261467889908
PHYKQFVPNKHA,2427.4862385321103
YYRWGNVASG,4491.4495412844035
AWKVARHKHG,1717.7568807339449
HPSKKHAG,700.2293577981651
RSEAPQPDASG,915.2339449541284
PNQPKNRYNDSG,1225.0504587155963
GFHEFDSG,3793.7155963302753
LRQQFDVAG,2930.2522935779816
DRQYARYLG,6042.802752293578
LHLRWFVSG,13598.738532110092
HRNNDYWNKDL,3114.123853211009
WSGGFRAEHS,3969.587155963303
QFARDFRNEDVA,2509.6880733944954
EKNRWKRWG,2682.4311926605506
WVRHDYHNHVAL,9138.669724770642
APAVAKDA,589.4587155963303
DQQPNPVSG,970.1467889908257
NYVAHPWDL,11441.133027522936
SEHSYFEPDS,2941.4954128440368
SDQREWRLS,4002.2247706422017
QYHEGKHQEWKD,1612.8119266055046
QSYPAQNS,1114.01376146789
AVGQEPKFDVA,938.1146788990826
HVAYYKVFREAG,10599.399082568807
DQAPYKREPKA,802.7201834862385
RNEYDSHALPVA,2884.7522935779816
VQFSDWNDAL,5612.325688073394
DRHAFDQPDAL,2507.233944954128
HDAEQHASDG,948.8853211009174
NVRHLRARHS,3368.954128440367
SWRPKFYG,7970.082568807339
WNFLSKGQYNG,4655.243119266055
HPSVFKLSG,3113.761467889908
AWLSNFPHVA,9150.073394495414
VYFHAFKLG,9246.48623853211
YVSQPAWDFK,5163.972477064221
KHYLRAEDS,1358.4220183486239
LNGEKKAG,826.4587155963303
PQPAAQFEYKLS,2608.1651376146788
FDKAGRPQNDV,1519.4495412844037
GAQFNVNG,2209.7752293577983
WQRHVEWRHG,8169.004587155963
DLRREPVLPLG,3241.706422018349
ERVDYDLG,2163.564220183486
RRPRSREYKSG,1310.573394495413
ANGDWDLSG,2563.967889908257
PHNNWKDALSG,1805.7660550458716
YGQDYKGPYWHG,7125.091743119266
YAYAALQEYNSG,4115.743119266055
GKNAEHLS,931.4724770642201
EQSVENKLSG,713.5183486238532
NESQHDNALS,1460.467889908257
WEKRVGNVSG,2655.412844036697
GPLAGKVG,1110.6880733944954
QSRYKWPYWNKD,4860.848623853211
VWDGGNSG,2462.178899082569
WVKENDYNDA,2609.0733944954127
NVAHKSGPYN,2074.577981651376
WWNRDYWSG,14893.949541284404
LWQWFWSG,19785.495412844037
KLPGGYWKHVS,3045.798165137615
VWNHYGEYVA,8470.646788990825
ANQNQHSG,1272.6880733944954
HGADGLSG,1716.7477064220184
FFYNEGREWKVS,4605.844036697248
FPYGNKFVFPNS,12173.29357798165
WFRHVYSQFWNL,21551.316513761467
HSSFYHFPYHLG,13549.183486238531
NNSNHKSG,1214.073394495413
NGKQQRWNDG,1967.1009174311926
AGHSKEWKASG,1130.0366972477063
VEHFNGREYVLG,9322.399082568807
HNDSNEPKAG,844.6743119266055
LRHKWNDSG,2323.4954128440368
RKEQHAYWKV,2178.802752293578
GEHQDVSHDAS,1289.3623853211009
VGFHNAKLSG,2941.8256880733943
VVPYVKVAS,5973.582568807339
REVVWDEWHDL,7661.1100917431195
KFNHDPDLYNSG,2917.348623853211
HDENHDPVAFYN,7014.229357798165
LWDFYSFEPYWG,26644.27981651376
GWWHFRWKH,11400.963302752294
EPVWKDDGEYV,2788.2201834862385
PDRNENKQWASG,1515.6743119266055
WLKFQRDLG,7776.357798165138
WVWEHSRYND,13040.105504587156
QWKFQHDGALSG,3550.6422018348626
FYKLNDQRKYN,3320.087155963303
HSFVWGEDVASG,3886.5825688073396
KYRVGWG,4791.899082568807
SPHSKFRWNL,4886.495412844037
HKQNLEVAG,1225.0825688073394
SGHYSWNDLS,5391.334862385321
FFWNSFGPDVG,7521.922018348624
KEGREPAFDLG,1843.3165137614678
RGAPYRLG,5713.600917431193
KYAKEWSG,1952.9128440366972
QVEEYNHSNHDA,2089.908256880734
EAYQYANHLS,4140.353211009175
GEVYKRWHLSG,6019.674311926606
GNHDYNNAG,2259.0229357798166
FHKQKHWNDVS,2062.298165137615
VSQELNHASAL,2187.137614678899
HHRVDALSG,2515.5366972477063
HYNWSQEYNAL,8517.467889908257
PLFHQWVSYNVS,22450.288990825688
WAQFDVSWARHD,18340.995412844037
HQLHNKLG,2324.3256880733943
HFWWHGFVA,22917.619266055044
HFRGARPWNAG,5893.284403669725
AFLVRWAG,19847.839449541283
QADQHLNAL,2111.6422018348626
RYAGHVYNGKVG,3829.7201834862385
ERQSDVLG,1348.8440366972477
ESGQQWVSWNKV,3457.0183486238534
LWEWQKG,4351.963302752293
AHPGQFYKVG,5582.233944954129
VWNEYYDSG,10700.495412844037
PWWHAFLFRYH,27714.110091743118
RFELDREPNHAG,3614.7201834862385
PVPVFPNFYND,11884.270642201835
HWWDEASG,5177.894495412844
YYPFALSG,8977.412844036697
WPFYVNSG,20950.798165137614
SRYWDEANHVL,7689.899082568807
NGYYQWNHAG,6374.325688073394
FHSPRPAQPA,1744.5504587155963
LPLQVDASG,1741.1376146788991
QLARSFDALG,5215.1697247706425
KESHAKASG,812.5642201834862
YFHHFKHALS,5572.183486238532
HYHSHPKLSG,2631.7522935779816
YLEANSPWNS,5532.362385321101
FDDQQHVG,2474.201834862385
GVFKLKAG,3865.8394495412845
VAVFNDQPNDV,2827.362385321101
LQWESGPYNAS,5284.394495412844
KNQRVNAL,1380.3119266055046
NYVEPFNLSG,6261.105504587156
EFSLEKVALSG,3456.330275229358
YHFRVLGYRPK,9028.674311926605
KYRPLFSG,5147.40366972477
LDKLNLSG,1939.8394495412845
ALSDQFEWLRYL,22109.75229357798
QPQRGQKHGRP,1811.5183486238532
FLKPLPNKHL,4424.1697247706425
WLLSVSVSG,31499.683486238533
EDNQPNKRPA,1189.2477064220184
WQQLDVALSG,6525.302752293578
LFNALLSLSG,9496.752293577982
WGDDKSG,1819.0550458715597
RHDEPEAGKHS,830.6605504587156
YNDNHHLSASG,2755.380733944954
SFQDQFREALSG,3571.880733944954
LKLRNYLG,6022.380733944954
WSVPPHG,5541.467889908256
RYFGRELSQW,11301.160550458715
FQLEHKASG,1832.3990825688074
GFGNDQLG,3001.6559633027523
FSLFNVQRWHV,16695.981651376147
NRWLKSRYWDL,13971.426605504586
YQRLYDGPL,13051.88990825688
PFRYWPSGRNK,4860.788990825688
FFFDHSG,4464.752293577982
ADAPYYHASG,3867.1100917431195
HPLNQHG,2080.3394495412845
HLLHQNSG,2930.3348623853212
WFAAGKVS,5261.224770642202
EWGEEWKQHD,3208.5091743119265
KHLWHEVSPNG,2794.2155963302753
HSQRKHSYAQWN,4057.1743119266057
EWFKGFRYWEWN,22739.302752293577
PSEYVEYHGQN,4470.637614678899
FNNFQHLG,7094.756880733945
FDEGHSFRYWV,17932.610091743118
HRKVGFFPDLS,7953.701834862385
FHSGPAQHDFKL,2828.7247706422017
PLSFARYKYKA,8084.862385321101
QPGDWKQHVG,2353.4449541284403
WLPVQNDREKHA,2214.169724770642
YFFWGNAG,5547.4495412844035
KPLGGNVAG,1238.7247706422017
KSSKAYWKDLG,1399.119266055046
NKDFFPLSDLS,4524.032110091744
QKAFFPNFRVAG,7543.472477064221
HSKDWVGEAS,1443.9816513761468
FKVKRWLRWHA,8993.775229357798
HKLLQNG,1844.0091743119267
NWQFYREPG,11220.642201834862
RDFSKLEPWHDL,7532.577981651376
HFKYDGLG,4165.536697247707
NGYHFWVQALG,17407.92660550459
HSLAASG,1771.1605504587155
ASHHNVG,1860.8211009174313
SGWSNDGHG,3397.4449541284403
VFGAGPLS,4903.385321100917
DGWLRKFRYVG,11768.97247706422
QPYNKNKSQDA,1194.467889908257
DFGALPASG,2725.0688073394494
HLGGRQFKG,3174.238532110092
QLRDHDAWLG,6956.311926605505
QHWPDFPWKG,9753.197247706423
GDVYGPVSG,2597.266055045872
ANNQASG,970.5550458715596
GALNAWDV,5535.146788990825
WAEQNDRYNHVS,5603.816513761468
AGSNHQYG,2267.587155963303
EYSYASGKLWKA,4316.954128440367
VARSGAEAG,1222.7339449541284
YLEYLFSRYNG,10135.779816513761
NYHNYLSG,5403.720183486239
YEHRKLEPWDLS,6406.229357798165
SLVAQDVLSG,2345.3394495412845
ANGFADSG,1986.4724770642201
RAENQDLPSG,1315.866972477064
RRNAVFRYALG,10335.61009174312
RQHNNKSG,1080.440366972477
RGDKYLSG,1969.2752293577983
KFFQALSG,3978.1743119266057
NFNDQNSALG,2055.045871559633
WYDKYKAG,3407.288990825688
FEKLAQKDPNKV,1073.4816513761468
DVNLSFEREAL,4813.628440366972
VHGLQSG,1691.9816513761468
SDWKRVALS,3639.711009174312
GENPNLRPWKD,4383.077981651376
NRHYEWSG,6943.238532110092
RAWRLGNHD,5768.811926605505
RELVLSNPDVAS,2978.862385321101
HAYSWAFKHDS,6740.394495412844
HLQQVGFWHL,21266.65137614679
EYAKLFNRPYN,6862.178899082569
YFHFPENAL,8359.45871559633
NKFRSFELKLSG,9375.899082568807
RHLWSEKGRNVL,4807.807339449541
LRVWPNKDG,4503.018348623853
SHRWLWL,20937.72018348624
YNKWAEHVRKH,3104.9587155963304
KNVSYLPDG,2818.3853211009173
NAWQGYNVAL,9289.844036697248
VYFSHLSG,8145.48623853211
VLESGQVLGNA,2483.1009174311926
KLDDNLSG,1188.9449541284403
FEGPEPQFYKG,2691.077981651376
SNENFVA,2242.7844036697247
DAWNGFHRNL,9378.747706422018
RDPHNALELSG,2354.032110091743
AKQFENSHG,1508.5229357798164
RHVYLSALSNV,15895.559633027522
KQVFPRPYVAL,11709.321100917432
PEHFEGEWNVS,4362.472477064221
KAYGYHDVHDLS,3919.669724770642
YYVVRALG,14909.70642201835
QGLNHRWKHDA,3069.802752293578
ADQYGYDSG,3106.802752293578
NQFHHALENAS,2755.697247706422
DHFFNALS,6265.655963302752
PKVEDSGDQDL,1349.1009174311926
SYLVSYLG,20805.66513761468
FWYAQRQFPWS,17489.940366972478
GQEFKRWKVL,5128.9495412844035
EHPSHDALEWHV,3086.9770642201834
HPSYHQFSG,4359.0504587155965
NNFVKDSG,1751.1605504587155
AGPQYHSPWKLG,4109.211009174312
NDNNSQHG,1812.0183486238532
LVAEPYFPL,18072.729357798165
YEVLFHYDG,15178.238532110092
WKKEAPHDAS,1194.3623853211009
RDKKPNHDVAG,962.9266055045872
KVFLSKDRENH,2169.5504587155965
QHNAAGQENKS,940.4174311926605
NFLWNRWHDVL,20957.142201834864
RPAQFSWNKPDG,3608.0825688073396
HKVNQDVLSG,1235.0825688073394
YKHSQDAGVGQH,1573.6926605504586
SKGGYLSG,2240.564220183486
QYYWHWKEPYHG,9049.422018348623
FKNNFEHSG,2222.5229357798166
FPLYFRWGQPDV,18848.325688073393
NDWQDARPNK,2051.4908256880735
WVQHYDSQFYH,18272.89908256881
FELHSGGFHVS,7868.100917431193
FGNKHGWANKSG,2865.0963302752293
EGEHPAQWKDAS,1306.954128440367
HDVWFPKDLVSG,6138.802752293578
SFGYRKAL,5093.981651376147
NNRPVADG,1701.3990825688074
RPHKYWKLGL,5583.683486238532
AYWPYRPS,8217.674311926605
NQYQWFEKHDLS,6169.366972477064
PDALEAKDEPWV,2313.243119266055
NYNQQRPDVAL,2722.183486238532
FWFNFEFKDVG,13566.995412844037
VWKPYFYHL,15108.821100917432
VPLHGWSG,4051.816513761468
WSDGPGEKHG,1878.7293577981652
EDDYWVQYNHV,6975.133027522936
KRWHEHFVAL,10132.100917431193
HWGHKHVS,3137.6100917431195
WKEDLFEREYA,5310.261467889908
EPPLPANSG,982.954128440367
RRWDYDRYKAS,4143.376146788991
GPYSNGEYHD,3134.1880733944954
DDRWHPSG,2549.935779816514
WYSPREDSG,2882.8577981651374
FEYVARRSGEPG,2855.5412844036696
HNVESPYWHG,5427.284403669725
WSGLKDQHDG,2093.380733944954
QPESLGPHVA,1919.5779816513761
PVDKPHVG,1239.9174311926606
LQAPVQWNKLS,3134.119266055046
VVLKYKVASG,7480.807339449541
GHGEYHQVLSG,2571.435779816514
QRKYWAQSFND,4606.665137614679
YRASAPNKVSG,1809.3073394495414
SQFRQFKREKVL,3237.637614678899
RQNNPDALG,1669.0366972477063
WAEHGVSWNG,6368.220183486239
WHYYSFREWG,14494.211009174312
DPRYQPVS,1785.3440366972477
KSYSFAREG,2074.6100917431195
GWQGASG,2069.9862385321103
LPKNGNVALG,1214.3990825688074
KLAGSPWG,3068.0504587155965
QQSKVFVAL,13107.114678899083
RDFVWSEWNKD,4624.0504587155965
DSQGASFEDG,1108.9770642201836
KNSARAG,776.2064220183486
ENRLSKAEPNAS,710.4449541284404
ASEPAGVKDLG,702.2935779816514
NLQPWRDRWS,10908.344036697248
QWYPQWNKHL,8993.114678899083
FYKYFKHYVSG,3621.1330275229357
AQSSDSG,613.8577981651376
VVAWGEASG,1854.9128440366972
EVGDRNEHG,1073.8211009174313
GYLWNAPG,5592.252293577982
NSPNLNKSRWL,4932.880733944954
VLVDWNKDAL,3377.9770642201834
VQSSPHVASG,1283.334862385321
RVYWQRHGLS,7180.573394495413
LFWQFWKAFWD,12910.912844036697
AVPSYVG,2368.761467889908
WRGYLYDLSG,13170.238532110092
LSNGPHSFDSG,2913.4908256880735
KEPYSWHREHAS,2263.816513761468
DADWPKDAL,1733.032110091743
KWREVRWNG,4261.655963302752
DLLQVGQVLS,4624.261467889908
NLDVLFAPHDAS,10394.51376146789
LEEVSREG,1437.6284403669724
HLEVWNANG,4677.059633027523
DQGHGYLG,3120.9174311926604
RNKDQKQHYNKG,854.683486238532
VDEAWVALS,4286.711009174312
WRPEAFEHDLS,3789.5183486238534
DADALFSHVA,3752.52752293578
WGNLWALRKG,8592.334862385322
HVQAYWARKDL,6450.018348623853
KWPDLYSG,5310.504587155963
YHYEPRNKDL,2798.3119266055046
WVVAFNNVG,18382.94495412844
YPAGGREPKDG,1208.4128440366972
YFQLQWNHVAG,7340.518348623853
HVADALGNYLS,4919.5091743119265
NKLVHALREKH,1793.3165137614678
FKPYDEPNVGQV,1867.151376146789
REWNDKWKEWDV,3151.5366972477063
REQRNVVLWDV,12192.69266055046
PFWPGFHLSG,19066.403669724772
PQNNNVLSG,1556.2752293577983
AGQRQRRYDG,2560.0137614678897
RYFVGRVQRPNS,6681.394495412844
GRWAKAQEYWA,6957.912844036698
YDGRAREQNDVG,1768.954128440367
RHGDRNQYKA,1773.5366972477063
NQRWKPLEYL,9513.619266055046
HNQLPYNHLS,5024.692660550459
YVRPLRNDDVL,4547.09633027523
VYLWQPDG,8966.399082568807
DHGVAWLSG,4811.518348623853
NGGQFKDFLSG,3190.9036697247707
WSSAYSG,5030.1697247706425
PVNALHWDALS,7115.972477064221
YREPYVHEYNV,9506.018348623853
DAQHYNFPG,3600.380733944954
FRLYFRYHRLSG,16786.922018348625
DHDVSDRLS,1366.1009174311926
ARWKSDFEK,1577.8715596330276
EARHRPLFDG,5237.3899082568805
ELNYSFALS,15990.70642201835
KQHRSQFENHD,2007.059633027523
HAQVYLHLG,18433.669724770643
NSHQLQASG,1458.7247706422017
HLEHGKEWNDV,2443.6330275229357
LARVRKDASG,1609.2844036697247
ESWNHGGQRNHL,3608.729357798165
HSHLKDFRENK,1407.1376146788991
RAADGRHAS,1690.7431192660551
EPNSSQFYSPKG,1888.1697247706422
FYNSLFEDSRY,7589.0091743119265
GWRPLWLG,26163.091743119265
WGFYDWGQHVSG,12580.449541284404
VKGLEWSG,2510.802752293578
PAYESGEPWNV,3884.793577981651
FGDLWDFWG,18938.646788990827
PRSNPHAG,2181.9816513761466
GWVDVKLSG,5276.298165137615
YKLEQHVLYNVA,9074.738532110092
NHKAHQEHDV,1223.5183486238532
WHRFKGFRWS,10388.481651376147
EHWPSWKHDLG,4678.316513761468
GENGKPWKHL,2872.6330275229357
EVWNLLGQYKHD,5947.54128440367
EEKKAQHG,783.5504587155963
VDGNPVS,1470.8211009174313
LRHLKRKHDV,1644.2064220183486
YYQNQASG,2106.5229357798166
YPYRYFEG,14941.12385321101
RFFWESG,11699.311926605504
NEDEVQNDVAG,1384.1467889908256
WWYGNHSG,8224.12385321101
HLLYGFLSG,13622.509174311926
DAQAGEKFDAS,1165.7018348623853
FKLVPHFVAG,8564.559633027522
GFKWEVSG,3945.3394495412845
ADEDRALSG,1040.8532110091744
DQRNEDSEHVG,1157.1009174311926
HPYQNQFRKHL,4845.151376146789
KRRFALG,1842.2155963302753
GRVSLQREKVA,1698.8990825688074
ARGYWHREDS,3268.545871559633
FPKWEYKLRDVA,5195.633027522936
EYNHHAGHLRYN,6864.738532110092
NRYGHWNKHL,6032.802752293578
SFPSLSKHAG,2001.7522935779816
PLNKAHREPKV,1173.3073394495414
GEKAARWNKAL,1571.7155963302753
WHRLWNLVAG,14821.045871559632
DLHASFAYDVS,10832.545871559632
SRPSPAQALS,1284.288990825688
LAPGVLSG,2701.935779816514
FYQSEEPSG,1521.5871559633028
DLAQDVFRNHS,3101.816513761468
EWQWEWLHDL,19369.577981651375
WWKVKFRWLS,15288.247706422018
GLSNKKG,1120.0091743119267
LLSPANDLG,3069.243119266055
NSDQPVASLG,1620.5550458715597
ASLYKEDG,1293.0871559633028
SDYKFREYKVG,2496.756880733945
QNHLWHGWVRPK,8467.339449541285
WPKKGPAG,1691.1009174311926
VADWGQASG,2236.045871559633
EQWNLSWGEYNA,7443.211009174312
RWLWPNLQNKA,7203.261467889908
YKWHGQQKDVA,1799.6697247706422
HLESLYWNKALS,6884.733944954129
YYAQDNHG,3323.137614678899
KQVEYSFRDVG,3551.362385321101
PGFYSEVSPKL,6265.325688073394
RYKKPHYDLG,2681.559633027523
GLKLQAL,3669.8990825688074
PPVFHPSG,2971.738532110092
WNPKQYFEYAS,10431.348623853211
KFYFYFEYHVA,20464.050458715596
KEHVVLQYKV,9744.30733944954
LKALHEDVALG,2145.4862385321103
EKFSEAYAG,1332.1697247706422
RDASEKLPGYSG,2300.761467889908
YLYWSRHGNVS,7155.302752293578
NGEFKQRDVLS,2621.169724770642
QQYFLEKHDSG,4366.077981651376
ERKRDLREYWNL,4876.885321100917
AWLNEDSG,2722.793577981651
GSYAFRPHDVG,4131.201834862385
VEPRFEPYWKD,6299.224770642202
QNFEALGHREND,3285.766055045872
HAREVSEQHDAL,1744.7660550458716
GDSLWASG,2875.330275229358
FRHFKVENDNV,2783.2201834862385
FEAPHRYDEPKS,2166.8256880733943
SPFWAFLSG,20956.42660550459
DAQEAPDVRPYN,2413.376146788991
ERFRHNASG,2254.912844036697
DPQHPKSG,1028.5825688073394
QFLERPDRYVL,16019.761467889908
DYLNQEALG,2315.435779816514
HSKSHDEWKHL,1924.4587155963302
QWWWNDRHDS,9663.114678899083
RHHVQYQNAS,3210.848623853211
PDYEGQFRPNKL,2670.7844036697247
QNESALEWN,2903.4174311926604
LNSNAKLSG,1501.394495412844
VNAQHPHG,2455.935779816514
YRLQVRKALS,5580.275229357798
SGVVENHVAS,1713.9724770642201
NSRRVAWHLS,8543.490825688074
NPHGHGHDVA,2063.6284403669724
QLHLHPVLSG,6696.642201834862
FELYHEKSENA,1921.3853211009175
EARDLEHVLFEH,4810.0504587155965
QDYYVFREYV,33456.49541284404
FPNPSGEREWH,3133.733944954128
GGFLPALSG,6004.4495412844035
FPRFSFPYNK,11602.09633027523
QHYWRDRKDVS,3130.105504587156
YKNNAGEPNS,1302.5091743119267
RNFSQHLQFYN,12626.977064220184
LAQRNFNKHVAS,3230.2752293577983
AVQNHYVSG,3232.9174311926604
KGQRGYHLKHDA,2014.1880733944954
EKGRYVNFPNLS,4120.504587155963
HHRYKPLSG,2665.330275229358
LDGERPSG,1637.7155963302753
LEQSDALG,1740.7981651376147
SKYNEDLSG,1403.0688073394494
AWLSKFKG,3931.683486238532
KDKESPKHVG,670.6788990825688
GFHDKLNDVLG,2739.3440366972477
HKWSVSG,2910.5183486238534
SHFWKWHVA,8371.440366972478
NSRFARHDVG,4079.5366972477063
RPKQEGREDVWS,2081.4862385321103
VQQSNHVALG,2164.605504587156
DVVRPKRWVL,7579.348623853211
LGKYSNVG,2391.587155963303
KQRDLQDVQEA,825.3440366972477
NAWEWQYHDLS,12924.779816513761
VWKGLPDALS,3397.733944954128
HQRVEPLFPWL,22973.550458715596
DLLHLYVG,16379.559633027522
RYREEDVRYAG,5719.674311926606
EKSHHSWDG,2078.045871559633
RAHAKVQYWNK,2212.6743119266057
LPLFQRSG,6174.412844036698
GFNRHGWKHD,4880.261467889908
YWEYPLGFNAL,14283.142201834862
ERYSFLPDG,7205.293577981652
EAWDAQYSGFPL,11680.642201834862
FWYSEDREWDV,9336.93119266055
QKPDEHRYAS,1521.0825688073394
LYHAYQYKG,4494.697247706422
ELAYRDSG,2523.940366972477
GNLPFDLG,6360.307339449541
ESGRSQRWPNS,2887.6605504587155
VEYNSWSEPHV,6240.426605504587
PSNWGQDG,2703.9954128440368
ELVLWGHDG,10393.977064220184
AWYASVLSG,10925.422018348623
KFLLYWG,17105.183486238533
DVHWQFDS,8291.045871559632
LRPFKAQFWHSG,9232.481651376147
RHRFQYHSG,5227.380733944954
FLYWYLSYNKG,2895.2477064220184
KKHSWRYDVG,2748.454128440367
NDEQKAFRKDG,1200.9128440366972
PARPRYLSKHG,3309.348623853211
RAHYAFDALS,7294.142201834862
WFVLDLSYKVA,25499.33486238532
AYVGFSNKAL,6586.54128440367
WYWNWSFRWG,20709.224770642202
YGNAFVAEKLS,4301.559633027523
YQAHVQDVG,2061.238532110092
KVQWGFNRYNH,9388.935779816513
YESSFVASG,4467.344036697248
NNKFWQPVAG,3645.8394495412845
LSPEWPWNDAL,5927.885321100917
DHQSQFNAS,1863.1100917431193
EKFSDAFPWNA,3447.8853211009173
NLYFPDEDALS,6190.715596330275
PRFRWLDG,11545.674311926605
RSRRLGRPWKA,3157.8990825688074
FWDWSGHVGFN,14926.362385321101
SWFHVESG,6452.09633027523
FYWKGSGHLWV,11042.151376146789
FGAFLRNG,6855.587155963302
HWAKGRSG,2180.8853211009173
EPQSREVYDG,1445.940366972477
AVFLPSG,8433.79357798165
WPGFGYLSG,17336.743119266055
WDHEWDYKVLS,12577.229357798165
LQVHDPHALS,2788.4311926605506
GSEAFRPNHVG,1876.7431192660551
FKVQNDNKSQNL,1490.165137614679
KQSWYHLS,4917.821100917431
PVNPDSYWL,12959.58256880734
WWSNRWLS,17379.65137614679
VKEDSYG,1157.2935779816514
ALGWAQRSGFKD,5419.605504587156
RHAHGEVSEWV,3312.087155963303
RNLNQRWGQFEG,6589.394495412844
RAKLGQLYVG,5972.334862385321
WNKEEKVQRHD,1669.5183486238532
LEYQYKVLAL,16911.23394495413
VAQENSPQPNDV,1267.5
SWDVHFEPNDVG,4337.247706422018
GDAYRAG,1955.9128440366972
QPVEHGQNEAG,950.5871559633027
HYQAKAG,1330.9724770642201
VEYVAKRYKDVS,3619.8440366972477
WRESNDALNKHL,5059.073394495413
WKKNALWG,4485.133027522936
DNHWNEPKHLG,2638.169724770642
RVDKWLSG,2569.6009174311926
GYSRYNFHAL,9871.821100917432
LQQHHSG,1807.9495412844037
WAELFAYDAG,14626.58256880734
PDEPANGREVG,1088.3165137614678
HAESKQRPWAG,2829.6605504587155
HHSYQYLSG,5676.077981651376
AGVSDSHLSG,1464.7568807339449
PSSDVQPSG,962.0183486238532
NFADSRKAG,1714.8302752293578
RLNVKDFEPN,1717.5
QNHAKVRKLSPH,1881.302752293578
DYSLQFYKVLS,16901.83486238532
RYVPYQPSNK,2888.1284403669724
EGGQPAAS,1076.7155963302753
LYVSSHSG,3942.4862385321103
PQRQGPWG,3747.6146788990827
SYWLNASYHVL,14312.371559633028
NQESQGEKG,703.5045871559633
DVGSNHDVGNVA,1458.866972477064
EHLSWPKPYNH,5128.385321100917
NHKGFNQPAS,1507.6100917431193
FVQDVSWKLFEN,7481.481651376147
LFHGSQFRSG,5294.137614678899
RKWAEGKHDG,1224.954128440367
HVLRKFHSPHVG,4426.628440366972
PLAWEPSG,3149.4587155963304
AGEAGNFVLS,3710.1100917431195
YKFYASARPKL,5467.224770642202
VGEPRNVPNKL,1284.01376146789
WESRADASG,2587.4954128440368
NSVVAFDL,12726.532110091743
RPRWRYLGQHS,7276.155963302752
WSNAVAFPYWKA,12238.30733944954
AQFGWHSGHAS,4228.068807339449
DSRRFNALS,3333.440366972477
VRWKLWGRPWS,12525.275229357798
KYQLFEYWALS,11413.339449541285
YKQDAWDQKD,1522.6880733944954
SFDDQNLSG,2374.7477064220184
YSWWRHAG,7847.48623853211
ANGNSVAG,959.7660550458716
HGHWWKDVG,4150.022935779816
NKVKAYVANHV,2445.532110091743
YPVDNSG,1569.1743119266055
VPDVNENALG,1199.302752293578
LNDFPLRPNDS,2771.52752293578
QEPVNLSNDLNK,1023.8073394495412
HGHNRPLSG,2401.8119266055046
HPNVSQYQKD,1307.5871559633028
PHQDHSWSG,2742.1146788990827
FHLWDWNAPWH,20908.88532110092
EVQNDDLPYWG,4775.339449541284
VAWNHNAPYWH,14363.045871559632
NHDFLFWLPYV,26764.17889908257
KHYEFREYDAS,3557.362385321101
DLAHYHASG,2901.087155963303
GSRHVDVALS,2854.1605504587155
GELHVYHG,5824.48623853211
YSANKFYNK,2542.4862385321103
LENSEFEPK,1245.2201834862385
EKEKNAGFREL,1168.3211009174313
PNWWREYNDAS,7856.45871559633
KEEHSEDASG,774.7522935779816
KPVDQKLG,893.6284403669724
RGEDPWFPYWL,29636.697247706423
KYFYNNALSG,4231.48623853211
WYNPHHDG,5620.880733944954
DSHYWADSG,3739.1559633027523
KDHYEYHVALS,4138.298165137615
PFVVEDLG,6925.247706422018
FHDNDQQFENDS,2245.8073394495414
HKGGKVALSG,1278.2431192660551
AFFKGHLG,4749.743119266055
PEKWHFWVL,18339.24770642202
FWKLQFYRHWKH,10973.477064220184
RYQGREGQFR,4469.568807339449
VVQWAELG,4746.0
FVEVKHDLWVS,13035.848623853211
HFSPAGNVS,2656.0366972477063
HYSQWELG,6447.981651376147
YQKLFPQFVAL,23694.853211009173
PRVNWDASG,3147.1146788990827
YPEHHDSG,1648.8440366972477
VHSKRYSG,2140.3715596330276
PRRPQPLG,2426.7477064220184
LEQWVKLG,7048.0
AYGWQKAG,3237.3990825688074
EDQDSEWNFWDS,4396.98623853211
VLGKPVRPDAS,1599.4311926605506
QHQGHAREHV,1546.5779816513761
KYGAWDVAG,2685.6880733944954
FQGQWPAG,5190.357798165138
HWYVKLSG,10512.174311926605
EQWVAWVEKHS,4774.59633027523
HKHSKRPNVS,1144.1146788990825
WFHWEYLSG,16604.738532110092
RPGNYALQRPK,3328.137614678899
VHRYAQAG,2794.2201834862385
PNHAYGQHNALG,3145.197247706422
KFDLGGFHALG,5579.220183486239
FNNADAEPDG,1555.6559633027523
GVAKHYSG,2220.9770642201834
SWGFANAG,5844.866972477064
YHWSHASKHALG,4508.206422018348
DVPKEYWFRYN,8513.756880733945
VAERRPNHDVL,2993.3256880733943
VEHSQNYWV,7695.770642201835
SRRLPHLSG,3951.9449541284403
EDGSPKDVRKAS,744.256880733945
HNRDLWG,5590.270642201835
EYSERYKNALS,2796.316513761468
YAEFFNHDVA,6482.44495412844
WQWNLSKRYKS,5749.298165137615
EHSSDVLFS,3225.178899082569
GWVDFPASG,6471.247706422018
LNHHEALG,2025.1146788990825
KQDKAKLS,610.0275229357799
DQLHPWSG,4510.697247706422
EPYKVWHLQPHE,4019.353211009174
FFGQHYSG,4972.6697247706425
EPSLSPAFYD,6933.09633027523
NFRNLLSQFRHD,9126.711009174312
WLLWWVALG,24525.811926605504
KQKDGQESRYK,986.0321100917431
RNGKWLFYWKVA,10351.834862385322
HSPVNHRWHS,4973.720183486239
NAPNSQRHEPYW,8194.119266055046
EKGNKSNVFEHV,1277.165137614679
FQSRHFNVLSG,7330.399082568807
EEANDNALSG,1047.0825688073394
VRAGQGQEHAL,1591.926605504587
SALHAWASG,4377.862385321101
GYHKSVSG,1963.605504587156
PREGGQYNKHS,1742.6284403669724
AFFPHSNS,4760.077981651376
HNRYGKALSG,2574.2752293577983
DKADNVLSG,857.1743119266055
YLDHQPSG,2956.8669724770643
VRKEYENSG,1311.2201834862385
WEVFYVWHV,32424.908256880735
SNRVHSG,2192.738532110092
GQHQKGRPYDL,3497.8669724770643
KVQFVELQKHL,6607.068807339449
QFEPNHEDKAR,1558.967889908257
SPYLVFRYWVG,41108.83027522936
RPVHKFWHG,6665.885321100917
FFLEVWALS,25757.353211009173
EAHVWKFHVG,6547.311926605505
HAWGVFEPYHL,24322.82110091743
HARFVGFRYNHG,10923.344036697248
HQANDVSGAS,1120.8853211009175
RAKKRPVALS,1014.0504587155963
SPWNGYSPNHL,8356.697247706423
ENRERNSGYWH,7663.98623853211
YARYVPQREH,3864.2201834862385
FDHWVPYNV,14318.633027522936
WRLQWFLG,25291.74770642202
DGVQWHVWKAS,6798.577981651376
RLAGKAREPYD,2674.032110091743
YWAALFPSVS,12119.954128440368
NVPDRQWHLSG,4308.155963302752
RSAKWDASG,1874.8440366972477
PLRAPYNHPHV,6434.642201834862
HESREAQENA,1010.4311926605504
WGHQRSKVG,2648.5825688073396
RLKSDRPNDSG,1265.5550458715597
RQQDEPSG,990.9495412844037
SFYWYGNKDLS,5064.683486238532
YQEKDPKAGEWH,1932.454128440367
YGAYPKASG,2630.0963302752293
KSVNQFASG,1914.9724770642201
EPFGKAGVLSG,2097.880733944954
QEELFPSEYL,4737.032110091744
DFNSQVYWLSG,15341.98623853211
HDVYALDSFNS,9680.954128440368
YEHVDREKL,2016.032110091743
VLRVWLFRVA,35981.46788990826
RYYWLWSEPLG,19364.07339449541
HKSYHPDAG,1692.5366972477063
SQSSWVASG,2175.8899082568805
YQDVYHWKG,6020.3899082568805
GPDHFWVL,12296.100917431193
VSNGQEAFPYA,3044.4495412844035
QRWVLYKGEHLN,9959.321100917432
PHHVAEEWNL,3857.9495412844035
PHNDLYYWKS,8761.348623853211
RPFVLSWVEPN,20649.889908256882
SPGLDLS,1989.467889908257
YDKPDLQYWNV,6735.091743119266
HVKGLGWKHVG,3240.3990825688074
RYGHVLSWDEYL,18605.610091743118
QVNSEKFNSG,1186.8623853211009
QARELGRWQREH,4228.857798165138
AKRERELG,779.0321100917431
KPKNEVS,656.9220183486239
KFYLFKANKHDL,7181.316513761468
AVSGWKRDVL,4036.7752293577983
KAEEFPWSG,2781.5183486238534
HVEGYHFRWV,17293.97247706422
FQKGFFPVG,9490.54128440367
SRLVPWHAG,8202.440366972478
ENLPDARPDVEN,1238.3761467889908
EWPFWHAGVL,15666.064220183487
EYYSENEWDA,4560.504587155963
FQSLPNKHAG,2102.651376146789
LAFWDKASG,4388.977064220184
DFVSWNPYWKH,12257.036697247706
YQPGRSRPDALG,2797.4036697247707
HYVFEASEVLS,9742.56880733945
RFAGFFEKSG,4866.266055045871
FWWWPKHSG,9423.133027522936
HNLWFNLSG,13698.133027522936
KRWVAENSPDLS,1891.3073394495414
SPHVVGQPNKA,1194.1284403669724
GYFDRESG,3204.876146788991
PRVPYRPWHVA,11609.678899082568
NPNLQVQRYVAG,4784.9908256880735
SFWPDYWKHL,15720.674311926605
YHAKAFRLRD,6127.027522935779
KKSWPYSG,2300.683486238532
SDQEDNVSG,1112.6880733944954
WKAQWKYKGWVL,10457.009174311926
VRSGGEDVALG,1702.7614678899083
HEANWLSG,4461.775229357798
FWQSSQFPNA,5855.229357798165
NQFWSFWNGEHG,11035.857798165138
YPDPQEDLS,1336.545871559633
KRQKFHDAG,995.9587155963303
DADNHSSG,992.5917431192661
VPAHRKSG,1041.926605504587
PGYQSPHG,2733.316513761468
ANSNLPWG,4168.325688073394
PDGLNQRYWNHD,6980.431192660551
EFVPNSEPWLG,5548.995412844037
FQLFGPWNKHD,9245.30733944954
SPRYDHSG,2288.5091743119265
FQSAQWALSG,5663.178899082569
VAHRFEWKHG,3630.3853211009173
SVAAVSG,1286.1284403669724
HHQRSDG,1491.559633027523
GALGVWDG,6412.279816513761
YANYRYLG,8494.243119266055
FLLRFVLS,29601.990825688074
WLQNENVNHL,6191.94495412844
LSWPSGPHDA,4930.802752293578
WRSVVLG,11608.380733944954
FVVGYGEHG,6010.935779816514
VSDANGFEYWH,8749.981651376147
WEQHGKVG,3112.137614678899
QSNLDEPYWS,5768.738532110092
EPASPGQDNDVA,945.5642201834862
YYHHAHLSG,4811.692660550459
KLSDYVAFEYS,15595.47247706422
YRSQYQHVSG,4446.01376146789
FGRFEDHLG,5356.798165137615
SENHVSRPPHVA,2608.261467889908
LPVSKGYKHDVL,2099.440366972477
PSDKQPSG,855.6926605504588
LFFDSFVG,11768.032110091743
AKSYPYG,3345.394495412844
GGQAQWNVG,2620.1605504587155
KSHDAPQEYA,1192.591743119266
RFAHFNSG,5220.706422018348
GFFQASG,5327.256880733945
PKRLQDSYDV,1983.9724770642201
YEKKLHDL,2290.6330275229357
QFYENHAYHVFK,9114.665137614678
WYRELKG,4330.752293577982
LEVYELG,8825.62385321101
ANVVNHALSG,2060.3394495412845
YPRWLPDVS,6775.628440366972
PHPAWARYNVA,5888.844036697248
PGLGFKDPWDG,6517.0091743119265
SWLFFNLG,16536.48623853211
VHRERVSG,1648.3623853211009
VWFHQKSG,4228.307339449541
FASKVRFKSG,2856.137614678899
YFHHYNVG,5042.954128440367
HRHNANASG,1624.7568807339449
FQDEQEALSG,1626.3165137614678
EENFESRYWKA,3421.321100917431
YNWEFRVLS,27490.591743119265
WKYHEPEPALS,3083.233944954128
DPNSNKVFEYWK,2478.211009174312
PKNRLWHDVAS,2647.6651376146788
LNAKDYHALSG,2307.9174311926604
YVLVAWLFRWLG,20057.155963302754
DDFHWHSG,4277.697247706422
FLGGRFPNG,5158.059633027523
HFSKFKSG,2251.2477064220184
YQGYRHALS,5876.779816513761
RYQFKDGFVLRY,28602.30733944954
LHASHVRNALSG,3164.793577981651
PWPVDAFEPS,4688.931192660551
DHGQEVYHDL,3100.5229357798166
DVGKWKHGFL,6039.146788990825
KFSVYKVG,5701.105504587156
NDKYKHFRNDL,2317.4174311926604
DPEPKAPG,585.1376146788991
DYYSQRDVSG,2408.733944954128
NDWFVWNKHDA,6314.600917431193
YVLNLYRNKVA,8020.894495412844
DPNVFSEPSG,1875.619266055046
PWLFWLASFYK,17933.522935779816
GKPHEYKHDA,1213.6238532110092
DNFDKSG,992.9174311926605
WPELQWSG,7483.5504587155965
FRPLKDFNHYHA,6120.935779816514
RNVENQFAWDV,9087.504587155963
PKLDHLFRHS,3649.0
FEWPQFDRPVS,6861.155963302752
QLFWRVFPWKV,20869.738532110092
WARYSHAFRP,10268.747706422018
PHFQFASDLSG,7132.224770642202
SYQSASG,1561.9954128440368
QLWDFKSEAL,4142.201834862385
LSPQPHSHASG,1527.3990825688074
DHDEVPHVLSG,1663.5963302752293
LFNAFYSFWV,12544.302752293577
KHAFASQKDHVA,1305.288990825688
AQQPPSG,753.6376146788991
ELVQLQYNKHDS,2859.2522935779816
PVELRDQREP,1692.9220183486239
HYVALEFYD,38006.19724770642
YNLRLFDPLG,12968.51376146789
RFEEWFPNKHA,5471.600917431193
QFNDKFERKHDL,1831.2339449541284
DGHSVLPVAL,4154.073394495413
EVAPHDKHFHVA,1682.3761467889908
LQPWVPAPDAL,3910.4908256880735
RPVHRKAGPDV,1348.2431192660551
HRSREYRENKL,1904.7477064220184
SAYKVQWS,4124.711009174312
NESRSFAL,5075.660550458716
NDLVYWHVWHV,20369.536697247706
NQDEDQPSG,987.8761467889908
LFLFSFALS,13339.119266055046
NRWAENDEHAL,2515.8990825688074
QPKWWSEPYAL,13628.47247706422
LWPLALSG,10330.48623853211
ELGHKHVNLSG,1542.3119266055046
PVQEWGSPNKLS,2578.288990825688
RNLQESKLSHL,3688.5091743119265
FRNAQFHWNHLF,19042.119266055044
WHKWSNASG,3251.6651376146788
NNFDAKALS,1598.4036697247707
YRFPFEVALSG,13384.032110091743
ALFLVLEHV,39046.48623853211
LELRGRLG,5273.192660550459
LQSFLEDVALG,5547.51376146789
GRESKAQEPVL,1086.0183486238532
QGFQQWVASG,4244.09633027523
FRRYRNKLGEWA,4993.357798165138
NDKLKHVPKVG,1077.7614678899083
EVSHVQHALFYH,12786.660550458715
YHDKNHARWS,3659.9495412844035
PAPGKASNHS,889.2935779816514
RADPGRKHVA,1276.8623853211009
GKFYVEASG,4151.866972477064
WAQPGQFRYAQF,22506.330275229357
RHLEVPWSNAL,11574.467889908257
NFQLHALS,7640.738532110092
GKPYFDSG,2996.5550458715597
FSSDVHSG,2037.2752293577983
WGHNPHVALG,6817.752293577982
QANNVEWNK,1484.2385321100917
FFVGNGNDVAL,5285.394495412844
FRSSFRYAWVSG,12358.48623853211
HVWSFKFNASG,10366.600917431193
GHDVRYGRWAL,9971.665137614678
PVVDPKVSG,1232.834862385321
GFLYSEKHD,4827.229357798165
HHGRPPKHAG,1634.0091743119267
SFGGWNDVAL,7227.600917431193
PSVDPHAG,1445.605504587156
DNNLYVALSG,7867.243119266055
NLYLHLSPDVSG,10134.779816513761
LGKDDGFWALSG,5283.440366972477
KRESLYNDVA,1892.697247706422
RGVEFYVG,15215.467889908257
DYYNQDVASG,2556.935779816514
GWNFLRDG,10188.463302752294
GKVRWREHDALS,3172.261467889908
QWRVQPVWHDV,14321.12385321101
HSPDLQWGKS,2565.4266055045873
WVVDFYDALG,21081.5871559633
DVDPNGWNKASG,1412.9770642201836
WGKYVAEASG,2402.8990825688074
WYQYLNVG,9226.770642201835
PPDANAYDVLG,1998.454128440367
EWPWKDPFPNS,4718.697247706422
HVKWASPYNS,4444.0091743119265
QPFQASFHG,7740.614678899083
FQELAGRPYHDV,8312.344036697248
VLYEEWKDVAL,5580.160550458716
HWQDVVLG,6832.119266055046
YSLHSYVASG,4934.518348623853
EVLWDWSFELS,20289.811926605504
NRFDEPSG,2300.862385321101
AHGRRKSG,943.5321100917431
FNADDFWDVAG,5809.738532110092
KPNSHAEWKHDS,1292.7981651376147
AFRYVYRWKAL,15118.344036697248
WWPPDSG,7589.417431192661
QQPGLSEWNKV,1604.605504587156
DQWVDALWNKD,4984.0
KNLSPFNKLG,2709.4862385321103
QYELSYSFDG,10131.866972477064
HYHFWQPWVA,19599.064220183485
YPFPKESG,1937.5366972477063
HWNSHKHVL,4464.183486238532
VQELEDPKVAS,962.6743119266055
EPDNQDGHDAG,1165.165137614679
FGEEPAQEWNHV,3622.151376146789
EWKNKGNEKHDS,991.4311926605504
FFHSPYEYWHA,14704.894495412844
HWAWENAG,5716.857798165138
DGWQLNKSG,2488.545871559633
GPYQWQFYKDL,13371.211009174312
RDDKFPDLSG,1706.7798165137615
HYDWVVASG,7793.564220183486
PRQNQPASG,1746.8302752293578
KHWFLRYKDVS,6173.270642201835
KSGRNLHSGNAG,1732.2522935779816
NNRWRHLSG,6297.926605504587
VYESEHALSG,2092.4816513761466
LRGWPKAG,4200.123853211009
WWNKPAFYWLSG,21958.963302752294
KLSEREPEYG,1764.366972477064
SALHQDALS,2015.1467889908256
WKQPHSQRYFES,5663.288990825688
WNDPRYNSWNV,11308.633027522936
HASRDQFVFVAG,27019.697247706423
YEAQQRNVA,2846.1146788990827
WEDDDSG,3902.802752293578
YVGKRYKWAG,4109.082568807339
YYSNSQKVA,2148.197247706422
HGWEDVPNKL,2750.298165137615
FHNPRPHLG,5799.724770642202
SQSWVDVLG,5403.866972477064
YHLFVANHLFRK,11502.788990825688
DYPAHAG,2201.408256880734
YLAGDAWKHVS,4665.577981651376
HSDNWVG,3468.9174311926604
GLSAPDSG,1276.7385321100917
RYVSPQRAVAG,2580.967889908257
DVYGLGEPDVLG,3304.288990825688
RYNVKWNKFLS,6490.133027522936
EFKKWNKHDV,1735.711009174312
SYYHHDSG,3540.1926605504586
VLSLYWVEDSG,18635.77981651376
LNVNFKALG,5848.435779816514
VWLPRNKG,3800.197247706422
RGYGFQDLG,7091.05504587156
VLGSGQWEHVA,4000.02752293578
PAVDWAG,3085.729357798165
HKSHRNG,1367.532110091743
EDKYWHRPNL,3330.0963302752293
KYFYPWHVSG,8649.279816513761
RHLFVWLFPW,36771.15137614679
EQDWKPWNKDS,1649.133027522936
NSRRWFYWNH,12684.853211009175
GAWLELSG,5890.128440366972
KGNHFYLPYAS,9945.775229357798
NGAYREWNKAG,2916.2844036697247
NHFDFYAGQHD,7830.573394495413
RLNHRPYKYWG,9484.481651376147
LYAFGNSG,4678.518348623853
WLFGHGQNHS,6024.779816513761
WFGESNKG,2637.9311926605506
FLGALNKGPYWA,11118.183486238531
FDPPQWLG,6822.922018348624
DRQDFRHA,2154.266055045872
PAKDASLRKDAS,839.3348623853211
PGRDYSYDALG,5029.678899082569
RVWEQFYWKVAS,14102.12385321101
NWYWSRELG,13433.087155963303
DPGWYLG,8284.059633027522
PQPDWKGYASG,2355.7247706422017
RGFNPDWKSG,3603.064220183486
RNRDSKDGPHV,1435.5
AASWLASG,4738.729357798165
AWSHHDG,3724.8440366972477
VKQNGEASG,884.440366972477
PREWDPSGEAS,1893.3211009174313
KQVSVQPAS,932.5
DKGNRNVLS,1322.9633027522937
HGNSNSQPYNVS,2581.229357798165
KPKNLPWNKVAG,1252.7293577981652
YHRSRQPYG,5653.032110091744
YYWWFVLSG,14985.316513761469
WDVKREWSDAG,3581.5733944954127
NSFNEYRNKDV,2813.733944954128
EKRQYVFREYDG,6211.027522935779
SERKEWG,1919.1238532110092
AFRPRHQPA,2207.793577981651
KYQPWDDLG,5061.334862385321
LSPPSEWKSG,1729.4633027522937
DAYNQDEKSG,923.6467889908257
QKRFENQHG,1760.3302752293578
DVLRERDGRPW,10136.95871559633
QQSNSFG,2211.733944954128
DWALKLFYHS,17486.701834862386
WRDWDPSG,7928.151376146789
YPKKHRKSG,921.2522935779816
LEALFHRVAL,16887.56880733945
YWHYGQWLFNAS,13473.47247706422
QEFLNKGNDL,1811.573394495413
EVEQSENDVS,838.802752293578
PKNFHVANHLS,3115.7752293577983
RAVPLGHDS,2116.123853211009
VDAALDG,1600.0688073394494
SNDWNPKHDA,1874.4770642201836
RAENKSPGPVAL,1695.665137614679
AEYVGPFRND,5591.371559633028
DFNNDNSG,1969.5871559633028
KFFGQWG,6428.504587155963
VYVNLDLG,14434.366972477064
RQYVNSQEKS,1411.6605504587155
PVLGHLNGQSG,2670.935779816514
LGSRGQAG,1912.1284403669724
WHDAAGQWSFP,14204.853211009175
EDWSNDQPNDA,2267.087155963303
VFSKQFDVS,4274.481651376147
SHAYLDLG,6213.876146788991
EGHARLEKSG,1146.9174311926606
GVRNFRYWKHA,6219.344036697248
QLYFVSHDVSG,19798.729357798165
FNGDLLWKHG,5717.848623853211
HAKKWVG,1880.4724770642201
NFWGHENKSG,2560.454128440367
RQAYGPVLS,5395.454128440367
PQQLWKHLSG,3463.1009174311926
KVHAWHQWKHS,4019.733944954128
LAQVLKASG,2713.5412844036696
LSFDGQEDALRK,1865.2706422018348
LRVHGPKVG,2587.894495412844
YPEPGELG,1445.0825688073394
REERYWYDG,8354.577981651377
LPRHELG,1824.6376146788991
DNHNSNAL,1433.908256880734
WNVLWDRGRPNA,8913.490825688074
WGKHFHREYN,6994.211009174312
NSVDYHDSG,2184.2201834862385
NKREEWSGVG,1886.0366972477063
YSRYEPNSPNKV,2602.9908256880735
WPYYHSQPNS,8912.61009174312
FNRLRYKYWNLS,10119.935779816513
QDRKDGFLNVLS,5070.784403669725
PPPYFYG,16233.90366972477
DGFVHFRKHDL,7659.5
GDPLNHD,1859.454128440367
NKVHHVASWVLS,9095.646788990825
YWFPEWSFRKV,18607.866972477063
QRPAKQFANKL,1910.6834862385322
GRNGVWNDAL,4202.935779816514
PDPPSPWNHLG,3104.362385321101
GFQVFPDALS,11049.509174311926
LYQHSWVG,7962.715596330275
VAFVRPLSQALG,10414.58256880734
QRSNVYAEKG,1714.954128440367
PPGQYFKAG,2797.3990825688074
KASHWHDHVAG,2481.454128440367
QPPAAGQPKA,850.0733944954128
NSEFAGPWKVS,4665.793577981652
FRFNLGYDYWK,11294.866972477064
YYLPVRLSG,10257.114678899083
GWFVQSG,10135.642201834862
NNWVANG,3274.6100917431195
KFRHQNRNHG,2290.02752293578
RLKDALHPYNDA,3209.238532110092
HFNVYVAPVAS,16184.284403669724
FSQRLPQPHD,3718.270642201835
NVVRGFKHDLG,4391.706422018348
NVLRVLGPHQEK,3100.4495412844035
YKNEQPNAS,1209.7018348623853
WAKAPHNAG,2391.9770642201834
EYGVWVQWHDG,13228.174311926605
FYYLSHQRNHD,4409.628440366972
YKEAYKYNDG,2552.211009174312
NDFWYFREPNL,16883.123853211007
DPLREHQAL,1855.3623853211009
DWWANSG,5517.834862385321
LWHWLQRYNKHD,7768.651376146789
PFYAHYWNASG,11624.665137614678
QVFDGQLWKDV,5008.6100917431195
DVFESGPHQKDS,1521.165137614679
NANWWKHSG,4078.1651376146788
FRLKAPHFYDA,8522.215596330276
EKNEDAEPKD,625.6100917431193
QPQHVEKSYNVG,1821.7431192660551
WFSPFYVAS,15775.91743119266
RGLHDFDVS,3755.9449541284403
KKWHNALSG,1681.633027522936
ALPGVSFYNHA,6085.394495412844
DFESALFEPDL,5896.518348623853
QQEQVWNKDL,1691.6284403669724
YKGWFDLHVG,10117.04128440367
KVAFVGAGPKG,2471.7477064220184
VGWAYNLFVAL,31873.05504587156
ADRYFSG,5193.256880733945
PKSKFENDPYWS,3474.4862385321103
DPNGGFLG,2489.8990825688074
RPYLWWNKENKD,4019.701834862385
NSANGNDVALG,1429.1788990825687
KFGVNKSG,1173.2155963302753
ASSDSDASG,788.7477064220184
KDLGPSPVLPK,1053.4311926605506
APNLRLKVLS,5141.885321100917
YVALLSGPSEPA,5391.697247706422
REVKLEYDVSRD,3502.5412844036696
DSADPLSG,933.8807339449542
LWAYKPHLSG,6016.871559633028
PGLWGQKLG,3522.091743119266
QVGWSLGQFREA,5301.215596330275
EWGVPKGRHDG,2138.0550458715597
FVGFGLRPKA,5279.908256880734
QDKWYNVG,2538.8256880733943
LRDLRAQEWK,2723.0825688073396
SPWVHGRNS,3378.5412844036696
RAVRPGWVS,6125.467889908256
QLSRSFPVKVL,10194.798165137614
WGEKPNHFPS,5479.9908256880735
SQQKDRHDL,1059.3899082568807
LSLRKRYWNA,4985.321100917431
EKKHGFGEHV,1249.2614678899083
EAQEPKKSQKV,699.0
FVQQVSWNDSG,3249.211009174312
QDSQHSQNSEPK,699.651376146789
VSRADLSYHAL,5017.408256880734
RESRRWNPDAG,2162.967889908257
EGNFQRWNKHD,2258.6009174311926
EQHWWVALG,8504.11009174312
HGPHVEVYNH,3305.1422018348626
DHQNVRHDLS,1703.5642201834862
LSFYPKGFPYS,10514.747706422018
ANDGFSGYNAS,2628.9770642201834
GAWNQFRPNHAS,3027.0
QNPRHSWND,2360.7752293577983
SFWHKRKVALG,3978.683486238532
AAFAFPYWHAG,11532.894495412844
PPVRNNAG,1228.3256880733945
FQRQSRWKHVL,5575.54128440367
HRRYGFNVA,5355.0091743119265
RPHVPASFVQF,10781.628440366972
QKPEPNSFDASG,860.2064220183486
PVWYLGYNKHAG,8899.587155963303
VQWSALGQHSG,2853.706422018349
FHSKYHDASFYV,10829.90366972477
QRNPLQEDWHD,2843.3577981651374
EHQNQPLFRAG,3111.380733944954
DEQKWHAG,1317.3623853211009
VNRDGELSG,1148.0688073394494
ADWADLG,3210.669724770642
RFVFGFWKHDSG,9829.573394495414
PRVLDSKHVLG,2870.848623853211
RGQDPVGHS,1353.8532110091744
QAELPFRYKHV,5676.247706422018
FWEKPHAQEKG,1509.059633027523
KYLGEEWNHDS,2192.412844036697
YHVVQFERVG,13641.288990825688
PRSPQDLS,1483.8715596330276
RYHDAWVPAWKA,8584.412844036697
YHGYKLAEWV,7656.967889908256
PVNVHGEPHDL,2444.2201834862385
REVDEWKVRWHL,6066.298165137615
WHSEPPWLSWV,28756.75229357798
HLVFVGPHAS,20296.84862385321
HNKGARNHDVG,1362.6376146788991
RAHLFKRNKHL,2467.954128440367
SEQYGPSG,1809.2935779816514
DLHDFPQPYNV,6355.940366972477
SYGYWENDAS,4817.5
HDVHLSHQEHS,1781.9954128440368
QQLSHQNHDVAS,1479.0963302752293
HWRPVREASG,2533.7247706422017
AGQRGFYKPYAS,5605.5
QDVPSREDAFNV,1496.6605504587155
PLHKNHDVALG,1988.2706422018348
RYWYGHSEPG,6153.188073394495
AKAYWFWSG,11743.224770642202
PGDGKVSQKVG,1311.5963302752293
VHFPVLHG,7694.655963302752
GVGEQDSG,1109.8990825688074
NQALNWDG,4283.692660550459
HQYKPVGHAS,1817.8119266055046
PSGRRWAPHVS,5464.908256880734
QDGDESFRHDVL,2509.454128440367
FYAGDVQKGFK,2633.408256880734
PQVFGFLSG,18110.688073394496
GFYNPQWVLSG,14832.747706422018
YPKKFHASG,1716.802752293578
GRPARLSWNKDA,2261.0045871559632
AHLVKLG,3257.9587155963304
HSYKDNHWKHDA,1985.3715596330276
QKAAKDVAEVS,606.4128440366973
QYVKGFARWA,9889.215596330276
VDEAQHDALG,1403.8119266055046
AGYKDLALEYA,4621.642201834862
GQPHFRENFRK,2916.454128440367
FPDLNRYPDVS,6133.128440366972
KFAGDRVLG,2310.4954128440368
SGLSKHQKAG,1045.366972477064
HEPQSQPYND,2052.6743119266057
PHNRVAQPYWD,11778.825688073395
DQAQLSNKHSG,1039.6100917431193
HGGESRAS,1057.7798165137615
GFVALNQYDSG,8567.41743119266
DPPSWVSG,2263.059633027523
NHNFNALVAL,13763.48623853211
EDPQKGFRPH,1581.3302752293578
ERQPSWLG,4110.646788990825
WFHYYHLG,8643.380733944954
KAAHEYLG,1785.848623853211
AGGYGFPKHAS,3057.912844036697
RWHQRWFHDFYG,20084.903669724772
EFGSRPSG,2190.4587155963304
FPKEYGRVLPH,6600.5091743119265
EWRSSFWKVS,8841.802752293577
YGLHDWSG,7642.114678899083
HDSLPWNHWDLG,11069.435779816513
PWEGREHLYK,7462.408256880734
RGGDPWKHDG,2228.6743119266057
WVAAKALRKHG,3456.091743119266
DPDEPHRELS,1050.01376146789
WNWVHQEHDL,7089.715596330275
ERHVFVHASG,5918.568807339449
RLSYSWVEYWA,27773.83486238532
RHQRYENLSNV,4148.834862385321
ESDPWFEWKL,7094.720183486239
YGVKNVASG,2196.862385321101
YGEDDQYDG,3624.9633027522937
NLGNSNDFAL,4621.188073394495
HWYPVLSG,11009.128440366972
WVYELQENKLSG,6001.788990825688
AAPKGRS,880.8715596330276
AVFRHDKALSG,2531.0045871559632
VQWWDLRWDVA,19769.5871559633
DFPNHWFHLS,14787.743119266055
FGFGYHLQPWH,20132.243119266055
RAYYKGPYVS,7494.766055045871
WPFRLDAG,12077.243119266055
DRHKKALSG,898.6238532110092
HSAVQHALS,2160.1743119266057
WAWFAEPWNDS,17179.77981651376
VNDWRVAG,4460.3899082568805
FKWWQPWNKG,6611.220183486239
NSLAEWAG,3261.3669724770643
SQRVAPDLGKLS,1924.1422018348624
QFWHKARNENL,3584.5412844036696
HGLHENASG,1797.091743119266
YKWHQFFRYH,12878.151376146789
DRKANKHLPYNH,2637.119266055046
WFHYDREWLS,18308.894495412846
NKSLVLFPYVL,29167.857798165136
PVYNHGGENLS,2440.8669724770643
SGVPVPWNDALS,3894.059633027523
RVRKEVSFYKVG,5304.091743119266
FPVVEHRWNKDG,3890.0963302752293
QYHQPDWFEWNL,14974.188073394496
FGRVQWPYDAS,11539.004587155963
QYRWGPHAGASG,4847.3899082568805
AYFYWKRG,8026.077981651376
VFDHHASG,2788.1100917431195
HYNPKRPLSG,2783.637614678899
NKRKQFNVYWDA,6321.353211009175
QNHPQENGKD,864.683486238532
NWEEKSG,1346.8119266055046
DLDGSHLG,2238.3440366972477
VNEVAALSG,1471.9128440366972
SHVQVENSG,1481.7981651376147
QPLGFLFHWNS,22204.756880733945
YFEWQDGQWNAS,7876.559633027523
GDVVPKG,978.3853211009174
DEDKYKLSG,1108.1926605504586
FNYPGRYWDS,13292.477064220184
VDSPKGRPAS,1436.5779816513761
RPLLWDSQPDS,5504.481651376147
NQANSFVL,5233.293577981652
DKDGQERWKDS,943.2064220183486
ASYRDAFREWNK,3885.9449541284403
KHSHNDSQDAG,879.8807339449542
HANAEHDQWNG,2443.8256880733943
QHPKQYWRWV,10045.137614678899
RVNKEKFYNLG,2530.3899082568805
KGLKSRSG,798.3348623853211
KKLDEWLS,1636.6559633027523
VPQWWSG,7834.633027522936
YKRPSREVFW,7605.123853211009
AFSPWAWVAG,15666.036697247706
YDWKKRPWNAL,6382.261467889908
EYQEAQNKFYHL,5824.284403669725
AWKAEQDAG,1126.7568807339449
KFGRNGYG,3770.435779816514
FRGPHLRYWAYK,12270.95871559633
HLYEDGQENK,1611.7385321100917
PYDLPEYKHLYL,12463.711009174312
ALVGRHNKVG,2613.706422018349
VWDSWKVSPYAS,10211.857798165138
HFVGGFVLS,35022.28899082569
KVPDHAQFVSG,2107.4587155963304
RHPPQRLSG,2305.2522935779816
SLRDEDALSG,1605.3394495412845
PSKYWVARNHD,4373.577981651376
WYHAQLQLG,9960.761467889908
QVDPDGQEYAG,1532.6605504587155
VPENAQHAG,1254.7064220183486
EGWSRNGHLSG,3819.7844036697247
KRRYFWG,5652.954128440367
DNLPHFVLS,13056.637614678899
EFFEDLSVAS,3893.169724770642
KDWGGEVSG,1514.6743119266055
FHPGKHDHVG,1749.0045871559632
GRSYWHKLSG,4474.435779816514
QGWDLNSHASG,3500.288990825688
YRGDSFHSG,4205.633027522936
ALPALDQYNA,2679.467889908257
VLNWGPKG,3509.5733944954127
WHSSNKAWKS,3227.922018348624
KPYNRDVRWNK,2403.8577981651374
GDYGWLG,7340.51376146789
YHYPKHQRNSG,2576.7752293577983
FQRFWLSLG,21132.39908256881
DGEGEYKQKDS,918.7522935779816
SPHNGPDVL,2018.0825688073394
YDRYHGGRYNG,5347.59633027523
GWLPKVWSG,11040.43119266055
WNVPLQPRYKHV,8689.100917431193
AFFGFEDALG,11948.504587155963
WDSPWGYVGYHV,26754.376146788993
KDFGPDLQG,2081.6330275229357
RRNFHGRNKHL,3066.1651376146788
VSSQLQKAG,1623.5183486238532
GYFQRHAS,5065.481651376147
QDDPSWDLS,2508.178899082569
AGQSYWPNHLS,6949.394495412844
NDFAQEPKPKD,1079.2568807339449
QYHPLSPQRWVG,9610.325688073395
DSQDLDKVLSG,1173.119266055046
GSQFPNGS,1795.3394495412845
DLKWFNDALS,5269.128440366972
SQAVENASG,1143.98623853211
GAGESKAG,696.3302752293578
QRFQQFRDLG,6653.8899082568805
HFWSYHREVA,8244.56880733945
PHKVVLEND,1897.366972477064
FKVQWDESEHA,2453.330275229358
DEHEWSNG,2476.261467889908
KVFLPNLYLS,18957.97247706422
SGKFYPHVAL,8140.766055045871
NAAYVQDSG,2267.6422018348626
QKFKVQPLVAG,2373.8990825688074
WPYRWQREWDS,15090.385321100917
PNNSRHVPWNH,5188.426605504587
DWFWWKG,11017.449541284404
RPFLPSGKAL,5469.784403669725
RDFGPKLDVG,2814.440366972477
AVGHSPDLG,1805.605504587156
NWDEDFPYWH,15003.045871559632
WHSLVLQFAL,46633.59633027523
LSVFRFRPNHLS,12332.408256880733
SNQVQWNKHAS,2015.8990825688074
RWQNPYHSKDA,3988.288990825688
RQPYWGQKHEYV,5118.59633027523
YSRAAFPYKDS,4364.899082568807
EQYHFLSFNKDL,11262.61009174312
GDRNHPAG,1576.0642201834862
EQAFPNWKHL,3752.353211009174
SQEKHEAEYNKA,962.1605504587156
VLPFYAQSG,7084.325688073394
QYHGWGFKPNS,5798.674311926606
VEEQVLG,1448.9036697247707
EWNSKGQPKRPY,3250.6009174311926
FVVHWHDVA,9468.229357798165
YGSGSQFAL,6270.724770642202
WRAQYSHDVLS,9403.853211009175
QSQEENVSWDVG,2109.2201834862385
SEQYHQLS,2807.9770642201834
NDGVQNKEVS,955.8302752293578
SEAVVAG,1428.2385321100917
QNLEQHDPHSG,1757.302752293578
ERAAHVLSG,1710.8302752293578
YKVQGEVFRWL,16003.720183486239
LKVKLVLS,18185.34862385321
DFGGYWKHDALG,4818.633027522936
RYPGYVQFEPL,14085.59633027523
VQDEKQRENAS,874.2706422018349
FGRPHLWDVSRY,16833.10091743119
QFAAARPYWVLS,22784.756880733945
RHADHDGQFR,3814.5733944954127
APYYAYDVLG,12052.41743119266
NAVARAFKALS,4249.146788990825
YRLKQRVAL,4507.775229357798
NWPAPHLSG,5559.866972477064
YWFYEPSWHAS,11785.665137614678
LSQLAGYWNKG,4462.495412844037
QYYPAQFPKAL,8086.435779816514
YLNSGPQFAL,10120.279816513761
GLGYFLSG,11180.715596330276
LQLAGEDLG,2067.894495412844
EQGADVLSG,1011.5091743119266
YLYELFKHVG,5631.646788990825
DHWNFPKS,2763.353211009174
HSDVPYHDGWNA,5444.477064220184
SNVARWLSFEY,25611.610091743118
WDKKNHSG,1587.51376146789
DWAEVRNDVL,3387.7522935779816
GHGGYALS,3750.619266055046
DLQLFPVQDVG,5112.307339449541
LPWLALYNKHSG,8985.724770642202
LGSLSPVSG,2092.6146788990827
DGSQFYLNHDG,6414.270642201835
QRVEKARARNHA,1392.9128440366972
HFFADASG,4971.880733944954
HVGYFRVSENG,6987.564220183486
PSDQGEVSG,943.6788990825688
FADSKSQPHV,1891.1146788990825
NYSVAHLG,3831.064220183486
DSKGFRNQYVL,4679.004587155963
PWADQELQNKA,1506.0229357798164
LDSNWKSG,1578.3165137614678
RQDEFYLG,4772.380733944954
FYSYSPYHQHS,3894.5
FGDANVQEYNA,2406.2752293577983
NYSGNPNSG,1729.0550458715597
APGRAQRALS,1827.6926605504586
APSYAEKVALG,1300.9174311926606
DVEYFRNLGYG,13462.073394495414
FYDFNGFGFRWN,13559.711009174312
NRSVLRPSG,2629.908256880734
NLNRLPDG,3046.123853211009
YWFRLFPWHGQK,8305.215596330276
HSNVFVSFAL,40674.8623853211
HGKNFDAL,2293.3256880733943
ERWDVDWNKA,3153.0688073394494
PYAGLEYNQFKL,11103.839449541285
QHYLWNDQNVL,7275.206422018348
FRAEEYNVYNS,7785.862385321101
EGLHQDVALSG,1361.4954128440368
VKRHYWSG,4359.871559633028
QKQNFAPNKAS,1036.8440366972477
WPHQARVALS,5101.4495412844035
RRQLNKSG,1094.6926605504586
WPKDKGENHVL,1454.5
ERQWENSG,1369.5091743119267
SQNLRFWHSG,7292.651376146789
WRNKAWKFNV,5045.027522935779
NVHEFWLSG,7673.137614678899
RQSLSELSG,1108.1834862385322
RYVAREQVSGEA,1455.573394495413
NHLGWSFVSGND,7828.619266055046
DGLGENYNKAS,1048.894495412844
LGWFQKHLG,6999.155963302752
FPSHQEPYGVSG,2997.1743119266057
PQEHSQYAPYNA,3612.330275229358
GKVGKLFVL,11922.834862385322
KDPWSVEYWKG,4007.0504587155965
DNVKQKALSG,735.683486238532
SEGQGRESG,777.1605504587156
NSWQRHRVLG,5734.247706422018
GHNAEALG,1417.6009174311926
FHRPASRVPWKA,3875.729357798165
KGQVYVFYWKA,19492.798165137614
QEFQNDGPYNG,2727.8256880733943
SKQGNHVLS,1377.6788990825687
KNSPWYNSG,3284.922018348624
EVYKNFEHVG,2185.0045871559632
WAEPDALNDVHV,3848.9908256880735
YGYLGPQRHVL,9976.37614678899
YWHDVDQPDEKS,1680.7385321100917
LNSWNADS,2329.761467889908
KKGAVALG,977.4357798165138
KNGNLRVLS,2608.0366972477063
FQLYQHLG,8568.912844036697
KDNGRWSGASG,2044.4449541284403
RRDAHGDASG,1207.105504587156
DSWPKVQRNDV,1876.4724770642201
VGWEWNKEVG,2656.6100917431195
VRERFPKASG,1680.7935779816514
DDRLDVG,1571.4587155963302
DWVHVRVLSG,16395.449541284404
WKGKNGYKHLS,1992.2522935779816
AKEPQNG,783.7981651376147
VWSAKALS,3290.5137614678897
VLLKEKVALG,2711.3440366972477
HEYRESPWKHS,3111.353211009174
LHESPDASG,1475.1238532110092
GHFYYVLSG,20566.256880733945
NVFLYNEPL,21419.325688073393
YPFWSWASG,15121.990825688074
NRAHEHALG,2191.52752293578
PDDRDLEPWHDG,3759.4908256880735
QEHWLSFAEVS,9684.577981651377
HPWHPQFYNKHG,6792.963302752293
QKHRDGPAGQPH,1861.2018348623853
WFERHQNHD,5403.045871559633
NHLSPDFQWD,6802.504587155963
EWPAALQFDS,5907.587155963302
SFYDFSRKDVG,3868.0183486238534
YWRVDSREKHS,2854.4495412844035
LGYSARDVS,3019.7752293577983
KRSWRVSG,2214.256880733945
PFLPYNHWAS,15638.137614678899
YKSKHVQRWDRE,3012.6880733944954
FDPFHGQYVAL,15100.077981651377
EAPPLSQYNS,1703.7431192660551
YWLEDEVGQDS,3307.8394495412845
KFDQPKDQVAS,936.5137614678899
HQVHHAG,1998.467889908257
RENASYHASPV,2135.3899082568805
FYPDALLPWDS,11393.591743119267
VEPRHFKVAS,2773.1605504587155
QPYGENNKVPYN,3708.5550458715597
VALYDGQGNDV,2605.637614678899
VKPYADSG,1555.9449541284403
RWNYEPNAFPH,9466.93119266055
NNRSPDSG,1326.2568807339449
WPQHGYSG,5833.532110091744
QHFLYDVEPWHD,14319.01376146789
LVRWDWSG,12043.284403669724
YYASKRPWNV,6800.600917431193
KNASYFEPKDS,1343.0229357798164
FDLFGYKHAWKS,5035.779816513761
RWKWWHDRWKS,6232.779816513761
DPAYAPHS,1706.1605504587155
PYSDEWGPNH,5407.770642201835
VRYHLWELSG,11898.09633027523
FGQAFKSGFWLG,14771.41743119266
GREWGERPKS,2044.48623853211
HEGYFRLG,8958.944954128441
APDEKYNSG,903.8073394495412
FVRYLWHQWKA,10550.178899082568
LSHFDLNALS,6570.399082568807
QAYKVNLYWNA,13464.522935779816
YPPNSHLG,3226.0504587155965
DSYWWNGQDL,8038.197247706422
NWNHFAYNL,17726.715596330276
DWGNYWVSG,11481.788990825688
PRHGYALYD,12054.440366972478
RRHNAGRYN,3059.0045871559632
AGDPVFPG,2069.564220183486
ELSYRNLRHSG,4384.8302752293575
WRDAHNDALSG,3766.8440366972477
ERSGVAASG,1140.1788990825687
FNWQVAQPNV,4466.738532110092
LDPSKDLG,1282.4816513761468
DHPHFKALS,2729.5045871559632
SVHDWSG,3809.9449541284403
VGNEYLEPNHD,2741.3440366972477
LYLSHENG,3659.5733944954127
VQKLSRQFRG,2989.3440366972477
GEQPAYG,2847.0229357798166
FDVLEALNAQWA,14322.935779816513
HAKHRGFHDVA,2782.8577981651374
ERRNYDALSG,2291.330275229358
FDQVFRDRHDV,5666.215596330275
FYHNHFGEYK,5609.646788990825
EWDSPSRVYNG,3853.0091743119265
WSLAYWS,17182.633027522937
FLPPVQYKHAS,3531.353211009174
QPGPFDREYV,5997.5
FNPHKHRNAS,2171.8394495412845
VLHFYRWHDA,13408.688073394496
GVEGWAG,2634.408256880734
WSSESQSG,1826.3715596330276
ENKKNKSFVAL,1105.8440366972477
PPVYRPHAL,4908.408256880734
FKWFLQYNVLG,16243.697247706423
SDLGQQHLSG,2090.3440366972477
FKVHSEWGDVG,3357.830275229358
SYVSFPNSREVG,5208.059633027523
VLWNRPWLGYK,14056.949541284404
EHPNWNFHASG,4116.477064220184
HKSAYDSG,1224.4449541284403
HYDDWNVAS,4344.4495412844035
FWHRQRWDARYD,13123.93119266055
YHDKWDLGQG,3151.7201834862385
EKPPRNHDVG,1068.1743119266055
QPAFKFWHYHV,16105.188073394496
GYKHNVKHDLG,2257.830275229358
LVAAWVG,9511.01376146789
FNPVKLSQFPD,4246.573394495413
RKLVWVLFRDS,24469.169724770643
YVSFNQFSPWVA,27154.403669724772
WDAYALENSRK,4764.857798165138
DRSHDNDLSG,1365.1009174311926
DKWEVLSG,2046.2660550458716
PSDNNDG,1306.2385321100917
DADADARYHAL,2538.678899082569
ANAHHSG,1687.0045871559632
GRWWVYHSG,16725.642201834864
SQRSELEHG,1372.7706422018348
YFDKHSRKHDV,2409.197247706422
FPWPGQEGKG,1916.5825688073394
RGLHEPSG,1793.3899082568807
LLGKSAG,1713.0412844036698
YDQHGSYWNVSG,5235.077981651376
GKHDQSYDG,1511.091743119266
YSQNNREPYNV,3761.3715596330276
FHVGFDPDGPDG,5391.142201834862
VRWNSASALS,3997.587155963303
ADAHLKALS,1948.7798165137615
PVHKKSG,995.9633027522935
LFNNKPWLG,8332.93119266055
LVQREVDG,1787.2018348623853
PAQAPALFVS,8903.885321100917
FRYENQNKHNS,2561.5229357798166
NWVLWLYHAL,28186.449541284404
VAQNEYKPVLS,2298.105504587156
NHHGKSFEWNKL,2866.4495412844035
LQSQYHNKAS,2033.5825688073394
KWSWEYSG,8322.79357798165
FSWAPHRAG,6923.802752293578
WYSFLENDVAL,17882.963302752294
LWQDHVASG,4191.412844036698
SRRLWDG,6301.004587155963
FNPEEVAS,1100.408256880734
GKWANDG,1833.8256880733945
QKGQSPNDVEN,878.9036697247707
KWWARALG,8045.779816513761
QDWPFREPYHVS,12152.87614678899
QQDRFRYWHG,7909.94495412844
RLWHVRGYKVL,12112.981651376147
DLGWKEDGHDG,2417.243119266055
ESKGFAFREYVL,12224.353211009175
SQRHGASFVL,12511.032110091743
SGPSKHDENHA,1126.6284403669724
GFFHNKDAS,2870.5963302752293
HPLRKDDALG,1362.6926605504586
WSGERYWSREK,4638.44495412844
YYEYDWG,11426.399082568807
KNDKEPAG,723.183486238532
YHVSVSGWNWHD,15039.912844036697
SAQKPVAS,968.7247706422019
PHELSWGPYKG,6708.206422018348
KNFVGPDG,2169.316513761468
ELVQSFNVLSG,5893.940366972477
HLLGYKELG,5085.229357798165
GYQFDFYNKL,12719.587155963303
RPDREWPYNHRH,7798.05504587156
NHNPGDVASG,1416.9220183486239
DQNWFYVS,20147.536697247706
FWNPSNLHVG,6415.857798165138
EHHLSYPWALG,11570.660550458715
KFYKSNVPYVA,5841.174311926606
VDGGQNVL,2194.1559633027523
VLKYVARPWKLG,9557.701834862386
PNFDYGEPYWNL,20208.33486238532
WEAHGELSG,3963.3256880733943
VASGLHAEWNKS,2082.3990825688074
HGRPLAQWNDVL,5406.766055045871
FYPSPGYNLSG,5166.692660550459
NRPEQNHVALS,1739.5963302752293
HGASFHDPVG,3397.0229357798166
LEDPEKAG,917.8669724770642
QGHSQELFAG,2418.348623853211
WEPRFPWL,33414.78899082569
YRGEAQKSG,1493.7844036697247
GVEYFNDALG,6000.743119266055
WRVWRKDLG,7466.655963302752
QQPNVNFNHAS,1897.7018348623853
SYPDVYG,5264.798165137615
LNDNWVLG,6651.954128440367
HKLEDVREAG,881.2935779816514
WNKAYAEKLNV,2917.7247706422017
PQPLAGFNHDVG,2431.5733944954127
EVSSLSFEK,2556.2752293577983
FWLSDVWSYHD,19454.701834862386
QKDHPWVYHDVL,10520.52752293578
DVGWDVYDPS,6177.463302752293
QDVYVLGQAKHS,4236.665137614679
AEPHWLREPNHL,5398.44495412844
ESLGQVYNSG,2263.651376146789
WFSLDLSG,12653.990825688074
NPRYLFESG,7512.298165137615
LESAYHSG,3260.7844036697247
YEDDEWSG,4286.022935779816
FVFASFKGEDV,9887.967889908257
KDWENHFVS,4103.564220183486
QKKQKDRNHDAL,781.0183486238532
KKASPQYNKHL,1127.848623853211
WKPVYNDGYWS,14680.504587155963
QSKNPNAG,1336.5412844036698
RQYPAEPYNH,4670.701834862385
PVDRWHWDVL,15440.555045871559
YFHEFRKG,3944.701834862385
PLGPVEVAPAS,1550.697247706422
FKFSGVSKAS,3427.4266055045873
LSFFYSPDLS,18593.256880733945
NHKRNLRENKHA,1280.2385321100917
YWESWKPYKA,4849.697247706422
FPSKPYKQYNG,3519.6422018348626
HAYHNVASWNHD,5656.770642201835
NKAQNLYKDLH,2396.6146788990827
WEWHLLEPWVS,23453.39908256881
PQLHSRVSG,2788.6284403669724
RFHVHVAWHL,18561.65137614679
HLRVRENHGEPH,2950.266055045872
NLESQVPKDSG,1009.559633027523
LWFKDFSG,7489.651376146789
KYGGHDAS,1363.5183486238532
HSAYSWLG,8818.605504587156
WVLEDYKSWNVG,9529.747706422018
EGYKANKDKDS,806.5137614678899
WLAFKLWKHV,12190.871559633028
DFWPPYLS,18105.798165137614
WHKFQHAG,3659.412844036697
GRPNFEPKAWAG,2942.243119266055
DGLVRPDA,1840.6697247706422
ERWPAQREPDLG,2160.4816513761466
KVEGEKLALG,987.2477064220184
SYHVDWHG,6381.853211009175
LLSENENASG,1326.105504587156
YHVHREGQPWH,7484.940366972477
QWYNREREWDV,8831.298165137614
LYNSSNDLG,2372.532110091743
LRHVHGENHDL,2817.623853211009
RWLAQEDYHDA,4477.940366972477
ARLSGDRAL,2390.3119266055046
PYSQEDLRWGPW,20003.77981651376
VQVDVDVALG,2858.766055045872
EEVEFELG,2043.9770642201836
PSKRPHQENA,928.8073394495412
LPYNQLNVLS,5274.247706422018
RSYAPGEKSG,1219.165137614679
QHGRSNHYWHDL,8405.967889908257
KFRHPWNGRPG,4161.880733944954
EASKEYKDNAS,672.7522935779816
WHWDGYRNDVAL,14064.729357798165
FSFHLPHGRKHL,5945.536697247707
KARNFYHRYKHA,3142.9954128440368
NNLYWQWDAS,10463.0
QEFYWRREWHA,15155.119266055046
EDSGKRPQPVA,1325.2293577981652
EANFVEYWHD,10458.371559633028
VNWHDWVAL,14000.018348623853
HFKNDVREKS,1460.073394495413
YPAQWNWKLG,6186.651376146789
QGYRWAWNAS,7537.655963302752
SNAWANAL,3447.408256880734
HWYQDLG,7253.9908256880735
VLWWEPVALS,17711.811926605504
FGSDSQLSG,1665.2660550458716
RANDYNQWNA,3307.091743119266
HDRPDVLPYDGF,7678.743119266055
RQSKHGLG,1248.0275229357799
PRQQVLSG,1762.3853211009175
HNVAVNLG,2307.0183486238534
LWGRLPLG,8525.018348623853
FYAESFRPFNHS,8133.821100917431
KVNWDLNKVAL,3531.0091743119265
EEKKHDKG,516.5871559633027
AKGRENKWV,1175.0504587155963
QGGHQRG,1494.1605504587155
WQDQWAREKH,2673.059633027523
SANQHSG,989.0963302752293
QYNSFDWDSNG,4445.6697247706425
PLEWWAGWNSG,11458.37614678899
GSPVQSG,929.3990825688073
FRYSGEWREYNS,7373.477064220184
LLSRVNVALSG,5586.807339449541
FLLGNNVAS,3534.435779816514
FPVEVSFAGYKH,16040.04128440367
HVSALQGPYHDS,4177.954128440367
VDQSRLG,1919.426605504587
LLSEQKHSG,1277.5229357798164
ESFVVARENVAL,7863.316513761468
DVHHYWALG,7427.353211009175
EKAKAWHWKVS,1879.926605504587
YFLHHASG,4095.0183486238534
DQDLFSVASG,3296.4770642201834
LGWVLENKFEK,4276.504587155963
LDAHDPVG,1774.0963302752293
LSHPPYVS,4818.55504587156
HNQKFREWNV,2963.178899082569
KAHVVSRPKHS,1346.9954128440368
WRNWEWHDVA,10903.935779816513
AENWFEASG,3617.738532110092
SWLRKDFRPYWD,15210.399082568807
DGKEGNHDV,1072.2155963302753
GWSALYVG,16176.853211009175
FSPWNLKVANHD,4385.229357798165
VGFSKHKDVS,1705.151376146789
RNVPAQFWLPA,13372.967889908257
SFYEFKDLG,7529.756880733945
PVFLKLGHVAS,17746.788990825688
QEVKDEVLQPN,1047.2798165137615
FHFRHQDGQHSG,2498.087155963303
HGDLQEGRWHL,5468.045871559633
AQHNGQLG,1581.8532110091744
HHDQFSGRHLS,4312.123853211009
QEAKNKLEWKLG,1111.7293577981652
GQDWHVYWNKAL,8987.715596330276
YSQYKPGKVG,2232.4816513761466
NWKNKPDS,1118.2018348623853
LEKRREYNDALG,2246.894495412844
FEQDAFHFDV,6549.302752293578
YVGAEPAKVA,1372.4633027522937
EEKEQRHLS,786.697247706422
YRVDEPNKH,1817.834862385321
NFLAHASG,4096.784403669725
LYYWSYDVA,8547.509174311926
RAHLPDVLHG,3485.380733944954
WGAERWHSG,5985.94495412844
ERPVPVYNDL,2457.591743119266
VEWAKGFYDLS,11663.91743119266
RWLQQKHVGQED,1863.7018348623853
DPNYKYWKDVS,2209.798165137615
PVKPWNFYHDVG,8357.587155963303
EYFFKHELG,6310.155963302752
KWGPPNHLS,3671.1743119266057
RLQWVWARPNDL,14026.091743119267
KSSQEAYNG,1041.440366972477
HWEYRNG,6296.243119266055
PAYLPKWKLS,5295.252293577982
EDYYPHAG,2906.1009174311926
PVALPSHFRDL,6048.637614678899
PHYLNHPYVG,9861.477064220184
LWKWYNSG,6755.192660550459
DPYHSDSNL,2347.830275229358
NGVSASDVAL,1807.8899082568807
FSFDWKSREHD,3148.087155963303
QGWSWNRKLG,6104.605504587156
VRPVNLQAG,1621.6146788990825
HVPLEEVAG,1201.6376146788991
PFGANKHDASG,1800.6467889908256
HLGEQFDSGPW,11351.729357798165
FGYGGFENVA,5229.821100917431
QYQAQWAFWKV,15112.779816513761
HSQGENHEAG,1133.2522935779816
YQNQYQRDVAG,2990.5091743119265
RWNSYSFEHWNV,15969.605504587156
QFKQGPWQPYKL,8808.830275229358
YAGNPNAPDAG,1671.9357798165138
HAKFKDFYNDLG,3191.0825688073396
FNSKWNDRDG,2928.087155963303
LNRGQDSG,1559.651376146789
EKAWWDSPWKD,5085.564220183486
HGNLFGEWKDL,5751.472477064221
YDVLQVYKLWAL,24216.903669724772
LWDWWDLS,19248.15137614679
FDDSKQYVSG,2378.123853211009
RQWSKWVS,5175.646788990825
QWEDDGQFENL,7313.40366972477
KSFDGYGYWA,10265.06880733945
KRSRDFYLG,3212.435779816514
YFHYHSLS,5979.871559633028
HQHSDVYKLS,2712.183486238532
GLFRNRASG,3756.935779816514
HYKYLPDVAL,6526.967889908256
QWPQLGNVAS,2792.9266055045873
LDSRVGRPYKDV,3371.9587155963304
HEENRHLSG,1869.559633027523
VLPFKSPDL,2846.830275229358
VAVNNHAG,1758.6422018348624
RPSRDLEDVGFG,3055.298165137615
VPFYGRPG,5476.692660550459
SWLGPRSG,5837.646788990825
AFKGHVPWKVSG,3649.848623853211
VEARDWNKHG,2242.9954128440368
RVLDKDSFEV,2274.0688073394494
QAFRFYNADVAS,8884.229357798165
DYNQLFPYKHV,6698.0504587155965
VWSLQKSG,3156.0412844036696
RRPNNGFNLSG,3017.0366972477063
QVKKYVAG,1338.1100917431193
WHWDENQEKAL,2914.4311926605506
RSYVGQGFRHL,8419.174311926605
WFKHRVPKG,2588.7247706422017
HDPDHAEWALG,2970.9954128440368
QVEWYHGRPDG,7489.729357798165
PRAELENAL,1626.7522935779816
SRPAEQKLG,837.743119266055
RDRHSFHPWHVS,8971.467889908257
KYSLHVSG,2887.4954128440368
HAPEGQREPKV,1108.073394495413
GQYWGYHLYALG,17249.655963302754
YEQEQRVG,2293.701834862385
EKWAYWKPHVS,4599.536697247707
HGHHNKDSG,1411.3394495412845
SWFVVSG,25586.26605504587
VQDGYLEYHDAL,9160.733944954129
KFKFNGFVG,4962.770642201835
ENPSDALYWNH,3598.6651376146788
REQPARYVQDL,2309.045871559633
YLKDPHGFHD,5085.302752293578
RAHSFYGNDVAS,4190.018348623853
YHEAREPEDG,1462.2201834862385
EDKSWQRYNK,1747.8623853211009
WWLGQGALG,9547.678899082568
PQKEHVYNKALG,1523.51376146789
QHESWNKKDL,1681.2293577981652
FNYQDGEPWNKL,5707.087155963302
LERYNQLG,5141.321100917431
DEDKVWHLS,2647.940366972477
AGNWPHSG,3508.435779816514
LLQKVNLSG,3134.9449541284403
QADYRPAG,1932.3119266055046
LYVYFYLG,12332.587155963303
HLYNAKDRDG,2739.821100917431
QQVHLLSG,3781.4862385321103
WDYVNHQNLSG,4925.064220183486
HQRDYARYWNKG,4124.183486238532
EHAWKLFKEYK,3103.848623853211
EESEGNAG,1051.1605504587155
ALLVSFAS,48110.192660550456
HKNLKAG,1378.7752293577983
NLALWHSWNL,22525.4128440367
RWVLVLASWHDA,42095.84862385321
SWYVAEG,8202.270642201835
VKYVENG,1694.3715596330276
RDYFKDAPWNHG,4405.816513761468
YVSEWPKPNDVS,3083.1743119266057
RFPNPHDGAL,3571.7247706422017
ELSFQFGKSG,7160.366972477064
HHQSEDALSG,1303.9816513761468
PSVWASKVA,3097.0412844036696
QGSFFDSG,4194.316513761468
DAAYSQRPHAL,3658.376146788991
SWNRVYDALS,9069.022935779816
ERVFLNKHD,3975.559633027523
VWGYVYSG,17283.48623853211
QEWQGQNALPK,2136.5963302752293
HYQVEKLG,2262.2155963302753
GWYKQHLSG,4924.1697247706425
GPEVWNVALG,2988.5688073394494
HAEENHYWNKL,3771.912844036697
KELHPDVSG,1332.045871559633
PPNNRHDAL,1973.3256880733945
NWHLSWLVALS,32129.316513761467
AENNPVAG,1987.9128440366972
VRYFDAEPYD,11032.715596330276
RFFKNALS,4959.087155963302
FAFVARSRNDVA,7159.779816513761
SGKPLGHG,1637.408256880734
PWGNYKPWHDVA,8041.793577981652
KEHEDREPNG,854.0825688073395
QFQHYNLDLS,7999.9495412844035
FGDEFWVLG,12521.233944954129
LEKYFNVSG,4181.899082568807
DWQKLEDALG,2065.5963302752293
WKRGLSGNH,2985.5137614678897
QWGVHARWNDA,7485.8899082568805
EEPDSSEHAG,945.7844036697247
EFRGEKHLFEWH,7521.183486238532
YLNYRKDA,2998.733944954128
ESHSKGRPYS,1780.7614678899083
APADFAG,1504.0963302752293
RYKWVRVNKH,3500.9587155963304
DDEQNLSG,1206.2477064220184
PNQHSWKLSQLS,3377.6146788990827
GRRLPNLG,3464.6146788990827
HGKWLVASG,5718.504587155963
DEHVNFREPD,2318.394495412844
SWLNDFNAL,12834.467889908257
ESLWSYHALS,8980.032110091743
QWYLDSGEPNG,4989.100917431193
EWWAVLFEAS,38031.53211009174
KEKHWHDFNDVL,4314.440366972477
PKSDPWNRHG,2577.912844036697
PGFKWLFPWHL,25508.866972477063
RAYFAEKG,3237.123853211009
NNADWKSG,1597.045871559633
PYFQNEPWNHAS,6955.408256880734
LQPEWYDLS,6507.573394495413
AFWDAFPRYK,11123.729357798165
PFASQLVASG,4059.9816513761466
AYYKNSG,2551.197247706422
DSFEYFNYNHA,13107.88990825688
FRSGESRQDV,2202.302752293578
KHSSENKHEN,697.9266055045872
NYPAEVALG,2717.3256880733943
HQNNFPDV,2596.6422018348626
QPWWDVLELFYH,32389.47247706422
NHLRPQVSGPH,2638.912844036697
EQNRFEHVL,3163.394495412844
GEYYEWKDVG,5604.770642201835
RRAVEHDALSG,1815.1009174311926
HKWDDALSG,2359.619266055046
ALHRGRYWKVAL,9319.564220183487
PQHRREASG,1470.7935779816514
AWVERKALSG,2641.1009174311926
EGFVREHSFNDV,3875.064220183486
PYWVVANHQEV,6935.665137614679
ASWYNAPYKVA,6955.01376146789
VNQNLPDG,1569.3623853211009
RHKHDAWDGQD,2334.8440366972477
YDEDAFKPWDLS,8219.743119266055
NDYAYLGFNH,9384.087155963303
FEFYKAPSWNL,11526.761467889908
FNHGHGYDPKL,3645.0733944954127
PQSEGFPLS,2306.1284403669724
FWKAHLPARWLG,13605.651376146789
QYELLFEWHSG,19704.06880733945
FNLEAQVRYVLS,29458.17889908257
GFLKFLSG,10526.211009174312
SYQLHASG,2945.587155963303
EVSNEPYKRYND,2008.408256880734
QFDPKQVAFAS,2096.8256880733943
RQHPNVPDAG,1448.0366972477063
FGFLEPKQEWLS,6695.788990825688
ESRSSWNDAS,1727.3532110091744
YVFEVRWLNHD,23360.74770642202
FRRFYWKDEWNH,7707.197247706422
ARFRWWSG,10487.357798165138
AKGPSDSG,829.894495412844
NRAYGNVL,4475.146788990825
NHKESGDVALG,969.2889908256881
FRQFFRWWKALG,12519.54128440367
FVVHGKVA,3376.6146788990827
ENDFNQEYFSG,4857.967889908256
RDNGKLFPVAS,3214.9587155963304
NNGYAYLS,7894.376146788991
WHQSLFREWNS,9952.51376146789
WAYFYWEHDLS,25579.256880733945
WQVSAQPKSG,2467.6100917431195
GVAPSHASG,1295.1284403669724
DGAKYKG,1143.802752293578
SEVQLHALG,3274.8853211009173
FPRYENSQEWDA,5161.197247706422
PNDLDYWQPWL,19539.105504587154
SFQVFYLS,35123.036697247706
RENGLPWKNKD,1917.4036697247707
QNRVNKLYA,3531.7522935779816
WVNGHAEYNHV,5433.853211009175
KRGNFEASG,1284.866972477064
YLHDVYKREND,2306.5412844036696
EGQPGENEPNLG,904.4678899082569
FELQRSEKDANA,934.2798165137615
RGVLRVENG,2806.3256880733943
YYFDDSG,4112.160550458716
QWGDHLPDVAL,5722.045871559633
VGNSDQEPKV,822.2064220183486
VSVFQFNDLS,13942.51376146789
SERPRSG,1860.5825688073394
PYYPHFREWHV,16337.08256880734
PARSEVLSYN,3487.7844036697247
RAAGEPWFNVSG,5639.876146788991
PNQRAGFPEWN,4856.366972477064
YRNALLGHAL,7584.229357798165
PWFEQFSQYHL,31925.75229357798
APVGLFEYWHL,14943.02752293578
DGYGQALYNKD,3218.394495412844
EQFRFPRWLG,13946.5
FSPNVESQWKV,2431.454128440367
YWLLGEHPWNSG,8999.279816513761
KNGSVSG,912.9724770642201
PFNELWDVAS,5670.926605504587
KHHYVNKDV,1296.6467889908256
VQYKVHGYNG,3406.729357798165
FVNWSQKALG,4036.7844036697247
HGSGKSHVALG,1395.834862385321
AFVAKEYALSG,3764.9770642201834
AFVNHLWNKLS,7031.087155963302
EKGPSYDRAL,1011.1009174311927
KAQFEKGNDYK,1123.8623853211009
PGNDSFWFPD,13053.80733944954
RKYRRYKDVL,1920.3119266055046
FARRPYFYHDAG,10176.371559633028
EFPPALENHAS,1543.6238532110092
LSNSRSQWS,3292.1880733944954
SRGNNHSG,1498.6422018348624
LEHKDNDAL,1139.3165137614678
VHQARDLSG,1244.0091743119267
SKWRASG,2407.587155963303
EFPQFGQENVA,1706.6559633027523
HLVGYSENG,2641.9908256880735
YLWHNREKDA,2039.8165137614678
PYWNYDGRVAN,6899.215596330275
VAHKGEYNDL,1758.8165137614678
VYVARHLRWNS,9077.43119266055
YLHFDLFREYVG,11604.454128440368
KRYELSFYWS,19961.41743119266
YEVRFPLG,9363.339449541285
VAQPHLHGFEKG,1914.3119266055046
FPPRPALGNDL,3569.5412844036696
AFNPGWSG,5832.522935779816
FNPLKVYVALS,34556.28440366973
YQPHDQNRYNH,3680.4174311926604
EEVYQYDG,4542.160550458716
KKAEVWSG,1053.119266055046
RHERGRKAS,808.0871559633027
NKVDQFWAQEV,3049.5091743119265
RYWWKAGHSQPW,11645.614678899083
FVQSKVGQAL,2803.8990825688074
QPFRNVQDRPW,9101.004587155963
DLAQFVWAG,12574.252293577982
YGNSDFENHDL,3532.8669724770643
GWVHYNALS,9309.435779816513
DLYLQWGNG,9250.20642201835
RNHQHPNFRDS,3300.5963302752293
QWLRFEYAFRV,38623.64678899082
WVRLSRKWVL,14350.211009174312
EDGWQYAKVS,4661.266055045871
AWFRRALS,8402.756880733945
PDRWGYWHQHDA,8052.256880733945
YDDRPNFVSG,5254.045871559633
EVHVREALWNHA,4096.899082568807
EEFNGPLG,2282.1880733944954
GQQAQALSG,1154.3532110091744
VAFQRAFNVL,14928.12385321101
PYNWDFYVDVAG,26579.20642201835
QFPNLFGNAEP,4554.876146788991
LHGLNLSG,3495.261467889908
PNPHEWQRENK,1570.2844036697247
RRWWGNHLG,9433.261467889908
DLLGGREG,1742.4174311926606
WSQNGQVLSKL,4420.325688073394
NWAQERVG,2660.3256880733943
SGRPEWGFRENL,4844.545871559633
DGRLSNVRNKVG,1954.4954128440368
PHDHRPHLRK,2187.302752293578
QVASQWVSNPKS,2489.830275229358
HHWLPLSG,8225.174311926605
NHVAFNGHGQKH,2833.697247706422
FWLNSFRGFNKL,10486.20642201835
QNWAKHNVALG,3552.4449541284403
QLPHVYLPDVS,5405.6100917431195
SHGRNSWG,4380.94495412844
QANQNHKHDG,1176.1238532110092
KPYDPDLDVS,1592.4220183486239
DGFHDLEPGRPY,7845.853211009175
ELSKAALGRK,1216.6376146788991
LWKSNFEKG,2683.8990825688074
SDGFFEVG,8212.600917431193
LNGSDSG,1236.5091743119267
HAVNGFHSG,3469.0504587155965
RFYFDRWNA,12612.321100917432
VDVYSWVG,10874.353211009175
WNNDQEREHLG,2331.087155963303
YLPQPKLREP,2016.5963302752293
KWHQGKSG,1276.1559633027523
RADRSGEPWAG,2623.3899082568805
DRHKDFVLSG,2105.064220183486
WFDRYENG,6806.160550458716
YQQNENAG,1328.2935779816514
WFSFKDYDVAG,6400.545871559633
KWFNNVSG,4117.564220183486
FLLLGEKALS,6935.802752293578
YERWGREG,3763.6009174311926
QGKAQWFHALSG,5318.628440366972
PKDPGQVFDAS,1625.7798165137615
WQKPSGHSG,2252.0137614678897
SYWAPVQRWNS,10327.504587155963
RYPLVSEPWHDG,7060.068807339449
FDDNNDAG,1827.165137614679
QPQPFPWHVLGN,7994.633027522936
YHPLKDVEK,979.7889908256881
WRLRNFWNKHA,7587.678899082569
SGRSELRHALG,2956.821100917431
DYVWSEDG,3819.243119266055
QFGHYHSWHDV,9993.802752293577
YNHQAQFGFRKV,7951.440366972477
EVHRGFPYNLG,7081.674311926606
DFVQDPWVS,6151.036697247707
GRNRDLPYN,3912.5733944954127
DGKVNHFHG,2585.733944954128
RRYFARPYHV,10146.619266055046
QADHKAG,1024.6376146788991
NGYFFKVSG,14590.357798165138
RQWLRPNNHDAL,6283.018348623853
LELAQVSG,3062.770642201835
GHFRNHKG,1975.151376146789
DQENHYSRNAG,2515.6880733944954
HDYEYDAYDASG,4523.940366972477
FNAVPHSPYK,4261.972477064221
DQEGNVFENKV,1465.2752293577983
WAWFENEWHA,17597.532110091743
YLLKHSELSG,3475.376146788991
LEVKPKHDVS,1358.3119266055046
HKAWYVSG,5067.532110091744
KQNGRQNHA,1517.0045871559632
KHHRDGEYKDA,1182.1376146788991
AGKGYFRPWNV,6718.325688073394
DGAVWAG,3379.678899082569
YRGQDAYDLS,4687.467889908256
QYFSKDPNHDG,2355.467889908257
FQNWNGFENSG,4782.073394495413
YYHGPWWNKG,8299.981651376147
LFDVHLQKLS,5288.004587155963
HGSAYKG,1681.0412844036698
KPAGPFREYKV,2518.545871559633
RWRDSRVSQRYS,5606.137614678899
ERYHRWFYKG,8165.0
REYQVFYPYNL,34271.266055045875
GHSAWLSG,5112.036697247707
GWNYHWNVS,12636.08256880734
WLWRWDPWVLS,37053.71100917431
EVVGLKDLS,1699.3623853211009
EVQGNAYKVAL,2160.0504587155965
EKGVHSFKHVA,1535.5275229357799
FFFALRHDA,7675.536697247707
RHAWEAQEDVG,1810.926605504587
KPGKSDSG,641.5917431192661
VVGWHWKHDAL,8150.293577981652
LQNQHLWHDVG,5590.6697247706425
NRHGHVPNHS,2599.1422018348626
GELFNDYHDV,6491.431192660551
KNEWVVLG,4662.600917431193
SPHWGRWNHL,12126.04128440367
SKGGHLS,1812.467889908257
SREAFVFKAS,18074.596330275228
QDSDKHFYKDS,1404.8761467889908
AYYYNASG,4936.504587155963
ERHWYHLS,9631.30733944954
RGQADAEYWS,4218.954128440367
VQNQSEPWHD,3301.6651376146788
HLWLFYQWDL,29001.45871559633
HGWYASRPWG,17965.866972477063
VSPQQYKALSG,1889.394495412844
VDLEWEALS,4227.114678899083
PAQDDARWDAS,2471.1009174311926
GGRVAHG,2287.0091743119265
WFLSSKDG,4647.233944954129
KVDWYKG,2790.321100917431
HQDNALFRKLG,4168.275229357798
LQVYAEYWKHL,18639.93119266055
FLYLLRDVL,12465.183486238531
WRYEDEPYHAG,8029.472477064221
PLYKPHVYNKG,3884.4311926605506
QGERSGPWKSG,2414.353211009174
GHEQYLSG,2297.183486238532
DLAYSRELG,3260.7844036697247
NRNKLYPSG,2844.1926605504586
AKFHYHG,3720.816513761468
WDGARDVEPNAL,3798.623853211009
LQHYQFPKHVLG,7948.174311926606
WELVWKASG,8760.550458715596
QDGHRKPNDA,1239.7385321100917
EWKWWNLFYNHG,14251.394495412844
QDQYVFPEWKHL,8872.70642201835
GKQYFNSG,3760.9311926605506
GNQEEYVSG,1737.1788990825687
LVGPHPAS,2579.6284403669724
YSLKEPVG,1565.6880733944954
RGQQSRWNKDV,1632.2522935779816
SGSQSNDG,1024.697247706422
KEPFQFHAS,3363.4862385321103
HLYFLQFRKVLS,25442.02752293578
KHYVEVYKHA,4642.688073394495
KAWQEWPVAL,7564.880733944954
FAYVHALQENK,3690.5045871559632
NVYVWDGKDVA,6302.844036697248
EEWVQSEYNKDV,2742.2155963302753
AVGKDYDVLS,1719.8577981651376
WNHQSQEGDS,1360.894495412844
ADAKDFG,1162.9495412844037
LNREFNKDAL,2552.7155963302753
LALYRNG,7538.137614678899
KFKRQYDS,1622.4357798165138
EYEYHPVEPYWK,10947.591743119267
QYYALWFRWKA,13790.48623853211
VEWDSGVGYWH,17996.550458715596
NHGFRSDGYN,6091.137614678899
KGWAWGNHAS,4769.784403669725
FNWLFRHLPVSG,13484.522935779816
ALGYQNKVRYWV,13460.90366972477
FYFLASQRWNS,7823.137614678899
DVEVDARHLSG,2318.52752293578
EGQYSQSFWK,5236.871559633028
DQYQFFYHDVL,28783.325688073393
FSQDDAGYNAG,2866.123853211009
PEFGQAG,2420.894495412844
WNFFFYNHD,13774.04128440367
GKRAWHDG,2863.9449541284403
HSKWLGRPSG,3531.4587155963304
PSQKWDSNKHS,1463.633027522936
LQRSVFEKVSG,2936.0550458715597
VGYRQRNKDL,2284.2155963302753
WYEYHRLS,11577.422018348623
EGFQKQPHAL,2347.47247706422
SVEDVEG,905.454128440367
HYPKFNVAG,3161.7477064220184
QSHHQENLG,1471.440366972477
NAPNHGQVARNS,1540.4495412844037
RWARYLEPQWHD,14774.69266055046
NYPLPKDVLG,3308.0183486238534
VQHVDQNKHVA,1604.4128440366972
RLRVDPYWKDVA,6483.871559633028
PADVWDQPHS,3398.9908256880735
HLKFGQWNS,5138.298165137615
YVGSWNVFALG,20446.711009174312
WRKYFENSG,4442.018348623853
EYYEYLWHG,15952.298165137614
YFVESELG,5029.44495412844
AGLANHVAL,3417.1926605504586
LAEWQFEVLG,12733.463302752294
KNHWRWVG,7305.454128440367
PVQHKHWHLS,4470.064220183486
RKDAFVLREPEN,2087.9862385321103
AQNEPGEDG,882.5688073394496
KEESDVLSG,757.6926605504588
LSDRKHFNHVG,2527.3073394495414
HKPLHVALG,3218.646788990826
PWPKQHPHVG,3016.146788990826
QAAAFRDVAL,3485.394495412844
EEYLGEQDALG,1949.8761467889908
SEVHQDSG,1351.7201834862385
AGLRWVLGAL,14504.311926605504
KYRGPDG,1987.3440366972477
FPKHGNQVGQWK,2992.4311926605506
PADWHRWDVL,12464.95871559633
HAAHVQEYVLS,6141.160550458716
FLHGQAHVG,3423.4587155963304
PLKFGFNKAL,6310.261467889908
YLSQGSRPNDA,2050.5137614678897
RVFFPNKVNDS,3959.6330275229357
YRKPVFWKHG,5034.334862385321
YFWYPVAG,5832.266055045871
WSNVNAFRKHS,4698.435779816514
GRSEVQSG,1027.5091743119267
FKRSSQFEPND,2000.1743119266055
NNDYVEYS,4942.133027522936
VWSKANHDVL,3306.298165137615
QQFSVAEYNKVG,3466.0825688073396
WQQDPSG,2189.0
FLWPQYKHVA,6965.325688073394
GFYRFRDVAL,16355.69266055046
FEYNKQFGWGWD,14700.701834862386
SGWVKDSPYWDV,10083.160550458715
EFYLPFYWKG,17597.24770642202
GRYWPHWNLG,12969.990825688074
HNQWLYASG,9531.967889908257
DYNQQNVAL,2135.105504587156
RDAWVEYFASG,17599.394495412846
WRDWQEALSG,5168.454128440367
WRVVDALSG,7371.261467889908
AQDQYQDVAG,1329.4357798165138
EHRSQRKGFWSG,3624.587155963303
WVELHDVKLG,9516.963302752294
PREFQLSG,4258.729357798165
QLNKGSKAS,872.7339449541284
VNAWYKG,4440.178899082569
NLLNDAKDV,1283.0091743119267
VRFKDHALG,2658.52752293578
LDQAPKSG,1080.7522935779816
YANYQNDAG,2060.0504587155965
FRWQSGPDQFH,10077.811926605504
PLPEQEWKHVG,1827.5366972477063
GNFKSHG,1724.4816513761468
RDSHEDALPKVA,971.5091743119266
FQVAPYQVASG,4393.192660550459
NHNRLSRPYNKS,2544.266055045872
PVAPVFSPHDV,3126.362385321101
LKNKYLSG,1684.0504587155963
DWLRWWALSG,16563.674311926607
QSKQKFREKVL,1039.0045871559632
PSSSQFPYAL,7018.724770642202
RRGWSFLS,10275.715596330276
QVDFDRWNKHA,2474.6743119266057
PLGGPSFPYWDA,15354.834862385322
RFQSKLG,2918.5825688073396
NDYFEDQDG,2513.8899082568805
REFSKDQRLG,1590.908256880734
KGQKGVSFEDL,1147.7798165137615
YEVEVPLG,2801.6009174311926
KRSEDLLG,913.3715596330276
RPANYVYWNHA,8774.45871559633
WQPGGRKHDVL,2793.912844036697
HGAVYNLG,3968.2844036697247
EDYAVREYNHVL,4512.44495412844
PRPSEPVADS,1008.4587155963303
WHKDNSFPYNH,4969.472477064221
FFRPSRNWNVLG,7295.931192660551
LNKNHFWALSG,5841.917431192661
KPALKPKHV,815.3715596330276
RSYNLFSGEVG,3846.6422018348626
PKYEGKHSG,1003.1330275229358
EWFKSFNQPYL,14804.766055045871
VASGGFNRNLG,3299.821100917431
QQWHDKPHASG,1727.3302752293578
RQFFLFYWLS,26476.454128440368
VYKSAENHLSG,1730.0091743119267
SEGQWKKVAS,1360.7568807339449
QPKWPYDNHL,6045.09633027523
DNDSHREWKL,1883.967889908257
HESAQYALG,2849.9495412844035
HSLLASG,2526.9174311926604
QDDELQYAS,1620.7018348623853
KANLQPVQRNKS,1190.5688073394494
RFDAGLEHDVLS,3356.848623853211
NARGWNSQHL,4638.188073394495
SFEGRVLYHDV,12479.08256880734
ENESNVFKG,1204.073394495413
VPVHREASG,1304.9128440366972
NQGHFYSG,5351.706422018348
NAEWEVFWNKG,7567.715596330275
RDEERNKSG,859.8211009174312
LWNEKQREHVG,1861.7614678899083
PFWYKHQNL,8510.79357798165
PDRREYVDLG,2924.729357798165
FLSEGYVRWAS,9610.532110091743
DNNHPNLG,1837.8990825688074
QGHQFSYVAL,18437.990825688074
HPLRQWVSG,5388.316513761468
RLVELYWNHA,13504.834862385322
WQWAHDYNKDS,4506.353211009175
SDNLDALSG,2074.8119266055046
YKKLHARENASG,1522.697247706422
RLREPWNFEYWF,34955.89908256881
SWSAPHG,4171.706422018348
VNAQRNAVLS,2127.6009174311926
DSGLSWSYWNKV,7774.325688073394
WSQSYSFWNKLG,11007.522935779816
PQGLALG,2458.7798165137615
FDGDGRASPHA,2642.0733944954127
LFGNHWAG,7169.568807339449
NDGYHDSWSNDA,4125.178899082569
KRLHSPALSG,1890.01376146789
FERHYKSSG,2333.7201834862385
QGSYEWLSG,4891.51376146789
GYDGNPHVA,3548.912844036697
FPWRWQKVQYAS,13674.52752293578
SDQPNYDVAG,2101.7522935779816
FLPAYLGRHVG,8482.98623853211
NYEWKQSG,1814.7293577981652
EQFRWQDGEWDA,6013.059633027523
SEWDDALPKL,4478.816513761468
DPVNHFPYHS,5004.600917431193
YSPFDAHVAL,7152.366972477064
FDYLAGYDVAL,10971.238532110092
RDSKVPWGYKDG,3042.577981651376
KFKANLFWKAL,5034.146788990825
NAFVNKLNDLG,3778.169724770642
PQEQQFYLS,11804.646788990825
HNVLDFHVS,7483.94495412844
VNLGVLWALSG,14767.853211009175
DKVGRQREDVAL,1411.5688073394494
WKWSGWLYDV,20796.316513761467
AEFFRVAL,24492.380733944956
HGRGYFRPLS,7211.655963302752
DSEHQYNNKVL,1923.059633027523
WGKYNFYDAL,10949.12385321101
VYYHVRLS,13669.729357798165
PDAWGQLQFYKA,13813.183486238531
KKPSQWG,1878.2844036697247
KAVGNDQYWDA,3543.045871559633
DYGPADLG,2293.9311926605506
NNQNWVSG,3181.353211009174
WGHNGQDG,2640.032110091743
NYDNSNLS,2336.701834862385
NPLWKYKHDVA,2851.467889908257
RDNWGENDLS,2817.330275229358
WEWVDFWDG,28496.504587155963
PWGDYALDG,9844.720183486239
WPEWYNHVG,11208.48623853211
PEKDRVGYNS,1874.1926605504586
RDAPSFYGPKH,3898.2247706422017
EWPRGQFRPWN,10622.509174311926
AHEDGHSG,1147.7201834862385
NVDEVSRPYNHS,2560.1651376146788
YRNNLKLSG,3128.2477064220184
LYLGHRVG,5434.284403669725
ASHKEKVG,771.5412844036697
FLSGAQEVHLG,2906.7477064220184
DPWGQPQWHVLG,9046.633027522936
DHEPQKSG,822.7339449541284
LYQRRVLG,6010.793577981652
RRDSDSVLG,1715.9174311926606
DGPRVYKHDL,2601.9770642201834
QDPVEYWLNHS,5504.967889908256
DNSYNYDALG,3459.821100917431
KNAGEPEKHS,655.5229357798165
DERRNSG,1258.7339449541284
HVWYFNALS,19736.93119266055
GNGSDAG,1316.894495412844
YWKLWPWVSQH,14597.353211009175
NEHGLFYDA,10062.178899082568
QHYAEYNQPHD,4306.5091743119265
FQPYFARYALS,26084.298165137614
RKQFSPHVFKDA,2682.697247706422
EAEGDVQRPWG,2775.52752293578
YRDKVKDSG,1055.01376146789
VAGYLSGKYWKG,4703.532110091744
SYSNSWDAS,3472.816513761468
QYYHGRGPNKV,3378.646788990826
RSGANDQEWNK,1478.7293577981652
EGPFVSPYWKV,8247.504587155963
VQWPHRPKA,3128.3715596330276
VVRNSPSG,1914.2522935779816
QAEQNGREYDV,1805.1422018348624
WNEFKDFREWV,12976.848623853211
KVLESQFARPVG,4516.600917431193
FEVVSGHLGWKG,6278.142201834862
LRNEHLFRPHV,5998.821100917431
DDEDKASG,750.0366972477065
DHPAHSG,1619.1788990825687
KDFQFWGQYWL,20264.82110091743
NVEHEYKYDVG,3420.422018348624
FRQERPHSEKH,1775.8532110091744
NRWQLFHDVS,10527.311926605504
HLYQVFPYNLSG,16341.197247706423
RHFFFRKHAL,8903.022935779816
EPRSDLEND,1186.1100917431193
AKRDSHAL,1058.2247706422017
PLEEEPHDA,1449.8532110091744
GNAPYQASG,2127.0825688073396
KYDGVNHL,2922.293577981651
QSSGKARENVAL,1303.7018348623853
DPGLWKHVSG,2298.02752293578
FLKEKAQFNS,2242.6146788990827
SWVLGSKSG,4001.6743119266057
GEALHPALSG,3072.362385321101
YVVPREDALSG,2576.8073394495414
VANPRDALSG,1988.0412844036698
YFAWHQELS,7795.252293577982
SEHRAFWVLS,18780.04128440367
DEFYSVLG,13709.321100917432
SHDYFVLSG,13659.266055045871
QSLANHASG,1592.7431192660551
FENNPWHQPYD,11697.224770642202
KWKRKEPWDL,2491.6651376146788
FERLNHAKG,1956.2339449541284
QHRHDDVFKSG,2202.940366972477
RFFLSASG,10077.811926605504
NPLFKWVAL,16679.032110091743
FVASLGYVAFRW,35819.077981651375
LWNLGFGYVG,17962.65137614679
WKWPVLPDLS,12041.545871559632
GFVQKQKVG,1994.6422018348624
WGNHAFDRPHAS,6642.206422018348
YQADGPHVAG,2491.591743119266
SFPYFYWFDAS,22206.119266055044
KYEQYLSG,2375.091743119266
LYWKDRAPKDL,2589.7522935779816
WRRNDREG,2834.1559633027523
QQWFGFRPWNHS,16359.311926605504
HSVAALYKHAG,3516.756880733945
VQDSYPYKHDL,3778.697247706422
WYDAHQYKA,5515.963302752293
FWKVDVGHLGY,13994.371559633028
GYDPALHG,3634.4587155963304
FRFKAGYNYVS,10573.41743119266
RVRWWQPYG,15887.004587155963
FGAEEPKLG,1353.9449541284403
GSWKFEPKHL,3580.605504587156
HPAFKYWKDG,3779.5183486238534
PPFVVLSG,23463.577981651375
LNDGWFWHSG,16643.761467889908
NDGALGAFHDG,4653.334862385321
AYQQESG,1243.0091743119267
KPKGEDGPVG,709.816513761468
WVESSQRNDAS,3287.912844036697
YKFWNPVQFWA,24858.6376146789
NHSKKVAQYVL,3719.1926605504586
LEQKYWAG,4648.637614678899
RYKENQARENAL,1938.7385321100917
KEPLVLGQFYV,29465.839449541283
LWSNGDLSG,3982.894495412844
EENDWQFPYWLG,19747.98623853211
AFVDRASG,3130.6880733944954
LAFHEWHVSG,8054.642201834862
WQWLDSFWDSG,22748.39908256881
AKLFWWKG,7049.972477064221
GPNHAQFDSYW,10413.61009174312
SRSLPNG,2052.266055045872
YGSKPSG,1499.4220183486239
YGQDQSEHLG,1716.6697247706422
NWLGSEVLS,5028.362385321101
VDFSALS,3154.9495412844035
FDRHKFEVLS,5446.275229357798
SWGNVDVG,4089.0550458715597
VQYRLRPYKHS,6173.779816513761
KPGQKRYSG,1219.8302752293578
YLLKFVLG,20294.82110091743
ERRDGYLG,3787.6926605504586
GENGRDQFPYK,3636.9954128440368
FLEFAKHALS,5484.188073394495
PLSHKASPNAL,2081.9449541284403
LSKRHFYDA,4360.587155963302
RFWEDFEPWL,21958.74770642202
YFSFHDWLG,11918.93119266055
WDFQVREPYVA,12854.853211009175
PLNNPYHVA,6199.798165137615
KNAVENSG,906.0229357798165
VKRLQFYKDL,5576.880733944954
RGWGKDSPNLG,2717.8899082568805
KGPHEAEHLG,1008.0871559633027
LAEFKAG,1676.4128440366972
LNKREAHDL,1521.532110091743
PKVYQEGNHDAS,1443.1100917431193
LSKWPKVLSG,3336.059633027523
DFENYAFEVG,11497.261467889908
HFYDRAPWHAL,16984.04128440367
GDSFWQFESG,7166.788990825688
SNEDLNLG,1496.1697247706422
ESESLYKVSG,1495.7293577981652
WQANAESG,1591.3256880733945
ARQDQRLSG,1529.5871559633028
WVKRNGYVS,6203.688073394495
AGGDKASG,760.1009174311927
NAKLWVEPNDL,3841.0963302752293
HGRDWNHWKAG,4120.09633027523
PRNPREHAG,1743.8623853211009
GPDHRYAS,2390.967889908257
PVSARYHVNDVS,3893.5229357798166
NKPFLFYNKV,7926.655963302752
NEFENSQPWG,5821.137614678899
LEESNHASG,1339.9174311926606
SASNFRWDVSG,4403.394495412844
RDDEWVYVG,11037.183486238531
YWLSGPGNVAY,6755.022935779816
FSAYPHASG,3866.2477064220184
RWWQKHVYWNHL,17257.88532110092
AVQFWRKASG,5726.995412844037
KWRDQPLG,3252.9495412844035
KPHYPHDVAL,2656.348623853211
PYLYGENSQR,5318.0504587155965
RLWNHFEKGHL,5823.307339449541
NQGYEHG,2196.4770642201834
NGFWQNDVDLS,5695.747706422018
HDFFSRPYKHD,5715.655963302752
PSEDRDVFRWG,6447.848623853211
NYQVFSG,6286.908256880734
QVSASEHGPDV,1134.7706422018348
AYRFRKHLSG,3635.422018348624
PAYYRKDSG,3395.6926605504586
VFVSLQWNKDA,10888.848623853211
LHLKEPLSG,1722.2614678899083
GPSRGPLG,1418.1100917431193
KKYKFREPNHG,1169.5
EWFGQYAALG,12133.256880733945
LWFWKKSG,4845.6697247706425
RSSKVELSG,1221.366972477064
YPYEWSQFPYWL,35553.62844036697
FELNNKDRVASG,1627.7339449541284
SDQASELG,949.5504587155963
VLNAAPWKHDV,2886.032110091743
KKDDEALG,624.4587155963303
HWEQALG,3607.330275229358
RKFKAQQEDL,1093.7018348623853
RGDAWNFNVALG,7560.853211009175
DGFAASRYNKAS,3168.087155963303
DQNVRNALHS,1855.6834862385322
EDFAGEFDAS,1828.6605504587155
ADPAALSG,1111.1238532110092
EAFVYGPWNV,14723.600917431193
FDWAQFQEKHD,3584.830275229358
DHLGAEHLG,1927.0825688073394
LWANHQREYWNV,12056.215596330276
GVQADLSG,1322.6605504587155
QQVANDRKDS,839.8899082568807
WAFHFEDYWDAG,17344.045871559632
RYGGYNVASREA,3106.0045871559632
PDDVFWYHVAL,25310.20642201835
LYHPKQPYWKG,5968.4495412844035
RGRLEDGHVAG,2006.5779816513761
HPEKQDVA,764.4082568807339
QVPHPWKPYVLG,8960.229357798165
QYYNELQRPN,3310.912844036697
DNAAWHG,2745.912844036697
EHPNHVPGPDA,1168.1146788990825
EGWQPAQPVA,2021.0229357798164
EDSERKSQFRPS,1256.394495412844
HFHFGWNG,9553.91743119266
LAYWKYAL,7638.559633027523
KGQSFVSDG,1496.5871559633028
LLSNQNALG,2236.201834862385
QVFRGQDLYWNV,12185.761467889908
ESSPWPAG,1965.591743119266
DFWDAQHQKAL,2917.256880733945
FSELQVPAG,2094.922018348624
GKDEEKVS,483.39908256880733
WKHKQPDRPVL,2649.7798165137615
GQPNSRVGEDVA,887.5412844036697
EKKKAQDS,439.35779816513764
LYGWKRYKS,3744.4587155963304
PESPEYSG,1366.5963302752293
HFVWAWHS,15129.619266055046
HVRPWQEWHARK,4374.178899082569
KPPYNEAS,888.1422018348624
EPWEHSWDLWNA,12492.912844036697
YFNPQNDG,2294.412844036697
AGFGRPNRWN,6402.353211009175
WYGGRWHDS,8160.454128440367
EDHQQRYWKDAL,2221.4633027522937
KSPLHDKDG,725.2844036697247
ARLPEYVALS,5396.711009174312
EPAYRYNSDSG,2193.5229357798166
PWPVFWVLPKAS,24586.224770642202
DGAWHSQNDLSG,2095.1559633027523
WWGPKQVL,6491.5091743119265
DGKADARPH,1292.0871559633028
FSPRPLQRNS,2498.6100917431195
VSHRFEDAS,1849.4724770642201
QAERAGRPNDV,1511.8165137614678
EKRPWFVFRW,22472.642201834864
FPKYNLRKASGK,1538.3211009174313
HFYKNHVAGAG,2449.119266055046
WLVVQASG,13378.770642201835
RALRPSRHDGP,2636.238532110092
WFEVPWGFEWA,28532.4128440367
YWWSWHQWNHV,15067.633027522936
EQFFYNVSWSG,26031.32110091743
KLKQAYNDA,1427.0688073394494
EKQQDLSFYW,6613.426605504587
DQESGPDSPHD,1160.1238532110092
YHGEKSVQPVG,1660.467889908257
WNVGFSWLRAL,23284.311926605504
NWPQYDVAS,4994.431192660551
LQHEQFWNHVS,4618.027522935779
ARWPYPWVALS,20056.01376146789
LESNEYWV,8685.59633027523
NKPWENHSWNK,2406.105504587156
QQKEVYWALS,4136.353211009175
WNYSPHAGFYWG,18496.3623853211
KRNHGAYHL,3998.8899082568805
SRHWFEKVS,4415.573394495413
WYAGYGEWD,13416.41743119266
WSNEEPALSG,2449.5091743119265
LFDFNLPYVLG,16441.34862385321
WNPGWAQYVG,11872.073394495414
EWKSYNLGRVLN,6687.674311926606
RREAGHQFVAG,3660.7155963302753
WKQWPLFRDS,9434.477064220184
KQGYNQNKHVL,1896.9220183486239
WAYPGQWKHVAG,6954.95871559633
QNGWEVGFYNG,14535.490825688074
HDFRWNREAFWN,13618.178899082568
QDHGRYSWNKV,4237.454128440367
PPFDYWS,9947.073394495414
NSQYDPFNKD,2724.0412844036696
FHHYVRWHVLG,13721.165137614678
QLHHSEDG,1562.6926605504586
NKSFASNHFYDA,5054.6100917431195
YDDWWNSG,6500.651376146789
GEEKEYLSG,1151.8394495412845
REQWPVSGWNS,5056.9908256880735
DQNRGLSG,1479.6788990825687
VEDYAKALS,1783.5550458715597
DQSRWVQKASG,2055.9449541284403
HVFYVLEEYK,32536.389908256882
LVLKPWLG,15133.899082568807
QNLPYHGVPN,3104.288990825688
RQEWPKHPWG,6430.201834862385
QDPFDSYAL,4102.692660550459
QDSYEKASKHDV,1054.1880733944954
EPDKPYDWVLG,3519.3715596330276
YNKNYKSEDL,1282.2339449541284
PKNEPDVQKLG,792.2752293577981
ARDGDLYWNKG,2932.091743119266
SWVDPAG,3049.087155963303
SDNHFRENKHS,1617.8853211009175
DGFEWGWDEPW,20955.096330275228
NKFRAWDQFVG,8700.399082568807
HYNPHEKG,1698.3302752293578
VQGFHSPLSG,3525.5963302752293
FNFSRPQNAL,4978.743119266055
GQNQYLRWNKH,4608.940366972477
DDVRLHLSG,3247.876146788991
SHAWKHFG,4825.155963302752
QPPNAGFYSQAG,3720.4862385321103
PWALVQHGFVA,22346.435779816515
SQGKLNSG,1486.2201834862385
YHDKGWKQDA,1630.348623853211
ASFKPYLSFEK,5741.454128440367
HGFYNRPGEWG,7739.9908256880735
VVSHVKASG,1428.8302752293578
YDEPQDEYNKV,2050.288990825688
WPHSQGPYDAS,4440.9495412844035
WDFKVPALQKA,3523.119266055046
ALHHGHALS,3183.9174311926604
FPPRKGQPDLG,1839.4220183486239
EEEASRAG,808.743119266055
GKFKVYSG,3866.380733944954
AEVWNFNKDS,2466.8899082568805
DFLELYSG,9134.825688073395
WWSDAKAG,4047.348623853211
WWEVEALG,9115.477064220184
WKWYENDVLG,8304.605504587156
KEGYAPASG,1468.8211009174313
LPHKPKG,1158.4128440366972
HEPRAEYHDVA,2096.7522935779816
WEVVRKHDLSG,6600.385321100917
GFVQGWHVA,8916.321100917432
VFDDNHG,2837.123853211009
EFNPDGEPNDV,1855.633027522936
LVYRYLSG,12644.756880733945
EVSRGQGEDG,1181.348623853211
HQGFPLKS,3465.9311926605506
GEKHQVGYNHDA,1870.0825688073394
KRSNSYAG,1287.6009174311926
VQNEKFEWS,2563.8394495412845
LESGHQRKVAS,1995.5871559633028
VALHPSRPYHDG,6449.619266055046
SQVGLSHLG,3208.3715596330276
KPYAQFPGEKHV,1976.1467889908256
HLSRVQLSQPY,11941.756880733945
WERQRNG,4287.527522935779
AEAAYDLS,1988.133027522936
KDHLFVGRED,2416.8394495412845
HWQGQFNKHA,4130.334862385321
SDRVEDALS,1357.5871559633028
WRDELNVAS,3801.545871559633
WVWSDFEAL,17206.325688073393
LRDAKAYNG,1994.073394495413
GQVFERAS,2496.3119266055046
NKPAGAQPDA,843.8899082568807
SPAEVSKG,773.559633027523
HVNHVAELYWNV,12919.857798165138
HHEHPVSG,1750.5183486238532
HWRVLDLSG,11153.302752293577
VNGYQRDVSG,2307.0183486238534
GFNPRYHG,7673.495412844037
NKHPRVAGQFPY,6545.04128440367
RALFWWHDQN,14042.536697247706
KRAGQKWNHVA,1669.073394495413
GDFKNLG,1795.4633027522937
SNDAGNLEWS,3269.8119266055046
ENHVLVEWLYNV,33499.84403669725
HKFVQHDLSG,2594.045871559633
HFRKYAPWDV,7963.6100917431195
ERFRGYLSG,5553.325688073394
FEHEAFYRHAS,8787.40366972477
GRWPREAG,3270.5366972477063
VKVPFWALSG,9119.935779816513
EWSNFRYSNKA,5133.981651376147
NEGLSRASG,2066.1330275229357
LKGWNLNG,3949.4633027522937
VYLPDQHDVSG,2961.912844036697
RYRQPQPAG,2632.577981651376
WSKYKQPYHVL,8084.344036697248
NDGYDKDGEKH,1295.0412844036698
GQPKWQPWKVG,3435.0091743119265
VLEPPWQFVL,31884.3623853211
SGFHRPKAQPHA,3115.9770642201834
AWRWYDVALS,19145.22018348624
KFWDHAPWV,15035.69266055046
WGQEYHKVQW,11889.981651376147
HAAEHQEPWSG,2547.293577981651
PYWYKAWHLPK,9577.344036697248
YNQVANDANLS,1759.6880733944954
SNDDGVASG,1135.3623853211009
VRAENWNKDV,1612.9036697247707
VYREQWLS,7704.940366972477
HNPLVAG,2690.5963302752293
NWFWAWAS,21152.798165137614
HDRERDQREHVL,2731.3990825688074
VDGYGWALG,10046.798165137614
LGRSYSGYA,6855.779816513761
NKWFVALALG,28296.66513761468
WSWVWSRHDVA,14632.720183486239
EHDPRKAQPLS,1180.2522935779816
VYKGYLFENL,10321.48623853211
EEKAYWQKDS,1593.98623853211
YVGNLVFWAL,33155.192660550456
ESRPFPSQWKH,3015.738532110092
HPNHGNQKHV,1577.3440366972477
WPLHPNLSG,6697.816513761468
LHRKQENKHLG,1506.8440366972477
EVFSGYNLQNDV,4399.862385321101
AVPNLALSG,2432.146788990826
WQSWHAPYWKH,15747.133027522936
SDEWHKLS,2423.6284403669724
KRYQPFWKS,4000.032110091743
QNYERASG,1926.1559633027523
NQWKAQLNLS,3832.5183486238534
HKVVRYAS,4547.660550458716
YNHQQWVLEYHG,15404.325688073395
QPYFNEWGNHD,9763.252293577982
QPAKHDESFYWV,8210.04128440367
PSNHWNKHPHDV,2715.816513761468
HVANEDSYNL,2445.8440366972477
RLGLAREPWKA,4784.018348623853
EHSAVGFENHDL,2417.169724770642
PNEPAVSEYNDS,1580.3394495412845
WQHAALRPNLG,7630.408256880734
VERYKEG,1549.151376146789
FRENYWFWDFWK,21992.674311926607
LQALLFWDS,32637.201834862386
EKFEQHRENL,1728.3853211009175
PVGKWAGQPHV,4015.908256880734
WHLAGRDLQEHA,3471.0412844036696
GPHHWDLG,5140.522935779816
QEGVRWQYDG,6267.431192660551
DEGAKDLSG,877.0091743119266
YSWVDRKVS,4440.366972477064
NNGHDENS,1133.954128440367
ARSESNALS,1135.7752293577983
FNQLYNLWKHVA,10139.821100917432
VGWDWALQRYNK,9551.41743119266
PYGNFRDVLPV,11206.334862385322
QLDGNAFYWHDS,11456.357798165138
YVHYPWSG,12882.321100917432
LGPEKQRPNHL,1896.408256880734
VFESWDARPG,7064.435779816514
RPQHQYWQNDL,7543.706422018348
PFAWKKHS,3304.440366972477
WKKFVNDG,2637.5963302752293
WWQHFWDAG,18992.004587155963
DVRLRNLGRNHA,4203.857798165138
RFSKSRALSG,2300.0504587155965
QAEFNKARKHAG,1233.5825688073394
NRGRYAYNKDG,2886.0137614678897
HPRDNKG,1047.032110091743
HNRGPLSG,2659.559633027523
QRSAGRHPWHA,5838.004587155963
ERDEASEWVLS,2234.3394495412845
LRHLWANHDLS,8729.587155963303
VWLAQWSG,13278.288990825688
GEFEVKVALSG,15870.573394495414
YYPNKFVALG,9219.651376146789
GWARSYWKDA,6120.362385321101
VKSEHEALG,932.4724770642201
SYNDKQRPYDG,2785.6926605504586
QESDLENQVLG,1079.6284403669724
DFHAEAQREDAG,1177.633027522936
HASEGPHAPAL,2005.073394495413
SQSDHDLSG,1245.0366972477063
DGWAGFVFWKDS,23298.51376146789
LPWHKHLGQPNK,3171.3073394495414
WFWRVLQEYVG,17300.22018348624
DPAGVFHLSG,3621.9816513761466
PDRPWYDARELS,5410.311926605505
FWFEWGYSGNKS,4364.642201834862
AQYAVSGHVL,5718.394495412844
NYNPSHALS,3378.0963302752293
VPFKHNSG,1641.894495412844
WRRPSKLSG,3354.3119266055046
QDDDREHS,1147.0229357798164
NHHVPKEWNHSG,1844.9036697247707
WSVYAQNKV,5444.366972477064
PPFHYNDVL,6282.55504587156
NLFSYVQYG,13760.394495412844
WLKPFDLG,10261.885321100917
GLRGDVALS,2875.8440366972477
NDLQYDRNRENS,1955.6834862385322
NKQSSGYWHDS,2534.330275229358
QNHSNQPKQFN,1846.394495412844
QQSRYDFPYWS,14235.412844036697
QDGPKGAPNK,872.9587155963303
GYVQNPWVS,8810.004587155963
AKKVSELSG,743.197247706422
QEDQGQDGKV,721.197247706422
DLFRAEDANV,2016.3256880733945
KWWVKDLG,4523.844036697248
AGYLKGPYWASG,7632.793577981652
LKFQWSG,5807.004587155963
NPHSWDRYVS,6974.995412844037
KPFWNEAL,3457.6743119266057
KNARHRKSG,758.4266055045872
SEEDGHLS,1446.4587155963302
YGDFYSQRVL,10198.839449541285
HHAHQHASG,1568.3256880733945
QDDNFEAG,1310.5825688073394
NSLRYKDWKA,2999.9816513761466
RSWPQYLSG,7425.715596330275
NPDWLPVL,8346.477064220184
HYDYEWG,8173.807339449541
SWHLKRYHDVL,7699.844036697248
PEGERYKDAL,1533.6100917431193
EYDPQFDPWDL,5647.229357798165
HLWPWQFPWKA,22714.440366972478
DWHELALG,6021.738532110092
WQYVEPRYLS,19726.032110091743
KKLRLFHLG,4184.348623853211
NRYSWGFPKDG,5784.091743119266
PHNFEWPYDV,10535.733944954129
PYDSQAGYAGRH,4490.082568807339
RRKELPWNKVL,1821.2706422018348
FGEKFHDLQAG,3069.440366972477
NYKVNFPWAL,13947.201834862386
KVKKRKVG,702.2110091743119
SEPYRAKHDS,1326.5229357798164
FEVWNKSAQWDA,3626.4311926605506
LPKPHSEYNG,1443.802752293578
LSWHYVFRHAS,10880.371559633028
YWHHWKHFEPK,3747.3440366972477
QHQAVAGNSG,987.1559633027523
PSAFEFDSG,3112.5183486238534
RQLFKYAG,4821.211009174312
RPGNWKVNHVL,4838.784403669725
RFGQREPRKDA,1567.467889908257
PNYGHLYWKH,8003.376146788991
NRGGHDVAG,1642.1788990825687
FLHQSRKG,2112.619266055046
WHRWGEKGFHDS,4290.715596330275
PLVPKSGKHV,1530.0963302752293
WNDYVARLEYHD,16550.188073394496
DSVVNHVLSG,1731.3302752293578
GVAKLPLSG,1602.105504587156
KPVYHFRSG,3010.5688073394494
EVEDGKFRNHL,1878.3302752293578
QDFHDLGPHPYN,5722.463302752293
FAPSGWVLFRK,14054.555045871559
KHGGRPYHKH,2147.5412844036696
KGSEPVRYWHDA,2591.0091743119265
QPPPYNRPNG,1699.894495412844
KVLFNHFPAENA,3445.52752293578
WNFDWNLRDV,12800.197247706423
RPHFVEAEHD,2633.091743119266
FDSYLNAPVS,3784.848623853211
KSARKSPWNL,1817.4449541284403
ARVPFRALG,4736.738532110092
SQGFLRAS,4804.908256880734
WKLHENWVLSG,7187.701834862385
SLYKDEPG,1247.9174311926606
WQKHLYEYVA,10913.399082568807
VFNDFWVSAG,10910.495412844037
DESWLKASG,2211.243119266055
PFLYNYWKDA,8858.51376146789
AWQSRHDALS,3660.256880733945
FHDLYDGNQYK,3947.559633027523
ELAGVLGKV,1679.2660550458716
QSGNFWNENAG,2825.0091743119265
SFYSDFPDLS,8136.908256880734
SYSHSWAG,4421.224770642202
RRGQKFLG,1713.073394495413
YNQGPNRENKHS,1306.0688073394494
FRKDDKDLPVAL,1615.3073394495414
QDQVSFSQPYD,5098.834862385321
RNQDRKLQS,893.5688073394496
KEEYDNSG,924.0779816513761
ESYFDSYNKHD,3111.2201834862385
NRLFHNVALS,7465.766055045871
KRGLEKG,800.7247706422019
PGPWGEEKHSG,1539.954128440367
WQRNEQRYDVL,7878.40366972477
HYNNSNAG,1966.8165137614678
RVKGDAREPNDA,1111.3532110091744
HGDDPYNHDLG,2977.087155963303
QNYPNVAEK,1127.01376146789
RQLDAKASG,1254.2477064220184
VENNDNKDALSG,1055.7201834862385
YARYPYGRHL,9458.37614678899
GHGWLRHALG,8118.288990825688
RHYQGPKLG,2651.9495412844035
FELFPREWLRK,7566.45871559633
DEYWYSFVS,24210.091743119265
YHLVDGQWNKA,3665.435779816514
FDKWEKDVASG,1624.6743119266055
SWVPARHASG,3564.5688073394494
EDAFVAGDEWND,3206.793577981651
QFVGKLQELRNS,2639.1009174311926
EPEHKLGPWLG,4549.165137614679
QRHESGRRYKHA,1809.2522935779816
RFQQPNALSG,3023.6926605504586
VYNLNENKDL,2037.665137614679
ELQVVLYWNALG,49001.04587155963
YYKEQKVG,1854.5504587155963
RDNKKGYNKAG,945.1880733944954
YSEAFPNYKDVS,4035.064220183486
FKRQKAPWHL,4438.775229357798
VHGNFWVG,9941.715596330276
WLQQNKGSG,2216.9174311926604
EFHNAPKS,1307.6834862385322
KDDDSGPYKDV,1033.8715596330276
FAGYDWKVQG,3879.7477064220184
NLVPNLNDVLG,4376.256880733945
LVLWQEALSG,8727.059633027522
DGWWVRNVA,12453.518348623853
LPEYFWDVLG,11203.518348623853
AKPNFDALSG,1855.2844036697247
ENHLQDLNSNDS,1313.3623853211009
LYKEWWHDS,6416.0
GNKQYRNKHG,1361.5275229357799
FLSWNRHFEPS,8639.848623853211
RWHEAQRNGPDS,2524.9908256880735
DHDHFVALG,4745.683486238532
PAFHFNGQFW,28252.949541284404
QLWSVLSWKHS,11230.128440366972
VPWEHRNLG,4187.3302752293575
PNVFENGNKNS,1622.6605504587155
PPSDANLSG,1130.0
NLHLFVKDVLG,15476.215596330276
KENDLSKFWKLS,2769.3669724770643
WNQQQPWNKAL,4910.307339449541
EDKRNVEVAL,1358.9174311926606
AGQGDGRPKSG,1079.0642201834862
WVHGSGYVA,8236.266055045871
QDSYSYWRAG,8058.761467889908
ESSYDEKHG,1088.2844036697247
GKSVPKDVG,803.8899082568807
PQRVGPFWVAG,11125.834862385322
WGHVAGWPLSG,13982.899082568807
YQNEEVALG,1872.8990825688074
GHFYENSG,4463.784403669725
QWHDFVGDLFHG,14335.963302752294
LFNHNSQPNHD,3336.435779816514
PVLLDVGYWK,23520.215596330276
RNPPASRPYKH,2697.6284403669724
EWWVQNDQVS,4201.573394495413
DYGWFNDAS,6495.9495412844035
FAEQKHAPYLS,6010.857798165138
ALQWEWVLDLS,30775.110091743118
WFVSNKSFKSG,7001.105504587156
AKQHESG,952.2018348623853
VSRHVAGREALN,2081.137614678899
FFEFALQRENLS,8735.678899082568
EQKRWLFPWHL,16579.908256880735
FSYQAGEPN,2292.8669724770643
GWNSKHNVAL,3456.3256880733943
YPLAEWSG,4626.454128440367
QELYLQKHWA,8599.022935779816
LPEAVLG,1399.2339449541284
NQSQSKVLS,1095.2706422018348
YFEYELPHDAG,6153.715596330275
EEQYQWLG,5117.380733944954
GNFYARG,7125.142201834862
NNQLWDSG,3706.733944954128
VQWGRRPVG,4870.266055045871
DPAASVSG,922.9082568807339
GFVNEWSG,6658.798165137615
LPVWDEHG,3810.288990825688
GHDRLPYASG,3686.6651376146788
QQSDHVLG,1372.6926605504586
SWERHALS,4746.3899082568805
WWKWHNKDAS,3465.211009174312
VQELHVREDA,1923.5779816513761
KGYEEYWNDAL,4010.3990825688074
VDEHLYHL,5582.651376146789
YDLKKAGFDL,2992.2155963302753
GPHYDQLG,2976.8394495412845
NGDQWSRPYKL,7734.711009174312
NDHYRNDG,2656.678899082569
GDRVPLSG,1789.866972477064
GPKKHEKVAS,660.0137614678899
QHALHQEPKVSW,3821.756880733945
ENRDKVRWAS,2211.059633027523
DVFRPVNKRYD,3727.619266055046
HSEWEVALHVL,19880.75229357798
RAFNLWVQFKHA,18124.44495412844
RPQVEKGEPND,1005.0963302752293
FQQWPSG,5695.201834862385
SFLYSNLS,9963.146788990825
FPDYYNKLRS,6549.802752293578
LFEVESPKSG,2412.119266055046
RNQNHVQYEYND,6248.366972477064
WQNFWKKHD,5343.440366972477
RPFEENALNKV,3208.5412844036696
DLAWVHDSG,4528.105504587156
KWNGQSFNHDLG,4104.399082568807
WFQHLVSG,12108.715596330276
SDRDFKHVL,2855.587155963303
QHSRKAPARVL,1759.8440366972477
YGENDQFYKSHD,4496.44495412844
DVWGLGQAL,6491.01376146789
GRDSSQNS,1106.880733944954
LGNKNDLFRNS,3042.059633027523
WVDPVSWNKS,5092.931192660551
FHESPNQEDVA,1563.6559633027523
KEKHDSSPKVS,585.3715596330276
KNKEQRPYN,1237.7568807339449
RKPSWSKDAG,1197.1926605504586
HLSRNNVAHDL,3577.816513761468
SPRWGHSG,3569.4633027522937
PQPKYLSPG,1825.573394495413
FHQWRWKEAG,3848.9633027522937
EYNREVAEARHS,2346.316513761468
EQDQQRDVA,853.3532110091743
ANYKFSG,2738.1100917431195
QFSPSELQNHSG,1825.1880733944954
PNQVYVSNA,3874.5412844036696
AVYWAKS,5582.275229357798
LYAHRLG,6110.133027522936
PKVEKWAEPNKH,1387.3853211009175
ERKKVQYHALS,1448.98623853211
RHSGYNPKHVRP,2996.321100917431
AAQFKRDG,1683.045871559633
RRVHRYVG,4037.1284403669724
QSSLSNALG,1798.6422018348624
QEKLFDGFEHPV,2986.7477064220184
AFGAFDVS,6066.353211009175
LHLVAPHAG,4705.637614678899
FVEDRSFPWNG,9063.761467889908
AVYHVKSG,3112.802752293578
QRSQENPVYDLS,3428.5
NAEYGRYEWHD,11080.926605504586
HRLHQYLSG,6578.371559633028
EWNFPDRVGQES,2389.233944954128
VWQNFHASG,5885.293577981652
HSWYRVLG,13894.022935779816
GKPFYVAG,5382.238532110092
WPPDEVAS,2147.4770642201834
KYLYWDPLG,11745.178899082568
HFWNPHDYWAL,21555.6376146789
WWLAKDVASG,6152.518348623853
VEFEFNLS,12966.100917431193
KEHRSPLSG,1432.3577981651376
WGFLHLWKHL,17186.60091743119
DLFEGHGPWKL,11257.715596330276
RAKEDQNDL,916.5275229357799
NAQWHDRRKHL,4599.353211009175
ARFAVAG,4037.4816513761466
VDQHQWG,3541.8853211009173
FDEHNAREKDVL,1982.6467889908256
GVQSKLG,1236.545871559633
QGQPPKSPYV,1623.2935779816514
QRPNWSFWLQVA,31015.29357798165
WFWDEPNGVAG,6351.211009174312
KFWPLPWVLS,26232.564220183485
VEWHPVEYSG,8305.362385321101
FLLPGPHAL,12157.30733944954
WGQAPHVNA,3858.6880733944954
RFWPSDVALS,9280.467889908257
SAHLSNKG,1619.7844036697247
HYLNFAG,6922.646788990825
NWKSALQWNKH,3558.5412844036696
QGQPHRPVGYA,3859.701834862385
EQPSVGEPYDS,1109.01376146789
LKEVDASG,884.4908256880734
LYALDLNDVL,12557.825688073395
WYYNEWHVSG,11741.963302752294
FHDQFAPSFP,10620.270642201835
QRRKFHWKHAG,2233.1651376146788
FGQKNAYWVALS,10845.064220183487
VAERQPHDVAG,1671.2477064220184
KRKKAKVG,622.3899082568807
KVEWVLKPKVA,4669.779816513761
KQPDSENDAPD,749.3073394495412
HAAWNLNKHV,4043.47247706422
EAAVPHALG,1413.0
RVNQLQNVSG,2089.243119266055
WYRKQKG,2089.0183486238534
LKAEDNSG,805.683486238532
VAADEKSG,670.6192660550458
QVESAFEYHSG,3665.8394495412845
GWLFRKPLS,7526.793577981652
WHHKKHS,1812.1788990825687
FNSGWDVGKDLQ,3089.5412844036696
PVKGVAWDVA,2899.8073394495414
WFAELGNKHV,7207.871559633028
QLEVDLPHVAL,5922.463302752293
NEGWFPSG,7184.577981651376
PSVPFPVLG,5059.477064220184
HYDSEWVFDVA,12385.779816513761
FDPWVQWHSFN,18909.119266055044
KPKQPSNKDS,840.183486238532
HDFWFEHDLRNV,11865.908256880733
NGFNNHQHLSG,3406.623853211009
AEPQDFRPNAG,1361.073394495413
QNDRPWDVYNSN,5067.692660550459
DFKSALHDVA,1922.5091743119267
AYAARKVASG,2054.5
NQVFDRHG,3495.743119266055
NRAPLRPG,2880.623853211009
AGDHDEAG,1058.133027522936
RQYPNQFRDA,4504.178899082569
RYVFVSRYVHA,28713.93119266055
YKSRRNVLEHD,2445.9266055045873
LGHYLQHG,4610.137614678899
QHQDNHGHAS,1429.0275229357799
DEKGWSPWNV,5129.54128440367
LPWEHWNHDVA,4814.935779816514
RRVQVYNALSG,5902.633027522936
GWHQVQFPDVA,6248.637614678899
YKAWFYVRWKVA,16226.495412844037
RLPEVSGDS,1252.834862385321
QFYYRWHGKVL,8892.701834862386
DWWKWDASG,4436.059633027523
RSPKNAGPWNKA,1404.4357798165138
KPDNPDG,753.9266055045872
NFDNQALG,2493.0504587155965
APAGQWLKAG,2128.9908256880735
RKGKHHQYNAL,1741.6238532110092
RHNEEKLG,855.743119266055
WQGDQNLG,2775.5688073394494
NRLKGNSG,1252.5366972477063
RWADPKDQWHDL,5682.981651376147
WSGGVLFWDAL,29341.344036697246
VNSYWFALS,16999.876146788993
RPPLAGDVAS,1404.7706422018348
KAGWKSGHKHDV,1542.3577981651376
HYRLPHALS,5659.417431192661
ENSSLSPWNKS,1324.4449541284403
RRFRWAWHDLS,10939.954128440368
RFSEVHSG,2902.9495412844035
HVEFVLREWA,31209.655963302754
LAQWRWG,10200.80733944954
ELFGAGWVAS,6955.688073394495
KNQDYWVAS,2465.770642201835
HKEPFEYNLSG,2156.7155963302753
LGFSDSQNVG,2374.408256880734
FGSQQPVALS,2221.6009174311926
QGHNQNASG,991.4862385321101
PDENLFDSKLS,2666.3119266055046
VLRSKVEPHDG,1581.5779816513761
KADHENLSG,763.954128440367
NESGDEKLSG,674.3853211009174
ANDKGWLS,2092.5688073394494
LWPLYVG,17825.119266055044
NFYFFRYND,13609.949541284404
WLAPNHRYH,9525.58256880734
EVWAFRDPVLS,9477.577981651377
FGSYDYG,5073.931192660551
KKAVNAG,643.5504587155963
NNDLKREYNDS,1104.1100917431193
DKRYYNASG,1695.9495412844037
GWKLKPHG,2412.8394495412845
FVLDEAFWHSG,8754.440366972478
YQEAKSFENALS,2006.5642201834862
QDFRLWLQFKH,13575.48623853211
DRQVSYNDALSG,1981.4311926605506
SRPASDLFEP,1432.9174311926606
EAFLASHASG,2761.045871559633
GPLGLRWDVA,5215.334862385321
WFKESGEYNDVG,3218.0137614678897
LASRWHAASG,4155.073394495413
KAYELFYWHDV,12033.30733944954
QKRRDFPYWN,4775.954128440367
QQLAYNG,2710.3440366972477
AFHSPQRDLG,2761.4816513761466
PHELVEPNVG,2030.0275229357799
QDPSEWREVG,1581.2247706422017
DQFDLRELEYK,3594.1743119266057
QSYNWAFENLS,7701.6100917431195
EGQWEYLFRKV,10802.119266055046
YWRERYSEPNKH,3534.321100917431
HQSGKHRHDL,1762.165137614679
AKHAHPYNVS,2207.6146788990827
HQNYENALS,2091.3348623853212
HWNHDPFYKAS,6281.467889908256
SWSSASG,2235.9311926605506
KYAEFYKVG,3879.2201834862385
VSGRGKSFWKLG,3448.422018348624
FVKSKAQNDA,1014.5
KHDVWYNKGG,2222.0412844036696
PYSYREPASDV,2605.738532110092
RRRKKDSG,600.4357798165138
QDLVWLGQRV,10113.87614678899
RPHDSSQKLA,1150.1880733944954
VASYQPWQPKLS,5350.243119266055
YDQSVAQYHVAL,7538.155963302752
LNPWAKLSG,5094.9495412844035
HLFLEYVWALSG,22107.61467889908
QERPFKGYVLS,5116.201834862385
KNRWWNVAL,8208.371559633028
GAPWGYG,9740.302752293577
VFALHQREASG,2864.47247706422
FVYLNFREYW,23642.949541284404
HSDEWLPSG,3205.4908256880735
FVEQYNKEDG,1693.8899082568807
GQRSNHFRKAS,1695.2064220183486
EYYLEKHAYKG,3677.3394495412845
PRDLEVSDLSG,1887.848623853211
NYDAWVQKLSG,3686.5963302752293
AQLEQWHG,2876.605504587156
LGNPNHSEWHDA,3708.238532110092
AWFDWAL,21338.871559633026
RQDYAYSG,3686.229357798165
AEHFGFALS,12101.79357798165
LHLWSDASG,5450.091743119266
VEGQDVAGWKHV,2837.293577981651
WSSLQWSG,9989.394495412844
YQRRFKVAG,3520.454128440367
QNEEPSPNKDVG,788.5779816513761
PEGKEHALG,1085.0688073394494
WWQHAHLG,9436.298165137614
QQEAFKFYVALS,27417.188073394496
RDYSVAGWKALS,5066.252293577982
WQRPAWLEAG,6061.018348623853
YHQHGPGREYW,9548.577981651377
LYSAVLS,7174.128440366972
AWSNSHLG,4573.912844036698
ASPNVVSFNDS,2392.9816513761466
KVFDWEPNHV,5095.09633027523
DHVQRPGYNDG,2936.6330275229357
NRENRDLRNKAL,2300.243119266055
PGNVNHQRAL,3237.0733944954127
ADVQKYHLG,2030.8211009174313
YVPFVGNHDVA,4998.582568807339
PGAVFRAG,3932.3119266055046
SPKADSYKA,720.8119266055046
AEDYQWNKHAG,1925.4036697247707
EPPKHYNPYWL,10410.633027522936
WQLWVNKHDVA,9596.316513761469
DELNLELG,2559.137614678899
KVVLWHGQPYD,13431.54128440367
WLRGSFVAG,11331.990825688074
VPNVLGANVL,2840.0
AWVQDEVG,2535.4862385321103
WLWVGVSENAS,10153.06880733945
KFAHVWHLG,7418.1100917431195
NHSASFPSGFWV,21751.70642201835
RQHRRHLG,2862.967889908257
PARHSPVGRWH,6797.697247706422
RSSVLWDVAG,5346.073394495413
QQDSSHDVALG,1473.1284403669724
GFEPHSKLQNLS,2397.738532110092
KGPRFRLSG,2626.376146788991
NVPAGEGQYNKA,1131.2568807339449
PAKDQKSKDA,573.9954128440367
AYYHKVG,3361.830275229358
VAFGPNVKDA,1967.380733944954
YFLEDALSQPA,4865.688073394495
DKFPFYWA,12176.495412844037
NRASSWVG,4601.293577981652
QNPAQYYDG,3563.967889908257
HQRNLQVPKHS,1986.032110091743
NRAADSG,1089.2018348623853
HFQKGQASG,1567.6834862385322
LWSFNWAG,13167.48623853211
SFFHKALS,5045.779816513761
PLQFPSPHWLG,13565.784403669724
ALVNVLVLSG,45213.30275229358
GEWARPKQDSG,1874.4357798165138
RHRPPWDLKHS,3904.211009174312
WLSWGYKSYKVL,11904.577981651377
KQDNWDAS,1538.8577981651376
DNEYQYALG,4636.371559633028
SNLNDWASG,3449.3348623853212
FRFFEHRVLSG,9925.325688073395
PVVKKVSG,1404.6100917431193
VEEHYKDVA,1455.573394495413
GREDWGQEPYN,4053.9495412844035
EFEGDSYWDVS,6277.454128440367
DWRQWDG,8110.435779816514
WNGQVQALDVL,6458.40366972477
FNQRVHQEPDV,2215.9770642201834
SLFDGLG,4677.142201834862
DVADWNKAQDL,1485.7752293577983
ESWFALSEPNVL,10084.454128440368
LYHNHKDALSG,2291.5412844036696
GRPVHVGEWNHS,3186.3990825688074
QNGFSKVSRWH,8136.940366972477
NFHRYPHSG,5583.266055045871
DVHDGWKYDVAG,3258.0412844036696
DQKHYLEYKHD,2527.5504587155965
VNAFQNDVLSG,3372.9036697247707
RARRDSENVL,1741.8715596330276
ELGPREPLWKHV,3193.6605504587155
VRLRHQWG,7397.266055045871
YPSSFPDAS,2444.894495412844
AWEWYHG,14562.857798165138
GWRHSNVG,4900.5091743119265
LAKAYLSG,3647.0183486238534
YFQQALSG,3622.821100917431
VVLNHEYKDVLG,3695.9770642201834
FVRKDGAQPN,2115.376146788991
DPQNHFVS,2478.243119266055
ASRYDKSALS,1801.9587155963302
WYAALPDG,8290.532110091743
AGYPLEYKAL,6156.321100917431
VDAPRPSG,1455.9495412844037
ALNSSGHVA,2087.5366972477063
LKLVFLSG,35108.6743119266
NWSEVLVG,9257.995412844037
EPGNKGFPYKQN,1847.2339449541284
LHQNFVSG,3764.1100917431195
FEFDLRLRPN,10403.573394495414
RQQFNSPYALS,7322.522935779816
RQNSQNVAKLS,1394.0412844036698
HKNSQRYHLSG,3116.1559633027523
RLDFYAQWVG,16114.655963302752
NSDFLWNKHD,3726.330275229358
LHHLEVLG,4656.371559633028
RWLDDSGYVG,9941.41743119266
PAYQVQYNKD,3729.270642201835
NHLDGFWEPALS,12650.88990825688
LRVYQEASG,4422.1697247706425
NGRHSWHQFAS,8512.683486238531
APSGDELSG,898.8669724770642
NDKFHSQENHS,1382.133027522936
NWRVEAG,3831.8990825688074
HQHHVKVSG,1602.1605504587155
PQWADQYNASG,3611.0229357798166
QLLWDLWHSG,14987.201834862386
EVESGREFPNHA,1724.6238532110092
QADQDVFKHVSG,1923.211009174312
HPWHWYWKLG,17382.25229357798
LWDDAENAL,4347.779816513761
FRRNNGFKHVAG,4049.3577981651374
YKEYKEVLGWH,5524.366972477064
GRPRDQFPKDG,1691.9633027522937
ENNAKAPNAL,963.8256880733945
YRSANKALS,2194.1100917431195
GVQDYDSG,1941.3394495412845
HAVPVRPG,2376.6651376146788
RYYAVSRHDVG,6661.779816513761
PRHWQRNDV,3857.876146788991
YSVARNRWA,7207.366972477064
EDWGGQNHVL,4032.4036697247707
YNQADALQENKA,1161.3761467889908
KAGVDVPWVAL,6986.385321100917
NGDDLPSG,1272.605504587156
SQVLGLKDSG,1614.4954128440368
KWFLFDSG,12731.059633027522
HEVFGQVL,9057.40366972477
KGALAGKHDS,1016.3440366972477
YYAPVNDVL,6573.692660550459
QFNRKAKVFWKA,3087.330275229358
GSGYNDNG,1932.8440366972477
NFDDFPVLG,7897.894495412844
APRPDPLSG,1284.302752293578
WGHALQEDFND,5127.233944954129
FDFPHWKHGYWA,14704.724770642202
YSKGENKPWK,1605.9495412844037
AERPEASG,1009.0642201834862
GYQYYVG,10293.802752293577
DGRDWAENG,2613.6330275229357
EFSGLPHVS,3307.5229357798166
KNQRPVYSG,2712.591743119266
DKGWGHSG,2039.9495412844037
EGRLWSPWNKS,4949.94495412844
PEELDSG,1234.0688073394494
WHGAYDVSVA,7555.454128440367
FNRNDQFQNKV,3190.853211009174
RNVWDSEKSEDS,1337.9311926605506
PQKWWVLG,8775.871559633028
GWDWRKALS,6873.1100917431195
VAKYFWVLSG,15072.688073394496
PNDFSRSYWVS,12880.747706422018
QNDNHVPDGEG,1390.7155963302753
NLFNHVRYHQPW,20742.784403669724
LNSPWVPS,5309.288990825688
WNQPSEGEPWNS,2592.761467889908
RNDFLFNYKVG,9186.935779816513
EHHAPKVKDA,830.1238532110092
ENGNNDLRHD,1781.151376146789
ENWNFNEPHVA,3922.197247706422
RSARVARPNV,2012.0825688073394
SNLAGKG,1225.5550458715597
SVLEEHSG,1664.8532110091744
AWVFQALG,16814.449541284404
SGEGEHVHAG,1626.9311926605506
WPFFHASG,16731.660550458717
LQFHAYHFWNH,15997.977064220184
NNKENLVLS,1987.9495412844037
QHGYALQPYED,6624.802752293578
HNEPLPG,1549.151376146789
SFVADGWS,9210.20642201835
NPPWQELG,3506.577981651376
EASRKFRGFKVG,2708.5550458715597
RFSSVALG,5902.472477064221
HKSRKNLG,1029.9724770642201
NKSKEWKQEDSG,922.7477064220184
VVRLYVALSG,31530.963302752294
YQWDWGQFNLS,17263.633027522937
EWGKQRNQWDVL,5737.408256880734
ALAWFWHALS,19758.275229357798
SDPFNSG,1969.380733944954
GEDQREFEKVA,1032.059633027523
DWVRQRDVA,3221.908256880734
VGDRHGREWA,3428.587155963303
WRFVKVAL,23108.4128440367
YADVNQPWKDLS,3408.5733944954127
VYSQVQKVAL,3739.3440366972477
SQAWYHALSG,6589.577981651376
RQVQRRVLS,3121.940366972477
LWYVLDALSG,14612.266055045871
PQNDWVWAG,7010.3302752293575
QWYGEHDSQKA,2188.293577981651
PGEVRVHVS,4507.747706422018
WQPWQAFNVLG,19329.467889908257
DHENPDVA,1303.288990825688
NYWGLEYWNKHL,12832.93119266055
PYNHEPDRKNDV,1493.98623853211
WVWSQNLYVG,19191.866972477063
DAWGDVGNH,3614.3440366972477
WPYYGVLG,19949.967889908257
AVESVAG,1163.165137614679
WVFNLRVVAG,33420.33027522936
PFEFWSYG,20857.545871559632
KLGYLRYGFRAS,9955.857798165138
VVQRKWAG,3265.9587155963304
LRKRFNASG,1888.1284403669724
RWKFVEKQRNK,1332.119266055046
AQRVSFFRWKG,9157.733944954129
FAQDVVQYKS,3167.211009174312
AHSVDLG,1521.573394495413
FRFEQRVQRDL,7213.266055045871
KSEVAEQPAS,882.8807339449542
FARFRALNKDVG,4256.133027522936
WYSRAPHLS,7964.862385321101
VHQRSQDG,1400.4128440366972
LFFYFRPVSG,10886.02752293578
KLKPQYNDVLS,2114.3256880733943
WAAEHGKHDAL,2256.045871559633
WGNLAEHVAL,7873.504587155963
LRNWWHVAL,17832.211009174312
KNDYPDLG,1491.954128440367
AEKPSFRLG,2349.8669724770643
QYKWVPYAGSG,4439.284403669725
HDHVPNRWNVLG,4955.5504587155965
WGKVDQRYDLS,4758.5
VLSEFPAPHVA,4733.211009174312
YEALALNG,4133.775229357798
YELPRVSG,3378.2752293577983
HGRHAGKHVFNK,2090.1422018348626
YAQHDPVSGWN,3802.3899082568805
HRAESNLG,1600.7752293577983
SQDHLQRPSG,1365.334862385321
YDLYQEYQFKD,6709.068807339449
WGPAFSRSG,6450.95871559633
SWGWGNLG,8120.724770642202
FSHQPEKLG,1746.4174311926606
RVKYKYWVA,4406.275229357798
AHAYQHSG,1741.2844036697247
PQHQAFWVAG,6488.784403669725
YVFKRFWKG,5891.463302752293
EDFLNGENKHV,1527.2201834862385
RVPLNLRHVAL,7731.665137614679
PSQFDEHWKDL,3063.587155963303
FAAVYAG,5997.9908256880735
KSAEKQPHSG,673.2155963302753
GKPDLELG,851.5091743119266
AKKALKVL,843.9082568807339
HAEAPWRWALG,11606.660550458715
PHHLYDPNG,2560.788990825688
YVWWGQWDAS,9902.665137614678
VEREEWSG,1625.1743119266055
YLKELVLSG,5362.54128440367
AKGFHPDLG,1863.0
AWRDVYLSG,9789.944954128441
LPGRKFVLSG,5302.082568807339
DRYWPGRNLS,5724.394495412844
AWHLVSYDLSG,12481.224770642202
YFYWPNLFYNA,6010.128440366972
LVQWPKHDVAS,2810.880733944954
SFLSVYAG,14662.674311926605
HFHHNSG,2602.169724770642
YVRRYNKSHAS,2497.646788990826
KVAPSRFPYVAS,3363.9908256880735
RKKPNVAKV,654.0366972477065
DNFKNDASG,1055.8853211009175
GSQAELG,884.894495412844
APLHYAG,2545.651376146789
KDQAPDREKHVG,795.440366972477
PEYNSGGFKHG,2833.862385321101
SGVQNAEPVG,1285.8302752293578
RYVFDAWVFNDL,32426.224770642202
HEYKSLEALSG,2057.1146788990827
KLEQWDAEDVAL,2721.1146788990827
HRWESYNDLSG,4809.371559633028
FGDKYNHDVS,1965.926605504587
GSPHDRS,1331.4908256880733
NDSEDHLSPYK,2039.0275229357799
DVRKRNVFRPH,3009.683486238532
GESKLQDVL,1451.4495412844037
EDFSARWNKS,2000.954128440367
KELQPRVAL,2642.119266055046
LKLHRVASG,2487.408256880734
VYNDLKFWDAG,6071.45871559633
PNHYREDAKS,1567.5183486238532
EQFAYKDQFWG,7381.532110091744
FRGPKVRLGEV,2332.6605504587155
DPYQDLQYHD,3736.6743119266057
QPWFNDQVLEH,6858.142201834862
FQGWPHLS,10839.935779816513
PPKNPYVSG,1808.133027522936
QGFYKVDHSG,2976.766055045872
QLDEQVLG,1609.6559633027523
FWHDDYWSGKDS,4980.155963302752
EYYSAQWNDL,8343.0
WLPAKYWKDSG,4107.408256880734
RKLEPLRPNGLG,2389.440366972477
EQFNLPVEYKD,2861.8256880733943
FKAQHQPDSVAG,1372.7706422018348
DLWDQPAVALG,5451.068807339449
HNRWFPLS,13707.550458715596
WRAQGFDG,7209.059633027523
YLLDSDLG,4793.637614678899
FHNNQALS,2179.743119266055
ERVHSYAG,2064.6422018348626
SEAHSQHAG,1446.5963302752293
LRWGEHRESG,2694.440366972477
NHYRSGNKVS,2055.669724770642
ADQGKHSG,952.302752293578
EAPKLAGQPWV,2622.3990825688074
YSVRPVFKS,6940.8302752293575
FDAFLRLQPNH,11665.816513761469
QLWQRNHQWH,10077.422018348623
DGYDHQWVLG,8341.11009174312
FWLPFYDGFWV,32467.004587155963
QQFWVFKARWD,29317.201834862386
YNHRLVLQRL,15689.93119266055
SFDRFWDS,9493.325688073395
YSEGEQNLSG,1583.1146788990825
ANGLSKSG,1105.5275229357799
VNSHWHDAS,3202.5825688073396
VRELDEWHAG,4069.5504587155965
NLFNDWVLDVL,20711.403669724772
NPKAYPNS,1457.9036697247707
LFPQVRWKH,5251.972477064221
NRFYNNG,4976.706422018348
ANKDRPYDPHA,2194.6559633027523
YEVVLNVLG,27598.788990825688
VQFSEPLRWAG,10174.770642201835
QDHRHGPDALS,1978.5550458715597
APKSHQYHAL,2141.151376146789
KLGDWKVAPDL,2271.6284403669724
SGGLKSG,1243.1926605504586
KASVLFAYWKSG,10862.908256880733
FWLVRPHDQFPW,30275.577981651375
FESYWAQPAGWG,12407.839449541285
YKHGLDQFRWS,8996.454128440368
GKVWARKG,1682.51376146789
DFRASKFHAL,4806.6100917431195
LHVPEVLS,2585.270642201835
HVGNDSEPSREW,2990.646788990826
LRQNLFHVS,7719.802752293578
ALKNNKVLSG,1575.3073394495414
YQLWWLSG,17268.155963302754
SYGYLPAG,4665.45871559633
PLLLRKVALSG,15091.61009174312
AEDQKRPWKHV,2166.954128440367
YQQLRHDLG,4571.233944954129
KRWSQSQFEDLS,2878.7201834862385
NRVQNGFRWHS,8365.284403669724
NLDGAFRYHAG,7678.6697247706425
WFGYWEHG,15188.56880733945
SPVNNDVAL,1676.4633027522937
YPYEEKVSG,2023.5963302752293
KVQWHQWGRPD,6272.59633027523
HADQEGRWKHDL,2524.4770642201834
YQLVQEHVALG,5720.788990825688
RDFYRWDQNKAG,4056.3394495412845
VWNGVQRNLSG,3893.1422018348626
NFPDGFPDSRWV,14145.151376146789
QVFKEWGPWAG,9689.348623853211
PEQKSAG,807.4678899082569
ELKHGDSRYHL,3023.3348623853212
RKKRHDNAG,742.5825688073395
VKPFYLSG,8050.798165137615
AFYGNYKHVS,5645.724770642202
VSKANAKDG,879.2385321100918
GESQYESG,1601.2431192660551
DSDQYQFVLG,8200.834862385322
KSYEDDALS,1358.3256880733945
QRLGNKADFPWH,6136.784403669725
VFFYSYLG,11970.073394495414
FSHYGHVS,4899.711009174312
KDQNRKEDLSG,870.0550458715596
FSVWKVHG,6125.642201834862
RGWLVEYWHS,23546.44495412844
FRRWEPDEYKH,5053.01376146789
SYDNYKDLS,2509.5825688073396
QEQYSENDPVG,1236.9908256880733
HKVRKFHDV,1927.2018348623853
WKPYRYAEWH,13127.97247706422
PDFAVLSHALS,9571.261467889908
RVQAEVLGNVA,1993.5779816513761
FELAAQFHG,7463.0504587155965
YWVHWSQHVAL,17618.02752293578
WFKEEYLG,6824.651376146789
LPGRPHGYAG,4270.522935779816
WHKPEHVL,3662.6100917431195
FYPRRYVSG,6417.018348623853
WFQVLNSG,11939.79357798165
SHNAKASG,1160.967889908257
WYSSVASG,5415.252293577982
ENKVVQNDGQVS,985.4220183486239
LRLEEPWG,6129.454128440367
SYEAVAG,1745.0642201834862
KSPLGNFENVLG,2028.6146788990825
EEVKAEVG,701.5963302752293
LDERPDVALG,2075.137614678899
RVLGRKPSFEYS,5173.642201834862
DYQKHWSG,2927.669724770642
VAVQSGWHASG,3090.706422018349
AWWDQVLG,9936.669724770642
GPHRKRWNDL,3162.5550458715597
NGKRWSPYNKV,3493.1009174311926
KPVQAFRL,3314.912844036697
HPANLWDG,4400.022935779816
DVFHFEKFYNA,11931.564220183487
VFGEAQFALG,7294.123853211009
GPFDPVG,2370.9954128440368
RKNYLWNDSG,3049.2155963302753
SDQFWKDELG,2572.0412844036696
FWKLRHSEVQEP,2377.3440366972477
KYFKNKALSG,1613.7844036697247
EHNKYVFKA,2921.2477064220184
KQLVNASG,1362.7844036697247
AFYSLFNKHVL,10801.128440366972
RAAQFQNVSG,2661.8853211009173
GQNDYDVSQHL,2948.6284403669724
LWFKLFSG,10858.477064220184
SFDADQYKHDL,3536.8990825688074
REDLNDWQNHS,2644.435779816514
FFLWQEDG,7541.142201834862
PDSHQYWNWDAG,7320.229357798165
PLSEDHDLYWG,9486.729357798165
SKSNFHLS,2553.1559633027523
QSEPKEPWVPDV,1854.4633027522937
RPHWYWNHHA,12596.518348623853
FFAQEQFEPNK,2665.1605504587155
DWRYDNALS,7304.412844036698
QKGSQFYGHDAG,2652.0091743119265
KHFYSFHGYK,5947.821100917431
YLKYASRYNDS,4052.7201834862385
NPYAHRNKA,2095.729357798165
KEKDPDSVALG,976.0275229357799
DQVYDLNG,2476.321100917431
WGNNPKVG,2814.9954128440368
SWVWPNLSG,10409.56880733945
QDGHSPNKDEYW,3309.1651376146788
HEHRNRKHDV,1565.5
DDVLLYHG,9441.174311926605
HFVYHGRENHLG,6138.98623853211
YWPFSGNHDLS,9570.04128440367
FPSFLFWALWHG,28399.128440366974
LEKPSRDASG,1583.0550458715597
WVYFGQDG,11003.711009174312
REHDKHQKSPYD,1295.8623853211009
LNKPFWVG,10373.477064220184
KLWVWHARHA,8175.692660550459
RYKAVAKQHLS,1628.8990825688074
VENVNEWNKLS,2332.243119266055
FWDKNVQNKHS,1883.2614678899083
RFFHPDAL,9006.80733944954
FPASVSFVDVS,33214.577981651375
SERGRWVLS,7673.252293577982
HEFRAFVAG,8714.128440366972
FARKVKLSNAG,1859.3165137614678
QYLENNVWKHDG,4857.311926605505
RVSKKVGRENG,1063.8990825688074
WNLQDQPQKDS,1512.6467889908256
RPVLNKRYEKVA,2460.059633027523
HRLYWVYALG,21922.477064220184
HRYKWFRNKDV,3288.761467889908
RFENPVSQRKD,2389.651376146789
HEFNGQVALS,3955.4862385321103
NAWDRPKREHDV,1994.133027522936
APHWSYWNKSG,4570.834862385321
PANFNGQFRDV,4665.660550458716
EKKFPKEHSG,716.0045871559633
EVKVSRKAQY,1665.6238532110092
GELWLFRYNSG,14679.518348623853
VWSAALG,6143.224770642202
QFVHLSALKH,5840.3899082568805
FDNEPKARA,1479.1238532110092
DRVQEREAG,932.5412844036697
RDWDNHPYLG,10242.56880733945
FELLGRKGRWN,6097.160550458716
NQPQYLQEPA,1921.2568807339449
WNGVDLFYKDG,12911.495412844037
ELYHLSWGFYK,16847.954128440368
YPFDGWVALG,16953.23394495413
LWAQFRQHDL,10862.41743119266
DYDWGNSG,3233.623853211009
PRNSALYNHLG,4876.059633027523
GQHGWGWNG,7608.481651376147
YRNQPDPKH,1756.7339449541284
DKVDNVSG,864.3211009174312
NYRLDLS,6303.582568807339
VEYSSEKHDG,1821.5275229357799
PPGQSNG,907.3990825688073
QQSVFKSG,1807.7018348623853
WWYDVPG,11031.509174311926
HDRADVGRPH,2359.7752293577983
RYAKNLFREYHS,5059.839449541284
SKPHDPSG,1083.3302752293578
WPLGWENKHV,7311.8302752293575
PWARRENFHDAG,5478.481651376147
EVLKGFVQPWD,10847.467889908257
VADYRYAG,4322.5504587155965
KKSVENLS,869.4449541284404
DVELSVAGYALS,11502.54128440367
PLGHYWKQWA,10344.674311926605
PYWHSDGPLPWH,20632.655963302754
LGDPSGLG,1764.5045871559632
VRDWNLFRYHV,12220.91743119266
PNSDWNVRNKV,2356.3119266055046
RWSKPNGNVLSG,2744.137614678899
YHDPVLEYRHVL,12195.91743119266
VSKNFPYWNDV,4746.59633027523
RGKLYKGKDVA,980.9954128440367
YHQSEHDLPK,1320.5
KSARAPKHDV,788.697247706422
LSSGGKHVAL,2044.8990825688074
HFLQHFWNHLS,12659.51376146789
QGPEPYLRYHG,5798.073394495413
QGVENVQREPKH,1021.6605504587156
RGFSASFEDV,4762.747706422018
SNLYSWAS,6809.853211009175
QYANSWDRPAS,3552.394495412844
ALNPDYKVLG,3273.678899082569
LSWPYAEYWALS,20643.92660550459
QQLYHVYWHAG,12730.311926605504
PSDPYFYWKDL,11216.37614678899
ELNHFKGPKALS,2028.5642201834862
VYFNPWHDVL,16812.311926605504
YRRVWLSG,8545.770642201835
KRRAHLSG,1234.3394495412845
NRFNHWLS,10109.550458715596
GEASFLSEPHS,2983.605504587156
PSKFLYASG,6171.004587155963
GNWGEHDVG,2665.802752293578
EPGNYDSHDA,1423.9036697247707
HYRANKASG,1702.1880733944954
VYHWGWHDA,9769.761467889908
HWQPLEAG,3181.47247706422
RPYYASRNHQPD,4658.1697247706425
PQNAQGQLSG,1065.8119266055046
KDVHFHQEKHAL,1672.1559633027523
GPWEHPNHDAL,3646.8256880733943
ERWAFFVLS,47277.45871559633
QGKKDPWDVA,1476.073394495413
LALNSAG,1894.302752293578
QYNAHAPNWDS,3921.5963302752293
FKVYVRKQFLS,18534.33486238532
KVWKFPYNARWG,9000.963302752294
RYQSNAQPWS,5990.954128440367
HYKYKEAG,1245.940366972477
SFGLWVALSG,14130.58256880734
KSSYVHAS,1603.5045871559632
FRNLDFWHGEHS,5979.357798165138
ERARHGFEWHLG,6088.637614678899
SDVYLKVALS,19261.94495412844
HEVNPWDALS,4815.1100917431195
KYENEPWNKSG,1193.8440366972477
YKPQNDLGFNHA,2422.059633027523
HPAAEDG,674.8348623853211
PQQELYHG,1727.2339449541284
AEDEVKDASG,536.743119266055
EVGSNGFKAG,994.4770642201835
YLSHYWHSPNKA,3323.5137614678897
KQHSWDFALS,4923.128440366972
RWNNFDQFDS,8136.825688073394
REKSQVFEWSRN,3066.7522935779816
QYESQFFYWNA,12285.45871559633
LHSALLSG,3761.4908256880735
DARQAGEPNHDV,1208.302752293578
QGFFRYFRHVG,11320.366972477064
DPPQALSG,1221.8899082568807
KHNYRWHASG,3235.954128440367
RAVYGYVG,9069.165137614678
AKFQKDLS,1095.9311926605506
VFPFPHLKDSG,3329.894495412844
WAAGDLHSG,3316.5825688073396
AWVQWEPYWAG,20619.73394495413
VPHLRDKVL,2153.440366972477
HRLAGRAG,3187.9770642201834
HLFYKYKLSVA,9136.839449541285
DYDNEVG,1814.7385321100917
VEFKVPLS,3382.52752293578
SFRLEFYWDLS,35709.206422018346
EDGGNAWVAG,2477.711009174312
RSNQLGREWNVA,3203.238532110092
NNPKFRLG,3843.321100917431
VQKVQHPWDVAL,4838.188073394495
RKNKYNEPVLS,1110.3715596330276
RGAAQWLSG,3744.380733944954
LRRKGPG,1363.01376146789
YRKQLYWNDVL,8301.215596330276
KSDRVSRKVAL,1206.9357798165138
SYSDGHSG,1814.6880733944954
GWHNEDVS,2246.0229357798166
HRALVWHDA,8369.394495412844
DEPVGWSREHA,2913.0504587155965
HHQPRNASG,1860.165137614679
EFAEHVHL,3757.266055045872
VQHGPRKLG,1760.4311926605506
NSSNPKASG,912.5229357798165
LEGLHVG,4391.334862385321
VKVGFWKQWHAS,6661.54128440367
WKSAAYKHA,2652.669724770642
RNYWYKVHDL,9928.40366972477
APHKEYLG,1271.7431192660551
DQNKQHVPYKAG,1332.2798165137615
VDNLWDVALG,7413.802752293578
DNAANVG,1004.8302752293578
EQNKLHNKHLSG,1123.9220183486239
EHVGEPHHPWNV,4309.8899082568805
SWLVQKLG,7188.729357798165
FKHWRPNLFEH,9491.41743119266
SVEDLEALS,1408.045871559633
SNDPNRVASG,1205.6146788990825
GYQKLELG,1967.5366972477063
EEHNYKVG,1356.788990825688
WSHNVFPG,8782.701834862386
PSVRKVQRYWL,10042.114678899083
HANPVFKDVA,2363.9495412844035
HNRVGWSG,5127.128440366972
RVWDRALPAL,9638.004587155963
FFAVSHLSG,8630.715596330276
KVEEVFPYASG,4021.3715596330276
EPPKFWQEWVG,4468.701834862385
WYKPEASG,2190.2798165137615
LGEGHVEYNHL,5837.807339449541
QQWPEHALSG,2672.0183486238534
QPGFAPSQYH,7704.637614678899
PNQQDVAQNKV,989.6009174311927
PLQDVRHGEHVA,2003.380733944954
PSNSHVYNDAS,1927.532110091743
AGPQRNAKAG,1031.697247706422
HWRHKDALS,3151.3853211009173
SWESEDASG,1842.9174311926606
KRNWHGFPKHL,4990.05504587156
FNRVVLGEYNS,11279.825688073395
PGKKGPKDVAL,995.0091743119266
NKYYFRYWNSG,7501.206422018348
DYNDDSWHAG,3375.137614678899
FHLHKHQENG,1982.2064220183486
KPRAWALS,2843.330275229358
AASKEDVAL,895.4908256880734
YRYDRKFREP,3153.201834862385
QPPYHLGREDAG,2014.5183486238532
PVGKGEDGYH,1779.5550458715597
EPDWSHGENVS,1949.073394495413
YRHNVPKVA,2648.9862385321103
KGGFYVSWG,14000.674311926605
WRAKKALG,1908.3577981651376
ADSQKPVLS,1092.059633027523
YFDLDGFPWND,15167.954128440368
QASDKAQEDAG,939.0733944954128
DYWWRPYWHV,26267.903669724772
GQRQQVAG,1672.9128440366972
YPGFWGQNVALG,8732.784403669724
WGDEDVKALS,2389.380733944954
VSEHARRPNKLS,1801.6834862385322
ALLVGYAG,18433.5871559633
VQEAKLFRPD,2969.908256880734
FAPRSGRVS,2647.0550458715597
EPGWKRPLFKG,4768.711009174312
FAYGGQFEHVA,6055.302752293578
FDFQKVGQPNG,2499.3119266055046
AENWLELSG,4966.637614678899
KQAVYHLSG,2864.353211009174
EHGFKPSRWNS,4117.770642201835
FAHVPWHGPDG,8047.220183486239
FVHAHDQVLG,4212.963302752293
QESKFRWFYHV,11096.385321100917
PERPEYLSG,3205.545871559633
FYEPQPAPDVL,3628.788990825688
FNYHPKGQDS,1671.8302752293578
QDYVRPDFNVL,8220.779816513761
HEEQHLSG,1499.6834862385322
EVRPAASYNKVS,1329.2706422018348
RREKRDAVAL,1070.1559633027523
HYEWDWG,11384.01376146789
SPWLGVPYLS,19945.981651376147
VWNWDEYWVS,21879.059633027522
FEVFGRYHVAQV,14694.532110091743
YWFHHDLKLS,8232.697247706423
DNLQWDWHV,10657.646788990825
PANQKAQFKLS,1678.7660550458716
AGRVFPKPYVG,6012.880733944954
WVNADQFWSG,14882.444954128441
KWLLHDVLSG,7017.105504587156
WRHWRVSG,8809.844036697248
FSLRKALKHVS,3221.9954128440368
DRRDFENKHS,1451.8302752293578
EPHHQFLRHDS,4747.0
LPWGFPSRHV,14492.51376146789
RDQVKDYWNDV,2670.853211009174
QKFENSDFHVAG,2389.5688073394494
KLSRARESREPV,1358.2385321100917
SHVVYHG,6302.692660550459
RSFHEHVLKHVA,3921.0091743119265
NFVNENSG,2267.123853211009
NWWNSWKSG,7627.128440366972
FFRQEQFRNS,4990.729357798165
EHPLRYDEYK,3060.0733944954127
KGFGFVAPHVAL,12245.137614678899
REDAQYPRPHS,2268.1559633027523
ENQNVAYGFYHD,10640.79357798165
EKQGPHLDALS,1485.8577981651376
WLYRDYKHVL,9337.37614678899
KEDLSQNRKHA,1096.0183486238532
DEKSRPNYNG,1675.1100917431193
HFDYHQYNKHV,4905.522935779816
DGLDAYVLS,7586.940366972477
LNDEGHAG,1468.9587155963302
QRLSKLEREWS,2976.577981651376
NLDEHSRPNL,2427.1880733944954
YSLSPKNKALS,2372.5366972477063
RRFGNSG,3088.1284403669724
DRQWWVSG,8279.564220183487
DVEVNVQNHLG,2952.146788990826
EKHPPYKLEKL,1232.3211009174313
HDHDWKQDVAG,1705.8073394495414
RLNYAEPKHV,3282.853211009174
HQPGSGEWVLS,3525.0733944954127
NVLEWSPNVND,7408.4495412844035
QAYHDRVSED,1915.1284403669724
HAFENQFKQYHD,6599.385321100917
WDWDHGFRHVA,13172.655963302752
NYHAAYDAS,3381.321100917431
SQHSNDAPHVLG,2152.3348623853212
SGRENYFRPHAL,7984.811926605505
APHYSRYKVG,3468.605504587156
WFEYSHDQFEG,9530.091743119267
YHHWRKAG,3332.353211009174
FQDVGWFWALSG,23512.02752293578
PGSQWSNKHAG,2630.0963302752293
KGAKSEPS,826.9908256880734
YLWVRWVPWV,36485.821100917434
PDVGLEYAEVA,2741.032110091743
EWEPFRNDFKH,6709.220183486239
RDKNYWSG,3621.6926605504586
AFVYKHVYDAL,15230.70642201835
HSEQHFEYWNS,7814.426605504587
WKEKVEFPYA,5765.857798165138
ANGQEEWNVAG,1580.8761467889908
YQDSKRWDVASG,2439.9266055045873
SRGDSQVAL,2029.0412844036698
EPNRADRYWK,3437.380733944954
DGFYSWLFENV,21729.674311926607
QNAHEHDFNKH,1841.5963302752293
FHNPPNKVASG,1941.6788990825687
YHKERNHG,1494.4036697247707
SFEYPDAPNDVL,5111.5091743119265
SRRHPSG,2497.967889908257
VFRKQYLYVL,24280.1376146789
RGADRDAG,1486.2293577981652
KASEVPHQFEA,1471.9816513761468
PWDKQYNHPWHG,8653.247706422018
VEALVRVSG,13422.183486238531
YVSSVEKDVAG,1582.788990825688
YVREVPSEDAS,1952.8440366972477
YNRHAYVFPG,11795.880733944954
RNEVHAPKAG,1407.5
NQQEPSGPAS,992.2935779816514
ELNDFSPWG,6561.688073394495
YDVQQHEHDS,1739.1605504587155
KASEQYNSNKH,1340.926605504587
EDWFAFEPNVL,11810.532110091743
GDPAELG,1133.8119266055046
WQRRLEWNKV,6028.816513761468
REVSHAQADVG,1511.133027522936
DYVYNFHVAL,29168.701834862386
VSFFHLYHDAL,17960.357798165136
NVVVYNALSG,13142.678899082568
GHFDPKALS,2645.059633027523
LLDQKLG,2055.362385321101
FDRSVGQFRALG,7523.018348623853
RWKSYVAYHDFK,7982.481651376147
RFWRANVLG,10110.665137614678
WWHLAYNSG,12679.93119266055
FLRPYAQPWHSR,12075.316513761469
VEPQGNDVAS,1033.619266055046
GYWESEPS,3547.651376146789
PNVADRWARPD,4572.155963302752
DRDYEHVALG,2941.793577981651
VVKQFALSG,4229.51376146789
YHESHLNHDSG,2733.756880733945
LSVQVAFDALG,28380.701834862386
FWYERNDSG,4997.068807339449
PYSQANDSNVLS,2582.587155963303
PVSKPYSYHG,5009.334862385321
LQPDRASQYWKD,3078.0366972477063
RHQEREYWGWKH,6619.3302752293575
EHVHVNDSPSG,1395.4495412844037
KEYGAENDVAS,1102.605504587156
YNLGVAYNSRK,4823.183486238532
GEDYAQSG,1511.1697247706422
GDAPFDAG,2072.701834862385
RFNQYVLRYLG,21914.133027522937
AFHYASWKDA,4779.302752293578
YRPDGRPWDYWK,14068.399082568807
PANYFEDLSG,4317.761467889908
PWFFPVSVL,46190.935779816515
EDKYVANKDL,1349.9220183486239
WFLKHKDSG,3219.6009174311926
DDYKEVAS,1211.1697247706422
KVDSAGEPKVS,693.5183486238532
WLAHFKAS,6264.527522935779
SDRFYNVALG,7407.353211009175
KGKPALREWV,2685.9816513761466
RHWNEWKARYW,12104.490825688074
FGFKNDSQFWNL,11613.922018348623
VAQDVQAGEWDL,2625.738532110092
WWEDQFRYWK,17121.880733944956
HYVEKSHDV,1746.4036697247707
SPGQHLQREWLG,4054.1559633027523
ASFKHQWHEND,2744.770642201835
LVEAASG,1114.7752293577983
ESAAYALSG,1632.4220183486239
FAVDLRPWNDG,7950.09633027523
SPSLKAG,1045.1926605504586
VWAGASEVS,2000.3853211009175
VWNWGQWSG,10198.784403669724
EWEFKSESG,2542.848623853211
AGVDYHLG,2719.2752293577983
EAFNPAGPSG,1642.8119266055046
AGPVGSEPS,748.9266055045872
LHPNQYSG,3289.788990825688
PSLREHDRELG,1476.9724770642201
VPRLPKG,1154.9724770642201
SENYKFRYKHDS,2539.564220183486
SLQEHNDALG,1507.3119266055046
QSFNVEKYDAS,2188.577981651376
WSGHWASFRNA,9681.449541284404
RRRLKVSG,1242.380733944954
YADHNKG,1245.4770642201836
LGNVPGQREV,1340.6559633027523
RYSYWQGQEKG,2678.6330275229357
NKEFHARWHDLS,4754.972477064221
PHKPLSWKHVAL,4611.6697247706425
YKKWDAQPYLG,5024.123853211009
HWFHHVL,12631.178899082568
WQAKRNVLS,3509.0229357798166
ERDNFEVLSG,2305.47247706422
RAWYFDVL,20661.183486238533
PNGSNKENHDAL,1130.408256880734
QVAGRLHGEWV,5355.536697247707
WDGGPDLRPNA,4423.954128440367
VLVVGWLG,31464.23394495413
SDGRGYG,2598.4266055045873
VAGGALSYVAS,5327.133027522936
QAAHPNVLG,1698.894495412844
FHVNGYNPWVLG,16560.155963302754
RQLDSKSG,1159.3073394495414
KEPPHSQFEPV,1500.9954128440368
EDPDARHFYKA,2134.669724770642
DRLVHAG,1972.834862385321
RYHRVLFYREHL,23160.091743119265
YSADKSG,1234.073394495413
NFYGALYKHV,7451.591743119266
SHVYKRKHD,1714.7752293577983
LHLESPLG,2495.266055045872
HASFVAYKNVS,8538.733944954129
FHVGEGLRKHVL,5444.743119266055
WEYADGPWVSG,11409.98623853211
DEDYWEWKHDVG,3211.3990825688074
SSNGFSG,1812.4908256880733
VWFPWQG,15293.224770642202
YSKAASRNDA,1263.8899082568807
LQYWHQDRYKDS,3711.5412844036696
VWNASGSQKH,1543.7660550458716
VFDHQEALS,1801.5275229357799
HYPKEAS,923.0366972477065
NWWNAYSG,8081.357798165138
LLYEVSG,5538.082568807339
VNSKGPASG,895.4266055045872
SNKLANKHSG,1145.119266055046
PEVYPALSG,3849.376146788991
VPAEHHLSG,1285.6743119266055
RADAESYVG,1534.651376146789
LYYWGYLSG,6830.9908256880735
YDFEALEYSYKA,11503.47247706422
KFSHLRPYWKL,7934.064220183486
KAVVKHG,1073.4220183486239
PGVLYKDKG,1924.1697247706422
YGGPDPSG,1566.8532110091744
VPQYKNLSG,1381.045871559633
ELHENRPNHAS,1626.3119266055046
PYQEDYVSWVL,22307.146788990827
KQSGLRDAG,1407.7431192660551
DPVLYSWHDG,7921.426605504587
NSYPEKDG,1183.2431192660551
RSASNLEYWK,3363.02752293578
NKVNVAGKSGR,1058.4724770642201
WLRAREPSQRN,3919.412844036697
ADPVWVSG,3072.6100917431195
PDSGFHGYNHGN,3372.0229357798166
KPRDVFLSG,2315.5366972477063
DQWELWNKDG,3200.238532110092
LEVSRRWKDS,2922.298165137615
FLSKSGPENHVS,1898.6100917431193
AFNGWSRYN,8864.56880733945
ENKDHSQAQPNG,943.7064220183486
GARKAPG,1014.756880733945
WQRFYAPYDAL,23061.096330275228
NDLASFWVWHDL,23609.729357798165
EYFQHDVDVAL,6800.4495412844035
REGVALRHLFPH,8554.261467889908
FYRQKDYNDVS,2502.545871559633
FDNELGEPYV,5225.261467889908
RLAQWLYHL,17277.188073394496
KLFLFHDGNKA,5964.8899082568805
SQFQHREPYL,8665.01376146789
DYKHAHDFPYA,4505.885321100917
QSVNVNAG,1303.1009174311926
GQFSWRPNAG,6163.032110091744
LRYVGQFKLQRY,17539.761467889908
HDVHKVQKDL,1080.8623853211009
HQVEHAHG,1450.8853211009175
LFRRNQNKHDL,3047.087155963303
NSLYGQHASG,2482.6880733944954
KVWHRYLVSG,9109.844036697248
PDYVRDQEPVAL,2799.6146788990827
GWQWGASG,5881.51376146789
FHDFGPNHDGPK,2737.3990825688074
PQHESQPKH,960.4908256880734
VSYRWFRPKD,5278.463302752293
VGFPHNYNHD,4741.5
WEKWFASG,8787.045871559632
ALDVRFEWNHS,10450.09633027523
VRQPFWG,10330.02752293578
QFPHEHAGYLFH,16184.573394495414
GRVKYWG,5858.623853211009
QHRSGENYWA,4564.178899082569
WVKDPDGRYN,4189.545871559633
DFRNKQKDYHDG,1519.8073394495414
EARVFRRLSG,5130.211009174312
AQHYAFKHS,3355.211009174312
WSDPDEYNALS,4863.114678899083
PNGWEYWSKD,8391.288990825688
LSRVDGYKDAL,3989.8348623853212
YQDRKEYHVL,3619.3990825688074
AEFPHWHVSG,6528.715596330275
RPASLSQSKG,1347.9495412844037
VYKHQLPYWDLG,12952.243119266055
LVAHVYVG,19389.275229357798
QGHVSYREKHA,2116.353211009174
AKHYHEKHDG,1296.2568807339449
GSFNKWLG,5255.9495412844035
EANYGQALS,1899.2752293577983
GRYSLREPWV,11857.160550458715
FHFNLGRSKAL,5576.133027522936
LYKLDRPKDS,1981.151376146789
RLFSGAFVASG,12671.380733944954
LEDSDRKALG,1785.665137614679
SYWQYFEPWDS,18967.825688073393
KQEPYPNQRKDS,1194.7614678899083
KGNADSFENK,843.1788990825688
NEREYYAG,5066.825688073394
KNWHRWDALS,6426.660550458716
RYFNVARSWNHV,10798.43119266055
PSFWQHLKDG,5441.366972477064
HEEPPLSG,1539.711009174312
ELGSPYEWHVG,6131.087155963302
PWVENRPKDFPA,3324.798165137615
QGDQSEPNDVS,931.6697247706422
DKRSKSG,654.802752293578
GRAQHFPYKDVL,5776.655963302752
HRFRFYLSG,16957.518348623853
YLEFRDVFEWH,15678.100917431193
LNELYLSG,9170.04128440367
HLARALQRPALG,5914.8302752293575
FHSKRWFEDLS,7583.091743119266
WDNLALWNKHV,10784.853211009175
LFVEPYVKG,7299.4908256880735
FEKPDFEYWQWN,7796.105504587156
PKSPREYLPHV,2339.394495412844
WVVHPDG,7347.720183486239
SHSQQWDSG,2293.532110091743
RRAQNEWAL,4110.334862385321
FPKDNKSHEDVG,1028.1146788990825
GRYRNSFRPYNV,9536.660550458715
NEWDWKPVG,4711.527522935779
NERLVASG,2446.2752293577983
EDWKQFPFNAS,4225.339449541284
EFFLPYSG,18255.655963302754
EEPQVPKHDL,1111.926605504587
VHDLFQVASG,4612.587155963302
HPRYVEDSG,2406.591743119266
NPKLVEKHAS,931.9862385321101
PKAKRYLYLS,6234.582568807339
WHAVVGQFYWS,35299.463302752294
GYNLNQWKALS,6748.1697247706425
KPLDRHALS,1455.6788990825687
EWEHQYAGVG,5272.073394495413
DYSVYNG,3724.697247706422
LYWDQQPYHDA,9095.591743119267
FSLVLHLSG,26710.366972477063
NSVDKHG,1223.01376146789
VQWRLGEKHD,3073.559633027523
DSFNKFVSREN,2743.6284403669724
VFWFPVNKHVAS,11060.114678899083
NNWDRLSG,4572.229357798165
GNDDVHLS,1797.8440366972477
SGGVFEAG,2205.087155963303
EFWSNGYWHVS,16946.949541284404
GEDWRKHVAL,5232.51376146789
NAYFPAFPAS,11400.949541284404
QKEQFKQYAS,2193.321100917431
NYQQVSG,1907.2247706422017
LLHAPALG,5258.605504587156
AFSRVLWNKVLG,9223.40366972477
VRRWWDLS,11469.738532110092
LGQPYPYFWNKS,10953.009174311926
HFDSHALHDG,4363.339449541284
GVWRYSG,9787.926605504586
VKSVAASG,1026.3853211009175
KRKRPLNDL,1166.454128440367
NVDLHRWKLS,5542.857798165138
HVDRVSHLSG,2868.4770642201834
FARPQRYSWVG,10576.01376146789
WVHNFEYWNHV,19395.146788990827
VNYNRSG,3743.605504587156
FYYPLYWNDL,7978.9495412844035
PFFNKPNSG,3790.922018348624
LPFYKLAS,7956.105504587156
SLSKPKLG,2040.211009174312
NQHWVEKHDG,2506.821100917431
PPLHDWLG,5626.481651376147
QQDWWVG,8215.95871559633
KDGQFYVPKPVG,3690.8394495412845
SPRYHKVLS,3686.743119266055
LYSDEYAG,3733.2522935779816
YKYRQYHDASG,3246.3990825688074
FRKYLSFRQAS,6178.876146788991
FDGDSEDGQPNV,1810.5504587155963
PQQNGRLG,1989.98623853211
EDHGAGREKS,821.5321100917431
PYFAFPARWKD,15572.362385321101
QGFWKWQRPWG,14925.834862385322
DNLKSFLG,3252.5825688073396
HGSQRDGEYNHD,2451.1330275229357
PSQRYVSRDSGE,1877.454128440367
SPESRHLSG,1372.0412844036698
RARYFPWVSRW,19112.724770642202
RSAWDFREYA,8538.316513761469
DNVLGVPVG,2406.3853211009173
NHEKHSQKGWV,2563.302752293578
DGKREFRLG,2084.8715596330276
KYNVQPYFKHL,8443.174311926605
FGDNAWALS,7325.454128440367
EPLDSFLSPLG,4611.3899082568805
NDARGFRPFHA,8508.48623853211
EYLRGEHVNAG,2692.678899082569
RFSDFWSG,9119.30733944954
VQKESKVSG,858.348623853211
DVPKKNDVAL,859.4816513761468
LWHFAYVAS,18656.339449541283
GDPWSHVG,4177.431192660551
DWRARDVLG,5220.678899082569
WAEDVADGPNL,4746.756880733945
RGFRVEFEYWK,24403.61467889908
YWGANDLQYWA,17306.188073394496
EWGRKGWNSEW,8039.5504587155965
HLNFPLFKS,10950.894495412844
YKGHPYNPHG,4193.220183486239
APQGWSG,2236.9449541284403
QKFQREWKRNAL,2631.266055045872
ANPGVLG,2177.9449541284403
ARWFDQPWKDG,8070.880733944954
FYYEVWKDV,7934.642201834862
QLPWKADQPKV,1708.334862385321
AGPGQELYVS,2740.376146788991
AQVHNDAG,1300.6559633027523
HEAFEWGFLS,18470.160550458717
HGRGQEVLRKAL,2718.738532110092
DKHWAKVAL,3091.802752293578
AVLQGPDAG,1540.711009174312
YQLDWVLSG,11971.990825688074
NAYKEWAPVG,3384.0
NDFEHGYGPYH,11013.88990825688
YQSSGPSG,1725.0963302752293
PPNWQYASG,4687.252293577982
GYWLWNWHDL,27436.74770642202
RAFSLSKHDAL,4994.692660550459
KHKSDLFEWDAS,2170.738532110092
FSAHVVLSG,10170.605504587156
DEQGFYG,4766.128440366972
AFFNEYHVLG,13983.247706422018
QQKWSRVL,4338.385321100917
HAGKDDAFRWA,4360.160550458716
RSLLPWVALG,12901.788990825688
FFKSFAWKAL,7340.802752293578
WNFFRPLYKAS,11472.52752293578
LRYKVQYGNVL,12322.733944954129
PGHVRHQDVG,2204.1651376146788
AVFAYKSG,7335.967889908256
SHDHPWHA,4784.266055045871
YLSLKVQYKHV,11649.270642201835
NKPQLPYHLG,3155.6330275229357
SNGFYSPVG,6508.399082568807
RFKLKFPHVA,4124.642201834862
RQLEEYWS,5741.967889908256
YPDSYQYWKHA,5587.027522935779
ARHYVYWALS,14033.01376146789
AKHGVANDVSG,1283.8302752293578
FYVEEYVALKL,28680.75229357798
VYFRWRAG,9820.536697247706
RDWGHVFPWHDG,15446.51376146789
YPYFALYVL,37008.293577981654
QAWFKHGQEPN,2671.302752293578
YKPVSVSQWKD,2147.7798165137615
WSESHLQWS,11552.600917431193
PARLDLFYWNV,25784.036697247706
WQAFYNEKDLG,6576.298165137615
GQLSALEWNH,4330.114678899083
SEKRSEWNKDA,1041.848623853211
HRGGPSG,1673.0504587155963
NVAANHYHG,3229.256880733945
GFSNKDVDALSG,1521.9816513761468
WSARHGKHVAL,5416.316513761468
GGFEDGASG,1566.408256880734
PWEGLWNHDAG,8179.4495412844035
FKLLVSQFRYA,28067.174311926607
EAQLHALEHA,1669.2155963302753
EPAVPYKVQNA,1311.848623853211
LFRQDLRPW,11935.440366972478
RESAQRYSFRKD,2354.8669724770643
VYFYDKASG,4421.091743119266
YRSENVNAS,1592.211009174312
WEEDWVG,7497.9495412844035
EDGSWNAPKLG,1696.1238532110092
GHGDKSG,895.7660550458716
RVSPWYDRNKA,3902.2477064220184
GRNWANVSG,3184.7798165137615
QWLPLQKFYWHG,17355.29357798165
HYKHWARWG,8489.761467889908
WPVVNHSG,3904.935779816514
ARVHLRHSG,3251.3990825688074
NDQRDAKYWNHD,2288.6880733944954
PSVLGNQREL,1763.133027522936
YKEFVQRPYWS,11193.564220183487
DFYVHSGPYND,9071.775229357798
YVRLNKHNLS,4294.674311926606
AWQEANHG,1979.7201834862385
AGSENVPHVLG,1723.4495412844037
NHFFRHVAD,6347.633027522936
SYSHGALSG,2116.6926605504586
KNFPLELG,2494.1880733944954
RRSYWADG,4910.298165137615
HDFAFNKWVS,6271.724770642202
GHFFDSG,4320.857798165138
YGVNKRKDV,1282.3532110091744
ESNFWFWKHL,13059.105504587156
ESVGKHQYKDG,957.9449541284404
QFFESGNVPNS,2279.7522935779816
NRKGVYHDALS,2962.532110091743
PSFGWKLFEWDS,15644.188073394496
AARPQKVAL,1661.5366972477063
ADQEAGNG,975.6788990825688
ERVYFEWNHVL,17017.967889908257
YQKLSHFRYWHG,9289.0
AELPQPLG,1951.2201834862385
LRRLQKVALG,3648.935779816514
LNHAYFYNKLS,6193.51376146789
YGVNGQHDA,1849.0275229357799
WFLFLRDVSG,17897.715596330276
KKNEPLSG,721.045871559633
LVAKQDLSG,1078.133027522936
YHDPSQKDYDL,1597.6559633027523
PEKQFHFDALS,3837.5045871559632
AGRAYVGYG,6765.243119266055
LHEKRPAG,990.3761467889908
KWGHFVSG,4629.036697247707
LEFLKDG,2827.3853211009173
EKDHSPQNVS,640.5183486238532
YQRKWHPYKHL,6225.45871559633
DQAFNQPWKDVG,1902.01376146789
PDWWSRYWNHL,17087.45871559633
FQLVRPSG,4539.032110091744
PARKAQFSFED,3448.1651376146788
NVYFKFEYHDG,20709.949541284404
RRQKWDVAG,1756.366972477064
VQQHFNG,2271.3440366972477
NQSEEWVALSG,2150.0825688073396
RNFHASYDWDL,13360.385321100917
RVYKYSGEHD,2784.7155963302753
RPFDVNHFDL,12759.183486238531
PLWDAVFRNDV,10520.848623853211
LNEYKYLG,4702.243119266055
EERKPYVLSG,2365.4954128440368
PGEPEPGPAL,1155.7614678899083
RSPDYWDWVAL,12877.51376146789
NKYWAKQFVL,9520.467889908257
GPHVGYQRG,3238.5366972477063
RPQAQHQWVLG,5023.98623853211
VEKSSQDLSG,833.4770642201835
ANAEFWKHDAL,3177.229357798165
LSAYVAKLS,8067.243119266055
GVQAFALG,5436.151376146789
GPHRWSNKHAS,2755.9862385321103
FVGQRFQRWKDG,6547.642201834862
KAAESKDG,603.1330275229358
LPYAAQRYHG,6275.821100917431
WFGHEPLG,7960.954128440367
KGNKQLFYHDS,2517.545871559633
QVGQDVQWVQNG,2895.6146788990827
RWSDNVQPYNKS,4212.192660550459
WHEDDEHVL,4277.408256880734
GHQQKVLS,1525.6559633027523
EHFGQKHRWS,4659.288990825688
KRQDEWLG,1930.1146788990825
GSRHGYSG,3695.362385321101
AHELWVG,5173.573394495413
NVYNDFLQEWD,11435.637614678899
WRGRWHWAG,12725.504587155963
FNHKSFKAWHL,6835.091743119266
FASDKSYNKDG,1213.440366972477
KWPWHNSG,4934.0504587155965
SYVDGYAG,4477.229357798165
KYRLHVALG,5515.972477064221
GPGGEDLS,965.816513761468
PEAGSPKG,894.2018348623853
HKHVKAPNKDA,673.9495412844037
FVNGLEPNKHL,2999.302752293578
ANSREYNPWKA,3179.912844036697
GYPYQRG,5359.188073394495
KQLNGNHVALG,2027.7844036697247
RFPELREPYVG,4781.114678899083
WGWNDGEGRHG,4313.527522935779
NPHSEQNASG,973.7844036697247
HRHAGDPALG,1577.467889908257
SEQRLFPHDG,4348.775229357798
FFYVDAWKHV,7538.394495412844
WRKPAFEWNKL,7134.715596330275
EVYKWSENKL,2214.6009174311926
FLYPEHALS,5736.770642201835
QQGGFNVAL,3771.6651376146788
FGVEEVASG,1791.619266055046
RWVLPDRHAEKV,2742.412844036697
PAEQGFWSG,5740.087155963302
KEHPGNVLG,1603.01376146789
REKVWLRQNHSG,3026.348623853211
WKHKWKHVGPL,3466.862385321101
KVDVNHYNKDLS,1534.7293577981652
WLQYVNVSEWG,21556.064220183485
KSDSAFHLS,2004.619266055046
YGEYVPWQPH,11912.981651376147
ERDSNQEYL,1981.2935779816514
ALWVFDQYVL,39796.463302752294
RRNSKASYWNS,2394.605504587156
KDPPNHDLDL,1445.394495412844
SNWNSYNDALG,4837.293577981652
ARYHSQRGDS,2015.440366972477
VEWQWSPYHDS,14352.674311926605
DVFAKHRYNDG,3603.678899082569
KYPGPDVASG,1480.8532110091744
RRHAFGWVG,9771.036697247706
NDGLKAFESG,1952.5412844036698
WSPFHAGQFLG,17837.155963302754
VSNVDVSFVS,12407.614678899083
QHQKLRASFAL,7007.738532110092
ADLKGPHLSG,1547.1238532110092
NASAYFWKG,6272.211009174312
VWHHLKLG,6465.683486238532
SRDNKPWDVL,4225.646788990825
SRGYYVLG,13082.169724770642
DPNKKGFWNHS,1909.5825688073394
VNSLEWDALG,4654.357798165138
WAREDEYGYDL,12672.032110091743
AKKFPVG,1006.1651376146789
KSWGGNHDVG,2356.853211009174
FHYEEYNG,5629.527522935779
PYSFFREFDASG,14840.711009174312
PDSYRKVYHDA,3611.623853211009
FYSPEYDFWNH,9194.944954128441
FFGWVRSG,7287.559633027523
PAEFDLYDSG,7086.068807339449
VLKFAEWHDA,6338.711009174312
KLAYLGWG,8410.229357798165
FDPFYHVPYK,9612.926605504586
RGFELQLEHA,5678.642201834862
VWLWKPVLSG,11763.669724770642
FWQDRVGEHVA,4830.55504587156
DLKDWFRNVLG,5355.394495412844
FGDYDWNKA,3628.3715596330276
WEAKWNVAS,4500.348623853211
RKYYKLRPNDVG,2172.6743119266057
PDQNKFEHRWDL,4904.573394495413
WLDHHDASG,4375.527522935779
APYRKQRNKVA,1222.1376146788991
YQFGFKFKL,18101.298165137614
WHLHDKVWDVS,6351.05504587156
GNDVVGQDVAG,1405.9128440366972
VLEADFYKHVS,5684.532110091744
FEKRDFGWLSG,5522.6697247706425
QFKFNSPKFHDG,3994.7798165137615
YKDLVAKFPNHD,2727.1926605504586
QNPEAGFRKVS,1511.1376146788991
ANKKFVSG,957.3302752293578
KHSEYVLGFEKG,3515.0733944954127
VPNHADRYKHDL,2324.3119266055046
GQVWLYKDS,9351.04128440367
WFGRHFVSG,11869.738532110092
NWAQANHG,3046.912844036697
EVLYSHDADVL,6239.266055045871
PKLDRYLSQFEV,6075.435779816514
LDQFKGKG,1746.0366972477063
NHWVQKRWKDS,2920.683486238532
FDWLWDEHVG,8972.08256880734
YQVSHGQYDG,4189.137614678899
EDQPWKDGRNSR,1911.9174311926606
NQVAWDASVLG,4523.981651376147
SYVYYSG,10938.990825688074
RSALHLFPYVLS,18467.022935779816
EKNYKDWKHDS,1303.2660550458716
AQYPQPYNVL,7904.582568807339
GHVEKQHG,1248.5091743119267
VKQGASG,1023.9954128440367
HAGQASKHVFHL,5328.770642201835
DNYNSRLG,2915.5825688073396
DWHDDLFYNL,17513.57339449541
DAKRDREYHG,1600.8073394495414
RNRPGQFEASYD,4613.802752293578
FLKGGRWSG,5113.738532110092
NGQEHDHGWKAS,2311.862385321101
RKPGEDFRASG,1251.4449541284403
RGVLDFPKV,4179.866972477064
VQAQNHAYWA,7597.6100917431195
WAWAGDQWLSG,13673.784403669724
DYEHQHLSG,2322.0229357798166
QEPVQYWHDYND,6573.344036697248
QWRFLFRPKHL,14916.426605504586
NDWGPNRPKHV,3895.7247706422017
EQGPREG,1022.7018348623853
QLGPQFRVAGRN,4354.637614678899
AFPFVLFYWHAS,38770.00458715596
FSYWYLGQRKA,5863.073394495413
QSDARKHPHA,1555.908256880734
SYWQHLPYNA,10928.087155963303
KVSFSGPKFYWK,7910.784403669725
SSGFNPVSG,3195.454128440367
WDPDAKANKHD,1525.211009174312
LYDQHPNAL,4011.830275229358
FESSFKRWDVS,4677.917431192661
NNGYHWAG,6975.5504587155965
LGRQSQFPNAS,2786.5412844036696
SQYKVKGQFA,2990.6651376146788
YAKGLRYWNKG,3622.02752293578
QFQRHSYWGFRK,7456.564220183486
DVEERYKHD,1438.2339449541284
VQARFHAS,3953.045871559633
QAGVHGQEPYL,3699.8715596330276
YVREPQNHRKD,2285.738532110092
ARFHQYNLS,6505.233944954129
PNDQPKPDVNDL,1011.2477064220184
AHSPEKALS,1030.7201834862385
VWFLSVG,28114.47247706422
HLFLGHLRPNVA,10445.784403669724
KEGVKAG,939.7752293577981
WGNWQEPYWL,35856.19724770642
QDLGWPGQLG,6137.123853211009
FAQYKSHVPWVG,9064.266055045871
RYGRSPGPAG,2729.1651376146788
LNQDVWLSG,5178.027522935779
EYVYQRNKDASQ,2036.3073394495414
PYVGEFEWHEKH,6576.1100917431195
HQHVGARWVG,5924.917431192661
LNHELFYSG,11382.178899082568
PLDYHAQRYS,7160.0
HRQSFVAG,3538.4862385321103
QLPWFYNRDAS,12652.311926605504
YLLDYNASG,5360.357798165138
SWNYSYNG,6490.165137614679
QFGNYHAGNHS,3491.5
KEHLNFEALS,3002.7844036697247
RFRDQHSYDVS,3877.848623853211
EWNHKEYNDGD,2041.2568807339449
NYVHPDVG,3057.362385321101
SNRWEPG,3597.376146788991
REDGGQPLQND,1492.073394495413
PNWWHLEVL,18582.25229357798
RRGPAQDAG,1361.5366972477063
GSYNVFSG,7185.9495412844035
HLSLLPKHDLS,4663.908256880734
LGWSHGREV,4703.628440366972
WVYQNQNKHAS,3310.2155963302753
RPNEVSRAGQF,4742.137614678899
RPWFEPGEWDGR,11301.885321100917
RWFGHALELS,11978.435779816513
PFEVDSNKVA,2376.4862385321103
VLSQDFWASNL,11100.009174311926
FGFKGPPHSG,3735.669724770642
QWGVKAGNVLS,3391.1330275229357
NASLNAGDSG,1294.633027522936
YYNDKVQEWS,3377.623853211009
KDNDPVQRPKH,1266.866972477064
KRYEGRPYKVG,2600.233944954128
PAPYLEHLWHAL,12850.912844036697
RDWFDGFYNKL,11736.091743119267
AESLYVSG,7056.839449541284
WYWVAYRYAS,15262.52752293578
FLVSSRYG,8886.238532110092
HAWKGHPWKDS,3238.4908256880735
GHVSPSNV,2012.9357798165138
NNPASNVL,2240.3073394495414
RWAVGEKRPYD,5071.706422018348
VFVYWAFKHVS,20132.325688073393
DPYDEVEPG,1393.7018348623853
VWGHKDSG,2150.9449541284403
KAEEHQWNDS,1335.3394495412845
WDKNFYLS,9718.58256880734
WVVEPSRYWNH,16319.688073394496
SGFWVKARPHVS,7505.40366972477
NGRFKLREHDV,2920.5
EAGGHSPYDS,1770.802752293578
FREAPQAKVSG,1012.6238532110092
EQRALEHHDVA,1345.1422018348624
NDEVPAGPNDG,1311.940366972477
VPEAYWNKHDG,1907.334862385321
RFYHNEWNDSG,4823.733944954129
VRFKHWASG,4979.6697247706425
QLSWVFKKDS,5610.720183486239
LSNGASRPYDG,3311.1651376146788
SKKHVNLG,1191.2385321100917
KHFRRPVAQWS,5823.816513761468
VWVQQHLG,5179.408256880734
SHVRQFSG,3866.8394495412845
QQEHLVQFYH,13798.91743119266
DSSWYWKVLSG,6513.266055045871
SHFDQKG,1569.1926605504586
PLGVFEPRNS,4101.674311926606
WKFGGYKASG,3552.2522935779816
PHDNRWNQPAS,2421.178899082569
SRHKAYVLSG,3886.059633027523
WPQVHSG,3139.6009174311926
EPNVQWAWDVNK,3816.1100917431195
LERDAEALSG,1418.211009174312
EHNLEFWKVLS,6660.192660550459
FQSLNKHDV,2262.908256880734
PQAESQVSG,819.7935779816514
DKYKRHSG,1070.5183486238532
PEGHYNLG,3330.577981651376
QQSYNLSDVL,3295.440366972477
EVNHFKHEWHV,4173.018348623853
DLVHLEKHDSG,1770.3440366972477
SQVRPDQLSG,1404.6834862385322
PSFHSVRKDSG,1785.302752293578
EDFQEPAGRH,1853.9908256880733
FQQLFWLS,19719.536697247706
FADVYDAPVAG,3362.5229357798166
VLPSGPFWHVS,9723.752293577982
LNVNANALG,1976.7018348623853
DVDSVSRNS,1239.1238532110092
VWDGVPWSG,9197.160550458715
RWWQLGNKHS,4808.9908256880735
EEKSVNHSG,696.4220183486239
QPSERKDQFNH,1660.5550458715597
ASKYVRNHDVG,1823.2798165137615
HAYDVYQRPKA,2645.619266055046
PHKLQNEASG,887.2385321100918
GNKLDSPYNKH,1489.0
AGNEWVFPWVS,15583.266055045871
EEPYWDGVQEYL,8200.357798165138
KPVLDPYKLSG,1516.0550458715597
WASFWPHFRPKG,9828.48623853211
NAGDYWDPHG,3925.422018348624
FAVDRPALG,3001.330275229358
KSGFGVAGYDL,4337.165137614679
DVPDSEWFRKVG,2211.9862385321103
GKVSPQPKDS,790.6284403669724
LQDYENLSG,1980.8577981651376
FLLNHDGQLS,3838.0366972477063
HLWEPVRDS,4288.229357798165
YLYLQEHHVA,4783.142201834862
EALPRNFPVLG,2611.7201834862385
LSQSFLQRKG,3257.1743119266057
WGRFVGEWNHA,9222.055045871559
LNDQAYSG,1851.545871559633
EQVWWKVAG,2900.788990825688
DPYKPGQYKD,1022.7018348623853
HADEHGEAL,966.3073394495412
YYSNKWVG,3698.032110091743
HESPQPDS,934.3119266055046
RKFSRERPKG,915.7798165137615
KPVDAVAS,711.6926605504588
EAVAGWGYAS,4700.160550458716
QQQWRYG,6199.876146788991
FNKHFGPWDWKV,10356.128440366972
WWEYYNSG,12740.339449541285
PKRWDVNPNVSG,2500.9770642201834
QPGLKALFWDVA,10916.52752293578
PGNYRPVALG,4075.711009174312
FREQVPVSPNVL,2882.637614678899
GWKEENSG,1109.0183486238532
LAVSQFEPL,4985.899082568807
GEWLNDQFYG,17055.669724770643
LHEDPALS,1846.4587155963302
QSAHQNSG,1002.243119266055
LKQRKKHG,726.4816513761468
WVNRHQNHVAG,3410.0688073394494
KPKGKGREPKS,536.0733944954128
DEKPHYNKHA,1212.848623853211
GALSRYWFH,13894.811926605504
QKFWYSFEWAS,18472.197247706423
RSKVSASFYG,5051.261467889908
HVNQDGFWNKAL,5630.481651376147
EWDGYSYQEPK,4098.674311926606
VAWSWDGPNKAG,4112.243119266055
YVDGHSFRNHV,5485.4495412844035
LHFDGKG,2283.243119266055
DKHPKEHVSG,790.6559633027523
QFFHHAYNG,5632.146788990825
PVSYHQNLRPYW,19235.389908256882
GFVHKLSG,3694.7844036697247
WGKDGEPPHAL,2699.3119266055046
GFVKLLSG,11070.036697247706
DYFKNLSG,2557.087155963303
EENSQDQFYWLS,8754.922018348623
VFEFFYWDLG,18018.133027522937
RSQVLASEHG,2060.706422018349
WQSNDHDA,2797.6100917431195
QYYGLRNVASG,4278.504587155963
KLPEGEVSG,941.4724770642201
GHELSYDVLS,4167.55504587156
WVLHREDFEK,3673.6880733944954
PWKAQAWAHG,4643.848623853211
KGEPGHAQFHD,2290.922018348624
FNQVFHDGHD,5804.348623853211
ADLDRVG,1517.4954128440368
PPVHHLSG,2228.3256880733943
RNLKYKLRWND,4143.380733944954
WYLSNSGDVG,4619.793577981652
NLWNNKGPA,2293.651376146789
GHQWAHALSG,4852.467889908256
DLYAWLPAS,11589.756880733945
LSYVLQNSEHA,3350.2844036697247
FVLVEPKSPDLG,5493.440366972477
HSHKLYLG,4197.766055045871
YWGWEWQWHDA,19611.229357798165
GVQWLAG,6917.431192660551
HHQDVHSG,1668.2706422018348
GWKNWVLG,7722.435779816514
KEHLVFKG,3473.316513761468
PFDELREYNHVA,4954.908256880734
SQGRQYNALS,2987.3119266055046
GWSGVRVSG,5482.366972477064
QPFESQKLNDLS,2552.0229357798166
RKLKEFPNKV,733.4633027522935
YPGQVDASG,1334.6926605504586
PYRSWEKHG,4534.334862385321
EKLDQEFYNVL,2971.5229357798166
QDEVAFLGQHL,6280.45871559633
HNKPKYKHV,1122.9816513761468
NEFNSASG,1950.0825688073394
DKLNADSG,788.4770642201835
QVRKWKDSYKA,1531.954128440367
KKSRPAHSG,971.9587155963303
ASLEYVYWNKD,8761.733944954129
DYWHEKKHDV,1863.3073394495414
SGQYWRKVGFE,7019.155963302752
GRFVLEVA,29238.48623853211
WLGLLGQHVG,10141.371559633028
YPYFVNHDVL,16948.72018348624
DNGQYKNVAG,1461.8165137614678
HRVFDWDG,9470.655963302752
KYFNLESG,2696.077981651376
AALYGNSG,3034.591743119266
LPSNEWNKDL,1995.0366972477063
EKEWKEDYNKH,1176.5412844036698
NQVRAFPYNS,6998.082568807339
QDGVLQYGYWD,18952.050458715596
DFDQSEYKVAG,2224.8669724770643
HVVFPHQHLSG,6069.711009174312
NGGFPFNVS,7520.215596330275
NLPPDQFWKAG,4076.266055045872
WLAKSEVG,2969.853211009174
FLFFKFYAG,9027.233944954129
EQDFVQALS,1943.288990825688
QKSKEKHGPHL,913.4082568807339
NLEDFPVGRYKH,6715.582568807339
HRYSDQRPKHS,2090.7155963302753
AQHQDVQHDG,1329.091743119266
QHSVFHGQRWG,8156.3302752293575
DYWQGWLSG,11639.105504587156
PVRAWQENKSG,2147.940366972477
HRHNHNDAS,1491.7706422018348
NSGHREAKSG,1007.3440366972477
SFWGDVAKLS,5312.724770642202
NENFYHVYHLS,14334.683486238531
RHWQAGRKDLS,2779.7477064220184
LALDGALG,3881.646788990826
PFYNYKVGKDVA,3743.532110091743
VSGRWSKLSPN,4043.954128440367
WLPPWDEPY,15067.61009174312
QEFHANALFKA,4308.926605504587
QEVAFSQEDNH,1904.0779816513761
LFGQFYHRPKG,5283.8899082568805
QGNSLREYNHSG,2435.9449541284403
NFNFAYNG,7698.798165137615
FWFSFWHSRHVA,10543.995412844037
SFYPDSPWKAG,5246.082568807339
FPEKHAHVYKHD,3922.353211009174
FLYKGRSFRHDV,5528.587155963302
NKPYSRHGKD,1520.98623853211
HYLQVKAG,3679.2844036697247
LRYPGRKS,2108.1880733944954
YEADEKLS,1383.2064220183486
FEFHLSERPASG,3943.4816513761466
RQVQFRANL,6474.655963302752
EPYKGWQEVSYK,3849.467889908257
LAESQENDAS,1030.1422018348624
AFVRLQNKHLS,6867.802752293578
FQYAEHDVNSG,2783.623853211009
SYVFREYQNKHL,8447.357798165138
QVYQRVYSG,8931.619266055046
NAHGRHVQESG,1579.5825688073394
YQQSQEKHDG,1266.5183486238532
SGPFVLQPKS,2507.256880733945
EGKNGQEG,725.5871559633027
RVEGDPKDASG,999.3899082568807
FKREAQAGYV,4055.206422018349
RLLWVLNDA,21743.89908256881
FRAYFESHLG,16378.61009174312
PLAWLSHVASG,9307.316513761469
FHLPLSGLQWK,8702.862385321101
SRLYYKHDVA,5688.894495412844
ALPDSEDGWA,2265.4862385321103
RRGYSWLSG,6742.431192660551
WFWAAQPKVA,7511.059633027523
NLFVLFFWHVG,29391.93119266055
RYAVYHDGRNG,6130.678899082569
FHDVSYQLQFR,24532.30733944954
YRHEEWDLS,5026.8899082568805
YLVEYLRWA,20078.29357798165
WNNHGRVLFWA,32680.518348623853
DQFVQEDHAS,1758.9816513761468
QSKSSFNDVA,1277.2477064220184
PSQQQRENLSG,1232.7981651376147
GWYVQPNHD,7866.357798165138
KHDKLERNHVS,1215.5550458715597
FHQNYDSREDL,3386.564220183486
APNKYQFWVLS,13247.59633027523
PDLKDSAFPHG,1741.9816513761468
SESYNEDVL,2215.733944954128
SLRVYDSG,5651.848623853211
QHHSGFRSYDSG,4876.422018348624
QYGYFYNVWH,13894.628440366972
RAFLFKFYHG,23860.02752293578
EFFRWNELSG,8977.0
VAWPEYSG,5533.688073394495
PVALYSFYARYD,33577.64220183486
RDAARWHFYKHG,7362.229357798165
AEERYASG,1521.3577981651376
EPVGNVRKGNKV,926.7155963302753
FAKWLYKHDS,4031.105504587156
QDNYEYKDL,2725.362385321101
NLAEEDVG,1279.197247706422
PQRGLGKHDV,1781.954128440367
RWWRWHQFHDLS,20400.064220183485
ADPLFVAL,19149.394495412846
APFWWDLS,17689.802752293577
RYAFAGRSYVL,19019.3623853211
HVSHPNKGHG,1914.880733944954
DHSARLSG,2043.2981651376147
PYQYGNFPWKL,17175.059633027522
WNYDEARHVAS,4513.5
NPGEFALG,2899.7155963302753
AQWVNVEPHD,4138.963302752293
FSSYKFHG,4518.380733944954
EFWDAVGFRVA,19584.5871559633
VSDHKHG,1301.6009174311926
VEQASHSG,1168.9908256880733
GFDRNWVASG,5469.577981651376
FYASFAFYQEND,24235.44495412844
LWSERWDVSG,7550.51376146789
KFQKNLG,1379.591743119266
LGAQGRHSG,2088.2201834862385
HSFKKSREPWK,1745.8302752293578
EGVDAPKALS,914.7935779816514
LYNWRPHVASG,6701.853211009175
HKKAVLG,968.0550458715596
DSAGNRYNKVSG,1592.894495412844
LKFWWLSG,12814.045871559632
FGHGPAPNAS,2858.0183486238534
SYGLNSG,2662.0366972477063
VVLEVHVASG,14397.47247706422
HYAYFNLS,12213.922018348623
HQSKYLG,2285.4174311926604
EEPSNDYKHV,1039.802752293578
FAPKAEYAQPDV,1697.0688073394494
FQRAGLSPYWA,15196.733944954129
NVHEGQES,1076.9128440366972
YWEQRSWLSG,11071.142201834862
FQEDGRWFKG,8202.729357798165
YHWFHEPKHD,5597.8899082568805
KAPDRWDSRNAG,1758.7614678899083
QDSFEHFHQHD,4553.720183486239
KLRESYNVKDVG,2007.7339449541284
RFWHYEYWL,23752.41743119266
RFDSLSQWLSG,8396.990825688074
HGVKREDAS,926.3073394495412
QSAKAWLG,2583.683486238532
QQYVGYWASNA,10220.11009174312
RWFNQWAYHVLS,22357.146788990827
ANSGSWLG,3640.0229357798166
GPYEPFALG,5200.917431192661
ENEGGQENKDV,914.5963302752293
DNRNFYSG,4659.766055045871
FKNKLKFRYWS,5513.701834862385
GRALRKEALG,1606.0
WRVLGRHPVLG,11676.504587155963
EYNHVFNRKYL,8267.38990825688
PVYGFVGWVLS,41595.68348623853
NGKSGRGYHL,3718.2798165137615
QEVGLFKHGFNV,6389.44495412844
VSGAHQFRDS,2498.9587155963304
SWKHVLFLSEPY,31900.65137614679
SKFHVPALSG,2677.7247706422017
DKAVVSG,831.3715596330276
RKFYLWNQWNG,9048.261467889908
VSDNSEAG,939.5917431192661
DVFEYDQQFHS,9153.963302752294
WLPHDQRGKHS,2505.802752293578
WKGREDHLKHA,2280.169724770642
YYKSAYNHG,2963.697247706422
RNPNDPAFEPYA,3151.087155963303
PVWLLYNHA,27257.935779816515
GRQRGQVG,1908.7522935779816
NYVLLFKDVALG,34731.87155963303
FRYNWDQSYNKH,6263.165137614679
EQAAVLS,1416.5183486238532
GEAPGRVL,3179.701834862385
QRNQLSPSQFKA,2758.2477064220184
AWEVFKDSG,3066.4449541284403
FKRYKFRHENH,2794.3073394495414
EYPEYNFNG,4174.045871559633
SPNSWFYHG,9886.729357798165
PPWRDLREHVL,6878.114678899083
RLWNWAFYKVL,22410.655963302754
QHPNSPWRALG,5708.577981651376
DWNHHLNHDLG,4279.738532110092
KNSWGKVL,2675.059633027523
RSSANHVSG,1473.7201834862385
VGVSWQWNS,7104.839449541284
QAKYQRKLG,1411.8440366972477
VRGQSWALG,4593.568807339449
QRFFKLNHAS,6162.651376146789
PEELWNL,4515.266055045871
HLNFFNVAG,8354.426605504586
SSRNLWSG,4605.844036697248
SRGSPWKHALG,3533.0825688073396
SLPSGRS,2172.770642201835
VYGKPWASG,3401.229357798165
YSAGYHAHAG,3334.8990825688074
VEDSLPDA,1136.573394495413
FFFVAHSG,6678.674311926606
QGDFGQWKHG,2411.6651376146788
AHVSQFGPYDS,5090.926605504587
FFGNQNLSG,2804.9816513761466
DQFPHGHLEKHD,1922.9311926605506
PDELFELGRL,7153.119266055046
RPPPKAQPYWVG,5084.834862385321
GEGNKFDL,2082.1284403669724
LLSHGAG,1959.5550458715597
PNREGEADAS,1129.2614678899083
KFDWYWLG,11547.224770642202
NPGPNKKSG,791.559633027523
QYDVEQHVSEYW,9546.733944954129
SKDEDRNDVLS,801.6376146788991
DKDPKFKALSG,768.0733944954128
HGFQVAQFNVAS,7239.853211009175
NRQYYASG,4215.665137614679
RVESNDLRYKG,2394.4266055045873
LQKSWANAS,2099.298165137615
PNAWLEKAPKG,1488.5779816513761
DFLPNKASQNHA,1443.8256880733945
RDWQGQVSG,2101.3715596330276
VGNFLRYHVLS,12159.344036697248
GHGRPFLSG,5538.119266055046
YPDEHQDALS,1601.9174311926606
QYWVQSRWPYHG,13584.747706422018
RKYPGEKVAG,1058.9128440366972
AKSVGDSG,697.6926605504588
RPEFKGQPYWV,12456.963302752294
QKQAVREPDL,951.4954128440367
LPFPDLHS,3595.761467889908
LPFHEKALS,1926.9311926605506
FDGYPKVGENS,1495.0825688073394
AHRPQYG,2629.8440366972477
NGQYQPHLSGKH,2080.880733944954
ELVVQHDALS,2522.266055045872
FYEYWDYQPN,4898.747706422018
HQEHKHLSGS,1576.8211009174313
FVWDPYFPNHS,13005.669724770642
WRLWKEVSG,4331.568807339449
HEADQYVLS,3506.6422018348626
NAPDFPHEPWNS,3357.0137614678897
GRWRKARYNHL,4536.94495412844
FKVSGYSRKHL,3967.293577981651
PDHHRDSG,1256.6422018348624
EKSFFEDGFHAS,3123.233944954128
LNGPVPHVL,4234.311926605505
PSWDDVENKHG,2003.7293577981652
AVLLWAS,18573.761467889908
QARAFHLGWNLS,10677.93119266055
YPSSHLSG,2110.701834862385
NDSHDAKLQYVG,2253.6422018348626
ERKDKQYKHDL,873.4357798165138
GRWLRQREALG,4601.1697247706425
DEEDPHLSG,1159.2706422018348
SRAYFYASG,11850.697247706423
NLNWEASG,3878.4036697247707
QWNGPWLRPQWN,14860.142201834862
LFNLAFREPYHV,14258.926605504586
PGSQHGYNKHS,1731.0963302752293
VDLLVASG,4200.197247706422
PWWVPSYWDSG,23346.454128440368
NASSKVSYWG,4303.266055045871
GWWSNVALSG,9691.394495412844
RKVAWDAFSEPN,4006.8669724770643
VLYSPGQENH,2833.087155963303
KWDVQGFPAS,2990.697247706422
RLNSNGQENK,1206.6743119266055
NFLHPYSG,8379.325688073395
VELVDSG,2205.376146788991
GYANPDLSG,2379.266055045872
HDAYKPKHVQKH,1425.802752293578
HQPQFWKVFEWK,10516.385321100917
LSFNRYHLGWN,12105.715596330276
KRYWAFHLPNVS,8922.651376146789
RFFFKALSG,10920.188073394496
QVAQQPWDSKA,1891.1926605504586
HSPLASNHDS,1320.2293577981652
LSGEDLGASEN,1403.967889908257
WKKVDYHVLSG,3887.706422018349
PSSRHAREKH,1295.2935779816514
KSVGWNPNVSG,2318.238532110092
LFLQVFSG,26050.119266055044
QDQRFENKFRWA,6332.022935779816
DLKRPNRYKDV,1901.7155963302753
VALPENKSQLS,1035.5504587155963
KFPVRGPYWG,9731.97247706422
EFFNLEVG,11297.050458715596
ARQDYSG,1791.908256880734
VEAWNEWKHAG,3045.454128440367
QKVWEKHKHVS,1580.4449541284403
FPEELRWNKHLG,5517.995412844037
RDFHSNGQKDAL,1856.4954128440368
FPPPHAFPWN,11139.688073394496
VDRYYSG,4660.8302752293575
FSASSNVL,3365.564220183486
KKEYYAS,1405.366972477064
NPVKGFSG,1523.8715596330276
GQDKDGHG,902.6788990825688
NKPERPKHVL,1161.3715596330276
KNDRGFDSG,1426.9311926605506
LPKKPNALS,1186.7385321100917
DDSFLVLSG,19906.903669724772
SRSNHDHG,1817.802752293578
KDQNFRHQRPD,2301.169724770642
RYLFSQRREDG,4278.05504587156
LDAANHVLS,2832.169724770642
QGSSRPALS,1744.9587155963302
NDFEFRPHFWNV,20225.89908256881
HQFHHFEYWKDL,12438.97247706422
HHERYVG,3235.394495412844
RRVPQKALG,1215.5550458715597
YDSQFLVAGKS,4873.637614678899
RGSNWKLSG,2482.4174311926604
RSHHYDLG,3665.7752293577983
GWPYELG,9713.935779816513
PEHLPLYDA,8678.770642201835
QWSKPHVEDVS,2043.665137614679
GHDVFLQRKV,5132.09633027523
LGVFRYSRPWKA,12018.857798165138
GNDFNHWHV,8522.02752293578
DVWPHPYNAL,12444.688073394496
YALLYGESG,8617.399082568807
RGVNGNLS,2081.467889908257
VWKLLGVG,6527.779816513761
QYGGQNDLGDVG,1986.5229357798164
NVANQPNQVS,1377.3532110091744
EQLDVWHALG,3837.678899082569
DFAGRPHFEHDA,4381.756880733945
FRYRWHLRQRNG,6021.9495412844035
SHREKWAG,1871.5504587155963
RKGVDLSKS,844.059633027523
LNVKFNAL,5518.587155963302
QPSAQFNQRNHG,2782.0504587155965
PVVEKDKHDVG,1034.6100917431193
RGRAKASYKHG,1252.9587155963302
NSGWGHFEWLG,17663.518348623853
FLHVWQYNVG,13706.614678899083
VPLEPAYSG,1905.302752293578
RFRVPAQWDV,8153.073394495413
LYKVYNVAYWNA,16412.66513761468
RWKRREVSKA,1139.5412844036698
DYYNDRLS,4230.95871559633
ANKSSQYWNAS,2334.266055045872
KSNRKSRWHDVS,1450.5045871559632
KKRVFVALS,5210.853211009175
LEDWNFKVAG,4496.123853211009
SHDSLEHALSG,1804.348623853211
RLEHYNKGWALS,7585.243119266055
HGVQRDQEWKAL,2595.151376146789
PFGDAFDVALG,8861.440366972478
NSQSLGPYKHD,2590.440366972477
GFNGHFPWVL,28637.160550458717
VKRRHAG,1332.394495412844
EYFRDRPADVL,5168.972477064221
KFWSKVEPKDLS,1872.9954128440368
LEAQKFNVLS,4013.2522935779816
DADFWHAYNVL,13433.165137614678
HGNVPFNKHD,2993.261467889908
KKFPWDYG,4841.1100917431195
KPYEWVRLS,7083.55504587156
PPQLDVSG,1432.119266055046
PPWFHLPYND,19907.995412844037
VNLEAWAS,3999.5688073394494
LRFPFPLG,14547.256880733945
ESPDQYPNAL,1760.2431192660551
WYDKPKVLG,4075.3440366972477
EVEVQEQPKHS,875.3440366972477
QNKLERPHPWHG,5841.376146788991
SVSYLVLG,34855.97247706422
HQENSELSNKS,1193.7798165137615
VSFDYVSYNS,18973.995412844037
YVLDFNEDLG,8419.366972477064
EGRDWRPYG,6848.995412844037
PFKKEWDVAL,3736.97247706422
FVFYPLSGFWL,21262.74770642202
HWYVPDG,8694.775229357798
LDAALHVSG,3345.623853211009
QWRYVKRDAL,6314.688073394495
YVPFFHVASG,12742.48623853211
DNPQWDVLSG,3382.316513761468
HPENHQNKVLS,1330.2935779816514
NAVRKLYVAG,7424.298165137615
KHVNVSQAGFYD,6425.532110091744
AWGWAHVG,10171.133027522936
RPQKVQGYNA,1911.4816513761468
NDAKKVAEYN,1306.9311926605506
QRRQVAEYDLS,2921.52752293578
RPRVGYDQRN,3929.922018348624
LEKVWVRNKLSG,5174.192660550459
RDEAEVFWLG,11626.11009174312
FYQWKPVQFYD,19383.091743119265
RGDYFWALSG,10593.467889908257
APDELPYWND,3310.862385321101
YSHHWNSG,4471.577981651376
KWNEEKHVAS,1139.0871559633028
APGVPKAS,827.7935779816514
KGYEWDRHG,3146.3669724770643
FVQDKHDLESG,1690.2752293577983
RRKWKQRPYWLG,6558.756880733945
LPVGDFHVLSG,4275.408256880734
YGLSRHWLG,11438.518348623853
RPHHGPHDAHDG,2455.9816513761466
GQEPRYNPHDS,2392.8119266055046
YLEDWVLFDV,25053.844036697246
LEDADDLS,2052.243119266055
VRKVPGQPYVA,3361.3853211009173
RSPGQEFKSG,1199.7614678899083
PYYHRDPWNK,6917.155963302752
QPHPALFYKDR,7046.100917431193
DEDRSVALS,1789.2660550458716
VLEQEDLSDA,1390.7660550458716
KRRNVWG,2532.5688073394494
QKLQEHSPSFPW,8505.995412844037
YSLAWKLSG,5487.665137614679
DHVPFRDALG,4446.733944954129
DFFVAWLG,34920.408256880735
FDVLWQKVGWV,21828.440366972478
FPSLNHSGYK,5083.233944954129
LWVVWVG,42197.4128440367
WKKHSFVLWKDV,9568.743119266055
GYLNPVSG,4805.4908256880735
EQFVNFYWNA,20395.15137614679
PGYQFSYAG,13699.275229357798
SGHHVNSG,1907.5366972477063
QHRPLGKAYNHG,2453.4770642201834
PHAHHAFHVAL,8323.701834862386
VYHVLFWGRDLG,18619.261467889908
YFPKDRSRLS,2745.9495412844035
SKSFFHSG,3349.912844036697
SGKPPWLSG,3977.6605504587155
PSEWQEYNKASY,5226.229357798165
VLHHEKALG,1743.8853211009175
DAAQSGPG,944.8853211009174
DNQHFLG,4364.651376146789
WQKRLQPHDLG,4852.325688073394
WEWWNVLVLS,50141.83027522936
LDENSWG,4017.032110091743
KEGWSFSG,4757.380733944954
AALEYRVG,4381.399082568807
ASPFSRALSG,2839.5688073394494
KRDGPSLG,1173.3302752293578
HYVDGVLS,5801.440366972477
RVKVNHDPAS,1243.1834862385322
RFADGKAS,1738.7477064220184
APHWNYNDVSG,3273.5
LSAWRPAG,4644.522935779816
SWRYFELSG,15563.628440366972
SHSYDALQKDL,2276.637614678899
QSFAASGQYV,5770.922018348624
RWHKYNAQFV,9374.922018348623
LKSHFKVS,2483.270642201835
FVNVPHGKDSG,1843.9495412844037
ALDHYNLSG,3303.1651376146788
YVNDRENLWNKD,3276.4266055045873
SQHSLRNHVL,3963.5137614678897
YAWHPVGHVA,6550.431192660551
DNYGASG,1783.7844036697247
AEHWVDVAS,3907.738532110092
PFAGHAYWH,14270.90366972477
HFAVGDLSG,4140.3899082568805
NGYHENYDAS,3067.880733944954
FWSSYNSVAS,5016.146788990825
KSQRKYHLFYNA,4200.972477064221
QALKREKQKS,707.1146788990826
AWWDRKSG,3898.3119266055046
ELDSAEWNK,1381.2018348623853
ERNHPHFYWKLS,9544.80733944954
YQHDENDLSHLG,2766.770642201835
RLHVAHYNG,4594.655963302752
RKQDHAGYWKS,1869.0779816513761
RKAHAGHFRHDV,2834.3853211009173
KSGWYSREKVG,2406.4266055045873
DKFWHNS,2688.6743119266057
WEGPAHASG,3584.7844036697247
NGLDWDG,4578.146788990825
QLPYWVAHDSRA,8417.08256880734
QRNEPWGDAEW,5537.779816513761
WGGPWWHDLG,23086.059633027522
YAVEFNVAG,7066.834862385321
VYGAKLG,2464.798165137615
GWDQNWDG,6130.123853211009
SNLRFEPALSG,4638.183486238532
EKRFRHVALFYN,17015.8623853211
PWRGNLREYN,8174.123853211009
LEDFSRDVAL,4997.995412844037
HVKNDRPNHL,2060.435779816514
QLSRDHDWND,3540.1559633027523
YEYYYNVAG,2835.1009174311926
KHHPQNHDLS,1480.5642201834862
HVWGRRVAG,5284.954128440367
WAVHPYLG,15743.788990825688
FVNYYHVAL,12260.954128440368
YSHPSPVG,2771.97247706422
VWVSDQFRWAG,14777.839449541285
RWDSDSGVEYKV,3645.8440366972477
QNNYPWSG,5178.284403669725
SRAFWAHALS,10982.90366972477
EGKPRYWNKH,2090.146788990826
DYFSQKVALS,3735.532110091743
VNPKKVG,889.8256880733945
HVNAVAPNHAG,1692.6422018348624
RALWNVFDAGRE,5966.325688073394
PPVVQPAG,1324.6559633027523
ALQNFRPYHHVL,11609.0
VDAEADVS,1022.1559633027523
SPWHRWRNDAL,9216.798165137614
EAANNKG,754.4082568807339
QGQNRAGQPYVA,2540.6009174311926
VVLPAPLSG,2595.2752293577983
RAYHGNPYSG,4949.527522935779
LNERASG,1462.8715596330276
GFQLVLG,24060.26605504587
DPFGDLSG,2039.2385321100917
YVQRPSFDVAEA,2416.178899082569
APYAYRYWG,13007.949541284404
LQGFRENWNDS,3747.1559633027523
DVSYLFLFKD,32708.26605504587
EYYVQFEDQPKG,7672.018348623853
LAGNAPSG,1124.4174311926606
WKKPDVFEDVAL,2618.9495412844035
NANVDLFKDS,1785.0871559633028
PVPSYGQPYNG,3173.206422018349
AVAHKLG,1467.440366972477
KLKASRHVGEYK,1269.3532110091744
REAQYWNSNKGR,2295.5825688073396
PHRRGQRPWHS,5179.334862385321
VGHGVGREWS,3257.8577981651374
WVSAHLRKDG,3836.711009174312
HNVRKFKHDV,1669.5183486238532
LAGYLNSG,2999.6284403669724
HSVQQDLG,1485.3211009174313
EYKPSYSFYVAS,18525.93119266055
YWKKRWAEKS,1800.3211009174313
ARVGHVQFELG,5991.665137614679
RDNWKDWHDV,3654.0550458715597
HKLEVHALG,1758.1009174311926
NVRFPNVGRYNA,6540.266055045871
FRDFEVGFWDFR,21109.504587155963
HDRAWVYAG,8002.6697247706425
QRHLFAFRQFNH,12942.449541284404
QKRWHYRELS,3886.6284403669724
QPKKSLQENSG,618.7522935779816
PGKQYYWDSG,4194.564220183486
VVSPSLSG,1289.2155963302753
GNHPVWKG,3012.0688073394494
GPKVFASYKVS,4639.802752293578
WRFRNFAG,8516.97247706422
WPGSHLSG,3470.623853211009
YYFYLRPNS,6211.711009174312
SPPDDASG,912.5504587155963
KSHRYVGPDG,1939.0825688073394
QDLWKPHGPYKV,4661.8302752293575
FARVVSRYWKH,9508.550458715596
DNAAVALS,1363.6697247706422
YFSVAVG,7410.715596330275
VVSHGPG,1634.1238532110092
QDWYGQYNKV,4987.266055045871
NPVPWPHDA,3871.5504587155965
PAFHRDAPWDA,6806.348623853211
YQAQQYVLS,7600.522935779816
KLHWNSWDASG,3991.5963302752293
EHYKYHAQPNH,2423.077981651376
SDYRNSG,1679.0642201834862
VVYWWVSG,19360.674311926607
PSLSQWPKL,4577.706422018348
HSLKWKSG,1879.6605504587155
WHVAAGEGENA,1585.211009174312
FVLSSGDPVS,3174.8853211009173
YALVYDARWNLG,18711.77981651376
YLRSDKHAL,3034.853211009174
VDGHNHDLSG,2062.967889908257
ARGLWVLSG,8912.967889908257
PGGQDVPHDSG,1291.5183486238532
NKRAWLSQFA,7492.912844036698
HNRSFAL,6354.105504587156
ALPGHDLPYS,3848.1559633027523
YHFAGDQKDA,1369.5229357798164
GYFKHKVS,2539.4311926605506
SGHKPKHDVA,1063.165137614679
WWDSYRYWNAS,13066.651376146789
GYFVYWG,21820.288990825688
SENWPWAS,9135.229357798165
HQARLSNAL,3319.637614678899
EYQVYLGWKVS,20983.32110091743
PSLDKSG,1226.3119266055046
HHVAGQYRWKHL,7564.761467889908
FWPALQYLNSG,13927.821100917432
PAVQNAFYWHG,12746.839449541285
HKARVPYG,2799.940366972477
HWNNVGEASG,2011.01376146789
ESRQHVRYHG,3176.8899082568805
GHPYALSQPHDA,3606.02752293578
KQDYEWHS,2231.9770642201834
RPPYQAGRPAL,4139.95871559633
VQDWVLQRY,13409.564220183487
QNKWLQRARASG,2607.743119266055
WKDFEYKRDSQK,1684.0412844036698
HDEKSFYFNLG,9847.839449541285
VSSDGYSG,1897.1926605504586
QLQYPYSRKVL,8170.247706422018
PAQLFDLWKHDS,6024.091743119266
EQVGESDLG,1063.559633027523
NNAQFFRWNG,10906.853211009175
HEFHPALSG,4406.311926605505
DYRWHKLG,4944.357798165138
EEKPNGPNHVA,1120.6284403669724
GEKVGLFRYN,7166.6100917431195
GKHKEPALG,916.7981651376147
NALRKREHFPDG,2806.2201834862385
WSDYHGQPWDVG,10675.80733944954
KHASQQHDWKSG,1448.9036697247707
YLEYFHLVSG,11806.490825688074
GQHLPQPNLSG,2426.5
AWQKYKLG,3241.348623853211
YVWNDKPWNK,3871.5412844036696
EVHLLEALS,3824.2201834862385
NQFVVALFHVA,46058.94036697248
HEWASFAQKVAL,10005.58256880734
VKLPPDSG,1311.6605504587155
YWNYHLYWGQRA,9067.055045871559
HVNKFQEPSG,1486.9908256880733
LYNKGNHSRYAL,5832.545871559633
VWQDYDG,5480.146788990825
QEYDEGRYVLW,22336.3623853211
RFAFPWHEVG,11860.963302752294
DRLPNFDVASG,2962.1743119266057
WKWAASQFHL,14453.11009174312
HQALGEYGWKD,4087.8990825688074
GVLSYYKS,7629.633027522936
WDLNGPKSNDL,2705.4036697247707
FGNNFENKH,2520.4495412844035
VRWLWDSDVG,10563.811926605504
HQHSSFKSG,1852.151376146789
HVEHARYRPVS,5547.376146788991
RPASAGHSYG,2873.293577981651
DYWLKFYWVLG,22426.155963302754
HFNQGWDASG,4174.940366972477
QAQSPDVFENK,1407.9954128440368
WHVHWKVLKL,15456.08256880734
WAARFENALSG,6819.715596330275
DRSDQFDVAS,1647.8623853211009
WFFPANSG,7610.733944954129
YGHQVGKVAL,4195.6697247706425
FFDGRFEYAG,9306.821100917432
DWRDFEAS,4215.577981651376
EHRKGRSEPKD,841.9908256880734
SLEPHPYS,4229.247706422018
QVVHRPDS,1738.0366972477063
DKDRKAHLS,894.4816513761468
FHDWYWKENDG,5493.766055045871
VGKREHPVG,1229.48623853211
KSKEDAVALS,679.2981651376147
AKLGHENL,1650.5550458715597
DLVKVDSG,1336.8394495412845
NDQKWDLKASG,1519.3899082568807
QDRSKDRYWV,3952.7752293577983
NLDDYDG,2848.5412844036696
KVHGRHYDLS,3904.1330275229357
EAFLVQFPDVS,32287.509174311926
VLENRPVKAS,2362.2247706422017
PQRFHLFRWA,16363.747706422018
FPYHAAGLSQNA,4467.440366972477
QNLDEKVSLG,1281.7522935779816
LPWNGLRWLS,19879.389908256882
SNWLKHVALS,7969.188073394495
QPYVASFASLPN,13754.56880733945
NKPDHVQEWH,2490.353211009174
RPLHNHLFRYK,8121.972477064221
REYLQYQYNAW,18447.353211009173
AGPKQPGQYKL,2171.178899082569
SPFNYDSG,3486.848623853211
LSYKRWHLDVA,7061.270642201835
RHGYPDSQRWAS,5776.284403669725
VASSVAQREHA,1227.0091743119267
HSNDGSEKSG,777.4816513761468
HGLWPDSG,4612.821100917431
YELVDASG,3945.330275229358
EYSQGQFQRWL,13039.454128440368
AGALAQEPNAG,1136.6880733944954
HPFFRASG,5896.788990825688
DYGQWVAPNHSG,4245.123853211009
LHKLSYSG,3878.545871559633
HGEPPNSYKG,1436.6605504587155
ESNRQFAS,1946.3577981651376
WANSSGDG,2499.8577981651374
WPRHLDSG,4700.724770642202
NYRAHDLG,3944.8440366972477
GAFYGAG,6053.440366972477
DANFKWALSG,3646.9587155963304
KVHEKDLKHLS,933.197247706422
VAHEHQRKL,1596.3211009174313
PWVSSYDVYNDS,16631.559633027522
WKLFVGFHWNK,15850.128440366972
KQWRVSRPYWN,10812.669724770642
DWLRSGDVAL,5724.614678899083
QAHGYDLSFEND,4786.114678899083
QDLKYKHPNKS,1232.6376146788991
FGYGWVWDLG,20308.0871559633
GYDNRASG,2502.1422018348626
FEPKSLGLSPKL,2691.8853211009173
GWQLPDLS,5873.412844036698
QHEVLEKVGEYD,2236.830275229358
QGLWALAS,9177.348623853211
NARSNVGEKVA,1219.51376146789
KEYAWSQWNAL,8351.362385321101
DGYGDVEHDAG,1852.0779816513761
HNAQSVLG,1660.8990825688074
ELAFEHDRPWHA,6256.105504587156
PFPSYGYAL,17557.839449541283
NKPKSGHALYN,1838.7018348623853
YASHRDSRNKAL,2301.894495412844
QGEQASYWNA,3249.743119266055
HVFHDWEWHG,12798.922018348623
WYYKVESG,5546.761467889908
RPDFEHLRYDGP,11309.279816513761
PYLYEYKGRND,8456.665137614678
WRPGFHVHSG,9255.371559633028
WQRGNHLYAS,9386.58256880734
WPNYYWNKHDA,8213.98623853211
RDEVGLQRWNA,4758.848623853211
EEPSQWSHDVL,2699.211009174312
QEFDRENGFWK,3775.288990825688
PLNGKHFAL,5260.853211009175
LPSFWGRDV,7687.353211009175
PADDFHSG,2113.6743119266057
YPKLEFNLG,4421.660550458716
KHERLFEYDA,3805.321100917431
QFHYFNAFDA,13521.055045871559
YWHKWKVSRPWA,9337.738532110092
WLAAPHAG,6005.215596330275
WHQYVQELSQRL,10817.899082568807
FKRWNLRAGRWH,10248.733944954129
KEGLVLG,2682.6743119266057
DNKPRVSG,1143.0229357798164
RGSKSDAG,856.1880733944954
KKQWNYLG,2726.8715596330276
VEYKEFREPW,6788.004587155963
RVPVQRHEYV,3578.422018348624
AVANRAG,1688.619266055046
VDAGSDASG,1426.4449541284403
NVVFYVLAL,40495.8256880734
QSPEGQHALG,1495.8394495412845
NWEVKVLG,6334.032110091744
YYDHKVLG,3803.7247706422017
LYARYQPHSG,5734.940366972477
VENYNHPAS,2507.8119266055046
HYNRWQRPNHL,8365.665137614678
EYLKSQARNKA,1392.9128440366972
HNHGARWKDLS,2953.435779816514
YKRPPKLEYDVL,2831.559633027523
AHRDPVASG,1487.880733944954
EHSSYLQRHSG,2428.1926605504586
LPHNPNDVAL,2666.0688073394494
ESKQWLPWHDL,7391.655963302752
HDLSLSASWKDL,5167.642201834862
GRFGKVLSG,3608.7201834862385
DGKLEGYWDV,4008.8256880733943
FRGSSGFRYWD,13916.252293577982
QFQHWLQFREWK,12442.30733944954
FDDNPNVG,2553.9311926605506
DYPKARLG,2069.729357798165
HQEESGQEPDG,1018.9357798165138
AKVLREWGDAG,2575.229357798165
RDFYNGNQRHVA,4512.5
HVFRVANVED,4528.678899082569
SFKFGEHVAG,2395.651376146789
SAQNQREYVS,2354.756880733945
HVVQKVAYDLG,4456.9908256880735
AYVPLWAG,11338.5
GKHQQYWHSG,3536.0550458715597
LNSGVGRYWKH,5611.362385321101
AYQAHLG,3068.348623853211
GYNVWDAEDA,4195.243119266055
SKHYVWVLS,14719.362385321101
PYRAHVFKHDLS,6918.784403669725
ELNGWDHDLS,4243.325688073394
HPEWDDLG,2708.1009174311926
VEKEGRVAG,925.1238532110092
KRFDLRSG,2055.1651376146788
ENRNWSGYNKDL,3105.197247706422
QNLSPVGWASNG,3528.0229357798166
SHFEKRALS,2070.270642201835
FSGLKHFHDVAL,8183.967889908256
PAWSLFPNKG,5958.325688073394
YPLPFPALG,7989.825688073394
FWFNDRKGQEDA,2028.5825688073394
HKLKAELG,912.0917431192661
HDDDGWDS,3080.6743119266057
DAFNHRHQKVS,1858.7935779816514
APNYHWHVL,8987.995412844037
QYFPNDVAEPGK,1642.48623853211
NSVVNLG,2172.3990825688074
SQQAFHG,2316.7155963302753
SEPPDQEYWKL,2745.9954128440368
QVNYDSEPWK,2899.793577981651
FAFEEYDVAEKD,4230.802752293578
QSANEWG,1943.7018348623853
ELGGWVQVG,4943.233944954129
FWEQSREHVA,4055.798165137615
AKWNGHVLSG,2496.848623853211
RRHSLEYNDV,2875.7752293577983
QHLYQENQYSG,4183.44495412844
QQFDSEQPYKL,2631.1284403669724
PYNLNHVEAWHL,12033.009174311926
FKQPWSPLQWNK,6287.201834862385
PNNNSYVLG,4042.577981651376
EYSEKAYSQWN,3378.6422018348626
SSFREENG,1289.4587155963302
ESRKWAYNKVS,1952.7201834862385
SRWVYSQPWNH,13819.444954128441
RLPEDAQYHVS,2322.298165137615
VWPDAVLG,5115.587155963302
WQNRALWNHALG,10318.08256880734
WGWHYKDRWHG,10492.288990825688
KDLPNPNHGENA,1241.967889908257
QQQQHDG,1020.348623853211
FVPYHLAEPKHS,3177.1009174311926
ANYSRWLSG,5810.527522935779
KAHYALFEYDS,8086.775229357798
EFDVNDRWASG,3704.353211009174
QAWVEWSEPKAL,4127.211009174312
GKRNYAG,1622.7706422018348
AEVQREHEYHDA,2116.2477064220184
FWEQVLQPYW,20252.47247706422
QYAVPAEPWLS,6616.0504587155965
NDPHEHRKVSG,1095.3119266055046
FVDHFEDVG,3164.830275229358
PPEVWLSG,2324.0045871559632
RWERGQRPND,3351.059633027523
YPVLPYRWNKHL,10314.91743119266
AFSYHPAG,3816.4633027522937
RKLDFPWANHDS,3680.0550458715597
NHGYFPKSPHS,3307.4036697247707
KYYGQSG,2223.4908256880735
WPRLHLSG,8673.619266055046
AGARDSQYVS,1725.7247706422017
FEAQAPKHDRWA,2494.440366972477
YNVSLGENQFWH,11344.04128440367
YVDRFYVSG,11641.220183486239
SFYNVNHRKALG,3599.0412844036696
LRFKFRVA,11376.967889908257
RLVFGEKAL,5652.963302752293
RFLNAEWG,7642.059633027523
ERSPAQVS,764.7844036697247
EGPNHHASGFRG,2264.743119266055
GKVAAGNDSG,686.3623853211009
SNVYYNLG,6467.894495412844
VEEHRYKDVLG,1807.4954128440368
KQVRALQG,1103.2935779816514
VDGPNPDVL,2128.1880733944954
DGEAPVWDSG,2086.064220183486
DLPFWHFWLSG,18595.756880733945
LKLKDQVSG,1604.426605504587
YDSQPNEWDSAS,2373.0412844036696
NDASSHALFHA,3898.6100917431195
RGSQFEFVLS,31296.76605504587
VFAKVEDAS,1478.5825688073394
GYARNQVAS,2086.4816513761466
RGNPGRYG,3589.2201834862385
VHVLWLDALS,20755.701834862386
RLAHLSREKS,1822.6788990825687
YSDNHDVPKV,1712.0366972477063
DHAEREAG,844.1788990825688
PQAQFKFEVALS,21239.24770642202
ALSEEKHFYWH,8245.922018348623
RWNPGRHFEG,4323.004587155963
DNYFWALSG,8585.954128440368
YENGKQPVG,1591.5091743119267
QKALASDLQPWH,3781.2477064220184
YDDYALYSG,7080.417431192661
GFRQHLFRWVG,13252.321100917432
SVWAQNLG,4958.715596330275
QKKAGDWVLG,1852.1926605504586
ALGADVSPWVL,9576.715596330276
EKKDDQFEPYAL,1570.7247706422017
REDPAQDRKVL,914.6192660550458
AKAAWLSG,2566.5825688073396
YGYKPYFEKV,5215.839449541284
WEEGDSG,2886.637614678899
RQEKPYQEPWKV,2863.270642201835
EQDDLVLS,1430.619266055046
LVRDWSG,5129.761467889908
EGDGAQWNHD,1991.2018348623853
HSDERALG,1131.0412844036698
RWFRREVEKV,3351.6651376146788
KPNVSKFYLS,4673.821100917431
NHKNHENKHDS,795.0412844036697
DALNYNHHDSG,2469.362385321101
WNSWREHFRP,10361.830275229358
DVFAVSGQYS,11246.128440366972
SWQWHYVLS,19677.95871559633
FWSWFWKFEPHA,12220.90366972477
DHFNDYS,3880.119266055046
FWPYPNKPVLG,8844.357798165138
DVNADRPYWNLG,6107.821100917431
HGQPQVGDVG,1270.8302752293578
FYDAHAQHLYKL,7278.6697247706425
RVVDKASG,1289.848623853211
HGRAAEPKHSG,1130.7752293577983
FQHFAQNSG,3286.591743119266
HHRGQFPVL,6801.706422018348
WVNVKVQNH,3827.8577981651374
ASRRREKLSG,940.1009174311927
KQWSRSKDLS,1695.5550458715597
WFAQFYHAGEWS,17149.522935779816
NFDRGNDVG,2402.151376146789
KNSPSVLG,1110.1422018348624
ANAAALG,1355.4633027522937
HGWQWAPYHG,16477.105504587154
YGRQGQNVALS,3270.0366972477063
QDALEEWHDSHS,2968.5504587155965
EKHGPLYNVGYG,4746.839449541284
WSGRALKGPK,2011.9357798165138
PDEHHSYNKHDS,1608.9449541284403
VPKYPNHAL,2094.0183486238534
GFAGAYNVAS,4604.706422018348
RHNDAQQPYAL,3906.5
SPDPDLNHDL,1644.9220183486239
EFEVGDLRNKS,2129.298165137615
FSPRQRYSG,4226.9908256880735
KFSNLRKDVA,1618.5412844036698
KNVGRLSQV,1835.532110091743
DDVYDVKSG,1425.3302752293578
DEYEKGQEKDV,847.0779816513761
PELESNVG,1748.6376146788991
HPNAFVPLG,4286.752293577982
RQQNHEHG,1450.6788990825687
YDFWYKDEPSG,3871.862385321101
HFPDLESRWDA,5180.532110091744
SNKAHASPNA,1113.8577981651376
RPAAQHAFEHL,3515.467889908257
HKHGQRKNAL,1331.408256880734
YARYASFRKSQP,4485.926605504587
GDARPNWDL,5299.839449541284
WAHFEKHDDAS,2751.059633027523
LVGRRASG,2455.045871559633
SVFHDESG,2322.7477064220184
FYFQSFEPDAS,4382.848623853211
GPAWEYDG,4060.6100917431195
FWGRNGKPYVAS,5825.98623853211
ELPRQENVG,1483.2798165137615
FVDFNSWVS,11471.821100917432
QPHLEKANKPNH,1736.651376146789
GFENGFHLEYHL,23846.022935779816
GSGHWDVAS,3119.3348623853212
WAKGPYEHG,4058.2201834862385
GNSGQRKPKA,879.5963302752293
QNSDSKLFWNL,4692.5
YFFWDWKDVA,8355.701834862386
QNVLSWYFHAG,16752.798165137614
VFVFYNDRDASG,19038.839449541283
YYFKYVALS,11988.325688073395
LFWDRQENHV,5238.036697247707
NRSAFPVSG,2868.733944954128
FDRGRNHQEYV,5041.844036697248
RWDVGWSFYAPA,29719.770642201835
YWSFNDRDAQNS,3883.6559633027523
QRHPDSFPYHDK,3035.816513761468
RDRYVGFPPYH,13792.050458715596
VPEFPNLSG,1702.5045871559632
HFVQHDHDLSG,3683.935779816514
RNHNPYANLG,4626.137614678899
PQNKSWKEALG,1525.3761467889908
WANKQFVAWHDL,16502.76605504587
RWNGHQSQFRN,5664.568807339449
RLGEDFDAWHG,7256.793577981652
WWGPELG,8851.756880733945
QFFVKAEYHDA,8257.587155963303
HADFGFWNKAG,4574.711009174312
SWNGDAEPHAS,2302.5045871559632
GKPFRHSG,2369.7752293577983
NAWLPGRPK,3783.559633027523
QDDAVAYWKL,5781.137614678899
GWQDKDLSG,2263.683486238532
HWVEDFNHDV,5509.3899082568805
QRGSREAEKVS,1002.7018348623853
PPHFYFEYWNLS,29980.26605504587
KGEHRVGEWVS,3779.3577981651374
HGDSSFYWNAG,5602.559633027523
PVLVKDQEHVAS,1854.7568807339449
NYEHEWDASG,3514.2752293577983
KDQHPKDHDAL,1195.334862385321
QAEFVGQRKV,2350.802752293578
NVVHSFEPLG,5540.160550458716
ANGEKVDVA,758.2522935779816
GQLKAQNKDSG,819.9587155963303
QPYANAGVEWNG,4101.518348623853
HQDPFPLS,2795.2201834862385
FHNARKPVLSG,2678.729357798165
WPSAGNG,2415.183486238532
DLSLPHLWKDL,7795.573394495413
DNSFSPHG,2580.2798165137615
RRQEYAPVG,2465.440366972477
PEPEFNDSG,1599.7339449541284
RNPRALFEWKA,5312.98623853211
PVDHNDSG,1428.7935779816514
FNVEHDAKPNKH,1624.0963302752293
NEKFFEKDVAS,1660.7293577981652
NHYDVLEHQFND,5260.371559633028
NHLKKQFRHDL,2774.412844036697
NREFAFNDSG,4683.701834862385
DHEDSNALS,1105.2614678899083
FFAEFHLS,14814.69266055046
FQAVGPVG,4451.091743119266
WVSEVYLPWN,35043.61009174312
DPQPYDRKHLSG,2264.2522935779816
FDGVLEWHGYV,22784.183486238533
QRASKSRKVWDS,1682.5091743119267
VKGEKHPLS,1067.0825688073394
QYKFEQEWQWNS,6852.316513761468
NGNYSGEPNLG,2165.7844036697247
KWADSDAG,1539.6238532110092
PRPGHVYDVG,3468.564220183486
LEDKKVLG,1332.4908256880733
KYYNSASG,2271.1284403669724
VRENQKALSEW,2942.288990825688
QVSQQPKVSQFP,2129.8669724770643
AYEDAESG,1106.9220183486239
DQVVKDVASG,923.5183486238532
KWFVWKHALS,9595.165137614678
VVRYRSG,4531.3899082568805
FFFGNKDVA,2772.8899082568805
YSFPWSLEYG,17605.26605504587
SERELPSG,1293.8302752293578
YAVQEPAYDA,2860.293577981651
AGHWDGNKAL,3033.6422018348626
AEHPNGFEYNV,5434.935779816514
GQSNYSG,1810.6743119266055
WASQRQHRKHS,2430.298165137615
RWGFNPLNHLS,13645.43119266055
DPAGSEHALS,1079.5642201834862
SEQRWFDSG,6768.068807339449
LRSFHYSG,6599.747706422018
EFYDLELNHV,7046.90366972477
DDHLKASG,1166.091743119266
KPHFPGEDS,1473.7431192660551
EYPWYVSFVLS,54264.435779816515
ENNNPNKHDA,1386.8623853211009
LYGPRWSG,8789.316513761469
WVEAYFRAG,20035.596330275228
YNAVAGYRWVS,14705.160550458715
PKANEHPYNKS,1420.032110091743
FDHWFRAS,9686.862385321101
PDGRHVGALENK,1930.151376146789
SLPYHPVALS,8749.412844036697
VFHGFLPKG,6928.674311926606
YAADLSEPL,2879.348623853211
GEAHQHSG,1748.8761467889908
WFWNKPFPNVL,16374.454128440368
QLPEHGWNKHV,2376.1743119266057
DNLWGWDL,14309.04128440367
ENKYKLGQYQW,5165.720183486239
HNLPVKASG,1769.2477064220184
HLLGQPQKHA,2243.559633027523
RWDVHDPEPWH,7545.183486238532
QQLDEPLSG,1307.0183486238532
PYYWWSGQRWNL,24122.605504587154
SPFWDEVSG,4237.701834862385
FWRYHGASYWKS,8850.311926605504
EVWHKSRHS,2489.4862385321103
WWPDHAG,8137.376146788991
YQLQAQRNHLG,3997.761467889908
SNSNSDSG,940.4266055045872
SYSRSEWS,4398.045871559633
VPFKEPG,1269.1146788990825
DVPPSQNHVG,1557.3440366972477
RRKEHGRYKAG,1227.591743119266
RRLFAVLG,13809.899082568807
DWQHGYG,5889.733944954129
FNKFRYVFYFN,30945.839449541283
VNQPVVSG,1623.4724770642201
RSGWLPDRKDS,2524.788990825688
QHHWWALSG,10275.151376146789
DDLWDNASG,2942.738532110092
SWQYHRYG,9479.711009174312
DKQKKLG,713.3211009174312
KVPDPWGDAG,1911.7477064220184
EPRSYGYNVG,4817.022935779816
HVLVLPDQWL,36601.477064220184
WWVPANDALS,7631.834862385321
NVHEVFHDVL,6705.128440366972
AWLSDFPG,7375.128440366972
DSNAPANKHDG,971.8853211009174
EKPVQDVAEYLS,1184.7798165137615
VPAVAPDAL,1253.7752293577983
NSWNPKFEPHS,3078.3256880733943
GDASLFHL,6366.784403669725
VAKPYGREHG,2080.5688073394494
QSDFVLYVASG,39995.48165137615
KNAPPNLSG,1525.1100917431193
PANWASREWLS,7830.362385321101
LGPLPVFPWHV,19810.660550458717
LHSRKDQSG,1264.4816513761468
WDFRPKVYDVHD,6157.545871559633
AGSKFDG,1581.7155963302753
AHQPRWG,4835.573394495413
FVQLLFRYHG,23275.036697247706
EGHFEKVRKHL,2121.711009174312
LLEDGWG,4948.362385321101
NLFQNVLYNKD,7367.715596330275
ADFPDYDLG,3437.6146788990827
QHVAHLSYVRNA,6977.211009174312
FKQEPVAQKWKV,2023.6238532110092
KLYKVPWHFRPW,15231.720183486239
YRVKSWASG,4130.628440366972
PSASHAPDVA,1085.1146788990825
PVWGGQEYDS,4084.4495412844035
FKAFFVAPNALS,17120.110091743118
GQGVEPLG,1277.3761467889908
VWRAQHVAL,8541.678899082568
PYRRDLRPYND,7662.775229357798
KWGRWAWALS,13105.770642201835
WRAPFEAG,6095.105504587156
KVEKEPGNAL,857.0137614678899
QSGDDVGPDG,1046.1697247706422
NEYHANAGRNKL,2450.8899082568805
QYNKDKPFYWN,5241.917431192661
DRNGEGFENV,1693.894495412844
SHLNGHLG,2718.261467889908
FPKQFPWWEPHS,12575.261467889908
WFPVFKYHA,16029.004587155963
EENYVEHDALG,2096.197247706422
PLGYLGHAYHAS,8595.637614678899
DENENRPYNA,1750.4816513761468
VWPKDELG,1708.4724770642201
NFLFDFWG,19057.935779816515
PPQAHDALG,1316.0825688073394
GEYPEPYWKVL,11864.724770642202
ALYNFHLYWN,16429.857798165136
WHEYRYKVSNHD,4810.802752293578
PGFWPSYNDALG,10602.825688073395
GRDPWEWS,7888.215596330275
PSDDFPASG,1457.105504587156
AKELHDL,990.3119266055046
HNAPWRDG,4618.0091743119265
KHWEKAGEHS,918.9128440366973
ELFYKPKSYKD,2872.0045871559632
EFQFWFHG,19238.729357798165
PGWLGKLQYNL,11481.79357798165
KFPLVLQYNA,10908.495412844037
VALYHGFEHFS,14111.752293577982
WAAHQEASG,1892.9633027522937
FLENWARWNAG,7826.399082568807
LDQWLYG,9390.19266055046
YQPVARSPKVA,1779.4036697247707
EPAPDLWPNKDS,1236.7614678899083
AESWFRALSG,6031.701834862385
KVFVYAFRWN,26546.522935779816
PFRLGFYPYVA,24441.674311926607
HDPVWKYKDS,1928.6376146788991
YRWFYSRPYK,9340.422018348623
ENKKWDSQKVL,1019.756880733945
EGRPSRSNVSG,1038.0688073394494
KWQFVFPLSG,17869.65137614679
GLGDQASG,1140.3623853211009
WLYYQRWNHLG,11291.178899082568
APRLGNG,1170.2247706422017
KNFNELSG,1630.133027522936
RVVYHYWNHVL,16117.04128440367
SFKSQLEWV,5324.747706422018
DLNYENKHVG,1797.5550458715597
HESNSNLG,1314.9633027522937
WEGVSVSG,4818.954128440367
VEVQPPHS,1649.8761467889908
KNFNVYDS,3511.8899082568805
AQPQDSRENAL,950.8669724770642
NRGKAALS,1254.0091743119267
FLLYDLEPWHV,17073.628440366974
LRKPLKHAG,1533.4770642201836
FNGLSQRFRDA,5616.229357798165
QVLPFHAQWKV,7301.238532110092
FDRPRPKPKVA,1342.3165137614678
NQEAWNFYKHSG,4876.642201834862
WLQLKDQKG,2348.967889908257
GFDAQPQEASG,1347.7522935779816
RQFRNQEVSRWL,8411.114678899083
EGQRLYGQRNVG,3123.2752293577983
FVARLQPFWAL,30124.174311926607
DHQDYHDVAL,2905.077981651376
KRDFHVQKHDVL,2256.669724770642
EFDVHVNHDV,3151.3073394495414
GNFWYKHDVS,5936.077981651376
LKVNHRVSG,2469.7247706422017
KAVPFKDLG,1772.7201834862385
QLVAFNPVAL,22189.88532110092
ANVSELFKLS,4915.321100917431
FGFKKVALKAG,3096.261467889908
PQFANAQPWV,8435.56880733945
NQQNFKALS,2255.623853211009
KKARPENKDV,712.940366972477
RWWADGPYHD,17108.903669724772
LRGPSRVS,2729.47247706422
NHGPQRDRYAG,2453.6422018348626
RWEKWNEWSG,6066.027522935779
WDKVVLQRWNLS,12890.912844036697
LWVDKSG,3057.6100917431195
ANVNWKLG,2857.669724770642
VSKEHQKG,823.2522935779816
ARHPNVFRYW,15973.128440366972
SPWSELFEYN,9260.839449541285
QLAWDFNAG,6445.082568807339
RKPNSGNQNALS,1106.8440366972477
HEWWRYKALSG,8028.3302752293575
LFEPARDRYHG,5117.98623853211
PYVGFDVGHNHV,8271.788990825688
YVHLSEAWNKD,3310.940366972477
FHQAAGQFKDA,2200.032110091743
AEEVYVLSG,17328.79357798165
RDGKWVLNHDVG,3661.7155963302753
QHGSGEFENG,1293.9357798165138
AQDVNHQRYDS,2073.8990825688074
SWDDQNSG,2327.6651376146788
EYASEWSQAYH,8129.188073394495
SQPGVSGFYKAL,6090.876146788991
EFDSRHYLG,5115.426605504587
YNRNYWDWNDA,11171.69266055046
RHPWWHQWKG,8624.61009174312
EKLKRNLEYNAS,1597.3577981651376
PNAADFWNKL,3960.1559633027523
GGRPPVSG,2269.330275229358
VAQHLPEYWVS,10407.165137614678
LQFWWNSRPNK,8077.165137614679
WPSDPWG,7400.577981651376
WKLDFYKVFVS,27300.88532110092
HWASLELG,6212.536697247707
KGEDEKNAL,729.5091743119266
NLVQEWKFHDS,4976.788990825688
VWFNKPSG,4319.637614678899
RVLLEHLES,5735.045871559633
EPYDSNLFSFPW,24812.844036697246
NKYRKAEVLS,1616.133027522936
FHVNSGPEYHG,3948.532110091743
SQGSFPLS,3613.1100917431195
YNASALLFYVS,29280.0
ENAELYNQFRDG,4884.114678899083
DLYKHADSQRV,2306.288990825688
PGFFVQRPWV,30644.064220183485
WYRNPYG,10096.688073394496
DFDKDRHS,1417.7522935779816
YERYGWSG,7165.619266055046
GHVRAWDAG,4214.894495412844
PYRWSFEHPNKH,6057.862385321101
LRPVRAEPLG,2097.256880733945
YQGVNHG,2428.7201834862385
GNHLEANLSG,2183.330275229358
LPWYYHALSG,16516.908256880735
WSEYWQLFEWNA,21067.477064220184
DVGKNLKDALS,1346.394495412844
SDVSESKG,733.7293577981651
HEFAQHDVL,4984.642201834862
AEPRAGEPYVA,1943.3990825688074
YYPHYLS,8128.188073394495
QWGLKDAWKDL,5121.4908256880735
HVQLEKLSQD,2003.1376146788991
EVKGPSKDALS,854.1146788990826
PYARREYWRKL,7141.284403669725
RHQYQHPNKDLS,2098.7477064220184
HFSQAGRWKDS,3119.064220183486
VVQHVNVSG,2140.2522935779816
YQPAKRNKDG,1268.894495412844
QKDWWNKRHDL,3703.045871559633
REELEYQFWV,21173.697247706423
NAWYPHAG,8457.825688073395
GDFWGYSG,9652.279816513761
FRPGHHDVQWNS,4655.720183486239
YKSSDLYDVSG,2392.2155963302753
AQKSVSWHD,2396.7155963302753
KWVVQEASG,1838.4954128440368
FRNGRELSWLQH,10037.802752293577
FLKLLKVALG,8766.004587155963
YQLRDQVALS,5444.655963302752
GRFYEYSG,9704.422018348623
NDVLWFSGNKL,13674.467889908257
HPYYQRDALSG,5430.018348623853
LGVFHAQRWKAL,11006.56880733945
FWAQKVFVEWLG,34341.97247706422
LSGHHFEPWH,10531.871559633028
NKRKVNHLGKAS,906.2293577981651
GKDHYLSG,1814.091743119266
AREAALFWLS,19368.522935779816
NELKHEALSG,1463.3211009174313
WVASVAQEASQE,1386.633027522936
HYWNPDGKAS,2371.848623853211
DGRPDPAFVL,3502.7247706422017
AEKPDEWKHVG,1284.4770642201836
FAAKNVLSG,2352.0091743119265
KEYPYSFRPNAL,6811.261467889908
YFEQWVLYWHG,19572.825688073393
EAAPEPG,919.7293577981651
GWKVSHLGRYVG,8939.688073394496
NEFRSPDG,2775.559633027523
GQGDRNSG,1061.01376146789
VFSYDKLS,3734.9036697247707
LNKPDAYHDV,2083.3256880733943
QDSVVARDVS,1232.545871559633
NQAKAWAG,1908.032110091743
KVVKLFHDA,3810.0504587155965
DESENHNVL,1636.1467889908256
QKAPDWAFWNH,6691.54128440367
WHWGFRYYWSG,18629.564220183485
SQWNEYARHVA,5895.940366972477
AFHHPVSG,3421.830275229358
HWGRVDLG,7632.967889908256
WYHFFYASG,9731.348623853211
WHLKLREVENV,4024.0091743119265
SQSDGEAS,917.7339449541284
RSVSLQVG,3888.940366972477
EGPDAKQEVAG,696.9266055045872
QPEKFKAGFPND,2624.9311926605506
APWGLFYLG,30623.077981651375
WKQDSPWLQEYD,7490.605504587156
NQNYFRWNKHG,4898.298165137615
KKRGFPLS,1289.5
QFFGLGNDVLG,7739.082568807339
KHSGHDDSGFK,1591.6926605504586
HHLWWAG,12677.967889908257
DKRQYNDLS,1650.1743119266055
KEEWFHAS,3224.532110091743
PDLARPNHFPVA,4951.284403669725
ELLKQHSG,1374.788990825688
LPPYVGALS,5182.876146788991
FSFHNASKHVG,3506.256880733945
VGQEAYDLGP,3403.243119266055
VFWQLPKLG,10655.018348623853
WHGVDLGQPNA,3971.935779816514
NGEPRPVNG,1763.7752293577983
RNLFYEWGFP,27890.935779816515
DFWHKGYNKV,4076.3348623853212
QAFSRESWHA,4688.091743119266
GRQKNKVSG,764.5412844036697
PNNRRDAG,1582.48623853211
RVEKDVVFPYW,14762.90366972477
SEFDGRLSG,3627.408256880734
QSEGSRPYWKA,3980.238532110092
HKKVPVLSG,1492.3073394495414
WVHFPNQVA,8136.674311926606
ASWAFKHRHAL,6591.325688073394
PYHSGLKHGNA,2336.8715596330276
DEPLWNSRNHG,3033.8348623853212
FAGYGRNAKDA,2603.802752293578
QKREGFDEPDA,1369.8211009174313
VAFGFDAVA,8766.894495412844
FSSQLSHDAS,2221.8119266055046
KFQFYRVS,11960.573394495414
PRDKQKASG,722.4036697247707
NRYLSAELSG,4281.206422018348
QEKVPHYVAQHA,1806.0504587155963
LVPYQYHVL,16670.0871559633
ESAFKKVLSG,1569.848623853211
ASSWFWVG,16000.247706422018
ENYRYNRVALG,6693.825688073394
KRYLQEHEYWKG,3583.4311926605506
EAKAHPWKHVG,1942.6926605504586
KFRDSDAFPYS,4385.94495412844
NYAAKVLSG,2799.302752293578
PNAKHPWKDQN,1560.3715596330276
YYDNQEASG,2056.6009174311926
NDSKKHDGHVG,1125.6100917431193
YLEPVGEYYHD,9537.56880733945
HQHRWQPYWDL,22509.963302752294
WPLKWSG,8306.633027522936
KVNKGPLWNHAG,2476.091743119266
RFRAQAEDSG,1561.5366972477063
QHPFWKAEWA,5836.633027522936
HGSAKVLG,1703.9449541284403
DNLQFEYHVDLG,13258.834862385322
APKVWVSFEND,6473.412844036698
SGDQKVEYNAS,1202.3715596330276
NEHQSRPKHDL,1808.7981651376147
YGHPALEYNHDA,5345.371559633028
KRKSYLFEPH,2369.729357798165
LDAGSWASG,3637.770642201835
YAWVLFASQRHA,19361.096330275228
VQVASGFSFHV,22106.770642201835
FEHSDAVFNKDV,2894.348623853211
YLPNEALGYNV,5957.146788990825
LQKPRNKSG,999.0871559633027
QQPQDPKHDVG,915.0825688073395
ARFFEDVS,4199.899082568807
QFFRRNKFEHV,4961.587155963302
GQLEARHVALG,2985.1146788990827
QQGQQRALG,1823.0412844036698
NPWHLQVGRWG,14412.330275229358
WHVVPNVAHVG,5654.871559633028
RALLWKSYLG,10121.908256880733
RLKYEPLG,2826.7247706422017
NVKFAQNALSG,2454.6422018348626
SFKYQFYG,9085.738532110092
GNDHNDLS,1464.6422018348624
VRSFESYWDVS,10200.825688073395
PSELYDVSEPV,3213.1009174311926
FANEKDRPWL,5925.701834862385
EFWPQWNDLS,9515.325688073395
YEHYNKDNVS,2032.1238532110092
NQDLKVLEYNH,3413.7201834862385
ARVNSESG,1241.5688073394494
SVSRHWDASG,3274.316513761468
YQGRWENHVS,4371.256880733945
QLSRYRGYLG,7498.288990825688
SVFPAKG,2096.623853211009
QYNWREEYLSG,7842.174311926606
NRFNDWSG,6037.100917431193
VAREKLDLDLS,2129.733944954128
LPDRRYALS,4400.206422018348
PVSHRNHEWH,5009.646788990825
KSEYKEYWEHVA,2652.091743119266
EPEAFVLEPHVL,9899.334862385322
VVASNYKS,1837.4724770642201
PLDASRSFEDS,2123.816513761468
LSNQVSKVL,2326.4495412844035
DEDVDLWKHDL,2650.1100917431195
REGVRPWRVL,11219.871559633028
DPPSGYHDASG,1623.426605504587
PENPKARWVLS,5152.371559633028
HRWHWNFDG,12625.522935779816
KWSNQKAG,1512.9954128440368
DKSPLQPWNVA,2572.9862385321103
GSFAFRPYV,14754.518348623853
DVYDKHSVALG,2303.3073394495414
ADFYSHG,3708.045871559633
HYQYYKG,4035.559633027523
PGGEGWSG,2328.3073394495414
DPNDLYQRDS,1764.2660550458716
VSKHHDPWG,3059.706422018349
DPFGVALSG,3002.738532110092
YDFRLKVLSQE,4726.747706422018
FFFLRESG,6066.5
GNAQQNALSG,1186.0779816513761
EAWEQVALS,3006.4266055045873
EVYAGFVPHS,5774.142201834862
RQHPDPNLS,1505.091743119266
WKWSEWSLG,9456.587155963303
WWLQRFHVG,15968.87614678899
VENEPWEPNL,3482.545871559633
LQSVRWALS,8297.01376146789
APKPVQPYWNV,4194.133027522936
YAYARWGYDA,8030.967889908256
KFPFHGWHDVG,4975.9908256880735
GQLFSFEYG,22597.077981651375
RSKNRNALSG,1163.01376146789
ESQLYKAWNH,2715.5504587155965
GVPLKAG,1162.5642201834862
LDSEAPASG,967.1788990825688
KQKEPVKVSG,573.197247706422
HKEKWDVLG,1319.105504587156
HGWLWKHDGEPW,10174.857798165138
RVHLNLQYWDLG,16704.954128440368
DQQRFRPS,1906.6284403669724
DWENVWHSG,5533.605504587156
LYEKHNLG,1762.1009174311926
PQQQKHLS,1027.1467889908256
WSYWFPWDVPNK,12267.752293577982
GFAELLSG,4657.605504587156
EYELRHQAS,1984.8119266055046
PKVYFEDSYAL,13360.642201834862
ESREKKQEPWVL,1683.5550458715597
YPRDFAS,2712.0366972477063
WRPSGWLWVS,23887.738532110092
LKGLGPG,1799.3761467889908
EAWSPHLQEW,6238.95871559633
QEENNKDHALS,755.2155963302753
WPVPGNVLSG,3399.408256880734
LFGNQFVSG,4902.532110091744
ALRNSRWKQRNA,2167.1559633027523
WVWKAFGQPD,7984.344036697248
NDRFLFYWVG,25241.67889908257
YVWPKWDVS,6380.706422018348
ASRHQNKLYLS,3842.467889908257
EYYDPKGREKS,985.9587155963303
HWYKAFRG,5869.48623853211
SLWKNHDLSG,2658.3853211009173
PNVRYQVLWKG,10983.587155963303
WAVNPHVG,5669.357798165138
NWEYDKG,2766.293577981651
ENQGHGPYDVG,1989.440366972477
NGFFKHDRDV,3470.0550458715597
KDQDKVAPYDS,912.4495412844037
FWRFDGYWNKL,10636.380733944954
SQALRANVAS,1975.5504587155963
WNAVVLQNG,6439.94495412844
YWVVVSYNA,35095.247706422015
YESVWHSG,5297.45871559633
NFNVDAEKDVA,1547.4495412844037
LNVHANDAS,1510.8623853211009
ALHFNDQFKVG,4516.697247706422
VWQRGYS,6911.151376146789
PAQQLQEYWHV,6157.302752293578
EYEVNLPWDLS,10741.151376146789
WAAHLRYG,11224.977064220184
AFWRFWDAL,21544.05504587156
FPWFDFKSGENS,7160.435779816514
VLERWGFRYWKL,14446.146788990825
PQEGWVAYKHV,7342.119266055046
HFDSPENHD,2434.8990825688074
HVPKLPKVYKG,1760.866972477064
KSHWLGPYKVS,5008.775229357798
ELQPFNFWNKS,4148.8899082568805
SPVDYVALG,2727.077981651376
AKARLNASG,1186.967889908257
YLQNDYLGRVG,5871.582568807339
SDAVEHG,1475.2752293577983
HRGPKVKG,907.3761467889908
YWDLYLKRED,5730.091743119266
DKAYRHLSG,1979.2293577981652
SASYRKLSG,2654.9633027522937
RFKGKQYNS,1608.1238532110092
YFDQEAEVLSG,2811.770642201835
VHSNFLG,4050.169724770642
RNQEDRKWNHDS,1853.8256880733945
LPEGALG,1311.7568807339449
FWPAYDVVSG,10359.435779816513
SPFHLYG,10031.137614678899
AYLVPYG,10930.573394495414
RKVRLQESEYN,2122.2201834862385
RHWWYLSG,15098.766055045871
FGQFALASGYNS,10036.477064220184
VERGYSG,2957.940366972477
VAKLREANASG,1331.1697247706422
HDEWENGFPVG,5713.022935779816
KNHWWNASG,3484.894495412844
GQEELSRPYDG,2814.5183486238534
DHLRVWVAL,26370.34862385321
VQNHDKQEKHS,890.8348623853211
DLGVQFAPWNDS,7846.977064220184
DQWQDWHVG,5550.98623853211
NKRDKAGQFKVS,1311.1284403669724
WEPWPVYHLG,29293.84862385321
DDLLWVLSG,11799.912844036697
FDSAYWFNVLS,15593.963302752294
DFDLRDQWNV,6201.165137614679
NRGADVG,1505.6880733944954
AASPNQALS,1147.8990825688074
KQFVSKQYDL,3076.1330275229357
FFYEKAGQYNV,3897.793577981651
DSHGLSYWNKG,2786.97247706422
PAQAWNLRDL,6899.435779816514
RGQFSFPFPWN,25730.724770642202
SFGWGPVLS,12997.518348623853
EGVPVQWNKLS,2218.940366972477
LKLSQFDKAS,2252.5825688073396
DLWLPLRWS,26520.798165137614
WSRNSAPWNHLS,8744.816513761469
KQVRHVFPYG,7487.866972477064
SNKSLKVG,1128.2935779816514
WFKNYKG,3412.8715596330276
FSRKFNFYKDA,4485.917431192661
SKDVEAHLS,939.2201834862385
YANDHRYKG,2743.2201834862385
RAFKHFDSGNA,3044.0504587155965
NNEWFNG,5677.775229357798
WPDSKQEYKHVL,2988.591743119266
QKKLVLYWDA,12104.133027522936
WQDLQDPKG,1998.197247706422
NYVRWPHSG,7943.426605504587
VALQFAREWVAF,40291.51834862385
DPEPVHSG,1397.7018348623853
VQNFRSFPYA,12859.298165137614
WQNNWDVAS,6316.963302752293
NVSWWGQPHDL,12533.059633027522
DYRDWDG,6082.472477064221
EFKVFPLFWDV,34176.25688073395
VQWEFNVALS,20077.830275229357
PRENNKFKSG,1189.4495412844037
GDVQYFAG,6371.0
WLPRWSRAG,10678.261467889908
NGGWLESG,4432.577981651376
RALFYSPWVLRY,32297.738532110092
SQSPSEDVALG,1745.7660550458716
EAFYHRFYVS,24389.802752293577
DGQRQHLWNKA,3036.7201834862385
AKDEHKHVALS,992.2155963302753
AEQYEPDVALS,1924.059633027523
HNDHSDLG,1605.3715596330276
EHYSLFEPDV,4731.623853211009
FLAGNKFNDVA,3151.577981651376
EPGPDGDQYKH,1344.6284403669724
YVVKDNALSG,2703.2522935779816
RAFGQFHFPWVL,32491.504587155963
VRADENLG,1650.8165137614678
KRLDHDSG,1281.788990825688
WRGHVFVALSG,30329.045871559632
WSPNHWAPYWL,35020.44495412844
YRDYEYKHVLSG,5781.697247706422
ASYFVLRPHAS,16183.779816513761
KVELNKEASG,959.183486238532
APEAQPKHDG,886.4036697247707
VWEKWKSG,2398.7798165137615
FQQHAFDAS,3831.2201834862385
AVEHPYSG,2602.4449541284403
DHSDVGLG,1940.197247706422
HASQGKSKHAG,1033.5688073394494
VPFDQKHD,1754.3623853211009
PKDDSGEYWLGP,4345.894495412844
HNLPQWVASG,4483.022935779816
YWASLQKKVLG,5024.45871559633
DGVHSKLSG,1494.4587155963302
SNKKRDVG,652.5779816513761
HAYQENENVAL,2173.5229357798166
NGKDKPYNHAS,1214.1376146788991
WFEESENVLS,7549.582568807339
FFSEAVSG,3317.3348623853212
QRSFPHHDLRKA,2967.3715596330276
VKSWGSG,2542.532110091743
VALVEASKDAG,1561.8990825688074
FRFVSGVRPVLS,14656.977064220184
FLQEEASQWNHL,6560.59633027523
WYQRLPDG,8208.394495412844
YDSELQPKYVSG,3526.848623853211
NVEREWYNS,7579.821100917431
LEWGPVQFDL,24360.119266055044
KGSDQYSG,1620.5229357798164
RPVEPPYWPS,11064.004587155963
QWPGHAFRVL,20157.94495412844
DYLPKFALS,6533.536697247707
KRQPHQREA,1393.105504587156
PRNFRYKYDA,4889.01376146789
QVKNAQKVL,1111.545871559633
NDNRWELSG,4062.6926605504586
RFRLKNKVAS,1648.2201834862385
FPGLFKSYWDL,17448.105504587154
VRERVFEPW,13285.940366972478
YDYEAYWHSG,7403.504587155963
FNHFSFRHDPD,8677.09633027523
QGNRQFEWKDL,3672.5091743119265
HVGGFSQLG,5062.614678899083
YDKFGHDV,2830.238532110092
SFNVNQRNHVL,6663.545871559633
RGLKKLSG,1154.1834862385322
QHDGEYAEYSEW,8627.522935779816
RFLVHDLSG,9948.545871559632
YRPFKPYWHSG,10464.220183486239
VEQRAYLSG,4554.270642201835
DELYDPAG,2252.293577981651
QKFWAGEHFEKV,3251.4770642201834
QENGNFGREPV,1703.5412844036698
EPYVQNWSEKV,2717.3073394495414
AFDGYVQEYVS,11135.52752293578
RYFAYWEVG,22627.128440366974
SRFRRHG,3795.678899082569
SHLKGHDG,1600.9816513761468
FNRVAYHPYSG,11238.12385321101
VWNYVFHDLSG,14879.600917431193
HRDELENKHAS,1136.288990825688
NPDLQWYNS,5750.839449541284
WRQDYKG,3583.298165137615
FRHNDVAFYARW,23391.880733944956
EGFYPWNKRNA,4712.779816513761
WDDGRLPAG,5034.087155963302
GVRDPVLG,2183.6743119266057
HYVFNQEWKHS,5253.307339449541
NQGPGQASG,1109.0642201834862
LPHYNFWHDVA,10264.077981651377
KAHKNDALS,911.6100917431193
FQAPGYDAS,2764.183486238532
SQNAQEEKLG,771.7018348623853
GREESEPKHA,943.3394495412844
RWPDFKDRASG,2724.545871559633
QQAGNSYKVS,2009.6422018348624
AYWQFYGVS,17279.449541284404
EQERELEWKAG,1399.5091743119267
FQPQFDAREYV,6035.220183486239
DALPVSNEYHA,2204.0688073394494
PVVWNGNHVAL,7756.05504587156
PQVWHDNG,3493.0229357798166
VGNGLPNHLS,2740.8715596330276
QQSQEFDAG,1230.3899082568807
ADVRSFYDLG,6710.385321100917
AGDWDPWNKA,3100.967889908257
FWHQPNFRYKNH,7130.114678899083
VAWAEHQFWKA,7814.077981651376
EVEHYSGRNKL,2641.935779816514
PLSKWDAPSG,2719.830275229358
AHGAHAG,1505.619266055046
WGGNENHVLS,4823.922018348624
HQHAESRPNHD,1827.6009174311926
LFLHHVALS,12408.018348623853
QDSNDFEEWHL,3726.5091743119265
YWNFRALADLS,10492.756880733945
PEVHWHSG,4354.362385321101
FHNHWDFHG,10722.142201834862
WYHFNYDAL,12186.178899082568
AEWREFPAS,5187.871559633028
HFKEAQFREAS,1907.788990825688
WFHQHFRKG,6112.954128440367
NKGKYHVGHSG,1890.394495412844
VSRVEPSNALG,1612.4036697247707
WKFKYWGPWH,15605.01376146789
WPVYLPKHVAG,10447.619266055046
YLREKAYFKHG,4659.848623853211
SKAEKQYDVA,861.5045871559633
GHDSVSYNHS,2236.293577981651
GFVSRNRKG,2352.7844036697247
NGSRYLGHLS,6012.211009174312
GVEDHSG,1135.8165137614678
ENVFKSNHFRSG,3343.5412844036696
QSFYRPYKSYHD,7228.01376146789
PLAYNAEWKV,5754.385321100917
FPNPEYHREHVA,3158.8669724770643
VLDLQDWNLS,5047.9908256880735
LNGSWVAL,9648.967889908257
SDDFKSG,1419.1146788990825
VPWFSYKVAL,28935.39908256881
RQNVPKGFHS,2525.256880733945
HREGGEDVSG,1140.9770642201836
YKWNSHAPKH,2448.756880733945
LLEDKSG,991.2889908256881
QWVNPWEWHA,16635.908256880735
YLHAYAQPWNA,8681.0
WDRLVPKDA,3380.7798165137615
PFHFQRNLS,8496.050458715596
YPHYDFRYHDAL,13895.862385321101
HAYYFNKS,5448.09633027523
ARHWDYWHDVAG,8455.853211009175
FGHHSEKLG,1919.091743119266
QHSSWNDYAG,3678.233944954128
NKRHFRKFYKD,1927.7064220183486
YGVVRPHVALS,7830.238532110092
WLWAGRWYNLS,17887.54128440367
EKGWLWSRES,3562.5688073394494
NNEGALSG,1226.5
PFASDAHDVS,2236.559633027523
AQWLVYKDL,19009.871559633026
GWNFWLFEWVG,34016.55963302752
HESKVPDG,1506.0504587155963
PLDLASPYHA,6389.339449541284
SRFQKSG,2037.6009174311926
LFAHDYHDVS,5056.243119266055
YFQFPNEVAL,9465.20642201835
EPYQKASDGRW,3721.302752293578
RSDGAQFEYAG,3318.0550458715597
PWNHVKQPDLY,5772.032110091744
NNYKALALG,2830.2201834862385
KAGYRNGQNS,1549.9357798165138
HWFKAWSG,7707.151376146789
QGAFVRNAG,3610.0
SPNLVGQYDV,3181.954128440367
KVANKVQEPDFE,979.5963302752293
RNPPEWLG,2859.619266055046
GQRRNPDVLG,2348.408256880734
YQWLYKSPYNG,7049.582568807339
LFWNVYHFLG,9323.100917431193
FWQYRAGYNKG,4955.862385321101
RKSQKQEDQPD,636.8440366972477
EKRGFPDVHD,1430.7431192660551
APKQRSFDLG,1514.6284403669724
GWERDLSG,2867.8256880733943
HKDAGAPYG,1788.2614678899083
QEYWAYVNSHDG,9336.412844036697
PDQPAEYGPWVA,3162.532110091743
RDGQDLVPALS,1812.7568807339449
QAAYARASG,2086.9816513761466
AEHFHRNG,2595.9954128440368
RFDALPQREG,1745.2844036697247
NAFFKLPDALG,6269.44495412844
GHDGYDNKDV,1391.2155963302753
KQHKDRAG,679.0229357798165
WSRHRSFEVL,10581.811926605504
YHKLENFWDAL,7719.426605504587
PLLEREVSG,1672.633027522936
KKVVSRDSG,670.1192660550458
LRENYKGPDS,1455.3899082568807
HNDPQVSG,934.605504587156
VKFPEHLG,1628.1880733944954
PKARKVYVYNDV,4602.642201834862
AFQPKHRVL,3684.9770642201834
WASVHQWVAG,6652.206422018348
KYRKLFG,2606.0963302752293
PYEYAGDRKV,3009.256880733945
QLENEAGYWN,4322.646788990825
LARLKSG,2094.559633027523
GVQHSVLSG,1911.7477064220184
EVEGKHDFK,887.2706422018349
YQKPKRYWKA,2107.5504587155965
NSGAPVGDS,1004.2110091743119
WSRNYREWVAS,8624.334862385322
FLRWSEWGPHV,14485.587155963303
HLWHLYQFRA,14243.963302752294
YNALKAWSQYNV,7270.59633027523
NQDVNSYKS,1129.2201834862385
DGGFSYAG,4703.697247706422
KLLYNHREVAS,2250.440366972477
GHNSHSG,1285.0091743119267
FGQWLQPYQYKA,9984.288990825688
VEEHSRLG,1763.1559633027523
GWYGKLSG,4672.252293577982
AFEKFDQFAG,4471.422018348624
HSSDNHSG,1567.711009174312
PWEFHDSEYL,17243.25229357798
AVYDQALS,2392.756880733945
VPFSQVSG,1919.165137614679
VSEHQEKSQRN,995.1605504587156
QVQDEPHKALG,1069.8073394495414
RANGWRKDVL,3945.321100917431
HEQDPWHVS,3765.646788990826
YNEKQDVASPWK,2089.848623853211
FGKWDEPNVLS,3703.8119266055046
ARKSEFRVG,1261.2064220183486
PLDAFRFKDS,5039.495412844037
HLQHHAFREWS,7835.192660550459
HRQRSWG,4847.55504587156
VGHRNEWKDVAS,1810.8761467889908
PWHSPKALKSRE,1714.4128440366972
LDAASWALSG,4529.963302752293
NPLSEDQWKVG,2096.059633027523
PLVLYVYHLSG,37931.7247706422
FLSEWDVLSFSK,15529.784403669724
FPYYQEWYDVLS,25166.288990825688
GQYGELGWS,6083.472477064221
NHYVSNQEWD,5537.4908256880735
VEKHNVLQYVG,4929.9908256880735
HKVWDQVALSG,3583.97247706422
GFSLRPVALS,13670.463302752294
ERSHWNKHDAS,1526.3761467889908
QSLVGRSG,2099.380733944954
QSKLVAKHAL,2182.183486238532
QSEKHAQVEDVA,986.0
SFWLRAWLG,18436.623853211007
VSNQLEYSG,2281.761467889908
GKDKVYVL,2981.8715596330276
KVLWHNVRNDG,4801.073394495413
GQNFFEYHVL,18957.6376146789
FEADWHGSG,3540.270642201835
KWDAEAQYWDV,5580.715596330275
SDFNNLSG,2680.0825688073396
HSHPENDVAL,1860.073394495413
LRALNSPYG,7580.967889908256
HEYFDEPYHLS,11441.151376146789
RFNKKVWNDLS,2848.788990825688
EHKKFRHD,1406.0366972477063
DWHLVGWKD,7447.605504587156
NAGSPVKHLG,1728.5045871559632
EPNVEDSNLQFS,2076.619266055046
WRFNRNHDLG,7709.600917431193
KEYEHGEPWD,3417.738532110092
QPQNGQPLNALG,2188.4036697247707
FNDQDQNHREH,1957.1926605504586
PRQDWHDVAS,2545.3348623853212
SHLGFPKGDV,2424.0688073394494
EAQQWLPYNVAG,4128.087155963302
VLAEVLEPYKL,5606.133027522936
WNFVPLSASG,9059.779816513761
SRYQDFEWDG,8022.399082568807
VNHKQKDLSG,1035.5688073394494
NPAWRPSG,2749.206422018349
PHKQGRKVLS,1021.683486238532
EWRWWAREKDS,4268.371559633028
YFYGRYLEDLG,8530.47247706422
NLNEHLQREHA,2086.862385321101
HYVWAQHDVA,5735.3899082568805
NDPEFWHG,3944.146788990826
QWLEDSLEKHLS,5203.711009174312
DQEAYGRSG,2016.059633027523
LVFDAHLG,8425.619266055046
EYRRGHDVASG,2219.0
KGDYNDNDLSG,1325.9357798165138
WRELSDYNVA,8834.894495412844
RQNNHRYVASG,3590.2247706422017
EGSYPDG,1769.5183486238532
AEEFVSG,1609.51376146789
VPSRWLREHVS,4517.426605504587
VDPLALSG,1980.8715596330276
VPFLVAG,6509.238532110092
NPNARYVVAG,5368.165137614679
RSASYVQPYVLS,12653.38990825688
HAPSDVRPKDG,1134.091743119266
DPRDYSG,1652.6146788990825
LFVYPHSG,8986.440366972478
VQKFRYKSWAG,4279.045871559633
PDSEHFKGQNL,2149.9954128440368
HLDWHYWHLS,16108.54128440367
VEPAYGPNG,2227.733944954128
KWAYFWSG,13532.146788990825
WSQPLGSQNHD,2967.848623853211
VNPHAYLG,5488.247706422018
KRAWDRVLSG,3302.5366972477063
VDYQASG,1629.4633027522937
LYQSKAG,2360.1926605504586
GKVPQYLG,2595.9816513761466
QNGGDVLSEVL,2129.9174311926604
VDGFWPNLSG,9601.678899082568
FSGFWPDAYKH,10945.105504587156
QHPQRAQWHG,3482.2247706422017
VQELWDARVAL,12236.211009174312
KPVSERPWKSG,1271.8256880733945
HGKQWVFNS,6308.091743119266
VSEYYKYWHL,9664.701834862386
VSSWREG,3035.5688073394494
EKYQRPVGNKHD,1284.6238532110092
FFSDYWHDAS,7156.788990825688
LHFYHPVALS,13536.940366972478
KLLVNASG,2763.169724770642
YSGYWNFPAEHG,7725.917431192661
WQYSWFPYWK,18590.34862385321
PSFYNGLFYVA,34818.949541284404
WLGGGFYASG,13537.344036697248
YFGSVLSG,5217.504587155963
VGYPHARYNDLG,7229.256880733945
FNNRSEYWND,8888.183486238531
EWWSKQEPWV,9367.724770642202
AGRLVAWALS,12442.70642201835
PGVDSPAG,1371.894495412844
SPSDVDASG,958.2798165137615
EAWLDLNKHDL,4652.844036697248
KWQVKDSG,1369.532110091743
NWHWKPYDS,8170.454128440367
WGQWKHYGRWHL,16575.10091743119
QAVPEWVL,6267.01376146789
LRHEYSHVS,4200.866972477064
SGNYSVLSG,3358.9633027522937
PNDPVAYADLG,2544.816513761468
WWKRGWHDVAG,7187.711009174312
RGSYRELSG,2819.47247706422
RAVSAFDLSG,3938.954128440367
GWSLNDLG,6237.298165137615
ENHFDVPKLFV,10675.394495412844
WEHRYQYWNKL,10609.70642201835
YNSPLSHSFKL,6504.371559633028
KLEVRDSPAS,1529.2614678899083
LRNFAQRPYWL,21654.11467889908
SSWGPSG,3404.270642201835
YGYHRKRHDVAL,4371.5091743119265
EQDDFYASG,2086.0366972477063
DFKLADVLSG,2409.0412844036696
SWHPGKVAG,2555.623853211009
RKPYFALFHDS,9492.532110091743
SPEYAPALS,1982.0688073394494
DLWHSKQHLSG,2932.47247706422
QPRPQPKRNKL,1108.848623853211
FFKKDFVA,3220.348623853211
QEKGKVEPLRNV,1146.3211009174313
FPPFYHFHS,23808.3623853211
QDSESFWVAPY,16670.77981651376
FYHGWWHDENA,8813.821100917432
RFVRKHYKHA,2557.298165137615
GVFHSAG,3624.151376146789
QRAVHDSENKH,1243.3577981651376
KRPSKEPWHVA,1721.8073394495414
RWHQFSGYVKV,17236.655963302754
SEFQDLSG,2562.394495412844
YYRHGKG,2620.5963302752293
NQDKQRKDVL,1089.711009174312
FAGFASWGRKHA,6878.605504587156
WWHPFYKG,13615.834862385322
KHQFQPYHLFG,12883.688073394496
RPEFHDEKHVL,3773.087155963303
WSVDAVSG,3990.454128440367
DPDKREVG,741.6926605504588
FASKWGQRKD,2313.266055045872
RAGFSWNSQKS,3388.0963302752293
PVSGVANYNHV,3560.3990825688074
VFFKNHLSG,4748.628440366972
KHYKAEWVNDVG,2654.9770642201834
SWFKHQAG,3286.3394495412845
QRKGHLSRAWHD,4201.174311926606
LRQSHDLSG,2108.788990825688
VPNSPLQENAS,936.7201834862385
NYNKELEKALS,1106.0229357798164
LYNDFPVNVAG,4835.770642201835
GKWGEVAS,1848.0504587155963
VWHADQHVAG,3449.2844036697247
PGQHEHVRPYW,11418.995412844037
VWNAESYKDVG,2568.894495412844
KLSVWLSWS,19754.04128440367
HFHYDQHLG,6293.100917431193
SQYGKFEWNDS,3677.4862385321103
HAGYDSQVGPA,2104.2844036697247
WALKSVFREPH,7651.701834862385
PHDWYHFRYD,17942.16513761468
PAAPWANKLS,3236.2798165137615
VWVWNQDS,5635.233944954129
AGVFGEVG,2627.376146788991
ARAFQKAL,2763.532110091743
VHAEYAHDVA,2313.1422018348626
YPRVQKSG,1700.9220183486239
PNVLKGYWVRDS,8802.637614678899
LNWHEKS,2346.8669724770643
WFFSVLSG,13987.47247706422
NQHPSFNG,3173.412844036697
PRLWLYALS,25934.224770642202
HDYDWQYKAL,7393.977064220184
QGVSLSEPWS,4201.435779816514
LKVVWVALG,27949.27981651376
LHLRQHAG,3384.435779816514
LSEGKSRPN,1498.9724770642201
HDPVPWQRKHVL,5338.0091743119265
FWNFLFNVFKS,5954.834862385321
HEYWSGLFYDAL,20267.32110091743
FPHGVGFGALG,12286.779816513761
QWQLAPYHAL,18477.66513761468
DYGFESGWHL,11781.853211009175
HRVKDLDG,1872.7660550458716
GWNGLFREPWD,16850.564220183485
AKGYLWASG,5123.192660550459
YFEGKQWNKHAG,2847.5733944954127
PDGSREHDGWS,3582.4816513761466
LSLHAESG,1738.7018348623853
FVNLGRYLGDVS,7030.848623853211
SYWFKEYWKHVG,6860.94495412844
FKRHHASWNVAS,3573.5091743119265
EFPSAQKVA,1116.2155963302753
YAGHFWHEYS,13294.766055045871
DVFGRPVPWKA,7320.022935779816
YEKPPWVLSG,7281.266055045871
KPEWSVLSG,1958.8256880733945
NRNWWSG,9436.238532110092
AKDVWVREYWNA,7017.247706422018
HYSSYKLSG,4420.160550458716
DVWFFEHDVA,15408.004587155963
NHFLRAFKG,5950.348623853211
KYRSQFREWNK,2263.9587155963304
WGPNQLGKSG,2203.270642201835
QERNWYKDASG,2246.766055045872
PWSGNWHGRVS,8107.972477064221
WKGQFHDWFED,12315.665137614678
FWFKLRNHGPWL,18193.940366972478
HNDPYREDVL,3260.5366972477063
VFSKLFSG,4785.091743119266
HEPYYSYNAS,7561.417431192661
SEAKHHVALG,1886.2568807339449
HNKVYWQNKHDS,2177.5733944954127
SRQVYVSG,5668.8302752293575
YENSPLWVAL,20113.435779816515
ERHPNRNDVA,1494.5550458715597
RPGWPQPNHSG,3487.912844036697
NQEVGYSRNVA,2846.7477064220184
QADDGHAG,1049.0779816513761
VVAGPFDVAS,2960.6605504587155
AQHFWHQRYG,8838.091743119267
GEVAFNQEPVL,4159.766055045871
PKWRNKQFWAL,9180.93119266055
PRHAQNWVASG,3522.0733944954127
SGYWAFNDHVAS,8732.577981651377
KDNPVAPYWLSG,7846.077981651376
FQFHLANVS,9213.357798165138
FQGGPLSG,2591.9862385321103
WPHDQLDSG,2662.587155963303
NNSQGYWKH,3062.077981651376
EPHYHAGVREHS,2043.9311926605506
ASVWFRKG,4797.45871559633
WNFLDAFWKHVL,15753.69266055046
FYLYKRQPKD,3638.8853211009173
KPRKNHDAL,1345.5504587155963
KVQYRESGDS,1198.3577981651376
GEGYYAG,4832.866972477064
RYHLLQYDQNG,5027.233944954129
KKFRFALG,2983.830275229358
VYWLNSYNVL,14228.018348623853
RDQQYGENKDV,1201.848623853211
PFALDPKHDAS,2498.706422018349
GYEWLRSG,7042.151376146789
QPDQKYRYKHG,2212.5366972477063
QWFRYVDRNLG,11401.298165137614
NEEEKASG,759.6192660550458
QFDEKANHDWV,3126.032110091743
NGGQKRNKAS,764.743119266055
DLGWSGNGWAG,5884.027522935779
YAQYQKHPYG,4316.665137614679
KQDKENLSG,540.954128440367
NVLFHAEDSGPD,3030.706422018349
ASERFRENHDG,1899.8302752293578
EFGNLEPG,2190.5137614678897
QYWFWLESEWV,24180.302752293577
ALYYGRPYNHG,7565.853211009175
GGFRFAG,7281.302752293578
QNEGAQWNA,1817.4770642201836
QQPFYREPKD,1645.2981651376147
DQWDKFPWH,6681.165137614679
LGWADGQYWKHS,6541.137614678899
GKGWEDAS,1252.197247706422
QDHDLGWAEKA,1598.302752293578
EDHQHDGYWN,3372.6284403669724
EFDPSHVSG,1685.8440366972477
AQNHLDNVSG,1389.8440366972477
YYVPQNVL,4621.619266055046
ANLQVNKSG,1299.8302752293578
QAPHDEGFPSG,1639.454128440367
GPLGYGNKDL,2132.954128440367
RFALGFESNVA,7544.435779816514
LEPFDGQPHAL,4867.302752293578
KYDNHNLG,1850.7981651376147
HAHQSQWKDL,2054.0963302752293
QWPLWNYAS,14247.178899082568
KLPFHGEWNVS,3625.0963302752293
KSNEWDPYG,2932.2201834862385
HKGESYVASG,1179.9587155963302
NHNNGKDLG,984.940366972477
EVKEKQHDVAS,560.6146788990826
PKPFHVQYWKVG,5811.729357798165
WLPLSYKLRYKS,10780.821100917432
EYVGELRDKDG,1657.1559633027523
GDNVLSASG,1494.1422018348624
FLDREDGYLSG,4389.454128440367
PRDASVFYNAS,5133.298165137615
NNEAYDAS,1427.7844036697247
QQDQGRHVLSG,1715.0366972477063
SDSELHSG,1342.440366972477
GWQFEQYWA,18164.275229357798
RFYPGRPYKHD,6402.155963302752
FPDWVFRFPA,31278.8623853211
FFPHRGPDAL,5848.284403669725
LGPQVLEPWD,5552.0
GWSVAWLS,20515.47247706422
EPWRLFPGNKS,7046.224770642202
QASFVYNRWKG,7690.688073394495
FWWASKSKHDA,3027.766055045872
DGFVAKVFYN,31072.922018348625
LAQALGRDLSG,2823.6009174311926
GQESPVGEPWS,2758.4954128440368
DQNKYKFWVG,4099.761467889908
KFEAFWNQPHL,9052.944954128441
WFVKGFKHVG,7176.839449541284
HWANSESG,2043.059633027523
KFHPPYWKDVG,3750.376146788991
YGPAAQYWKHLG,4822.032110091744
SENDGSRYNDVG,2088.422018348624
RHGALQRPSGH,2601.788990825688
QLHVVARDLG,5255.688073394495
ALDRYDQFWKHS,5288.866972477064
WFSYGFRWNA,12166.02752293578
FDGYYNDQEYG,7447.022935779816
SPVKLYNDG,2085.793577981651
HARFKLSFKV,13557.275229357798
QYNYASGDFPYV,12514.357798165138
LNVYEDASG,3021.5183486238534
SAPNKNAG,938.0871559633027
HPFRRNLSG,3723.954128440367
VLHEWLFRWKG,10260.119266055046
SRLSNLQREDL,2466.894495412844
FGGEGFRG,3680.1422018348626
DDVHWHAS,3193.0825688073396
NHGFYVYWEWVA,41410.96788990826
FYKSDRWNDYK,3761.1605504587155
PGVGALRPYWDL,18299.908256880735
WRWVFVRYHDL,36734.6743119266
NPSDLNVSG,1374.711009174312
GQNSYAFEDVA,3282.738532110092
FVWERHDSG,4694.279816513761
AYSGVNAG,1853.48623853211
DEYQKRNKHS,1051.6559633027523
PVAKNKHVYVG,2608.766055045872
HNKHHQFPYNH,4607.600917431193
YHPSQKENHAG,1141.9770642201836
LFGPEDSG,2264.5504587155965
DGELKANHDA,1198.6559633027523
GVNDFRYG,6286.435779816514
NGPNSVASEND,1158.1284403669724
EHSPKPHLYHA,2837.8853211009173
KGSYALGFPVG,5233.853211009175
AYGRWYDAS,8935.87614678899
QGSGWHREKG,1794.9908256880733
GKVESWDLG,2614.9587155963304
KFPWGKHDAFW,11382.128440366972
GVNGPHAG,1924.98623853211
RRHHVKHG,1704.151376146789
DFHNAFWNKDVA,3834.077981651376
ELDSNHYNS,2022.591743119266
AGNAWFEPK,2888.467889908257
RRWQNNKHDLS,3042.5963302752293
VNDGRYQNHDVA,2679.646788990826
WWLKRPAG,6730.977064220184
HEEHFSG,2407.8394495412845
ERELHLEPWNDL,6325.454128440367
LGDGNFYWKL,13049.633027522936
VFVYLKHVLG,22609.01376146789
QWDRPSPQRHVG,3762.330275229358
EESGFVLPHSG,3578.7201834862385
AQAQKVQRPNS,1211.7477064220184
LDASDWKDVAS,1793.9770642201836
NNDRPFNHVAL,6381.9908256880735
WVERLWKDLS,10046.61009174312
DHRSHVLSG,2466.348623853211
WYVFAQWNHV,21011.811926605504
EAWHEYFRPWA,14670.04128440367
NYYLQHLSG,7357.9495412844035
SHRFWKDAL,4949.917431192661
QPEQKRPYKDS,1296.7522935779816
GDWSPVALSG,4477.077981651376
YYQQRLG,4906.0
VQADSRALG,1608.619266055046
RLYHSSGYNKL,5814.5091743119265
FPLLDAGRLG,11258.669724770642
DASPPFWNDA,3339.848623853211
LFLQFRNRLG,12632.91743119266
EGLPPKG,1074.591743119266
DLHAFDKVG,2640.6651376146788
HSRRVEDVSG,1430.880733944954
DRPAKVGWNKD,1428.6422018348624
SWDPRHAS,3576.6651376146788
GNGEEYAG,1312.394495412844
WQHQHPHDVAG,3094.9266055045873
HYVGQPYRYDVA,10785.880733944954
HALVKLREPW,10357.48623853211
WSWARQFALS,18092.545871559632
DPGGVSG,1106.619266055046
HQKNLESG,932.8394495412844
HEVAQRHPKL,2664.4266055045873
EKVQAGYWDGHV,4388.660550458716
NVLPKQYQHVG,2686.238532110092
GHVLPVQPYNH,6081.871559633028
EPAQVSEPNKPN,955.4678899082569
RRPLHQEPYDL,4109.931192660551
AGVVEHDLG,1940.9449541284403
DLGNLHVRPNK,2589.9954128440368
FAFVWNALVL,39814.11467889908
AAGKHRG,1395.6422018348624
FKKHPDVANHLG,2404.8440366972477
QGNQFDYVLS,10093.174311926605
NQDLGYHWHG,8482.995412844037
QHNPLQPWSG,6157.183486238532
EDKQSQNHS,830.848623853211
AYHFGKVS,4035.802752293578
HDSVFLSFHAL,33246.5871559633
AWFRQFYALS,22677.311926605504
EDVPPYDARPYH,4553.977064220184
SKSFGQDSG,1175.6146788990825
DFVLHQPYNKS,5480.01376146789
RSDRVSKDAL,1346.9036697247707
LVASVRLS,15572.11009174312
VNDVWFENHLSG,7096.614678899083
YKYEENLS,1797.8990825688074
YSNKGWQNKV,2622.1926605504586
EVPNVEHSNDV,1216.0825688073394
DFNNWLG,7697.967889908256
YVRGARHAS,3195.894495412844
LNKQLENKHAG,1232.133027522936
DDDSRLSG,1411.7568807339449
RAWNFVFRKHV,13659.866972477064
LASPNPLG,3238.229357798165
YSNGKSENHL,1892.8623853211009
WHKHVASDLEG,1993.866972477064
VGLSGQARYNS,3805.0229357798166
DEQFFKLSG,5023.5504587155965
FKRGGQEKHVA,1586.6100917431193
RKFRHDYVAWDL,9435.211009174312
KYLANASG,1964.633027522936
PKFQPDVQYNG,2846.830275229358
NLKWSYHSG,5003.931192660551
DYDDGWVA,4995.256880733945
SRVAPHQPLS,3581.256880733945
HNQVWHASG,3668.701834862385
VWRSEHLSG,4262.293577981652
NNDFGRWHVA,8577.559633027522
WSEWAHLFPKHS,10847.48623853211
QGRYAWLQNA,6370.55504587156
PVWREWRKDG,5996.137614678899
QESNDPWLDALG,3419.270642201835
WFSAYVLSG,19132.844036697246
PEFRVQFEYA,35731.64678899082
NDHFYKQFRWVG,11294.90366972477
LKLEAQFG,3551.816513761468
FQFANGWNHDA,7121.660550458716
QNFAYKFWNKHS,5376.825688073394
NFDWYHVG,12869.990825688074
VSFHRSRWNVL,11284.114678899083
WFHPYGPLSG,14829.743119266055
FLKNVKDVALG,3560.293577981651
WQYRFYAG,20148.5
LDGEHLKS,1668.1467889908256
FEQDQDVNKS,1005.1100917431193
KFKQSENKG,727.8669724770642
YGSRQEDVAG,1479.573394495413
PSNDKQHDAG,998.1697247706422
YDRHGNDRPNK,1837.7522935779816
YKFYWFFNVS,16575.298165137614
QRLWGPYLQWD,27902.522935779816
WPDQKSELS,1677.6559633027523
AGRVRVEPNHDV,2198.077981651376
PVADENDNLS,1166.6422018348624
QGPQYDANHAG,1896.8715596330276
LWHFDRWVALS,23096.8623853211
EDVEVEDFKVG,1465.4816513761468
VKVNEWLG,3083.7155963302753
QRWAHSFDQAL,8565.408256880733
KGSQNALWNSG,2486.412844036697
PVDKFVSG,1810.1467889908256
KFERYFEHS,4833.931192660551
HNNFYSG,5344.174311926606
PDPPQYNSG,1603.6009174311926
NDRSPALGQPH,2692.0963302752293
EFPHLFGYDV,11058.678899082568
NNRWNRLG,6278.752293577982
LEYNDGAQNHG,2375.1743119266057
EWHPLFEKLNKS,4056.922018348624
SHDANADVA,1278.091743119266
DPREPEVLG,964.059633027523
KSFPVEKAPAL,1019.3669724770642
KVDANHFAS,1804.9724770642201
PNYFPNSGFEYK,8297.844036697248
KWNERDVG,1655.073394495413
NRDLHAQDVLG,2435.4495412844035
KGVRNQRWVS,3217.7477064220184
DSHASQVYLS,4973.344036697248
HWLSRASFHG,10317.43119266055
RHEDVDVLQPKH,2067.577981651376
QFFQNQPHVL,9799.178899082568
KDFNYASPWNH,5587.04128440367
FDPQESQEPWS,2320.9862385321103
NFQWHWLS,19204.995412844037
RNRPSQKLGRKV,1322.8899082568807
HASQLGFASYW,18910.94495412844
NWEHKALSG,2607.559633027523
SPYHVRGKDVG,1969.8761467889908
HDGHQENDFPKH,1778.9220183486239
DYVHKAG,1793.1100917431193
EGYRQPKHDA,1617.3211009174313
WWFWSDLSG,16573.22018348624
FFPWNWLSFNV,28224.674311926607
WPQKDRAG,1775.9357798165138
GPLGNYDG,2630.178899082569
HSNDHSGRVLG,2196.178899082569
FAVALKWKDL,8439.477064220184
WQPFDPYWHSG,16706.642201834864
NGRDDFEPWNG,3581.0137614678897
RGQRRYNGNHAS,2633.788990825688
ASRNQGQFKD,1861.7935779816514
VYFWPASG,10830.463302752294
RYRPYGREPWSF,19362.197247706423
HSNSYLGKHVS,2505.1743119266057
QQYNLRASQKVG,2578.353211009174
EHKNDQNHVSG,917.5963302752293
RLLKWNLG,6816.45871559633
DEAESRAL,1006.5412844036697
NKSLHVQEYKHD,1738.4311926605506
NGWWHRYWNHD,15458.862385321101
FWQHNRWDVL,16671.3623853211
RYQVHVENDVS,2831.4587155963304
HSDHYDLG,2744.330275229358
GQRGSFEPWL,9090.788990825688
AQYNSYGEPKLG,2410.0366972477063
FLRNLEWGRPH,8602.88990825688
NENPVENKDAS,808.7798165137615
KDDSDSLG,700.5550458715596
KRAAQLG,1169.619266055046
SRGKGRAG,1101.6926605504586
VWLPAWDVS,11848.37614678899
FRRNEVYHVLG,8333.018348623853
HYREVFRG,6713.5
FPPEGENLG,1625.4816513761468
LYNGRFYG,9560.504587155963
YNANEHVDVL,3094.032110091743
VRYPPKLSG,2927.912844036697
RHDHKSQEVLG,1134.032110091743
NVFDKVLEYLS,7699.068807339449
FAHPNHFEWS,11222.97247706422
LEGAYNLSG,3384.816513761468
YSVHDFNDLS,5026.724770642202
HFRFNEPNKHDL,4025.5045871559632
YFYEWSYWHVS,14752.316513761469
SKLQGYVLG,4292.48623853211
ERNWQWALG,8219.522935779816
RKHSQYSKHVAG,1441.6834862385322
HLNAYWSDS,6549.665137614679
DRWEPNQEYVA,3412.1926605504586
QYEVWAEHDV,4440.522935779816
HYLYGDLG,6916.981651376147
EWWYVSQEHG,8022.582568807339
DVYVDAGYKLS,8175.678899082569
YSHGRHFRPWSG,9088.128440366972
LGNVWPYHVAL,18473.605504587154
RRAKNLSG,1229.6743119266055
ASFLGEPREYKH,3117.8348623853212
WRKAPKLQFS,4482.091743119266
FQWSLQRPKDS,2835.646788990826
LGPELYKS,1577.802752293578
GWHHLRKS,3224.201834862385
RFGYKLYWN,10485.022935779816
LSSFKWHVS,4808.472477064221
FSGPEPKQPNKD,854.3623853211009
FPRGPKYHG,3433.5550458715597
HWHEVPVLSG,4225.894495412844
KASFEVWAQEPW,9866.862385321101
HEEQRVAS,1016.4449541284404
FREPRGQLQVSG,1952.4908256880733
DHRNRSG,1316.348623853211
FVHSYPYKHG,4676.55504587156
AELNYLG,3649.1330275229357
FWSVYWPYNA,8674.064220183487
NAPGALQRWL,7771.137614678899
WHYLNASPWKL,11360.119266055046
SQHQGFVL,6295.036697247707
DYLRNALSWDVS,7353.059633027523
FDNRLRWLSG,8123.582568807339
ADQEVDLSG,959.4357798165138
KEKRHPNLSG,1023.6100917431193
NLRWFEYDPYH,21732.5871559633
PRHAAPNG,1723.4954128440368
WEGEYLNHVAG,5808.123853211009
GDAWWSG,6673.5
DNEHDYSG,1511.8577981651376
PDVRDWHDFD,7115.981651376147
DNHAALQHVAS,1594.9816513761468
KPWYKEDAG,1528.2614678899083
PQYNKHNFEKL,2081.853211009174
YRQFKDNDVL,3235.6146788990827
PYPGEDELSG,1462.7706422018348
GYARDYASG,4084.651376146789
QQHDAEEKVLG,978.348623853211
PHRRHQFRPDLS,3775.9954128440368
AGQRAEGYHVAG,2072.045871559633
PYESRDFVG,6535.527522935779
PHLVDVAKLS,2767.8990825688074
NEHGPEWKA,1743.8990825688074
FRQHWKFRNLS,5836.1100917431195
SKSYDRDSG,1120.6238532110092
RVVAFGWKG,8248.178899082568
PKYGHVSKHDA,1662.651376146789
KWSLGYALS,7786.784403669725
HSREVWALPWV,25412.275229357798
APPVSWHLS,4266.729357798165
EGHNVPNG,1200.48623853211
KEDGEHFDG,1558.6146788990825
GRSKEYLSG,1724.3119266055046
LHRVGPVSG,3108.5688073394494
KDVDQWGQPLSG,2480.1651376146788
VSEDGKQYWNVG,2586.9633027522937
RGYFESQDS,2598.298165137615
DGWYYSG,13937.862385321101
HPYAVREHS,2432.7798165137615
PRNRDFKDVA,1576.3532110091744
HYWAERPNHA,3892.894495412844
SGKWGDVS,1914.4220183486239
RGEKGPWDSQFN,4079.9036697247707
AQPQYPWKDAS,1820.4449541284403
KHQLHLQAG,2131.853211009174
RSFLENVAHV,5369.211009174312
EWHNWNHALP,6905.720183486239
QNKLDLREKSNK,873.256880733945
GEAGWVQWKVL,11026.788990825688
NPKHWEYNG,3175.1284403669724
PNHPYHHGKAL,2716.0091743119265
YAVYADSG,5853.839449541284
RFHHGQASG,2202.4770642201834
YFPGHQPHDS,3055.605504587156
NYPYPDVALS,6647.729357798165
DVLKKALSKVG,1472.98623853211
NHAVSEKAREWD,1853.3853211009175
AQVDNVG,1138.5045871559632
HNAGKYKSG,1200.4724770642201
DEAEKELS,653.4174311926605
YGHQKLEPKD,1111.0688073394494
PVNELSHVL,3252.738532110092
YQHAPANDALG,2000.0045871559632
VPLKKVLG,1242.2155963302753
PPNSGGQWG,2432.3394495412845
DPPKSWALS,2198.9587155963304
SPEAKHLSG,983.4816513761468
DLVFQPVS,8776.90366972477
PPAYWHNSG,4394.619266055046
ENWEGQHA,2289.3348623853212
GQYLALQYNAS,12600.770642201835
QWGWVAKVGFNG,13794.779816513761
YNWVWEPWNVL,31463.27981651376
YPNGRQWNVLS,6367.408256880734
WPLVNAS,5498.619266055046
KRAESFEYWKD,2594.3440366972477
KDNWPYVS,6404.371559633028
HAFFPWSWVS,29325.22018348624
QVVPKAFEWKDS,2271.4816513761466
WYNNVKLS,5622.51376146789
QQRDKDRNHLS,1469.2431192660551
YFHVGNFWLS,18153.08256880734
DARKNAWNHDV,2096.3577981651374
QAWGSFRDS,5766.614678899083
FSLWWHLSG,13855.54128440367
HVWLPKHPDAG,4001.270642201835
EGSWHPNALG,3059.6330275229357
LGQQQFYNKHS,3013.077981651376
QSNYLGREYHD,4976.422018348624
FKFARDQYNDV,3790.623853211009
PEQYWQELSG,4566.94495412844
LWWNRLG,11193.344036697248
SANDLHLSG,2389.701834862385
SWRWGALG,11302.633027522936
HNSKYWLSG,4289.591743119266
SWHHSNSG,2756.9266055045873
DWSKKLSG,1603.440366972477
GKGYDYVLSG,4295.504587155963
WQPVGQSYHL,8874.651376146789
LWDQFQWNDG,9999.522935779816
GSQNFRWVA,7352.385321100917
FDRDVESGYNK,2199.330275229358
RKFVNYWKSG,3311.788990825688
ESEPGNRPWDVL,3545.9587155963304
SRRNEYVA,2973.8119266055046
KYVKFVAG,4355.908256880734
QEWNWGVRPWDV,16150.275229357798
FSYWRDAFES,10095.050458715596
WVEVKAQYWAS,15232.380733944954
FAGPQDVQRENK,1172.6284403669724
GFQANALS,3345.788990825688
PEPQEVQFYNKH,2763.293577981651
YYGGRAG,3548.9495412844035
LWYWYLG,8854.922018348623
FNWEEPLG,5382.252293577982
EAKVAWEPYVS,3582.738532110092
QRSSDVEHDVG,1113.5963302752293
QHYPWDAQDVS,3899.1605504587155
PRSPKPYDS,1812.6880733944954
DNVYNQNG,2126.087155963303
KDARGYAWNHD,3719.8348623853212
NKGHQYKHLQWN,3907.5688073394494
YPAFLKLG,10458.247706422018
WVEKSQESQWK,2554.6009174311926
HNLAYNDVLG,5291.775229357798
NRESGYGESG,1950.6788990825687
QGWHLFLPNG,15539.266055045871
SNYVYDG,6926.293577981652
VPFVQWG,8114.183486238532
YLNPDSEYND,4185.077981651376
NPHADPWKH,2366.7247706422017
HLKYHSRYHDL,6440.027522935779
LGWQHVYWG,21922.60091743119
NFEDLDAYWD,14128.518348623853
RNGPRQFEYVS,5549.155963302752
PVEGYRKSG,2108.321100917431
HGHGSQKHA,1409.48623853211
GKLQRRHVL,2984.5733944954127
DLLGWQKG,3518.8577981651374
ESLKDYDLS,1609.605504587156
WEPHYAYWNV,24531.009174311926
RHEEDAQYDVG,2117.4495412844035
EKAFRVEHLFES,4638.036697247707
DKRPYLVSG,4189.545871559633
EAYPSWSG,4291.655963302752
YWSKSEPNEKG,1227.197247706422
EDGGRNGASG,1121.1422018348624
AEKKYHVALS,1652.6009174311926
LGHWDLRPWHG,15110.701834862386
NDVEYLWLYND,34899.45871559633
HDSNVHDGQREH,1992.8990825688074
QFHHPWKVPDS,3751.8440366972477
VEHNPYSG,3627.077981651376
NWFHNKDALS,4767.431192660551
RNWAEHLYNG,7820.591743119266
QGPVWFYWALG,29633.004587155963
KRSHVRDVALS,1799.6009174311926
HHFWGRAG,6394.706422018348
RDKLDRENHDL,1679.591743119266
WVGFVQRWRPYW,33706.98165137615
WPKLNSPWNKAS,3736.0091743119265
NSHLQEWAEPK,2062.4908256880735
WKDKLGEPDGWH,4051.3256880733943
WLRNSDEPYKD,4224.793577981652
RVLLWNRKDVS,6274.440366972477
WVHKALGQWVL,18371.403669724772
FDAHWVLEPYKA,10770.380733944954
VPNKPKQRENA,917.6238532110092
PPQHEHL,1572.8256880733945
FGFDGLPHS,8062.587155963302
DQVERYDSG,1833.8761467889908
QRVGHRVLWHL,14835.545871559632
FHWKPWHRPV,10650.073394495414
KWQVPDSG,1674.6926605504586
RSHWWKDVAG,3739.669724770642
PLYYKGYWKV,10903.587155963303
NQVGPDNHSG,1821.073394495413
ESHYFWALSG,8847.490825688074
NKHGNPGEYNK,1398.6467889908256
FAEHRPPHALS,4835.270642201835
PSVWGRLSG,5417.922018348624
LWVFPKDAQNKD,3028.729357798165
HWALVYHAS,19593.67889908257
QVWLWNFNDL,29773.623853211007
YVGFYHGALEKL,9979.559633027522
PNKELWNVGKV,2661.729357798165
HSHAKDVYWV,6789.105504587156
PQAWSKLG,3027.8669724770643
WDPFVARENDG,5716.376146788991
PYLNPLQFWHV,32921.72935779816
AGWGPKPDG,2705.5412844036696
WWFKFHDV,14050.137614678899
NYVFWNPKDSG,5280.6697247706425
RPAEPEPNAHVL,1796.4724770642201
RDPQQKHG,1081.0963302752293
VELVAHALS,7115.894495412844
WGPEPRPWNL,10343.738532110092
PGQYAGFAFNAL,19292.123853211007
QRKFKSYNDHL,2542.1743119266057
PHDKRYHYWKDV,3692.1284403669724
KNKPWRNKHLG,1746.059633027523
RGRYYWHPALSG,9478.545871559632
SEYVAQPKQNKS,1618.5045871559632
AQFDFNSPWLG,14062.821100917432
DVQYVHSQHDVL,4713.068807339449
VGNPRYWNHSG,5770.912844036698
PVDHGHLS,2556.7522935779816
DNSGYPWHDG,5434.334862385321
PGDAFYPNL,7874.8302752293575
HDANEWVGRPKA,2285.912844036697
QEGRLSHVFNK,2940.362385321101
KWKFQFPLSG,6309.220183486239
FRQHPSQYDVAG,3583.619266055046
EDQKQEYHEWHS,2144.8119266055046
LRGRGFDG,5384.711009174312
EDAHSEQFYWNK,2590.3990825688074
QHHKVRDALS,1745.2568807339449
QKYRWNVEHDL,4163.954128440367
QPNQGFEYREWH,9955.614678899083
DQLSYQPWAG,5736.51376146789
SHSHLEDLG,2184.729357798165
RYYQASFEHV,9207.816513761469
WYLSFSQRHDA,9900.536697247706
QPGWSQYSYWNG,14734.577981651377
KGDLGQSGENDS,939.9862385321101
VNFKLEHDA,2271.8990825688074
NNRNLASG,2033.1100917431193
YPQNWNALG,4188.165137614679
FRGQFRQWHQKA,5150.275229357798
PLPDGQAGRWK,2808.7798165137615
RPNSSWKLWSG,6582.628440366972
WWDFAFEALG,23687.6376146789
WFHGDPDVAS,4091.4908256880735
YGAKDRKDV,1293.426605504587
YASVRNHEPYDG,4255.894495412844
HAVGAGEPHVA,1672.454128440367
GVFNGREG,1992.4816513761468
SFPLASHDVL,4464.371559633028
WYAGRKQWNA,5376.54128440367
QFEGQENFNLNG,4006.4311926605506
SQPNGNLKAG,1261.8440366972477
VNLNVYVLS,41448.61009174312
YYKLQYWFDSG,13430.550458715596
QFWKYSFYHGFS,10958.288990825688
NALNRYAGQYA,6242.284403669725
DSAYDLNKDL,1545.2844036697247
DFSPSNLSG,2237.316513761468
PHQVEKDRDA,921.954128440367
AELFYDDVALS,12575.247706422018
WGVPQRKG,2838.5963302752293
VFLPEKAL,3288.233944954128
ALRPKEAEYWNV,2549.1100917431195
EYRFQEKA,2004.3899082568807
ELNLNARPWHS,7062.394495412844
RKQRGQWNSH,2461.467889908257
VDVWQEASG,2026.5963302752293
FKYDKSEPNKAL,1354.7339449541284
FDKYFHASG,2802.3348623853212
RQHFKDRWKDV,2300.848623853211
SYDQRSVASG,1639.9220183486239
YAQNSFELYWG,17397.522935779816
PHQPSRSWHA,2927.293577981651
PPSQSNG,891.3256880733945
FWKLFLGEVLGQ,10293.87614678899
FDKEQYLSG,2067.3394495412845
HVFGFAQVSG,11096.600917431193
GSVSQFPHAL,4392.233944954129
ELSVGEYFLG,9108.20642201835
VHFWNHNG,5320.926605504587
YWWHKAQFPNL,10989.077981651377
WDVGASRWSGFP,14690.128440366972
HGGFEQLSG,2687.6422018348626
LHASNWNKHD,2255.7844036697247
LVRGDSG,1436.4816513761468
KRKKDQNALS,602.454128440367
DWVQSKALG,2301.454128440367
YAKHWNPNDA,2386.5137614678897
DFLVRYAG,18995.481651376147
PAWNFHRPYKL,10761.678899082568
NPGEVEYLG,2134.912844036697
VRYAVGFPNS,7552.238532110092
SHDNQRVG,1465.665137614679
NRVWQELG,3432.2201834862385
HNYHQPYKDG,2600.353211009174
QNDGFFRSPHA,6169.876146788991
EDERLRYG,2656.0137614678897
NLAVRHALS,4465.44495412844
FAFKRWVFDVA,14520.729357798165
LSVFSEYWHAL,17537.839449541283
KVAWAQHGFWKH,7034.068807339449
WGFRQKFEPNKV,3704.1651376146788
PQRNVHQREHA,1529.6422018348624
GDRWHNG,2814.9587155963304
QKAARYKKHD,839.0963302752293
NRVGNDEWNV,2574.0733944954127
GYSWEYLSG,9115.174311926605
LGAENDAGEWKV,1840.5504587155963
FSWGFDFHDL,17015.311926605504
WLRQVASFRWA,17143.3623853211
QEEEYHQFVA,2320.0688073394494
QQLAHDG,1319.1880733944954
PWVDKDQNS,1356.9816513761468
EDGNSRAYKHVL,2101.408256880734
LSESRVRNL,3402.3394495412845
PSRQDLSEWG,2490.5550458715597
YSVPFRKDLG,3683.6559633027523
DQQWRNVG,2459.7201834862385
PELYYDLSG,9131.743119266055
FGWPKSPYKG,3947.3440366972477
ASAELQHS,1066.2385321100917
PPLVKASG,975.4082568807339
QSHKQVAG,838.2247706422019
GNPQYSG,1974.2844036697247
RSAQDSWG,2275.605504587156
APRWDFALSG,6450.885321100917
KNLGRQFEDG,1788.4908256880733
FEVNSNQFSG,3507.605504587156
YRWKRNKVQWKS,2303.9036697247707
KLSGGPWHGKG,2631.97247706422
ANGDLDSG,1064.5091743119267
NEAYEWDLG,5857.95871559633
RPRNVELEHDV,1893.8715596330276
WDRANSGNHLG,3929.7752293577983
RAHDYWPNVAG,5412.54128440367
SGAFQFVLG,27939.467889908257
LRHYWWHS,12444.665137614678
KPAWRNG,2136.9770642201834
EDFNNKVLFYAS,22101.339449541283
LEYKRPNQPYN,4473.275229357798
LFEGGENALSG,2537.729357798165
GGNGQLS,1264.697247706422
ERVVPWHDASG,2869.2752293577983
KKANRKG,516.9128440366973
DNDNQYKSG,1077.7064220183486
VRWNKNVGWKA,3276.8348623853212
FKVVPNHGENDV,1686.3761467889908
SFVRYVEPWG,21824.022935779816
YLVGNSRHVS,4715.600917431193
AAGLKVAG,1488.119266055046
GPFDWHALS,6421.073394495413
RQWPVEWHDASG,5418.573394495413
DPFDFAG,3461.821100917431
PGYQVAPWS,8078.660550458716
PPAYVDLG,2756.8577981651374
FGADRKVS,1808.2660550458716
DFFNAFVALG,21231.43119266055
HDKLHAWKDVS,1738.5
EYFYAQAENHV,6745.348623853211
ARLQFKFDSG,8519.036697247706
YVRGHAGQRL,5222.9495412844035
NSWEHFREKL,3809.0412844036696
FYGFQPYSPYWK,9413.454128440368
RQAGQFVLRPWD,20852.876146788993
HVGENQHQPYW,11502.275229357798
PGHLWSKHAG,3766.146788990826
EGSSNVASG,874.1467889908257
KKRDEAG,552.0825688073395
DARYHHLEYG,6462.357798165138
KFWQRQKAS,2053.077981651376
VFFANAG,5942.201834862385
RKDKKVAYWKV,1041.3440366972477
QHREDWPWKVS,5603.082568807339
GFSAASG,2266.1605504587155
FVFEHGFYHNSG,9962.880733944954
QDWVYNQRLG,8790.19266055046
LYKPRWNKDAL,3556.059633027523
AWQSQLSG,2642.5688073394494
PFNSGDFDAG,3192.1100917431195
APEYSKASG,1090.105504587156
KKDGYGVSG,1440.7522935779816
WRDHEDALG,3961.0045871559632
KRAGDQDLSG,1055.651376146789
SQNRLYKVAG,3221.422018348624
HYGYFWVS,16408.16513761468
YLRVYWKQHAL,12525.954128440368
SDFFDLG,6242.380733944954
QRSQKDGALNHL,2070.02752293578
RDVPAQNRNKS,1042.3302752293578
LSHAPAFDA,3289.8119266055046
NGLSHWKHDAG,2622.5412844036696
FWNLRPHWVFEN,16081.426605504586
KKYNDEYWNHG,2424.7155963302753
NWPWQDLS,10857.188073394496
NYGWVFLG,26679.33486238532
KKVYLWNDSG,2960.798165137615
LQNFGWDS,7614.935779816514
YHGKYLEKSG,2284.178899082569
HLNHLFAPAS,7403.302752293578
KQYFLGWNHG,7509.972477064221
PAHSDAEPL,1337.4449541284403
AKHLSLNHVALG,3773.178899082569
NSGHSRERWKL,3188.9449541284403
WSNWPLSG,10859.119266055046
RRNGKAPYKVS,1436.4954128440368
LDEHRKSG,1164.0963302752293
HFKDHVQDLSG,1943.1467889908256
PSLHQPSG,1783.2064220183486
RPWRNHGLGFHA,11463.188073394496
GSEVHVSG,1480.9357798165138
LYQGVLSG,4253.348623853211
DAWSFGPHDAL,10178.45871559633
HSNNASWDVSG,2833.3715596330276
APGAKDVAG,845.256880733945
VLGQWEAGEWDL,6620.307339449541
NQSFLPLSG,5202.573394495413
YWGWFPAGWVG,23612.298165137614
WRHAEGRHSG,3286.3853211009173
PPRGHAG,1466.380733944954
PKDKHFWHALP,4688.972477064221
VGVVQNVALS,3246.711009174312
RNRVRQRPNS,1985.866972477064
SPLFDPHG,3232.4174311926604
SPLGKQWG,2558.211009174312
SRGFEVLVSG,20340.57339449541
HKGYYDLSG,3841.1651376146788
YLQDAEREKD,1087.9036697247707
PEFSDAG,2568.077981651376
FRLYEDVARS,6416.0091743119265
RALEWKFFRHA,8911.848623853211
GWAHNHSG,3666.353211009174
GLPRHSG,2610.637614678899
NVKVYHPWHDV,8463.09633027523
FYESSQEPHD,2976.788990825688
NKGKASPSGRL,1238.6238532110092
LYSVWDLG,10788.532110091743
WSEHFYDFKG,9219.91743119266
YQPLFLYKDL,25408.032110091743
DNPDKVG,1019.1605504587156
HDLHLHDLKDG,2892.435779816514
GPKFDRHDS,1417.9449541284403
PVWYRYNKHA,8635.073394495414
FWFKWQRYWNG,10905.357798165138
SYALQEYNVGFK,10798.41743119266
DSESDAQFRLG,2277.2477064220184
QRVGSFFRNS,6503.720183486239
AGNSSFKS,1641.573394495413
FHRGHDLVL,8067.98623853211
PDSAWKFPDG,2993.1651376146788
SHLGVNVS,2841.211009174312
NSDYYWSG,6909.977064220184
EEAVSKSG,752.9633027522935
AWGKWDVASG,3252.0963302752293
VPNDSPLREDVG,1453.4174311926606
LYGKSYLSG,4201.275229357798
WRHSHLRNHLSG,6390.385321100917
NWFFDVS,20335.669724770643
FWWVYNHLNG,10973.995412844037
SQFAFEYVGRWA,31978.036697247706
VSRLWKQFNA,6091.275229357798
QKARNAPNASGW,3457.5137614678897
YNGSGQSRWNV,5161.853211009175
RRNKLQVFVLS,21393.454128440368
SVLPYNVVSG,7206.678899082569
DSAWPKSG,1559.2293577981652
KAAKLFALS,3428.954128440367
EASDAKVRPWAL,2762.591743119266
EHGNGHQPAS,1270.3211009174313
KDNVLWHAPVG,4570.862385321101
NPWHAWVFPWK,26345.29357798165
SFSEQRHDVG,2371.4174311926604
AVGGKSG,948.7110091743119
EAAQAFKDVLS,1225.3073394495414
PDVAAQHLQHV,2425.9816513761466
GEDDANHALG,1650.697247706422
KFVYEPAG,3753.6330275229357
SFGAKLG,2935.270642201835
SWDGQPQHAG,2782.2752293577983
DLDANFPNHDG,2771.2798165137615
SRHFAKHDAS,2309.605504587156
WNGDQRSEPNS,1794.4770642201836
EVDWNSWHA,5165.128440366972
VRKHALRKPYWD,6185.353211009175
YHNKQEGYDL,2184.678899082569
EFPWLSNKHQPW,10465.270642201835
NQLHHLG,4071.6009174311926
VWYDNDG,7469.940366972477
FVAFHLFPSGEY,27003.75229357798
PNFDSHLGDG,3242.0504587155965
DELGLNVG,2500.8440366972477
DVFYSRGHLSG,10119.454128440368
PDPERPNVASG,1054.4724770642201
AQVHPWLG,6449.582568807339
NWKRAHDVG,2544.733944954128
LWWSFDAL,22071.844036697246
YLDHNASG,2526.816513761468
GEEWKLVG,2568.7247706422017
FGSHVDVS,2924.077981651376
ENLQQYYKHAS,2788.47247706422
LGQLHDAEYG,3287.9954128440368
QAPFPVGLSG,2459.0825688073396
ARWAVLEHLG,9207.321100917432
VPWQKEKDVLS,1427.7293577981652
QAENGVARYKV,3256.454128440367
RQYQQFREKVS,2425.032110091743
FSLGGQEPV,2513.821100917431
NFGVLRLSG,14011.311926605504
LAYQFLSG,10454.697247706423
SWKEVRYWKHL,7209.298165137615
EYHNDSRKDLPD,1378.9770642201836
NFQSHVSG,2586.8669724770643
PAYPKHEDAL,1780.2477064220184
ASDDYHALSG,1761.894495412844
WLAFGQDSG,7058.536697247707
VGNDKGPNHD,1327.4357798165138
HYKKPAG,1194.2155963302753
EKHAFQFRHRNV,4695.678899082569
EWSKYDVYWG,12750.174311926605
NWKQRGPYDG,5436.197247706422
KGRGDPYDASG,1531.5412844036698
WFLDGDLS,10873.270642201835
DGQFWSQRNQND,3983.4495412844035
YNYSYNWHG,9523.802752293577
WRHDLGHDALRW,16480.97247706422
GYFANLSG,6992.885321100917
FVKRPVEYHDL,6080.839449541284
NFQHNKG,1774.8715596330276
RREVNFEWNK,2936.321100917431
PNERPNSEVS,1108.8440366972477
PLYYAGEPYDA,11835.95871559633
QNKRWNDDVAYK,2689.97247706422
YFLLQHDAS,7244.229357798165
YQREKGVQYWN,6532.821100917431
YYDANAEKS,1426.4908256880733
RRHGDPWG,4501.270642201835
YKRLFYKGKHVA,3350.059633027523
DNLWVKLSG,6814.642201834862
EALQRQAQFWK,4873.206422018348
EPFPNYSFSG,5984.022935779816
WPWGHVYKG,12132.628440366972
RYSPWGRHQEP,4092.9862385321103
WRLGLGWNKHA,8166.394495412844
RLSSQKWNVS,3096.288990825688
SPPWRPYVLS,18172.16513761468
EFKFKYNASG,2795.967889908257
YQRRSFREPKG,2088.4495412844035
QRSGAFENSPWD,5605.738532110092
RVVRHDKHD,1773.967889908257
KPPKDYG,951.6743119266055
WDAFNQYNWDV,15764.105504587156
NKENENHEYNVG,1875.7064220183486
LGFWFPWNFNAG,23479.83486238532
QRVGDAGNDVEW,2864.1146788990827
LAGYEKALG,2143.348623853211
VKGKRALG,830.5504587155963
WVFKRDFKAS,5810.082568807339
EKYRPGPVG,1901.4128440366972
NYVSYVQVLG,25224.990825688074
AFGEWARVA,7265.211009174312
FSYKLFSFEWHA,18094.967889908257
NRKFEGFRNHL,4834.123853211009
VGPYYNAFKHLS,8147.788990825688
EPQRRNGPKDAL,1237.967889908257
NNDPQEKHA,839.7385321100918
QAARRWSG,3350.564220183486
FARPHGVLWNL,16198.738532110092
LDLESDALSG,1821.091743119266
EEQGFPLSG,1617.6467889908256
WGQPNHLNKGRN,2797.077981651376
WDGWWDFYNDS,22012.995412844037
PKGLWKVFEPN,3438.206422018349
RVNFLFREYNH,14256.899082568807
NAEFVLFPNK,13084.899082568807
WHPPHGENVLG,3099.238532110092
HSPKWKWHAG,2721.564220183486
YDVYFEPKNKG,3715.266055045872
DEQELPDL,1403.9174311926606
AKEDHDSG,606.8211009174312
WQEDRPHLED,2883.2201834862385
DNEKRASG,711.0091743119266
PSSNPWG,3814.738532110092
NGRWVAGQDPHS,2542.8669724770643
RLLVQWNKL,10329.518348623853
HLDVFEKKHVLS,2836.201834862385
WGWWQPVASG,11583.844036697248
HGDSALYNHD,2708.559633027523
HSAGWSNVLS,4904.862385321101
NPDHLQNKHG,1318.6605504587155
AQGAFRG,2330.798165137615
AQFYAHLSQWL,22151.47247706422
LEPSRSPSG,1595.4357798165138
QDKASNSEDVA,617.848623853211
KNVNGALS,1400.3761467889908
YRFDHSG,3905.3119266055046
REYDVYWQEQHG,5376.770642201835
LVLGKLVLSG,13965.059633027522
YYQAGDVAG,2267.4036697247707
WAPFGYNG,10713.169724770642
QVNWNQWDVAL,8896.04128440367
WKKFAGFPNV,4849.215596330275
RERSDVGENK,684.4036697247707
DKVQWYHSG,3240.0137614678897
DSVSVAQKDAG,952.7155963302753
DPHWYNVAG,4346.279816513761
KLQYRELQWK,4284.321100917431
WDHKYKSG,2083.9495412844035
DSERAREPAG,773.9495412844037
ASAQSGHLG,1202.802752293578
DVDASGKQYHG,1229.3715596330276
RRYKSPQREVLG,1462.4908256880733
YRRESQLSG,2011.619266055046
LHLDYNLG,4943.545871559633
FRHPQEDSYVL,3288.266055045872
RAHDAWHAFNS,6048.674311926606
RVGLRYKQYWH,9386.775229357798
RLYYSQEPYNVL,12902.5
SHRHPVSG,1798.9449541284403
HRAYYHVG,5973.399082568807
RQYAHLWKDA,3578.8853211009173
YNHNHENYVLG,4006.0412844036696
VRESKHPVA,1186.6605504587155
WFLEKDKDL,2412.7201834862385
NLQHSFGYNDAG,3857.0
KRNHWLRWVA,8649.990825688074
FNSLDVREYWD,11629.426605504586
YEFDAKG,1506.1146788990825
PDNKNGQPNHS,1096.5871559633028
QGSVQYSG,1802.0183486238532
PDPNYSWNKVA,1887.9220183486239
ELPSELEWDVAG,1866.3899082568807
HNQVGYAL,4545.321100917431
QAEPQVGFPHD,2141.1330275229357
PLAWDWLSG,13634.275229357798
DFVFKDHDV,3695.4770642201834
LLFEFVG,26235.3623853211
RFDDEYLG,6266.784403669725
PDSFWSFKAYWA,19891.275229357798
SELHDYKS,1749.2155963302753
KNSVANSG,841.6926605504588
HEEWVNSG,2649.123853211009
VPDLEQWLG,2925.770642201835
FSLDGNLG,3682.5091743119265
QLFQQDASG,1934.5091743119267
PDFFRNAFPWK,10313.811926605504
PGSPKRLG,1738.440366972477
HWLVLWLSG,28955.01376146789
FEFDGYHFDG,11592.80733944954
RNLQAWKGYDL,6446.894495412844
HDWLGQNQEH,2576.3119266055046
YVSNDFQFRNA,6732.866972477064
QDHWEKVLS,2677.922018348624
GRSWEHLG,4423.954128440367
LSQGPDVQWKVL,4624.591743119266
YDYRSQEPKV,1669.5963302752293
NYWFKRYAL,11264.97247706422
KHPNHRAFPHAL,4191.233944954129
HYNQVRNKDVL,2643.2155963302753
PPYANDGQHG,2113.0229357798166
YFHSWQWKG,7219.8899082568805
FRFFVLFRWKD,24237.784403669724
WDLDPSGNKDG,2288.4311926605506
EHPPYDAYDAL,3354.467889908257
HYDYKLDVAL,6440.963302752293
HAQDANLFNDVA,2445.922018348624
QGVVNASG,1632.1697247706422
FGQPWADGEYW,14132.04128440367
YKFSEFRHG,3760.830275229358
LRLNSYLG,8016.871559633028
AWPDAES,1602.6834862385322
WKPGKGQPD,1226.4724770642201
NHSAQNGRKD,1103.7477064220184
NQRVSEKSYDVL,1971.7201834862385
SAFKGKLS,2020.4357798165138
NAWPKHYKHA,3668.605504587156
FYKAKDRWSQD,2748.4174311926604
ARHPVWHDLG,6258.545871559633
ESRFYGWVASG,8443.321100917432
EGAAVAG,1157.2935779816514
SHHLQKDASG,1130.7431192660551
NPFARLSG,3557.6009174311926
WNKERVSPNHAG,2449.2201834862385
SWYFPVSG,8874.009174311926
KYDYGWVS,5092.454128440367
VGDQPKVAD,1117.7614678899083
WVVAGVWKD,12023.912844036697
ERPFFYKHDSG,3723.8669724770643
PRYRGEKVLG,2695.940366972477
LKEVFEYVL,13945.683486238531
LVRPYSWG,13893.188073394496
VFAWPDVG,7820.922018348624
FESKLNDLDS,1479.3623853211009
KNARAPDLG,1311.9174311926606
LFPNHKHVWKA,4179.123853211009
RVAVFEYYKAL,27167.022935779816
PKLYALNDRLSG,5716.380733944954
RYYRDGENKSG,2087.4174311926604
RALESQEYDGYK,3732.7247706422017
EEKFDPYNVA,1801.6880733944954
FNQVNKAWNKS,2332.6880733944954
VESNPDSG,1574.9495412844037
GFHVFRLEYLG,40813.50458715596
DGFKENLQWKDV,2797.0045871559632
WAFDDVSFRYW,31198.5
NDAHHLSKG,1638.073394495413
VPEGDAL,1103.9174311926606
QSRFNFYVAL,30290.894495412846
KKQFWDHS,2791.47247706422
LWKNVDLG,3150.059633027523
DKQDLYS,1447.3715596330276
WFSHNHDA,6094.334862385321
YNVRFYKNDL,10114.949541284404
YLHSWKNAG,3577.2752293577983
RGNSWSGEKVLG,2387.288990825688
LYKAAGDALG,2223.3853211009173
QWKLDLEYLNVS,13878.288990825688
KNFHPKSG,1339.48623853211
DESYRPVAS,2073.4036697247707
NDWPSWSG,7538.40366972477
WEHLDFEYNHG,10745.422018348623
ENYWQRASHLG,5929.463302752293
VQGYWWAG,13773.720183486239
SGRDRLYDLSG,4564.899082568807
LALGGWLSG,9371.775229357798
WYPKKALS,4081.6284403669724
FGFSVGREYHA,9011.733944954129
FYFYHAPSWKLG,6645.036697247707
RHRAPKFPNKVA,1262.4816513761468
RPRPQHPYVS,4225.692660550459
KARFYHEDAS,2752.4266055045873
DHLFWAYVL,27905.701834862386
LEEHDESG,1293.7981651376147
SEREFRSG,1994.4036697247707
HQLAPHDLS,2751.1100917431195
NLPKFVQPKHSG,2080.2477064220184
HDYGGPNKDA,1360.5871559633028
GEDKGALG,932.302752293578
LSNSAQPWNDV,3042.793577981651
SWSQSDAG,2255.9266055045873
WEWSPGWDS,16896.27981651376
SDRYLEVLSG,5008.793577981652
SQGYNSLG,2615.9174311926604
RYWSGEQWNGL,12679.825688073395
VSFEWEVGHVS,10735.779816513761
KRDEDFASG,1231.3394495412845
KVGLSLSFYDA,20267.605504587154
LSGHNHDLFSG,4633.5091743119265
VGRNQWHFENDG,5104.9908256880735
WEEDYVALG,9330.871559633028
RPDDQSQYVLS,4064.5045871559632
RDKGYKDNLS,1321.7339449541284
WRKGWFPNKLS,6951.724770642202
PNEQALWKHL,4685.527522935779
NQFVRHSKS,2576.848623853211
WPGAWDVAG,5350.577981651376
ELFQLGQEWND,6237.357798165138
NVHYEPKHDLS,3134.7798165137615
QSGKFRLNALSG,3532.3669724770643
YQFLGWDQHDLS,11479.871559633028
FKAPHGWHQFN,8012.252293577982
YASGFLQPYKED,4467.077981651376
HRENQSFRDAG,2875.348623853211
PFYADGYWDAL,26370.545871559632
GNDFRQWDSG,4593.591743119266
AVYDAASG,2144.697247706422
QRYLHVLDQFYV,29670.20642201835
NFYWWAGSG,10473.880733944954
ENASRAKAEHDG,923.1146788990826
HPEHYVG,2246.3394495412845
EKWGASYWNHV,6838.770642201835
RHHYNDQEHLS,2656.5045871559632
HRRAKHSG,1165.8073394495414
HKLNENLG,1454.8853211009175
HVVKEYDVALG,3874.1422018348626
SYNKARFKAL,3386.3440366972477
KSEGYKVYSG,2270.3348623853212
NQHNPNG,1844.6422018348624
HQQYLRESG,2749.619266055046
EDVPLQFRQEHV,2680.1330275229357
GERPGYSG,3282.7798165137615
VLWEASREYND,6646.394495412844
NGDNQEKLS,863.6422018348624
NFSDQNLSG,2499.5825688073396
WNKQQEHQEYL,2640.816513761468
NVWFWYWKHVAL,25915.922018348625
FSKFSQYALG,5978.798165137615
APSHLHDG,1735.5
FRFPGFRKVQNL,7614.715596330275
RSDWRVSG,4109.793577981652
YSHGYKDVWNKH,3629.059633027523
KLNGVGYHASG,2774.5504587155965
EAKYFPKVS,1682.2201834862385
DDSQLKAG,879.3623853211009
ESYGEKQWG,2126.0045871559632
RYNFALEYLSKH,11438.380733944954
PYYAKHRHVSG,4565.408256880734
KVGWYGQPNAL,7119.821100917431
VPVHLKLSG,2550.353211009174
ENREFRKLRKL,1691.3990825688074
KNQHHDG,1481.3990825688074
SKDRYNKKV,798.9220183486239
HKVSSDSG,877.2844036697247
NPDLGPRPV,2293.440366972477
GRQSYALS,3860.591743119266
WKPFHDEVAS,2791.7201834862385
PNNVWQEVG,2930.6605504587155
WAANPYG,8977.825688073395
KDHVFRRYLG,6039.422018348624
DHSKSQDSG,731.0825688073395
KHHAFKWDAG,2872.353211009174
PPFDVWSG,5958.862385321101
QPVHPWNHSQK,2601.52752293578
WVSPLFPKRS,7757.160550458716
HEHPFHDG,4933.068807339449
DWHFNRHVLSG,9679.224770642202
HYHWLEDVLG,8215.004587155963
AFWPEALSG,5933.408256880734
EYPELSENKHA,1247.0963302752293
VQYPGQEPNS,1396.032110091743
KLNSWKSGFNDV,3251.5091743119265
VGWFHAQRYSG,12204.02752293578
QNAKNSRYALG,2735.408256880734
QFEYEKAWLQK,4363.0091743119265
PWFDLGHLFNK,13863.43119266055
VHLEHNSG,1864.5504587155963
FGKGYKFVLS,12311.711009174312
VQVRQDLSG,1929.8119266055046
VGRFQEWG,7792.252293577982
DEKYYVG,2638.605504587156
QVWQVGYKDS,4218.623853211009
LQVNDQHL,2535.0825688073396
QEADLGDRYWA,3765.669724770642
VHGKSKG,832.6880733944954
QKFHVWLSEDA,5665.357798165138
RAFDNHFYHG,8707.871559633028
FEQGGEKDALS,1144.3532110091744
YHKRASFEWAG,4968.527522935779
VHVKRVSG,1750.6697247706422
AARNYNVALS,3707.454128440367
KQADRWSG,1931.1100917431193
KHAVHDGHAL,2347.4266055045873
NGWWNFEPNHL,13838.055045871559
LAFEQKLS,2427.064220183486
SHGSQALS,1645.926605504587
FRVVARGEYWS,16030.848623853211
LNYPDALS,3670.3715596330276
GFVFYQKDSG,13689.266055045871
GFSEEPVG,1851.4770642201836
EHGQHSFRNKDG,1489.9908256880733
RESQVRYDRYSG,4717.660550458716
DVQFWFRWQKL,21911.4128440367
KGGWLRNHVS,4064.830275229358
QAVWGFRG,7843.385321100917
PYNFGQEAPWNV,7016.577981651376
DAAVGPLSG,1339.5412844036698
FWEHYDRAG,5496.899082568807
GDKFALS,1936.880733944954
GEFDQRLS,3581.091743119266
HDGVLGQKLRE,1766.1284403669724
VRLFYLWNDG,23659.839449541283
KSGYVELYHDS,5733.59633027523
QPLRPWVVSEWK,10411.944954128441
GKHASGVYNKL,2570.2752293577983
KHDADLGEVREP,1093.7155963302753
RFFVGPALSG,10449.119266055046
YHEHFKDYAL,5816.183486238532
DSEKYAQNHL,1615.5045871559632
LHVLGDGYLG,10686.646788990825
ARFSFHDALG,6771.95871559633
RHFSDREWNKVA,2918.229357798165
VDFEPFAG,3762.8073394495414
QKSHGNEPG,866.6605504587156
YNEEGWKHL,4180.770642201835
EPDKWNKRWNHG,2324.9954128440368
YANQFRWWVLG,20672.545871559632
GQVLLSWNDS,8614.321100917432
SPQDQPG,1015.5917431192661
KLHPASRENK,1071.2431192660551
NLNFDLQNDL,5039.151376146789
AVLQKRSG,1398.7522935779816
WGEWGWPWNHLG,24309.57339449541
PQKNPHDSG,1099.605504587156
LHSFENQLS,2928.380733944954
KKGKFYG,1202.7247706422017
PAYYVSWKLG,20632.788990825688
PNQPQSRYVA,2472.1146788990827
RPEEHVPDV,1504.9449541284403
GKNKRSG,730.440366972477
PYLLGFWGNKD,11543.288990825688
HAPVFHVFYWNH,26085.839449541283
REDVHAGYHLSH,3765.256880733945
LPYPPVSG,2801.6284403669724
SQGKDHLS,875.151376146789
ASNFSGWNKVL,4589.688073394495
RQWHKLGQEWS,4801.431192660551
LYDQVPYAS,5161.247706422018
FPGNYHVAWK,9305.050458715596
PVGVYQEPDAG,2492.0550458715597
FGNDFVFRYWS,21519.146788990827
WHNWEWLS,17518.34862385321
SGWKGPRDVL,3994.6146788990827
YRFLSWSG,9663.775229357798
VRSFWQNVL,10642.665137614678
NNKVEFWDLG,5063.417431192661
LQHYHSFREKDG,2415.3440366972477
RWVLGWLPSFRG,20693.366972477063
EEDRFRNHDL,2413.5137614678897
FAGEWHPQRWD,13702.394495412844
SNHFPDKALG,1986.0688073394494
YEAEPKKLS,1232.3119266055046
QAVQKGQFEDAL,1270.9128440366972
LFLNFDALS,11453.775229357798
YNRFYLQHG,7956.545871559633
WNVYFPEWLS,29344.44495412844
HDVSFFEVSEDG,7936.385321100917
YGQVQVGPKDG,1641.8440366972477
FDGHGALFEPD,5054.674311926606
DYGQKGQYAL,2402.077981651376
PSWQKVNDA,1725.3119266055046
WYYANSG,3312.1605504587155
VKENHRASG,1130.0045871559632
FHLDVPGRWNA,6199.371559633028
QENGQVWNPYWD,11043.114678899083
ALYGWVQASG,5468.600917431193
HQGPKQNAL,1214.454128440367
NKWYNYKHDVG,3346.532110091743
QQAYKRKAL,1222.5550458715597
NHQDPGWDG,2656.0825688073396
QFGVKVGQPYH,5241.417431192661
HRKQQFVG,2158.316513761468
GEVNKKHAS,801.3348623853211
KQHQYQEWDA,2096.5963302752293
NRQGPHALS,2067.729357798165
DVFLWKVSEKDV,6463.711009174312
WQWWNQFEKDA,5128.307339449541
FSSVPDLS,2377.4908256880735
NDGRYKRGNA,2116.619266055046
APEKWVAS,1183.5366972477063
EGYHSNSRYHS,3537.0091743119265
YKVQHVQRALDS,2265.2522935779816
HEVWPNG,3659.4587155963304
AFKFEYRWHAL,13088.825688073395
VHQFLNSG,3490.7752293577983
VLAKYKG,1772.2155963302753
FGVRNLSRYW,12626.651376146789
FKSYFREASELG,2547.2247706422017
NFLANHAS,3600.9174311926604
QWVYNKSLENH,3473.5733944954127
YAYSWSQPHVS,6895.798165137615
QLNNANLSG,1667.3577981651376
KEGHLWLG,4894.720183486239
SNGDQYG,1723.880733944954
ADKHAEG,697.9908256880734
HEWFLFRYKVG,14147.665137614678
DRPRDSQKHV,1131.0688073394494
PSEKASFHVAGP,2136.229357798165
AHNDGDL,1514.633027522936
GRVGLGVSG,2573.183486238532
VYEKWSG,2684.7201834862385
DSRFESYHDL,4421.55504587156
HHWDHVG,4530.90366972477
PHNVWHWVASG,8671.055045871559
NVAGDAENFRH,2593.146788990826
FYFWAEVPYDG,11686.545871559632
WAFVDLRNDVG,11499.80733944954
LSRKFEPAFEK,2179.0412844036696
NSKDKGPKLG,770.4770642201835
FFVRPSFRWNH,13267.036697247706
RGDGGFDG,2912.8348623853212
YGRPLYVAPG,7637.334862385321
ELDLDVEPKHS,1233.9954128440368
SYWDPPHDG,4958.917431192661
YWLPPYLFRWK,16405.47247706422
GNKLRFYNKVL,5602.467889908256
QSKDLWGFAS,5780.087155963302
YASSKYWNA,3721.412844036697
FHAYPYKVEYDG,8961.853211009175
EANKKLREPAG,801.2614678899082
EQLPDQKHAL,1001.7339449541284
AFKWRHSG,4146.302752293578
QSHGPFREWN,4899.311926605505
PLRAGHDYWLS,12547.178899082568
LVYDFVLG,23315.4128440367
AAWQHSG,2870.183486238532
ERALYKRPNG,2224.206422018349
ALAQKHDENDSG,1165.1788990825687
FSFWLEYNSYV,26304.440366972478
YLYQWSQEPA,4281.229357798165
RNNHRGKDLG,1468.4954128440368
SAEQFNDVALG,2077.5366972477063
SKSQNDASRWNA,1857.1009174311926
RDKQGNAL,1627.4357798165138
WFWSHGQFKL,14262.743119266055
KFALWQEKALG,3740.316513761468
YQWRFRHG,9498.752293577982
EVEEFRYKHAS,2914.577981651376
FNEKFRLGQFEV,8406.215596330276
YGDKDQFSG,2180.454128440367
SNKSQEGKVS,732.5504587155963
YRREHFEKHLG,3688.4862385321103
RQYNYHVFKHAG,6727.912844036698
WPFPAYSG,15047.954128440368
EKQPQWKQPDV,1123.9220183486239
LNRNSWDAL,6287.646788990825
RFREDLASDAS,2453.0091743119265
AFYAGSYAS,8637.467889908257
RWNPFDVAYNV,15644.279816513761
PQPWYWLGNHG,11444.591743119267
HQYKLRGRYWHS,7954.559633027523
RYLDKVADG,2080.880733944954
EAQQPKEYALS,1061.3990825688074
LYSRSRVL,6182.559633027523
KEYPDRKDAG,1017.4633027522935
EAAKQPVALG,930.8302752293578
KSLQYFNVG,4884.504587155963
FVSEQKAGFRYD,6472.220183486239
SPWQPRENKVLS,2597.6651376146788
GVFYKWSG,10665.211009174312
ENYNRWKDFVA,4239.646788990825
AHQLFYKHDVA,4351.068807339449
HAKARWYAG,6475.394495412844
EFHKNVASG,1777.7981651376147
NELSGPAWDLSG,4654.032110091744
FYANEKGFKDAS,1698.9908256880733
RAGRFWVPKDL,6597.128440366972
RWKWPYNVFP,16915.261467889908
QNGLQEDGWDLG,3451.032110091743
LRGLYNASG,4081.0963302752293
EPVPWGPDGEPK,1531.2522935779816
DPRPVKSG,954.2155963302753
YWWGHSRHG,7706.073394495413
DDAPNQNHAS,1275.6146788990825
SRWANQRWHA,8792.655963302752
YHDVYWHWALSD,17961.07339449541
VPDNYHLG,2708.9633027522937
QNGWLGYHRDG,9219.266055045871
APQHDRLSG,1320.5504587155963
DSRKAFDPYVL,5734.467889908256
AFSEQEWSG,2954.8669724770643
YLVPVSKHDVL,6255.577981651376
YQEHKVREDA,1365.426605504587
HLGEGRNDRVS,2456.6926605504586
VRHLLQDG,3597.9908256880735
VPPNARALG,1720.3853211009175
YSSAYALSG,4793.844036697248
SYRSHSG,2927.9266055045873
RRDVQWSHVG,4966.178899082569
KGPLRHFPY,7761.697247706422
ALNWNDVQKS,2093.8669724770643
ARPAWKLQNVG,2414.3669724770643
QDPQLWDAS,2193.137614678899
DFGLDLG,4509.972477064221
QRFAEWDFDLS,10727.08256880734
DAQNHELREPW,3365.266055045872
GPKSAQNKVLSG,921.6743119266055
RDFFHGQFRKV,6937.715596330275
FGRHVDLPNVAL,8527.036697247706
WLDAHVLGWALS,21747.07339449541
AGKPNSPYNKHD,1594.7201834862385
SAWKHPG,2246.0825688073396
EVVQGREVS,1007.4587155963303
AQVLGEHEKHL,1493.3211009174313
EFWFHFREPLG,18622.25229357798
ERNQNLFEWHAL,9086.93119266055
DEFHREVALG,3120.9495412844035
RSYSAQYHALG,5624.981651376147
KEPYAPNLSALG,2370.229357798165
YPKYHENKHV,1941.4449541284403
VEDFQPASG,2179.5825688073396
LRNYYKSG,4033.2522935779816
FVPVKHAWKVA,3444.802752293578
LYRWDESG,4910.743119266055
SWPQDVG,2795.577981651376
GEEPSWDA,2134.197247706422
YKGVPVAYVA,7071.756880733945
NSEALRLRYWHD,13982.853211009175
QNFPWQPGRNHA,5418.064220183486
YAKWDSWG,7324.600917431193
HFQDPWS,9204.366972477064
GFLKRDG,3560.169724770642
HVEKRVPHVAS,2161.4266055045873
ASPWEPGQKDVA,1427.8532110091744
DYVNRHVL,5807.091743119266
WGRKPLQPYWL,21860.197247706423
HDQQHLFRVL,12736.825688073395
GDGHRDALG,2442.3440366972477
RPGHLFSNKDV,3687.880733944954
LAYLALG,13805.614678899083
GDGWFSG,10677.5
FGRSVQENHSG,2221.545871559633
DVDGEVQENVA,1316.1788990825687
NDRFEWDRYKD,5196.59633027523
EERRENHVAG,1366.0366972477063
YVNPARLS,5260.160550458716
SWAEHLHG,4815.192660550459
HSDFPNWDVA,5086.431192660551
SAFDRNKHL,3209.2155963302753
KVDRSWKHVLG,2643.788990825688
FSNNPWNKDSG,2421.646788990826
LPWRDPYWVSG,17711.857798165136
FNAEYEKQEHVS,2074.1009174311926
YPFRARPG,5056.220183486239
DYFPQALSG,4488.651376146789
YNEKKVYWASG,4046.2247706422017
PGLQHAGWHS,5617.839449541284
VGKSWHVVALG,6848.339449541284
FKYEQPYWKHDS,3689.4174311926604
WSKYNLQFENG,6021.871559633028
PRVYWGPVAL,19918.403669724772
EVGAALEHA,1788.9633027522937
NWHGLSWNKVAS,5570.646788990825
RKRYWLYNVSGR,6775.573394495413
RPQSVGQPKAS,1135.2706422018348
PENKKDNKL,597.7981651376147
KLDRNDNDVL,1740.665137614679
WFHSALEPYHG,13543.394495412844
HPVAFLPAL,12832.504587155963
DWYNQWKASG,4297.188073394495
GVLYKRSG,4664.105504587156
SQLGYFNKHAG,3901.4311926605506
YFWQNLEYWKG,10279.357798165138
PSDGEYDQPYN,2964.0183486238534
VDYKEALSG,1160.6743119266055
GHSSVSG,1476.8990825688074
QDDLPNRENDG,1256.6284403669724
QSQYKEVRHDL,1969.8394495412845
HDNGAGYWNS,4884.522935779816
ARSSWDLG,3663.733944954128
GKGEVWASG,1787.2752293577983
LEHDEWHLNKD,3212.169724770642
KWLHVPDLSG,3767.4954128440368
DQARNFALS,3392.2844036697247
GKYKWNASG,2055.2247706422017
ESYVSRLFYHL,20105.183486238533
LPSGRELNKS,1325.1238532110092
DNLAKLG,1257.8302752293578
VKSSRLG,1376.0
VQDKPHLG,1272.7477064220184
GYKDEGFNS,1914.1100917431193
REKLAFEYGPD,3629.587155963303
DLEQGQEYNA,1690.6100917431193
HDDNVLPWNKA,2815.5412844036696
FSYEQNHG,2906.802752293578
FDGGGQPYNKA,2520.761467889908
DQLERNVG,1228.7568807339449
HHHGPALSG,2771.119266055046
NWAWQFSG,16537.903669724772
RGVAGVFVSG,11528.357798165138
WDSGDAGHYSG,4424.637614678899
AGAHYVALSG,4867.344036697248
YELKPKSG,1674.467889908257
EEYVYENAS,3393.3990825688074
YLRGSGQYWN,8001.183486238532
RSNWWKHVAG,4494.871559633028
DVKPQKVG,997.8348623853211
VWLWFVASG,30522.75229357798
AYKGKFKLS,1814.5183486238532
HFKPNLFPNHG,5137.344036697248
GNVENFNKHL,2308.302752293578
KKVGQEDENA,628.2752293577981
VRLREGNSG,1837.8532110091744
SVKLQRPKDA,1405.3853211009175
FLEEKSFYWVG,13461.183486238531
HRNVFPANAS,3659.798165137615
SRASEKQRPYAS,2179.5091743119265
KFREARPHFYWV,15405.37614678899
EHLNEPQRPDA,1544.8853211009175
PWHESPYAPAS,7982.032110091744
VAWQAFPYWNHL,23923.43119266055
NSFWDALSEALS,6373.564220183486
QYDYHWNHAVL,10247.467889908257
LHSVFYG,12989.628440366972
QKGPASELRPV,1182.454128440367
VYEFYVG,22087.128440366974
LSGKDPWGNHLG,3623.288990825688
RQHWNRWKHG,4034.123853211009
SFDKYHDVA,2164.9954128440368
RQHHFNVASG,2647.238532110092
WRKDRSNKDL,1479.105504587156
GKVNWVALG,4512.155963302752
KAGLGDAEPNK,824.2981651376147
AVQVPHSG,1532.967889908257
SDANAPLG,1274.6284403669724
QDQYFEGELSG,2539.270642201835
WPNDEDPYKL,3174.9495412844035
YYNAHEKDAG,1547.454128440367
RLKEWDEYKVA,2329.623853211009
DFQKAQYNKS,1397.2660550458716
YKADSRPQYKDV,1711.8073394495414
SERHEPYVG,2866.7201834862385
VASYAFVAWKDG,16549.79357798165
KGRAGNDSRYVL,3579.6559633027523
SWNDRAYWALG,12658.302752293577
LRNVAWEALS,6192.082568807339
GHVDGNLSG,1696.454128440367
VGKLWHEPWDAG,5816.1100917431195
HAHKLPNHG,1607.2706422018348
AQFERAPWSG,7353.885321100917
EAAQKFHDA,983.7293577981651
KWHESFLG,4206.770642201835
VYLQNLFPWHV,20158.981651376147
WYWLAWNVG,14593.935779816513
EHESESFEYW,4399.220183486239
VREQWEWKHA,3961.256880733945
RVDPSQRWDG,3246.4954128440368
DPWNHVHAPYK,3833.376146788991
AHVFYYNLSG,17595.825688073393
YYKANSENS,1273.9036697247707
SQKVEVYAS,2500.3669724770643
SYVAVQAG,3405.9449541284403
NKSKGQHLGPV,1515.4770642201836
GHAWLWG,12472.169724770642
PYQLAKDALS,2357.1559633027523
AGSHDREPNVAL,1433.3532110091744
QKQRNLRVSWNV,4505.766055045871
HREYVLRDPYHV,12546.655963302752
HAGQHVNDLHDS,1879.9954128440368
YGRYPGQYWNL,13699.20642201835
EYRFPKAQWNV,4922.151376146789
KDPKKHSQPYAG,1082.5091743119267
EDADRELRNVL,1502.5963302752293
NVREQFRESKD,1736.2981651376147
GRRLYSG,4439.536697247707
RGSGGRLSG,1764.0
NQRYDFSQWKG,4871.931192660551
ENSYSQSGFHD,2690.0366972477063
RVLPVRHPWLS,11520.344036697248
ASSVQKAG,763.9311926605504
WQELNVNKV,3896.440366972477
WFDDKVG,3873.3577981651374
NDRDQFENRWG,4402.431192660551
SYVLKQEPWHLS,7878.931192660551
SPKWGFNDV,2813.678899082569
QLRLSPLPYA,11177.97247706422
PWLEQENQELS,2340.0366972477063
PFQHWSG,5838.073394495413
EHYAGHAQWS,3872.3669724770643
SLQELWSG,3625.8853211009173
EHWKYKSEPWHV,3750.353211009174
RGGYFRAG,4444.912844036698
HPVSKRVG,1030.926605504587
LGGDLYSG,3651.756880733945
NAHWWAG,8344.697247706423
LEHWFEASG,5941.674311926606
NKYALQNGRN,2384.646788990826
VQQKKDASG,570.3256880733945
DEHAESQLG,1129.1559633027523
FNQASGGEKLG,999.1697247706422
NNFYKNAS,2078.4633027522937
DPSKGVSG,707.8623853211009
KWVSAESG,1301.4311926605506
EGHYGPNALS,2185.711009174312
NEKAHRPYAL,4534.0
AYPDQPLG,2729.091743119266
EVNNDAYWKAG,2041.7339449541284
QAASPYFENDVG,2677.651376146789
QYKFYVSVNHDA,15414.146788990825
QQPRGYWNKG,2212.4495412844035
LKGDGNDSG,851.0412844036697
SNHGGNVSG,1244.2431192660551
FRPKQHGQEYGW,5864.605504587156
GRGNFNSG,2371.6284403669724
KWHWGPVG,5808.54128440367
FHDPQHDHALG,2329.8256880733943
HEFGHAG,3156.5550458715597
SNKNWASG,1859.0825688073394
WDYDQNHWSG,7724.876146788991
VHPGHALSG,2272.646788990826
DWVEWPYKDV,6711.642201834862
SRNARDEPHAG,1531.7339449541284
YSHNEPAG,1494.2201834862385
PWQHGVAHALS,5320.600917431193
HQQQHVG,1668.591743119266
SRSPWLSPNKVL,6227.463302752293
ASHREEHAG,1024.7522935779816
GPKFRVSALG,3283.4449541284403
ANVELFHSG,3892.545871559633
LNPVNHDVALG,3049.9495412844035
ALLEEDSG,1462.7522935779816
PQWEWGQFPWAL,31805.88532110092
QGPYNFPEWVL,12144.188073394496
YDYQGRSG,2241.2201834862385
NAFDSGHAWDL,8288.52752293578
KHDYYNHEYKHG,2491.605504587156
LGSAHLSG,2432.4633027522937
NNRYAYLSG,7134.724770642202
NEDQNSEKHSG,936.5183486238532
QFVGDVSENPYW,8679.37614678899
VKAHSWLSG,3231.9036697247707
GSNHRLG,2761.7247706422017
GQRQYWKFYKH,5662.972477064221
NPYQLFWKHDVS,7198.587155963302
GKVFWYWNAS,12455.545871559632
NKNDRNVFAS,2631.435779816514
AYLEGPHDVLG,4259.279816513761
WVKSVGFKDL,6605.766055045871
HHRDWSG,3640.6880733944954
EDHFWKFYWNA,10731.665137614678
DAGLRDRPNDL,2245.2155963302753
RYDYVSNLGYK,7046.316513761468
HYPWHKLSG,5589.931192660551
QWWVWKGYVG,16498.559633027522
VNSRGSG,1758.9220183486239
WHAGLSFFPYAL,28865.119266055044
QAANKGYWKLG,3161.0137614678897
GFSSPKLSG,2628.2798165137615
SPSSNHG,1264.908256880734
AKAYGLSG,1900.894495412844
DVSHWNPHAG,3228.119266055046
NHDELFWLSHA,12414.137614678899
KAGREEKGQS,760.7293577981651
GDGHNSG,1576.6880733944954
WHNVFWHGFPNK,11948.440366972478
DPQARNG,1092.0550458715597
KHVPPKLYNKA,1377.4357798165138
VGPARSQWG,3304.6100917431195
WYGHELG,6957.151376146789
PHGKAGQKSKH,861.7201834862385
RRLYRYVSG,7983.137614678899
DSPSARKVAS,916.2293577981651
VKSAPYHDA,1710.3394495412845
AYDSQDQFPHS,2745.3669724770643
WRWDHVRPKSG,5052.98623853211
KHDGAFNRNG,2650.729357798165
QWVLLEVFEVA,48598.44036697248
GYVLAFVLSG,34823.7752293578
AGKWKGYKHG,1744.7018348623853
QQAGSFNG,2120.288990825688
SRWKWDGAS,4076.8577981651374
KFYQNVPKDALS,2145.7155963302753
HKRGALG,1375.5275229357799
VRPDHEPYWDL,6796.793577981652
LEGHRNSG,2355.701834862385
FKKHNQYWDV,5239.123853211009
DEWAYVREWLS,17451.688073394496
KQELEKKDG,804.8623853211009
ANYWWALSG,11502.91743119266
SHQPQELG,1372.8119266055046
SDVLVENKG,1281.6238532110092
KPNPDYHDAG,1517.4449541284403
YQHSEVSLG,2389.238532110092
EQANVSRPWNA,2363.2201834862385
KFPPHSEPWAL,4804.394495412844
HWSARPG,4432.660550458716
WVVYVGYSG,34421.4128440367
LKHWWDG,8916.830275229358
QFEPPSQYGRH,3461.7798165137615
DSPEHGRNLS,1290.1376146788991
QGVRGRALS,2890.6743119266057
EKHRKQFWLWAS,8379.825688073395
WPRWGKG,5172.412844036698
AWLWAYALG,20860.197247706423
GPYVWLRKVA,11594.29357798165
WHLQYFDVAKA,11752.504587155963
QRSARLHALS,3246.353211009174
KVHSKDENG,740.816513761468
YSKWSFYALG,11498.683486238531
FQPKLKRENVG,1537.7522935779816
AGENENGFSG,1644.866972477064
PGAELKHLG,1707.4311926605506
LKANYKLSG,2290.816513761468
RLADGPDSG,1975.8715596330276
FRQALWSFHVL,27172.174311926607
PGNQVSPYWHA,7576.573394495413
SENEKQEPYNVL,1663.8073394495414
YDRKQVARHVSG,2219.876146788991
QALAQREQRLSG,1825.7752293577983
WKNDYNSQRPN,3066.619266055046
EGHWLRPYNHVS,7043.587155963302
YLNVLHSYDVA,9519.330275229358
PKNQQWNG,2021.211009174312
RPYYRWDVFNLS,24113.5
RFVPEPHDVA,3129.9908256880735
YWVPQNFKVG,6769.059633027523
WFHGLPWNKG,10104.20642201835
HDNKVFQRNVS,3137.091743119266
PFGGDALG,3323.8440366972477
HFAGNSFVLSG,12221.091743119267
RFNSHFNHASG,4548.220183486239
QAANAQNDAS,880.2064220183486
KKVVLVSG,3220.4587155963304
NNEFHLSG,3072.137614678899
KWGHVRVG,4610.408256880734
RSSWQEDVL,3099.8669724770643
WNPPQEPNHV,2935.8715596330276
GFSKWDLG,5582.977064220184
PWFKKDVPLG,4704.178899082569
KVRYGEYPKDAL,2798.853211009174
WYQYSDLSG,8031.5091743119265
SWWFNLSG,14234.651376146789
WNFDFERYVAS,21007.302752293577
SRNSFSQPWDA,6731.743119266055
HDVPPNQFRKL,3412.6926605504586
GFVFPVQYNHV,20054.29357798165
HPYQLEDALG,3268.233944954128
NQYVWAFEYNVG,31232.660550458717
VGSWEYASG,6201.688073394495
WDAWKQHFREPY,12358.128440366972
WNLWYHVVLG,31022.215596330276
NHRKQPNQPL,2185.4311926605506
ADSGSDLG,1139.4954128440368
DGHHFPVL,6737.917431192661
HYLYKFHG,7252.229357798165
WYNHEALYDAS,7601.862385321101
NSSHLEWDLG,4641.766055045871
AVRFWSG,9478.20642201835
EKGLASGQY,1698.2018348623853
EWWYLWNDS,20769.871559633026
NESKGWKHA,1762.133027522936
YKYSLGPYLSG,7327.022935779816
LDGFHRKSG,3018.2247706422017
EQPDDVNDAS,770.5321100917431
NYHSRWHGN,5820.0091743119265
KDNFFPDG,3418.0091743119265
PWGFLSFQRYV,34243.65137614679
LGPVYGQHG,3601.9770642201834
GHVAFSPDAL,6393.133027522936
HLGNWNDHDVA,4299.605504587156
PWQYLQDYNKD,6868.926605504587
WFKQQRPWNLS,9811.95871559633
KGQALFNGYWLG,12240.79357798165
YHGQRKVQHDGF,5064.573394495413
FSNYRPNKDVA,2187.6605504587155
FNVGYLGDFPH,13890.37614678899
QKDHHDAEWDL,2516.2477064220184
PEYFKYDVALG,10478.344036697248
KGNKHWQEPDG,1704.9311926605506
YYASAFPNKD,3402.0045871559632
WYRWNFDG,15060.077981651377
APPLYDSG,2570.3348623853212
QDAPGYLQDS,1704.5963302752293
RSPYLHDFRVA,8019.307339449541
RVLYKQEQREWK,2996.0366972477063
YWWRVAREYG,12676.385321100917
FKAGKFDPHVA,2321.4862385321103
VKYKPDSG,1218.7798165137615
HDVEFYNDQPYK,7698.40366972477
QRLSAEYLQELS,3179.293577981651
SHAGNGKDS,801.0091743119266
EHDYFEGYKDS,2620.6743119266057
RKAFHRNEKDS,985.7614678899082
QLVDFWG,11876.133027522936
YQLFNRKSG,4020.5366972477063
WQPDVPVFEWDG,10048.114678899083
ANGVAPHVLS,2451.440366972477
LQGVKLG,2691.7201834862385
RKKHWKGYHA,1599.894495412844
QHHPAFPYHAG,6799.238532110092
KGWKYALSYN,6364.564220183486
HAVANAGEAG,1302.380733944954
SVSEPWREWVS,7565.091743119266
NHHYKPNKHVL,2909.422018348624
VQVKRYHLG,4625.54128440367
FLWPGEPYND,10079.587155963303
WRFASFLG,18490.311926605504
YFGKLDASG,2202.733944954128
APWKYAQREPV,2341.908256880734
FVHKAFVASG,5389.174311926606
WPAGFDVRDG,8201.756880733945
GEYAYKRNG,3316.5366972477063
FWEDRSGPWNLS,11827.844036697248
SPHPQHSG,1593.6422018348624
AQGDPWKHVLS,2821.651376146789
ARASPDRNVG,1340.2660550458716
HPWQQWNS,5054.3899082568805
DGVHDYLG,3793.5229357798166
VVNLQFYNKG,6876.266055045871
EPVKYNDWNVAL,4687.637614678899
VSYHKSFYWK,7466.995412844037
HWLHVFAG,16192.169724770642
PPDFRDNKS,1385.0091743119267
WHNYDFEPWV,21354.422018348625
RWQSRPAYVL,15801.412844036697
QWWDQPFYKDS,12615.467889908257
HDQEWNFKVSPV,5528.871559633028
YNGNGQDAQKDA,1058.98623853211
PGENNDSQVS,1185.1376146788991
AYFHVRENKAG,2664.2247706422017
NKYDQYRYWNAS,5800.09633027523
RHDFLQPRPVA,3793.4174311926604
YDHFNARNKDV,2287.3440366972477
WWHYKWHSG,8694.371559633028
KGRVKLEWHD,2714.5688073394494
VGDELQDG,1122.697247706422
QVAWASGPALRE,3282.1926605504586
KAVGQWSVL,5364.908256880734
HAGDEHLFPLS,3991.587155963303
RSFDVYKGPNDG,2998.8073394495414
WPHQPDAKLSG,2404.256880733945
GFQLYVLS,42720.72935779816
LWNGRYPYVS,12599.660550458715
SVGQFQKG,1833.1100917431193
GNHKVFRENKS,1320.7431192660551
RSGVGNHFPH,4579.761467889908
NNEGVAG,1408.2247706422017
DEWWYWDLG,20493.380733944956
SDFAYWKDVLS,5613.5091743119265
PPGPKKLS,1067.1926605504586
HPDKWKHVALS,1851.9220183486239
LDFREQEPLS,1977.091743119266
HNSHLLG,2984.706422018349
YKYNYDQPDS,2103.9862385321103
WGYSLSQKALG,5178.811926605505
ERNALNQFRN,3183.0688073394494
PLSERKQEHLS,1546.288990825688
YVNWVRYWHSG,13220.275229357798
KWFKYSG,4044.623853211009
GKDHRWSG,2389.733944954128
PWDEWWASQLG,16795.330275229357
FKPEAFWNKD,2026.5229357798164
FNSWQPYWAGK,8377.779816513761
RQASSFPNHDV,1923.6009174311926
KVDWQNLG,2241.9311926605506
GDGRFYAG,6509.972477064221
ERFDAWLG,6257.9908256880735
SKYRYALG,3993.123853211009
LEHWEALG,4975.605504587156
LDLGGPAS,1697.9954128440368
GRSDVLNHG,1804.7981651376147
SRQRWLNS,5105.51376146789
AGERKDEYKAS,790.7706422018349
SPRVRPLS,1982.51376146789
SFRAHQPNHS,2282.6926605504586
DLKQYWFNALS,7332.504587155963
YKDEVSWRNDVS,2489.330275229358
YHEHGFAFPKV,7456.683486238532
WRYPFWHG,16737.376146788993
DAPYRAGFDVAL,6952.385321100917
EAQQLGFRVA,3454.2752293577983
PRSVNKAG,1086.926605504587
GLEPNAYSG,1958.4174311926606
KKELASG,616.6926605504588
FGSVPHLSG,2722.6284403669724
RDYEFRWNHVLS,7701.912844036698
WHQDKAGEALS,1197.4908256880733
SQWNPDLPWSG,6389.577981651376
FQSDVPHG,2078.201834862385
SKDRQVAG,903.3623853211009
WYSNAEHG,3414.059633027523
DQEQAGREWNAS,1457.5963302752293
QVWNYDFYHG,12779.229357798165
KDPHFPFPKD,1865.5963302752293
PAGDVYHAQAS,1341.0229357798164
QYASPLSNKWN,2506.5550458715597
HKQKLLSG,1118.2431192660551
DWQSPLS,3215.8440366972477
WNDPLGPNSYNH,4977.270642201835
LELPKYAS,3307.770642201835
NREGFLNHG,4581.683486238532
RNEESREPKDA,782.0183486238532
WKSFWFSQEWH,17593.036697247706
SQAEEYG,1419.045871559633
PGNEAGEPHD,1181.6788990825687
EKVSHGFNLFV,14347.201834862386
RSEKEREWNHG,1474.8853211009175
FYPVHDSFNKA,3190.5
RRKWFHDS,3552.1284403669724
KSQEWWVFELG,19184.903669724772
WFHFDEKDVA,4689.733944954129
WDPHVGEWNKGH,3433.1330275229357
RFNGAEYHV,4593.711009174312
QAVVEYLSG,4594.252293577982
AQEQKFKAS,819.9770642201835
QQQAHDSG,913.1009174311927
YRYFSQWHLS,11830.509174311926
EYLRPSQEGRYK,2181.8899082568805
NVNGSELS,1260.4311926605506
LQQADALSG,1633.7798165137615
VGWQDSPWKHL,8512.316513761469
YWEVPLGRHSG,7490.357798165138
RQLKPVG,1656.2339449541284
FQSPYPSG,4139.720183486239
LDGWAYVALSG,17686.60091743119
PWFVQNHVLRWK,16186.215596330276
DSREGKLNHVS,1695.3440366972477
LHGFAWSG,10197.660550458715
HHRNLWG,6598.09633027523
KFLELDAG,2262.1605504587155
KSNSVLEPWKHS,1800.7155963302753
HQRHVNAQFDA,3645.738532110092
AKPYNENG,1205.3761467889908
YLRLDRKDVA,3221.743119266055
ELPREDFVG,1614.2155963302753
AYSARWVG,6020.408256880734
RSKPGQREKLG,842.2247706422019
NGNVGPGQYK,2422.733944954128
RFWLLQEWDA,19364.56880733945
VVGHKVAG,1526.8302752293578
YYKNAEPYWN,6140.311926605505
FFWWPYLSG,6837.463302752293
HHPNFALSG,4964.54128440367
GRQASWG,4384.922018348624
HKQFDPVSG,1506.2201834862385
AKFFYLG,14913.674311926605
YRHYAQWNDVS,5577.4908256880735
RQEQYKPWNG,3503.2201834862385
PDWHRHDFYKHV,7348.935779816514
RHHQFKDYVA,3224.2247706422017
AKVDFKSG,1100.834862385321
DAELRGQRKHVG,1652.454128440367
AGSAREDAL,1075.4357798165138
FEDKLEHFHVG,2693.6651376146788
GRHGYKARASG,1743.954128440367
NDYYENHLG,4699.3899082568805
SHKHQSG,1021.0091743119266
DYAELRPNKASG,1343.01376146789
VRQKPDSG,938.3715596330276
NLNEVLRWVG,11757.243119266055
VQGERKLS,1060.7522935779816
EVLWEHAQHAS,3499.729357798165
VAEQFRSEWNL,7745.747706422018
FKQKNKVSYWH,3586.729357798165
HGQYFYHLEHSG,9566.995412844037
RDKYLEHVS,1883.9724770642201
KDVRNSKHREKS,677.2018348623853
GYAFQEDAG,3106.288990825688
KLPFNVPKHDV,2336.2798165137615
WGNWREPYWHL,28749.844036697246
DLDNKPYKS,1680.5871559633028
KLQYPWNKFD,6729.293577981652
QLGYVPEPKAL,2683.954128440367
FWLEFEHLYVS,20244.128440366974
VRLSVPNLG,4616.8899082568805
WDWYWVNALSG,16032.853211009175
VVLRDDLSG,4657.706422018348
VAHEYQYVAL,13838.93119266055
LDVQEPRHDALG,2424.2844036697247
HGASEKYHL,1815.619266055046
WDHNLQPWHA,11780.032110091743
AEVAGWEHAL,5284.802752293578
HENYRPKVASG,2214.8577981651374
EFKHAHEPNKVG,1244.4495412844037
EFDVKPYNHAG,2765.701834862385
RGGWVFVLG,35823.48165137615
WASVDAYKHDL,6572.064220183486
ARHFANLSG,3741.4174311926604
VNQYVRDASG,2917.802752293578
YVPYPWENASG,6324.224770642202
PLNRFWKHDALG,6675.178899082569
VKHRNQEYAL,2773.243119266055
HWLWFLSG,19083.0871559633
NYPAWLG,10232.894495412844
VQFSSPNDALG,3039.935779816514
FVSHENDYHAL,4626.178899082569
ARGEDSYSG,1796.940366972477
WAPWAKALVLG,19108.284403669724
KYEKWHDALSG,2090.8440366972477
GEASKGKDG,688.9357798165138
HPKKEASG,564.6376146788991
HEVYSEKASG,1719.1238532110092
RFHGYGNDVG,4262.752293577982
NGNRDQRWLSG,4937.032110091744
KDQLKVAREV,1031.4724770642201
DGYWNSLGEPN,3870.0963302752293
FRHYAFEEWAL,18178.16513761468
WWERVSG,9051.40366972477
RQKGVFNHDVS,1824.119266055046
NQLNRDAG,1745.3623853211009
RFPLWDGPVS,10504.752293577982
EEWYPVSG,6900.068807339449
KDREDEAWHG,1907.9449541284403
QGERVASKS,965.802752293578
ELRAWHADALS,4551.779816513761
KWVVHLSG,7055.362385321101
ENAHPWRDALS,4573.224770642202
VPALELFVA,21952.211009174312
VRNKDWFKVL,6559.871559633028
QFYRDNHVLHDV,7814.178899082569
VNGDVVALG,2016.532110091743
RPKWQNKSPVA,1446.288990825688
APNFPSNSG,1612.288990825688
LGRDAGPAQAS,1544.3211009174313
GEGQNYNKHS,1655.0275229357799
YVVLLGHVAS,28390.871559633026
DVERWNGRAG,3780.4954128440368
EYDPKQRDYWA,3527.5412844036696
YQWPSPNKHS,3263.7477064220184
KAVQKDYWNH,1974.926605504587
YWKKKALRLG,2574.321100917431
RYDAPGQKLNVL,2915.302752293578
GALFFYLG,26374.67889908257
QEFPGYVYWDLG,16896.366972477063
KRSLDVSG,1190.802752293578
YSNVVFKLG,16982.380733944956
NGFEFWRALG,18895.5
LLSSVLG,4776.871559633028
GQPHQLWKG,2760.4770642201834
NRDSPQPYHVS,3665.697247706422
PQEAYLFRPHA,7776.711009174312
DQGYHFAG,4221.022935779816
DHYDNSG,2057.9266055045873
RLWAASEPNL,5556.963302752293
FNESAGHALS,3323.233944954128
WEVPGFNHVLS,15731.233944954129
EKLVLQHYKHS,2805.532110091743
GARDDLSG,1578.1467889908256
FEFAVGNHALG,5691.917431192661
GKFLRLSG,4861.788990825688
DKAEPRWKDVLS,1442.7660550458716
YKFRKVVGFH,6847.077981651376
ERWKGHGQEA,1230.0183486238532
EHWHPNEHG,2677.798165137615
RSLWSRYLS,9076.52752293578
FWYQHAFEWS,17387.77981651376
RAQDAYKFEVA,2744.422018348624
SFPASVRHASG,2374.0412844036696
YAYDKDAYNKD,2118.2798165137615
KKRDSRKHVG,710.816513761468
LPHPFKVSG,3973.4311926605506
WRQVRNHDG,4301.04128440367
NADHDDVG,1278.6146788990825
EEDFHDREYNG,2364.5229357798166
WRVHEHSG,4106.655963302752
PKQVYNVSPDS,1587.6743119266055
LSFHLGVEWA,15061.100917431193
QEQNNSRLG,1367.3577981651376
QENNQYDQWN,3044.7522935779816
QQPADSREKG,681.2477064220184
SHDEDNVG,1396.2431192660551
RHPDLHGYG,4321.316513761468
FLDQVLPYNKL,7249.1697247706425
AQRDSWDHVAS,2591.1926605504586
YNNHNVGRHVG,3914.5045871559632
WVSHADRDLG,4771.688073394495
NKEWGFSFVLG,32564.23394495413
KRYPDSEHDALS,1926.4036697247707
LYPGQEWKDLG,3986.954128440367
WKDNWLRPKLS,5230.426605504587
DNLFLEPAL,8444.463302752294
GVKDEHS,832.5871559633027
HQSEPSVG,909.5550458715596
VEAKVPKALG,1040.059633027523
NEWARFEKSG,3594.422018348624
NKFQVFRWKHDV,6389.431192660551
APDVSVSFRL,18889.51376146789
VALEYLVGRK,16972.990825688074
HYYAPHVAL,11195.738532110092
PEAVSASG,1400.5045871559632
QVHRQFYKDLG,4799.678899082569
SQPSVLPWDVS,3716.0825688073396
YHDQEPSNHQFY,7504.302752293578
LRDGKVYNLG,4394.766055045871
VQYERPYWDSG,8603.559633027522
KVFFFREPAL,21523.871559633026
RHHNDAAG,1600.7064220183486
HEKEDPNSG,673.605504587156
DQHGVGDVASG,1153.9908256880733
KQQHKHSG,941.954128440367
YYNGAYVS,4627.536697247707
GEKNRPSG,1104.5275229357799
HLKKWKG,1379.0412844036698
FFKARGEVG,2454.229357798165
VYVDVYLG,43073.633027522934
GEYHHGFEKA,3248.270642201835
WWAHAPDG,7745.518348623853
RADYQVSG,2231.8073394495414
DWAFQYKHAL,11710.137614678899
VENWLQYDVL,16922.550458715596
VGEQAGPNDV,1340.619266055046
AQWLEHVRHVL,10690.302752293577
VQWRWQPWNDG,12586.967889908257
LGHQRVFAS,6470.894495412844
DQGSQEAS,788.1100917431193
ADRSFHVALS,5288.853211009175
WEDKDYVALS,6484.325688073394
QEDWGPFPNDL,5154.366972477064
DRVVLQVAS,11792.353211009175
EQWLSQRGEWKA,2939.4266055045873
RGRHHFHDG,4012.321100917431
FPLYQRWAEWLS,26383.096330275228
KQVKYVG,1425.4311926605506
RAASDVENDVG,1098.119266055046
WYFKGESG,3020.8440366972477
SSKHNSG,1179.1834862385322
EKDYLFYVFEYK,28864.880733944956
WDAHRNVRVL,11236.97247706422
NNYNQSG,1600.866972477064
PWWGNGREKVA,3174.0688073394494
VYQFPFASG,9285.495412844037
NHWEPWVYDV,20479.715596330276
GYRHPHAL,5212.133027522936
HEAHREKASG,1092.032110091743
WVYEFKLSG,26033.11467889908
KPAFWFDLS,12934.188073394496
ENNWDSPYNVSG,3956.288990825688
VSQEARFVLS,13299.178899082568
SDRFRSG,2546.729357798165
FDHHVRHA,3562.440366972477
FKRNYWSFPWDG,15136.866972477064
LPKNKQYNK,1151.4174311926606
GKFWADSG,3022.880733944954
ARFPVHSG,3717.4862385321103
LQEQAQWLSG,4129.967889908256
LKAGAFPASG,1924.0091743119267
HNPKGPLG,1752.211009174312
FEFPKANKFWKD,2845.256880733945
VRHHFKSG,2320.3440366972477
PNYRLQENVS,2511.683486238532
GFGADAG,1949.665137614679
EGNYYWHDVSG,4815.504587155963
GFYLAGWS,21319.371559633026
FYFKVPDQWNL,8844.587155963303
FAGKDAPGFYWA,11276.252293577982
FDFWSPAQYDV,10983.98623853211
FLAVQPYWHVSG,14504.128440366972
WDRSYLPNHL,10606.270642201835
SYGAPHLS,3394.293577981651
EQQDGWLG,2313.348623853211
RGLVNSG,2150.4908256880735
KQGHNALS,1195.3853211009175
DPGVGFALSG,3047.1330275229357
EWFSASEPHAG,4255.94495412844
VHNKPVG,1132.2201834862385
GHFDNLG,3426.954128440367
KLSFRFWLEWN,23113.39908256881
KFKFHRYWHG,6074.880733944954
GEDDGRNLS,1478.348623853211
LKAQGKDSG,714.9082568807339
HLEDVELYKDA,3454.793577981651
QWWSHDLNSG,6826.683486238532
KGPAFHAKVAS,1203.0229357798164
ALNQVFNHD,3428.651376146789
SEWKFSGNG,2859.5688073394494
HQVVRVASG,2928.9311926605506
LPDVDFPKLSG,1622.8532110091744
NSVNNLSG,1259.4357798165138
YQAEQKVASG,880.6146788990826
WKQGYWQEYN,6783.385321100917
QSFKQRHAGEAG,1116.9724770642201
GEPNKLYKHFPN,2365.6100917431195
EWKLPHAYKNKH,2031.9816513761468
EQPNYNKDLNA,923.105504587156
VLDPPVAS,1127.5963302752293
FGVWDKHG,3749.0045871559632
DGGRALYVSG,7895.0504587155965
YKENRWVLRS,7550.412844036698
APAYLYDALS,6523.44495412844
NNHLNSQFWNKL,6051.614678899083
NWVNYDG,6197.481651376147
SVFWLDSG,13512.302752293577
GEQNAKSG,928.0183486238532
YQVWQFLSG,15982.073394495414
YWYSEWPNDG,7237.967889908256
EGGKAFDLSG,1199.1009174311926
YYAHFWKSG,4393.275229357798
YQPSSYWLG,7810.688073394495
WPYLWSRWVAG,21229.463302752294
WKEFPLWLG,15476.114678899083
HRPYYSGRDAG,3325.6605504587155
WAPPKDRVG,1601.940366972477
YDQSYHGQPG,2330.197247706422
AEFKWALS,4741.385321100917
NHYYYDLS,8888.215596330276
EWYKPDYKALS,3432.830275229358
QKLDSEPKYWAS,2265.5825688073396
HYLLYDL,15023.215596330276
YANKGHRWHVL,7271.876146788991
PNGGYNAPDSG,1599.834862385321
FFRNPWLNG,10895.62385321101
ALPDRSFRPDS,2065.1100917431195
RALNQSRYWKDV,4198.178899082569
AKLDNHASG,1011.7018348623853
KWPDNKDALS,1314.2293577981652
NEQLALG,2407.9633027522937
VYVWFYDAS,25561.376146788993
PFGDHVSG,3329.9495412844035
AQYNGFDAWKDG,4369.275229357798
GWEANVSG,2243.4862385321103
GQEKNSGWKVG,1565.8853211009175
GQKPDSPWKDL,1426.7201834862385
SSEHYVS,1929.6926605504586
KGLLREALS,1912.7385321100917
ELDHGNLG,1722.9036697247707
PKSLRPYHNH,3591.0504587155965
PYVPWGWVLYA,45664.68348623853
PNSDQYWNNHV,4271.931192660551
FVPFFYNKHVA,10046.353211009175
DNLLWLG,10569.298165137614
DFGAYALS,5857.908256880734
RAQRGHLPYLS,6808.573394495413
SDSPHEVASG,1236.4036697247707
WPYSWKYHVA,13412.79357798165
HADALGDGPHLG,2764.0366972477063
KHPDPAQFEVS,1222.6880733944954
ANDEANVAS,821.7614678899082
LLGHYHSG,4384.655963302752
HFHPWRPYWDV,24959.866972477063
QWQAENDLQHAG,2630.8715596330276
FKLEEASFAL,15734.165137614678
RHPHASFSYKG,4057.3440366972477
YLNQQYNG,2944.353211009174
SKKQRKHVA,840.2798165137615
WLQFWFNHSQW,23937.770642201835
RRFNLWSG,8049.637614678899
FPYNVWNWKDAQ,5627.568807339449
YPSKKVALG,1615.6376146788991
YLVVFRLSG,34299.44495412844
RFKSSYNG,2826.52752293578
FSWWVGFPLG,24386.316513761467
RWAQAFEQFDA,7854.325688073394
YPNSPPYWHDL,11027.545871559632
PEGAASG,1256.5779816513761
EYNWKGFPFSG,11374.908256880733
EVRAFWHRHSG,5913.426605504587
RHLSPVFYEPH,11745.899082568807
HGRWDDARYKHV,5955.894495412844
KGPAGHLYHDS,2285.9036697247707
YNGHPLGQFNH,6730.775229357798
DQGFNKWDVL,4426.1697247706425
QFWPWDKHLQKH,6194.834862385321
QSEQYSQFEKHD,2091.422018348624
SGGERNG,1126.9587155963302
KVQEKYHNHG,1663.8119266055046
WVAAEDPYDG,4888.619266055046
HARHLVGRNKV,2400.238532110092
DAGNNDAQEYL,1984.6238532110092
DQPYAGDSQFDG,2827.5137614678897
WNWWLSQFWDG,28166.04128440367
YFAPHGEYK,3763.9587155963304
AWLRADASG,3638.6009174311926
SLGNAHLSG,2302.701834862385
KLLWHRWHDALG,9093.366972477064
ASWVLYDKHL,15839.747706422018
YKHGVFWQFYS,20256.408256880735
RYKFEFVPWNL,19144.408256880735
NNQDFWLG,7191.559633027523
AQHHREKDG,1034.9495412844037
RKPQYHDRDAL,1962.2385321100917
VHVLFRGPKHD,6789.545871559633
AGFVAWAGNHG,6846.90366972477
YKYWVPYEPKD,4792.137614678899
VYFWYKAS,7975.293577981652
HWKRYWGYHVAL,14758.435779816513
KQGGRALG,1366.866972477064
VRSRQFKHDG,2369.912844036697
PAPLKFRPWHVG,6520.706422018348
LYLAGKSG,3396.302752293578
SHQYVPALG,3668.637614678899
VQYHYREYWKA,8075.302752293578
FDQHYPYNALG,7367.376146788991
DREQFGQYHDG,4456.087155963302
QPVDLSNPWDS,4842.591743119266
AEVQFQLSG,5372.729357798165
DRFNNVSG,2271.802752293578
DHSLELG,1717.8394495412845
SAGQDEHG,1040.7568807339449
KDLVRWKDEH,1538.8440366972477
RNYPPNKDVS,1693.532110091743
KSKWQYHAL,3281.2201834862385
NEAALNVS,2002.0275229357799
VRLYFDLSG,27782.06880733945
GQFVFDKHLG,9624.683486238531
AWVANLNKHLG,5737.431192660551
VAGSDVARDVA,1251.9954128440368
YWFASGHQDLS,6031.284403669725
LLSVAVSG,8220.990825688074
EHHAALFYKALS,7755.233944954129
SYVGNFYHALG,10412.743119266055
LQRQKRPHDVA,1863.1605504587155
VVEPDNG,1266.0091743119267
NFHARKRHAS,2341.0366972477063
HRKWDEWNKAL,3036.738532110092
GWNERHSG,2944.238532110092
SAQWELG,4053.0091743119265
GWQPDFEDVLG,4992.94495412844
RYNHQFDPNHFE,5902.4495412844035
FFWWFRSG,7860.651376146789
PRWPSRASG,3454.564220183486
DPDGVPKLSG,966.0825688073395
DQPEWGPYLS,4884.321100917431
GAGEPHDKS,836.0871559633027
ERLDQFREKL,1889.7522935779816
WKARNVGAEYWA,8305.642201834862
REVQNAQRAHA,1832.967889908257
DWGVNDVAS,2656.3715596330276
FWLWSQDGHA,8625.577981651377
QGYPNAQFYV,18300.802752293577
AYGHVFDG,7113.266055045871
NHNNNHG,2011.788990825688
YDVDEKQPSG,1127.366972477064
REQPPWAGPW,8288.408256880733
EWRYEVSGAL,9932.036697247706
KHVNEWKREHL,2052.7247706422017
VYYKSDSG,2209.8256880733943
FRLSSGVAWAG,8690.339449541285
YHKYKHAGREYK,1814.4174311926606
YDYNYSQYVA,4139.077981651376
QFQNQHQEKVG,1515.3394495412845
GPRVKAG,1050.2981651376147
FHWLENQDG,4541.706422018348
WYYHLEG,8357.321100917432
GKAPLNKDA,1100.9954128440368
GQDVYARYW,14046.894495412844
GFDFRAGDAL,6074.633027522936
AFWGGHVSG,6496.082568807339
DQWQEHYNS,3793.0825688073396
QRKSSRPDYHL,2308.1651376146788
ENNWHLQRALG,5550.59633027523
HFVSDSGKVAL,4059.412844036697
RKRGREARYKH,1032.5412844036698
DKVRKENDLSG,791.7385321100918
NLQWYHQPWHA,15815.555045871559
NWGQGASG,2437.5688073394494
KENPQNALSG,1352.5779816513761
DSVRAGWKHDAS,2188.0412844036696
WVQLYLFDVA,48154.47247706422
FAWASWVRKAG,8251.298165137614
EVPQFWHQENG,2777.440366972477
WEGKPHG,3181.1284403669724
SALKKDVLG,1383.9770642201836
LALHWKS,4585.454128440367
KNWVYDALG,5523.353211009175
AVWHFDALSG,9545.88990825688
DRKLVASYWN,6714.697247706422
HEYQEWKVYVAL,35297.84403669725
VFAAEHVASG,2993.045871559633
SPALWQWKDS,3838.798165137615
NNALWYKHDVS,5604.408256880734
YEDSNVREWAL,7536.807339449541
YVPQQRNG,2043.7660550458716
AQHGEFNHG,2019.5229357798164
YFEPNQRFPAS,5194.045871559633
PAYNLHVQWNSG,7429.770642201835
YQGKHSFRYHAL,8664.844036697248
PWPNALFYRWND,31450.58256880734
RHYWRPVFAL,26293.866972477063
WKWSKVKDAG,1939.1743119266055
QPRKGWDSYD,4913.160550458716
DAKVHVSPLSG,1739.5688073394494
DNDGPWKRYKHD,2815.4311926605506
SVLKVEAS,2682.6651376146788
PNDWYWHALLS,21238.238532110092
DGVFEWSYDAL,16618.229357798165
HVEKKFRYNG,2338.559633027523
NDWKLGSKVG,2303.5688073394494
AFQYHRDS,3899.5229357798166
LKPRDSG,1466.0366972477063
DVHRELDLS,2036.1467889908256
VVQPYHWAS,8992.614678899083
GRKAKLKAL,1043.1605504587155
NSAKVFYALSG,11198.926605504586
YLNEYRPHV,7079.073394495413
NLSVLQDRWNSG,5173.922018348624
PENRVFYWNKH,7896.788990825688
NYVGKGRNKHS,1471.8623853211009
LNDYEDSG,1951.545871559633
KDVWDVYEDVG,4410.311926605505
YYKPYRKDVG,3023.935779816514
ERLQKSEPL,1165.7201834862385
KKPVRHASG,925.9633027522935
EGQRALPGFKAL,3807.908256880734
DGNPSGWKHD,2464.3853211009173
VNQDHDVALS,1612.4357798165138
VRGPSYLSG,5227.9495412844035
APEHQPG,1357.8302752293578
YVQYNWVFKVG,26716.761467889908
WSLVNLG,12997.284403669724
NANALQDSKHL,1610.665137614679
QYGEEPHVRNHD,3014.912844036697
PPFPYYLSG,16814.871559633026
NHGNSDGPWS,3942.4587155963304
WDRLGNFNHVG,9814.798165137614
QLNWHSWKHA,5899.481651376147
ERWQKQEYNVS,2213.064220183486
ADREFRNAS,1745.2201834862385
PFRHFDQYKHDV,5938.174311926606
GYKWANHALG,4412.247706422018
KKDLEDKVG,641.3761467889908
ASEEQRYWKA,2306.178899082569
YFNHRLEKHVG,3474.059633027523
PNQAVGQFPN,1942.5045871559632
EWGKNVGPYKA,2565.619266055046
HRSEKFDG,1400.3302752293578
KDDQRDSRWH,2586.6559633027523
AAGEYAASG,1264.3577981651376
FYQFFRVQNHA,7800.655963302752
DEKDGPGFV,2183.8715596330276
RFHSWGEHVSG,4585.091743119266
VPDKGPAG,882.4954128440367
HDWKHFNLPNV,6014.788990825688
GRVFHGWNHVSG,6214.614678899083
DNSNNSG,994.9495412844037
EGAQAEHA,832.9128440366973
FLVERNDLS,5142.238532110092
EASYYNKDFEW,4767.568807339449
REWFPHDEWFK,8889.587155963303
VVRSKDVS,1218.302752293578
NKGDLSESAL,975.7752293577981
ERYQHVRYLS,8864.48623853211
QANLYVYKG,13474.729357798165
DSHGDQWHLS,3324.1146788990827
RERNREKGQYWV,3525.738532110092
AWGEGPSG,2321.0137614678897
KYWDSKLHDVL,3532.394495412844
ARQYFRG,4396.188073394495
FPRRGFYWK,10777.302752293577
AKKQWDVAL,1957.7844036697247
QLWPSRYLG,12609.834862385322
RDWFWNKNDL,6093.729357798165
DDAFKAKG,933.1192660550458
YWKGQLSHAFPA,5810.261467889908
AFEGSNKVA,1722.2155963302753
YDWLSKQPYKA,3499.637614678899
PVPPASWNVA,2306.376146788991
QHGAKYNKHSG,1302.7018348623853
NLDDRWLSG,5299.435779816514
RNQGFVLPWKS,8562.100917431193
VYRHYKALS,4018.6146788990827
LDFELNG,3004.298165137615
KALHWVRPYDLS,10289.270642201835
ADLHAYLG,3645.798165137615
ASAPGQSG,1065.7660550458716
QVQSFRKEKHG,1201.7614678899083
RWYHREEPLS,3938.5
FSHRVQWNDS,4692.518348623853
EYDRNQYAYAS,5285.022935779816
PDDNSWSG,2116.908256880734
RYHENLQFQWND,11096.463302752294
HNHYQPSG,2355.3394495412845
YRPGNPNKHDG,1631.5871559633028
ESVHHDVAS,1187.0275229357799
GEYENLQFEYLG,17062.92660550459
FLPSWHVNKHL,7626.908256880734
NWHEEPAL,3065.6559633027523
KQLPNQNKA,832.4770642201835
EHRHKVEWKV,1571.6926605504586
PKGQGWHVQRG,2766.711009174312
NSHYRPALS,3493.0137614678897
WENQHAQFED,3533.7522935779816
HKGVWDVAG,2235.761467889908
REDLEQDLNHVG,1454.3761467889908
EKAALQWSNHG,2049.229357798165
FPVYENHNDVA,3525.0412844036696
VWVGGDALS,3616.146788990826
WVAVNVSPKHA,5824.178899082569
NVVYGFNDLS,9734.233944954129
RSGVKAFEPYH,4079.321100917431
PEEPRPKDVS,880.5550458715596
PQNLEEYVLS,4798.761467889908
HVLVGRWYWNA,18124.004587155963
QSDAGEQRYWH,3748.3990825688074
GLQRVVG,2854.5504587155965
QYNNYNKYDVS,3180.7798165137615
RSNWKAEPWNSG,2628.816513761468
SNQDPNLG,1065.1605504587155
NKAQWRPNHEHA,1844.5871559633028
SWVRLVS,17124.857798165136
EHYHSSPYKAG,2261.6926605504586
PLPRNDWVA,3646.3348623853212
EHDWGEKEPYNA,1658.9357798165138
ASVPKSQREWG,1706.9495412844037
QWSRFRNHNHD,4290.394495412844
HVPYRDGQWVAS,5196.9908256880735
EQAWEKVS,1258.2844036697247
QLGAHALWHSG,5403.321100917431
DNQPWRVS,4011.0229357798166
SAFKFALSG,7019.981651376147
AVLYLWVSG,32825.87155963303
SWKYQNALSG,2972.0412844036696
NSNLFWLWHAG,14596.009174311926
NESDANVG,1251.408256880734
VAYWFRFWNVLS,21241.91743119266
HLWLYVAQPNG,12733.211009174312
GGQDYVG,1753.1605504587155
PVGQKDGYRVAL,5057.362385321101
WQAQPGFYAL,24315.376146788993
SVPNFKS,1727.4770642201836
NKNYVGRPNA,1920.9357798165138
VANKEVHDVS,800.8990825688073
KRWKNGQWNL,3489.1146788990827
DSSAFYALSG,5275.798165137615
VLGAVLSWG,13357.766055045871
WLGRLKGYHL,9085.660550458715
SHYNADVAG,2015.6238532110092
FVYAYKLHDS,8188.880733944954
APEFYHG,2783.9954128440368
HGVGESQRNDV,1258.3853211009175
EHRRREWNL,3667.0733944954127
QGDVHQFRKHG,2139.5183486238534
YPHLDPWNKHS,3704.4449541284403
WVKLHLQRPWSG,12646.197247706423
VYDGAPKSG,1602.2568807339449
FFKEKRPWDAG,2968.9770642201834
PLRRNDAQDAG,1525.3211009174313
QFEWSKHNLGRH,4856.133027522936
HPERNHALS,1401.3211009174313
REDQGPKGFEV,1298.1605504587155
RWPARPVFEPK,4106.266055045871
ESPAEHSQPYL,2037.3899082568807
KNQAVSG,852.4082568807339
HDVRKQYVRNAG,2675.353211009174
KSERNSQKDV,698.1330275229358
FAPLGRFEKHA,2826.8577981651374
KQYPALPYNKDS,1780.866972477064
HGQYNHNLQPG,3246.761467889908
KHYDSDVEWN,2380.394495412844
SFANPLSG,3012.422018348624
HKGRKVHLG,1433.2339449541284
WFQRGYALS,9830.444954128441
DAPRFEKDVA,1260.7018348623853
EKWEWNVSYDA,5803.55504587156
KRSKKSG,574.4587155963303
DARASFQRHG,2983.178899082569
NKNNEPKHDV,931.6926605504588
HFVARYRKDLG,5729.261467889908
YWGHEWPKHVA,6670.174311926606
HNHVWSQRWNS,7385.0091743119265
PPFNGYLS,6721.981651376147
NFAHLPLS,7459.059633027523
KARGRYSDAG,1536.9311926605506
SQFRGLFENKH,3729.587155963303
YRSQALAG,2700.532110091743
EGLSGSWNHS,2252.9908256880735
NPGREGWVG,2654.9633027522937
KERVKVA,756.651376146789
PWEFSPYWKS,15650.412844036697
VQLLSHVL,9682.59633027523
PLRWWEYNKHDG,8921.238532110092
KVGWKVGPSGY,5162.435779816514
LHVYVKVAG,19034.42660550459
WFRHWPKHDS,5599.568807339449
RFNDFFKDSG,3983.270642201835
NRASGGWHLS,5209.1100917431195
SASWLYDSG,6822.394495412844
RAVPNVRYHD,4996.073394495413
KGKFVFREPVG,2182.123853211009
KHARLRENEDS,974.2201834862385
YSSDDLG,2040.9174311926606
SYPANSG,1871.3394495412845
LSHLGWREWN,9839.045871559632
LVGHESG,1746.1376146788991
YRWGYFYHDAL,13930.90366972477
YWQAVARWKDG,6584.628440366972
RNEGPWRPWNDS,6668.633027522936
NDESYDSENHD,2060.9862385321103
ALYAGHWLSG,10205.80733944954
DFWPRALG,8932.385321100917
FEDEVEQNHSG,1493.8256880733945
KLEGGYWNKHS,2617.47247706422
VAWFVYNKG,13150.169724770642
VPYQHQNHDVA,2284.5137614678897
RQRSDAFWL,9938.467889908257
DAGWWHGYVL,27718.243119266055
ERASQEKVFWHL,5119.431192660551
HFNAYQALS,6493.963302752293
DYRAGWG,6269.105504587156
HNAQHWKG,2400.3990825688074
AWREQRHDL,4138.853211009175
QWLQQEPYQPYD,12020.128440366972
YQQLQWNASG,4223.623853211009
DAFDFNHALKVS,4807.532110091744
DAPNLGLEHLS,2196.876146788991
HGNDDSGKHDSG,1025.7293577981652
KLHVNAYNDAS,2253.637614678899
NQDRNYVLG,3329.0183486238534
WGNYQRKHDVAS,3495.3715596330276
SGPLKPYNDLSG,2151.559633027523
KYVNRKSG,1170.8165137614678
YFVRPNHQWH,10194.055045871559
YGRSEAFWSG,8083.321100917431
SGNAGGFLS,4726.133027522936
HGDEYDASDASG,1500.802752293578
HQQAWDAG,2583.6559633027523
GERLDASG,1758.633027522936
DRQKPYG,1905.5871559633028
WPHGQKFYWKDS,6949.348623853211
RFKGNLFNKD,2999.298165137615
PLYPLGWHDLSG,16007.899082568807
VFGGRESG,2263.821100917431
WPPGWHS,10360.40366972477
EVLLFRVGWDS,50500.11467889908
HHVDGDSG,2166.729357798165
PSWADPYNHDV,5047.848623853211
WRGGNHSG,3356.683486238532
WDEGFRYREKDS,4333.316513761468
HQHKKALG,1112.591743119266
NVLNEHDWNKV,2839.646788990826
NANSEPYAHL,3297.8899082568805
NDHSKDPKVS,748.2706422018349
PAPKVVSQRE,921.8119266055046
SGYYYHLG,8440.077981651377
YPDKSWAS,2224.293577981651
YYLYYKSG,4854.275229357798
WPHDEQFYAG,8482.899082568807
DLYQQEYKHVAG,2927.298165137615
PSQLQNHDREAG,1224.4128440366972
KSKQQDVSG,621.8577981651376
HLHFGKHG,3748.8853211009173
WHKYGNKAL,3296.5412844036696
NHVVHGYVAG,5331.142201834862
KWLSNEHS,2077.256880733945
RDAWRNHSNS,3334.5825688073396
KKVQWQEKVS,1142.2018348623853
KVLSYDPGWNV,6499.711009174312
QRVAFWWKRYNH,12541.633027522936
LEPPPYKHD,2899.564220183486
HQSPRWSG,4413.371559633028
NPVRNFDVLSG,3472.380733944954
QYHRELYNAFNL,12746.61009174312
EVAWRPKQRKA,1499.8715596330276
AEVWGEVL,5012.660550458716
QVFPQYAQPL,5850.646788990825
ANYLHLSG,5017.724770642202
SRQYPDVS,2409.0963302752293
YEHDNHNDVS,2297.197247706422
SWQVEYWKDA,6816.733944954129
EVVHQFSG,2836.5688073394494
NRQAQDVAG,1377.8990825688074
NPPVEKG,803.4587155963303
ENRGRWRWNKV,3982.1100917431195
WRGGQFRYH,12465.201834862386
VYVKYVLSG,20047.08256880734
GKLAPAG,1659.0183486238532
PYHEYAQVYNDA,7692.201834862385
LKEHDELSG,983.954128440367
AEEWEHDA,2185.288990825688
YAWSHDFRNHVL,13283.577981651377
YEHWSPNKDA,2999.7752293577983
YFVEWGYNKAL,11717.43119266055
WYVHEKLG,6199.784403669725
LAQYGDG,2858.5366972477063
VEPKPDREVAG,846.545871559633
WESKSALG,3184.293577981651
APPAKHLS,1016.4954128440367
RGEHDRNLPYKD,2926.2247706422017
KNWVEHDVAS,1849.2201834862385
KFFHRASG,3436.766055045872
QNPYLRWQNAG,7197.720183486239
PPYYENSG,3701.0412844036696
YHNQWDWNHS,8224.119266055046
PRYRLSPVAS,5516.123853211009
ANSYREDG,1679.2385321100917
KSLYVNHALS,3575.2522935779816
HQPAYVQNG,1882.032110091743
HEVVWAG,7243.302752293578
YGLWFEHVG,14412.5
PNWLPGQEAG,2470.623853211009
LGYNVKGQYNA,3640.2752293577983
EGAVNHSG,1304.8211009174313
PVEWENVSFLG,19077.853211009173
KQYFRPNQAG,2682.4816513761466
DNDHFHLG,3598.408256880734
KLFEVGPYWSEN,11838.197247706423
QSFNGLFPNVL,11859.40366972477
KQAVHVLSG,1971.0183486238532
PWSQASGPYQNK,3662.3715596330276
WLSNDYWHLWAG,20359.146788990827
REKPRPAQWHLG,3176.3577981651374
VGFEFRWNGRND,7858.288990825688
QGDAGSFLG,2523.316513761468
DWVAPPNVG,3458.3119266055046
LSEHEPPYKHS,2544.1284403669724
HALHPDARWKS,4155.174311926606
EEPDAFAFWNA,5287.8899082568805
YVRLYLGPNK,14490.412844036697
WHLKWKYWHV,11785.697247706423
SRRVRPLG,3804.0550458715597
AFVDFYASG,15636.036697247706
DFKQWFEYHA,8981.518348623853
VPPRPVG,1609.6559633027523
KFGPFWALG,14038.619266055046
LRFKYVALSG,14826.720183486239
YVSLSKVRENHL,5240.100917431193
KHANSFYHVGWH,10571.545871559632
WVSQSGRWRHD,10345.733944954129
NPGQSEKVAS,924.454128440367
NQRLRYFWHA,14149.20642201835
WVSYGNHDAWN,11947.444954128441
SFLFPLYWHVL,18940.45871559633
SYSEGLSG,2119.605504587156
HQPHPLYKHAG,3247.591743119266
WPFEYKELG,7743.674311926606
RFLPRNLG,6018.394495412844
NHKEVLEPWND,2351.577981651376
SPYNQAYWVA,9799.926605504586
FRDEYNLEQPND,3091.243119266055
WFQPNKNALG,4334.206422018348
SVLKANDG,1344.105504587156
EYPQDQEPA,1060.0688073394494
KNQKNHLG,1088.9954128440368
PSFEDPNDGN,1887.105504587156
GRNQYEVAG,2305.6330275229357
NNENQVLS,1489.7614678899083
FKLYEPYDPWK,10107.133027522936
HLNGYNVQEVS,2882.5366972477063
FPKSYNGGPYWD,14557.036697247706
QRRQPRWDLS,5686.192660550459
YPKSYSPHDAL,2978.623853211009
EAEADGFEWD,3342.1146788990827
DEAHEPG,1395.7155963302753
WPYVRAGFVL,42021.62844036697
WNAKSSREKA,1641.7752293577983
VRVSFAHALS,11254.018348623853
FDHQNFEPKVA,2135.197247706422
HYWLANKAS,4156.48623853211
NVVRWNKDNKVL,3030.967889908257
RGVKRVALS,2210.6559633027523
RQFDAEYPALS,3757.908256880734
NYVNEWDLS,7011.821100917431
FGQEHRYGWVL,16690.596330275228
AYPSRASG,2455.0045871559632
EWDGSRVARKS,2193.706422018349
FAYPPYAL,11264.339449541285
EVVGFNKGNDL,2015.1467889908256
LLLGQREHASG,2444.032110091743
HNRNVDSG,1286.802752293578
NGYGQHPDAS,2045.848623853211
RPQNFRNDDSG,1796.5183486238532
RHLHKASNVA,1620.9357798165138
YDLRYGEWLDAS,9149.752293577982
QKNVFYAPSG,4844.3899082568805
RRHRPVLGDVLG,3825.706422018349
EWYGEGDSG,2918.637614678899
RLQKPNLPYDV,3792.211009174312
WAGVHQPNDL,4245.087155963302
NQVFQNKDVSG,1442.3623853211009
FVEGEGQRWDLS,4960.674311926606
PAHNKAGKDS,817.7798165137615
WKKFWFALS,12673.853211009175
FESHSFHSKDVA,2073.761467889908
ERADSEVSG,777.7064220183486
AYWHDVNFENL,9770.761467889908
SRLPAGNLG,2439.5550458715597
QQPNELEAG,789.3899082568807
PHVVLSKSQEA,1358.1100917431193
QVRNSFNPYHD,7267.366972477064
PKSWGFHREPH,3957.9036697247707
AYQDKASG,971.3302752293578
PKEYAFPQHVLS,4985.559633027523
ANVFQNVALS,3724.2247706422017
QPEVKFWNHS,3618.770642201835
RFDYFNASG,4924.220183486239
DQAEALKG,716.1788990825688
FVLPPNKSHDL,2748.4770642201834
RYYYDGQFRH,8959.720183486239
NQNQFFDLG,7299.798165137615
LHGGQNKDVA,1077.8532110091744
HEASLFNLSG,4585.6697247706425
KSWGHASNHVS,2272.261467889908
RWYERYKAL,7247.394495412844
YGGHESG,1571.4220183486239
GNAKNALG,1108.6009174311926
AYVPWFAG,15609.19266055046
SQLEKPKVAG,872.8348623853211
YNGNPYLWHLG,15337.669724770642
YNHALFNRLQYV,16742.408256880735
PEALWLPWS,23182.76605504587
EDRHEYHSQDS,1456.8073394495414
DRYWKHQAEWAG,3348.0825688073396
GQDDAFVSG,1805.7844036697247
KEQVLWSG,3685.211009174312
HAVAAFRWHSG,7086.651376146789
HKRYAAG,1664.7981651376147
QQESVAPKHD,791.7981651376147
EPVQLGPDLSAL,2348.1422018348626
QFFVEWDFVAS,26468.830275229357
LFHSAYWNHLSG,6804.325688073394
AWKRPQYWHA,7035.614678899083
QYNYFEYWPDG,14839.330275229358
AWQVDVALS,5933.293577981652
NWSEEHG,2188.6284403669724
QFGPYFEWAWDL,21150.160550458717
QEDWDQFPALWV,13721.394495412844
QFHNDVSNDASE,1200.0871559633028
FFSFWFWNHLG,8765.70642201835
DRFWKQHDVAS,2041.5183486238532
PWQQKDGEKVG,1253.0871559633028
PRPKSSQPYND,1651.1376146788991
LESKAPVG,1141.348623853211
RSYRWAGFNKA,3978.353211009174
HWDPQNSG,2012.6422018348624
LRNGREYYNAS,4629.247706422018
EPNPREPQKHDS,839.5550458715596
SYDPYYWKG,5870.972477064221
NNKPHHDG,1546.1788990825687
NFESNQPYD,5014.90366972477
KHHNQRKS,741.1605504587156
HKVQRRPWNVL,6833.853211009175
DPLPRYHVALS,4787.5091743119265
QWRVFYSPHL,30015.577981651375
PLGRGRHVYHLG,8196.022935779816
SEGHFPLG,3965.9908256880735
ASVEEKVAS,694.183486238532
VSAPWHPDAL,5447.926605504587
RGEQVGWKDV,2268.816513761468
WGPSRNVPYNSG,4367.871559633028
EFVSSQRAL,3359.880733944954
FRPDANGKDLFP,2908.9449541284403
RYYGYNEWHL,14902.811926605504
SRVRYSWKDVAS,3930.087155963303
PSDYQNVLSG,2508.9174311926604
VHEARKG,996.940366972477
YSEKSFRLWKHS,4361.536697247707
EEEDNHSG,892.7247706422019
LRNNKFYG,4390.087155963302
VDANWHLSG,4061.821100917431
WLWRLFEWND,19640.935779816515
FSADHDS,2199.2798165137615
QRWVWLGRAFYS,28944.88532110092
FLEVSVGKDAG,5225.660550458716
WKHPPGFPYDAG,6101.027522935779
KYADLYASG,3061.0688073394494
FNGFHFWNFPH,22050.91743119266
ASGGGPWHDA,2853.032110091743
EKPEWLQKG,1057.0366972477063
GGPWQWHDA,7770.8302752293575
NYNDYHRPNK,2490.605504587156
PQRARYLPWK,4855.711009174312
LNFNGWG,8046.243119266055
ASYYAQREWNH,6455.628440366972
YNRADQRPNAL,3321.743119266055
HDEFLQWNKL,5450.211009174312
QDNPHFYNHDS,3819.146788990826
NYFNDRAL,5563.825688073394
QKQHSGKEWVG,1320.6880733944954
HRLRLRALS,6489.077981651376
PKKRWVAFVAG,6290.371559633028
YDQKLAGFHVS,4321.380733944954
WEDGHPYWHDA,14194.981651376147
PDDLVGPKDS,1262.967889908257
SHNGYSG,2263.830275229358
PKWYVQFPNKG,6321.302752293578
NANERPAL,1550.2522935779816
SRWNFSKDVSG,4035.9311926605506
DENRDGYWKD,2825.7155963302753
SSGREVWSG,2954.9311926605506
AQDDQNDLS,967.1788990825688
HSDWNLELG,4281.55504587156
WDHRRKAG,2414.651376146789
FSYEDENKHDVS,1748.1788990825687
DFGFSDLSG,4781.504587155963
FLFYHRWHDVKG,6024.133027522936
RYNSLQNHLKDA,2492.5733944954127
RQSRHANVAL,2499.7247706422017
EDNKDGDAWG,1774.5183486238532
VGLLGPASG,2976.7201834862385
WHYGHGFKHAS,5105.811926605505
LFSSHALSG,3641.3853211009173
QQANWKG,1702.7339449541284
LSPPWSPYHVA,10069.62385321101
PGHGNLEDA,1489.105504587156
AYFLRNLS,9108.926605504586
NLLADAG,2871.7798165137615
RSAEHARPNDAS,1192.9816513761468
NKQYDEFRWHD,5719.366972477064
WLDEPWHLGRND,11928.454128440368
SNFVQRSG,3170.1559633027523
EPNDNKGEKLKH,775.6926605504588
KFEHGLWKL,5938.98623853211
FLKLFNLPNKVS,5777.761467889908
QFKWKHRPVEKV,1856.5825688073394
YWNFVQPFEKVG,9680.087155963303
YSYLYWWALG,11290.004587155963
GKGKLKHVALSG,1460.4311926605506
EYKQGFPHFKHD,3176.064220183486
HYEQYHVAS,3976.408256880734
RPYWWAFRWDNA,25791.646788990827
GFKSKYNVG,2485.967889908257
AGWGLSQWNKDL,6116.711009174312
DGDHPDLG,1839.440366972477
RYNAQFLGRNNA,5715.174311926606
EKLRQEWAREPD,2030.2522935779816
ASWPHVQFDVG,8611.160550458715
WGPWNQWNFYL,44201.62844036697
YGNVPHVRVAG,4784.9495412844035
HWKPLFNKASG,3875.766055045872
EHHYAPYNKDL,3174.9954128440368
EHDRYHLPYSWV,18286.92660550459
EQLFSGSG,2297.1926605504586
LRRHSYDG,4280.816513761468
PGAGNRYKHDL,3143.330275229358
ERVPFHLG,4827.591743119266
FHESSQWHDA,5167.353211009175
VKLEVLWAG,11965.981651376147
FFDNRNSG,3095.5550458715597
HWNFFDVAS,13777.091743119267
DWGDNALG,3490.211009174312
QVRPFNAGQPVL,4122.128440366972
WGFNFYNKVFWG,18046.490825688074
LVLPRKSG,2664.169724770642
AQSDNHVSG,1115.8532110091744
HLNNLGWKHV,6172.697247706422
KYFHWLSG,6901.788990825688
FVNEYHYKHV,6474.504587155963
PPGEKPWG,1721.426605504587
EARVPNFPKH,2022.2522935779816
WWPKKAG,3217.821100917431
KLPRAQPKDA,1003.9174311926605
HSHLHQYWKHDG,4524.51376146789
QDFNRYGREAS,2871.394495412844
WVHDGKYWVL,19674.65137614679
YKGGVAFHG,4505.706422018348
ANQFEPYGNK,2526.6559633027523
RYDQNVGFQEDA,2802.123853211009
ASGRSDQRPYV,3623.5229357798166
PEPLYSFNHL,11732.247706422018
FYKHFNPDVAFE,6892.4908256880735
NPQYDEVG,1749.0
RPVGDLYWSFH,24402.20642201835
DAGVASPLWG,5085.94495412844
YKYRGQAG,2641.1559633027523
LKVVYWALSG,20348.3623853211
QWFLLPNHDVL,25131.532110091743
FPWFLFWHLFWV,15171.834862385322
SGNSHAFEYNHA,3657.256880733945
NYENHHSG,2464.954128440367
NNDYNEDVL,2513.0550458715597
EKHNHRYGRYK,1839.5229357798164
QNYEWAFPKHG,6026.5
KDLVVGRYWNH,7551.422018348624
VPGHVNLSG,2023.073394495413
RLGHFRKLWHDG,8000.481651376147
GFYYRPASG,8967.142201834862
SYKDSRREHL,2074.5963302752293
LYLEYYNALG,17911.389908256882
ELWEWKNSG,3661.6100917431195
AFEELSQFREKA,2534.0045871559632
LNNHSWG,5480.752293577982
RGDSRASGWG,3844.5
SWWGRVALS,12960.321100917432
KRRVQWLSG,3156.6100917431195
AHVGNESG,1157.98623853211
RPLNGFRAYDL,15285.19266055046
NLPRLWKDL,6286.899082568807
QSSRPLYNHD,4111.018348623853
HLWFNDVSHVG,11065.642201834862
NPYLALEWNDL,13978.848623853211
AFAGLSENVA,2439.1422018348626
RGQKPWKWVA,3476.6146788990827
HKLRHLAG,3077.706422018349
YSDSWARAS,4327.9495412844035
PHGYLSWSREH,7859.720183486239
DVKWLFRNDVAG,4254.477064220184
PYWAAFWKAYN,15514.724770642202
AGYQFGQFWG,17819.23394495413
QNRNSAFPNH,3167.9587155963304
ARLEWYHA,10410.174311926605
EQHWEWKLS,4161.844036697248
QEWGDPKASNH,1683.6788990825687
NNALKDWKHVS,2115.848623853211
HVNHADLPYKD,2872.8348623853212
WDLWVEYVRNL,33242.633027522934
EYVGSRYPKG,3563.6880733944954
EWVPFENDEYVS,4598.623853211009
AYYLQALSG,8836.270642201835
QNSKDRVYWS,4970.01376146789
PWAYHQPYWFP,37467.47247706422
QDLGNKVSDLFP,2765.770642201835
RHKHVSHEWVAL,5567.435779816514
KHNLPDLPKHS,1297.426605504587
ENFQLENKHLSG,2130.9954128440368
NYHREFYVG,15818.944954128441
PKLHNGQEPWNG,2855.302752293578
FKYWLYALFPY,10135.165137614678
WYEAYSG,10981.573394495414
NVEPAQYFPDAG,3601.47247706422
PEKDPVGPYN,2130.678899082569
VALFSGQYQRNA,8717.91743119266
GRAGFYLEYHVG,27555.408256880735
DDHQKVG,1178.1467889908256
LPPRHLSG,2627.5825688073396
YGLKNSG,2013.4770642201836
WKKFGPVLSG,4386.862385321101
FYDGNAQAQPWA,5666.917431192661
NQRDHASQHVL,2952.9266055045873
LGQYDYWAEG,7334.344036697248
NSEKGPVLQRVA,2544.1559633027523
QGYWSAFKAG,6926.665137614679
QDNWPDVG,3088.6743119266057
FQEFDGPWDVL,19522.435779816515
VRRGENASG,1688.5779816513761
RFVLVLEYWAS,44608.536697247706
FLFWQEVQDVAG,6895.477064220184
EVEKKLGEYKL,1375.4220183486239
PYFLLKLG,32100.788990825688
QNKPNKDYKSRK,929.756880733945
GNDHQYLS,3180.669724770642
PYPPEPYWKAL,8429.302752293577
VSKLRSYALS,5107.94495412844
FFLAENDSG,4035.6605504587155
FRLVPAEDVAS,2797.5366972477063
DLQELQPNFASG,3409.206422018349
DGGNFKVG,1908.380733944954
VQPRRWDALSG,3297.5550458715597
WNFVNKHDNHS,3442.256880733945
PFSGNLDLG,4872.128440366972
WWDFWQKL,17505.229357798165
PLGELRHGKHG,3069.8440366972477
VAQQALREWSG,3069.1651376146788
HLRRHYWNKDS,3646.5183486238534
VHDQESHVLSG,1750.0963302752293
LQYNFDSQRKS,3416.802752293578
AQNLKDQFKDL,1581.0275229357799
YKFVPYWRAL,15817.532110091743
PLEYSWNKGFEH,6635.587155963302
DFSASDALS,2506.5137614678897
QVEVKYWNKHVG,3436.123853211009
HWELQYLG,14771.862385321101
YVDAFFWDVA,19746.275229357798
WDFPFENWLG,14727.651376146789
PDGWHAAQNKH,2527.1605504587155
WWGQQRPG,5837.233944954129
PEPVRKDGWKS,1665.9174311926606
PWFLRWRPWL,33842.977064220184
DKSVDVG,905.2889908256881
DLHWVPDVAG,3991.8256880733943
WPHLNPAG,4883.087155963302
KWWRKLSG,3511.119266055046
KPASSEPLG,695.4266055045872
AALFSKDS,1888.2293577981652
QFAWNQHGRNG,3631.6100917431195
NNPWYVSG,10252.04128440367
VKDPGRVG,1368.2706422018348
EVHDEPFPWA,5001.302752293578
YLHFPHAKDA,3239.1880733944954
LNAVRHG,2719.4311926605506
AFKRNWDL,5571.573394495413
FFGWDRLSG,7620.908256880734
YKNSHDRHDSG,1755.1743119266055
NYKGQWVWVAL,23063.605504587154
DPFHHAG,2191.7247706422017
EKNFVNDVS,1159.0871559633028
EWLDRWNHPDS,5079.848623853211
RKGPGEANVG,907.4770642201835
LKHRFHDAL,4410.128440366972
GPSHKVAG,981.6192660550458
DADFEVARWK,2729.211009174312
VNRVESG,1511.711009174312
PGYHLDFRWNK,6760.0
NRALGFSPDG,4364.165137614679
PQLRQWKSG,2444.5733944954127
YGEEYHENKVS,1716.6834862385322
EEAREVPALSG,898.151376146789
AAGKSALG,979.697247706422
YAWLNDRDSG,4056.4311926605506
KNFWLPSG,5033.646788990825
ERDEPDRVS,821.5688073394496
VSDSQYGQVA,1510.802752293578
SGYEVGREWNHD,4265.6697247706425
WDNPHSPYHVA,7892.59633027523
YWEPNFPDYHDA,9916.334862385322
REYKRERYKHRK,1049.7568807339449
YAKYALRYHD,6781.839449541284
GPNKNVSEYWH,2850.954128440367
YFLKSALSG,3882.408256880734
RPWGLQKHGQYA,6171.6697247706425
NPVGWQEPWKV,4478.642201834862
RDHFFPDSG,4529.527522935779
WLEAAQEPYS,6035.619266055046
VWQHHVG,3574.1284403669724
QDDNVSFREPV,1935.6697247706422
EWSSPNHSREVA,1883.7064220183486
LQKFQFEG,2610.4954128440368
RRNRYHVENA,2134.793577981651
WEAHSPAG,2939.9908256880735
LQKNYDALG,1849.711009174312
NAPYAQVDLS,2297.348623853211
NDFRWSGPPWV,17271.98623853211
FRYKGHNKVRPK,1327.3761467889908
GFADDALSG,2487.266055045872
WGYDADQKVLS,3220.97247706422
VRPRPFRASG,2867.4495412844035
KFNVQQFHSG,2835.394495412844
HFHGKDGPALG,2080.3577981651374
RLEEAENHDVAG,1402.7155963302753
RLKLEVQFHV,18652.302752293577
EPWFSGRNQVL,9793.743119266055
VYDWLYASG,7989.793577981652
KWSPNQDLG,2292.922018348624
ELHLWLRENKD,3592.4954128440368
KPHGYWRKDG,2528.738532110092
VFREKLYVFEH,17044.325688073393
NWRGPLG,5385.619266055046
DELYKLFPAL,7264.4908256880735
PKKLSFWKAGNL,3212.3119266055046
YRPSVEPYNDS,2394.0183486238534
KLHEGRWG,3524.954128440367
DEARVADLG,1520.165137614679
QGGAFRVS,4320.114678899083
VVFLSHALSG,15274.93119266055
FQLSYFREPYH,15291.197247706423
EAKFYDQRNL,2760.954128440367
WKQKREDGYNH,2073.0688073394494
KLVNDASRDVA,1287.0183486238532
GFNFFRVASG,13127.605504587156
AEQFVANVAS,3053.532110091743
FVGLWNSGPDA,4530.316513761468
PDANWNKAEKDV,947.1467889908257
DFDNDFNKDV,2013.2431192660551
PQWEFDVS,5760.660550458716
EHAFQHQRHS,2258.4495412844035
YRWGAGQRENHG,3429.733944954128
GYVSVQYKHDV,8813.371559633028
NKVADDVLRDVG,1451.9220183486239
WSEPFKVEWK,6886.834862385321
PKGLPHVLPWKD,4228.48623853211
NPELYNG,1932.8532110091744
FPKLANLFRYDA,8991.252293577982
VLVYGKVG,8872.977064220184
QWQALRNQENKV,2358.3853211009173
LERAGELS,1856.2522935779816
NNEWYHLSG,7054.724770642202
RWSYEYDFNALG,16248.018348623853
HVNWYVG,12885.600917431193
FFHWADASG,5800.536697247707
QAYGHLQEHVG,2583.6330275229357
RYNGELSWKRWD,9236.449541284404
EWKYNRWAGVA,5628.183486238532
PVLGKQFYLWH,19806.61467889908
NQERFYDLS,6743.1697247706425
QQGHQWSG,2695.6100917431195
NWGPSWDSG,6880.981651376147
NDRDRWLFRAG,9086.233944954129
WPNGQNHRNS,2586.197247706422
RNGDNVGYKH,2085.412844036697
EKHRFYSVASG,3531.7247706422017
RSLQKWHLG,4215.59633027523
LYDPPDAG,1892.5183486238532
DAYRLGNAS,2462.422018348624
QYHAWNSFQKH,6129.614678899083
NADNPYKSG,1479.4633027522937
QQLPYNLKS,3575.5733944954127
QSKWAFWNKDL,4500.545871559633
FFGQSFDLG,7283.348623853211
DLGQNNQFRYA,6786.600917431193
QGHWKSPYKAL,4107.894495412844
QGRVDVQEWL,4579.142201834862
AHEPWRESG,2472.830275229358
QWYFGFPYWNDV,19344.70642201835
NRDKWKSG,1402.605504587156
RFLYFKALG,16410.270642201835
KNRVPASG,1048.1284403669724
YELEAFKVLG,8655.174311926605
LPPNPNHG,2265.293577981651
HWVRRPLG,7840.935779816514
YPEWLWSG,12585.98623853211
HSQPSQDGRPD,1412.559633027523
EWPRSGDG,2306.119266055046
FGWFHGWNKH,9130.06880733945
HLPRHLQYKVS,5669.848623853211
KKAGHAHDL,1305.7385321100917
QLWGYDQYSG,9497.605504587156
NPWDLHGALSG,5507.032110091744
HYPVPHG,3489.7752293577983
RKKDSPGRENV,737.7385321100918
KGNYPDLSG,1428.1926605504586
PDDKDGRPYV,2693.3853211009173
QVNYSFHDALG,6475.678899082569
EPRHHRWKALS,3150.9633027522937
YYQRGRSG,3181.169724770642
EPENRHLFRWHA,8743.91743119266
YDVGFASDVPNH,5136.715596330275
HVANGFYLQPD,13659.449541284404
SQWWVREYWN,21335.07339449541
SSPWNPG,4006.6880733944954
NVWNLPSQWH,12995.642201834862
GKGAPVG,1153.51376146789
YKLVVLGYKDL,19752.0
HRREQNDL,1581.9036697247707
RDNFRHGKLSG,2318.2522935779816
DFHHSRDVAS,2167.3256880733943
HRYWKSPGWKV,4995.839449541284
QHGHNQRNKHDG,1499.1788990825687
GEALQADLG,1569.151376146789
QRGSDVSFD,2449.637614678899
QDEGRWAEPNKL,2647.4266055045873
RVQNDFPFNLS,8860.995412844037
LGRHYLQYALG,11289.738532110092
NFWLQQYVS,16487.75229357798
RPLGFFWSWH,35221.2752293578
HHDGVRNKDA,1569.3761467889908
LHDNFPVAS,3235.5
AFPESQYKDAL,2043.211009174312
ALRVLFKGDVAL,21643.54128440367
SGEEQFREPHDL,2339.2477064220184
NRRNPALS,2438.0229357798166
RWAYNAPKGEYD,4008.256880733945
WYHHQPKHDV,4448.770642201835
WWQFLFRDVAG,21561.770642201835
REPGYFAKASG,4285.963302752293
FKGNWKDFRNHV,3999.4816513761466
VWQYGYLG,14866.302752293577
YVGANVEYHAG,4670.977064220184
AWKAFFREKHD,3611.412844036697
AENNGWDALG,3353.8669724770643
VPFHWDVALSG,6964.770642201835
DNKFKFKG,1312.3899082568807
YQLSPDNHG,3146.733944954128
HWDPGELS,2674.7155963302753
AGGHVKLSG,1823.6284403669724
WLRDQEGFWHAG,10814.614678899083
LGNHPWPDG,5969.114678899083
NDAYVGEDGFKD,2999.761467889908
VFDYAYDS,9019.091743119267
YLNAQYASGEWV,9007.605504587156
ANHQLEWKV,3125.623853211009
VLDLAGQFNHV,6163.917431192661
WGHQDSKHDL,2713.7201834862385
VLKDYKAFHVL,5400.229357798165
LWNLYFNHDLG,15060.036697247706
VERSRWSG,4463.899082568807
QYVKWKANHG,2928.9587155963304
HLHQQENKHG,1372.967889908257
ESLAQYDVALG,3007.0045871559632
ELGKALFVYDG,25585.8623853211
HDAYHDEEWNKH,2725.4587155963304
SPQDYKALS,1295.105504587156
NPDEGWAG,1899.0963302752293
YHQDWAYNLS,8856.752293577982
RPPRSWKLSG,2912.733944954128
SAEWVSGSG,2095.52752293578
QASGKGYAEYA,2019.0
GSKGELS,861.2798165137615
KVAQPVQNRPVA,1244.0412844036698
EVEFRYHWKHD,6497.385321100917
NHAAYNKAKHDS,1261.2201834862385
NYFNVVSG,7160.220183486239
PEVFAGPALS,7435.784403669725
LNQWQHG,4720.371559633028
WYNSGSGWDVL,14581.963302752294
AFAQANLSG,2667.1926605504586
DGPKFKQKSG,832.0733944954128
PANVKHEKVS,868.697247706422
DLHRFRHDVLG,5892.252293577982
DELGWGKHDS,2434.435779816514
LFGLVASG,6414.600917431193
KLASGWVPYWH,16419.72018348624
KAWFQEYG,8120.261467889908
NGQALGYVQWVS,13974.862385321101
FADEHEYKHD,2484.8256880733943
EPRWAGHRYV,8748.188073394496
GPWDRPYKQEK,1818.1834862385322
PKGSQDEYHDG,1262.3119266055046
DQLHNHSG,1771.5045871559632
PGVPAWALG,5363.90366972477
NDNVGGQYWKG,3600.238532110092
SRHWVPNVSG,4497.931192660551
VFVKHWHALSG,8671.215596330276
KQLEEWKASG,1048.6834862385322
FQVKKVAS,1735.5825688073394
SASDNSG,939.5733944954128
WQAKLHLG,6007.298165137615
HKRYVKLSG,2507.5963302752293
YSNNFYHG,6936.729357798165
VFSNRNG,3063.211009174312
YPFYFENHALS,16194.683486238531
PQDHWNAG,2767.605504587156
DLKVLVFHG,28790.229357798165
VSNAWQEPNKG,1844.605504587156
VNGWPWDSG,6936.94495412844
LKWFDAG,5246.8302752293575
YPHSNHWALS,7225.197247706422
GVWLWSG,18462.72018348624
DKAEQPWVLS,2513.545871559633
EFADQFVAS,3913.9266055045873
QSWSKPWHDAS,3909.376146788991
RDLGFQQRHS,3933.8440366972477
EWKASSGWKFKG,2968.091743119266
GFPFKDEDV,2279.711009174312
SEFWVQDLS,9648.30733944954
RSLNNHVAL,4123.128440366972
EVVFNKSPDAL,2519.8256880733943
VGFAHDLFEDG,6353.532110091744
RDGNDWHLGDLG,5099.724770642202
DEKAFLQDG,1600.573394495413
WKWAKEPYWN,8272.697247706423
QNHKVPNGFKHA,2082.4449541284403
QHNQSWHDV,3477.8119266055046
PGDSWGYVSG,6167.151376146789
KPLWGNDALS,2632.798165137615
KHDSDLRAFVG,2910.954128440367
LEDKAPAG,1076.9770642201836
RWDVQWKQAFYH,15070.440366972478
NNKSHNLG,1610.894495412844
LKSQEWFPVSG,4355.6697247706425
KAGGQHDLFPYK,3591.646788990826
NYNRLEKDLS,2213.0
PRGEKWSG,2006.366972477064
QALSWQEQYNVA,4092.4266055045873
WHYYYHDALG,8940.142201834862
NAYNWKLSRKDA,2923.5091743119265
DFNDPVDALS,2105.3256880733943
VLGYNEHFENKS,2675.7798165137615
LKLNFVSG,8702.45871559633
HLDDAGFG,5281.307339449541
PQEWHLGVWLS,25317.5871559633
VYPVVAG,3916.5229357798166
HNPFALG,6977.922018348624
LAFEAKG,1828.9633027522937
GLYQKAG,2365.6422018348626
FWYEYNYDSG,10253.38990825688
PGAHKHSG,1330.545871559633
RDWWALNKHA,6240.793577981652
WGHLSGWDGKVG,7302.376146788991
YHEGFAYHAS,7272.926605504587
GFAKEYVLG,5479.587155963302
NNGNLASG,1475.9357798165138
PSDNYDVLS,2898.9266055045873
DNKYAFYWKVS,7342.899082568807
YPQRVDLSG,2708.302752293578
DHVRKWDVAS,2096.1605504587155
SRVHGYALG,5945.4908256880735
FNEQDLRKDVA,2085.8348623853212
QLGFHLFWQYL,19200.949541284404
VAVWFKVSG,17481.70642201835
HVSGEFYLEPKG,7995.068807339449
KHGVHGPDAS,1125.3394495412845
GEENAEAG,785.4724770642201
WDYFHSGWDS,12420.380733944954
NVKEEYVG,1239.0229357798164
LRNNLRSG,3155.623853211009
RAADWDASG,2234.7247706422017
GQRVAKSGYDVS,1924.788990825688
RKYGEPYWQW,13193.967889908257
YLRRYLQWNVS,9622.564220183487
GNRPAVSG,1484.408256880734
LENVNYLG,5501.05504587156
ALDKGRDVSG,1181.5504587155963
YPNHQNNDAS,1413.6376146788991
PRQHESG,1217.5
HFEFAREPWV,16300.559633027522
EPWAAFENPDVL,6083.95871559633
AGHGWDVPWHG,9042.321100917432
FFEEHLGNKDV,2855.211009174312
WRKYAGKLS,2861.683486238532
VQWNNQPYWNVS,9397.646788990825
ALYRQYNDLG,6767.733944954129
FDQGSGQENKL,1171.7385321100917
QEASPRNVGPK,855.8348623853211
VKASKHFDVAL,2550.137614678899
FASWPDRWNL,15647.51376146789
YREYNFKQYD,5681.536697247707
RLKDSYWSRDLS,4903.807339449541
VANLDGYWHS,8587.770642201835
WSRHKGQEWD,4944.5504587155965
VGHDGPFPYWDA,14868.550458715596
WLNRFPAG,8490.908256880733
VPVEAYVASG,1760.4587155963302
DRPRNKHPDALS,1124.6834862385322
SQDGFDREKD,1177.091743119266
NLQEAGEKQPYV,1745.5779816513761
RLDLWNVQHDL,7440.885321100917
GAEKSNVSG,669.0688073394496
KWDHGWSG,4238.577981651376
DDRGQFRENKL,1665.3165137614678
NRERFRWNKHD,3173.4816513761466
YSQFVFHGYDVL,26322.39908256881
HLWNDEPGQFDV,4765.733944954129
DQDEFEPWNHG,2298.233944954128
VNFYSLG,8954.862385321101
NNGRPVQRSG,2117.683486238532
DRNVAGAPWKS,2276.3440366972477
PLADFLG,4929.811926605505
DLYYNSYNKHL,6931.027522935779
GQFGFDPVAS,5587.573394495413
LVSYWWKDVS,7908.559633027523
HYNHHREPWNG,4543.417431192661
RLQVASPAWNKA,2916.711009174312
DFQNVRLG,3935.0825688073396
RSWWKAYKLS,5666.752293577982
KPKVWLNKHDVA,1456.394495412844
HKGHVVLSG,2065.5229357798166
YPGRGFRSG,3921.123853211009
VHFKHQDVAG,1735.6100917431193
DVRAKVSNLS,1557.4633027522937
APRVWAG,2386.0091743119265
DSEPKWLGNDG,1452.3715596330276
WNRYPNLWKS,7554.45871559633
YQVEQWKVSG,2524.8899082568805
PQEDHGQPHG,1657.9128440366972
ARYRREKHVLG,2277.9908256880735
ELWPEYALSG,5622.220183486239
QRFDPYGPYKDL,6931.54128440367
HFSDDSG,2049.4770642201834
KGYAQWAYVLS,12891.688073394496
YVAVSQLFWNA,16038.784403669724
LFDWLYVG,9826.321100917432
EVVQQFLG,2662.0550458715597
YVPWWAWKHSG,9899.114678899083
LVGEGAG,1084.866972477064
NKQANHNKG,694.8256880733945
LEGHGYKSG,2162.733944954128
GFWFYGKDVAS,7898.233944954129
VPKANLPYHG,2458.711009174312
SFELFESYVL,31957.128440366974
LFDGQLFRLS,12283.04128440367
EKAEWNNLSRWL,8997.477064220184
HRPPKQFWNDL,4250.463302752293
VKAGRRNALS,1368.940366972477
PPYDKHNKHL,1492.866972477064
NRLENGLG,2444.1146788990827
KSLNRYSG,2812.4311926605506
PLKNALSWVALS,8252.29357798165
GYDRRYLG,6264.692660550459
VEHYHYKG,3016.5412844036696
PNNKDEFEYH,1781.1926605504586
RHGKEPVRPNAL,1781.7155963302753
KWHDKQKHVA,1218.1422018348624
SVQKQDSG,756.8394495412844
VQAPHVYG,3411.353211009174
RGHNFNKALG,2558.587155963303
KHQEYAWPWKHV,6467.807339449541
WQGWRELSG,6970.307339449541
VHLQGDAS,1286.8256880733945
AQANYVG,1767.0275229357799
NKNEEWHVAS,1450.8761467889908
PAEAWHLRPNSG,3756.4174311926604
YVHYVGEPNHDL,5877.8899082568805
QQYSPWQWG,12549.151376146789
AGNVWARYG,8633.683486238531
GQDVRQFPS,2252.830275229358
HYNAQAFAL,7331.788990825688
QEGFDGFVFRPV,18456.380733944956
WRVVGWKVASG,7921.793577981652
FFLDQRDS,3282.52752293578
SDVDYNLG,2266.922018348624
LDGNVNDSG,1732.1926605504586
VSSHHSG,1427.9495412844037
FEDPPYWAFEPH,7551.605504587156
LKDKLHLSG,1479.0688073394494
GLRWWVASG,11032.564220183487
HKGLRDSG,1228.9495412844037
ENFPEHDGPNDV,1486.8715596330276
LYDAPNEHSG,1972.1284403669724
KLFRVLSQPKRY,6782.233944954129
EGQSRQEVS,816.3256880733945
NQHKSYVS,2005.5091743119267
YNGYRYNQHL,8570.756880733945
AQYESFEKDAG,1472.3899082568807
FGNRNGWVG,7301.353211009175
AKYNYVAS,2660.701834862385
AASNWVLG,4368.995412844037
DVQREWQWDVLR,15540.912844036697
FQKQKHFHDLS,2812.4770642201834
NQQPLQLSG,1957.6926605504586
QLFDVAPAGNL,4612.0091743119265
KQYDVYSEWKS,3671.151376146789
YRKDAHARPNKA,1274.1605504587155
RHYNWKSGPWL,11613.220183486239
NKRNSELREDV,1128.7431192660551
QGVYYALS,18612.371559633026
FYDFDSGRDFSG,5637.082568807339
QQNDHSRNVAL,1985.2522935779816
RQEFWRYWNKLG,8488.454128440368
PYQNVRELSRHD,5197.518348623853
DFLWQPVS,9001.06880733945
SENGFPGPDL,3963.045871559633
LGLPQYVLG,11119.38990825688
YRGEGWAG,4345.821100917431
RWVLDSWVENK,8338.912844036697
QLKFWVPYKHVA,9684.963302752294
ERNGLSWKHD,2459.261467889908
WEPNHNQFYNH,10541.90366972477
LRDNDASFPALG,4160.100917431193
HVRRGQYLSG,5005.178899082569
NQWDQPDLSWNG,5902.793577981652
ELESPVHVSG,1839.0871559633028
YVPRSRKASG,1614.059633027523
YSGLWKQDG,3321.4174311926604
DGWFKHSEWVLG,10868.981651376147
ARHDPQEWVS,2502.293577981651
QEAGVAQWVWDS,5326.022935779816
PGEYHGNWKHAL,6089.683486238532
ENGHLKHEPKV,1014.9495412844037
YEGQQPSG,1775.7798165137615
SPGEKEVG,702.4449541284404
YAVNNKDAG,1508.2155963302753
PVQNHVPHRKG,1712.3302752293578
DVHRPVNKHDL,2259.091743119266
HQFNSWARPDG,6094.362385321101
DHNALGG,1656.3440366972477
ALEPVARKDEN,895.8348623853211
WNEEQFNHDVL,7427.293577981652
HAYSFAQHDAS,4354.339449541284
GEARGRNKL,1270.045871559633
DGEWQWQPNHS,5738.559633027523
SNSQWGWAS,6458.9495412844035
DYNAWWNKVL,8035.8302752293575
NVLHEYWHSKH,5941.935779816514
WEKKNHVG,1889.1743119266055
QHQNYNKSRPAG,1733.3532110091744
FEDEREGEYHDG,2006.848623853211
NSREEKVAYND,1716.573394495413
WLPKEWGKVAL,5844.036697247707
LDARHDANKHD,1679.0825688073394
EYPNLRVFWKV,18913.857798165136
YGFAGSDLG,5081.362385321101
AFGKFWLG,10198.444954128441
LQGEANSG,1125.665137614679
GKAFKHSRWDAS,3065.8715596330276
RVKVADLFRWN,7435.954128440367
RNAVGEAPYDAS,1772.908256880734
LQRDGDVQHV,2368.1926605504586
FWSVRYAEPNS,8365.09633027523
PRFVVLG,23991.75229357798
YFRAPYLFKVL,18955.449541284404
EHKNEKSG,740.5871559633027
SYHNFDLS,6155.504587155963
YPVSRRNASG,2409.1880733944954
KLDVWAQDVAS,2086.559633027523
AFWVQFEPREVG,13866.08256880734
REVSRFPKGEWV,3731.770642201835
QHHNEYVSG,2381.169724770642
LAFKQLG,3909.5091743119265
KQNHKVEKAG,657.9036697247707
AWGGKASG,1850.3073394495414
AFHNGFYWKVG,11630.495412844037
LEHPSPHSG,2712.756880733945
WELQALHG,8846.504587155963
QFEVKHENVRWH,5229.871559633028
WLWAHVRDAS,10722.59633027523
YDLLHALPNH,6477.857798165138
PAWEWPWNKVLG,10736.220183486239
RQVNNHVALS,3297.0229357798166
DEPPWGFRYDG,11612.871559633028
GEEEPSG,897.9724770642201
LPQSYLG,2997.587155963303
ARADGDSG,1218.3761467889908
EPKYENDGNVS,1178.8073394495414
DSNFNHARKH,2024.6788990825687
HVLGVRKYAS,5925.527522935779
RPYGGHASEWKG,3619.2844036697247
GDFDDLG,2943.1100917431195
ENEQYKVQWNL,3948.137614678899
YEWEQHLG,6911.160550458716
QFYNVYEPWVLY,30029.155963302754
LSLWDLKHDS,5622.426605504587
VQQWSWVG,8987.229357798165
DPYRFWNHDLG,8368.247706422018
FEYAKHDPHVEY,4802.577981651376
VPGEVKVLS,1409.0366972477063
YQSFFNLG,12121.683486238531
QHLVPYNQPN,3827.8119266055046
FEWLNDAQGQFE,4530.926605504587
FDSPFEVGWKS,4485.743119266055
DKPWFEL,5995.165137614679
PARPPVSGQHG,1606.7385321100917
KHDSKHDFEFYW,8346.045871559632
RPPRYDVKHVG,3130.440366972477
PWGASRALYDVG,11125.174311926605
VAPKFDQSG,1271.7752293577983
WWGYNNVSG,8685.862385321101
RKVPELGEYN,1706.8853211009175
ARVRSPDG,1506.6238532110092
KEQPLHLG,2322.5504587155965
YWGWYHAGYWA,15936.637614678899
QDPEDQEPKL,880.8073394495412
WDQVGEGFKAS,3162.52752293578
KHFDREHVEVG,1675.032110091743
KFGAVSG,1982.8440366972477
LSPYWYLYNKL,13800.830275229358
HVFKAHLNLG,6828.467889908256
YRDRGPDA,2582.3990825688074
FSPNAPSFEAL,3148.4770642201834
FKQFRHGNHAQP,3475.738532110092
DQGYNKYLSG,2570.5688073394494
PWEEGQKVASG,1918.5550458715597
LENSLFNHS,4550.298165137615
ESDKYWLSG,2084.6330275229357
PRWHRGEYV,6842.311926605505
FYNVDQRVGWNV,9069.045871559632
NLFAPVWAG,12900.628440366972
YSKQLEKSG,1340.4816513761468
PQRWYNDEKV,3800.3073394495414
DRVNLKHVLS,3352.3990825688074
GRHYPYLG,9304.62385321101
YVSEYNSHLSRV,9161.93119266055
NANHKALYK,2405.348623853211
VPHFESYWDLG,9272.20642201835
KDALLSRAPWHD,6112.454128440367
DHVEDDVS,982.8761467889908
WFRPQEKDLEND,1752.7201834862385
KRWNEHSPVLG,2876.119266055046
AFHYPYSG,8097.8302752293575
VEFLSPG,6064.743119266055
EDVPFHVFWKH,7600.224770642202
PHNNYNLS,3301.435779816514
QKGAFNGPKVA,1314.440366972477
PDSPNKLFWHRK,3362.8348623853212
KANGFDWNG,3123.5504587155965
RPRSEPVFAS,3471.8348623853212
KPVAGHSASG,1055.9128440366972
SLWHVYLG,18632.56880733945
YSLVNHASG,3280.793577981651
NGRWFHFWNSG,15995.412844036697
ENNWNKLRKD,1554.0504587155963
PAQKPNKHGKD,719.4862385321101
VRLAGYSG,5723.5504587155965
WQESDVYAG,5828.747706422018
DREGNVRHDSG,1700.0183486238532
HAEYKFYLGNVL,14336.720183486239
KAWWAFPYKVL,18115.183486238533
AEPGEVQSG,1049.0504587155963
NGFKPKAGQRYN,2763.394495412844
SDSWRHSG,3314.8669724770643
WHPQKASPWKV,3621.6926605504586
QYSPKKSGPL,1679.545871559633
FRFEFVSYDLS,26704.20642201835
KDSQRPGDLSGF,2181.6559633027523
YENNGFHDVLG,6292.5504587155965
WWHHPNLSG,8126.481651376147
KSYYVRWNDAS,5373.720183486239
QYVENAFQWKDG,5917.568807339449
AVGRQNG,1646.8853211009175
GNQFYGQVAL,9406.495412844037
NLERLGEWNDL,8415.08256880734
LGYELEPYNHDL,8298.504587155963
GWGELNSG,2969.729357798165
FGGNQYVG,3974.178899082569
PELFNSREWNH,6772.912844036698
WPAAVAG,3122.02752293578
QVDWYNLSG,5500.238532110092
HNLSDEDVL,1903.7018348623853
PEKSNQFEYK,1539.8211009174313
FAEGNASKDVS,1518.9633027522937
RRYHLEFALSG,11091.004587155963
PYPVRHSRDVG,3380.967889908257
WHNHGSYSG,4899.344036697248
NLQAFERYKALG,5663.224770642202
KRWDAPDPYKL,3972.0412844036696
YALWKHLEKGPY,6117.697247706422
VFSEWRWKDS,5339.3302752293575
QDHVGDVQRA,1450.380733944954
GDQHNSG,1269.5642201834862
PEWWWKG,10793.880733944954
RHPFEPADLS,2226.362385321101
DAPYSPGFPDVS,2974.0045871559632
FLGYHLRNGWHS,9908.614678899083
QPPFRVFLS,41764.7752293578
NNAGFDNHG,3340.408256880734
DYYVGYLSG,16509.839449541283
GELWRDLS,7750.215596330275
GWSHSEVSG,2426.2844036697247
WPHREREPYNVS,4264.261467889908
VDKLASG,1258.4908256880733
DVWKEVLFVASG,32698.97247706422
ADFYKWAS,4365.522935779816
EQYRWQFREWA,11683.142201834862
GKLFPDKVAG,1547.3990825688074
VGSRRYDG,3122.376146788991
WEREWHNG,7626.614678899083
RGEFVSFYKL,24303.142201834864
RLEFSGEPNKG,2195.9770642201834
HYAKPAG,1813.559633027523
SRWHQGQEPNS,1820.4449541284403
WLPGEHAEKHDS,1708.348623853211
PRAAYVG,3648.197247706422
HEQVDVLG,1829.7568807339449
SSYSQRKHDVSG,1392.9357798165138
ESVKNVSG,627.8853211009174
HFSAHDALG,3368.912844036697
NFYAVAQFNS,14210.577981651377
NKANQWHVQEV,1912.2431192660551
PAQLLQEPKDL,1328.9449541284403
PYKWQKHKHDSG,1722.6422018348624
RWLYGQNGFNAG,7380.064220183486
PDAQPLYLEPY,8478.98623853211
LNKQNEHLSG,1281.834862385321
RHHRFKLG,2802.6330275229357
SVFHNDALG,3379.935779816514
NGFVPSFEVS,6416.834862385321
WLYFSEVALS,30591.591743119265
PYAYAGEVAENG,2329.045871559633
VVQRNLPVLG,3795.8899082568805
KHPEKHSYALS,1254.7660550458716
QGDPSFWALS,5643.311926605505
PDGWVYASAL,16555.954128440368
DLWYKGPHDVSG,4185.715596330275
GRQDWDASG,2018.7385321100917
AKWSDLSG,2062.302752293578
FWHARWVAYVW,27984.110091743118
VSNYFWHG,8002.380733944954
AQPVRPNLWNA,2879.669724770642
SHNSASG,1027.6009174311926
YNGKHAEDAKDG,783.4495412844037
WYALSLQHDV,9962.339449541285
AYSWFYLG,12913.683486238531
KLVYDVVG,6789.059633027523
GDLRESDALG,1168.6009174311926
EGNKGQYFDS,1689.9908256880733
RRQRYGWVA,5396.435779816514
NGFRGDAPYKLS,3863.2477064220184
EAPLAQEKHAL,757.2706422018349
PRQHQASG,1046.2981651376147
DPAPHELG,818.8807339449542
RFAGPKPWD,5961.311926605505
LFKDVQPNDEWG,2637.321100917431
PNADENAWDVG,1691.1284403669724
KESADVASG,659.8577981651376
GEFVPKG,1773.967889908257
GWVRYQENKA,3706.8394495412845
AVGEFAG,1468.5366972477063
KDNGDVYWNHD,2862.4954128440368
EWEQQFPG,4628.90366972477
NDNPNKWDVLG,2594.243119266055
YQFFKDFDVAS,6485.857798165138
HAAFEHNDAS,1917.0504587155963
RYDDHAFYWVL,23843.16513761468
EGVLEDRWKLG,2288.876146788991
EGWDSAGVSG,2091.467889908257
YRNESRYHDVL,5486.477064220184
QEHPWVQRHNDS,2358.9174311926604
VNGFWKRAG,4389.440366972477
RKGLWVGEL,3898.0733944954127
HREAWQYNDVS,4871.380733944954
PNKYLHAGYAG,4681.922018348624
FGRGSEWNHVS,4247.316513761468
GWYWKQG,5178.316513761468
DYGAFKSG,1783.6467889908256
RHQSANKDVS,859.7706422018349
RQGWVPSG,3125.922018348624
HGFLGSRYWND,11718.366972477064
LEHFQFPWNKD,7131.853211009175
DLAEKRNSG,857.4311926605504
YDAQRQGQRYA,4539.334862385321
KKLWGPHVL,4583.954128440367
RSRDYSWNSG,3421.880733944954
YQRDHSPWHLG,7718.880733944954
HPHFLEYNDV,6106.917431192661
LRRYWQSG,5743.90366972477
PDPSVAQFPNH,2042.9036697247707
GSRPFSG,3344.6926605504586
HHFHYALS,7684.605504587156
AELVQEYS,2773.853211009174
FAHLAGYHLG,7885.5091743119265
NWLQNRKS,2680.4495412844035
LVYWRWG,15913.47247706422
VDGDEVSG,1396.6834862385322
KKHHAWDG,2104.816513761468
LNFQVLSG,6831.275229357798
ENNRKHVSEPV,1046.0779816513761
NEQHVDLG,2007.4311926605506
LFYFAQEPNVA,6881.4495412844035
NVSDLPWLPG,7565.8302752293575
YNRGGFKHASG,3126.9311926605506
KGYNSGQFWEYV,13675.12385321101
GRYYSGEPYNKA,3796.0412844036696
RHKRVQRPWH,4485.935779816514
LRGHEPVG,1953.7614678899083
PWKDHDRWQEH,3544.3899082568805
EVHADAPWNLS,3051.4908256880735
WNWYFYLG,12958.857798165138
DYDLGQELFWVS,14223.811926605504
RYLNEKDFRES,2448.4311926605506
RRKDHVLPWAL,6720.344036697248
ALGENSYFDAS,5402.793577981652
GYADFKVS,3466.5229357798166
YHALHGQDQFVS,5557.995412844037
VVAWLHALS,14335.637614678899
HSRQGFKHDVL,3591.5412844036696
VLLFSGWLG,30991.091743119265
DSHWSWAL,11110.344036697248
GALWVEDSG,4907.206422018348
ALEGKFPKVSG,1890.8577981651376
HLHFDSEPYKV,6409.821100917431
GWKWFWKS,8852.490825688074
ERVFPWVQEYLS,14298.334862385322
SPHEKKDLS,1010.302752293578
PRYWGWASPWV,28383.19266055046
NNQHVYLG,5754.784403669725
SEYWPALGEKLG,4438.04128440367
DFPVWLGYNHS,10799.174311926605
KNNPHSG,1238.211009174312
PESNDYLSG,2258.5504587155965
VWFQEHDVAL,9719.825688073395
AQGSWNDVA,1786.9357798165138
AVANQKLS,1171.380733944954
WDNSDVPWKHD,4815.362385321101
KKFNFKVLG,1850.3577981651376
AALKAVSG,1468.0825688073394
VSDLNFNKHSG,1834.5412844036698
RRAWRNLG,4081.362385321101
WESWRHAG,8647.215596330276
DFPRDGPWKS,3375.9311926605506
WAPVWGYKHA,9654.220183486239
RYLAPNGQYALS,8940.045871559632
RAWGHHDVAL,6401.995412844037
EARPKGEARNH,1072.7660550458716
SYDQSRKDLSG,1562.1788990825687
EERAHVLSG,1734.01376146789
KYWARNGVAS,3186.032110091743
DQVNDFPWKDV,2631.5137614678897
EWESKHGYWNH,6334.995412844037
DRVKSFES,1231.4449541284403
LRKKPKASG,730.0275229357799
HSLQFKQDG,2108.940366972477
LKDVRPLNLS,3094.8990825688074
EGEVAPKHQPHL,1863.591743119266
PVPELSFNKD,1846.4128440366972
EHEPKYSYKHS,1404.711009174312
SHGYANVG,2901.7201834862385
RPQEALANALG,2694.6009174311926
KHGVKVQFPYK,2622.733944954128
EFARVFEYHLSG,18396.660550458717
QGQVLYGDVG,5377.848623853211
FEPFDLQPVLWV,38928.35779816514
SRHHSNHALG,3042.5412844036696
KVFDVNGENG,1518.802752293578
PFPLYSQPWNVG,13198.729357798165
WPWRVQEYWLS,35022.99082568807
KDQWEYDQWNAG,4116.706422018348
QDEWDGKAYDG,3265.97247706422
VDSSWVALG,4983.954128440367
PFSFFDLG,24935.940366972478
EWAHQREKDRKS,1255.894495412844
LQGPEKSG,830.894495412844
PYVEHQNKDPVG,1526.091743119266
WWEHNHG,7273.559633027523
SQQHVKSG,1097.0091743119267
WDRPNGVSGL,3600.8899082568805
WWWAGPG,15639.270642201835
DHGERAG,1235.197247706422
SGYFLGPWDA,17802.88532110092
WAEGHQFHLSG,9110.224770642202
EDPHEWDVRKHD,2136.7201834862385
PSAEGFAG,1611.4036697247707
FLDQSPYWNHL,13214.233944954129
FHAHWALHLS,15478.788990825688
EYHNVNQFRHAS,4923.784403669725
GWQAFWLSG,21133.94495412844
ERYEVGPYKHL,5008.9908256880735
KAWGFYSRHD,9687.908256880733
KSWHNFYKDVAG,3882.821100917431
QLNFPQFRYG,15157.949541284404
VENKAFYNHDYW,12312.628440366972
WRQHHDG,4349.633027522936
DQYQNGFWALG,11537.894495412844
RPGGPYGREDAL,3381.183486238532
EHYPYWRDG,11286.197247706423
RADFQKDVLG,2233.201834862385
GPVFQFASG,8184.091743119266
WGEYDENWNG,7296.853211009175
WNYYRPWNHDL,18180.5
PQHPQWHS,3798.9495412844035
VPDEPYSSG,1448.0642201834862
PVLKLGNHFEWS,12802.178899082568
VEVENEPVLG,1822.467889908257
YPKVQAFEYWH,11120.30733944954
EFDSKAQKVLS,1184.3577981651376
EHDAEGGREND,1028.8165137614678
FFVRQEALG,5314.477064220184
KWDADGQWDA,3617.0688073394494
RWPNNAFPKH,4912.064220183486
YEAEEDLS,1721.394495412844
NYVFLWAG,31523.091743119265
NHYYENKHDVL,4887.266055045871
ALNWRHLG,9010.050458715596
EWANHSRDVQFH,6761.155963302752
NDPNFYVAEPL,10154.58256880734
VFPQQRDLS,2601.1146788990827
SEGPDNVG,1540.3165137614678
PRHQWSRPNHLG,5493.834862385321
AQVGQHSWNHD,3420.091743119266
NLKWQHVLG,5765.334862385321
RDQVWEPHSG,3418.6009174311926
KGFNLQNQYNS,3464.0
KSDWHDKLS,1396.2981651376147
LVSFGKLG,6102.174311926606
RYYEGFRPWKVG,8541.220183486239
PSHQDFPYNHV,4569.720183486239
QRFEEYYLSG,20992.08256880734
RAYNGRGREKAL,2029.8119266055046
ELEGWHFPYW,29043.922018348625
EKRFLQEDV,1919.3532110091744
NHAVVFPYNLG,17222.79357798165
WHKSSFRPDG,3972.6559633027523
LPGNGRVA,1691.2431192660551
ALDLHVAEA,2205.3440366972477
NAHVNHPYWND,7458.706422018348
YENKLYQEWK,4350.582568807339
WRDLASYWLG,18617.54128440367
SNHWYLSG,10055.20642201835
RAWPHFYKVA,10141.009174311926
GYYGPLG,8338.587155963303
PEYPNREWNHL,8663.724770642202
PHLEWQYREPKA,5160.123853211009
NKSWQNDYWKH,3992.440366972477
HYWESPKG,2989.201834862385
QKFDGEHGRV,1831.6697247706422
YGYHYVRKHSG,4861.798165137615
GPKHGLKHSG,1190.2247706422017
FPYDVGREAAQN,3714.683486238532
AHAEPNVDL,1364.98623853211
KYVNPNSG,1838.8119266055046
DERKADLSG,796.7981651376147
KSGSQNEKAG,626.3669724770642
AEHSLQRDLSG,2013.7660550458716
WDESFEDFEKAL,5816.922018348624
YSDHFPAG,3694.5825688073396
SNKGFLWHAG,6386.715596330275
SALNARAG,2079.8073394495414
QAVGHDLHDS,1715.1926605504586
GWAEQASG,1711.2798165137615
RKWVDGQEPKH,1626.440366972477
NVELARWNVAL,12595.247706422018
AVESQSG,930.5
NKSQQFHGQHVL,3297.3073394495414
HASWRWKLAG,6395.600917431193
QYFHFNDGPNA,5196.811926605505
WNLKGRNKRPW,6370.862385321101
NDNGGRWKDA,2135.7844036697247
DPLLSYLSG,4642.05504587156
SHAWGDSG,2843.2155963302753
HFGVGYSG,6571.059633027523
QAGYGYLRPWHV,16817.16513761468
RSSVKHSG,1218.2018348623853
LLSPESG,1850.9449541284403
GPLPHRLSG,2429.9816513761466
FAAFNDVPNVA,4094.2477064220184
QHKLHDQFALS,3514.6605504587155
VNPHDDVAL,2327.8669724770643
YHVAPHEYLQNV,4386.435779816514
AFNYYVG,10363.944954128441
HKADHLS,1398.3073394495414
PSWQAQYHALS,8014.0
FRPDQRPHQNSG,2040.2293577981652
EKPELYHDVS,1156.7385321100917
QPPRWASVALS,6070.353211009175
QAVRKLHALG,2994.697247706422
YRWFQYHALG,13329.100917431193
NYQSQNDG,1913.7385321100917
AWLFVAHALS,28403.454128440368
WKDWALDVSQRW,14088.29357798165
PAPRLFRPNALG,4041.105504587156
PSYYQRHS,5366.8302752293575
RGQRWPDWVLSG,10427.688073394496
YYGLYASG,4603.678899082569
ANGPHPKAL,1945.133027522936
RYQLNVQKVALG,6272.128440366972
QPPQEHWAG,2258.8577981651374
VQAWFPVSG,8020.1100917431195
PQLNPWLG,10227.169724770642
KRGKWLG,1686.133027522936
LQHAFADALG,4684.114678899083
SPPSKDAG,857.1651376146789
QPKSYSRYSGA,3416.7522935779816
ASSWWLSG,8775.862385321101
LVPWSVSG,7305.504587155963
QDKQALWNKHVL,2490.5733944954127
QNESNKDLQWKS,1600.7293577981652
SEYYFESG,7526.243119266055
NYFRYRSG,6673.504587155963
QKLEKVLPNVLY,8840.995412844037
HDPHWHSKSG,2280.091743119266
FLWYQWSG,8231.853211009175
WDAGVSYKQRHS,4058.321100917431
EKAFARNGFKA,2264.091743119266
GFNYVRYHAL,15586.146788990825
SYSAFEYWKD,6298.559633027523
PDGVAGEFYKH,3386.183486238532
GVLLVLSG,43954.880733944956
VQQYKQWVS,4226.9495412844035
ADYNGWDLG,4381.275229357798
LQVHRVLS,5959.146788990825
NLLRSEASG,1805.0091743119267
NAHHHDVS,1715.967889908257
VNDVNNKHDG,1230.2522935779816
DFSWSQNKHAG,2092.756880733945
EESHPVALSG,1579.165137614679
LQWLAEPALS,6751.0504587155965
FWRWGFLREYND,15783.97247706422
LVAEVPHAS,1726.834862385321
RVFNGPSWHL,13141.518348623853
NKFYYWSGQYV,13878.830275229358
EWLQGNGEYS,3363.4311926605506
QPDNAGKAGND,954.6284403669724
AWDLSAEDASG,1697.3302752293578
PPYQVFALS,16089.440366972478
EGKSLGRYHVS,2136.876146788991
QDQKDYGYSG,1543.8165137614678
QRFDLEFPYDG,12029.399082568807
YGGNDHLG,2328.408256880734
WVLQPQKARKLG,2740.532110091743
PVVVKDVLSG,3744.52752293578
YAGALRWQKS,4229.385321100917
EYFFSGVG,14177.665137614678
VVNGASG,1282.0871559633028
VWHHYKLSG,4688.701834862385
AAGDDSG,807.4954128440367
REDQQFWFPHG,7473.688073394495
SQWQNFEWNKAS,3215.821100917431
FFSKREAG,1536.3211009174313
EAQDSRGENSG,723.3669724770642
AYYDDAL,4738.293577981652
RRVDWDLG,4519.073394495413
LHLWGHASG,4948.706422018348
SRYELEDAS,1644.3761467889908
NFWRKGQREPHV,3065.1100917431195
DLVEGPNASG,1211.1697247706422
EWQVDASNDAG,1461.2385321100917
SQPAKQPYDLS,1086.7293577981652
RNHSHGWKHSGW,5540.44495412844
VDARFEWNKG,2135.229357798165
QVVLSPLFNS,11617.532110091743
AGEPGWDVDAG,2263.5183486238534
RDGKDSHPWKA,2027.6743119266055
EFFVVAS,39339.83944954129
GEKREVFPNK,1080.1743119266055
RNKYEKQHVL,1612.0229357798164
PESYGWSG,4925.160550458716
GWEGHAG,2890.3394495412845
YVEELSPYNHAG,4476.3302752293575
GPWEKLWVASG,4560.793577981652
AHLDASQFKSG,1794.288990825688
WAHHYWVG,11668.770642201835
RGQHFPDFRWS,12125.279816513761
WDDHLHDVL,8083.197247706422
WRRGYAG,5951.862385321101
RKAVLGEKGYNA,1384.1376146788991
FYSLQWDLVAS,12612.587155963303
LSKKHGPHDL,1958.426605504587
WPVDSALSG,3564.7201834862385
HVLPLRYLFVA,35818.477064220184
GEVWSDVG,4189.743119266055
LEEGHASG,1354.9357798165138
LHDEKDYG,1329.7844036697247
PPNGEQPDLG,1181.3119266055046
VKAKYNG,1084.8623853211009
PEFLASG,5066.284403669725
VHDDLDLSG,2199.9587155963304
RNHWKQWVEPND,3357.02752293578
YDFRGDVSRWV,9216.155963302752
SLGNGYG,2842.559633027523
EGAVPHVS,1293.0550458715597
GHSPWFEG,7282.270642201835
YPSDQWASG,2781.5045871559632
HEVRKSEPKL,1029.788990825688
PGYQHSFRPWKG,6170.917431192661
VSGWHEFRNHDS,4211.142201834862
EFWPHGKLG,4001.967889908257
SRRARDALS,1843.3073394495414
HKGDNHASG,926.5
HKLQHADSG,1202.848623853211
LPFLQPLG,6562.321100917431
HFAYLPHL,14310.724770642202
FSRLPYLYWHVA,16753.660550458717
YQKSYQFPNG,3810.0091743119265
QANFGEYG,3294.1284403669724
HVDYYKVL,7659.174311926606
VHGYHNDALG,3234.059633027523
HQRYAQGPNHG,2602.0137614678897
SFVVDAG,5040.651376146789
KDSFSNVRDAS,1465.0229357798164
DQSNDFVSG,1544.2064220183486
DQFSLSGFRHL,12600.866972477064
PKGFWLFQEKDS,6716.09633027523
RRLENYLS,4762.715596330275
VELLKVALG,17704.981651376147
PFKANSQWNLG,4380.045871559633
LRFHNKHVLG,5013.467889908256
RKQFFELYDAG,7245.646788990825
VFLEAEVASG,4445.752293577982
SGVWAGDVS,3345.2247706422017
HWVQNFELS,9532.38990825688
ERKWQYDSG,2239.266055045872
FSNKYWREYNKL,4721.0504587155965
FPSAFNDAFEPN,5365.146788990825
NSHDQAEDVA,1080.2614678899083
VKVHPWHG,4407.197247706422
QPVYVFRYGFPV,49629.05963302752
RGQQPAKSG,1307.8440366972477
PQQFFVSG,11253.091743119267
DLSPYRKDNKVL,1772.4449541284403
ADSYVNVG,2445.0733944954127
HFFYYAS,9983.51376146789
QWGGDFEWNALG,8180.912844036698
DLPQQPNKV,1136.0779816513761
APLWQNKHVA,2315.408256880734
WQVGVWDVAS,8525.798165137614
EGWDDVRPDV,2490.8394495412845
SHFAPDSG,2258.1743119266057
YPYDDFNVALG,8162.839449541284
FPYESGRHSKDA,2933.0137614678897
WQDNAYSG,5403.1697247706425
PPQAFRSG,2009.8211009174313
WFVKEDVSG,4236.431192660551
PGPYDQAFRK,2737.9816513761466
NSKSHYKDVG,1194.454128440367
GYRDSYSG,4505.568807339449
LPSFEDKDVLG,1680.2706422018348
HQGGHDVAG,1360.1743119266055
KPLRESVS,872.8211009174312
SWKKQYDVS,2284.4449541284403
WFFYDRYG,6298.798165137615
RAFGNVWNG,6582.683486238532
DAWVLQLYHDA,26605.577981651375
RDELHFNHDS,3436.6743119266057
QNLEHPLSFV,16680.798165137614
YEGDEKDS,1172.3073394495414
PHEYKRVYNKA,2189.261467889908
ASGQHQHLWHL,8624.41743119266
PWPQWDAFKSG,7734.4908256880735
NHVSHLREQG,1955.2752293577983
KSQEYEANKLG,1263.8623853211009
RKGNGPDGQFPK,1355.7064220183486
HEFNHNDVALG,3982.151376146789
VSDSYEHVG,1962.926605504587
WSGFLHSGLS,12665.477064220184
YLLDGRASG,3808.467889908257
RQPGSHVSG,1441.5871559633028
YEYSRHHDG,3634.577981651376
KDLNQFNALQFG,7025.688073394495
PLFNVNSQWKHS,6253.0091743119265
NVGKPSGRENHS,1283.1605504587155
AASQELWG,2815.1284403669724
GRDALFFWVS,30878.908256880735
YQGHEHG,2031.7568807339449
WQKLSDRWLS,8523.059633027522
FEWLQEPVEEPW,5760.027522935779
QLEQSRWDLSG,4929.876146788991
LWPNNDVLS,6049.600917431193
QGEGDREPNH,1294.1146788990825
YDVNEVSFKG,3225.766055045872
QRFKQRYFRYWK,5864.032110091744
FGEHKDRKDAS,1248.3990825688074
FSVGEKDPAL,1337.7431192660551
AWNPENSG,1848.2844036697247
FLDVLHENLSG,4447.802752293578
RSHSYSRPNHL,4337.605504587156
YGNPPYKHDLSG,3645.766055045872
KEYEPLFEWKVA,4364.178899082569
NYDEQEDSG,1285.7155963302753
PRFWRYDS,10410.720183486239
WQQKVWVLS,18408.697247706423
YDSQYSFYKWH,8433.09633027523
VWKQPGKDV,1551.8853211009175
LPNPRWDG,5727.394495412844
FPWPKDSPALLS,5192.279816513761
YDFEWPKVAFNL,18309.26605504587
FYWQASHGFAG,7003.477064220184
DKDVDRYWNVA,2276.201834862385
ELGNGNLGLG,2347.761467889908
PQFPWKLNKYNV,6422.307339449541
PKNEHLSHS,1365.8899082568807
KGGYYDG,3072.380733944954
RGWPDPWKHVA,6455.298165137615
FQWKPNGFWNAL,16053.637614678899
YWGDESGEKG,1790.5045871559632
QFFHEWDPHAL,11020.091743119267
PANVENPWKHDA,1998.9908256880733
HASPDLQSEPL,1312.0871559633028
APEYRDSG,1397.3165137614678
HQHDRGQPYWA,9432.29357798165
PEVLQHSRHVS,3113.766055045872
SEAYYKHDV,3077.862385321101
AREWSQDEND,1987.5963302752293
PWKWFEEKHLG,5971.651376146789
RHLDPYVLNDV,6966.559633027523
EEYPLYNHDAL,5807.862385321101
KYPDVHSG,1633.6697247706422
QGHANVAPKLSG,1403.5045871559632
DAFRAEGRENV,1755.5825688073394
AVRSVSG,2122.6743119266057
RKEFRRNVG,1505.2981651376147
FKQFQYALWDV,19297.52752293578
NPFWYDVASG,10937.614678899083
NRVKYHLSG,3803.0183486238534
QDWKEQYNKDL,1663.1743119266055
WLFFPHAREHDV,12114.752293577982
PRDEPAELS,1562.1926605504586
HHAKADLG,1406.3532110091744
HRWNHQNVQKHL,3572.2798165137615
HDAPDQPKVLQP,1617.7568807339449
LFRDRKGVLSG,2905.8256880733943
NQLDANAS,1186.045871559633
DPWVVLSEVAG,7798.660550458716
WFRFFNVAL,23031.38532110092
QGAKRYG,1765.7293577981652
KLYGQGYVL,9117.444954128441
WNHHLQVLQRYK,8751.715596330276
EEQDLKSG,897.059633027523
PWEEYWNLYV,37616.74311926605
ENESRPHPNAG,1845.1100917431193
PQYYRPYWHAG,14588.967889908257
KDDWLENKHDA,1612.1238532110092
WNKVLEAFLSW,27886.146788990827
QANPSGHALSG,1812.545871559633
APYDQVSQREW,3624.0825688073396
NEREKVDG,978.1605504587156
YGEASREEHDA,1351.7568807339449
QPPEFEPYWHV,6700.743119266055
WYDDANVLS,7930.215596330275
LEKVKRNASG,1058.454128440367
LGGLEVG,1998.9770642201836
QQVKAPSG,872.5550458715596
NAGGDVALDLG,2162.0733944954127
SDQLFYDAS,5281.527522935779
NQERDQWDALG,3471.9587155963304
QSYSVSPAL,3838.7798165137615
NLYEAPYKHLS,6811.633027522936
AQNLEAPYKVG,1874.8440366972477
KNRKRDASG,690.8394495412844
PPYPLQFSG,7366.073394495413
LVWHESG,4270.422018348624
PLLQRKPSG,2583.422018348624
LGQLYGRNL,7579.215596330275
YEKSSEVAG,1074.7201834862385
PRKDPLQPG,1233.9724770642201
KVVGRDLGKLG,1755.7477064220184
HYGERYSG,3519.701834862385
FGHERKVS,1743.0688073394494
YRWPVPNKVAL,7030.073394495413
APLSLQAG,1458.426605504587
WDVDNHDNKHDA,2327.0045871559632
GNNDDVASG,1190.7706422018348
WDLRWLFPFWN,18082.477064220184
HLDPLGRPLG,5916.692660550459
QHPWNLGDAQEP,1933.4174311926606
DRLHHDVASG,2078.261467889908
YWWGPWGWDAS,18990.967889908257
EHYQFVNVG,7000.848623853211
GARKYVSG,2279.2155963302753
YQYFVAFYWKD,25416.559633027522
LDVEWRPYNHD,7698.463302752293
EQGPWLFEDV,5609.839449541284
LQLNDHLG,3071.591743119266
DKQRGNKDL,833.9678899082569
LWVSSQNG,3624.738532110092
HNVQDFWKDL,4476.128440366972
NGHFELRYWD,27943.93119266055
RGWVEWLRHS,12432.587155963303
AWPLSNLG,6923.307339449541
KDVNHAVKHVLS,1831.6605504587155
SVNAQREPKHV,1353.6146788990825
PGGYYWDVALS,13456.922018348623
YESNLHDSG,2414.1926605504586
QNSYHQWANDAL,5003.206422018348
KSWQFWWVG,18696.449541284404
EVDAYVWNVAL,11773.665137614678
YDEKDVGYEWKH,3856.9311926605506
PFNQWFYWKAL,19576.42660550459
GYAREPQWAS,4625.417431192661
DNGQRRLG,2236.8577981651374
NKAWGRDNSG,2501.5825688073396
FPSSDFYKH,5202.417431192661
EKREYHLQVFKD,5250.5091743119265
HDPYVSPDRPAG,2390.229357798165
WFWWWKVALG,17740.128440366974
FFQNNKG,2386.5825688073396
YNARHVSASPYH,6603.334862385321
YWFFGHSG,5616.720183486239
VHWVLNLG,13767.729357798165
YVFDEPYLQEPG,5801.073394495413
RYFDEKLSAS,2212.6559633027523
DYFVEHDVL,8367.802752293577
RFGYGLSG,5640.119266055046
PDVYAQFAQRKA,4357.5504587155965
AYSEQFVG,3415.8394495412845
NHAVEYWGPHG,6479.279816513761
PQFVWGWDS,15150.311926605504
EFNGWLRYNKAG,5103.380733944954
KYADFDLSG,2300.1926605504586
AWSNFVLG,11833.853211009175
QRRHLSESFLS,4388.59633027523
YKYYQFRDAG,4865.266055045871
SELVGHALS,3408.408256880734
VHYNAVG,2914.587155963303
LGDVSHPYNL,5277.743119266055
FKPDNKLRKDG,1083.4908256880733
EWRGEWGHA,5075.394495412844
KRHHGKDVAG,1000.302752293578
PGWPRPKG,2569.5366972477063
WWFFPDALSG,16764.27981651376
FNQDVSQEWSG,2800.5504587155965
WEYAFEKEYWSG,11213.821100917432
VPYGRREYHLG,6123.302752293578
ELFSRHAAG,3494.798165137615
HKYSFDG,2482.7477064220184
LQNDGLYKAS,2380.848623853211
LHSLRHSG,2860.0963302752293
PQAEDLRYKLG,1950.032110091743
NDYDSKPALG,1287.5229357798164
KWHFSFYNKLS,6604.55504587156
WKWEEVAS,2323.0229357798166
WSDQEAFKDL,2716.5504587155965
RNLRGFSGPHDV,5324.637614678899
REAYGPHDRYV,5202.091743119266
KNPDQALG,870.545871559633
EENNPKSG,628.9954128440367
VWFDPLSG,10015.146788990825
WFFLVALSG,16594.550458715596
RKVHWKEWNAS,2205.697247706422
PSQVGKLPYWH,6720.206422018348
LVLGRKRALS,3156.6880733944954
YVALPVVYHVG,18184.80733944954
VVKHHLSG,1752.119266055046
YQHVVRWVLG,17329.990825688074
YEGFAQRSG,4031.9816513761466
SYLQLPLS,7078.651376146789
FDHLNKEYKAL,2528.087155963303
YQWWSNAG,7249.431192660551
RRWSEGPYN,4669.0504587155965
RNDQRESGLGPW,5746.279816513761
YNANGQKLSPW,4327.435779816514
EEAKQNAS,650.5275229357799
QFRHQWNFFEDL,17448.75229357798
SYGRAEVG,1474.091743119266
YWDRASRPEHVG,2806.2247706422017
NENEEYLSG,1488.954128440367
QPGQDQYDFRV,4385.045871559633
DNAEDFNDLS,1223.7293577981652
RVEDRESEVA,1047.3256880733945
WRWPDQEPWNVS,8930.197247706423
RFYQAKDVAG,2370.1559633027523
KEAGKFNHDAS,1073.5183486238532
HSFLLPNVALS,12506.724770642202
KLHDNLFNKLG,3187.97247706422
NKRFYWRWLS,11296.944954128441
HDRDDLPHDAS,1670.9954128440368
PNRSYVQRYHA,6278.922018348624
GHVSQGFHA,3071.4449541284403
LSAKDSKDVAS,683.0137614678899
LPNKGEPALFKH,1946.5045871559632
EYFAQRDFVAS,7600.233944954129
SENLDQFRKS,2237.178899082569
HYHEVPWKHS,3642.183486238532
QQLQALEPNDAL,1773.4220183486239
QSFAQPWEYH,11929.45871559633
HHVQNKNHS,1251.0183486238532
YRVRLPDG,4445.454128440367
PREDDQWNKDL,2124.8899082568805
QRDEDSKLGFH,2175.1559633027523
NAHWQDASG,2413.440366972477
LYHNSYDVG,4748.279816513761
AEGLNVAL,3081.0091743119265
YPVHVEHL,4001.9908256880735
GLSYLVLSG,31416.064220183485
PQGYKRHG,2145.0045871559632
PDGDHVGNKHVA,1470.0642201834862
ERGRGPLSG,1768.7293577981652
QWWVVEKVALG,17881.288990825688
HEEYYNVALS,6960.376146788991
FPNKYWSSPHDS,5047.183486238532
QNYPDVQRNKL,2404.5963302752293
ASHDFKPYKLS,2920.577981651376
WFGSPNDVALS,6948.697247706422
SQFFDQREYKG,3703.2798165137615
PLGLPYSYNDVA,9342.018348623853
QESFPQRFREWG,4756.683486238532
SPHDYEHDVA,1693.9724770642201
PNFRQWKNHDG,3048.0550458715597
KLYDQGFES,2318.302752293578
WDPLPNDAQFYN,9746.06880733945
HSSSDVSG,1089.6422018348624
SNKFRGENHVAL,2649.3394495412845
RSYESGWNKS,2490.5550458715597
FFRHRHAQAS,3176.266055045872
RYHKEKGQRHDA,1172.440366972477
PRHQSFKAL,2983.6009174311926
ELYSEAPNG,2060.6284403669724
WVLKFNLQPA,19093.39908256881
DEWYSFYG,14497.01376146789
SYLEWDYSG,10180.825688073395
DLPQWHSPG,3760.577981651376
KHKSKEHDAS,600.9311926605504
SQFYFKHVRHL,12020.284403669724
GEYNSKSNKSG,1156.3623853211009
KYWGDGHVLSG,4477.174311926606
NHQWWSGRPNHL,10927.862385321101
LRNPSEPWKSG,2648.5825688073396
VNSGHYKHD,1957.5504587155963
PQDGGNHLSG,1606.9174311926606
GWQHSDAL,3807.0688073394494
HEKFAYNVAG,2815.8669724770643
VAQGKFYWKDV,3827.3348623853212
ALKWPWVG,8835.697247706423
EYGGALGWNHDS,4148.697247706422
SKVAQSKHDVG,913.9082568807339
PEQLHVLSG,3695.091743119266
WNWRARNHAS,6126.59633027523
GNDNDQYKHG,1366.6605504587155
LPSDKASG,768.756880733945
VAHFHVYKHS,5600.981651376147
ADVLNSWHDAS,3265.0963302752293
LFAHNKS,2344.9770642201834
SNWDQNHASG,2423.733944954128
QKFNSVEPYKA,2037.5779816513761
PEPAAENVLS,1092.7798165137615
RGHKLRALSG,1769.8853211009175
DAAGDQVG,1046.4220183486239
YRKNDYWLG,6586.784403669725
WFRHDRASFK,6380.137614678899
NWPHQWKHVL,10057.100917431193
SDKVHSG,990.4633027522935
DFADDVG,1854.2293577981652
NRFHDPLG,4121.463302752293
YPGNAQRG,1993.1788990825687
HKPNWVALSG,4186.197247706422
DQHWYDG,7741.738532110092
RFWNHPAGPWAG,10943.091743119267
ALLNRWSG,7262.192660550459
SREPHNQPNA,1674.9449541284403
GSEQKLG,889.6100917431193
GEDPGWHG,3420.1559633027523
YASAHQYHSG,3606.119266055046
VRVNLWVG,16004.29357798165
NHLDLFPVFNKD,10605.564220183487
VARNVQKGEPS,1076.1467889908256
WRPPDREPNDVS,2044.926605504587
YLPWLQVYNKL,19192.5
HFSDQYVLG,8778.055045871559
KNPYFVALG,12908.302752293577
WEQPFNAG,8865.37614678899
AEEAVLG,1325.5
VKFASQDSG,1479.8853211009175
PLQVREHDEKD,1285.9220183486239
YKSERWHSRLG,4584.472477064221
YSAVRKSG,1960.7706422018348
RPSKSQRVSWH,3278.912844036697
VHGANLS,2038.045871559633
GKRSPDVASG,982.348623853211
AYYKEWS,4399.45871559633
KSPNVRNFRDG,1986.3761467889908
KDPSSEYASG,986.3669724770642
PHDSVGQHNVAG,1641.2201834862385
RFRLRYHPVAS,7312.091743119266
QDGYVLQWNNHS,7890.628440366972
KRQQRVLSG,1316.4816513761468
FPYRNKQDFKDS,2454.064220183486
LSGSKHLGKSG,1519.8119266055046
VALSYGWLHVAS,20218.188073394496
GFQAWLG,13259.70642201835
WHDWVWNGRKD,8215.912844036697
PKHHVASYFRWK,5909.577981651376
REWQNAEHGEK,1146.0504587155963
HQWRDSEPNK,1821.1376146788991
PGQRNPYDVSPY,9338.811926605504
HKFSGPG,1904.9220183486239
PDQQWNANALS,2299.559633027523
AASQNKDKSG,597.4678899082569
SKKSQFRWKV,1682.0550458715597
GYKKHHSG,1339.366972477064
EEYPKSEYKV,1331.9954128440368
HLNDSWLQDL,7419.518348623853
KSHVVAPHDA,1622.9036697247707
WWNNQWAS,10988.784403669724
RNGEHRYSGNH,3539.9449541284403
EGWGEVWKLG,4411.9495412844035
EGPPRYASG,1698.2844036697247
FLYGAQEDVAG,2324.733944954128
NFNKVRFREYK,4523.972477064221
VARERDQKLS,1354.3761467889908
SWHLQDASDVL,4477.633027522936
WEAEVQEVLS,3930.1880733944954
DVREFWAGPNL,12953.747706422018
RWWKDVWKSPWK,5929.399082568807
RARDNHSEKAG,1010.7339449541284
DPVWHFLG,10698.729357798165
RFWWEHSG,11951.61009174312
GYSHRHG,3492.3440366972477
DAGRDSRWAFNK,3951.559633027523
RDAGEHDNAPHL,2806.2752293577983
NPNLFQEPVA,2677.362385321101
DNYDFVS,4223.4495412844035
HNLQGVASG,1864.0412844036698
RNENNVAEPYH,3642.908256880734
DFLGAHVG,4491.784403669725
QWDNARNVSDAL,4182.275229357798
FSHGHVRENHG,2814.6100917431195
PAHRGFLG,5927.183486238532
PAQFQFDLFPK,17326.022935779816
GPAHSRDG,1447.7522935779816
AKKLFHS,1509.5412844036698
EELSGYWPNVS,6711.325688073394
KLVQVAPWDVG,5575.692660550459
KAYHVHSYDLG,5219.51376146789
QSDPWYWNDSG,6823.266055045871
QRQYFYWRYG,20481.142201834864
FYSKPDSQWNS,3521.0733944954127
LRPPDLEYNL,5078.174311926606
WHLAEYGYNKHA,6850.133027522936
PYQPVQVSKDL,2118.321100917431
FPAKDEVKVA,1196.394495412844
QPQYWDNSQYNA,7331.178899082569
DQNADENHDS,1122.0275229357799
RHYHAWFYKL,12257.577981651377
LDPGALSG,1776.1743119266055
EFPKDDGKSG,905.2293577981651
WGNSHDENKV,2074.1880733944954
PQRKLGEDAYW,4455.0
YHWVRLFPDAS,16653.57339449541
WGQWNQWHSQH,8647.91743119266
SKQRHANS,1224.954128440367
VSDRFVALG,5773.807339449541
RPVRKHSVSQE,1286.073394495413
FGWNREPYSGRH,8438.51376146789
HKSFSRPSG,2178.2798165137615
PQANAVLG,1409.073394495413
WRSGWNGQKVAS,3504.1743119266057
QLLKDFHG,2843.2522935779816
AEYGSQEDASG,1283.7935779816514
AKFNQELG,1438.788990825688
PWDELGKRHAL,5910.100917431193
PSGRALGQDENK,1040.5412844036698
FAPLNVQDS,2417.9770642201834
KVAHNKSWVSG,2109.045871559633
DGENWKSFWDVA,6654.977064220184
RSEGGRYWHSG,5225.293577981652
FWDRSWGQDS,6420.380733944954
AWYYDSG,9605.784403669724
FGAHHAG,2850.8256880733943
DKVWNLEYWDLG,11598.155963302752
VLYDQLRNDLG,5763.435779816514
ASANDWAS,2242.316513761468
WFSGWDLPKG,8761.325688073395
GPHSHSYVLG,4261.197247706422
WYWADFKHDA,10001.426605504586
LEQDFEALSG,2720.353211009174
RVHESPWSG,3648.697247706422
LNQNHNLG,2310.2477064220184
YFFWYKSG,4314.467889908256
FDSNSPWQRLG,7182.577981651376
WDRVAGLYHA,11468.522935779816
WEGWFWG,24700.61467889908
WHGDGPDREPK,1916.7752293577983
LYVGFGNSG,7012.45871559633
PDAAPKVNDSG,861.3073394495412
FWLHPHSPHVA,8395.944954128441
QLYAKAEDVAL,1980.4770642201836
SYSAEKLG,1370.380733944954
YKGDWHQRKVS,2402.908256880734
FFHPQFRYNKL,9844.160550458715
RRQRDHDA,1524.8899082568807
LHQSWKVLSG,4637.311926605505
HKEKPNKDV,708.5550458715596
PHEELREPYL,4613.036697247707
RDVFVFEWFPNL,48381.9128440367
LGEFEGQFKDV,4114.123853211009
WQPNYKGEWHG,5607.133027522936
AYKRHGPNVA,2094.5091743119265
LNVQVEYDAS,7221.412844036698
AWQDGWSG,5632.866972477064
FADDEWAG,3530.7798165137615
ANFKELS,1347.426605504587
KREEGYWLG,3726.8256880733943
WGFVYVALYKV,23998.5871559633
NFLYEWHDAL,16650.633027522937
QNGGAGRPWAG,3923.5963302752293
QRDLFPPASGFA,4700.766055045871
GSYGPSG,2002.8165137614678
SYWSVGPWHAS,13692.802752293577
SKANFELS,2191.1009174311926
PELYVQNKHVS,4741.51376146789
QDFKNAQRYNLG,3252.880733944954
VNFFALG,10998.532110091743
RDWYSPNG,5750.417431192661
FRNRYAPDQV,3887.8348623853212
FLFGLGFYKS,5470.0504587155965
FWEWEYWDVQAS,14728.79357798165
ENGHEWQYDLS,3649.206422018349
AEENLPAG,978.2477064220184
EFLHLKDG,2936.802752293578
FEARKHQNAQWL,5061.325688073394
EVGWRWNFWDL,30226.174311926607
EEYLVEWNKVLG,8327.724770642202
NFYEAPNVAS,3064.6743119266057
SGVLDRWVS,6386.738532110092
EFPHHRNVAS,1916.2477064220184
SNGWKKLS,1758.5
HENRWANDVG,2887.743119266055
GEYWAVQEWKDG,5611.133027522936
SQFAAPWNLS,7670.793577981652
YVGRPRPYNYWK,10036.284403669724
DSYWLESGYDS,8050.1697247706425
HYVDFNLG,8160.825688073394
PLGWLQASQEDV,3420.298165137615
FLQSDEYHVLG,5664.087155963302
KPHKSYLSG,1334.5275229357799
FFLPVFYNK,5858.032110091744
ADRSKLSG,1109.7981651376147
EVSARPASFRNK,1787.926605504587
QGGDWKG,1523.2018348623853
FHYFFDVLG,11846.600917431193
FRVSQNEGQRES,1333.0412844036698
PLASWDWNKHVS,4885.55504587156
SYSSGYLG,4281.1697247706425
NRGPHVKSG,1597.2385321100917
RKGYPLSQPDG,1904.7935779816514
PQSKYHALSG,1887.3623853211009
DVWWSGHG,7603.940366972477
WRHKSWKVS,3139.1100917431195
EKFHWDGFHLG,8264.509174311926
LVQSVAG,1989.5504587155963
FWLGDGQEAEDS,1684.711009174312
LHQSGEG,1093.2431192660551
RPDWWNSEYNL,12933.348623853211
DFYLVKVG,23159.23394495413
GKDGAWNSG,1800.3715596330276
KDLEWYVEVG,9977.353211009175
RNLYLWAKDL,9932.522935779816
ERWYVQHVAL,13913.288990825688
PEGSNHSG,1291.8256880733945
DAAFVAGHAG,2289.4816513761466
YHSVYVFPWN,28649.509174311926
DHQHLHLS,2810.7201834862385
KHDPEKLQFVS,1873.1146788990825
PPKFGYHG,2349.5137614678897
DVAWPDSWKS,2964.7201834862385
RGWNQSEYHAG,2918.5504587155965
GYGEYNEDALS,2599.4954128440368
KRYAHFPWKAG,3333.793577981651
VGWVYHSENDV,4699.348623853211
EWSSNDGQASG,1403.1009174311926
YKWLLSYKHVS,7229.940366972477
KANLNDFEPKL,1250.8394495412845
LGVQKQNKDV,805.2798165137615
GANAFLSG,2694.064220183486
QPSVSGNKRWKA,1907.4220183486239
PSAGGNLS,1300.7522935779816
YPAHDHALG,2645.5825688073396
VPNAYNLWVG,8912.954128440368
APAAWKG,1420.926605504587
QLPFYVYDVG,28612.564220183485
EENYGYLG,3692.270642201835
FYKHSALDPYNK,2802.8899082568805
ELFYWRDVQEYS,16444.449541284404
KQLGGEHG,1113.4816513761468
FPVPVLHSNKHA,2753.8715596330276
AWVAREAVS,2264.1146788990827
NRKFQPLG,2928.408256880734
RHQAYNAQPAS,1733.5275229357799
FWKGASLFKDS,3406.330275229358
NHLQRGEHAQFP,2923.3715596330276
NQSHNLSG,1505.802752293578
PAQKVEHEWHV,1959.366972477064
NFDHDNSG,2101.2798165137615
WSQEKAKQRKHS,1062.2293577981652
SNAKVKHVAG,1042.4816513761468
NGVSDAQENHA,1124.940366972477
EAQDNFNKHL,1439.545871559633
SKKSYAG,1041.1926605504586
VGKVPKQYWKA,1962.5045871559632
GFFDNALG,7288.628440366972
WSYNHVQPWKGQ,4857.545871559633
FRWGSRFENHVL,11259.380733944954
RYNVYDSQKQNL,3367.0045871559632
DAREWRNKEHDG,1817.908256880734
LKAQPQPVAG,1248.0412844036698
PSLDYDLG,3551.7155963302753
ARAGKGREKVS,816.1376146788991
AKNLGASG,1043.6100917431193
RWDQENLSHAR,4629.573394495413
GPQEGQG,825.9908256880734
RANQVGRPNKD,1160.1697247706422
NHKFEDFWVS,5315.435779816514
QNFPDSKPKVG,1044.545871559633
VHEVGWG,3452.821100917431
HERKNSG,875.2798165137615
VNEHGVG,1262.1743119266055
YFGPVVSG,4939.536697247707
RWWHPGRHVAG,7028.275229357798
SNYAWDG,5180.032110091744
GYKFSYHLS,7963.720183486239
FFVVFYSG,15111.45871559633
RDNLGLQDALS,3118.894495412844
YNHDEWVFHDHL,13405.050458715596
RSQFVGAFRKS,4131.302752293578
GASPSHSG,1262.2018348623853
DVQYGWGYHS,10041.256880733945
WNDRPDQPHVLY,11593.655963302752
NPVFSRYG,8325.412844036697
FNDSRVAVQFPS,7606.385321100917
SKGEQALSG,833.5733944954128
YNDPGKLGPHA,1852.8623853211009
KNGLVSG,1414.6467889908256
FAPGVFEWVAS,9438.178899082568
WYVNRNDVLSG,7365.5091743119265
RPNPKDKDFYD,1722.6834862385322
FYDPHGREPNWS,5678.701834862385
QQRSQVAVS,1317.5825688073394
YQPYEKEHG,1786.133027522936
GWVALWDQYNHS,14515.655963302752
VDPQEVLS,1475.0871559633028
ARFEPKYL,4238.866972477064
RNWQRKAPDS,1805.9816513761468
EEVFFYDL,38475.06880733945
RLHNDSKAL,1989.01376146789
RERGHGRKDAS,1008.7935779816514
NVPHNSFDG,2588.6743119266057
SFQERHSG,2012.48623853211
PVYKRVFRVS,12563.366972477064
RRWNNEPWS,7218.917431192661
GPGQRYHNLG,3442.4036697247707
YESLPKHDVAL,3545.646788990826
RSYDRHWHG,5657.908256880734
ASFRFKVGKAG,3784.8577981651374
QEFVPYVFPNKD,6727.243119266055
PLAYAGDG,3675.5183486238534
YFEDRHARDLG,4622.697247706422
AYQSHASG,1951.5871559633028
WRLREKQDVS,2017.7798165137615
KFKKVHDSG,881.6284403669724
DDWSHDS,3020.6559633027523
WKRKPYHDSGK,1476.9174311926606
HFVRGNASG,3205.2477064220184
YALSVSQRFEL,21964.67889908257
FYVHRYKDFPD,6898.894495412844
NPGADAG,1067.2706422018348
AQYYSRPWNH,10679.261467889908
VSNLWSYKDVL,9158.669724770642
RFPVAVYHG,9792.371559633028
GFRWGPLGPDAS,6813.477064220184
FGKDDYNHG,2041.7293577981652
WNYVLRKDVQRY,12058.233944954129
LYSQHEVS,2404.5963302752293
GKESFKDVAS,828.1651376146789
ARWHKQFWDVG,7426.95871559633
FYVVNDQEWNKA,4173.091743119266
HNQYARALSG,4059.8669724770643
NEHGAPWDLSG,4531.536697247707
PLGSKALFYKG,6775.775229357798
VRSWFNLSG,9043.036697247706
YAFFKDAFEKA,4118.807339449541
GYDNPYSG,5258.133027522936
RFRKSQQRHDV,1821.4495412844037
WWYLGHSG,10528.59633027523
WQAYRHVAS,8697.95871559633
FDRPKGQVRWK,2525.6926605504586
DFRYKSHPNDS,1949.894495412844
YDFLNQHDSG,3072.922018348624
LYFKDFNKDLG,3815.0137614678897
LEVVVLG,38379.88990825688
QVSHYDKHVL,3953.9311926605506
PKSWQPWASPK,3588.5825688073396
FKHNNVGWVS,5838.495412844037
FDGVPNQHVALS,4319.174311926606
RYFPGFSPNDS,6399.697247706422
FEPAGLNDEKL,1421.9495412844037
DKSYVYVSG,8562.738532110092
YQEYEWSEWL,17662.059633027522
NSFQLFENDVAL,10784.165137614678
QQLSGAPNDALS,1438.5045871559632
WGLRREHVAG,5018.775229357798
PKKSRHAFPNAL,1551.6834862385322
RVQNYNDQNSG,1976.908256880734
ANASVPAG,1064.5779816513761
VKHDYKDGFEND,1837.3990825688074
HPFKSEVG,1289.7614678899083
DANEKLPYNAS,1318.6009174311926
PSYDYAPHG,4416.325688073394
PKYQRHNLSG,2438.422018348624
VYWPSFHG,14863.674311926605
WVARSFVEWN,21072.80733944954
NHNDGFLRSG,5507.729357798165
EEHSWANKS,1458.532110091743
QKQVYHFPYVG,8853.51376146789
NKLWPHVDVG,4367.463302752293
VAENLGHPNKD,1850.1834862385322
YHRFVLYWK,19657.72018348624
WAFRSYAGNK,5849.614678899083
FHSWYDGFKG,7773.036697247707
EFFSQALSG,4881.674311926606
AALDFNSG,2199.1651376146788
PQYGQAQLSG,2388.2844036697247
VWVDSYHDVAL,13749.90366972477
VSPSVSFNKVSG,1825.5412844036698
LQSNGQAG,1212.4495412844037
LHGQVNAG,1737.545871559633
KRYGAQFPNDS,2255.0137614678897
FQDLHLYNV,11426.701834862386
RSQLHGREKVL,2225.7844036697247
REEFGQYG,3353.5091743119265
RNGVYKAREKV,1591.7339449541284
LFYEVAFNLG,35836.119266055044
LSYADFRNKH,3931.5229357798166
RVYEAGPVS,2833.8256880733943
FNLYSPWKGL,10525.701834862386
RDEWPKSFPDL,6205.201834862385
ELGYQAQFEW,11144.738532110092
FEARPAHGFYNL,9259.183486238531
DGFSNFENHG,4375.321100917431
PEGKVYHG,2469.4816513761466
WEYVSSGEYNS,8778.30733944954
RARLLQRPLG,4937.128440366972
PNFLQFDEDVS,6596.463302752293
AEEARVG,983.756880733945
QRNQKGFWEYN,6954.087155963302
QFLFWRHGFHA,15884.88990825688
HFHYWLWG,17243.403669724772
PGPHNHFWAS,7188.0
VELEWGRYHD,8497.215596330276
KLVPVRKHDVAS,1658.4311926605506
NWGLFKLSG,11434.380733944954
FNAHQRWLQWV,21681.977064220184
GRKRGYWG,3830.2155963302753
SWLFWFEPHVA,20604.88532110092
VFRKSYQEHS,2650.5045871559632
RKSFQFHVDVA,5802.642201834862
LPYFPSQAL,9437.018348623853
KVWQFHPLG,11201.055045871559
FKPVQWFPWDVA,15189.243119266055
NVNWLQFRKH,8460.536697247706
NGPEHAEPHSG,1209.8990825688074
QFSQQPGRVG,2504.4311926605506
HGPPQFEYKDLS,3018.5688073394494
VFSHAFAG,7299.385321100917
NYGAYHSG,4079.6926605504586
WFNSSEPYALG,9960.633027522936
HLHRGVASG,3058.3899082568805
YAWKPYRWAL,15187.444954128441
VWYGKVALS,10151.114678899083
AGPWSVSQYWHS,13684.050458715596
SWGHFKSG,4651.4495412844035
KYLHPYAS,4740.821100917431
WPKWHPKHALG,5129.614678899083
HAPGEEKVSG,799.5688073394496
SKYAHVLSG,2742.0504587155965
WFGVANAG,6010.48623853211
HHQWRYASG,6689.412844036698
KEFNYNHDAL,3082.3669724770643
RNFANARPKDAG,1895.7385321100917
NAHFVPWHALS,14527.43119266055
NPSFPYDHALG,5248.1100917431195
AHQQHALG,1997.0688073394494
HKAVDLSG,1137.1788990825687
RASWRKDEALG,1960.7385321100917
KLPLAEPYWKH,4053.3669724770643
GWEWSYG,14679.477064220184
DRFGEHAG,2139.3669724770643
QAEYEAQYHD,3728.2522935779816
FQWKWSFRKHD,6841.192660550459
RQYSDARNG,2309.559633027523
WWAHVQLG,13785.522935779816
SPKPNGEAS,733.5412844036697
GKPYAEG,1314.9954128440368
QGSWHFALG,10772.201834862386
EYADRWKSWKA,3335.766055045872
RASLYWNDPNVG,5096.068807339449
FKELSWQPSG,4640.711009174312
YLDVPKRWLSG,6355.100917431193
NWLHQRLG,7816.637614678899
LRSKFHG,3003.651376146789
DGYHALYHASRL,10337.394495412844
KHSYGRWNYL,9385.463302752294
NQGPAWNHDVA,2427.0229357798166
EVEPWAEEWKHL,3149.0733944954127
GAQSASG,1064.7660550458716
HDPWHAFAWNAS,10429.555045871559
PGSRHEKDL,1131.1880733944954
PFRRVSQNKASG,1957.1467889908256
DQENVGDFEHVS,1954.8899082568807
RFSHGQDG,2171.770642201835
WRNYHFREHG,6958.247706422018
EYKDVEQDVFVL,9543.20642201835
QKVSQVELAG,1170.9311926605506
NFSPVRDALS,4349.784403669725
GEHVWNLWDAS,10674.655963302752
RFWGYVFPV,28027.816513761467
KRNRVAEALS,1511.7798165137615
ARGHNKDVAL,1430.2568807339449
SNHWLDLS,7137.412844036698
QDDYRHAG,2097.4036697247707
QRLPRPNFYWD,19510.596330275228
FEADYWDSGEPL,3944.7477064220184
YPASNKNHDA,1147.119266055046
FFKWSRPNDSG,2886.591743119266
EGKPFNDVALG,1522.3899082568807
YQHFLQFPNKD,5782.821100917431
LGPKHNVPYKHV,2406.1926605504586
QFRFQEFRPWNH,11951.834862385322
HSGVNHFVLS,9421.97247706422
PPYNAHVRYDG,6196.963302752293
EDSQQRPFPWK,2980.0045871559632
ASSDVPYDLS,2076.935779816514
FGKQNDQEKHA,863.105504587156
RHPNPKSQRHA,1520.8715596330276
WALNWKAFPNL,13942.59633027523
YNKAEWSWHFPK,7809.756880733945
ESRAEWKGWHA,2465.816513761468
AAQAHLSG,1350.3990825688074
VVFNYKVLG,11302.857798165138
YWNRQEHALWV,14689.69266055046
PYGVRHRNKHA,2593.233944954128
KRVQGFLG,2615.1651376146788
LWRWAEG,6713.211009174312
WVQYYQRKDAL,8153.0
KFRREPFRAG,2462.4908256880735
EQRLQAGFEYNG,3675.2201834862385
NEFRQDG,2173.9862385321103
ESSVVAG,1009.8119266055046
KWWNKFSG,4414.018348623853
PGLNQPG,1895.619266055046
KAALDLGQFRPW,8541.550458715596
HDGWYDAQLSG,5681.761467889908
NESDNHALSG,1308.7064220183486
DSGGSQFRWNL,4919.064220183486
FKGFVLGFAESG,18435.67889908257
FELGDYKWDVLG,5295.633027522936
LASVAVLSG,4975.146788990825
YAPFQWVG,9731.926605504586
FKQHAFWVNHDS,5417.761467889908
NYFSNLSG,3617.7247706422017
PEGDKDL,828.0963302752293
EWQPYELGQR,3998.5733944954127
YDGSKDQFPWH,5458.399082568807
HQVLHGWHLS,8579.62385321101
FWRAEYYWNKG,6885.619266055046
ARFWVQLG,13357.151376146789
NQRHSFDGHAL,4453.311926605505
NWQFPVRALS,12753.54128440367
DNEFDVLG,1981.4174311926606
RVKDRNHGYHA,2558.3073394495414
DYHHHDSG,1678.5183486238532
EPSYFEPAWHA,5545.591743119266
AGENKAVLRYV,6036.582568807339
PRFEVRALG,7613.605504587156
ELGWYKLKDLSG,4290.977064220184
HQHGRLHLS,3814.197247706422
HYEGEVS,1482.98623853211
KSPSQSFYNHDS,1313.6834862385322
NLGEDRAGRYWH,8018.068807339449
WHYKRLGFHL,11270.56880733945
QGYYKEPYAL,6600.522935779816
FEGWHDELRYWN,13163.825688073395
RHVSFHDVWVVG,19579.311926605504
HPWHQRSGRPLS,4667.788990825688
VPQFQFVSG,6501.211009174312
GRGKVDASG,981.2614678899082
GNFPDFDS,4021.9311926605506
RGRRREDALS,1240.6880733944954
KLAYQWVG,6191.266055045871
KGSDFLG,1264.5871559633028
DNDRYVPSG,2033.7522935779816
RYRFYWEPWAS,19286.591743119265
NVKPGNLG,1471.8440366972477
YELDWVG,7376.082568807339
YHVPHAPHQEND,1799.0
YPWGPGFEVS,7991.362385321101
KGHKDWNHS,1413.8577981651376
EPNWEHVPKDLS,1956.2522935779816
QQFSHEPYNLG,4974.678899082569
KREDLSHYNKG,1432.6284403669724
SWAENHNG,2627.4449541284403
PLPFGPNKHVG,3388.9770642201834
FYWYDVSWEHD,13919.844036697248
FKGPEWRYAL,9640.243119266055
YRAVSHALS,3991.4587155963304
RVHGSNKDASG,1177.3073394495414
DGNPAPKDVG,895.8302752293578
PSFKFRWHFKS,7599.192660550459
EHDFEYRDVRPN,4097.344036697248
DEEEALG,947.5917431192661
FHFQLGFYHV,19944.201834862386
YPFLYLSG,24405.775229357798
RHEWDHDKVL,3695.059633027523
QWDLYALQLEK,11512.495412844037
WSSGHAYKAL,5426.821100917431
PQGSENDVG,927.0412844036697
AQPYNKEVYNH,1973.633027522936
DVRAWLSEHLS,5583.701834862385
QPQDAQGPYKDA,1156.3899082568807
YSHYEVSG,3423.1605504587155
ANKQNRPYKD,1237.7935779816514
FRVPKVAARVAG,2384.0229357798166
YVVLHLQPYN,24570.536697247706
HEGRDHAG,1668.3073394495414
SKVNDYDVG,1557.0963302752293
FHHEAGKVLS,1872.880733944954
LQWRYQWKHDAG,6619.201834862385
GARQNDVAS,1210.8990825688074
KHVEKLFYRKH,3675.967889908257
LRDSASQYNG,2330.4036697247707
NHFNRWDHAG,6062.807339449541
FKPAEYNSENHV,1824.848623853211
WQKYNYKHL,5850.371559633028
LRNHFKFEKHA,2878.619266055046
SHVYSDLSG,3601.302752293578
DQYHWAPHDVS,5282.477064220184
DQWRGPHG,4029.5
DYQGWNKVL,3796.4495412844035
LYWNFLGFPK,8167.908256880734
DHQPEVSG,1150.4036697247707
VAHEQDAG,1234.5366972477063
LGLHFKVG,7499.6100917431195
QLYWLDASNL,13842.41743119266
YPYQFALHV,24418.697247706423
RPWNEPPLRNKH,4011.880733944954
EAWPSPDVAS,1905.880733944954
VDVEHHLSG,1732.5045871559632
DWSRLRLS,8375.715596330276
FFWALAFKG,9812.02752293578
ANDGQFKPDSG,1307.032110091743
RKRAVRHDVL,1277.7844036697247
RVPDQVPKALS,1217.380733944954
LPNQDQFREPAG,1616.1146788990825
FRVNKDGELGG,1565.2752293577983
RQFQRQRKVA,1795.1880733944954
SWVSQWKYDV,8657.30733944954
FYLWFPNGYS,7848.518348623853
QYHAEPDLSPF,6481.188073394495
VSVWHGRES,2758.183486238532
FGWRSEYWKH,9161.912844036697
YYVPRPLS,7412.123853211009
EAGWLGVRAS,6109.798165137615
YEQKFNLG,4514.637614678899
GWYVVLG,36586.43119266055
KPESQFKHDVS,1097.3394495412845
KENHEKLGPNL,1440.197247706422
KKVLWKEWKL,1888.211009174312
GPKVAQEEHAL,842.7981651376147
YRNADFEPKL,2929.6284403669724
SYVVSHLG,9463.844036697248
NDEAGSGFYWDV,12172.798165137614
GEQHYHG,3229.380733944954
LSQAYDSFSG,3970.47247706422
SFHEYDPDVAG,3256.577981651376
HDLWREKALWAS,7310.045871559633
SWVQKYDG,3659.4174311926604
AHSNSASG,1154.7935779816514
NKQFLRYDLFEK,7161.206422018348
LDQHHAG,2178.637614678899
HHQWVVAS,7297.573394495413
QHSDNKLEPWH,3201.623853211009
YHYNGNLWNDS,5898.967889908256
HWRPGPG,4592.119266055046
KFKYYVSG,5223.5504587155965
WKHFQRAPDAL,5177.0504587155965
PSWFQFNAG,15032.738532110092
FSGNSQPSWNDG,3518.8394495412845
QGSSNHVALS,1745.9724770642201
KKDELYNS,1003.6788990825688
LYQVAHVLSG,7503.545871559633
PWLKKQREYNH,4315.646788990825
EDSVHDSYWNK,2122.940366972477
GYQSFDVAL,10197.573394495414
HVYKAVLFKA,17016.88532110092
RDVVNKHLDG,1918.5229357798164
WKLHAEHSKDS,1644.197247706422
WVAWYSYNVS,18513.77981651376
LQSWSPLSG,6701.036697247707
AARWKKG,1218.2477064220184
FKSPGDLGLS,1912.0229357798164
FVWFQFKG,16787.871559633026
PVNEVLNG,1919.6880733944954
LSNKSWFWNKHS,4592.481651376147
AKDDWKSG,1066.7981651376147
WPYRHQNDL,8853.160550458715
NWDPWKPHVAS,6289.733944954129
LQFANHEWND,6351.504587155963
FRHSENGRVGN,2975.4495412844035
NDFKPKGFYNA,3810.862385321101
YVPQPWEWLSG,11862.243119266055
LREKLVAGYWA,11466.08256880734
QNWALFEGQFRA,17074.256880733945
VELDRKLSG,1843.380733944954
SRKAAKVAL,1163.5825688073394
YAVQDAKDSG,1242.848623853211
QVSSFPWYKHG,7684.981651376147
RHYDKVEPWHS,4061.5963302752293
SEFPLDALG,5448.01376146789
PLAKLSDSG,1682.5229357798164
SHRVFRPWHS,9189.848623853211
GHARERPYNV,3465.756880733945
FGSGLEHSG,2514.9266055045873
SWVQEKHKS,1312.8715596330276
AKRSWVLS,3215.8899082568805
FDFYPDQRKH,3854.2522935779816
PPHWNWDSG,5265.871559633028
KRVGEGKAL,794.348623853211
EFQDQKASG,950.3302752293578
PGRFDVRKDS,2329.2522935779816
KLEQASRYWHDG,5379.729357798165
KHHWKLYNAG,3102.1743119266057
HDYDSYSEWNK,3728.908256880734
RYRRQYKLSG,3429.4174311926604
ESPLEPAPWHA,2346.853211009174
LGHGLGEPYLG,6014.091743119266
YVWVRSRNKHA,5492.307339449541
GLDVRSG,2230.559633027523
LDKFENDAG,1274.8715596330276
FPHEKHVEWGDA,3581.1559633027523
AGYRSEVLG,3079.233944954128
LYKPLFLS,13112.981651376147
KWGAFNKHLS,4455.568807339449
QDVEALWVLGQR,15224.06880733945
FHKDFHSPYWDS,9904.261467889908
PYKNDGEASGPG,1284.7798165137615
VVQYYKLG,9631.90366972477
AHVNRDVSG,1625.651376146789
YLGPLQWENHA,5486.733944954129
VLRGWNKWNLS,7045.133027522936
HHQQWAG,3460.7798165137615
GPYEKQRYN,2111.9036697247707
DHWDQDLSG,2660.0091743119265
LDQSWDVSG,3096.2155963302753
DHQFQRVG,3133.266055045872
WWSQNDRS,4946.3302752293575
AAPNQEWKH,1671.1743119266055
WNDFWKFLHAS,12801.426605504586
RFQFFDSG,10983.798165137614
KVDQLGPVAS,1243.7568807339449
DVPWKKHQFENL,2688.669724770642
GVQLWHLG,9782.165137614678
KDNYSEPKDVA,1039.2477064220184
KSYYWQPWDA,9944.316513761469
SLSQDNHS,1499.697247706422
KHFEEHGEPDA,1196.454128440367
DGDVLSYWLRKA,8807.440366972478
HGQRFRPFPLS,11555.853211009175
ESWGSREPNK,1520.9495412844037
NDWVAEPSHLS,4276.206422018348
RAWYDSDVLS,9540.733944954129
VYYGKHASG,3096.123853211009
ENGNWDLGFLG,9546.270642201835
LYGSYNHVALS,7533.288990825688
QVQELQGYNKG,2272.3669724770643
WKVPNHKPNHDG,1826.1559633027523
KGVAFDSYNDS,2674.912844036697
HPVRKEHVLG,1473.9449541284403
SVFQEWNKHL,5609.724770642202
NQDHQFLSG,2966.8853211009173
VLDKHWNHDL,3955.743119266055
KWAKFLSG,3454.146788990826
EYPDNVLEPNSG,2067.2155963302753
HFRYLGAFWNV,17889.954128440368
RQLYRDG,5105.174311926606
RKDWVRPHSWHL,10553.087155963303
LKHKLHVAL,3501.8256880733943
YGNNHQELS,2168.756880733945
PWGEHLWAPWDV,27172.908256880735
ELQWWGQRWH,16996.330275229357
WKSWEALWHG,10445.233944954129
HWVFKSLG,11038.422018348623
GHFWAEDG,4956.357798165138
VKQELNG,1009.7018348623853
VFKPGWDL,7621.467889908256
RQGVNDLSG,1641.7935779816514
NKLNKQKVFEHA,1255.5779816513761
ALFGVSQHDLG,5415.353211009175
HDHVYGQFNS,5444.8899082568805
YFSYHSEYNS,5384.366972477064
AWHKPHDAL,3619.9587155963304
WNKGDVQERHA,1443.8623853211009
PWRYSRESEKD,2275.8073394495414
KFFPFPG,6883.004587155963
SSGHDWSG,2703.5366972477063
WDGHHWNDG,6265.022935779816
EGVPNFREKHS,1366.7935779816514
QVFLSNAESG,3708.637614678899
SGEDEGFWS,4385.0
HVDYLSPYKH,5048.729357798165
HLAVKDSG,1398.8532110091744
EKHHFYLFRDG,10011.766055045871
WFNQVWDVLG,15807.045871559632
PWNDNLYNAEPK,3350.564220183486
WKQPSPHLPYDV,5452.467889908256
NYFKWNDVG,3773.151376146789
YHNDFRWRKSG,4623.454128440367
GVRLASG,3395.729357798165
EHEPSYNREYDA,2143.1559633027523
FYSRLFRQPYV,9629.495412844037
WKPFPDALPVG,3732.967889908257
RALHLGRSNAS,2923.9954128440368
HPDQDSQWAG,1954.605504587156
GWNFQHAS,4819.091743119266
RPPKFPQWSG,3455.4449541284403
HLVFYHPDG,17136.69266055046
EHPPPNVALS,1444.5
SAEPWYG,6550.912844036698
AYKQEHKSG,964.6697247706422
AVKLVAG,2691.8256880733943
EKFQKVLPHG,1683.7385321100917
KLELVSPWKHA,5192.646788990825
VASHHASFWHA,7118.660550458716
HESRQFVSG,3191.798165137615
NAWYAEKHDS,3059.9174311926604
PAFRLQHDQYH,6221.9908256880735
PKVGQEWQRKEV,1504.073394495413
EALYRSFNDS,5546.261467889908
SPKNPKDS,660.9862385321101
FAKDKVRYASG,2243.6009174311926
QFPQHPSGKHL,2821.6651376146788
EDVASDPDWNDV,1431.2155963302753
YSWSAQREPWG,8212.949541284404
NQVNSYDLSG,2344.376146788991
FLSQEYVWLNH,12376.018348623853
KPQFNDQLG,1481.1376146788991
QLDHWNKDLG,2182.6926605504586
HQDVPFNKAG,1382.605504587156
QKVLHSWGREWK,4132.674311926606
VPDSQAWDLG,2002.9449541284403
NWKLYGFEASG,6424.660550458716
DHSFLSSG,3775.0825688073396
LGQKWKDQEWK,1851.133027522936
FVRNPWALEHAL,11919.862385321101
WVVDLNLG,17043.857798165136
LFALHGPWNVAG,9903.48623853211
KDYAWAWVSG,6026.495412844037
KQAYSRNVS,1636.0963302752293
GWNDQQNLG,2124.1880733944954
KPRLDSG,1022.6926605504588
HELSFPYPHDA,6610.825688073394
LSYWHGKENDLS,2398.02752293578
RGESHQRENDV,1186.3899082568807
RDWPQYHSG,4729.857798165138
DANNLSWAS,2988.435779816514
DRRDPYLSG,2611.3119266055046
AHLRDYSG,2505.5412844036696
ADFNGPALSG,2179.229357798165
PGVVAYWNKDA,3074.97247706422
AWFSYSG,10406.435779816513
ESWWNLQYKS,5741.252293577982
FKEEFYKAG,2576.0366972477063
KLVHQHAS,1553.2660550458716
PYFFQFPYKDA,16062.605504587156
QRRWSQKFDA,2782.711009174312
LVAGNRPNHDAL,2420.169724770642
QQKGLQYWNKH,2165.1146788990827
QRVKVYNANAS,2130.201834862385
EFKAGLQKDA,899.9174311926605
PFSAGYLSG,5719.091743119266
DRPSRWWDVL,9087.550458715596
AHFNHNLG,2805.9174311926604
YKSWEWDGPWNG,7994.133027522936
DRSSRELS,991.9908256880734
APNAASFWKAG,1701.3440366972477
YAPWDAEHLRPW,13265.98623853211
GEWGEAREYNH,4119.655963302752
NAFKGFLKDVA,3151.2155963302753
QRHRYNSYRWK,4121.201834862385
ANLHVWDASG,3559.330275229358
PLHQWFRWHDG,13334.087155963303
HGKSQPWHFEKA,2558.256880733945
GDVRWWDSG,6923.233944954129
DANAQKLHDSG,942.7477064220184
AVKAHLSG,1274.3119266055046
EQDEAQEYHASG,1176.6559633027523
EFLLHDG,5603.866972477064
EVWNNPNALS,3126.3715596330276
LQGAQRKASG,1261.8256880733945
RHELGREGFWG,7531.866972477064
RHLVSPDWHS,6678.376146788991
YGHRDEPYHG,4038.0183486238534
HEGHNHDALG,2127.045871559633
PKNWGRDVAG,2499.0733944954127
ESVVHAL,1980.908256880734
YKPRARPYWHA,7672.3302752293575
FLPVKDQNLG,1878.9908256880733
REANEYLFDA,4781.536697247707
PAHANQEPYWVL,10780.188073394496
GYNHLEDNKSG,1495.954128440367
VHRWRHSG,4390.8899082568805
FPRLSEYHQKDS,2473.770642201835
RREKDFKRKH,706.894495412844
ASASVLDVL,2879.316513761468
RDLKYNDVPKH,1798.1926605504586
KAHAWLENAL,3459.2155963302753
AFKGFHDEDG,2182.183486238532
VYRAHASG,2834.8899082568805
QSPRNKVGYG,1906.9036697247707
DSFRPRPELG,1835.2660550458716
AEVEPHWKDS,1711.5229357798164
VLYKSNALEWD,7521.779816513761
ALNWPHVAG,5202.894495412844
FQLKGKVG,2390.353211009174
PFGWKNAS,3388.967889908257
EWQHEWNPVG,4793.518348623853
DARSAENKHLG,1227.2844036697247
LQDAQVYVG,3883.1330275229357
DNYDRSG,1796.4220183486239
FPFNKRWQPKLG,6017.366972477064
KQFWVSKVNKG,2515.0183486238534
LEFKGWLG,6973.6697247706425
PYGLPHLQFRW,24116.79357798165
QFVSYKLHEPYA,8654.19266055046
NEKEKHQEHL,919.9082568807339
PNRRFREPDV,2306.6880733944954
QNSLFPNDEV,2010.4816513761468
FRQSGQWPKVG,4592.229357798165
WEWNFQFSG,18676.802752293577
HAEEHLEVG,1621.197247706422
QFFYKLRVKDL,9816.912844036697
KPDYNVSKL,1161.0550458715597
FLEWKAQYKDQR,3344.935779816514
WRHGQHEKA,1617.7568807339449
ESWQRLREWKD,4051.4449541284403
HFVFHFPDALS,24223.559633027522
PHDVFDQFYPW,23800.463302752294
AGAHEKSG,978.4174311926605
NEYGKLYWK,4807.972477064221
NHGQFLSQHSP,4083.087155963303
DRAWRKG,2062.706422018349
GPNYQRDV,1910.6605504587155
SENKYDYNHL,3251.9266055045873
SFFDHLSG,5899.660550458716
YEWNQGDVLG,4083.559633027523
EYHPEKAEKHS,817.7201834862385
AARYKFSG,2715.7522935779816
AFYWFWKAQNK,5816.729357798165
VQEKNLRPNG,1667.1146788990825
GEYPYDVRWKH,8291.619266055046
HQPHQRGEKAG,1050.1146788990825
DFSYGEVLG,4500.55504587156
GFRRFRYNHVG,7191.9908256880735
WLRNLQKADSG,2535.5137614678897
ARKYWHDALFRP,7531.0091743119265
EFAWWKSG,5597.591743119266
FDEPHLFSEAS,4452.545871559633
PVRWEYREHA,7111.04128440367
DSFRSNKQDV,1537.0779816513761
ASFHSQFREQW,9131.288990825688
EEVWGFSG,8152.9495412844035
SFVSEKHQKHL,2027.5183486238532
GKNSNDALSG,1053.9908256880733
PHPRFENKDV,1449.926605504587
QSEDVGQSGQRD,1192.7247706422017
YDEWYHVEWA,14064.697247706423
KGDQYRKVALG,1858.1284403669724
ENLSVGWHALFS,17543.70642201835
NRKHQRRNVASG,1324.3119266055046
PRKEGPYSG,1371.5275229357799
HHDRQHVLS,3005.6926605504586
FQYDQFWQYNHV,16241.197247706423
DDPNAPYG,2220.380733944954
LYSYSYLG,6693.642201834862
FAYHPKFEYHSG,6853.454128440367
EQERPALWNS,2973.3853211009173
VWHEFNDG,5689.816513761468
WVYHESQFS,12401.09633027523
VEHSGGPVG,1807.4311926605506
PVGRVPWNSYA,10064.344036697248
VGPGGYDLG,2492.2798165137615
ASDQGVSG,907.3394495412844
KSPWLDQRPNAL,4143.577981651376
HQYLFSFLS,25971.84862385321
WREDGQYAFPWG,21795.009174311926
PWHSEKPNAGH,2870.7844036697247
SLGWWLG,15628.183486238531
QSDWHSHG,3387.8440366972477
QHLPFWRYWNHL,24305.908256880735
ANLVQSG,2075.5688073394494
PNRPPHLRYWD,13175.09633027523
EDENVNVLFWV,39253.793577981654
HSARGFLSG,4955.380733944954
FKLSRGRNGQY,5151.642201834862
NYYVQKHDVS,3322.97247706422
EFHSKGPG,1694.954128440367
RWEDWLRYHDLG,16146.12385321101
PLQYSQAWKV,7598.036697247707
YHQGNFRWVAS,9847.119266055046
LSQHWKSRALS,4614.004587155963
PGWNHVVSPWDV,12767.091743119267
LSPGEYAGFPHD,3870.8853211009173
RRYQRVEAS,1922.9357798165138
GKFAVLSG,3695.7798165137615
LEQDQNALG,1829.6238532110092
VQPLLEYKHVAS,2773.302752293578
KKSEWYDG,1690.954128440367
RYWPNHFQFRKA,9635.146788990825
WQYFSQNKS,5314.793577981652
YGKDYKFED,1667.3623853211009
GRLRPRVSG,2913.9266055045873
EKPVSQFDPYK,1397.5779816513761
PSAGRVGWHDA,4233.926605504587
KGRFPHLFNDA,4917.678899082569
LNKSLSWDS,3286.1284403669724
WHWGYALFNDVL,24716.004587155963
SPENSRDVALS,1389.591743119266
PNDWLQKLKVA,3477.743119266055
EDARHQYSRWV,7617.128440366972
RVNVRPWFYWK,19263.10091743119
PASPSEVKHL,1094.6284403669724
VSPQHPNDAG,1530.302752293578
WQWPFKVA,15566.522935779816
PYGKVGQWQYWD,19048.009174311926
FNAKHGWQENK,2316.3119266055046
GFGHGYAS,5760.100917431193
NLLVLQVG,38595.752293577985
WHGNAVLSEYKH,5708.229357798165
AKNSNLSG,1001.5275229357799
EKYLPWQLSG,5381.316513761468
LSFGVFEYNVAS,29627.55504587156
RAQAYNDKHVA,2322.605504587156
RKLWLNASRWA,10922.334862385322
RNWDNKFHLG,6257.706422018348
QFWDSGNHANKR,2801.105504587156
ARLPDQNAL,2049.206422018349
DSDAQRAQFWAS,4280.399082568807
HWKEHPYWKVLS,7757.385321100917
NAYNGEDNHAS,1692.9816513761468
EHPERHVG,1303.6009174311926
RLWVDEPWKH,8708.87614678899
HANNQRAL,2712.9770642201834
KAHKGRASG,727.7752293577981
EVSYEWHGKDA,2652.9311926605506
SNQWKFVG,4712.582568807339
KQLDEYDVASG,1308.98623853211
YWWPKDGKALG,4557.477064220184
QSAYAKDS,1249.8853211009175
RHPWAQKSRYN,3570.738532110092
QPWNSVLGWSRG,13617.633027522936
GDLESKLG,1227.9724770642201
FGPPGPYWND,8270.87614678899
RKLQFSRHEYW,10757.151376146789
RKKYEVLSG,1246.545871559633
GHWVYAG,10505.100917431193
QSPARSFHALS,3234.545871559633
GKLGHRNVAL,3455.3348623853212
GREEPSRPWHV,5877.54128440367
RLYEHSPYKS,3973.243119266055
DNSEEDAG,806.1697247706422
KGQHVGHDLRKD,1551.7798165137615
EEYQHGFRWA,10779.233944954129
QFFHDQNKGREP,2087.2201834862385
FKFLAGQFALS,16036.688073394496
DVFFVAEWNHV,37341.40366972477
EVEYHDFLRWD,17346.715596330276
VLWGSEAG,3683.330275229358
FPSPGWSYLG,15416.756880733945
HHGYWAELSG,6664.729357798165
FHYDDVHDVG,4643.844036697248
YFHNEPHDVALS,4933.339449541284
HLNSLENHDVA,2802.0412844036696
APHWLFLSG,17780.41743119266
GEPYRVLHDAL,8458.967889908257
QSYDPPNLG,2205.1926605504586
VPKWNSEPNAL,2000.908256880734
PYENKVFYFRE,29813.30733944954
KNSNVEAG,932.197247706422
WGGAHVALG,6368.532110091744
NLPPLRWKHDAL,6238.724770642202
KNRVAALG,1402.2522935779816
PAQDPWGPYNS,4563.766055045871
QKSQFNDRVAEN,1257.408256880734
YYVHYLG,6866.247706422018
PPKPRPHG,1407.2064220183486
WGLVPKVALS,9333.266055045871
GHESDLG,1241.0550458715597
FPSYEHQRWHS,8756.243119266055
WRDQKQRYKD,2456.3119266055046
GFWGKDVWNKHG,4788.504587155963
QRAKHANFRNAG,1958.091743119266
FLERWRPNAS,5756.6100917431195
WQHYLRKALSG,6398.977064220184
NHNQSQWNHVAL,4951.325688073394
NLAHLWNHVG,6789.311926605505
YQEARNHSRAS,2878.2247706422017
YKSQVAGYDFKA,3143.408256880734
NPVGHGYNKAG,1531.545871559633
GEKWRKAG,1231.7568807339449
QKQKHGEHRWD,2332.908256880734
HQNSDVFVLS,14953.247706422018
KRGDYWALSG,3682.6651376146788
FAEPHRFVAG,5787.353211009175
NPLSQYGEDL,2083.2522935779816
WQEAANKDVLG,2687.669724770642
AYQGPNKDVL,1991.3761467889908
YGHQGPSG,1917.4449541284403
SSPLSWDVALS,5846.435779816514
PHPRSQWLS,4502.798165137615
EYKWGQFGNKS,3028.848623853211
LHLGVFSG,9392.93119266055
LEYLEAYASG,10734.79357798165
PLPDYAGNS,2345.045871559633
EDGYWHLPGQPW,13633.348623853211
GDVYRDVS,2574.197247706422
QAAFDASEHDG,1456.591743119266
PHLANDGEPKV,1143.1743119266055
KKHNSDVG,811.0137614678899
ALVQYAYNSG,7629.729357798165
NFYNFPYQNHL,11418.51376146789
GNAPQPNHAG,1645.9357798165138
RSNFGYNG,4107.238532110092
WREEEWDVALS,7879.885321100917
WNFLVLFREYNK,21534.788990825688
RYWYEWAGHVG,14016.51376146789
DFSEVFEG,2851.545871559633
KNGEKYG,921.0137614678899
GYGDANG,1939.2293577981652
DYWYSNHDLS,8686.444954128441
PSENLEHVPWKS,2506.6651376146788
QRWVKQREAHA,2050.788990825688
FRPRGRPVWDL,12265.37614678899
QDRYYLSNKDL,4571.761467889908
QEKWFEPHVFVA,11756.279816513761
KEFEWPHVALS,4768.238532110092
VLFPKGSGRKDL,1952.940366972477
EANSNDLEPYS,1398.2568807339449
NVAGELRVSGYD,7001.816513761468
WQEHAGLWDAG,8193.183486238531
VSRDQPWNREY,5978.518348623853
AFWESRKSG,2767.532110091743
KANYAQHG,1746.7201834862385
HAEYFNHVEYS,10649.95871559633
PKAYNNNKAG,1319.908256880734
QVWGKHQYWDL,11608.788990825688
QGESYWYWNVG,10860.573394495414
KVRWKFKHFA,3132.6926605504586
PFHKDHDSG,1555.119266055046
AGRRVSPKDS,969.651376146789
KDQNWNEHLS,1983.3577981651376
PDKYNRPYHLS,3899.954128440367
VGHKLSPNVLG,2243.743119266055
QERHDADQFYD,3652.1880733944954
YNFVGLGREWAL,15157.133027522936
RYVRYQQYHDSG,6478.688073394495
RFNEEWKHDVS,2161.316513761468
FLDQLSLG,4266.940366972477
HYQESFSG,3271.2752293577983
RNNDAEYLPY,5687.1100917431195
FVDALNLRYAS,10623.050458715596
NENPKYKHSG,1385.0688073394494
RELWSFEQPYWA,19301.5871559633
RFRGDFREPKA,2396.5504587155965
FRRKVFWDRYNV,8757.830275229358
ENFWEPDGAG,3308.683486238532
HGWKVEFYKVL,20452.619266055044
SDQYNDYLS,3546.2844036697247
ASEGSQLG,1327.01376146789
WGYWKADLYKAG,5649.472477064221
NGGKPYG,1712.0688073394494
QVPPWPWNKD,3463.876146788991
EAGNVQKLEYNH,1463.0412844036698
VKYHYLG,4041.8440366972477
SFSYAQRYNDA,3744.8119266055046
NRDQFDLWALS,9335.490825688074
SPYGSQPYNA,3256.2155963302753
KPVYPKSG,996.7981651376147
PNARQFVKHL,4407.518348623853
FWQLEPGPWHDS,9303.926605504586
WRAYNWLG,13468.440366972478
RVVFDVQEYLG,16537.697247706423
RLRNNVSEALG,2370.5091743119265
YFLKRYLG,5541.293577981652
WDWFKDRPNKA,3060.935779816514
RLYARNVQWG,8642.215596330276
EFVNSNVLSG,2518.178899082569
VLRWAKLRNKAL,3864.2155963302753
VPLSYWRWNKA,7438.192660550459
FKGGNDVQYNKL,2845.059633027523
FVVLSQGPHVL,21370.683486238533
YSNNSEPHV,2210.894495412844
EHWQVYWNVS,12595.93119266055
NRFNLKASG,2807.197247706422
PNRNRWKVHAS,2603.940366972477
FFYKKQRYVALG,6103.215596330275
YYQQHVSG,2917.4587155963304
ESWGLGKDAL,2445.4036697247707
KPLYVVLSG,21346.596330275228
SKHWHWLG,8347.032110091743
AQAGRDFALG,2770.5366972477063
DGQELDLQFKA,3182.105504587156
PQSYHVARS,3727.087155963303
AASFFVSG,14864.169724770642
DGVNNKLSG,1126.394495412844
VKNHHVAL,2210.2798165137615
GPYDGAGKHG,1610.8853211009175
QVLQLREVLPKD,3962.729357798165
YQHPVKHL,3862.288990825688
HWPLGRALG,8813.532110091743
HYKNKYHDLS,2161.3394495412845
QNQNSEYHSREK,1008.9678899082569
DDSNLNLG,1853.4724770642201
VYGPYFNHAG,8175.811926605505
ARSPQFDLSG,2701.8073394495414
HRYLYSQEP,4883.348623853211
KNLYFKLSG,5843.09633027523
EGQPPYAGFRLS,5428.091743119266
EFDRYNAFYWAL,22557.243119266055
YAHKKVG,1580.7018348623853
AQHYFWNKHL,6612.146788990825
NFERNGFRYHL,12558.908256880733
DWLRGDSG,3284.9266055045873
QHFVSPYSDVL,11474.87614678899
VPNQDNKHDLG,1241.151376146789
FVEWWKSEPHA,5131.6697247706425
PSQRPLRKVLQV,2820.605504587156
EYQFEAQPHNA,3114.4770642201834
NKHVRSGYAPYK,3175.862385321101
DLLSNKDPKHSG,1039.4036697247707
YGYWHGREHGYD,9058.52752293578
SFQEQYAG,2626.788990825688
RRNGWRENH,3587.935779816514
YVKLPFEWS,12072.555045871559
YRFWHRLG,9526.325688073395
FKYAKQPDVAG,1625.0275229357799
WEDVKGHASG,2091.922018348624
FKNKGLQLSG,1743.1422018348624
DVRSGFDQASG,1819.3715596330276
YQSSVLG,2880.0733944954127
VDLVYVALSG,33642.31651376147
VRNRWWAG,8852.353211009175
WSRPSQFNSQPD,3541.8394495412845
QSSKLWLG,3773.0550458715597
VDLSDELSG,1621.2522935779816
PFGRYWNYHDV,15098.412844036697
PLSKVHGPWVAG,5083.90366972477
KGNEYFYKDV,3080.935779816514
EDYLPYHSHV,5477.935779816514
DHSPRNSG,1472.4633027522937
PGERKQWHS,2210.9587155963304
SSEWKRLG,2274.9954128440368
QGSLKDVLG,1478.0229357798164
WVAPGKDGDS,1532.8761467889908
AWLREELG,3577.6330275229357
ASYYYHVSG,7951.252293577982
ASWLFRDKAL,7537.4908256880735
RHAWVAPDEPNL,3427.802752293578
HLAYDYKG,4073.362385321101
SKAVPVSG,1106.288990825688
FEGQDQEHLPN,1687.4816513761468
EYHEKLWRWNH,8024.004587155963
QFPKQDLQAQP,1585.2018348623853
YPKAGDLQNKLS,1257.633027522936
LWKYNFEWAS,11853.422018348623
PYHQWDVFEDFV,14550.238532110092
FHWFPDSQVALG,11780.38990825688
EYFWLFVPYG,41817.92660550459
YPDLDGRNKG,2022.98623853211
KNFYNWSG,5751.353211009175
RPYNDHDQEFHS,3147.940366972477
YQKEEYNHDA,1507.4449541284403
YRHWDVQNDVG,3929.678899082569
RDWSNVEHVG,3469.7247706422017
RNKVNDVFEHDS,1649.1284403669724
DHRQASG,1163.7064220183486
PGSDRKG,884.9220183486239
RPGYFKLQES,4312.95871559633
YNKYPWFRHDA,8056.307339449541
YLWPFKDG,7559.385321100917
QPNNALFAAG,4463.275229357798
PHNYWAEWKDL,6919.422018348624
EPSWAYNSKHSG,3209.087155963303
PHWQDQFKHL,7544.674311926606
VFWNKGKQFRW,7998.59633027523
KWSDYDVS,3442.233944954128
YWPLHSFNHDV,10318.45871559633
DEKFYEDLS,2203.8394495412845
FSSKNASG,1574.0183486238532
SWLPVYHAL,21879.47247706422
LNVQLYVAG,29011.449541284404
QFRRRWKVRHV,3829.8669724770643
EHKELPYWNG,2478.4954128440368
RYRGKGFYSG,4662.495412844037
DDQKAWVSG,1722.9816513761468
PNLAPWALFNK,11738.266055045871
HHQSFAG,2890.738532110092
HLARGPAS,3000.7752293577983
EYRGVRYHVS,6696.98623853211
SLQNSHG,1904.8853211009175
LSLDQDLG,2639.770642201835
WFDQRPGNVL,10859.344036697248
VRPSHDVYNLG,3255.2752293577983
LRERWWNAG,8326.69266055046
WSGSVQRPWHA,10122.79357798165
HVAQAEKDLYK,1226.866972477064
PFPESFEWNS,4740.917431192661
VFFYHWKS,8114.518348623853
WKVSAGGPKD,2105.3440366972477
LRDQKSRPNSG,1277.8715596330276
DKAEHYKG,809.4174311926605
SDKRELG,868.0321100917431
LEYHPWWKHA,10171.720183486239
KKSHPWHVLS,3397.8348623853212
PKLDKVSQEKD,691.8440366972477
HHSNPKG,1471.6697247706422
VRDEGWKHS,1883.7339449541284
NKQGVGRPDVG,1371.7339449541284
YLPAPVLWKHA,7777.119266055046
HWRGYWNAG,10189.238532110092
KWRYAWG,8484.605504587156
PDNGWHVNKLS,3499.793577981651
KNLLYHDASG,2672.0825688073396
EEQAQHDVS,999.7614678899082
LHPSFHG,5998.605504587156
FEHRPDDVPHV,2155.545871559633
GNEALEALSG,1433.1743119266055
HAFGVGWALSG,11105.073394495414
KRSEYGKAG,989.1146788990826
ENHYGFPQWNL,12329.412844036697
SHFSNSG,2474.105504587156
HGYNDQVPDV,2169.5
QRGVHASFWNH,8012.807339449541
PDEYDSLEPKAG,1538.5229357798164
RKWDYHRNDALS,3502.077981651376
PPPHKHDALS,1335.1238532110092
LGEKKQFHDS,1750.380733944954
PKDNDEYLEPWH,4150.8899082568805
WAWVLDGYHLG,23451.633027522937
LRWSYSPYWD,22806.229357798165
HGVYWDFEYWD,29500.110091743118
RKDYQWHAYAG,5510.091743119266
YSSQDQFASG,2568.564220183486
LQALFEYGRKDS,4998.128440366972
NELKKVSG,1130.8256880733945
PPADQKDAL,836.8669724770642
QHSLFREWDQPY,14440.279816513761
QAHAWARPYWS,18404.65137614679
NANGAFPWNHS,4826.0
EAYLDQFRPNH,4374.160550458716
ASWSNAPKVAS,2207.3073394495414
FRALYHFYNVQF,23838.376146788993
RNRQENKGNLSG,1260.5366972477063
FDGRESQDFNHA,3600.623853211009
DRHEGFWNKH,3087.4587155963304
QWWARYKVRPLS,11381.853211009175
GPWQEVPYKDA,2907.3440366972477
QEDFRWHWVLQW,25418.60091743119
PDQDDAYWLG,5563.073394495413
QSRYGRAQEPV,2222.770642201835
LGYVLNARVS,12168.697247706423
DQGSYWLG,6757.385321100917
FFRAVAYWKHV,11502.055045871559
LVLFNYWNHDL,26046.16513761468
WVVLPKDLQFYH,27760.688073394496
ASKPAGFENHAL,2028.3211009174313
DGHSHDQYNDVA,2009.0366972477063
KFKYGRPYHAL,6183.5
QPHARKDWNVNH,3044.256880733945
QVDGPDQWVAL,6329.059633027523
FHFKEPNGRSG,2989.816513761468
HELQLFKLG,9874.357798165138
KALQYDEHGFD,4414.417431192661
YVPHEYAGWNDA,5499.98623853211
FEVLFYVRVSDS,33615.733944954125
LYRPFRG,7722.01376146789
YQYVNGWNKV,6346.344036697248
KRFSVALG,4164.660550458716
RQPSALEVL,2297.9862385321103
NYWASEDQFEYL,11969.169724770642
HQQNADALSG,1265.2522935779816
PRQWNDRG,3425.4036697247707
RDRVDGRWDVAG,4011.4266055045873
QFARAPYGFNK,6503.174311926606
QNKSFHGVWKS,3260.298165137615
NQVKDKAG,801.348623853211
GKSSGHVALG,1974.366972477064
YLPQWFEPKLSG,8775.330275229358
VQSRRVSG,1824.6284403669724
AVAHPDSG,1322.908256880734
QRDYVSKENKDS,857.0688073394496
YDRARAASG,2263.151376146789
EEHEYFKDVAS,1683.3532110091744
WAESQAQAL,3210.077981651376
LFSVENSG,3368.743119266055
PFVEPGKSG,1707.3073394495414
RNWVQFALND,15070.444954128441
DQLALFNLSG,9531.454128440368
VSFFSDVAL,21703.559633027522
QSVNWVG,3867.766055045872
PDEYRLYWNKA,6108.275229357798
LFRHYGQPNKH,3565.412844036697
KFRRFHDVASG,3050.8577981651374
WNYKVVAGYWD,18282.55504587156
KKHPEWALG,2037.7798165137615
YKSKRSQPKHL,1191.605504587156
QKVRPSKAFNA,1090.697247706422
WSRERLRNHA,5001.564220183486
NRQRNKHSYWHA,5001.518348623853
AKDHAASG,805.8073394495412
HGHPQPKS,1467.1834862385322
FNLSGEGKSFPN,3527.316513761468
VWDRYDVYLG,21827.876146788993
FWQWPYVWVLSG,31304.119266055044
FYVFHDYHDPK,6405.261467889908
QEHADQRALQW,3666.5366972477063
YQQPHEWHS,4629.90366972477
QAYWKAAQYWG,8984.137614678899
QPPLDLFEWKD,4186.422018348624
WAGPALLPKAG,2996.408256880734
RLPFRKPWVG,7809.45871559633
HVESPHALRHAG,3405.3853211009173
RHAYGEDYKVS,2398.3256880733943
KHRKREKVNAS,569.0412844036697
WPLPQEKLG,2261.266055045872
LSANRWLG,6869.665137614679
YSNLEVENDA,1823.9816513761468
FYAGEGPWFKH,10694.756880733945
NSNFQPYHV,6924.784403669725
PDPYDFPDGREN,2713.591743119266
NGDLSLRWND,5583.412844036698
YKFSFEVQEHA,6164.766055045871
GNFGVAL,5928.40366972477
YYVPPHASG,3314.206422018349
PYFVHLKDAG,8626.798165137614
GGWQFPYWVSG,20356.55504587156
VAEKEAGVS,1030.3211009174313
DGHHLKDSG,1154.302752293578
VASWYDVEYHD,12215.146788990825
PKHNGQNKSKDV,808.7339449541284
PLGQYGNENKL,2037.3990825688074
DPNVSSQFPNHV,1993.7568807339449
QKQPEPFRPYKS,1517.98623853211
KKLRDNSG,695.5183486238532
NSYAKAQVS,1215.408256880734
QWSSHDARNAS,2344.770642201835
AKSFKFDVASG,2122.6605504587155
QQWKSHSHDVSG,1603.894495412844
NPKFQEKSG,818.848623853211
PLGAGHDFYWKG,7147.844036697248
EFAGWFDVLG,12765.678899082568
RWPALPHSKG,2805.3990825688074
FDDPHAFALSG,5060.119266055046
DSRDSWNEPDLG,1970.5963302752293
RKKQAFPYKHAS,1152.8119266055046
PSVPSGRYWVL,13842.481651376147
AVWQYAG,6833.188073394495
KEYWQRWDSPYH,11014.137614678899
DWEVAKS,1656.2614678899083
AKPYAHALG,2643.97247706422
LYFESWVA,15037.90366972477
LRFKSFSG,5493.683486238532
NGNYFYSG,7288.9495412844035
AGPKRNLWKHG,2022.605504587156
VFRHEGNDG,1735.1605504587155
VFENYNGPVAL,6947.284403669725
ESQDVPARDLG,1027.334862385321
PRYVWHGPVAG,6329.8899082568805
GQPVAFKWNKD,1923.9770642201836
NYLGELQRYKG,3575.862385321101
YFLDVVALG,19705.756880733945
KAGKPYNVYKG,2024.3211009174313
LGSAGFVASG,3360.9862385321103
RQNSHDGWVAL,6460.623853211009
ASWASDLNSG,2226.5091743119265
SYNPNFYWVA,14348.752293577982
KRHPLEVG,1793.366972477064
LHGWGEG,2927.821100917431
QGVFDLYSG,7970.770642201835
FQGENQPWHDLS,4227.48623853211
DGVAGPRHVA,1699.9220183486239
SFKASKQPA,1204.6376146788991
QQGPPNVL,1560.2798165137615
RFHAGLFVAL,24820.532110091743
NARQPWGYWNHG,8946.036697247706
FAWSHAFPNKS,4614.0504587155965
SWPDGYSG,4386.573394495413
NRWAAYNG,5148.247706422018
FFYRVRPYHA,7314.3302752293575
NPESWLG,2500.8899082568805
PKNEKARPHD,973.3119266055046
PDKDKFKHDALG,860.2844036697247
KFGSFHDALS,3220.4862385321103
DFGKDVKDVL,1224.7018348623853
APKERPVAL,994.1467889908257
REYNGHLQFQR,7821.701834862385
VRYKYFVASG,10042.059633027522
KYFALVG,8593.165137614678
KFQFSEYKHDG,2671.2522935779816
PEPRKQKVLS,922.5137614678899
GAYGRDVSG,2180.5
GWGHLVASG,5312.165137614679
PHDARKLQQYKV,1940.3623853211009
NWVHYHG,8754.798165137614
AWYGEKL,3685.6284403669724
QRFKVLKAGEPS,2029.9908256880733
AHRHYKHLSG,2744.6330275229357
AWKFSALSG,5646.701834862385
KHYQWNFNG,5488.646788990825
DSFYGGEYKL,5582.862385321101
RANYKDFPWS,6196.192660550459
EQLQKGHSG,911.5917431192661
HDRQDALKALS,1878.045871559633
KPEWAWVG,3853.0
KWSDRDG,2369.376146788991
LYKARFREYV,6555.399082568807
WVRHHQWNHA,5947.683486238532
EGWDGAGYWKSG,4715.779816513761
VNDDFDSG,2027.4220183486239
NSSYALFNL,12343.43119266055
LYLLFVALS,16673.67889908257
KAHNQRLG,1696.1284403669724
EDKSGGQYAS,959.4678899082569
VQDSPARASG,1035.7385321100917
NLKWHDEWDLSG,5139.816513761468
RGYRRPNKHLS,2464.270642201835
DQHWHRYVLSG,9738.628440366972
NLGNYKLPHV,4052.97247706422
SQGVQRAG,1476.3302752293578
RAAAALG,1750.7431192660551
GNREWFEG,4205.091743119266
RQFQFHSASG,5712.564220183486
WNFGHVKVLG,10257.009174311926
RRVRWLDSG,5372.266055045871
PDLEEKAGPKG,820.7339449541284
EHSQVVSGPYDL,3174.9174311926604
KHHYLGLG,3633.9954128440368
PDKFSFWASG,5122.834862385321
EQRVAEVFPH,2156.5412844036696
GRRDKALSG,1025.1284403669724
NDQDYAGASG,1696.7706422018348
FYQVSQKSFKG,3279.087155963303
YDQAKSFKA,1919.9633027522937
NPSYPLSG,2118.5412844036696
FDDDASNSG,1558.894495412844
VGSNRPLG,2009.2798165137615
NKEQLSEPWKDS,1142.9220183486239
NKYPKAEYALS,2000.8211009174313
PWPKPAGEPHDA,1706.0183486238532
YKRSPYLPKSG,2393.7798165137615
KSHLYSKHDAG,1807.7201834862385
SYVEWEWHDA,8855.20642201835
WDAWQRVLFP,32053.75229357798
PGKNLEVS,1239.51376146789
WNERYAHVS,7889.293577981652
YPGPGPDV,1997.4128440366972
FRDGLGQSFYVA,20340.155963302754
NRFHWAL,13385.114678899083
QSAGDQNASG,1021.0321100917431
HGHAAGNHVAL,2821.862385321101
VADAYHRYDG,4854.123853211009
APDFEGRDLG,1808.967889908257
QLLLHDALSG,6882.793577981652
DKSQSYDS,1038.073394495413
DENSHSRYWV,6930.995412844037
LWNPPDVS,3163.7798165137615
HDFFVGRPYHG,11398.58256880734
NWHANVFREYS,14224.302752293577
GQYEEHVAS,1809.408256880734
DWHEGNAS,1980.2935779816514
NAWRQHDG,4260.064220183486
PVDAKSEYNDV,1385.3256880733945
PWHDQFNPNHQL,6665.206422018348
SFKGLPNDA,1824.51376146789
WSPLFREVFDSG,13893.559633027522
DLGNVFYVGEPV,14773.5
VAKYPDLSG,1920.954128440367
DAVSQDYHV,1902.4036697247707
NDANREDEPV,1050.197247706422
FFRPNRFPKDV,4003.7201834862385
VENHYHFKDG,4077.422018348624
EVKLPYDAEL,1855.4816513761468
KERHLELG,1515.0825688073394
WAADSYASG,4557.321100917431
LKDHGNDVAL,1701.1834862385322
PEQSQEYWLG,5062.591743119266
EEPEDEHVLS,1024.4357798165138
QRGWNLQSGAG,2908.5045871559632
WKNFREQRKA,1602.5963302752293
SFGRVNKDLS,2810.577981651376
KPFLALG,4408.417431192661
WFRWAFWDFHD,28219.55504587156
PWADLNKHVNSG,3017.032110091743
VARELDQWAS,4505.032110091744
WKPDSEAEPNKS,1002.151376146789
PEEYRNLS,2773.151376146789
VGHWNGRPNHS,3763.848623853211
NVFEQNKAYWHD,8133.357798165138
PRWAPWPHLG,15577.555045871559
EYQQPWHVQN,4087.5366972477063
AKLQSRVALG,1996.908256880734
EHQQGFRDVALS,2348.9816513761466
RAHLHPHAL,5257.798165137615
EEKAWGQEYWHA,4803.761467889908
KHELEGRPL,2288.6422018348626
GWSPFWSG,23050.169724770643
DAWAQEANVAS,1888.4311926605506
FFDLSDRDL,4361.073394495413
WSFHSLGRAS,7303.527522935779
EEYPHRPYWNA,8581.490825688074
HGVVGVLSG,4955.036697247707
QKQPPNDLSEWN,1802.0412844036698
RLPDPNGEHVG,1543.3256880733945
AWYLASG,12445.977064220184
EFKGYKPWNVL,6282.261467889908
VLNPKREPWHDS,3283.935779816514
HWQSGWG,9831.926605504586
YDQQEPDGHS,1717.1880733944954
ALPWDGVGFNDS,7068.440366972477
EDRRWHNKG,2014.6880733944954
HKHGHRWNSG,2942.7477064220184
LKVVGYSG,5644.224770642202
NLHEWHYHSG,8706.408256880733
VPFSFWSG,14131.137614678899
HDAPHQWDLEK,2355.4954128440368
HAVNFYALS,16231.871559633028
NVHHHASG,2502.2201834862385
PYEVAYVEYG,45452.56880733945
SLKAEALS,1700.7568807339449
WVKVQGRPS,3949.7201834862385
FYAWPDQWNV,12935.302752293577
GWQYRKLG,6189.811926605505
HRPRRPWNDG,4207.665137614679
HWKQQFRDVS,3508.467889908257
PNGESGFYPHA,6219.614678899083
LRKFKWNALG,4145.614678899083
WPQNYDSG,4271.98623853211
SAQLFRKHS,2790.0733944954127
FQSESHSG,1611.454128440367
DYHQHQFYKLS,7258.720183486239
VAYYGHALSG,7245.417431192661
EVYWFALKDVA,29820.935779816515
SKAPREAL,1134.2385321100917
KDLRQWKDVGNL,2585.0366972477063
LHVFYQWVSG,19962.69266055046
VYNQHEPWHG,5683.844036697248
FNSRASKDRNVS,1728.366972477064
FDRPGVAFNKV,3801.348623853211
FHYGLPYAL,13017.899082568807
VFAAGEAG,2305.1651376146788
LWYFKDG,6266.481651376147
GYLKAYVASG,7557.04128440367
DLSRDFPVAPND,2603.7798165137615
LDHAPDL,2672.0183486238534
YHKYQEALG,2333.97247706422
SNGLRYVAS,5741.876146788991
REAWSGGRPKHG,2346.880733944954
NAYKQSFHDL,4643.233944954129
KPPVKLSG,1047.091743119266
LYKAKAFKLSG,3054.0733944954127
WARHVFGEPD,6894.380733944954
ASVYNDPHLG,3284.848623853211
AQKDNAYNHL,1732.045871559633
QLQARREHG,1977.3165137614678
QNKRAAGFEYWN,5451.619266055046
NKFAEKRHLG,1869.2752293577983
PSSDPWAG,2550.233944954128
GYPDHVLSG,3652.2477064220184
YRAAKAG,1626.6834862385322
FPSSYHVFPKVL,16749.683486238533
PKFLVLRPWKDS,13110.908256880733
NEEHLKLSG,1493.5963302752293
FNYAGKLKALS,3771.3394495412845
KDKGHDNHDLG,1111.559633027523
VPGRRESG,1145.1146788990825
FQNHHDFEWNVS,7951.366972477064
VARYYSQPNKDL,4852.5091743119265
FLSWWNQASG,6548.0091743119265
NRPFVREYWLS,21985.243119266055
SGVWLHAG,8407.926605504586
PHWAQRAWDG,8742.238532110092
QQWQHVFYNHDL,15378.426605504586
FVVKSGNDLG,3027.3577981651374
YQWEKLPVS,3841.3669724770643
EARNYKAALG,2104.6559633027523
SVSAALSG,1703.665137614679
HFSQYFSG,8492.555045871559
HDVGQQKYWS,3505.077981651376
FPDNYVSPKSG,3126.47247706422
LDYVAPLG,4073.7247706422017
AEGAHLSG,1528.6559633027523
LRPEPKKDLS,949.683486238532
RDEGARWDLG,5733.802752293578
RQHNKYWVA,4992.532110091744
FPVLFALFWQDL,38683.01376146789
DFPVKHPWKHS,2993.2844036697247
NLLWENSG,6118.146788990825
WDNPSQHVALG,5571.233944954129
KDSHGYDAKH,1436.5229357798164
KAEDSWHWKAL,3623.6146788990827
RKKVYKYASG,1214.5963302752293
EWHGDFNHKHLG,4221.756880733945
DHQWYVLSG,11535.559633027522
HNNFDLG,3628.2844036697247
DLQEPEKVWHAS,1774.2431192660551
QDVNWNKSRHSG,2070.733944954128
DQQLWLSG,4195.655963302752
FHGWSVWNVSG,12630.504587155963
LAQRFKAS,2928.8853211009173
YRNYNNHG,4207.284403669725
FRYHFDVGFFNK,14962.004587155963
WREPPSWNSG,5102.068807339449
AVSEWEDAS,1752.98623853211
KAGKGLSEKALG,789.756880733945
FQFGVSEPNDG,2890.5183486238534
KYNQENPHVASG,1483.4908256880733
VAYWWSPYDVS,20347.82110091743
QPDGGRSQNV,2165.6926605504586
PWDSWSQLWKV,16888.197247706423
AELPWNFLS,16128.536697247706
PELEADAG,1155.0366972477063
EADDHALS,1116.0504587155963
KRENWDFWVLS,14076.481651376147
PNLYQYKPNHSG,3715.9816513761466
ERFLEKG,1735.4036697247707
KHAGKESGHDG,834.6788990825688
RHKKGRLS,783.0091743119266
AHPHKVG,1429.0091743119267
VEKWQWNLG,6230.339449541284
SPLNDRVL,2137.293577981651
WPNEPSFLS,7943.5091743119265
LEWQRGRDV,4836.440366972477
QKAQFAKPND,1268.091743119266
EHHLWHWHS,8944.412844036697
LSREPQQENHLG,1521.1422018348624
PDEPPASQWHAG,2034.4128440366972
NQSFSRYSG,5313.206422018348
YWFHDRYDFEY,19346.564220183485
LFREEKLFRYS,8197.95871559633
KHRAWQHAG,2643.211009174312
GEYLLSEWHAG,8552.894495412844
HHSEYEYWNV,6972.243119266055
HPNRVYKG,2255.8577981651374
FANHQFEFWAS,14990.857798165138
YDAGYLYPWDL,17617.633027522937
FHSPAGRNAREH,2081.0825688073396
ENHPPKDLRWHD,2693.97247706422
GYDAARYWNVSG,6453.977064220184
GAQWDNVLS,4239.366972477064
HGQPKPAFPWHG,4481.665137614679
QYVAVLRASSG,19921.66513761468
KRHSRQRAG,1157.8761467889908
QRGPKASEKVAN,656.0045871559633
EQPAEAASG,612.0825688073395
YNYLKAFYHDA,5313.995412844037
GQFGHVPYHDG,6120.660550458716
QNPFQFYKDG,5293.646788990825
PGYYGHDASG,3901.5504587155965
YREYGKDRAG,2033.697247706422
SRRLKLSG,1848.8440366972477
WGDYNGPNHALS,4841.711009174312
KWPHHLSG,3088.376146788991
RVHRNHQWAG,4264.876146788991
DDEYQPWKAG,2227.683486238532
RYEEWFYWDALG,17922.19266055046
RNSLKSGQVG,1378.5183486238532
RKWVGDVYKHL,5086.087155963302
YWHLDRPQEPWD,10368.055045871559
EYVHSYNEYDVL,8724.215596330276
KHSWDPASYKL,3383.0183486238534
PDVWSGQNGSG,2046.9954128440368
HYQRSRLG,3838.894495412844
AQRGGNDVAS,1095.2385321100917
FQLAFHVG,15758.059633027522
HWHHFDLG,8522.490825688074
VLRAKSQNLS,1882.073394495413
YRRYAQPALS,4295.01376146789
VDLNADAL,1647.7064220183486
LSQDHDQYAS,1722.454128440367
VPFRSFAG,5471.100917431193
GHQYSWSG,4897.481651376147
KWSNVFLSG,7373.564220183486
NVKWVRPYHAS,5522.545871559633
LWQLDSG,4456.646788990825
VWNYFPWSG,15207.02752293578
PELPPHDAL,2527.9495412844035
RVWWWKHDVLS,10689.41743119266
LAWDQASG,2544.7752293577983
HWYQFSG,8987.738532110092
AKHYGHLSG,2068.2798165137615
GLRWPNKHVAS,3141.3577981651374
LKWAPSG,2674.908256880734
PWPWNGDRWDAG,7922.9495412844035
SWNRDRNHL,4031.3899082568805
QEQSDSRENHDG,955.5275229357799
VESNYALS,2694.47247706422
EAKQVQWNHS,1412.6788990825687
SLSGSYAG,2359.5091743119265
WKHWFEPDYDV,10247.077981651377
HSFSKGFPHVG,3642.5412844036696
PKFELAGQEYK,1975.2155963302753
EWYQENRAS,3709.733944954128
WRWEQEPYNHL,12976.422018348623
WWFRWWHALS,18311.169724770643
WDPHGPHYNKL,6209.128440366972
VPNERHVG,1309.380733944954
EVGSDSEDVL,1017.8532110091743
DEPYYGWNS,6323.95871559633
DEYDVRAQHVL,3774.261467889908
HQRGSGEPNV,1244.5366972477063
PQRGVAEYKAS,1732.3623853211009
FLGEKSQDPKL,1652.6880733944954
KPWVHLPKALS,3644.912844036697
DQYQKAQFDLG,2604.669724770642
HQWFNVHALG,12747.426605504586
HAFLRDAWVS,12758.04128440367
ESVRGYDALS,2264.788990825688
HHLFHENHDA,3014.5091743119265
AWLEFASG,10335.871559633028
KNQFKNLG,1706.4816513761468
KLFHREWDFYHV,15411.908256880733
NLWYFWHSG,14173.146788990825
GNSWLFDL,15866.165137614678
LRAPWDAYHDAS,7729.082568807339
VSVHEYSG,2594.7522935779816
LKWLPHASG,3656.706422018349
GEFDLLSG,5157.018348623853
WYGHRNKALSG,4165.348623853211
WGRWSQWQRDV,11521.935779816513
NQDAWNQNHVG,2539.9816513761466
VEVGYQHLG,4261.091743119266
WSKYALEWKAS,4686.715596330275
VPVGGRKSG,972.7614678899082
YENKHGVREN,1598.5183486238532
DYDKLRPG,1457.665137614679
QNHQWKQDVGQD,1448.1880733944954
FERYNNALNDAL,4695.233944954129
ELFLGQRQESG,2342.2477064220184
DLGGNKSQYN,1599.7201834862385
NALRAEYWAFA,21255.155963302754
KVFSSGFRK,3100.105504587156
PDGNVSSKHDS,1149.591743119266
NVSHEKPWKL,2313.802752293578
QARKYHRNSG,1381.3119266055046
FLLQGQAG,3655.766055045872
WPGWRYHDVA,13243.444954128441
AAGAFHDG,2662.2522935779816
VPDSLPAG,1204.9724770642201
EWYWFHLFHDS,20646.183486238533
HVRVPNVPWDVA,5994.220183486239
NGLYQFRPYVA,14674.651376146789
EDYVQSGSG,1496.98623853211
SAGHANVAS,1408.8256880733945
LGHQHQEKVS,1204.2844036697247
VSAEKSEPYLS,1145.1376146788991
VSKEAGHG,880.256880733945
FAWHDAKGEWNA,3835.880733944954
WDYPYKFHLSG,8945.256880733945
FFRQSRPYWKD,7477.119266055046
HDNPFEHSG,2925.6009174311926
VDGYVYVSG,19493.17889908257
YVYSGEAGQPDA,2443.0
HVVHYALG,9221.545871559632
QYHGYVKDELG,2762.6651376146788
YHPVLPQHALSG,3238.9311926605506
HQPEEYVAL,2044.3073394495414
SHFVHAS,4484.4495412844035
DQRKHGKSNVA,889.5045871559633
LDVLPQPVS,2812.6284403669724
LGFPGWVGQV,8894.064220183487
WKHLKLSSWDA,6438.559633027523
ARFVSRALS,6520.821100917431
HSNRSGYWNS,4665.215596330275
RYDNEYNGVS,3560.5963302752293
YWERYNWAS,10108.385321100917
EEQKEDVALS,808.4174311926605
WKLALQVEYKDS,13144.550458715596
EPGFQREAGQHD,1895.1376146788991
EWNDQYRDAGWA,9521.48623853211
LVSQQFAG,4047.1146788990827
WHKNFEVG,2961.0733944954127
DPQKWDVALS,1919.0963302752293
WSVWQHDAL,12183.504587155963
LDNHKDLG,1592.834862385321
FPRRSRPYWKHS,6712.729357798165
HFQNQKVAG,1877.288990825688
GNSFNFDSG,3809.4633027522937
HKFPRESG,1601.3532110091744
KFEFLQFRWVL,32484.871559633026
VHGFQLSG,5260.48623853211
HPHRSYNKVSG,2496.830275229358
NQAYPASG,1989.0045871559632
GWRYGRDVS,5948.100917431193
NARPVNDQFHA,2813.4633027522937
RHVFRHFWVGNH,11258.853211009175
AQAVQWDSG,2194.2155963302753
SQAYKAREKHS,1210.7339449541284
FNSPYPGFRHV,12053.366972477064
AHEWGYG,5999.128440366972
GWFRVFDALG,21110.509174311926
WRKLANHAS,3365.6926605504586
YAASQPKSNKHD,1579.8073394495414
NLLGHLPWHVG,13971.119266055046
KYAVWKLSG,4770.844036697248
DSLQGFALG,3880.3990825688074
AQNHHSFSG,3140.4770642201834
SGEHVGFFEYNS,17161.903669724772
NQSGHYAG,2443.623853211009
NDLQDEYEPKHA,1592.9770642201836
FQSNRVG,3154.6605504587155
HYVWPHDVALS,10774.298165137614
NDHPRHASG,2290.6605504587155
LKWFVSG,10603.142201834862
FPLWHVQPVVL,40287.24311926605
KKDWFEKAL,2002.6880733944954
RKPKDASKDLRE,662.8211009174312
ENNNYNDLG,2001.045871559633
LSSWEDAG,2772.3394495412845
WYYFNALSG,6585.440366972477
KVGYLEWSQKL,5556.853211009175
QDGFWRKVSPK,3430.1743119266057
REQFFRELFHL,13489.467889908257
SGWGLFDG,11803.30733944954
WLQFQKVQNAG,5911.128440366972
YWYNYWLWALG,8707.967889908257
RQRHKEPNKHL,1264.5366972477063
PWADDAQPWNV,8149.706422018348
LPEEYHG,1942.045871559633
KSHFHLRPWHVA,8335.444954128441
EEKANLYNHA,1796.288990825688
YGFHGQWPYHV,19527.330275229357
SFKYKHRNDV,2290.6743119266057
PPSPPNASG,1004.9770642201835
VWQQFHALSG,8438.495412844037
RPPVHSGKHSG,1407.4311926605506
FHPFVAWNSG,9729.87614678899
SRDFWQRPYS,10683.935779816513
HHAHKHAS,1456.98623853211
QVDNLRNDAS,1390.591743119266
HDRKAEYQYDL,2997.5963302752293
PRDYFDLSG,6349.224770642202
DKHPSPALS,1210.9587155963302
RSWKNVGDAG,1947.9633027522937
QFASQYYNQYL,9124.880733944954
PWKVWSEPSPKH,3901.5366972477063
GHQSHSG,1655.665137614679
HGEFLQHDV,4894.591743119266
QNWENKYWNDG,4407.582568807339
YNLKRELRLS,5332.527522935779
LWGYGFEG,10036.559633027522
PEKKRPDVSG,835.9036697247707
KVDDNVAL,1299.0045871559632
GFAPHNDVAS,2534.8990825688074
AKGYEALS,1462.9724770642201
FPFSVAPYWND,26593.403669724772
WKPEPYQLG,3794.743119266055
EREKEHLFRH,2590.848623853211
HRDFQWHVL,13590.628440366972
HLSSWNVYNHA,8357.362385321101
KHYRNGFPYKG,3365.97247706422
YRFQFEKVAG,5742.1697247706425
SPKDLWQLG,2944.3256880733943
APLYFWSG,17547.559633027522
EQWNYKQEG,2048.6009174311926
GNLEHNVG,1947.1559633027523
PLGHLSFPGWK,10898.261467889908
VYKYWQRASG,4750.302752293578
EYWVKGKDRKDA,1583.51376146789
KANEPPWSG,1969.2752293577983
EFKPALEPYV,3716.1743119266057
ADVQEVNDS,987.0045871559633
YDRGYHVDVLG,7689.022935779816
PFERYREWHDS,9772.004587155963
KFSQFHQWKL,6648.853211009175
HPVQLFNHVL,9655.334862385322
WFQNEKG,2503.8990825688074
AYQKNDG,1281.51376146789
QKPWALNFEHS,4303.931192660551
GKLVDALSG,1729.7064220183486
AHQPAALSG,1796.2339449541284
QHYLGQEKAYKV,2580.091743119266
HSQVRAGVG,2001.1926605504586
EARYWSEVQYHD,9820.018348623853
ERLVFPLS,13039.183486238531
WYKWRYWHDVG,13086.169724770642
NFKFEWAKALG,6041.633027522936
SYLSRSALS,4877.316513761468
RWRVDLQWV,20546.660550458717
DSWGGRHLS,5175.834862385321
WFSHPYVSG,11705.899082568807
GRSNVRHSG,2306.0733944954127
KSYWKQSFLS,5049.577981651376
LGYPFEYWKLG,15855.52752293578
YNEHRWKVKHDG,3048.683486238532
FEDPAFPSNKL,2026.4587155963302
WASRDGRNANK,1976.1100917431193
PVKLDAGFPNKA,1920.440366972477
NHNSDGPHDG,1635.0091743119267
NNNHYDSG,2571.1605504587155
KWWNVYG,11257.688073394496
ESFVQALQFEWG,15373.050458715596
FNWYLGPKLG,10458.747706422018
SPPSQDVASG,1159.334862385321
RDFWHPNHPWNS,9727.51376146789
EVVKFKVLS,12573.977064220184
YKGQNVQRVWHA,6216.788990825688
PHWLQWRDLG,15857.325688073395
RYYQREEVG,2775.711009174312
WRSHYALS,9492.371559633028
HAALRVPLG,5528.302752293578
EKKGEWPHLS,1496.8073394495414
WSPHDAPKFEYW,12915.165137614678
DAEDLWNRDL,4495.362385321101
PYNLEWNDYNVP,11455.045871559632
RRNNLEWNKHSG,2375.5091743119265
GVQRPFLG,7169.807339449541
WHVSAKHLPDL,5340.119266055046
LREFVRPYKDL,8953.155963302752
QGLVREAG,1865.8119266055046
YLYLNDQEYKV,6723.201834862385
PAKFAQRYHG,3779.435779816514
NHQEGPDSQHA,1313.7385321100917
KEPDGVSPS,745.5688073394496
EEPQLYVS,2819.6743119266057
VRLEAPDG,1798.651376146789
DSPLNVLPYKG,2572.183486238532
DLLHKSG,1629.0825688073394
NPQVESG,873.1559633027523
KEDVLVSPKG,1040.7568807339449
YFDNRELG,3462.9908256880735
QDLFEVFPQKDG,7446.90366972477
DLPDWHDYWKLS,6739.220183486239
YGEYLSLYKHS,5887.224770642202
PWNHNYWKLPYN,12159.848623853211
YHDYKRLQYDS,4179.275229357798
KGLNQVLSG,1785.2844036697247
EYKEGFELPYN,4057.2752293577983
KYLPFNAG,3981.330275229358
WQFREVSWKALS,18987.215596330276
LYKWDPALS,5039.252293577982
FFLSNDKALSG,2759.678899082569
APGDPYDVSG,1487.1146788990825
WGSEQVSG,1832.3623853211009
FLVPYVEPN,6035.3302752293575
YFLESFHAG,7879.577981651376
WSYGGQKG,2575.1926605504586
NNAVDVALS,1858.880733944954
YDLGNAKHDLFK,2644.1926605504586
EKRGKRNHAS,750.3394495412844
SKPRASG,1092.5642201834862
EVALDVYDVAYS,14218.766055045871
AQNGGEHS,980.0963302752293
NKYFPWQRSG,5355.977064220184
FFLNSLSG,3858.8577981651374
GGQLFASG,3835.197247706422
LFLGVSYG,15682.018348623853
WVRWKWVEYALG,20510.091743119265
PSQLFFEPG,9159.536697247706
RYWDAAKSPWVG,7300.201834862385
LKGVGHG,1663.3853211009175
EVDVEPDVRASG,929.4587155963303
LSNYAPHVAS,2977.821100917431
KSYQQPYWKAS,3575.201834862385
FYPVEPDRPNV,2952.5229357798166
WPDVARVSYWHV,21316.142201834864
HAWLQDQYLG,9519.899082568807
YSQPLWQEPHL,6156.54128440367
KFDKHQRSG,1140.0229357798164
SQAYAEVG,1637.6009174311926
NVGQSENLWDVA,2666.8853211009173
KGFVKQFRSG,2770.1146788990827
YWSLYNLPLG,10066.981651376147
HGSSWKV,2477.1605504587155
PLRPYADREKLG,2031.091743119266
WEKSVLEWKHVL,7648.04128440367
FVSYWGHLYWKG,10429.963302752294
QVQAEAFKAS,1137.6788990825687
GEFLHASG,3602.8348623853212
FSDLHAPYAL,9179.454128440368
PKYWSEFYKDV,5659.9908256880735
NKLNWNEPYAG,3681.091743119266
VYWVFHDFVS,25960.532110091743
AYNDSVSQPV,1608.334862385321
PKGGQFRGQVAS,1848.1926605504586
GRQSPDVLSG,1278.0045871559632
KDEVWNSWKDVS,1668.5366972477063
WWGVYNKHG,6022.770642201835
HELYNWHG,6882.674311926606
LQRVEHVAYKVS,4960.504587155963
LEDWKWKHD,2820.7798165137615
QRAKAREARAS,702.394495412844
EKFFSQPSG,1478.5871559633028
SVENAWVALG,3569.1651376146788
SGGELWG,2700.756880733945
PDYEWDQRAL,4412.651376146789
ASPYGHSFEWKS,3271.532110091743
PPQYWEHG,3426.5733944954127
PEKSHWAG,1806.3394495412845
KLQLVGRYHDG,4859.821100917431
YEWHASVRWVAG,9989.022935779816
GGRWFEPHAL,7994.894495412844
LRDNHQKHD,1480.7339449541284
EFYFQFNDVL,34603.11467889908
RRDWNRNSG,2612.8899082568805
RHVKEPYKKALG,1281.0091743119267
LNLGHFLS,9024.330275229358
YAEKHDHVGRWG,4649.55504587156
HQKYHAGKDV,1043.834862385321
LEGHSSG,1465.4128440366972
LLFEQVSG,4840.784403669725
NPLSHLEWKHA,2824.064220183486
LDRNLLG,3911.908256880734
RWVNFEHLFWL,28481.701834862386
KVFHLFKSQKDV,3094.4036697247707
PKQLPWASFSG,6847.1100917431195
KKEHHLSG,956.105504587156
QEGKFAKDLSG,967.0871559633027
SQRSSPNKHAS,1243.2155963302753
YEYLKLQKHV,5090.087155963302
HAYYWVYWDG,18425.256880733945
PRFNAPLSG,3903.321100917431
DSYHPKLFHDA,4186.912844036698
ARAKHPVS,1142.5091743119267
SPPGHLG,1810.6788990825687
EEWARWPKHDLS,4933.692660550459
FSFLFQPKS,5094.220183486239
FSQFQPVRHVLS,11903.133027522936
FPKPLFKHQFNG,4780.004587155963
WVEFDFEYNHA,16104.550458715596
GHPDLRPG,2335.3577981651374
FNHKYNLEHVL,5040.275229357798
FQAQDRVLS,3124.197247706422
KENWFWKG,4241.064220183486
KHFVWDVKHDA,3667.0091743119265
YVEVWDSRYSG,11901.47247706422
QYGREWLSHANL,9178.784403669724
NFDEYQPWDLG,9036.509174311926
VGQEVAGRPDW,4975.160550458716
GSKGASG,1007.6376146788991
RKPLWNQRPN,2445.5045871559632
GEEQASG,754.7935779816514
YNSVQFEHWHSG,7535.472477064221
DKEPHKLS,871.7155963302753
KYDYWRVSG,4738.605504587156
KNGYGNG,1624.967889908257
DVNHDRDLKALG,1702.032110091743
DDVVYDG,2594.229357798165
YSVHYWSG,8665.339449541285
FLFVYNSPWAS,16244.302752293577
FFHRPYNEDVL,7944.522935779816
ESQVNKQFPALG,1537.954128440367
WWHSKKHVSG,3208.3440366972477
PASYFYNAWHDL,19331.940366972478
FSDYVRWNKDA,3746.440366972477
DYFKSYLG,4391.0091743119265
GNALDGWVG,6354.788990825688
KGQNLRARPYS,3377.0412844036696
GNENQPSG,1136.5366972477063
RANDHGQEHDLS,1524.9633027522937
HYPRHLG,5460.1100917431195
KYREHWALSG,3766.798165137615
ELFNPYQWNK,6758.238532110092
NEANVPDAS,1176.940366972477
FPWQDELRHDS,5809.981651376147
WSNSWHREYLG,13869.47247706422
YNLSHEYAFVS,17614.238532110092
GYWHSRVSVAG,6577.885321100917
PNKWLWNALYHD,14552.944954128441
FKFNKASKSYV,2426.47247706422
WENERWVALS,13679.087155963303
WWVEQVSG,6695.674311926606
WNDGAWKHSWN,6921.816513761468
FNPDRLGEKHVS,1683.2568807339449
ERLSEHKLSG,1124.8899082568807
FEEFQREYWH,12105.880733944954
YEKKFWHDVAS,3728.1880733944954
YDWYPYWKDLS,8967.105504587156
YHRVEHQFRP,5005.577981651376
VHAYKYALSG,4843.899082568807
VFVDPKAS,2061.1605504587155
SNEDGRDG,1161.9311926605506
LPNERKVALS,1562.5183486238532
RSRAWDAGNHL,5061.243119266055
RYANFRHSNDLG,5028.963302752293
HEVWDPHVALG,6839.279816513761
KVNDFWDLSGHA,4940.587155963302
YNNAYFWLS,16054.064220183487
VWWLYHALS,16327.380733944954
RQWESQKDAS,1562.7293577981652
KFLKAYLG,4767.646788990825
YQLYRKHLS,5929.394495412844
AWANKKSG,1302.3119266055046
NHFLNVLQRKVL,10000.633027522936
EYVDKDLRYNA,2896.8715596330276
DAKDKVFKHVG,1090.334862385321
RQDVFGPWNSG,5451.940366972477
PRPDGLFNHD,3958.233944954128
QVAQGQRHAFN,3423.321100917431
AVLVYLS,40960.64678899082
RGLLWHSG,8150.123853211009
YASSGELNKL,1974.211009174312
EASYLQDLHDS,2324.5550458715597
PADHRDAS,1336.8394495412845
NHDRNPKVWHA,3922.091743119266
ESLGLGVG,1853.8256880733945
EFQDYHALS,3795.591743119266
HERKPKHVLSG,1434.6834862385322
YSSEDSQPYDG,2628.802752293578
YQRDRQNVAL,3599.9908256880735
KLYFGQKDVL,4873.137614678899
KHGWHRQWDLG,7743.573394495413
RAPGLYVS,6012.504587155963
SHRESPLS,1761.5091743119267
ALNFHLFEWKV,16935.39908256881
SESGFQAL,4140.995412844037
QNAFDVSELDA,2486.7155963302753
YGQGSREPYDL,4177.077981651376
SWREYNRDLG,6586.385321100917
DADNLLSG,1825.908256880734
YWHPVLFNSWH,30387.876146788993
NFPHGAWAL,10040.747706422018
PAAFGFLG,13574.073394495414
LSQLRESHDL,2631.9311926605506
DRYNSHQEYHS,3528.8853211009173
GFYLPANDS,5994.211009174312
YFPPQPNDVAG,2427.9036697247707
PAVAFHSYV,14643.188073394496
WDKVKHQWND,3434.954128440367
WKRWQEVRVG,5583.642201834862
HPLWVRALSG,10841.270642201835
HEEHARNKDAG,1104.0963302752293
VQKALQNSFWLS,9104.247706422018
FANFRWHAWLG,19487.871559633026
LNFDRYVLSG,11173.48623853211
DGVPLSHG,2609.064220183486
DWVPRNLG,5605.688073394495
LFWSLNALSG,8856.839449541285
FRGVFRANKHG,4250.51376146789
QFDFWAGWGNHL,15987.41743119266
RWSNPGQKHLSG,3511.802752293578
PSWAEADSG,2080.9816513761466
QEWDQERNGKDA,1347.440366972477
WHEVGSRAG,4217.467889908256
WGYQAFKVA,9324.334862385322
VFYRHVPYKS,6663.568807339449
FQGGVAG,2495.0
EDQKGLSFRND,1659.9449541284403
WAYHPVSEPNKG,3201.912844036697
EPQDYWPYNV,7534.165137614679
VNRWSDAG,3810.6009174311926
EASQNDLRGFNH,2670.532110091743
VDGESHDVA,1146.6100917431193
PDENAQLFRNVS,3520.545871559633
DRFSWHS,7455.091743119266
VWSSALSG,4816.399082568807
WSNNNKSG,2248.3440366972477
ELWRYSEYNHV,12801.788990825688
HLPPQWHG,5247.665137614679
RRGFDWVS,8470.944954128441
AQFFEQFRYK,10990.064220183487
WKWNKPPWDV,6597.853211009175
AQHNSEDVLS,1325.9633027522937
ALRYSQSENH,3046.1559633027523
NWSAVLG,6685.279816513761
NEKSFSPYHVA,4837.95871559633
FEKWNLRHVWKS,6068.422018348624
LNSQNVKVLSG,2237.6880733944954
NEANFNHVSG,3031.5183486238534
KYWFPNEHDAL,6404.09633027523
VLKEDEYNDA,1523.8440366972477
KSFEVGVRWKA,4046.119266055046
PGPHALLFLS,38095.03211009174
PSVSWDYWNAS,10504.949541284404
EAKQSEDG,670.4036697247707
KEDANGRYNHL,3070.1330275229357
PWQKAQWDLGWD,16785.98623853211
NNRNFEG,2597.1100917431195
YGAHSWASG,4790.51376146789
DGSWWKLSG,5658.3302752293575
VNGARKG,1157.5091743119267
YVWSHDPYKHL,10560.119266055046
QVLHNDVPA,2060.0550458715597
ADWAHALG,4741.779816513761
EHGVLQESGQND,1156.5825688073394
QKDNRNHLEPDA,1403.3073394495414
YLQLYKSFYKV,10486.940366972478
ARYQLEWKDLS,5271.385321100917
WDFVWNVGWS,25318.591743119265
PKRYHLKVLNDL,4503.064220183486
FWRKWHRDVALS,8235.821100917432
FKKARYYWKDA,3012.4770642201834
VLADQESG,1154.4311926605506
QDFPFAEYNVL,9635.944954128441
GHNDKVG,1011.2798165137615
AKGHSYSG,1425.5642201834862
NGFNQNGQDVG,1706.6422018348624
RLRFNLFRNAS,8520.160550458715
GLKVLWG,9602.908256880733
RNLRQWFEYWA,21635.80733944954
RYHWEPHRWND,11174.316513761469
DEDHWNG,2792.793577981651
ALNQASEPYWA,6667.733944954129
VNNKHYSG,2031.7155963302753
NAGRWWKVRPVG,7387.784403669725
LEPEKEKVASG,816.6238532110092
DWLEYRDSG,6260.532110091744
RFPAFADVG,5194.243119266055
VYKNPNDG,1756.380733944954
NSHGNDFKA,1431.5412844036698
GVEYGDSG,1756.2660550458716
FASGAYVGHLS,6580.729357798165
KDNPAQEWKHA,1318.5963302752293
NWLGGPWNKAG,5782.481651376147
KFFWNQHSG,4168.600917431193
SYGRLREAG,2429.5963302752293
NYAEEPVLS,2321.8899082568805
HQQYSFALSG,10721.412844036697
HPLFNYLG,11925.02752293578
QYHSEWQAEPYH,9121.380733944954
DHAGHSGPLG,1881.0825688073394
NPFVQYNKG,2813.2155963302753
DGLFDVGWHV,12434.211009174312
KGQENWQWVSG,4883.527522935779
NAEEGFPG,1863.3990825688074
REELAYNKA,1704.1284403669724
EHGKKHGVLG,1236.467889908257
FQYAKGYWHL,11063.747706422018
VQVQVLHVSG,9320.201834862386
NGYNSEGQPKH,1511.9357798165138
PVPNQELKAL,1239.0366972477063
HADGEQYNG,1569.7522935779816
KSPGRPVSSG,1176.6605504587155
RFYDKDSWAG,4289.123853211009
HEHLFAGRYDS,6574.94495412844
KFHPHVNHAL,3975.3715596330276
HEAYNQVL,4260.211009174312
VYGRELESG,1863.6605504587155
EPELRYRYDAS,6044.252293577982
EWVGSYAGVS,5185.087155963302
EVHFNFKHDSG,2913.0137614678897
KYWFAREDG,4318.380733944954
FHQQQRYG,4441.926605504587
WASKYKAGYALS,5506.871559633028
HQLDSWLS,6817.233944954129
YDKWYWHDV,8628.339449541285
KGKFEKWNHVG,1505.380733944954
HRVWNFWG,15454.871559633028
NLWWVSEWNL,26074.1376146789
DEERPNVAL,1712.0550458715597
RNSDKGPYWHDL,4888.422018348624
SWSRNEDAG,1859.9724770642201
SHNLDAG,1607.380733944954
HQEWLGNFYKA,9097.045871559632
ESRSHVSQRV,1824.5091743119267
DEPPPNHDLG,1344.7568807339449
AEEDWSG,1753.2752293577983
PSPALDLPWNHG,3136.3899082568805
RSAHAYSG,3023.2522935779816
YVVSNKHEVL,2748.440366972477
HDWVRNASGNKH,2419.756880733945
PQVQFNKLFRPH,5776.655963302752
QGDKRYLG,1966.0504587155963
PPYQFNHDQNHL,4748.504587155963
SAYGWALSG,5415.51376146789
KFFKVDLG,4588.146788990825
AHEFVLSG,4059.9449541284403
PKQRRKLGHAL,1349.4770642201836
NHRKRKVLKHV,1102.3119266055046
KDHQWKRKLSG,1181.7339449541284
PEHWHGHDALS,4252.935779816514
FKFGWSGWVAS,12097.11009174312
ASWLQEHFPYVS,13938.422018348623
DWAFRADSG,3986.6100917431195
LQHGGHVAG,1723.5779816513761
PWEADQFNSG,5150.821100917431
NVGQNWDSRKAL,3577.9266055045873
YAKHLVWKG,4101.559633027523
APYRYPNKASG,2514.197247706422
YPASGQSGHAS,1371.7798165137615
VRYPNSFYNHS,6691.224770642202
DFGVVSG,2613.233944954128
HVSNWVGKSG,2441.02752293578
LFPVNDLRWKS,5517.165137614679
DFVHEDLSG,2348.178899082569
VQLRYGHLSG,6538.623853211009
GFEPKRASPNDS,1080.2247706422017
SNKNFYKVAS,2320.5
YHPKWKPHALS,2867.651376146789
ERHWEPDVA,2293.1926605504586
FRSAYSFWVL,20680.169724770643
RKFLNKDEDG,1209.5688073394494
AFESYWLSHLG,11694.325688073395
HEQHAELG,1438.165137614679
SHHDAGVSG,1268.01376146789
YAKWNNHDV,2693.7798165137615
AWRNPVSG,3006.7201834862385
NYYQFRYKDVA,5603.100917431193
KFAPVQFG,4245.270642201835
YLLQEGAG,2121.940366972477
HPNVALEKRPD,1131.1605504587155
YRKANFNKHVAG,1842.4220183486239
RYNYRDVQYKHS,3763.201834862385
GEVVGALG,1849.5229357798164
RKSVGPWSGQRH,2802.706422018349
RQYHEPFENKD,1788.454128440367
QPPVNGEPNVSG,1107.880733944954
RVFHPVAREKS,1900.2614678899083
RLYKDDREWNSG,2179.6009174311926
NNVHQPALS,1693.0091743119267
FQLPARASG,2325.1100917431195
AEGWRKG,1747.665137614679
YWALDRHVKHVA,5443.01376146789
VLQDPLRKAL,2769.8899082568805
DPYLGAQYSG,3596.7752293577983
SWLRPSWKH,6734.568807339449
WAAADVSG,2750.9311926605506
FEKRGWGNDS,2256.0412844036696
YQFGLYNKS,4466.463302752293
RRRAQPLG,2236.3119266055046
HGFRLFEYYDA,21689.394495412846
GHDGREFVASG,2390.908256880734
NSFSKDSEVLG,1488.619266055046
NGFEDRKYDLG,3067.577981651376
NKFPPWLWDS,12354.784403669724
ENGKNHFRWNH,3493.293577981651
VYEDEYDALG,3124.3394495412845
SPWLAWDSG,8754.463302752294
APKWNPKDVLG,1603.9724770642201
VFDDLNALG,4213.385321100917
EFFVYNG,20650.018348623853
DNPWSFAG,7063.587155963302
SFKSDFWKVG,3487.6605504587155
HAQERARPDVA,1572.1467889908256
SGDWKDYNVA,2027.2706422018348
DHLGNRWHVL,8896.316513761469
GRWVSSEWG,8461.954128440368
KWVPPHSG,2323.270642201835
QSPEVEYDLG,1441.302752293578
ERQEQWG,1922.788990825688
DFHYWLYVS,21329.440366972478
VASDENYWG,3537.0963302752293
YKEFFNDVALS,5936.082568807339
GFHSVQWNKG,3360.97247706422
DSWRYHRAG,4702.357798165138
HPEAEASG,760.7614678899082
YEDNVKDVAL,2312.9266055045873
SFYQLGQFYK,7377.238532110092
KQNHRPWPKHV,3648.077981651376
KELNPVG,1777.1880733944954
ASNEYLYWHAL,12982.032110091743
WWEWNHLGQFEY,26600.660550458717
KESHEPSG,905.2660550458716
KGPNAYEWVSG,2925.169724770642
QVWPFWVSG,23582.43119266055
YGGVHALSG,3979.4587155963304
VQLHVHASG,2890.0045871559632
FDNSGSYNKDVG,1831.7844036697247
HADFQFASG,4697.412844036698
EVQLLQFEPVA,9944.298165137614
RYGQPSDLRPNG,2146.623853211009
WNPDDLQWS,7459.298165137615
ESFPAFYAYNA,13757.04128440367
RDLYWHRWQRLS,11401.555045871559
PRQPGFLG,5666.697247706422
NSAEPVPNKL,1151.440366972477
WWVWVLNG,27900.16513761468
HWDPLHLG,8632.559633027522
FWLYAFHDFPY,12619.37614678899
YDVWRNAPHS,6061.908256880734
NADSKDYVG,1383.8394495412845
PHWKQVFYKHVA,8041.623853211009
PWDAVLSFPKAG,9605.233944954129
RDRHKLFPYWKA,4690.95871559633
LSREQNQRYN,3371.766055045872
SHLEPNHKLG,1987.0183486238532
PHVAFLELSFDA,53279.880733944956
LQYDPDAFEPNL,4876.422018348624
RSRWRFKAS,3002.623853211009
GRRNNDG,1414.6376146788991
SSWDPSG,2428.0183486238534
YHVNFELQEDG,4305.197247706422
KHDHEWKYDAS,1712.6238532110092
AGPWFRGPVA,7916.568807339449
LYDFLQFLS,9598.770642201835
VYVKSNALG,3069.2201834862385
HWAFGKHDLS,6217.417431192661
WHERSEWSG,6249.720183486239
NGVQYDLQPNK,2110.238532110092
YKEVWNQNKH,2567.697247706422
PLWEQFPYWHDV,23113.403669724772
YWVQYGQRWHGV,14333.055045871559
FQPARWSYNHG,8017.784403669725
LKEKSDG,782.6100917431193
FDVRYAWSWNDS,13302.220183486239
EWNVWGQYDPKL,9282.288990825688
DRFRLDG,4785.192660550459
KYVWRPLG,7134.128440366972
LFRKQRENPWN,4780.40366972477
ASRRKHPKSG,1001.894495412844
YYNVWAFPA,14888.463302752294
VKGPAWVAS,3091.087155963303
DFNPRPDLSG,3107.293577981651
QALYVWQWNHDA,14938.642201834862
ANPQFYDVAG,4660.5504587155965
QFYPSQRLYNK,5139.729357798165
PFYLEHDAFENK,7290.206422018348
PVGDGEWPND,2849.5504587155965
WPWSSYVLG,28236.857798165136
QSVRQWASG,3619.729357798165
DLHAGWHQKH,3250.623853211009
EKHDANDKFPNS,819.9908256880734
HLHKHFVLS,9433.151376146789
RWFAKDSPWNS,7429.743119266055
YRYQLQYWKLG,12569.853211009175
FYFVNSRDG,5110.0
WAYESQRWNDS,7332.674311926606
YNYYNHASWHDS,7762.45871559633
YKHQWVYARED,6444.922018348624
EHNPWVEPWVSG,7364.0504587155965
AFPLQLEASG,2615.7477064220184
LYYPVSG,4394.165137614679
ESLVQHSG,1442.3623853211009
QFDNSWLPWKH,10820.165137614678
EYAEFNQEWNKD,3128.564220183486
NGGVRYALSG,6070.481651376147
FHYWGYQKVG,6493.977064220184
FYKWVQNLSHG,6107.876146788991
EPLPYGVALSLS,10722.788990825688
AYEKAVLG,1883.7201834862385
NDSHVYLYNHVA,9793.444954128441
WHLPSPARPWNA,8812.550458715596
WHNYKQYWKA,6010.545871559633
FGSGGFELSG,4818.573394495413
QSGPLPNENAL,1401.0871559633028
HAPPRKALG,1633.2155963302753
HKEPGKSG,729.8256880733945
PSQNRYGQKL,2345.9174311926604
QFRGAGVRNKHG,2187.0
EEEVKHVLS,1044.5
PYAKGEPQDAG,1193.651376146789
LWHYWVNSG,10381.857798165138
ELFPAFRYQEHS,6838.5504587155965
NSNGWLQWKLG,8838.142201834862
RDEFKGEWHAS,2789.9862385321103
HVWWNGKDALG,5540.573394495413
KLEQDFHLS,2640.229357798165
KKRHGELSG,880.1238532110092
PGRLLQPYNH,7028.261467889908
YWFGYWLRVA,12795.871559633028
QKQVHFRHG,3057.2798165137615
EHWPENVG,2816.821100917431
FDNRARDASG,2310.5
EPDHSQWQWSG,4386.912844036698
VWNEFYNVL,18438.72018348624
QERFDGRWNKV,3523.669724770642
FELELSNYWDA,17778.224770642202
KVFSFVSVG,30918.146788990827
AQRVAWDQRYD,8277.40366972477
RDNWANDVA,2915.064220183486
EKSHGQEREPG,723.316513761468
PYFHDANVPKD,3165.1743119266057
AYLRPYEPDAL,8074.738532110092
LFWHAWKARDLS,6786.114678899083
YEDGENVYKLG,4147.316513761468
WPNVYHAGHAS,6199.967889908256
WDRKYFRNVLS,6940.95871559633
ASQSHLQPYG,3299.6559633027523
YYSPNHQG,3181.8119266055046
DKSQLNDSG,892.2798165137615
RALLYWRYVASG,17442.93119266055
LRNQVRWKHLS,4856.298165137615
RHWSQPKAFHLG,7193.298165137615
RSRWEHDVSLS,4145.876146788991
WNRRHAENHD,3194.7844036697247
VDSYSDVG,2362.183486238532
ENAAFWNSRWAL,16116.298165137614
ADAREKNLG,1227.6605504587155
WVGFGEYWYWHD,32902.233944954125
KDEKYWRYKSG,2079.0183486238534
RSGQPHWDFWA,13900.564220183487
FGHVFFWNLS,23611.4128440367
GNGVADSG,1484.9770642201836
FDNNVLWHVAG,8659.940366972478
GDGWKFDG,4210.834862385321
PRHGLPKHVALG,3508.954128440367
RVLGNHGWQRN,6141.811926605505
HWYHKVLG,7224.926605504587
SDEDHVL,1539.032110091743
HNDAVFNALSG,3090.4036697247707
FYNNSWHGYD,9595.651376146789
AYDKWHG,2937.3669724770643
ANSGEGNDLS,1092.8990825688074
NARALAFYWN,17982.155963302754
LLGPQDLG,3078.330275229358
AGSWYWSG,12577.339449541285
HSQSAPYWKG,3195.1880733944954
YRGQKGKHLS,1535.967889908257
YHNAPGFRWH,11977.477064220184
RPLRQELFRWLS,15469.426605504586
SLEHSDLSG,1728.8302752293578
YHRAREKPYKHA,1747.9220183486239
DRFEEPHSG,1748.059633027523
PQARVYNKDAG,1639.894495412844
WDRLEQRSG,3519.8899082568805
HLAPRYVASG,5336.123853211009
YQVEHSPWKL,5686.674311926606
AELESQKSG,873.0963302752293
LKLALWDALSG,9163.862385321101
FVSWQFRSLS,18766.669724770643
KQWFQEWNHDAL,7845.600917431193
NDNREWNQDL,3416.380733944954
NGRWYVPYHVS,17702.871559633026
NFKWYHAL,11636.784403669724
RLREYDPFPKAS,5450.09633027523
RQEHKAQYHAS,1959.4770642201836
KSNKWQNHDG,1550.0229357798164
DDPWEDVLG,2473.6146788990827
FRKDELSQKAEL,1178.3165137614678
ELVPSPASG,1345.3394495412845
GASFSNSG,2168.0137614678897
RSHYYHVAL,9365.885321100917
WDDWLRWKHDA,9234.19266055046
NAVNEHDS,1215.8761467889908
QHKNLSGWNG,2992.816513761468
YWKQRPFQRYN,7144.495412844037
RLNSENKALYHV,4006.862385321101
GLREPKAEVA,832.7247706422019
LVPYESG,3103.623853211009
GNGGHAG,1410.7247706422017
DGPHRYNDQRND,2376.5
HLEFGYWNKH,6545.775229357798
HVGDGWNGEH,2882.7247706422017
PHVEFEALREDS,2693.087155963303
LYNWDEWNHDV,7443.275229357798
KVKGRFRPDLS,1785.5550458715597
QDQQVLFPYD,8858.52752293578
RDPSEPRKVAS,959.8302752293578
FFNHQPKGFDSG,3701.2477064220184
QERAESEWNKAG,970.5412844036697
YENLVREPWV,14310.165137614678
RSGAKDAFPN,1490.8623853211009
GPKNKRKG,571.9220183486239
APKFKGRENVLG,1342.4954128440368
EVARRASGYWH,6922.967889908256
NQHVNLQREWKV,3774.711009174312
PDLQRYQFENHQ,4440.591743119266
RPVVKDANKVL,1361.9449541284403
SNQNEYVSG,2031.4724770642201
NSWHSFAQFWNS,16120.871559633028
RWYNPKFYWNV,15301.08256880734
NWVPKYHDL,7317.59633027523
KVLWPYHVFKS,11528.440366972478
PRRAPVG,1541.8577981651376
DGPLKAQDS,793.2522935779816
PKWPNKSGDV,1359.2660550458716
HAGPQKAEVG,927.7981651376147
RLRDEWNAFHD,7791.674311926606
AQPHWAKLG,2441.201834862385
LWNNAQDALS,2690.5688073394494
FKHWQPYLRND,8485.761467889908
EYWSLSYNDANH,9077.105504587156
VGSKLYDG,2461.5412844036696
HSFGENVNLG,2974.683486238532
FKYANHFPWH,11875.977064220184
PELKHPDSG,1482.926605504587
RLVYNVWVS,27663.311926605504
FLSAHDVDG,2813.2752293577983
PKAWYWHREAS,5162.243119266055
ADWNYDLS,4865.316513761468
VFGEQHVS,2401.6422018348626
WFYVAAQPWVA,21030.018348623853
AALPRDAL,2118.045871559633
SNSHAVSG,1278.802752293578
WREQNLELG,5814.536697247707
RDYQFKLRDA,3947.362385321101
FPNPDVSFSWD,11789.0
NFHHGKVG,2486.821100917431
RHASQDEHDAD,1055.605504587156
LNFSGFLG,9001.02752293578
NYAQRLNKHAG,2615.2247706422017
EFQSDAS,1210.8853211009175
DYPQPVSG,1915.1926605504586
GYWAPLFAS,20272.866972477063
EYNAYNFYHSFR,12954.45871559633
LWQGQDG,2951.178899082569
HWAGFSFWKAS,12554.963302752294
PNYVEKFDLS,4401.435779816514
HVEYLEKLSKA,3472.0137614678897
RESYRDSGYKAG,1864.633027522936
VDAHGLSG,1553.788990825688
VVFENEVS,2431.298165137615
QQYKSARWAL,5197.963302752293
RFGESFDG,3473.3394495412845
RRFKKSG,895.7018348623853
LNNDWAG,3209.770642201835
SQPKHSVAFEL,2642.6100917431195
SGVSGGYAG,2086.3715596330276
HSYSWAEKLSG,2544.9862385321103
KSWYNSYHAG,4745.004587155963
QPSHDGDEPK,829.697247706422
YFAPLYNAL,8086.880733944954
GQVLHSGQNVLS,2593.577981651376
PWSLHLSFD,28333.79357798165
ESRWGFWRDSG,8682.435779816513
DWANVKALSG,2189.876146788991
RVGQFWPREHVS,6418.353211009175
FWVAASVLQEYK,10360.788990825688
EFSLRESG,1647.8440366972477
GKRSDSG,650.5733944954128
AYPREKVG,1311.2247706422017
QLSFEWSNVQPH,8814.357798165138
PLWDLYHRNHD,8023.380733944954
HFRLLFEYNDG,17487.449541284404
ADPHWVSG,2413.8256880733943
KVGGNASPKG,834.5917431192661
WGQNQSYHVALS,6147.215596330275
LWYKHKHD,2824.9816513761466
KYKYNPVG,1769.3440366972477
RSVEEYAS,1548.6009174311926
RHSLDALEHVL,3844.4174311926604
VWPKRSG,2301.330275229358
QFFSEPQWNK,3174.077981651376
SFHWWKLSG,7641.963302752293
VLDFWKPYLS,10510.435779816513
QEKNEPSNLG,926.5321100917431
PRWAWLGYDVL,22353.15137614679
ERDHHVSG,1431.165137614679
DGDNQNVLSG,1237.1100917431193
DAPRNKVPWL,3839.2155963302753
VDGSHSG,1516.1788990825687
DKWKQWNDL,2303.362385321101
NWEQKHVAS,1952.0229357798164
HGNLRESPNVG,1823.9449541284403
RKRGDQEDVAL,1238.9724770642201
FVSNLQAEYWN,8687.30733944954
SGKNWALG,2707.137614678899
RFQWYHALS,11946.862385321101
PPAPWVPNKD,1915.6697247706422
LEWYNRDLS,6529.229357798165
SHYYNVG,4274.229357798165
YSKEGHVAS,1148.605504587156
LVLHSVG,6419.747706422018
RALFESRKDWDS,4561.431192660551
PPGRHRAG,1921.0688073394494
QAQWSKHVGYKD,3238.5091743119265
KHPDEKSASG,577.5412844036697
LRKAQALNVLSG,2521.605504587156
QHYSYWVGENKV,4799.353211009175
KEYKPNVPWSG,3215.321100917431
QHHEWNQRDA,2097.6880733944954
ARNGPGQENHV,1505.5550458715597
RYLHLSVRENV,9494.940366972478
NLGAYKVYKL,11821.88990825688
RHFESGFGRWKD,6385.119266055046
SVLFPWNAHAS,10698.52752293578
RSGLYQNDG,2679.064220183486
NLWDSKGRND,2380.97247706422
DAQKSNASGYDV,1183.8440366972477
AWQASGDVLS,2535.830275229358
GEAKAYVLG,2982.1009174311926
VWVAFRHYDVA,17590.39908256881
FKSGHLNDLFR,6350.775229357798
NLRHWSGFKH,7208.399082568807
DAGEASYHYWH,8650.064220183487
RWEFQNVG,7094.463302752293
NAERLEPVG,2300.178899082569
EFLFYVAYWV,34992.55963302752
FSQHPHRKG,2161.967889908257
KNDHADVSG,829.8394495412844
PLLQSEVLG,2972.064220183486
KQDNSFKVAL,1822.98623853211
KFGERKG,977.7752293577981
WHKHQYKSPHG,2509.8990825688074
NGYPKDQFYNS,4546.536697247707
RAPEYLGWAS,5269.1697247706425
EHSWHGAQFW,14824.711009174312
FFRWEGFEKS,4998.408256880734
DPSPHEDASG,907.8577981651376
DNWFDALG,7265.94495412844
LGKNSEYSG,1623.4954128440368
SEWDGVLDG,6224.371559633028
YWRENQEWVSNH,7134.224770642202
FALQERWVYHV,19732.064220183485
SGDLFRLPVAS,6421.229357798165
EFGFESQRPS,2653.6422018348626
KREHVAQDRDVA,1082.4174311926606
VHLNPKASG,1620.3119266055046
EAVPYHALKAS,2008.7385321100917
HPERWVG,2653.256880733945
RQSLKLSG,1701.01376146789
YSHEAEPDALG,1670.6376146788991
DSQKEPLFYH,3379.862385321101
VSVNEWVS,3697.8119266055046
PQASPVLWNLS,7231.288990825688
WYQDGKLSG,3819.5825688073396
ARFLHDLSG,5186.325688073394
LQEQRQPWNAG,3494.2522935779816
EALRRWKYHG,4404.940366972477
KSPEYLALSG,1886.302752293578
HWLRQWSG,11515.655963302752
RPSYLSFPARKA,6152.293577981652
HNSAWALG,4188.068807339449
NSAGHHSG,1742.7064220183486
VFANLYLSG,14802.711009174312
FANSFAFWDVAL,27474.80733944954
QVSFKSVSQDL,3271.440366972477
QNGDVFNGWHVG,6408.798165137615
NGLHFRLSG,7936.54128440367
KFDRAQEG,1312.467889908257
NDGENGWRPWNS,8639.330275229358
SQPSHEPNKHL,1358.4495412844037
QWQNYKWDASG,4851.628440366972
RRPWKHKRWKVA,1786.1605504587155
ALDWVQFS,14429.48623853211
LPRKVPLS,2285.701834862385
RVHDYGEWALS,7013.706422018348
EEDEQRDAG,910.1926605504588
HGKGRKYWS,2654.412844036697
YELESEHVALG,3422.97247706422
FDDVARFEHAL,6867.233944954129
DSWHFYNEYV,18778.77981651376
FRAWNEPWVQFR,23018.536697247706
FAVPDNKDAG,1600.532110091743
GALGEPSGKG,999.2752293577981
DDSGWGKALS,2080.766055045872
FDRYLPKHGHV,4397.362385321101
VGAGLGPNAG,1730.1605504587155
LEENPLG,2165.830275229358
RSEDHSQFWLS,8598.311926605504
RDVPVHFWKHA,4817.380733944954
NKYDGFRKGQAG,1697.4954128440368
PNSRRHGFRYL,9981.775229357798
SWLLQWG,16671.866972477063
YFNNSQYHDVA,4729.431192660551
WEAFYKKHL,7101.926605504587
FQVYANKG,4018.623853211009
ALQEFYSQVS,12610.98623853211
LNLKKHLG,2575.2477064220184
GYRAQRPYW,15108.0
DVGPVFPHAPNV,3498.5825688073396
PWGFHPHLGFNV,25007.10091743119
NVEQKLNHV,2470.8256880733943
QDPEVSFPWN,3504.912844036697
SWVGVAPVASG,3760.146788990826
AEPVFQPNLG,3037.0183486238534
PHQPYHVDVPH,3827.793577981651
KNQGWSG,1989.8119266055046
LPRLSPG,2312.532110091743
YRPEFNVLSG,4363.256880733945
DKHVSAQKLS,1017.4036697247707
KASFQEKLSRW,4125.036697247707
DENGAYKDAL,1819.788990825688
KWHSAYNHDVL,4984.880733944954
WSVLWEKHDS,8538.532110091743
EADPYAYNKLG,2311.7477064220184
YVHPALEYWHV,18263.660550458717
SRFRYFAG,12509.426605504586
AWFKVFVS,36819.06880733945
AQGWHANKHVL,4324.385321100917
DGVGQDSYNKSG,1258.4633027522937
EYKNASESENS,1043.5504587155963
QEKFWVLFYQFY,38070.422018348625
EWHQVFEFDVA,20279.697247706423
SHKDHALSG,1339.7706422018348
EKVSYHYKFREP,2957.3440366972477
PRDQGKVALS,1633.4954128440368
FEVNDQDVRWNV,4741.4908256880735
EWNSPVFEGFPN,5730.655963302752
ANNLEAG,1271.2798165137615
GEHPQDVALS,1994.091743119266
REFWFYLEYAG,46503.72935779816
KSHLWAKVSG,2760.6422018348626
KEWQNGEPYNDA,2250.394495412844
YQSGYNVFA,10334.977064220184
HSFVRNVKHSG,3497.4311926605506
DAAHPYKDVA,1418.3211009174313
AVGQRQDASG,1289.8119266055046
RLLSDLPDVS,2890.9862385321103
PDANHVEKEWNK,1307.8899082568807
RQVNHGNVL,2696.2155963302753
GNFRVNLSG,5618.293577981652
RWLGEVWYWDVS,28447.119266055044
SGHGPHNLG,2848.738532110092
WDREHFHLQKL,9786.729357798165
HQHFDLQFWN,16305.128440366972
SHGPHFRLS,6911.04128440367
HRNSRPSFKDVL,3709.178899082569
REAYLGQWFNHA,10359.119266055046
HKANWDG,2642.9311926605506
WLAEAQWNKAG,3934.7477064220184
GRVSSQSG,1447.4954128440368
VRAALLSG,4813.334862385321
VSEELGQFEDAS,1590.2614678899083
SRKPAYHAS,2249.816513761468
RGARRKHAG,1006.9954128440367
PEEAPYALSG,2194.9266055045873
FDRDQPYDEWK,4432.807339449541
VRKSPRPWKV,1942.165137614679
KDFGDSQPDSG,1181.4357798165138
AYSDSSG,1809.8532110091744
LFLVAELS,34768.633027522934
SEQVAKLSG,1413.366972477064
WRGNKQKVALS,2173.761467889908
LKRAVASG,1480.5275229357799
PGSGRNSPDV,1349.98623853211
EAQKNKYWNS,1469.1238532110092
QWANLKQEDSG,1391.2568807339449
NWPVDVG,4257.288990825688
DNDFRERYN,3393.8256880733943
AQPDGRRPNKHL,1780.559633027523
EARKQRSPKHDV,873.1192660550458
RKENSPYQWVL,7663.724770642202
KQYQLQPYDAS,3317.788990825688
FAVAPKYAS,3498.0183486238534
KYRPDWVG,4417.564220183486
RVYARPVENKAG,2100.233944954128
YSYENHWNDLG,7017.848623853211
YQLGENNDAS,1540.426605504587
RLKYNSEPVLG,2983.830275229358
WVPAVYNVAL,19358.30733944954
YLNSEPHENVAL,3208.454128440367
FEEQSEHALS,1589.211009174312
SDVRRNALS,2363.0688073394494
RYLLVLNKHALS,20305.26605504587
GQFPYLYNNDS,8869.532110091743
QADVHYNKVAL,2540.4908256880735
DAWLHVRHLSG,9063.215596330276
GEAWQVAG,3061.087155963303
ENYNEHGRDS,1646.1467889908256
NHHFWDPYLG,17404.853211009173
HVKVASNDALEK,1269.4449541284403
QNGGRYAGPNL,4151.582568807339
SPAGAPNAG,972.0321100917431
RWRHREGPVLG,5130.655963302752
DEDDQVLSG,1358.4724770642201
RAYAGHLSEWDA,5558.348623853211
GARHDWLG,5473.6100917431195
YQYYAEPYNG,7911.614678899083
LNDEQFES,1532.894495412844
GKKVHLSG,1067.211009174312
FQFDVFSEKHDL,10374.344036697248
VRSEQYASG,1927.7660550458716
NWDKRKLG,2274.211009174312
PSHYLRNALS,5140.651376146789
DRVNGDAG,1240.2339449541284
EARWVYDGHVG,7138.137614678899
PDFREHDQRKSF,3284.711009174312
DVKQYQPDG,1332.5871559633028
RQKFNWNKDV,1806.0504587155963
HRDAHAENKV,1178.426605504587
DRWLQLNVS,9863.899082568807
FYNSVEDRYVS,5066.504587155963
FPQGVAEPWN,3681.4495412844035
EVHFEADALSG,2195.3853211009173
WWYDDVSG,10440.825688073395
LSQLHVLFRENK,6755.614678899083
VEHVAKFDSG,2390.5137614678897
QYLEGQEKWHD,3213.9908256880735
VDVPQYVALSG,3987.5045871559632
YGSAFNALG,4944.385321100917
WKGVLWKRNVAG,4666.188073394495
WNVSFHAKGFW,18964.798165137614
LRGVANVLSG,3422.348623853211
FAVWHQPKD,3756.761467889908
WEEGEVSG,2571.8394495412845
YEEDFEYNAS,3989.8715596330276
LKLYHHLS,5761.582568807339
RHFEEPDFRYN,8943.06880733945
NDRNSFWSEDV,4301.0504587155965
WAPASRPAFWHD,15715.408256880733
NNWVSHL,7711.068807339449
RERHGWARWK,3711.4311926605506
KPSPKYHDVG,970.7981651376147
KGSPPWAG,2252.380733944954
LSRVAYDQEDVS,2238.5183486238534
VPKHENDQWVL,2760.954128440367
FYSAQRKGNLS,2474.105504587156
NHSLEDQRENS,1069.0871559633028
EVSWASKGPLS,2209.701834862385
AVFPPLSG,4541.123853211009
DNHRFKVSG,2521.9862385321103
FVEKFWSFDAS,13222.518348623853
WHLRSFEDGEW,10402.619266055046
KQQSYHALG,1741.5825688073394
HYSHDFLSG,5294.674311926606
DEVPWYVS,13797.981651376147
QELGQDWNFNK,2360.0229357798166
GNAQYFYWKHG,7930.4908256880735
YWHSLFPWGEK,5864.1697247706425
RPHESEGYWHDS,4477.876146788991
AEHEYLQDVLSG,2740.9266055045873
VNWVNHALSG,4529.40366972477
PYVQWKSPDPH,4002.1651376146788
PVYFDAYKHD,10493.316513761469
KEHNLNDVAS,1086.7018348623853
DFAHFKHAG,2639.8440366972477
FGDFVPKHVS,3606.605504587156
AHDGSHVG,1514.6559633027523
RRGPFLSG,4739.09633027523
HKSLHLSG,1604.3990825688074
KDQERWNHLEH,2412.8853211009173
FHEAGQGYLSG,3999.091743119266
WNLQYHGPKLWK,10811.48623853211
WWDPDKDAS,2723.4036697247707
DEHYDAFRYL,9687.88990825688
EQNRWVQPHG,2835.766055045872
ALWQSRNG,3843.0091743119265
EYWKDVRVGAQY,5481.614678899083
QQFNDSFGQPA,2602.0733944954127
FKFGNDAQRVL,4303.51376146789
HLLHWNVLG,9072.894495412844
LPVWKFREYDSG,5042.839449541284
DFVEKALNKD,1244.866972477064
GPAGFARPL,3179.669724770642
SKRDNSG,768.5412844036697
HLPVGLEPVAG,1734.408256880734
QYLYPYWQRDS,6766.467889908256
GFPPFWHALG,12356.88990825688
DLHKENG,969.1926605504588
WQPQVFPWHVA,11724.88990825688
RVGPGRRPKLS,1742.532110091743
QWYSHRPYNK,5017.481651376147
SYRSYKHASG,2240.9862385321103
VFQHKDLS,1835.8761467889908
FSENAREVEYH,3115.706422018349
ERSYQKSG,1272.2293577981652
WLVQQEDSG,2629.816513761468
FYRKKHLEYNA,3262.559633027523
NHEGKVFKG,1690.9724770642201
RFNKFWLSPWH,15253.605504587156
DPWWFNVSG,10513.839449541285
QPNEHAFWQRDL,9218.261467889908
KFHLKAFRYKDS,2580.6743119266057
HGSEDGNALS,1304.5779816513761
QVGQSRPRENK,1302.8394495412845
ENSSFYKGFVAG,3825.059633027523
SFYWLNQPYS,9166.37614678899
FWKSNKGVSKHA,1547.9128440366972
KGQSNRKVALG,1123.4724770642201
RVLSFGEPASGW,11527.20642201835
HQYKFGFWSG,11319.348623853211
FRRAAEYNDA,2996.5504587155965
YQVDLFNKVS,5481.376146788991
DQFRWSDLQR,7274.660550458716
FLPPSREYWA,8556.339449541285
YANHRESFEV,3456.1009174311926
LRYSRALEALG,5081.967889908256
HLPFRDQDAG,2574.683486238532
DYVGRAYNHAL,6237.087155963302
QRWHLSRHGSEV,3459.0229357798166
PLHKHRSG,1670.3119266055046
SGRQALYWNHV,8277.642201834862
NPLGLQYWNG,7035.3302752293575
NRQGFAS,2597.266055045872
KEGESEASG,630.6146788990826
SFFWEKAS,4814.967889908256
LELGRQYDAL,6679.183486238532
HLWKFLQEPN,4520.660550458716
GHNKFAG,1829.5412844036698
FYAQYGVSYHLS,9299.69266055046
YYEAFHALS,7968.256880733945
DEVRPYWPHA,10900.211009174312
LASYLHS,4888.160550458716
VYRHKDSG,1595.3165137614678
KSKPLQEPKD,696.0045871559633
KSAKLDALSG,1089.2339449541284
DVKGKKDVSG,588.743119266055
PRDRDRNKDG,952.6284403669724
WGVQDAHAS,2759.766055045872
PPLVSYG,3581.394495412844
VFESRHNDLS,3846.1559633027523
DNHGKPYWNG,2901.5504587155965
KRPVPGQWHVA,2735.9311926605506
FGEGFEVYA,18948.981651376147
DEGFKGRNG,1818.665137614679
VQPKPKRNALG,962.2522935779816
LDKDDALS,1301.3073394495414
PQHKQRKHDVG,1009.5688073394496
QKYPYRNDAG,2652.8715596330276
HFYLWDKDSG,5466.426605504587
FFWDDQHDVLG,7857.98623853211
KSFLSKHRPWG,5069.8302752293575
GRNGGPVG,2250.8119266055046
QFLNFRWAYKDA,8293.91743119266
NLASQREKPA,1231.2614678899083
WRKVYGRND,4172.706422018348
FAFYKGRHLYL,13376.87614678899
HYNKRSYLS,3839.1330275229357
VLLQYDDLSG,9358.770642201835
GYRWRYSG,8310.220183486239
LRFQPVLSG,7258.495412844037
FGGHQESG,1609.1422018348624
GPRHGPWKVAS,2796.6926605504586
FGVDYDAS,3810.853211009174
VDNKARLS,1410.2614678899083
GKAAYWSG,3652.302752293578
ARLSAFRPYSG,6893.3899082568805
VPKALERPNVG,1179.2064220183486
EFQWANVG,4338.908256880734
NWSSDLSG,3689.5366972477063
VRRWGFVG,10533.247706422018
RVSHHVSFNDA,3780.266055045872
VDRNHHSG,1718.9128440366972
GQSDEKALG,710.6146788990826
KWYSEHSG,3156.353211009174
QLDKLRDLS,1893.880733944954
ASRYPLFEPYLS,13803.80733944954
WGYNPNDSWDLG,10737.165137614678
VPQSDVSG,876.5275229357799
AQEAEFEPSG,1075.8119266055046
SAGWFKSG,4152.0
RNHAGESWNKW,5153.931192660551
ALVKVEVG,7790.4908256880735
KVQWWNKLEYA,7579.5
QLKNLGNKHSG,1574.6284403669724
YEVDFLG,8699.311926605504
NYDLQFPVQPYH,15368.839449541285
NLHDYWGQFNDS,7881.357798165138
WLKHPHFRYA,11420.935779816513
DPLARYASG,2522.711009174312
EHAPVQFLSFPD,11391.766055045871
RWFNVFYSLSG,24503.481651376147
VVLKVWHG,12888.11009174312
NSVQDGPNDVAG,1481.7018348623853
YPFQFSG,10201.311926605504
RDRHVQSGWH,5602.95871559633
QLVGHDARYKG,3282.1743119266057
AYVQHWHDAS,4798.321100917431
KVSRREPWAYDS,4285.6697247706425
VFKWARNHVA,4845.293577981652
FHQYDVLPDHDL,7111.045871559633
VYAKGPAS,1860.8165137614678
HKRPKRAG,808.9082568807339
FKGPDAFKQRV,2148.6743119266057
SVSRKYLG,3725.853211009174
HNDLSWYNVSG,6589.022935779816
FPWLWKLPDGHS,11356.330275229358
PQQQNDVAG,1165.5825688073394
QWYYVGWALS,20096.922018348625
KSYHAWSVSG,4118.922018348624
QQLSLRYHDV,7583.307339449541
HPQPQESG,942.7339449541284
EAVEEHALG,957.1284403669724
REVDPWKHFH,4248.151376146789
KFRFKPKVG,1522.348623853211
FRGWEKHVWS,10480.311926605504
GVFPLYG,16322.683486238531
FSFVYGQEPYKD,8032.637614678899
RLLSPFKHLSG,7361.362385321101
QWFAEHAFYLS,37338.19724770642
ERPGVANLSG,1424.4816513761468
ASRPHFAGPHA,3560.302752293578
HDDVKAFWDL,6891.605504587156
DANNRDVSG,1146.926605504587
QDAPKAPHDFND,1598.9954128440368
ENSDAWAREKLS,1342.7844036697247
NSRFDGQREH,2649.1284403669724
DSKELQNVL,1070.9036697247707
NYFWFYSG,11190.766055045871
LALQEVKSG,1863.6834862385322
RWWKFWSEYDL,20129.60091743119
FRYHDLEGRGYK,5330.779816513761
PVGWWVEWKDVA,10089.362385321101
AQARPQEVALS,1447.1605504587155
YRNYVPWVAG,11225.339449541285
PWVWVGPVQRVG,20011.954128440368
FLNKLRDQYAG,4127.963302752293
NLLKFPSG,4641.256880733945
SAGNDRDLG,1487.1880733944954
LGDVNFRPKL,3891.0366972477063
LLGEPPG,2287.0550458715597
WEVRPFEHG,8894.40366972477
DVHRYRPWDS,8254.344036697248
HEAHPLSG,2589.2247706422017
NYSHVWDG,7713.206422018348
EHKWKDFRDVLG,2400.243119266055
NQHKEDLG,1062.4770642201836
NVDRHVEPYWK,5165.09633027523
VRNKSGGRHDVL,1798.5550458715597
DKWDKSG,958.8761467889908
DKGDSPKDVA,647.1697247706422
GEPGGPWHVLS,5719.724770642202
RKGQKQAQYKV,954.1284403669724
AQYRGEPYWDG,9783.660550458715
NPHQWQFHAS,6889.344036697248
SYLKFYVLS,28323.284403669724
QPSPPKDAEALG,1008.0045871559633
AGSHEHLS,1492.0045871559632
FDAQKHQEPHRK,1326.0871559633028
LNLDGHVS,3776.9266055045873
GENAQGFPWDS,5024.068807339449
PRNLEEDASG,1271.7981651376147
EHGERPYHLYNH,7495.504587155963
ERKENAREPAL,1077.0412844036698
QSFKHSFNQDS,2116.6651376146788
AWLVRAG,12741.02752293578
KEPAFPDLRWNK,2640.183486238532
ADSPYEVG,2251.669724770642
VWLPFALS,30193.92660550459
HRNDSSYKAL,2446.6146788990827
QPYSNLLQDAL,6571.422018348624
YPPDYVSG,3543.266055045872
VYVPPVSG,2638.912844036697
ARRPGWG,5112.472477064221
KGPVASVSEKD,752.1743119266055
HPLPLLSG,3892.440366972477
AHGFHWHLG,10162.20642201835
GFKWDQKHA,2400.9266055045873
PSPFNAEPYDVG,3239.876146788991
PQERKEPYKHAG,1155.7568807339449
DYVRYEWG,12024.142201834862
KYKRSQVG,1103.105504587156
NVKPAGRYNLS,3959.9266055045873
NKNRGREPNH,1530.9954128440368
RYGNEPANKVL,2506.077981651376
DQRQVLEYHLS,5694.862385321101
NKKVKARPWKA,1075.2981651376147
SAFKDHLG,2365.5
GFLNQFRSG,7568.536697247707
QWKGRSYDVFS,8515.871559633028
ESRKRPHAYN,2318.802752293578
RRYYLFEPKHS,6585.344036697248
KLPSKGREA,870.7064220183486
RDQHDVNHGRH,3058.376146788991
PKANFKAWDL,3956.0
NEVAPVPVLSG,2585.8990825688074
HHVHAYHSG,4014.454128440367
DGSLKHALG,1862.5688073394494
LSYPPKALS,3578.4587155963304
WVWFRERNKD,6033.04128440367
VGRYHGPREKL,3181.330275229358
AFDYYASG,6731.894495412844
WHNNAFRENVA,4353.073394495413
ANPYVEG,2298.830275229358
APYNYVRPVAS,4609.100917431193
QGDREGPNHV,1592.926605504587
YPSYLFVALS,42701.5871559633
RKNPDRPYG,2520.1559633027523
KSPSAQPWKHA,1392.348623853211
YFRWVGQYADAL,12362.266055045871
FPLRGQEQNV,2454.619266055046
QAPAALPYNSG,1728.2064220183486
AQKDDGRWVAS,2142.045871559633
NKEGWDENLS,2006.0871559633028
QVAVVSQNAS,1548.8761467889908
HGQKRDGFEYND,3266.7477064220184
HGDRFNKDAL,2202.330275229358
YKFQLRPYNL,12035.188073394496
LSFPYDWWKVAS,12302.756880733945
FYFANASREHL,5346.408256880734
LFQREPPDLG,3058.7155963302753
PPSHNHDS,1351.2201834862385
KGDNPHLG,1494.7981651376147
PGAWRPLS,6778.307339449541
KRFALPLG,4079.9770642201834
SERAQHVASG,1609.059633027523
GLSERVSG,1265.032110091743
GQHQNDADSG,987.4633027522935
PQASKDSQFRA,1349.9220183486239
YKHPPKSFAG,1994.1605504587155
YDARNDGYAENL,4296.261467889908
VEQFLESG,4668.348623853211
RQGSDALG,1350.302752293578
GPHSKYNKH,1343.940366972477
QVHNGFASG,2487.6605504587155
WYHPPDVALG,7501.45871559633
KWAWPASG,4418.844036697248
NWAEPQHG,3117.045871559633
VENRVSDSG,1269.633027522936
GFSPYSEPYS,10422.665137614678
HFEWYSWHDAS,11925.995412844037
QFVYPYHWHVS,12962.761467889908
NYWQQEHALG,4025.733944954128
DLGWQEPEHDS,2413.3394495412845
RRVVLYLG,29475.935779816515
GRLGVNALSG,3370.8899082568805
GQKRPEYKAG,1054.2385321100917
YAGARKDPWKHA,2496.816513761468
FPNKSLRENDLF,4160.834862385321
RQWRLSQHG,4992.853211009175
QFWNAWAGYNVP,10216.128440366972
NSQLFHQKHDG,2214.8899082568805
HYSSPKHLS,2857.47247706422
ELYSVSWNKD,5028.688073394495
WFYWDLSNLVAL,20073.1376146789
DNGYVFHL,14236.41743119266
QPHQHDKHALYD,3101.1009174311926
GVLQLSVG,10133.050458715596
LKDSRNQEDLS,988.7981651376147
RNYSPLRNVS,4266.848623853211
YVWVSRGFYHL,23645.22018348624
PPYEFPHALG,4053.6651376146788
SRQQFRWKHDS,2929.3899082568805
DQVHGPVSG,1389.866972477064
NDRYLAGFRVL,17416.619266055044
PASRWLALPDLG,11925.37614678899
WDVVGFKGYH,12679.215596330276
YGVAQLFWKHL,11819.29357798165
SPDDREDLS,1054.3073394495414
WARVDSWNAG,5792.9495412844035
WNDNGRNYWKDG,5468.417431192661
GFWYHGQPKL,9204.20642201835
RDRPLRDWNG,3359.059633027523
VFAWKYLG,8315.151376146789
QGENEVWNDAG,1787.8302752293578
EYKPRPKRHALS,1552.3761467889908
GRSHPALSG,2630.169724770642
SGFFWNALRWLS,16357.555045871559
NQDQHVSYNHS,2452.266055045872
AGFHKAFPDG,2829.2522935779816
RNNAPVFDS,2719.802752293578
FEQHQRDVQHDL,2416.4954128440368
GQNKDWAQPWNA,2864.467889908257
YLFKGFGWNHVS,6925.55504587156
HGYYDYWHDS,10537.573394495414
KVDNSHSG,914.243119266055
QYEGHVFYA,13352.802752293577
FGFGLFREPWS,15471.169724770642
LEVVSEHLG,3327.954128440367
AHDAARNHDS,1068.9908256880733
QRQENQPQEPKV,1040.5871559633028
LGKRGQFAL,4531.073394495413
SPYLNANHDVG,2295.3119266055046
GKSFVFDSG,3655.876146788991
GNFEGAG,1808.2155963302753
KLHRWAFYVG,14319.811926605504
HRRDYNDLSG,2354.316513761468
QLHQARPKHAG,1499.7752293577983
WVEESFRYNV,16313.58256880734
LNQLQEYHDVG,2628.3256880733943
SARSVLSG,2027.3165137614678
WHNLRNKLEVS,3555.077981651376
SQAPWVSYNVS,7679.018348623853
GLGQVWDALS,6182.261467889908
AKLWLVG,7922.206422018348
DDGKPHDASG,902.1559633027523
NGDHEYVASG,1909.2339449541284
GRKHEAGHLS,1382.0412844036698
AFWALNHDWDG,14222.922018348623
KAEVLYLYWNL,27776.903669724772
KHRNKHFVFED,4068.2752293577983
HPWLLGHDAG,7296.068807339449
KNKDNQEYHG,1107.7477064220184
RRHPRWALSG,5263.114678899083
WAWNPFWKLG,18332.80733944954
PHFAASPHALS,4651.04128440367
DFALEDQWLG,6122.279816513761
WWVWSHLSG,16397.238532110092
KPGAQRHVLG,1807.866972477064
QSGVHDVLASG,1805.7293577981652
FQAFRNQWAL,14120.747706422018
WHKSVASRKHAG,1856.4587155963302
KVNVPGFKVL,3934.5733944954127
NEYEWDFREP,5838.587155963302
SNSRAEVLG,1559.940366972477
KWRDANLS,2783.52752293578
WFDPYNAQVS,8012.316513761468
WVVESDASG,3956.788990825688
RHWKRFYNHDL,7235.307339449541
SQVASKFAS,1757.119266055046
KPLWPWG,7391.899082568807
RYKWWNVEHG,5310.252293577982
VVQRFPLS,6277.98623853211
EQSKRWLSG,1826.133027522936
SYNFPAFYWDL,24248.160550458717
HPYAEHFRAG,4121.022935779816
GPVAKQNKVAS,991.0642201834862
NREWSLFRVL,20090.743119266055
LEFVFWSG,21021.596330275228
WNVKWHENKHS,2988.8715596330276
HVNYEWDSG,5237.004587155963
VAQRWLPWVPHD,14733.087155963303
FSEWLQDVEY,11196.183486238531
DQFEGVEYWNA,7668.912844036698
QEGPGEWNEKHD,1316.802752293578
EEKVNSRPYNV,1941.5183486238532
DRAVQFHVA,4163.215596330275
DKDPGFRLG,1735.9128440366972
VASGEGQWADAG,2403.348623853211
NVYKVLGFPSQF,24126.02752293578
DGYESEPKDA,1367.091743119266
YNLEYDRDFH,9725.80733944954
QFFNDASDVSQW,6493.197247706422
VFLSWHRNS,8790.435779816513
LDRKRNKDL,1063.0091743119267
SVREQNDAL,1463.5963302752293
PEYLFPYLWNK,13551.47247706422
NGPWSWHVQLS,12783.316513761469
DLAYHVPYWN,14327.339449541285
DPSLDAG,1037.545871559633
PHPQVGQFS,2175.4449541284403
QEHNHRVQPAG,1417.8715596330276
PYPHGQFDYNA,5933.087155963302
RPYNKRNDGDGF,4106.532110091744
EALKLQEREVLG,1256.3119266055046
RVLQDESNHL,2447.605504587156
NPPDKHVL,1396.711009174312
DHDLQPHQWD,5019.022935779816
GNNHDPL,1782.1788990825687
DNQRDRLG,1887.532110091743
DQHGQEYRHV,2577.4770642201834
PLWHPAGEWNKS,4102.077981651376
WHFNPAREKHA,2971.0366972477063
SHASLVLSG,4904.963302752293
WVYVHGRYNKH,8215.444954128441
RRGGKHVAS,1214.7477064220184
PEGNDPASG,881.2844036697247
GPNNVKAL,1238.7660550458716
PSQYFHDQPVL,8407.940366972478
SESFGPVSG,2616.380733944954
HSLLHLSG,4985.417431192661
RPVHSGFYQEVS,6635.573394495413
YASNEPHREKD,1233.348623853211
ESHWQRLG,3688.380733944954
DSPQRYQDLSG,1752.366972477064
NYPVDSG,2435.1100917431195
QQYWEKGALG,3116.197247706422
YFEGHDVPWG,11291.165137614678
PLHLAFKAG,7380.518348623853
DLKLDVRHVG,3000.454128440367
PWQWEVSQRL,14369.344036697248
GNRAGRG,1748.045871559633
AQLWNQHSG,3159.816513761468
YQDHFHVG,5139.655963302752
SNQNHHALS,2473.467889908257
NHRFPWEDAL,8620.20642201835
GFESEDNHLG,3052.8669724770643
WRFYRKSG,6036.064220183486
NHYEDGFVAG,4867.339449541284
HHFSPKG,2200.422018348624
GEYLRDFAS,7003.01376146789
HVLASGQGQYKS,2706.756880733945
DYGDRYSG,3329.348623853211
YHAVRYDFRWG,16476.60091743119
WRYLEHKHG,4905.334862385321
PDVRVWNHFHD,11764.165137614678
DGVWPVLG,7901.137614678899
SFWKEVNDS,2247.6284403669724
ADVRDKDVA,836.183486238532
APHRNDKLSG,1028.9128440366972
KDRKHAHDQDVA,986.8623853211009
FNNKWSGFNV,7565.532110091744
QQDFRSWNKV,3125.3348623853212
YPQFKHHG,3003.3715596330276
AWYLSKHDASG,4718.9908256880735
GYGAQNASG,1617.7706422018348
AWRPQDALS,3327.119266055046
YEDEALVALG,5962.266055045871
QLQQKALNKHS,1303.0504587155963
QGVWSQWA,9014.633027522936
FDPYHPHAEPWA,7541.711009174312
DRAFVEKSG,1779.394495412844
FGGGDVG,2046.9311926605506
WVWWDEWDVS,17799.133027522937
AYAAKASG,1611.1743119266055
HHGHYDVSG,3240.8394495412845
AWNLGYVWDL,28185.798165137614
PGLGRRDALG,3709.637614678899
YFDGEGFRNA,5092.559633027523
RVYDNASASG,2509.0
REQAFEKDWKL,1788.6559633027523
PYWHKHSGLFP,10909.233944954129
VEEFENHVAG,1906.2752293577983
QFHVSKRYNFE,6110.146788990825
SLSHAKSG,1363.866972477064
LHVRHENKAS,1627.2752293577983
KFYYYVSG,14428.564220183487
VFNWNRKHDL,5579.720183486239
EDELLSWNHVS,3297.788990825688
NAHAYKQREYA,2628.454128440367
QNERKGQRPA,1268.073394495413
PYNWWDVNHDL,15265.894495412844
WHKHFYEHDL,9788.69266055046
KEWKLAKSG,1273.9954128440368
FNQEDAVSWNH,4720.844036697248
GDRWQSG,3003.0366972477063
DEEQPWKDS,1239.2018348623853
KFWSNRPHVL,8723.275229357798
NGRPFRLFHDL,16006.495412844037
HGDLHGEKVSG,1218.1284403669724
GKDKDPYKSG,810.1238532110092
LDPVPVASG,1762.3853211009175
GWVELQPWNS,10639.261467889908
FYAKQFSFHA,9821.577981651377
LYERPKHLSG,2791.8119266055046
FYKKFEHFKAL,4047.4587155963304
KLQNGQWRVASG,3757.119266055046
WEWVPGEPKD,3625.761467889908
FYENLRKSGQYN,4160.545871559633
YHKWPYSG,6096.674311926606
GPGHFPVSG,2676.211009174312
FDLYNWNRELS,8101.45871559633
EWRAVAENVAS,3182.032110091743
VLKWDRPWHV,10973.51376146789
AQDWVNHVG,3234.701834862385
EALVHFEYWLS,22782.76605504587
EHDVLNVKLGQA,2121.4770642201834
KYFEEWLG,5417.683486238532
DRSVKVALSG,2317.8440366972477
RDDRNHQENDVL,1740.8302752293578
DKNQWSG,1604.288990825688
LFPGGYHLG,7724.0504587155965
AFNPNKLNKA,1965.426605504587
NYWDLSDQALS,6200.793577981652
RSYPASRKHDV,2210.940366972477
VFANFVSG,9604.055045871559
WHWAHDVRPLS,12225.899082568807
QHYVVPYWKHSG,8661.922018348623
WEQPREG,3046.967889908257
VGVAYKFRHG,5575.408256880734
YAFQPVGFDSG,8663.98623853211
DSSPGFVS,2018.0550458715597
NVFDNFRWNK,6405.90366972477
HHEGNHDALG,1920.3211009174313
LFPWSPWRYA,26471.655963302754
DYVKNHG,2041.6376146788991
VLVVYNG,31314.55504587156
YPSRKNVALS,2591.0733944954127
WNESPYDYHASG,8781.435779816513
SQNSQGPYWV,7638.935779816514
KSQRERPEWDS,2080.5504587155965
GQRYDGRDRYD,5221.504587155963
VAVNHAGVLG,2561.8073394495414
LFQPWALDSG,10244.357798165138
RPVPYSQDLSK,2030.6284403669724
RFSWDQESG,3153.330275229358
RYAQWLFRGWK,12167.62385321101
HVYKYLSGNKHA,3778.651376146789
QVHYQRWNALS,8180.894495412844
QVFEPDHDPWN,4290.311926605505
ANHVDEWVG,3457.435779816514
QLVFPFEPNHS,9048.045871559632
WKPHDFERPHVS,3768.1100917431195
QGVASYREYKVA,4064.802752293578
DRGQWNWHVAS,6688.1100917431195
FKDYWGGPYSG,8166.018348623853
QDDDEHSG,1162.880733944954
FPNEREWVQYNL,16895.84862385321
GRGGEKDALS,1227.6146788990825
NQSWVASPYDSG,4417.899082568807
SVWLGAS,6748.6697247706425
GESQSFSG,2280.706422018349
KWSWQKLSG,3515.091743119266
FHAYVEPYPDVS,8860.788990825688
PHDFSYHDVFE,7785.151376146789
HDYQWSFKHVA,7094.133027522936
FGFQHLFPAS,11623.073394495414
WVLAASEPKHD,5131.770642201835
VDVGRPQWNHL,6663.711009174312
NLQWDFVENHAG,7153.866972477064
LSEYGVLSGFKV,11079.105504587156
GYHGLRWNH,8070.045871559633
YPEAYDG,2550.9587155963304
NKAEQNAQENG,915.0091743119266
NDGQWSQFAVL,23254.394495412846
VLNWKRWNKLS,5083.220183486239
HQKSDLQRWG,3473.8119266055046
SYKNYWDVA,4199.761467889908
LGVHLHAG,4081.0
HEYEGEYWNV,7088.798165137615
DDKGRVA,1001.5963302752293
QNDWANHFRVAS,7078.857798165138
RVKPPVSG,1236.1697247706422
AWGYGYAG,8746.93119266055
ENWHHSGRYWK,6908.142201834862
RHELYGYALG,8334.40366972477
VVGDYHSG,2326.9908256880735
NSNDWFRYWK,9378.261467889908
ALPWHLKDPKV,3259.256880733945
HNVERHLG,2191.3669724770643
LDPAYKLSG,2417.6330275229357
WFQFFALSG,20531.940366972478
HKQPHNSG,1463.1605504587155
PVNWWAG,9800.165137614678
PHRPNAQKVYKS,1650.532110091743
HDEFAFEWKH,5413.426605504587
APLVNKDVAG,1023.4220183486239
HSRLYNAYWVG,13102.137614678899
ANFRGYSG,5065.091743119266
FWYDLQLEPWH,20476.91743119266
LPEREALSG,1181.105504587156
NYFPKQAS,2022.2844036697247
DYEKPVASG,956.0183486238532
RQELLPYHVAG,5586.807339449541
DHAKHWHDAS,1816.5
KGGLSDLS,1077.6926605504586
NFNDYGQPYWAG,12631.160550458715
GYDAGWRYNVAS,9054.481651376147
WLGRHWHSRYL,13983.697247706423
SNQWSDVG,2714.793577981651
VQVFVGEPYDA,12691.339449541285
DEKWPYLG,4663.5
LRNSHVKDASG,1468.2660550458716
PKHPFDLKALS,2328.6422018348626
SAHVGSG,1323.3899082568807
NYRSYHALS,5326.073394495413
KSFERPQFRA,4109.440366972477
DAKFHGQEWNA,1969.0045871559632
DVLSGEKYHPHL,3679.706422018349
GNSFSHLG,3608.5825688073396
DPGDWVALG,2747.4495412844035
EQGQAFNG,1402.8394495412845
RHRFSENVALG,3466.3348623853212
ANEKSNLSG,853.9449541284404
VYHRFKALSG,3987.4266055045873
FDFPKPFALG,5354.839449541284
EWWKKDEKLG,1601.1834862385322
HRKSWVHVS,4099.288990825688
KYNKLHLSYAS,3995.412844036697
YEKEQPWNKHV,2133.0229357798166
YYGWEWLSG,12142.61009174312
AQNFPQPVLS,2600.940366972477
EVWKPNGQFL,4952.325688073394
LHVEGALS,2077.587155963303
YASSRVLRPHV,5965.348623853211
PAAQWHLWVL,23862.454128440368
RDQADGQFVAS,2339.623853211009
RKPVPRNKDA,743.5366972477065
AYLVWHG,10754.655963302752
KWDDEPAG,1609.1238532110092
PHNLFDVQRPYL,14888.5
HSDSSREHDA,1007.0825688073395
SEVSYSQNG,1696.4449541284403
YSNAWHPYKA,5291.4908256880735
PAYLLFYKLSG,22083.610091743118
YRKWGVAG,3824.798165137615
WGVPGPHLSG,5039.027522935779
WAEASNDRWKD,3530.1330275229357
RHFHWHVYVLSG,21862.201834862386
NWVKLYHS,9016.032110091743
EWDDGQNFENSG,2198.848623853211
VQEDEPWKREWS,2189.2844036697247
NFFASPLG,5941.935779816514
APSNLKALG,939.2752293577981
RHPSGVGDLS,1802.1788990825687
QPAEHGYVYKH,5769.899082568807
SWESALG,3478.0412844036696
EFWWHLSVASG,11138.128440366972
EWKPSLPKDAG,993.7981651376147
NNSKDPAG,868.059633027523
GNDFYREYNHAL,8503.788990825688
ERQNHFAG,2135.3899082568805
FSEVYRPWG,12040.426605504586
AGNPQRAG,1859.5183486238532
QFWYREAWAG,12627.247706422018
AFELNVLFLSG,38664.66972477064
GQHLRKYKDVG,2084.8853211009173
RNVVAPFKHDG,2900.2844036697247
NVLPGQRDEPN,1407.7568807339449
VANNFHLS,3802.8073394495414
DWWLHDG,12044.747706422018
SWVDWHLSG,8861.077981651377
WQHNPYDVA,6989.188073394495
DFLSLYAG,9567.275229357798
PPAYDPNHAS,1565.7477064220184
DQYFWARPNHDA,5770.587155963302
KSNWRELG,2187.756880733945
DYNPLEKHLSG,2013.7064220183486
EELAVASG,1395.2660550458716
QYNGQSLPWHD,6201.224770642202
ENVHLWSYVA,13808.178899082568
KLNRYWFAG,9543.09633027523
GPFYGHLG,7468.027522935779
YWFDLQDARNVL,10871.279816513761
HLFDPYAGHDLG,8441.825688073395
ALFEPEKSFHLS,4218.701834862385
WEHVQHVAWDVA,9571.477064220184
NGADSKVALSG,1166.2614678899083
ASPRSGQRPHL,2547.412844036697
VEEKKDVALS,740.7752293577981
YWEQDVSKDA,2355.9174311926604
VAVYYNSG,11796.967889908257
YYLHWASG,6893.642201834862
ENYGKGFEA,1849.866972477064
HGYKHQHFWDL,11367.848623853211
FNFRARELKALS,4422.651376146789
FYSHSNAYHD,4266.587155963302
SRWYLVLG,27883.74770642202
ESQQFVQDG,1857.2385321100917
RDVKSQYWGFHL,10289.334862385322
RNAHAGGYNH,3338.6100917431195
RPRVVRPWKHV,4898.022935779816
FRDHLSELPYD,7581.183486238532
SLSKARASG,1452.2293577981652
RVLAFAQDAG,7090.720183486239
RFRVHSQFVSG,7415.935779816514
HQDYKENDLS,1329.5045871559632
FSVSNDWLSG,6458.220183486239
SNYLKHVAL,5133.165137614679
SGKWPNALG,2737.97247706422
KAKESRWHDAG,1142.5229357798164
EVPKAYRKHDL,1331.0504587155963
FARLNQRPWNKA,4624.151376146789
EAKFPKRENDV,837.0917431192661
NLDKVYKG,1586.4633027522937
SGQSSQEDVS,857.2477064220184
KYAPEDSG,950.9311926605504
WKWQKGPNKHS,1822.6100917431193
EVYNYNRYDV,8966.977064220184
SYQRPEHLG,2907.064220183486
LYNEVFYWNL,26729.26605504587
FEEPKLRHLPND,2779.7798165137615
ELYNDPVSQKS,1488.697247706422
DVSDGWVGFKA,5315.114678899083
RYVWFPHAQWLS,26995.683486238533
DHLNDDAG,1501.9449541284403
VYVWKKDSG,2911.7155963302753
QLLHDDASG,2293.743119266055
PPWQKGFRHVS,4607.844036697248
PPSQQWLSG,2386.6926605504586
GWAQDNLG,3221.2522935779816
LKEVKVSG,1358.6926605504586
SGWVYGQRPYA,13499.220183486239
NSWQFSKAG,4006.4311926605506
WKSNAFAPDVA,3404.1422018348626
NQALWVLYKHD,19552.935779816515
DGYRQNKSG,1794.6284403669724
YNAERPHDVND,2631.316513761468
HQWSHLQEPDA,2459.321100917431
AWQFAKSG,4616.545871559633
LYDWWNVAL,16371.256880733945
WWKHWLQVLG,16011.091743119267
DLNDAPWVAEWL,11696.600917431193
QGHAGHREPNKH,1680.2339449541284
VHAFKRHSG,2769.9036697247707
SPHRLPHLS,3614.2798165137615
LDRPVRVLG,7039.233944954129
SEFNHFAL,9566.848623853211
RQDYLNALSG,3351.9587155963304
YNRRDGFRWAL,13677.087155963303
DRERKSEYDA,1307.9816513761468
WYYFDLSG,8692.11009174312
QHKNPWVG,3144.394495412844
ASPFFYHDAS,7289.4495412844035
LLQKANLSG,2335.380733944954
EENQNVYHASG,1841.0642201834862
QFGQSQPHLYK,5270.3899082568805
EQGNVRAL,1846.6238532110092
KNSEFLG,1334.2339449541284
FQERALKALG,4354.1697247706425
VQEEWSFEPYKG,4908.05504587156
NQWWNLPNVAL,15424.435779816513
PPVYANSG,1971.6697247706422
PAGAGFKDYNHD,2622.091743119266
HGGLRYHDV,5425.472477064221
EANNWHSG,2460.2155963302753
KLDKRPLG,1156.5779816513761
EERLHVALS,3574.646788990826
VDQFDPKVALS,2660.408256880734
FKAGGPVAHSG,1892.8302752293578
VAHDNAEWDA,2534.577981651376
ESEFPGQRPKL,1991.1284403669724
EASVHSGEDVA,912.4587155963303
AYSSQPSG,1662.119266055046
NKVYNHDGFVQE,3080.3899082568805
AHADKDG,917.4816513761468
WAHEPKVFDL,8113.95871559633
RWGEREPAKDG,1958.2155963302753
FDYWSQELGPKL,6428.697247706422
HQQYNVGVAS,2697.3073394495414
EHFVWLSRSG,14622.142201834862
PSAGAKHVASG,1197.6926605504586
KHYEKVQDAL,1205.1376146788991
FYSWHADRNDG,4699.839449541284
YLPGPYVRDVG,7074.275229357798
RPLAVGYKLG,8482.80733944954
YKQGPLSYWHG,8683.357798165138
GPKPASEAG,713.1238532110092
ALDQLFNKVL,5846.775229357798
SNSHRYWHVS,6769.6100917431195
GNNDVPLSG,1553.7798165137615
KVFEDQNDWK,2206.738532110092
NQPWGAQFPHVG,6706.701834862385
EHRFWVLEYDS,25052.371559633026
QEAVEPKVRKDL,1065.7339449541284
EANHGKGKDAL,938.8899082568807
FRWKGQRDSSGQ,2002.1467889908256
EQYYWGFLG,19224.302752293577
KKGVAHG,984.394495412844
YYDFSVSG,7117.380733944954
DFYWHYKQRLSG,6614.426605504587
WDKDPVPYWHVL,15978.30733944954
QVWANANVLS,5785.100917431193
VVARKQKHASG,1136.2477064220184
YGKWSASG,3522.5825688073396
SGFHVLHYWKVG,13904.422018348623
AHSGKQSG,1091.0871559633028
DRNFPYYHAG,9289.752293577982
HNGELFLSG,6926.55504587156
VYGSNHG,3053.0733944954127
VWLEHEKDVL,3670.4862385321103
QKHVERPQPHA,1902.711009174312
KYYFDVG,5465.518348623853
PQSWPWDVS,7051.307339449541
PSLRRYSG,4241.284403669725
EVKEWGQEALG,1310.01376146789
KGLYRHDG,2883.587155963303
KGVQPEWLG,2914.183486238532
KFQAEWKAL,3049.6330275229357
NFFYPLSG,9861.275229357798
YDGKKGEYLSG,1752.2201834862385
QHGFFWHVKHAG,9383.844036697248
FNQNDPEYNAL,2899.5229357798166
EEYHDQPLPV,2983.8348623853212
AYSGNAFNKV,3142.2477064220184
YFSEWHNSG,5512.912844036698
HQNYWRKSG,3833.559633027523
YWYGRNPDS,4423.825688073394
HRYLLFLG,29674.922018348625
HNAVGHALG,2668.7477064220184
DHFDLDASG,2751.9816513761466
GQWGLYWKDVAG,7341.51376146789
WGLYEPLSG,11573.954128440368
RHFKGVSQNVA,1936.045871559633
FSEAAGNKLG,1961.2293577981652
YHNDPNEPHAL,2468.7752293577983
GYWRNGRPNLS,6491.5
YKEDVHSRWNH,3674.293577981651
DKKLDSG,757.4495412844037
LHDWNFDVAG,6319.417431192661
VQAKKHSG,970.105504587156
FSFALFLFENS,27688.288990825688
EKFKPWVRDSG,2623.229357798165
EGPWNPAYNKH,3083.4954128440368
KYVLGKENHAG,1495.5412844036698
KLGPEWNKPKLG,1753.9449541284403
WGQHSDVAND,2284.4862385321103
SYENSNLSG,1975.2706422018348
FGLGKWKHVSG,3928.9449541284403
GGYWPHDALSG,6933.48623853211
LFNAEPDQKVG,1686.4174311926606
LYRKQFG,5246.545871559633
YHGYDQHLQKD,2759.587155963303
PNVPKLWALEH,4493.940366972477
SQNQFNLDLG,4483.091743119266
AEFGRSG,2735.316513761468
QWAHYQRDAS,5080.477064220184
QWSWHSWFVA,30391.256880733945
WGGDAPVALS,4685.160550458716
YWLARHGQWV,15662.701834862386
NGNKLYSFWND,8583.09633027523
SYFWLEALG,14629.674311926605
RWRNHRLQRNG,3885.935779816514
VKGWYVG,7104.839449541284
YDWLHAQEYNKV,4939.95871559633
LKVWRYDSG,6349.651376146789
QAHHVRAG,2100.729357798165
HKLVVSG,2900.3073394495414
DSALHVAYLG,10282.95871559633
YWEQYKSQDLS,3722.3348623853212
SVGWQHALSG,4671.839449541284
NYRKPLSG,2637.623853211009
YHRYNLYWPVS,15173.963302752294
FGAPFWSG,13384.426605504586
WGAFHAFEYWDA,25327.830275229357
HKRWWSG,6188.243119266055
KADRWHDLVAS,3168.876146788991
FNVHDSLGYWNA,9812.587155963303
VENVGQGWKG,2437.077981651376
KWLNKQVG,1967.711009174312
VERDNVLSG,2019.5779816513761
QNQRNLGLFWKS,8017.738532110092
NDEYWRLRVS,11968.399082568807
ALWGVFPAL,25730.82110091743
FQKGSKDSG,1142.2155963302753
VQHYAQHDA,2432.7522935779816
EVWHLNQYWVS,18636.8623853211
HPHGRFEYNDL,6395.087155963302
HVWRWGQRVG,9124.747706422018
PEHDERPWKVA,2332.637614678899
PWHQDPWQRDV,7245.059633027523
VKLSDAHVLG,2086.8394495412845
FWDNWHLNKD,6574.261467889908
FEKLEPVDPYV,2702.3669724770643
YGERFRPWNHL,12473.444954128441
PGNLKSRPWL,8192.45871559633
LPAGKGNKHA,1225.8440366972477
FQYSYDVWKHG,7892.032110091744
HSQHQNSWHD,3428.4633027522937
VFHLHLSNDV,8054.995412844037
GNDNPHAG,1640.3394495412845
FGWHVHEWA,11682.724770642202
HGVRNWHLS,6982.114678899083
RWAKQVSRVSG,2688.559633027523
WGWRDVFRHSG,11305.56880733945
HWYLWKG,7955.926605504587
WHPVFVGREKHL,9182.188073394496
NGVVDVSG,1584.2293577981652
QFNGVPPKHAG,1695.6146788990825
KKQKFEPNHDA,875.6788990825688
KRVPLENHD,1728.2339449541284
LKENDNALG,1129.1422018348624
FDSHKDNKALG,1189.5642201834862
GFHWWASG,10781.325688073395
PFPNWLFWVLS,37164.20183486238
RLLLDALG,8284.050458715596
VGRVHDQPNDLG,2109.3669724770643
DDFPDADAG,1507.2385321100917
YFAYKGRWNLS,7115.6697247706425
EEYLESEDLG,1626.4036697247707
QYGALDAFKVG,4579.770642201835
DRNNYASG,1730.6009174311926
DDRNQNDVSG,1053.4449541284403
FWFWHDVRYNAP,11223.155963302752
SQKVVGQWKVL,3473.7752293577983
ERPRPVSRVASG,1611.394495412844
EFNFQEHVG,3058.9311926605506
DRWVEGYWS,11961.550458715596
QGHEYLYWNDA,7511.064220183486
FGRLEGEHDVL,3157.201834862385
KVVLLSFPK,17488.0871559633
AELEAENHDAS,1122.926605504587
KEKRDGREPHA,816.2889908256881
DFDFYKFYNHV,8288.834862385322
PFVLWDLGRWDV,29841.97247706422
WYQQRKSG,3056.408256880734
LVPHKSG,1471.2568807339449
EPNVKQRASDL,867.454128440367
QRGVKYNKHVG,1308.2844036697247
YAYVNDQRNDA,2528.293577981651
HLHQHVYNKAS,2441.206422018349
AGNKVQVYHDLS,2459.0091743119265
YPNYLPYWNH,12213.816513761469
HYHQQRSG,2029.165137614679
QLVAPLPAG,2076.7522935779816
LEHQNVPVLS,2536.4954128440368
WVQYLDSWKHDL,13327.981651376147
QAFPPKFYWAS,9085.298165137614
WNKPVGNKFRKG,1592.4633027522937
AKRPFDSG,1684.1422018348624
QEHFVEWKQRK,1836.302752293578
SWFDFNVAS,8596.261467889908
FDLKDNFENHL,3140.5183486238534
WFKWPWSG,11695.133027522936
NWFRKVNAG,3447.8669724770643
HNAHSHAG,1531.1926605504586
SFLDDLS,3597.7201834862385
EDRPGALFPN,2005.866972477064
APVSRHDWVG,2576.5
NSQWQHDQNAG,1633.908256880734
DYGRRHAG,2185.2247706422017
SWSPYFLS,17058.57339449541
QANNYHLG,2950.5963302752293
KQKFFPWNA,3464.6559633027523
SYLRWEPYKDS,4839.766055045871
RDDNQVAG,1249.1880733944954
HLGYVYDFYWAS,20881.146788990827
LQARKVREYVS,2861.8394495412845
HSNSPRPNKDAG,1022.9678899082569
NYKQANDG,1366.9449541284403
GFFLSYG,19202.8623853211
LKAPYPLG,4069.4587155963304
WALESFDEVALG,15565.715596330276
QNGKVWDAWNHD,4498.348623853211
VNDLPQEWVS,2852.0733944954127
LRRVANLG,3803.862385321101
DQVYSPDVL,4275.977064220184
ALLVLWDG,34277.39908256881
PNPSEKSLSG,1167.5504587155963
WKDAHVSWPYWD,20377.256880733945
RALLNARKDVL,3666.7155963302753
DSSLVSG,1247.665137614679
EGRPYRWEPNK,2472.376146788991
SVENNSG,1099.0229357798164
PENKWKDKVSG,881.4678899082569
SQAVVLSG,2692.256880733945
SFEDQENAWHVA,4102.344036697248
NFASLDASG,2525.9862385321103
KEYRSPKHVA,1280.1100917431193
DYPVLKDVG,2243.5733944954127
RHHKWNLSG,2483.151376146789
HPGHSPHLG,2352.353211009174
QNKPWHLRLGFS,14106.79357798165
WAKKYWVA,5523.48623853211
GLWQVLG,10026.197247706423
GVLVWVS,39394.793577981654
AFSHYHG,5052.114678899083
SRYYNFREWKD,6477.674311926606
KRWFASFPDG,7991.711009174312
LFPLEDFRKVA,3445.169724770642
DRGPFRSG,3001.802752293578
KQSVVLS,1810.3715596330276
YQKPWRWG,9672.412844036697
YVAVKDVWNDVA,3708.770642201835
GPYEVPALSG,2287.4633027522937
AWRLRWLSG,11810.178899082568
RNLSDQEYQPD,2221.2247706422017
VQHDEVLEPHG,1604.045871559633
KQPNDRDYWVA,2606.394495412844
ARDEHQNG,1170.3715596330276
RWSQGFAQPDS,4029.5825688073396
GHWKNVSG,2074.2155963302753
VDVVHVLG,3771.137614678899
HGSSHDVASG,1342.834862385321
YYVYPYAL,7755.743119266055
LYSHGWLSG,8112.077981651376
FALQHRGFRHAG,5951.146788990825
HYGNKPLG,2342.678899082569
WNQNKVEVSNA,1561.4220183486239
EAPEVGREWNH,1700.408256880734
NRGGQWS,3809.5412844036696
DKSLDLSG,1002.7844036697247
QALPEDVLWA,3406.912844036697
WDPHNHDGRWA,8833.766055045871
RHNKWGEPYV,5177.036697247707
GEWHSQSGPW,10272.871559633028
KLARHDASDLSG,1448.348623853211
DVREQDALNKVL,1747.7431192660551
SNHDWHAQHAS,2698.935779816514
QVSYHFNSFKH,8083.266055045871
HSPRQFPWKHVG,4295.151376146789
PSVYENLG,3512.7522935779816
GKHYWGPWDAS,7530.756880733945
HFQEVKALS,2229.1926605504586
RLDEHLEYVL,8096.293577981652
HHFWYKS,6177.01376146789
DAHSQYRPYNHG,4214.027522935779
LSLDGRHVLS,5595.692660550459
FDHKQEDAL,1433.6284403669724
EWQPDRYWSYVL,25979.66513761468
RPGPQFWNVSKH,5250.146788990825
NEDEGKDS,797.3073394495412
LYHNDRWNHDV,5517.871559633028
PGFAGDYHDVSG,3805.1422018348626
WGFSGEKFKHVG,4701.545871559633
HDLFHDSQNAF,6657.711009174312
YSNHEKDSKDA,944.6651376146789
QVSNEWHLPY,10473.009174311926
RQNHQAYHVAS,3014.059633027523
RNDKNVAQPNKD,979.6788990825688
DEPFKHAKAG,1232.2660550458716
FNYLEHFREYW,20839.596330275228
WWHGENHYLG,12640.522935779816
NLWGHDKVLG,4705.711009174312
ANKHQLQDVLG,1519.0
VELRPEAG,1463.334862385321
FLKPQWASG,4402.963302752293
PHLPKKFPYL,5110.48623853211
GKDNQRHLS,1477.105504587156
EGWHAQKDEKDA,908.0825688073395
NDLDKAQYWKS,2308.348623853211
DRWWVSENHV,7576.1697247706425
GRQQWLSG,5026.068807339449
EFKLRQYKS,2675.8440366972477
EYAWREDPHV,4323.912844036698
NAENRYDGFYL,18464.169724770643
KSHNVGKVL,1514.7155963302753
HYWWKRWLG,12514.536697247706
WYRYYAG,8823.56880733945
LGFVLWVPNK,20777.435779816515
NGGNGRDS,1611.0
NKWQFWGWVSG,15283.353211009175
WLPWGAFNHDSG,11163.5
HRKSFPQYNL,4758.477064220184
EQSVGPLS,1216.8211009174313
KFPWVAYPWHD,19344.408256880735
FSYALRDFYKHL,7890.981651376147
ENHQQPYLNHV,4310.119266055046
HDLQVGWNKHQH,3180.853211009174
YHWHESGFWKD,9591.371559633028
RHKVSRDRPYHV,3542.059633027523
DQVNRVAS,1483.0091743119267
GHFNKWSG,4239.288990825688
QLWGLPYNLSG,12835.573394495414
HRKVEDWHG,2379.862385321101
WLFKEWKSDL,5804.366972477064
PYPLSRKAEWAL,6170.44495412844
WWGDARG,7501.435779816514
HDKYGREPYA,2887.435779816514
EPYVAHVEPSG,2512.766055045872
YAAAGYDVLS,5555.623853211009
EEWPKLPWHAL,11005.825688073395
RHVRVLDARKA,2718.3440366972477
YLSHLHSFDLS,10795.435779816513
QKEKPAYVAS,1086.1788990825687
KGKPEYVSG,1379.7247706422017
HWNWFNVAL,23772.238532110092
ANGFWKFNKHG,4401.146788990825
WNYSLEPYNKDG,5637.848623853211
FEGPKAQENLRW,3903.376146788991
DQASAQFLS,2698.3577981651374
RFFNRPKHDAG,3471.0229357798166
QLRYAFNSFYKA,15684.733944954129
DFWHHSQRYHDL,11402.58256880734
FAKGHDRWNDV,3464.9816513761466
KKDEDYASG,794.183486238532
GRQVLRASG,3353.6422018348626
ELSHHFWKVAL,9468.674311926605
NQPPEPVLG,1579.2018348623853
NSQNRDAQYDV,2034.8394495412845
AFNDRWVFNG,13372.954128440368
HVFHAFYQHD,15579.701834862386
QDLLWHVWNV,17423.064220183485
PHLHWVGFWVS,34050.29816513762
WVVHHVSG,7726.90366972477
SNDKRPVL,1574.3715596330276
GYYKHFG,6724.94495412844
GPWWYDLSG,16576.467889908257
RFWRHVFRHL,14407.633027522936
NESEENSG,958.9587155963303
AHSVQHG,1706.9449541284403
LGYPGRNKHLG,4087.353211009174
WLSAFKHEHS,4044.97247706422
RKEPYDEYHQPG,2586.1880733944954
VPVANKVEL,1038.0871559633028
DAPWSWSQEYSG,6006.353211009175
SGRNLYAGFG,9209.29357798165
NWEKNHVSG,2139.454128440367
FNPSVSYHALS,4807.261467889908
GRVVPVLSG,3700.52752293578
RAQNFVSGQKLG,2942.9174311926604
WAPNYWSVSG,14649.885321100917
WRREDFRLSG,6637.201834862385
FHAKASQSKAG,1230.7981651376147
GHSQLQWVS,6394.977064220184
NPRWVRVASG,6057.1100917431195
VLESKDAEHV,1415.4449541284403
FWKHDWAQSDVG,3467.408256880734
YHKAPDFWHDAL,7877.362385321101
WFGKANSG,3020.0504587155965
QDLPNFKREW,3843.348623853211
EPQHSKASQPD,919.0183486238532
DWDEFRVLSG,8258.142201834862
HQKARWHPKDS,1628.091743119266
DPPFVLG,3735.9862385321103
WLNYDKHVAS,5137.628440366972
RVVHFWVAG,17234.60091743119
YVWQHSNKVLG,5937.123853211009
EFDVPGYNH,4463.688073394495
LWDFGEVG,6099.770642201835
ERPALEWYKDS,2726.0825688073396
ALARWWALG,14960.183486238531
LWRHQKG,3106.3669724770643
RHDGYFHLQYHG,12497.334862385322
DWSPQVALS,4528.233944954129
EHVRYRDAYVS,7726.422018348624
LNVQWVRWKVL,19853.43119266055
FHKGRWFRE,5913.784403669725
REFKWKSFVA,4244.064220183486
RVFSGWQRPVSG,7383.302752293578
AENDGELFKV,2766.788990825688
HWLKKDALG,2969.321100917431
FPSWGRHDRKV,4261.40366972477
WSEAEHYNAL,7570.422018348624
YPFYWGDVAG,10516.669724770642
DNRWSESG,2037.967889908257
WVFPHFDAEPK,5986.912844036698
GKDNGEHDLS,1054.908256880734
SPEQWHDALG,2228.0825688073396
FKFYFRNENDVA,5811.90366972477
EEDDFWASG,3212.435779816514
QWKFAQYGQKH,4147.064220183486
SPAAKSG,697.8256880733945
WSAWSQHLSG,8022.353211009175
QDGFQRVAQV,3695.876146788991
RPYYHQFKGFD,12965.435779816513
AWEWVYSG,15404.729357798165
SNVLEHHAL,3492.298165137615
DQPYQEALYKV,3318.298165137615
QSDAWKRNHV,2178.0504587155965
SKPLDAG,1046.2018348623853
WQPNFKGRNHAG,3730.0688073394494
HQYRWSRPH,7159.495412844037
DPSYEWSG,2582.8577981651374
DELELNALS,2253.266055045872
VAVFQFHDAS,15796.19266055046
QEDHYKHAEPH,1596.545871559633
GFVGPSEPNV,2572.894495412844
DVLAQYNLED,4392.0091743119265
GQSFEVPHDAG,2232.6743119266057
EYWANHLNDRWL,18571.688073394496
QERKKQRPDL,1142.1788990825687
VSAWYVG,10322.862385321101
HNVNRPDS,1407.0412844036698
FYEFPVKDG,2994.9908256880735
NDWKVKAFVLS,17106.38532110092
NSGVVAQFK,3045.7155963302753
DYNFSQDS,2419.1651376146788
HNWRPSG,3677.623853211009
SSQFRRHG,3529.1100917431195
VKENKFVLG,1820.9357798165138
PFPFVPVAL,16680.889908256882
WVNLYNGEAG,4373.247706422018
QFQSGFVWLG,30184.775229357798
HAPGRDFKSG,1738.9174311926606
RFLEQKASG,1994.8211009174313
SDVFLYDSG,12127.59633027523
WLLFHPDSG,12224.926605504586
HSAPENHVAG,1240.1559633027523
RKDFHRYHQDS,2377.3440366972477
GQNASWRHVSG,3862.169724770642
AVGLKVALSG,4023.5412844036696
SPAHHDSG,1361.6926605504586
RHFWWDRYWHAG,15289.399082568807
EHNVSRAPKA,1066.0963302752293
WHVFQKHDFWHD,15156.752293577982
NKWLFWHSFWVL,28648.72018348624
PQYYFPHSG,9739.711009174312
KGEWRAPVS,2667.183486238532
DLGPDEGREKD,840.197247706422
FDHFPKYAG,3921.701834862385
LHSGAQVAS,1360.2155963302753
LQQDHDVLS,1780.605504587156
PKQALFLRYH,15785.545871559632
HHLVESG,2020.9724770642201
AFYHSGHYNKD,3425.821100917431
RKSDLYNFPWNL,8513.853211009175
VAKYDGPYWDG,7336.788990825688
KGRRPHQPDAS,1272.0688073394494
FAGYVEHLHDS,5159.357798165138
AEVKDQHS,859.4174311926605
AFQLKHLSG,3518.5091743119265
VVDLDASG,1392.894495412844
DLGVHDRYKDA,1726.6559633027523
FLKSFYGRHA,4347.633027522936
DLVQDVQWNLG,4601.862385321101
EYDQDSGEEKA,877.256880733945
GQFDASYLKVSG,5475.04128440367
SYDNQRSG,1876.2844036697247
HKWFWLG,11580.697247706423
HGAANKALS,1561.9495412844037
GHQKDEVALG,918.3348623853211
WVWKNLQWDV,12074.633027522936
KSEKSEQWVSG,1009.0779816513761
SRWSKSRENKA,1190.0275229357799
FKYFPNRKL,4095.97247706422
ESGYAHRPYNV,4022.545871559633
RGNQKDRYSG,1529.8211009174313
YENLHSFYDVG,8459.90366972477
AASNVPHDA,1348.2247706422017
DSHGEDFWVG,3436.5183486238534
PESRNEHVSG,1164.0366972477063
DYADQPVLS,1949.2477064220184
KAEELSEYHL,1464.4311926605506
SWQWPNVG,5661.715596330275
LWQYAPLSG,6699.995412844037
AFQLEKALG,2084.206422018349
RRFQDSG,2143.435779816514
GLWDLQVAL,13276.105504587156
QFLKWKFWDVS,8124.3899082568805
QAPAPQEPWA,1568.8761467889908
EVELAPWHAL,5952.440366972477
LSNHAHFNKL,3185.197247706422
YANYWLSYNDL,11737.866972477064
QRHWVSNEHDVS,2657.788990825688
YRHNEYNHDV,3303.353211009174
ENHVNVANGYH,2703.848623853211
ESSGVLRPYWAS,6490.926605504587
NPPNQAG,1195.3302752293578
VQLRRVSG,3424.880733944954
QPLKLGKREPDS,1032.4036697247707
NSWKNSQPNG,1555.2844036697247
ALWRHAFNHVLS,11903.394495412844
EDPLHVEKVA,1159.6788990825687
WFSDLPAS,6805.472477064221
DFLVLDSG,17272.922018348625
DYLAALG,3930.935779816514
KRWKFPVQNDG,1764.7064220183486
EERVSELSG,920.2293577981651
KVGALWDLQDAL,5802.908256880734
PSKVESEKG,576.4816513761468
AWAQRYHLQHAS,5689.940366972477
LGRAWVQWDV,13986.637614678899
HLFHPDFRKHS,4468.848623853211
REGLYDGYWSG,9998.756880733945
YRFWLWLG,18602.908256880735
LYQKWASG,3327.362385321101
NSQVHRWHG,4743.004587155963
KEVREQHG,1110.0550458715597
YDRWYHFPNKL,9774.266055045871
WRHDDARPNS,3046.435779816514
DPLKREG,760.8532110091743
LPDQRWQEPYS,4888.422018348624
SHHARALSG,2475.321100917431
QQAPRNVLSG,1993.4954128440368
RAQPWLYAYVS,31443.064220183485
VKQHQWNSG,2159.862385321101
ASEKGQVEWLG,1998.5183486238532
EFDWEWKDAL,4333.261467889908
SAQHPVSG,1425.091743119266
EYQDLSPGQRHG,2355.6743119266057
PQHKASGPNKH,1133.4770642201836
AQNNYHVG,2440.559633027523
PEPNGFAQEYVL,6359.931192660551
HNYSHSG,2244.467889908257
PQYREFWKHAG,4375.55504587156
PKGFSRGYKHG,2351.954128440367
RLKALGVQWDVL,10155.949541284404
NAKAFWGQFREP,4893.628440366972
VHNKVPG,1075.1284403669724
KRSWFPVSG,3911.380733944954
WEFSWHG,10557.848623853211
KPLVSDLG,1148.9633027522937
GYHWSEKV,3653.064220183486
HLYPLQWNKSG,5334.408256880734
NLGEHLRNQPY,8217.926605504586
RFYPFPLG,14610.252293577982
WFNVEDFDSG,7413.642201834862
HYQGDVSG,1872.4036697247707
YNPVEVFEPYD,6908.665137614679
PQLEVQHDVAG,1773.5779816513761
WPKAQWHFWG,17156.41743119266
HWFHDPSG,5881.839449541284
YFSQGNHAG,2498.922018348624
QQADGFVG,2315.1880733944954
FHSHKDLSFPNV,4030.862385321101
SNQFVLEYNKG,12491.137614678899
WEVAWNFRYNS,16292.444954128441
VAGHWKQNKVAG,1712.5642201834862
VSQSRYARHALG,4197.1100917431195
YVWRVLPKV,11391.495412844037
LQQKSFLG,3392.623853211009
NPAQKFLSG,1449.834862385321
VGKQLQFENAS,1437.1467889908256
QANRHSQEDAS,930.5917431192661
RQASNWASG,2620.119266055046
DDQLASG,1372.1697247706422
EAARSEWHD,2111.201834862385
RYDPWGFKYWV,21997.20642201835
YQFSEAGNDVSG,2594.0963302752293
PPNDVPGQEDA,889.0366972477065
DYHAYWHRHD,7808.266055045871
NVWWGFPYKDG,14405.577981651377
HWKLAQEPNVS,2009.0871559633028
WSPGSGFKHLSG,4857.802752293578
ARDNKLQHVS,1545.4724770642201
WQSGDLNAS,2664.408256880734
SGPSLWKVS,2599.045871559633
GDSGREVKDA,890.8577981651376
YQHGFAYNHVL,13719.30733944954
YSWPKGQFKL,7107.793577981652
PWGPQFVPKVG,5215.706422018348
LYGKLRHVLS,6033.467889908256
WRVGGEYLSG,7614.1100917431195
AWAYRYHG,10505.79357798165
YNQYQFAGPVL,14573.091743119267
GQWFRPNSGWVG,11688.270642201835
DRFSQNVAL,3900.288990825688
SGFGNLQEYWVA,13183.545871559632
AWFSDSG,6151.711009174312
HKGNGVG,1117.894495412844
PAKAFSQHG,1860.0229357798164
HAPWHAPKDAN,1767.2844036697247
KGYNYKHPVLG,3361.8899082568805
VHRKHPLSG,2097.6146788990827
HNGSDVG,1240.408256880734
WYFENRHDSG,6520.4908256880735
FFAPFDSG,7509.559633027523
YFGYPYASG,4521.536697247707
GHDKDWSG,1718.7385321100917
PHQLRKVEKL,1291.788990825688
HPKNVEYDL,1820.9357798165138
HEDADWKVLS,2830.1009174311926
DPLLENG,1596.380733944954
ANKAAQFPWVAS,4361.857798165138
AAKVPSG,1203.926605504587
WENALVYLG,34952.10091743119
RDWELQEPYNK,3446.435779816514
QPKLGRRLSE,1929.9724770642201
DYPEKSG,939.2155963302753
SQWQEQRDL,2721.4862385321103
FWGDWREWNKS,6977.807339449541
VKWKHWDVSG,2962.1284403669724
GREKGSFYDA,3409.4954128440368
RKRHNDEWHDS,1961.0412844036698
VALFEDQVQKDS,2164.380733944954
HAALHAQWV,8586.522935779816
QDRVAQRALNA,2311.6422018348626
YAGKNHEPHVL,2785.4174311926604
QDQQGFNDVLG,2213.5412844036696
NWEYKYG,6175.344036697248
RDSREKREPQYV,1849.651376146789
HGRFDFREY,11693.509174311926
QPAWHGKFYWNL,18596.004587155963
WRSWFVSG,17602.07339449541
QWLSDPVARYKS,6638.1697247706425
VALHASRPSYKD,3815.6880733944954
LFEKEPFNALS,5084.279816513761
WLPYNYQENVG,8469.344036697248
NAHSNGPNKVG,1552.8577981651376
QWFNSFLFRENA,17734.371559633026
FRRPDAPKPDA,1505.8577981651376
WLVLDLEPYNK,22685.42660550459
QVPKQWNLYWHS,10155.454128440368
QVGNLYPWLS,17426.522935779816
QLHPHLWALG,14429.43119266055
LWKQYLREKVL,5012.087155963302
QWAYKEYVGWK,8042.073394495413
PGYHNLEHG,3418.288990825688
EWHSDSQHGES,1615.9816513761468
YPKYWYNHAS,6871.866972477064
DWLRAFELS,14946.70642201835
YERWPVLG,11534.522935779816
EPNYHENFYDS,5804.665137614679
PGYNSQQEKV,1177.7706422018348
DWRQRVALSG,5642.229357798165
FLKVFEVLQEDS,10928.055045871559
NKDRDEKGQNKV,830.4633027522935
AFVQNWVLG,11186.385321100917
FQVNQVLG,4094.5
YKNQVRPWNKVL,4726.660550458716
RSSNGHLG,2392.2477064220184
QPPWHWNQFEK,5917.454128440367
PKENVSPREH,1331.1376146788991
EEKHGWFKLSG,3931.577981651376
KGKLVAFEPNLS,2592.0366972477063
KPKQWAPDVA,1202.665137614679
AGDKKVSG,855.756880733945
WWRHWNLSG,14017.95871559633
YVLGRRPSEPN,3661.0366972477063
HRYASDFHG,5277.100917431193
LYFERESG,3959.940366972477
PNHKEWKDWLG,3005.9770642201834
NAQNEKDADG,753.5733944954128
WHVSKAQSNDS,1696.8119266055046
WSRLLEPWHSG,13433.12385321101
AYRNFSG,4940.376146788991
AQQPHSGKAL,1531.3899082568807
ENAQQYHYNKL,2825.467889908257
PGEKVPWVFVG,18379.908256880735
YRKAHPYDAL,5248.963302752293
WAFLPDAQSG,5548.908256880734
VHSEGFAG,2276.02752293578
LYPDWASG,5920.802752293578
HVDWAQWKHD,4585.761467889908
QKWYQRHLG,5585.137614678899
QSNGAGPYNA,2074.467889908257
DSNSQYGYHAL,4417.637614678899
VGEKEKRNKV,598.183486238532
WKPQWNSWDVS,6556.114678899083
FEQQFRKVLEWV,12110.862385321101
NWKYLFVLG,26293.495412844037
KAFEHSVWNKV,3858.362385321101
FLFRWVVLWVA,32797.34862385321
YENVKARYWKV,5706.775229357798
DFRLQQYHLSG,7888.821100917431
VKNKPKDV,668.9449541284404
EHSGFHPNNHV,3316.935779816514
YPYGDPKDVS,2188.362385321101
SPRAHALSG,1746.2155963302753
GVEEDLG,1148.7706422018348
HSGRADSRWS,3631.669724770642
PEFEEHSG,1927.119266055046
PGQNAAFRPKDG,1714.7339449541284
HPAQVSNDAL,1481.940366972477
PRYLDVLSPKL,8292.821100917432
LEWSVFLG,23416.75229357798
FLARHAYNDVS,5902.435779816514
NWWSPDVASG,6108.288990825688
GWFYYHDA,14225.316513761469
WANFSQRPYK,8349.967889908257
PQPNPNQFPK,1591.5045871559632
QRKFWNSWHLEH,7824.605504587156
DYRVEWHDVS,5218.8899082568805
RQFRPRAEPWA,5402.756880733945
PGDHADAG,1213.2385321100917
FWLFRPGPKAPA,3738.5963302752293
ANWVFVSG,21363.76605504587
VNVLSEASFEDG,2714.5412844036696
WPKNKWKHDAG,1992.6926605504586
FHKDGLWKHDV,3189.412844036697
FSDWLPAS,5865.54128440367
YHREGKEWKDV,1815.01376146789
WPPSPYWND,13953.270642201835
HSEVFNHGQPYH,8376.348623853211
DKAHHDG,1104.4174311926606
EAAELWVG,2737.467889908257
RKDFDLENVLWL,11811.04128440367
KERKNDALG,810.7339449541284
WDVPKSVLWNH,6723.582568807339
PNQFFRGQNDG,3800.6422018348626
PVHWNAGDVLG,4318.018348623853
HFPWRGQWNA,10932.605504587156
EFVWPNVASG,5037.417431192661
PQSLFWG,10590.779816513761
WHWSGFQYWHA,22561.42660550459
QFWDNGEKHAPN,2452.821100917431
LNHNGPHG,2546.729357798165
DGGYHVQRHAL,4591.059633027523
RRPVEGQRG,1226.6788990825687
YGWPPKSG,3587.197247706422
NSHKGDLS,1179.3990825688074
QHYDQEYHLHDA,4863.605504587156
LAEYVYSG,9220.100917431193
EDQLSPLEWKD,2264.5550458715597
WVNGPDYWG,12764.614678899083
EGRPAKHQRASG,1199.5
QPVYLSFKQWK,18424.55504587156
FPVPSGSGFPKH,3115.6651376146788
HHLPNLAS,3193.1284403669724
HSWAWAQYG,11414.463302752294
DKASYAQYLSG,2434.178899082569
WNNSEAQEPNH,1791.619266055046
QGHNHQWDV,3495.6651376146788
RVSQSEKAQED,695.0779816513761
LEFGHLSG,3815.238532110092
PKSQGHDRWVG,2515.2477064220184
QYGQGKAKVLG,2075.821100917431
FDGKYALFWKDA,6266.385321100917
SPHVHQRNKD,1402.1788990825687
QSSWWDVAL,10151.059633027522
EQVNPDG,1131.7981651376147
YGKDVPGEWKS,1606.0045871559632
AAPHVVALG,2770.293577981651
YLWRHSREKS,2856.8073394495414
QHDEWRVRYKVG,6267.376146788991
NFRKSRVAEPDV,1806.7798165137615
WWGALKG,5648.729357798165
YYQEEWVAG,4605.426605504587
KEWAEGQFWG,7031.229357798165
NDLFASEPLQPN,2803.4770642201834
HYEFDVAS,4053.52752293578
LRVPPAG,1931.1100917431193
NVEQRNPWVG,6387.637614678899
AWNVGEYLYKLS,13983.211009174312
FNVKSGGNDALG,1589.7568807339449
PNGHHVLQKAL,2757.5137614678897
QVHVQVGQFR,7556.756880733945
PQLVEKHDVG,1274.8211009174313
ASWDPWDEKVG,3382.394495412844
SEGGPVSG,1104.3761467889908
NRHDEENKS,818.1376146788991
WQGFLQLG,17545.70642201835
KNPQRVAL,1972.165137614679
NVDAQNYNG,1694.7018348623853
NEVAVSWKV,5792.311926605505
VKVWVPKALG,3761.591743119266
NVAFWHYWNLNV,22665.67889908257
KELNGENSG,953.894495412844
SGASEAREPND,847.9357798165138
SYPNKRG,1778.6559633027523
RKNNHSEPNKH,939.2339449541284
KFWRQRPYNG,5587.321100917431
QNPPQREYNKD,1169.8761467889908
DAFWWHVRVG,18974.449541284404
PWGDPYWNWND,16318.270642201835
KVFPYLRVEWVS,26049.591743119265
RVAYFRWYHG,15888.798165137614
VQWSSWKHAS,3966.729357798165
FSEPAGDQPNA,1225.3256880733945
RHAASDRDVLG,1573.0366972477063
GPRKAAG,757.2018348623853
FWEKDLDQAL,3560.5733944954127
SYGQHQHDVG,1947.9587155963302
NHHWWKSG,3989.738532110092
PYDFKHPALSE,2254.591743119266
SHLHFWLG,12282.642201834862
GWDGRLALSG,7011.44495412844
WYNGSQNHDASG,2168.0825688073396
PLPSQFESPHG,1837.9449541284403
FHWVAGEPKVNS,1716.2522935779816
FQEWADGFWNLS,16690.325688073393
SYHEWPNHDLG,4233.605504587156
EVSWENHQVSG,2243.5825688073396
FAFNWVLGKD,7322.174311926606
RWRHVGRAGVS,4082.0504587155965
NKEYVSPVAKS,1323.9587155963302
SLSLKDSG,1331.3532110091744
FLFWYNSWAS,6305.0091743119265
GQRLRHPHDVA,2886.4036697247707
QFFYALVAFWD,17865.711009174312
AVYNRVALS,5439.266055045871
REGLASWNG,2422.793577981651
KKPKRSG,503.9357798165138
KKLQEEDSG,591.802752293578
FQRFRGPYVG,11014.0
NKKRNDLKDA,735.954128440367
REGPWSRPKYWK,4217.775229357798
DELNHRHDVAL,2696.5825688073396
DRHPQREYHLS,3478.5229357798166
FEQYVAWFPNH,15586.775229357798
KEENDNG,779.9770642201835
QQEHHGQYWNK,2938.229357798165
QHGPPVALSPV,2112.8440366972477
SPNAYDRNVL,2896.408256880734
EPLFNFWDVQV,18298.298165137614
RNGDYASKHDV,1704.6880733944954
DSGNSYLWNKV,3117.353211009174
HVYLAEPYHA,15066.142201834862
VEFNLVLG,15304.105504587156
DAWASGFFDVG,16668.155963302754
PWEWAGFKFHVL,27443.357798165136
RRNKGQYNASYW,6876.128440366972
LYKQVPKHDAG,1487.7477064220184
NYVSGNKQNSG,1213.0091743119267
SPDEPHHLSG,1547.4633027522937
PKARNFVSPHL,4259.981651376147
RQVYENVAL,5303.788990825688
RYRKYWNHSYL,9009.550458715596
PNPKKDSQYWHS,1876.3899082568807
EFLSEKDWNKVG,1865.3853211009175
NSFDRQPNA,2153.940366972477
AFAFDRYWKH,8519.825688073395
KALGRARYKRL,1796.4357798165138
KFNEWREYKVA,3277.5688073394494
GQVGEPQPKDS,822.4633027522935
KNADYKVLS,1453.467889908257
HYGLVLSG,8699.61009174312
GDVEPYSGVL,3027.119266055046
FQWYLPLG,20042.183486238533
YWYDFLGEWNH,13228.43119266055
VERSGWHDVG,3934.330275229358
AKQEYRVG,1515.5412844036698
EHYGNHFEDSG,2411.0504587155965
KAKWKHDRHVAL,1675.1559633027523
PQAEKHGEAL,979.3990825688073
YDFDHDFWDVG,8626.256880733945
NDRLYNGPWDL,11680.866972477064
WREVYNEPHDG,6730.284403669725
EEARAHDG,1231.2247706422017
VLGRVGDRWNG,4871.504587155963
NGEREGKHAL,1419.0412844036698
VYYVPLS,12232.12385321101
QRFKWLGLSG,7215.779816513761
RNNALHNDASG,1749.4449541284403
KKDESWSG,1047.2064220183486
FWGFDAPSGND,4643.261467889908
WNQHYWNGYALG,15100.055045871559
AGVRLQEPLG,2476.793577981651
DQPSDQFYDSG,1979.6926605504586
NGVESHVALG,1914.105504587156
RLDVPFKAS,3208.830275229358
EQYGYSEPWVS,7552.362385321101
QFQPAPYRVSG,4533.229357798165
FEDKNKHEYAL,1542.8532110091744
PEAFLQLG,9789.784403669724
KEAKDQDALG,730.2798165137615
EAFWKQDLVA,3333.7752293577983
HNFPARVL,7221.5091743119265
SFWPKGNG,3169.876146788991
SQLHAKLG,2096.532110091743
WFSPPNVLSG,8675.912844036697
VYQHHDLSG,3031.5688073394494
HNREWKWLSG,5153.876146788991
EAGKLHDAWAG,2374.380733944954
WQEAGSRASG,3049.47247706422
RVPAHQRVAS,2034.3302752293578
AGKRHRPHDAG,1533.98623853211
NAGWLPWHAEHA,7476.59633027523
WQERHVNVAG,4918.495412844037
YRADFKLG,4289.201834862385
QGAPVSHDVL,2019.7064220183486
ELFHKHSEYNG,2639.1605504587155
VEPWVGRNFEKS,3354.454128440367
YEDRRKVALS,2978.091743119266
RVDQALPNVG,1754.1146788990825
VWPGDVSG,3399.697247706422
FESKRYDEKAG,1245.366972477064
RSHYQFSG,5895.518348623853
NALPQWKSYWD,11231.178899082568
PHVRGQEGWNHA,2987.651376146789
RFPVESRNDS,1831.7798165137615
AGSVSFDALS,3202.9266055045873
RAGNQFWKSWHA,8116.720183486239
AKFVNSG,1673.4770642201836
SPPGNKDAL,981.316513761468
EQGRQEKSG,761.7935779816514
WKAGENAYKHLR,3641.233944954128
WHKEQNDLS,1597.6926605504586
NRFRSFLSG,8151.45871559633
HWSFLDAG,11308.788990825688
APSWLWAG,8305.614678899083
PVYWRQNKS,4313.743119266055
DQPAWSRYKSG,2642.1605504587155
FQLEWAQREYWH,17553.08256880734
GRADKDVA,943.1009174311927
FRVRREHSRVS,3297.206422018349
YYWLDLWHVA,15388.894495412844
PDEGAQNHDLS,1567.5229357798164
GKGNWDALG,2546.7844036697247
QASESQRKEDA,753.9678899082569
VPPRVLG,2131.5504587155965
YAVQYARWKV,9911.243119266055
VSEQVQRENVLG,1744.4128440366972
QPFAYHNDG,6682.091743119266
AASEPRHLS,1618.2385321100917
LQSRYFNKAS,3669.8256880733943
RPARDQRYYDG,5734.206422018348
PEGFNEWNHS,4608.165137614679
QWDEKLGHVLRW,14594.091743119267
RSQADVLPG,1777.6605504587155
RLQSKRPLG,1873.9816513761468
NSKGDSQYHSG,1322.380733944954
EEYDFSWNVA,6004.655963302752
DVPWYWWHAG,18733.52752293578
PYYNSGWLRPK,8613.5
DEKVNREWNLS,1935.9174311926606
VAQWNGELYKL,7122.4495412844035
AEYRLDSG,3224.3715596330276
KESAFNVG,1596.8623853211009
HEQFEDKVSG,1339.1926605504586
YPSVPWG,5040.5
REHDLKWGKDS,1423.559633027523
FPDYQFRSRKH,5595.559633027523
ASFKAFDSRYG,6015.802752293578
NHSDFYSPAL,7504.004587155963
EGDSQAGRVL,1433.802752293578
KNGGFALS,3132.894495412844
ESWFWGFYKDS,13196.279816513761
YGKKKHLSG,1280.8073394495414
HKPPVLSG,1557.1238532110092
PQVNYVG,3390.8073394495414
RDYNFEKHDQHV,2418.362385321101
NRALAGQRYLSG,6055.495412844037
KALSAEKVWKD,1205.7798165137615
QNWRGNAG,3387.733944954128
AGSLQVASG,1464.5183486238532
FALAYHFPYNK,10031.922018348623
EWFGGQWKHVG,8005.1100917431195
EFYFDFKAG,20598.674311926607
PSKLSEYQKHVA,1781.1605504587155
HGRDRVYHL,6808.683486238532
FWPENKPKG,2107.233944954128
FRFPDLFYNSRY,19637.977064220184
FWFFNKFHVAL,11486.701834862386
NKQPDVAPLRYN,2564.0
PYFFYKDFKHVG,14607.275229357798
PDQYSQFKNVG,2833.9587155963304
HPYWEAPDA,4276.0504587155965
EPNFVLSGVLPL,22850.56880733945
GNPKVHG,1630.7798165137615
NQENEAEYWSG,2942.0
SGFNKSRHVWN,5641.701834862385
EYNPALRHQKHL,3146.564220183486
NLLFGEYWKHDS,7819.504587155963
YDPYNVPKNHA,2405.0550458715597
QFQHGENLYNH,4796.95871559633
PRRYKNVALS,2027.7844036697247
GSGQKGNG,950.651376146789
QQDSEQWKHG,1185.211009174312
ADNHANSG,1248.6284403669724
VQARLQHG,2791.9266055045873
AYPQKALG,2298.47247706422
NHSSLGENKDS,908.7201834862385
HAWRWVEWKL,16530.128440366974
LSFKLNAREYK,5147.623853211009
GLSLNSG,2661.880733944954
ERHRWGWNVS,6735.518348623853
GNKRHEPYKV,1718.288990825688
QAAVVASG,1222.3577981651376
HADGQHPVAG,1652.0642201834862
FFPKSGRSHDS,2074.3899082568805
LWQFWEPSG,14157.334862385322
WKGQESYHLRYW,14532.646788990825
WVNGRHVWHDV,11432.151376146789
NREHFQREYWKS,5904.059633027523
QHNRKQREHVAS,1291.6100917431193
EWPRYWLRS,19150.51376146789
NVGVARNLRKVA,2791.4311926605506
KRNLGDLFLS,6126.95871559633
NAVRARWNKHS,2676.8899082568805
DARDNGFYHDG,4482.9495412844035
DQSHVRVLS,3328.4036697247707
VPEYRHSG,1826.2844036697247
SPVGQERNHSG,1147.573394495413
YSHYYKLSG,4257.862385321101
KRKNKRNDVAL,753.4311926605504
PDKQVLYKVA,2710.7522935779816
HHGEHYAG,2671.761467889908
LWFWSWVLSG,20462.380733944956
DLWKLVPNKHD,3226.146788990826
QSKESPVG,740.8577981651376
LWHYARWNAS,9408.880733944954
WGVNQRKHDA,2925.201834862385
LHSVRPAG,2755.256880733945
KFEGQHHVA,2520.5229357798166
NAHHRYVAG,4101.252293577982
PPSANKLG,889.3532110091743
SYELWNG,4688.880733944954
LFNAHLGRPVA,5882.4908256880735
DWGKAKG,1381.7339449541284
PPRNLLG,2464.47247706422
YVWKPPWALS,13378.133027522936
VSQSFDGNSG,1712.6880733944954
ENNKRKGRNAL,954.2706422018349
KFAKKHSG,916.0963302752293
LSEWVLGFKSEK,7385.160550458716
DRHFHPNHA,3231.201834862385
DFKKNHVALS,1897.5183486238532
GHSLDVLSG,2505.1651376146788
FDHGFLQAG,5282.165137614679
EKFFPYSNHD,4628.504587155963
AKHDWARYKDAS,2277.0091743119265
QHWDKDEPNSG,1299.1605504587155
LVHDKSG,1286.3532110091744
NGKLPNHDYVL,3682.0504587155965
ARGYFHSG,4965.807339449541
DVRFSGYHDAL,9663.766055045871
GLFYAFHDVLSG,19902.059633027522
VEPHPYASPWL,15568.481651376147
LSRGYNGEWS,5511.619266055046
HRYSQKPNVA,2150.4495412844035
WSVVVSG,20919.811926605504
PSKGWGRDLG,3038.1422018348626
AQEWKNLSRWV,8023.591743119266
RAKSPFPNDVG,1479.4357798165138
NNWNHPYSG,5877.899082568807
PNDVNAVLGVS,2399.4862385321103
EQVLYSFREYN,23030.88532110092
PGEHKSGEYA,1589.3532110091744
SHASHELSG,1518.3119266055046
QYPSFYSQNKHV,4953.146788990825
VLEFSYWHVS,15806.330275229358
LSHQAYWNKDA,2428.3440366972477
VSREDDGPYWA,7066.114678899083
GDKFKALS,1244.0091743119267
FRQKKLYWNK,1996.426605504587
AHLWPAG,4918.435779816514
WEPRRKASG,2129.0137614678897
YSEFFHDVLSG,7685.821100917431
SGNRSEYS,1817.105504587156
FKYLSSGQYNVL,7963.866972477064
LRRFEALSG,4172.600917431193
NREYWRHWKVS,7036.307339449541
SNAPLFDVAG,3000.302752293578
KVKDQPGPDVG,875.1788990825688
WRKAVSEHSG,1853.5366972477063
QKQDEFRHVAS,1139.6880733944954
FHWRRPHLSG,7589.825688073394
RDVVDFENAL,3033.2522935779816
DSSLHVSG,1446.7339449541284
RSQRSGQQFEH,2225.3394495412845
FQFALKANKHL,6291.931192660551
EYSAHDALWAS,5412.256880733945
YVYRYDGEYNA,8962.802752293577
NFDNNASG,1866.5275229357799
PPHNWVSG,2675.256880733945
AHDPAFRPLG,2562.137614678899
FPVWAQYAKHAG,7390.756880733945
RVDHEVSG,1527.7981651376147
YGFYLLSFPLSG,23572.95871559633
FNHQDLESQPNG,1842.6376146788991
WPFNRELG,7534.633027522936
NGRRPYGKAL,3878.761467889908
NNENFHSG,2149.2247706422017
KHHWFYALSG,9655.678899082568
RLHNGNDSG,1479.0045871559632
QERQDVHDL,1184.0963302752293
ELVEEDASG,902.2798165137615
LGVEDFWLS,7850.105504587156
VKFRDSVG,2073.577981651376
GPVWGDAG,2173.706422018349
FGPENEPWKVS,2364.077981651376
WAHPYAFEND,8670.62385321101
VQRWNGWAQFK,8146.357798165138
VYASVYNVL,11656.197247706423
WLDKGKALSG,2313.2201834862385
PFGHGHG,3016.1100917431195
HGPQQFRLSG,2925.4954128440368
EDYRGFPYDVL,8097.894495412844
PQLELNLSG,2429.9862385321103
NAFYKNGPDAL,2551.7247706422017
RRPEREWG,1760.0091743119267
FQQHSNLG,1905.7064220183486
DFDGGDSG,1370.4495412844037
NKLKEAGEYNKV,804.7155963302753
YGQPDFRALED,2735.0091743119265
DFVQEWHHLSG,4416.642201834862
DYQYEDG,2139.1422018348626
KVKSPWDASPYK,2401.52752293578
PKQEVPYAWKG,2843.233944954128
AKNQPSG,896.9862385321101
DNNKVYASG,1247.4633027522937
PEDQVFHDALG,3163.5550458715597
LLPHDFG,6102.408256880734
GPKDFLEPHVL,2842.7155963302753
LQKYRHDVALS,2956.756880733945
AEHKNAG,930.4036697247707
NAQSKGQPDVAL,1059.559633027523
DPWNFVPKAS,3022.9036697247707
YNLPGYWRPKD,6112.811926605505
KELLPVALS,4100.568807339449
YVQYRWAGPKL,10734.655963302752
SKGKHYDLS,1412.834862385321
ANFHNKG,1643.302752293578
DSNRLQREWKS,1909.926605504587
PGRGDVPWH,5170.977064220184
DHGDDLSG,1479.6697247706422
QRLPLQYWWN,19273.922018348625
HNAHGNLSG,1923.7339449541284
ERGAEPSG,835.9357798165138
YQGRNSQNHA,2203.9311926605506
WAVYSRDALSG,9292.504587155963
YSYHYAEAS,4241.073394495413
PAYRLQPWKHVL,11035.532110091743
FNVNFPKRVG,4703.646788990825
NWELRYVLS,31632.091743119265
AGFYAWHAGREA,5510.325688073394
DWSREQKHDL,1983.4816513761468
HAAGSKHDALS,1148.9449541284403
FQLEDGQHDS,1925.3577981651376
NKAWYARYNG,6382.252293577982
VFSFHFNVSG,14955.711009174312
QLEKQFYQRWDL,11759.981651376147
AFQHWHLSG,6336.316513761468
GFGRYVRPHDSG,4879.95871559633
PSVYVHVALG,26951.591743119265
ARPPDGWKHVA,2953.211009174312
GKPNDNLS,1109.51376146789
NRNKDKLRWKA,1129.9633027522937
YQSEKGYWKDV,2315.321100917431
ELPWHQKGFPWH,10123.646788990825
VKYFVLSG,14980.922018348623
FSEWSNPNHDV,4790.807339449541
YLRHSYRWDAG,7715.885321100917
FEYNEHQPNPHL,5532.756880733945
QQFLALSRVLG,19718.522935779816
FRVYNVDVAGFY,34940.11467889908
PRLYGNVLG,7039.004587155963
QVEQPDWNAS,2315.6330275229357
PDLSSREPGPK,1168.7385321100917
NVYHQEDFPWD,10341.788990825688
LFLHDESG,3562.4036697247707
WDQLKHGQPDG,2460.4587155963304
WHSPFRPFRHVG,11231.284403669724
QKFFKVSHDLG,4549.068807339449
RHLEDGERNHDA,1881.6376146788991
DGAPHQSG,1359.3532110091744
PHKFWAFYKA,9010.669724770642
RPSFAYNDQWL,18926.522935779816
NWNAANHG,3064.9495412844035
AHFHGYLSG,6598.077981651376
DLNPLGRNKALS,2492.7752293577983
LQRPRHLYSG,5318.077981651376
GWPHGYG,8369.160550458715
KNDLLENSG,1138.848623853211
HKVQVQPLG,2175.954128440367
DYARPGNG,1879.105504587156
YGLVVSG,10381.90366972477
HGVKHLSKVLSG,2939.738532110092
KRPWRHLDAS,3378.4908256880735
AGELWYKASG,5371.536697247707
GQEHKDSYVA,1521.4128440366972
AWHLLFYWNDS,22272.825688073393
VSVNWDVG,4026.2522935779816
KSNPGPDLSG,1247.8440366972477
QFAEKHYALRK,3713.9036697247707
YHRGDVQPDVG,2123.467889908257
ARRNSVSG,1409.032110091743
YDPHNVFYHL,16789.096330275228
VFEFGRPLS,9789.80733944954
LYSFQREPWKHD,6824.435779816514
PHSWAQPRWNL,12572.02752293578
WWDKDDVA,3658.5229357798166
DSWNGWSWDS,10818.077981651377
LGNVKHGWNVL,6505.619266055046
WSWRQFYWD,23885.770642201835
QNSNLEWAPYN,6362.298165137615
ESLGEHRDS,1222.6788990825687
RDRSLQFEHS,3437.059633027523
PFSSQYSG,5014.628440366972
AGDREHVKDA,931.5275229357799
VPFPAFDG,5798.880733944954
LQYHKAEPYWH,10819.642201834862
LHFYVWLSG,21560.357798165136
RHFNARHGFNH,7085.899082568807
SAFDVRG,3511.183486238532
RFWVWQNHAG,10156.362385321101
RRPAVLKALG,2642.2798165137615
QPQVVFNHA,4741.09633027523
SQRNHLFDSGE,2641.532110091743
NSHHQKHSG,1456.211009174312
GWFAWSG,18612.628440366974
WWRKPVSG,5429.206422018348
RDWVQEALFPKG,5326.275229357798
DWLQYNQWNLS,12244.912844036697
DRYNWKRHG,3247.6284403669724
DDYKDKLG,957.4311926605504
QKHAHSRASPLS,1601.7844036697247
PLAADVASG,1405.5183486238532
DYSDNVSG,1577.0825688073394
GWSQQEDS,1580.1743119266055
WFKFYDREHSG,5817.605504587156
FSHRHDREPKH,2022.9174311926606
RGPAENDSPYL,2413.1284403669724
KGWAAYVALG,10912.550458715596
WDWLDVSEWG,14441.178899082568
YWQLWLRENAS,11037.981651376147
YWSPAENHKHAG,2166.0183486238534
QKKPDAQEHAS,740.151376146789
ALYPFNKAS,4979.807339449541
NVFPDSDSPYW,8716.48623853211
PSDEVAREWHDG,2254.408256880734
KSHYSEKA,995.0733944954128
GVEKQRPYWG,4981.811926605505
AYKELRKS,1255.6146788990825
DHGYVWSG,7009.284403669725
RDESAEYLS,2513.545871559633
LKREWESG,2079.321100917431
WGLEVRWNKVL,16451.69266055046
NKYVHAQYHD,4251.3899082568805
DNALLWVAS,11094.20642201835
APKGRGFHAG,2133.0183486238534
SNDVHANKAG,1020.8394495412844
KYRYLENKHS,2147.862385321101
RNRWHLQSQEL,3837.077981651376
EAGFKRYRED,2610.3990825688074
QKQDQWQRHAL,3268.0412844036696
EGSPVWKG,1540.7201834862385
SFPHRVEYHD,5654.633027522936
FFGRNNKLG,3440.045871559633
FKEEGFDLS,2488.261467889908
PQRPQHAPWK,3171.211009174312
HEAWRYDVALG,10491.380733944954
WAASGHFNVALS,12344.348623853211
RHKDKSRYKVL,1226.4587155963302
RFLFEFDALG,28549.88532110092
HSKYQEKLS,1339.7018348623853
DLGQRLGWWNG,11552.752293577982
WKPAPSGALSG,1733.366972477064
DWEADVSG,1995.8577981651376
YGQGEAESG,1132.7293577981652
QWNEKFNFDVS,6962.866972477064
DFGQNSGKHA,1603.059633027523
GRKYKEKHVAL,1332.0091743119267
PAELKGFKSG,1758.5
HQPLRALRYK,5004.082568807339
HWAEEPDAL,3249.7155963302753
KQYLWSFRWDSG,12512.422018348623
WELGVYVLSG,31910.73394495413
YELADLSG,3654.9587155963304
NVLERNASNAS,2313.3669724770643
VYKRANVG,2380.894495412844
WYSGVFWHV,20262.45871559633
EGDNKFYWKHAG,2245.4311926605506
FEVRVRGQPYKA,6718.44495412844
PGLELSQLG,2701.1009174311926
LFGDAYDG,4640.325688073394
AQSYDEDVSG,1269.6880733944954
KFLDVNHLG,3972.380733944954
SQHRQHLG,2556.922018348624
YWVKFRPGKSG,3697.9495412844035
LGESYQFKG,4930.90366972477
FSYAAQYNLSG,5395.284403669725
EAPAGSGRPNG,1098.3623853211009
NVPRSYDVLSG,3309.3990825688074
GFHRFNKDVA,3560.8119266055046
ASFEYDLHDEWD,9629.866972477064
WFLWGVLG,16770.23394495413
PSKQNVSPYWVL,11702.45871559633
VGSEHGHS,1454.4816513761468
FESLALSGEYDS,4382.591743119266
PHYEQRKHDL,2312.3669724770643
FAFWARDYHDL,15276.536697247706
YFPSRDEYAS,3735.330275229358
NNAQPNFLSG,3913.422018348624
GDWKSWSG,3659.2155963302753
NWGEDYHDV,3991.6100917431195
RFFWQFSG,16637.73394495413
VRLVQRALS,6697.564220183486
QYKEFPWKKAG,1974.4816513761468
PVNPGFPAS,3594.3853211009173
QNWWHAPYN,14246.009174311926
LPSAGFDVLS,3903.9770642201834
PYAPLSQFFEYS,24251.376146788993
RQVPANVG,1709.5779816513761
RDYQSFRWNDVA,6231.665137614679
WSFDRHEKHG,3289.146788990826
WDREVRWKPKAL,5368.853211009175
RLESGEGWNHVA,3383.697247706422
KVNRSEPYNHS,1921.2798165137615
PEAANDG,1048.6880733944954
HFKWDEKDA,1473.9633027522937
YQDLASEPYNHV,4490.926605504587
DEGAFDG,2468.880733944954
PDLSNFKHRDL,3502.5963302752293
KKKDFYWDAG,1626.5275229357799
RQLGLQKHAL,3168.0550458715597
EESWAEVG,2481.3669724770643
AFWNLVLFEPL,50346.04128440367
WKAFNGEPVLEW,9800.669724770642
DRFGWNHG,5497.288990825688
SEPWSRAPYVLS,15600.105504587156
DVVSALKLG,2827.6422018348626
DHNQVSG,1145.0045871559632
FNNKRESHSG,1534.2568807339449
SERWNLSQNL,5014.614678899083
DFRYAFYKDNDV,7625.848623853211
SKGFSVLSG,3814.1330275229357
VNKNRYHALG,3010.9449541284403
RAQAWKAHS,2350.376146788991
WLSLSPFPASG,13312.95871559633
GYVNHFESG,4011.243119266055
KFGADVSG,1518.8256880733945
PKLKAYAGQFDA,3103.02752293578
QDFWPYHYVAL,25678.224770642202
YHRRYVKDL,4737.633027522936
PWDYAYKDSGQE,2976.3899082568805
GNVFSQFYDLG,16349.935779816513
WKWQLSQPKL,7038.954128440367
VNHHKHALG,2106.756880733945
SRSESYVS,1845.0504587155963
RQAHKHLG,1705.0779816513761
HVAFHEKGFPN,3659.3990825688074
RKAPWAREWGKH,3233.545871559633
EAFDAQHVRK,1671.9816513761468
FHPDLWKFRKL,7483.224770642202
QRSNALDEYHDL,3304.201834862385
SDAQPWVSEWND,5948.105504587156
SYGELFVG,9078.43119266055
YHALVSGKGREN,1887.532110091743
YAEDKHRDALS,1829.2064220183486
FQKPSEDVL,1363.3211009174313
FRKKLSEENH,1140.3623853211009
HAHQAFRKAS,1951.894495412844
NWPAQPYDVG,5428.775229357798
NFKKHWHDVLG,4036.123853211009
KWHEFYWKVSG,6555.545871559633
VPRNEYLG,2635.7522935779816
KNHFPPLG,2978.454128440367
LRLHHVSG,3815.064220183486
FEQPDARKHGPK,1134.4311926605506
LSLDPKASG,1183.0366972477063
RSSYQREG,1691.454128440367
EDRVPVEPVAS,1094.3119266055046
NFHWSNDG,5559.399082568807
RFVFDQNHV,7063.357798165138
QNNGFDKVA,1541.940366972477
FGKRGFYDV,5983.619266055046
YPLYGASG,4270.577981651376
NPFGHLSG,3305.9495412844035
KGYHKAQNSG,1160.0183486238532
QHWSKVRNKHLG,2729.6422018348626
EDKRQFLG,1508.9954128440368
ASEDEWKGHVL,1876.6880733944954
DFFPWPYG,17353.188073394496
LRNAWVYLG,19162.08256880734
WHVQKPWKYWDV,11734.935779816513
LKHHDWLG,4649.1100917431195
QHWVVSENHLG,6102.417431192661
DYFDWHLS,9475.880733944954
LGKFRQFREHDL,4323.293577981652
SEYRFEPKHDAL,3420.9449541284403
GEGYKRKDVL,1606.288990825688
SVLQNGNG,1404.6100917431193
QVPLGYRHVS,4530.0091743119265
WKPRWPYNHLG,9608.29357798165
SHFPSPLSG,3712.8119266055046
SQEFVSRVAS,5001.137614678899
FGLNRYVG,7017.0091743119265
ARFWDKVAL,6498.766055045871
WLNHWKFYNKHG,6700.197247706422
KWVSFVFYNDA,35470.449541284404
PLLVSESG,5791.174311926606
AYNLPQHVAG,2421.440366972477
KVWGGPHG,3219.9495412844035
DSWDRQWKALG,3975.151376146789
WDHWPWAG,14117.311926605504
QSSKFRSG,1429.5504587155963
WYEWFELG,16012.944954128441
YQNQNVREPNKL,1899.2477064220184
GYEHAFHVASG,3434.0183486238534
LVPNHHSG,1960.619266055046
LSQAHDFWG,5898.665137614679
HRFVDLSG,4937.408256880734
PYPNLRWPHDV,7907.940366972477
RANPVLDG,2150.559633027523
WPKQSHASG,1283.954128440367
YYKNQHSG,1649.665137614679
SEDYNQASG,1091.5688073394494
EWGGSFNDV,3795.9311926605506
EGKKVRDLS,915.105504587156
YDVASWGSQFWV,19870.903669724772
WVSFGHVGYNDV,11770.619266055046
DENWVRHS,3607.0733944954127
QRVHPDASYWAS,6319.348623853211
WDFSPHPNDL,7538.422018348624
KFVEQLSG,1758.788990825688
WYSNGYSG,5174.633027522936
HLPVAVAPWG,6314.188073394495
GYLLPYSG,10998.899082568807
HPWAVSFEWNG,13881.80733944954
DHYVGLG,3213.1009174311926
GNRHYLSG,3803.288990825688
KNGFLDLS,3219.091743119266
QSPKGLYWNLS,4089.3440366972477
FPEVQESGEKHV,1334.380733944954
KHDFYVQPENKL,2350.9174311926604
NHNLVGFPNKAG,2420.4770642201834
ANPAVAG,1021.302752293578
KEKDLLYVG,2216.7844036697247
FGKRNENKHAL,1863.7064220183486
WVWPQVALG,15382.80733944954
HEPKFFPLG,5902.518348623853
FSKNQFREYWG,7073.701834862385
KHVNQYDFYKAG,3433.1559633027523
PVQGNHQRPKVL,2260.4449541284403
APLPKEHVLG,1047.48623853211
NHYADQFPWK,6538.642201834862
PVHAGAFDLS,4405.5091743119265
RWQGHGEDVL,3140.701834862385
SASVQSG,975.8899082568807
QELWKVPGEPNS,1507.1376146788991
LFAHWHLS,9563.52752293578
WYDHLDSG,6166.201834862385
QHRVQNQEKVG,1090.5963302752293
EYDFELQSRKV,3271.211009174312
VQRQRHYWVASG,6560.591743119266
LAFVQVG,14806.105504587156
WHFELEKHEKLG,2901.8990825688074
ESQPKPWFWNHD,5301.532110091744
ENHSDEDAPHL,1188.5825688073394
PSNWAQWNLG,7179.399082568807
YLWGFEYYVL,31616.05504587156
YRHRVGALSG,3958.229357798165
PAHKHRPKHDLS,1509.3440366972477
VKNLGDLG,1422.2660550458716
GLGNQRSG,2069.5504587155965
ENHERWLGNKDL,2928.4908256880735
VQNSEYFRHD,3798.376146788991
FPAKPWKSQHD,2735.4266055045873
LWARVQKLG,5837.655963302752
KSKKSNALS,665.454128440367
KRLAYWALG,6987.01376146789
QWPSVNVALG,5026.90366972477
YGYKNQFEYNAS,4997.688073394495
FNWSVSFPNH,13540.62385321101
YVFFEYVHLG,37485.65596330275
FARRDAGPYV,7112.674311926606
EEGHSEVSG,987.5963302752293
RSQPHPDSWG,3045.6605504587155
AGYQYNPLS,6153.412844036698
WHEQNHFYNKL,8402.830275229358
QNQFAQGEYHS,3126.201834862385
FWPGKLEYAG,5105.866972477064
WFVVPYG,17615.389908256882
WKDPRPSHLSG,2385.211009174312
GHEWRESG,2421.7522935779816
GYGVAESG,1875.1376146788991
QHRAAQRWKDS,1820.7568807339449
AWKANFRYNV,7776.426605504587
QPWFSNKLYWKS,12457.422018348623
RWKQQEPVRPKD,1620.091743119266
NFHLWRYHVA,14159.885321100917
SFYFYGFREWA,21730.146788990827
RHNALSSKHVAL,3333.0412844036696
GKPYQFHVL,9405.990825688074
GVQDGAG,1398.3577981651376
LRPLFVQENDV,4623.821100917431
YLRKANDFPDA,2718.4908256880735
YEHYSFVSG,9623.12385321101
DPPVFYLSG,20590.61467889908
QHFKYWNKEPYL,7205.766055045871
YYFNQHLS,5243.981651376147
EVLVKVAPNKVL,7154.9908256880735
SALPFKASG,2650.954128440367
SFRSEGQPWKD,3208.376146788991
DHRFYKLS,5383.068807339449
VRSKWNSG,2276.2477064220184
YDFLVAFEKVL,26608.596330275228
LFQDSKLSG,2360.52752293578
NDYKVAYHLGQN,3204.591743119266
QKNKNKFYWG,2066.5688073394494
WNHHDQYSRWNL,14063.770642201835
VFYDVLYWVPVS,30453.394495412846
YAQNYKLWNKG,3857.266055045872
LRKWLFREPHDG,5067.752293577982
PNNGSQYWKAL,4911.678899082569
QQFFYFWHDA,29294.119266055044
WYYGHSG,5054.706422018348
VAGYWKWVWVL,29753.146788990827
NAHNFHDALSG,3620.394495412844
YQWERENLSG,4018.706422018349
YPYVWSGEYNKV,10147.270642201835
QEDAGQVQWVSF,12434.128440366972
DRSYDDVG,2291.733944954128
GEKSNEYKHAG,1121.3761467889908
EYKRNASPNYL,3272.206422018349
FPLHKQEYNHL,5822.233944954129
AYDLEEWNHVG,3751.8899082568805
LFHVGYRHDL,11508.651376146789
RLKWWAG,8162.408256880734
ERWVQRVRYVA,14183.715596330276
NYEAWNKL,3933.802752293578
WPHEHGDVA,2272.821100917431
RQQFQEPYND,3619.8577981651374
NKANASGFWDGQ,4048.4587155963304
SRVLYDAQRK,3485.0412844036696
EPWWGELFWKG,17011.674311926607
HEGAEKHDL,1282.5183486238532
DGPDDAEYDLG,1463.2247706422017
YRWQYSRPN,7400.917431192661
HQLKYKSG,1829.8165137614678
NDGRPSPYHWHV,9699.660550458715
NHVSELASQWV,9509.522935779816
VNFPYKWVAS,9410.454128440368
NEYYKNDAS,2075.8394495412845
PSGVDGQWHD,3713.564220183486
SEKGFGQKG,1246.7660550458716
EGWPGYDALS,4693.353211009175
LQEGGRNKD,1354.3899082568807
DVRWVYASPDV,13463.58256880734
SPYEFDLSG,4046.032110091743
DVDEPHSYVA,1985.0275229357799
LQYEKFYWKV,10084.266055045871
KLFVAKRHAS,3648.183486238532
YLYVVAQPYHVG,22384.949541284404
QDYGDEHVASG,1936.1697247706422
QGDSWFPNL,7823.045871559633
NRHVHYWNKAS,4411.48623853211
PYKAEVYVLRH,19633.08256880734
QQRNWAGVLSG,4884.48623853211
YRDGLSGEWNHS,4891.4908256880735
HKSYDPLSG,1650.7614678899083
EARVEARVAG,1205.3532110091744
DFPPEPKHDA,1494.0045871559632
WNQYDLFVARVL,39809.02752293578
VWLWPKSG,9127.40366972477
YVKGHSRYKL,3386.4908256880735
YEYVDPNHAL,6367.431192660551
DEHYRYVLS,11566.422018348623
LQVHSEAG,1552.9770642201836
EPWSQKWGNAG,3132.1146788990827
LHRQRDVALS,3270.9036697247707
KEDRSPHVSG,1388.5504587155963
NSYRYEYWKV,9992.788990825688
GPLAESG,1064.165137614679
HDRHYAGWHD,8181.165137614679
FQFLFFRWNDVG,35778.55504587156
EFEAKDSFYN,3575.954128440367
ALRGYWDWLG,18367.655963302754
DRADYDLG,2780.0733944954127
SRFVFEHVAL,21636.743119266055
QGKDQRWDQDG,2190.316513761468
VAEFDGWDVAG,6455.3302752293575
EREPSEQFWHLG,3378.105504587156
FNYWQAEWDVG,11180.036697247706
SNWQFVAG,8032.119266055046
NQQDFEVG,1552.2660550458716
ASFNHVNDVRE,1997.7935779816514
FNNENSHDV,1959.0366972477063
VDLGFHFDLG,11900.862385321101
LFDNVYHDLS,8215.857798165138
RKGWQVAPNK,1829.788990825688
WHVKLSFEGYHS,21180.353211009173
DRVGWAQPNKS,2617.646788990826
FYDQQPYEWAS,8646.133027522936
LFLLSKLSG,9978.100917431193
AKAHHVLSG,1807.633027522936
DYDWVKAG,2883.2752293577983
VSNPRDVA,1518.605504587156
PYRYGQYGFG,14676.651376146789
KSFDQVQYNDG,2290.2201834862385
HPNEYQNKHVSG,1731.894495412844
WRVYVFLG,36625.5
NQQNKQDAL,1337.8165137614678
PLFFYAYHLS,30072.775229357798
DNVRGKAS,1272.926605504587
VNARSDVS,1386.848623853211
RDHYQHVS,3467.1146788990827
YWKFQRPWYHDS,14318.009174311926
YFNYGQKLG,3689.256880733945
EAKERKAS,566.0137614678899
YQHQKDVHDVG,1631.8532110091744
EDNNGQVSG,1037.7247706422017
SSRWDAKS,2235.467889908257
YFEYVRPFYLS,18216.243119266055
FLWYDSRPNKD,4037.233944954128
KPWQEEDVLSG,1523.2568807339449
KADEKGRPYA,1233.032110091743
VQKVKDWNVG,1809.4449541284403
EAFVKAYWHDL,12541.105504587156
YGDWVFNKDAG,4687.633027522936
RWAQNLSEYAK,4574.119266055046
RNNNWDAG,2993.201834862385
GESVQEAS,848.5183486238532
KVRRWHRVSG,3310.261467889908
FEDFKDSEAQND,1247.1880733944954
NLANPLS,2813.5229357798166
YGEADEYDLG,3422.151376146789
PEGGWNLG,3749.435779816514
LSKSSEKG,941.1238532110092
GDVLQSGQKDA,950.6330275229358
KQQLVALSG,1985.6146788990825
KRAYQNSG,1447.8990825688074
YNYWAGYWSGPN,11880.490825688074
HDSNAFYANDLG,5769.192660550459
DKVSFQRVLG,4500.600917431193
HHSEGKLG,1120.9128440366972
DKQQALG,934.394495412844
NPVFWYKDL,16325.339449541285
EEQHFKDVLS,1713.5688073394494
YPPSYDG,3363.821100917431
HGVFVRVALS,43028.1743119266
PPYFDQRWKA,6737.697247706422
NVEFPNLHLSG,7600.4495412844035
EQWGGWHG,6205.697247706422
RAPHGQEVNKDA,951.0045871559633
WKHQLWNKLQWK,5757.504587155963
WHYNRKDFEWK,4953.798165137615
FESEVPNGRVL,3131.8256880733943
HFWFPGFRAL,21159.454128440368
SGWSWAQEHVSG,4580.770642201835
VQYVELSFEWKA,49307.5
DFHQVSQFEPWA,9725.669724770642
YSHRNPKVA,2461.9587155963304
VPVWGNVG,3501.6330275229357
SWEYNSPG,3969.8990825688074
HKWKAYG,2527.697247706422
YVQLYKVEWNDG,14642.665137614678
RDQDLVLRKHD,2853.2247706422017
KVRYQRREAS,1341.5045871559632
NWAQYKHEPV,2754.8394495412845
EFKWSWDLS,6673.743119266055
PYNSDVAFLSEL,9958.454128440368
SPSVEKLS,903.8853211009174
QYFDLWSGRPA,6996.422018348624
GHAWGYDVAL,10990.614678899083
VDFPYAASG,3498.5825688073396
EKAKKRWKDG,758.4220183486239
LEHDQVRVS,2550.0045871559632
WSKVGVENKH,1741.3165137614678
WVLKENEDAG,2102.623853211009
DRKVRHEWVLS,3884.288990825688
LNKASAYHG,2188.798165137615
RNDDAHFRWNKV,3350.087155963303
PKPKFEQFYWS,7298.394495412844
KLGLQRPGRPH,3220.6100917431195
KAHEEHLSG,986.2660550458716
KQPYFGWKSG,3368.9954128440368
NVQDNDSPYWG,5136.779816513761
VLWWQHDVAG,8677.862385321101
KAQPRYHGEYS,2514.2247706422017
KAWWPHALSG,6715.724770642202
EEFEGKL,1115.4770642201836
PLLELGASG,3121.178899082569
WSWQYFRPHG,12276.481651376147
PHWARYEPKDG,3674.422018348624
YHSDPDAQPWL,6574.688073394495
SDLDQSG,1174.073394495413
YSASFKHPWHVG,7142.94495412844
YDEAFHLNKDL,3515.298165137615
HSKYPYNHDLS,3003.1100917431195
WWANDDVG,5758.394495412844
GVLAWDVLSG,8561.587155963303
FHLLKDSWHAG,5413.178899082569
VWQRLDSG,4092.3073394495414
YGHPPHLG,4007.9816513761466
LKLDGKDSG,996.2981651376147
WYGKHKAS,2225.830275229358
FDDAPVGWVA,6858.128440366972
NFKSRRPHDL,3678.0137614678897
RLHYKSFG,5090.977064220184
NKYQVLFPNKV,5447.6697247706425
VPSKSKLS,1142.5366972477063
RSDHNKVSG,1403.2201834862385
QHRANAGFNKH,2553.7798165137615
PRSFLPVSG,4344.04128440367
FPRFPLGLS,12673.270642201835
AQHLVLYKA,14754.142201834862
LEVGPVSPYD,6935.206422018348
PNQSFYHQVA,3789.3440366972477
RDGAYHDLWV,10806.614678899083
LSGDPAGPNKHG,1159.7752293577983
VSQWKEWANSG,1954.7064220183486
VPHDRWNVKHVA,2658.6559633027523
SQVDKVASG,716.7660550458716
WAPRDLPYKHA,4155.940366972477
WVQQEKSAG,1111.9128440366972
RWWFSGQEVS,6432.279816513761
WRDKNALSG,2234.233944954128
PVHQFWPSG,8458.90366972477
RHSDWKVRPD,2164.2247706422017
GPREFRG,1392.3532110091744
YKEDLRFENALS,2952.201834862385
PDRKFQRYKH,1876.697247706422
KFWLNAFEHD,8429.70642201835
DEHLGQHWDL,5325.885321100917
GWGGALG,3529.3073394495414
AFKEWAPDLG,3023.4266055045873
YQLKWALSG,5067.091743119266
VNYSNSG,2062.9862385321103
SKQPNFVS,2294.302752293578
RLEHVFPAYNHD,9336.660550458715
QDSSFELGEPA,1574.1284403669724
QYPDHAGRWKD,3139.229357798165
WFDHLEDALSG,5500.495412844037
VRNKEFPYWH,5553.472477064221
VYEDDVG,1813.9128440366972
SGGPGQEPASG,882.5137614678899
KNAQAPHASG,924.4633027522935
EVSKYGPWAS,2891.2247706422017
SFVGHALPNS,3727.151376146789
RHGPKWDGFDS,4785.077981651376
QASKEWDYHAG,1904.6009174311926
VPGNEKLSG,854.1100917431193
VNAPHNLSG,1684.3853211009175
AFANLWAG,8057.128440366972
ENAFFENFWSG,12832.733944954129
LNHRRWLG,7551.802752293578
VEYHVYVSYKS,21814.889908256882
SSPWKVESG,1838.1284403669724
RNPSPNKQSG,931.7201834862385
NHHPSENKHDL,1563.5504587155963
GQFAHSRPWH,10853.926605504586
NSEQLGFRPYV,9469.412844036697
RSPAHGEYWHV,5075.256880733945
KNVHGLSG,1454.1376146788991
KVFPHVEHVFS,5109.09633027523
RLFNRSGQFKA,3879.261467889908
NQKGKSRPYG,1541.7201834862385
PDYFGQEPNKHA,2056.454128440367
EVPFPDSGDS,1275.2064220183486
PAVRWKQDLG,2774.266055045872
VEARNDWLS,4443.348623853211
KNRKWALS,1672.7981651376147
RYSYVQFYDARK,12826.133027522936
GQLGDNVASG,1519.6146788990825
HSWAYANKVAL,6510.431192660551
FQDLEHNHVLG,3329.678899082569
AHAYVKHDLS,2976.3256880733943
ARWNRWDYVSG,11678.178899082568
QYPVAPHLREKV,2412.4587155963304
GNEWDFALS,7578.839449541284
KVEHSRAWHV,4500.95871559633
KEDYEPWHDV,2729.894495412844
PSRGASPYV,4197.816513761468
HYSEWYAS,8605.018348623853
HLKSNHNHV,2161.619266055046
YYEHHVALG,5187.972477064221
GWLDDAG,4729.4908256880735
KYWWDPLG,9484.09633027523
AQLVEALG,1973.5229357798164
SQALQWRHS,5615.5504587155965
SGRQDQFEPYHG,3752.802752293578
PANDFRHVPHS,2908.3394495412845
FVLWGVRYKHAS,10314.720183486239
SYAWLEVLSG,13464.665137614678
FGSHDWVLG,8568.211009174312
WPGRVPKLSG,3374.940366972477
SNNKYKAL,1428.4954128440368
NEFGNKVS,1824.8394495412845
YGEGAEWHDLG,5106.954128440367
DLWSYGFENKAL,8193.600917431193
GRRSGYG,2806.6284403669724
WVGHSFYLNDS,15434.133027522936
RVGDKSYHG,1816.1422018348624
HWSWFEALS,15747.591743119267
YRDNQHALS,3187.52752293578
FYQANALWS,9525.848623853211
PFLYKFPASG,12050.738532110092
LPVENFEHDVS,2086.6559633027523
QGSLEVALS,2848.7477064220184
PRRDVDASG,1521.9770642201836
ELFYARLDVAG,34822.522935779816
PLHALYVRNHL,15345.779816513761
PFKWNSFKDA,4395.477064220184
GNRYVPLG,4585.770642201835
EAHDWKPYKDG,1838.211009174312
RYAHREVLFNKS,5353.844036697248
GVSGPYRNV,4642.894495412844
EHSHPYHGEY,4507.114678899083
ARKPNLEVAG,1117.5183486238532
LGVDFRSG,3946.4587155963304
WGYLSNRYWA,15519.20642201835
QKAFVGPWGFNH,11894.660550458715
GPVNHKHALG,1763.9954128440368
DWRNGWG,8276.399082568807
DRVRWSELSG,3403.6422018348626
HNPGRNKHVS,1844.105504587156
QYQHAVSNVA,2239.5091743119265
SGWGQSEWLG,6740.48623853211
QGANNLSG,1610.2247706422017
PKVFFPEYKVG,6973.866972477064
VPYWSQKEVAS,2301.8394495412845
WPWGNDVRNAG,5470.123853211009
GDRDVNLSG,1500.0504587155963
WHKALWLFRSG,12947.344036697248
DQRKFRASGPHD,2098.238532110092
KPFYFNSG,5427.220183486239
PFHWQEYWDVL,22866.825688073393
YPYAWSRYWKLG,14259.940366972478
YRPNQWNHVWL,22149.06880733945
SEHQQEHL,1833.059633027523
PVRHKGEYG,2037.7155963302753
SRGPHFAS,4286.091743119266
KSDPFVSG,1496.3623853211009
HDLWPKVSYN,7079.720183486239
VYLSESGPVLG,5283.633027522936
QHYDGNSYHVAG,4424.504587155963
QLYDEWVEPV,5449.568807339449
VSPVGPYNLGES,2145.8669724770643
LYDKDEHDLS,1629.8440366972477
FRHFNVAHQNV,4935.417431192661
RDPPFYWNKAS,4690.376146788991
NSHLRAFHALS,7956.692660550459
DKNRELSG,823.9449541284404
SRDLQHQNASG,1689.6559633027523
ANVNRLG,2868.266055045872
FPKFNHLLWHD,14807.614678899083
EKFQSRPYWDVA,5377.917431192661
PPEYFYSG,7956.201834862385
VWLSHWLS,19082.623853211007
PFLDDVAL,10793.09633027523
GRAWLFHAS,11756.362385321101
FAKEVGWNHV,3928.1146788990827
EGHPEYKHDL,2156.302752293578
QSQDRPKDSYKD,1053.4908256880733
WFWRSENHDG,7674.853211009175
HPVEFESG,1480.408256880734
ENWPHPNKHDA,2057.564220183486
PQGVEKG,809.8073394495412
WSKWEPAL,7250.701834862385
PVFVRLWHLG,38382.69724770642
WVEHWQYNS,12296.90366972477
LSDSQRWYWNK,6477.922018348624
PPSLGFALG,5182.5091743119265
REFESPHVQWHL,11297.775229357798
QANRQRWNKH,2234.532110091743
PEDGQLPAG,1449.1605504587155
DLPYEWHQKL,4475.192660550459
YERGALG,3666.353211009174
YHQAKHDAVAG,1349.4770642201836
WPEHGESG,1816.197247706422
ALPEYSEPYH,3912.454128440367
AASYFWALSG,10648.669724770642
EELGELGDLS,1719.8761467889908
SQKELGNVAS,976.256880733945
FSFGLGEALG,5035.59633027523
AYKEQNVLS,1435.045871559633
NPWGEGYNG,3589.5504587155965
KLNLNFRVG,7451.256880733945
WYVSSFPLG,22812.15137614679
WHLSKSFYHWD,13976.385321100917
ELNDQLPNHLS,2327.591743119266
GERHQFSG,3463.6651376146788
LRYQYLQFEPL,29014.559633027522
PKQGEYKFRDV,2181.6743119266057
FVLSELYVLRN,27374.949541284404
NVAKFRWDEYW,15622.100917431193
SLEKQRPDVA,1269.0504587155963
YHLWSPARWNK,8186.362385321101
EWWWFRDLG,24705.454128440368
YPGAQDG,1659.1788990825687
KQFKHRNRVAS,1198.4357798165138
RVHVFDGQKH,3331.4036697247707
VESVQNSG,1203.3394495412845
RFREKNHQEK,917.4357798165138
VLVKSQHVALS,5178.284403669725
FPKHHDEKRHV,1465.0
LQHWKAEPWAS,5245.399082568807
DFPYHNDLQWKL,9466.302752293577
QSRSRPHSRWHL,7973.605504587156
GKHSYNWNVLS,6068.761467889908
FGKYAFRWNKH,5260.931192660551
RAEHFPHAEHD,2950.3073394495414
QPKHYSPKEWHG,2838.3348623853212
KWKEPQYG,2034.880733944954
EDQHPYRKAS,1766.9724770642201
NPEARYLSG,2182.261467889908
EFRAKQWNS,2529.4587155963304
WAAHANDG,3200.669724770642
HDEAKHVLYHAG,3844.467889908257
DHQRDLNG,1703.967889908257
QKAALNLYWNDS,4342.926605504587
VQGAYWSG,5204.477064220184
FFEQNFHVA,7810.353211009175
DREFRALVLS,16928.619266055044
YRVWHWNS,11694.830275229358
NSQHVFQEYHDV,5630.045871559633
EKFDEKHDPYKD,1251.1834862385322
LDLYLRVAL,24956.27981651376
GELDGRSG,2687.0504587155965
LNALHQPYHA,7457.784403669725
WEHHQYKHDL,5764.059633027523
EFWKEHGEWKV,3208.5366972477063
ENSKNVRPWNS,2029.8532110091744
SWRRELSG,3811.091743119266
VFQPYNDFSG,10196.628440366972
KEAVQELS,1089.7431192660551
GFHRGYDVS,6643.90366972477
SQHFQWLG,10225.80733944954
REKDVESDYWK,1263.5963302752293
FWQDQPNVQNHS,3742.8899082568805
KDWKPNYWVLS,9796.353211009175
PKDDVGEHAYK,1247.8532110091744
EKQWQWQRENHL,4294.844036697248
NHLAASGEHDVA,1520.3623853211009
WLHSKSPYHDAG,5180.252293577982
SWDLEYFRWLS,21084.39908256881
FAAPDGWLG,9955.564220183487
GDQNWSG,2475.229357798165
NLAAGWSG,4580.146788990825
FSELLQPYWHA,13413.61009174312
KEWNPKVALNG,2365.9495412844035
WQYYPYASG,10544.371559633028
DPGYSWDG,4062.7201834862385
QVFWPNRHALS,12012.940366972478
WWEAFHDVG,13539.669724770642
FKQLKARYLS,4935.334862385321
PSGKEPWNQDLS,1814.6100917431193
PYYGFPYVFNAG,21085.8623853211
LESDEKHLSG,1387.1422018348624
HEKPKFPHVLG,2822.7752293577983
EDKYLWVSG,3484.3440366972477
HHEDNHVLG,2161.4036697247707
HWEHYWSG,11702.133027522936
QLPRRENHDAG,1690.0504587155963
QALDEKDEWNDG,1333.7477064220184
KRKQWLKHLSG,1604.7798165137615
SWHKNKASG,1389.4357798165138
NSEVSGHREYHA,2642.5
RHEFQEPWKH,4177.302752293578
RAWDVFKAWVA,12271.674311926605
FYYRRPHDVAG,4252.954128440367
KWQQFVS,5541.100917431193
WRQEEPYS,4406.165137614679
KVWQQNDLS,2230.178899082569
SVGPSDALSG,1424.0688073394494
NDVQEGEDFND,1730.1376146788991
PWSLKVAHAS,5483.6100917431195
HKAHEWDG,1973.0229357798164
WEQENKKG,1287.6284403669724
REEQKHFRPHV,2297.770642201835
YKQPKGWRNDS,1889.9174311926606
HLSYAFWANDG,11432.353211009175
ELVNKYKHDVSG,1614.9770642201836
QSQFLRYNSFEY,22199.353211009173
QSASHGKG,1002.6009174311927
DNPRASG,1285.2798165137615
ALSRFNVFPV,17040.729357798165
LEAWWKVLSG,8490.169724770642
WSFQKLQKD,3272.5045871559632
SFGQAKVAG,1589.0550458715597
HNAHVWVS,6035.362385321101
PPNDYFKASG,2104.9311926605506
EVQKVFWSRHLG,8939.912844036697
EWPYLFHGPKDS,6518.545871559633
YKNWSFYWHDVG,11315.752293577982
DQHVVSKVAL,2727.1651376146788
SYGAWSG,4516.087155963302
GPNWLKALS,3618.8256880733943
KPDGEKDLFPNK,777.1880733944954
FRREEWEWKD,4664.655963302752
HFAWVFEYWDA,29168.48623853211
DLAGNVSEWA,3373.394495412844
PSLRNHHDLSG,2464.908256880734
EVKANVLRYKVA,3682.4954128440368
VSKLAFWNHG,4690.706422018348
DRKPYVKLSG,2071.3853211009173
YPYNFAGRNLS,7361.068807339449
QQSGKPYDVLS,1664.1422018348624
EDYSYVGHDL,3742.0183486238534
AKHYVFREYK,4190.032110091744
QWENQEPYDQWN,7327.678899082569
WHKEPSWSG,3692.711009174312
QWRPELSPAS,1949.0963302752293
YYGGFRG,4858.0504587155965
DYSFHRYNDVA,4960.032110091744
WDYRWSQFWKAS,9217.146788990825
LRHKHWASG,3059.1559633027523
KHQELRWSQAL,5184.642201834862
VWFHKALSG,6130.848623853211
SFVYVEVSG,40716.435779816515
PHRRWEYDG,6242.972477064221
APQVVAG,938.8348623853211
QQSKEWG,1106.0825688073394
KFHNWALG,4971.073394495413
YSLNWNVLS,7798.417431192661
HPKREPRNDG,927.8761467889908
FGGVDVS,2716.894495412844
WPAWRWDS,14551.004587155963
EHKQEQESG,666.183486238532
DFDRLRWKHVS,3990.8853211009173
KRDHPWDG,2430.4908256880735
QGPWFPQEPSG,2737.6605504587155
ENNQFDSNAL,1542.5871559633028
FLANFKSG,3226.3577981651374
GWLDWSG,9360.811926605504
KGSQLPNKHALS,1175.3256880733945
WQEGKAFPAS,2702.798165137615
PAHNGQHAS,1118.9311926605506
NKLFGRPQRPN,3142.266055045872
NLQGQYDLWVL,18838.43119266055
FVVDLGAG,4323.527522935779
LSRHYGWDVAS,5729.174311926606
HLSFLQLWNDG,11784.62385321101
PNWKRYQRPS,3187.853211009174
GRYGWFRPYK,8605.100917431193
WGESKHLQKHLG,3644.9174311926604
PVNDDNAS,1074.0504587155963
QWPNESFWKHLG,6845.660550458716
ENGWKSRYLYD,7662.720183486239
GNRASGSG,1341.1880733944954
FQFVQGEYDSG,5164.256880733945
RFHEQRWNHD,4472.399082568807
AGHKQFRLG,2716.1100917431195
QYHQGRKDGQS,1438.3073394495414
QDWLLGNSG,3935.793577981651
SENWFNDS,5441.114678899083
FWDFLGFWYWN,11919.587155963303
QRQVNKGRVSG,1271.8165137614678
SYLAFDSG,7910.027522935779
HEHQAKDLG,1157.894495412844
HAQSEWVHG,3010.4036697247707
GPVRLPHS,2215.559633027523
WWDALEDAYDA,6783.756880733945
PVVSQPSPWKL,5008.655963302752
FRWPHGHFPYD,19272.95871559633
RRFQKHLSG,2484.293577981651
YSVHWNG,6035.935779816514
ELNHWHPYVL,17480.51376146789
GNQLASG,1404.5229357798164
VADHKHDVALS,1520.2293577981652
NAQSHLSVS,1707.5229357798164
PNGAQFNGQPN,1978.2614678899083
PQKPYAREKA,1031.2431192660551
PNWQSQPYVA,6163.816513761468
PYEQAQVALS,4144.582568807339
FSHRREYG,4067.0412844036696
WRNDLNYLS,10743.738532110092
RENSLRASYNL,4387.302752293578
EEPNLKFRPWS,4015.619266055046
FYRHLQFYWVQP,20300.711009174312
GWVFNNKAS,4396.711009174312
FDAGANKWAG,2550.091743119266
FVWNSDNKDVLS,3315.3348623853212
RAPNKPLFWHA,5994.243119266055
QAADEWALSG,2032.334862385321
PWFENLRVLNHG,16659.018348623853
YYNAQLEPKVS,2309.8669724770643
AHVYDRDVL,4151.660550458716
VPLPEKDAS,1034.880733944954
RNLQPYSYWHYD,17423.34862385321
YKKGDVYWNHS,2770.146788990826
PNAAKFRPWK,2258.8577981651374
GRGSHAG,1791.619266055046
WSAWAEKDVA,2781.4816513761466
GEENGELG,931.8211009174312
EDGVWNQHLSG,2825.7247706422017
AYVSVWSG,12945.284403669724
VASLQHVFNDAS,3162.2522935779816
RQFEEVFEPG,4037.967889908257
RLDKFNVSG,2585.0504587155965
GFAFYWPWDG,31000.65137614679
ENDEPPKLGWKD,1619.0045871559632
FRKHESQHLENH,2131.146788990826
NLAESPDALS,1397.0183486238532
WGARWSGHDA,6919.743119266055
NHRHHDAREYWS,6670.582568807339
DQGDDVG,1008.8073394495412
FRENAASQDAN,1163.3532110091744
KYLGQALGNHAG,2211.6605504587155
NNHDVEANDVG,1160.2293577981652
FQSNYWSG,7683.674311926606
PNYAKVSYNS,4190.197247706422
QLQGALSNDAL,2146.3440366972477
PSYAQLHVG,4246.619266055046
WQEPWNWVFNS,28082.169724770643
FYQPDRSRWAG,5897.082568807339
KPLLPLSG,1596.9311926605506
SFAVDAG,4153.577981651376
GWLLSESG,6041.353211009175
QVWNNLEYKHDG,4154.577981651376
SYLVRNDAS,3713.178899082569
FAPVYAGEHV,3819.7844036697247
VFERQEWNKHA,3343.619266055046
WNNDHDNVAS,2575.935779816514
YYKNFWKLG,5303.866972477064
HSKKNASG,710.5045871559633
EAPPVFPYNK,1814.4220183486239
RPQNEKVFNAG,1596.045871559633
NDAHPNPYVL,7734.967889908256
EKSAQDFRYVG,1911.5412844036698
FLVDFPSG,7727.426605504587
EREGHGKHVS,1433.2614678899083
EVHWLFDS,12213.509174311926
PARHHAQPWKHS,3464.348623853211
AWSGQYSFDVG,10327.064220183487
SWNHLVGQRYWL,22161.908256880735
PPGWQRDSG,2473.5137614678897
GNLYKFASG,4318.807339449541
NPYSNDFHDVS,3303.678899082569
NGEGPDGLG,2174.6284403669724
HLHASLNVL,7964.298165137615
FFYNPAQRSG,3416.5733944954127
QYDNHQRHPASG,2411.3348623853212
QEREQFLNKHL,3064.729357798165
NYNHNGEPYV,4455.651376146789
WLEQYWREAG,10488.95871559633
KVSNYWAPKVG,3294.9266055045873
PVDQFKRALSG,3181.1880733944954
LYKPYEASG,2912.564220183486
HKLQYNRPWDV,7900.417431192661
NLVSFYQWHDS,19102.477064220184
NFYEHLWKH,9012.701834862386
WVVLFLFRVS,29654.408256880735
SWHDSAGFPNLG,6544.3302752293575
KHHFLSWKHDA,3615.8073394495414
GRHRHREDVLS,2427.5963302752293
GVGPEVLG,1809.8623853211009
LESKEVAG,1055.48623853211
EGQQWDQKVSG,1406.2339449541284
WFYEYLFREWK,9550.922018348623
DYAPGWLG,7498.839449541284
GPDKDPHALS,949.3899082568807
YLHKGEYKHG,2051.5366972477063
PYDKYNLGYH,8004.408256880734
HKAQLGHLSG,2109.266055045872
YVFRALFPQNHL,16792.376146788993
HNEPRNHD,1927.2064220183486
GYNHWGQPYND,9294.174311926605
LFWVGRYFPWV,24537.949541284404
ANLWNKWSG,5487.577981651376
EVSEPQNVQG,1001.8761467889908
FEKREHEGFEP,1977.3119266055046
GELAHLG,3620.876146788991
GLRPEDVLSG,2317.201834862385
KHAYHQKHWNA,3336.2844036697247
QVELVLDVASG,24949.84862385321
QDWHNKDLEAS,1581.3715596330276
LFRGQPFYDVSG,12457.334862385322
DPLAQYALS,3019.788990825688
NSQFPLRLFEKS,7225.527522935779
RPRYNLFDGWHA,15012.738532110092
QAYWYKGESG,2957.3715596330276
PPYRAQREPKDA,1364.9220183486239
LSVEQFHAS,3138.4266055045873
SPWYVAGQKDL,4586.752293577982
HHQKRHSG,1420.894495412844
HHSPFHVAL,9659.284403669724
LFGKPKHDASG,1900.848623853211
WFHFYSPYVG,9875.669724770642
NVYDWDRYNVG,10353.43119266055
HWHWVHALG,14740.550458715596
QEWNDDQKLFDA,2667.830275229358
YDWHPSQEPYNV,6162.252293577982
LNLENYDG,3793.4862385321103
KPQFVYLSG,13962.02752293578
WRNHVWNSNAS,5470.431192660551
PEFSRWG,9351.802752293577
KFFEYRKG,3698.2844036697247
PEHVLYSYVLG,29733.8623853211
YWHWWHSRYHS,13217.165137614678
SGNWDVFEYKLG,12685.743119266055
PSVWHVENHAG,3453.545871559633
VQLVHLG,6424.729357798165
YRVKGVLG,3323.3440366972477
EKWKYNVYHS,4373.862385321101
YQVGAQREKHVL,2698.8669724770643
PRAYHKSG,1819.0642201834862
YEDAAGRWKS,3445.591743119266
KEQWDFDVG,3154.6422018348626
VYEKYHSG,2593.8256880733943
WFPDYNAFPYVA,24852.07339449541
GENKRQWKS,1433.9036697247707
AHFYFHVG,15844.839449541285
WRVKHRKHDL,2945.348623853211
KWYSHLSG,4868.715596330275
HGFFVGHVS,17193.857798165136
FFFSPVALS,7138.04128440367
HQGPHGPVL,3292.97247706422
SPQFRFWNVSG,10120.0
EVNFSREPN,2089.183486238532
QWDPKFDSPV,3227.3394495412845
VEAWYHSG,8298.20642201835
NHSHYAEHVG,2756.0688073394494
RDWDHQRPWA,9791.495412844037
RKPPQFVG,1944.0366972477063
FQYSGHQFPH,8539.853211009175
VNANKYDSG,1350.1238532110092
QWSAKHASKVA,2305.701834862385
FLEFNANVAG,4253.628440366972
DGGYYKHDALS,3714.0412844036696
NRAGRLFEYNH,7339.036697247707
FKHDQVQPYVKH,3291.532110091743
EGNDAFVWDSG,3699.6100917431195
DSRELPYGPK,2660.935779816514
LSLLRWLG,11653.935779816513
SSQWFHALG,10030.036697247706
DHWVFPYD,19743.83486238532
RDELQARYNKAL,3350.7798165137615
AEDVHEWNHVL,4391.912844036698
QGKGSGEDVS,828.8990825688073
YDVGLFNQWNKA,5352.032110091744
QAHDWHFEV,6480.591743119266
QAWLDRPDVLS,5659.821100917431
AKGQKPHDVA,869.454128440367
GERHWDSG,3655.422018348624
RGEQQWKG,1867.4954128440368
QKKGPVYKDAG,922.4220183486239
REHRNYENVSG,2069.894495412844
RQWQRQWHG,7732.697247706422
RDLDGQFDDAG,2996.9862385321103
KRSHEHLG,1411.105504587156
DLERDQPYKVLG,4366.188073394495
KDVEWDDPYH,4865.711009174312
PDNVKHDARYVA,2586.3256880733943
DLDFEQYSG,2854.6880733944954
GYQKQYSG,2572.0137614678897
KFYELEKALG,2627.646788990826
VLDSGWEWVS,8843.651376146789
YSHNSHDVAG,2237.7844036697247
QDFEYLPFRNS,11119.839449541285
NVVVFWHLG,38873.45871559633
LPYWKDNENVAL,4162.825688073394
GDENLWSG,2767.7155963302753
DEVGWSHDVLS,4248.032110091744
WRRPAPVSG,4177.940366972477
QEVKFRYEHVLS,6100.059633027523
DFPWYDSPYWN,20330.24770642202
VGYFYQREHVSG,8245.261467889908
NGDDGALG,1476.0091743119267
YHWWFALG,18469.15137614679
DHDGKEDVLS,1034.711009174312
VQHEYHAYAG,4008.853211009174
KRNANSRYVSG,1745.5550458715597
VLVRRPVG,5797.866972477064
SDFHDFDLG,4787.5504587155965
HPNSWKYNKG,2339.908256880734
HYSGFVASYWS,21133.669724770643
FVYVLPNGPHA,10858.91743119266
PLSYSHDKHG,2722.0229357798166
NYVKQNVLS,2528.5091743119265
EDAPSKRWNSG,1380.5366972477063
YWRVNALFYWNG,21568.935779816515
EPYVDSRHVELS,3220.8256880733943
RDVRQEGQPYNA,2102.412844036697
RRWDDLEYVLS,13257.95871559633
YFARALNLSG,6160.908256880734
VKGNENG,847.2706422018349
WNGEFYNKQPKD,3241.4862385321103
RADLRDWLG,6002.770642201835
DKNFKASG,990.5091743119266
NSHKASDLSG,963.6651376146789
FERGAGQNVL,2362.293577981651
SYNGYENVS,2624.032110091743
AGNYNGKDL,1631.880733944954
SPSKFRG,1423.3532110091744
LRKNNLG,1670.3165137614678
NSHALSPHKAG,1580.9220183486239
QYFWEWASHAL,16814.47247706422
LRPAWHDEKG,1888.4770642201836
FHQDAPNHSYA,2937.637614678899
KQQSWKDALSG,1336.4770642201836
QPALKRHAEYWH,7074.848623853211
LERPVAYSG,4956.564220183486
DGGYGPHDVAG,2274.5045871559632
QLYRRNASG,3232.261467889908
QGPGSQPKALS,1022.0917431192661
FPQHQPWWAS,14373.302752293577
VAYNAVLRPLS,9766.853211009175
WPDKVRAG,2112.0229357798166
SGLRNLPKHL,4014.0229357798166
LDVSPVEHDG,1831.151376146789
FGLWHQDVALS,7922.408256880734
FQSVVALSG,6536.362385321101
QDFSKDGQVS,1152.4449541284403
KQNRWRKHSG,1451.1743119266055
PHVAESGQAYD,2585.4449541284403
VKRWVHG,3405.077981651376
KSKLLPKDV,758.0229357798165
YWESQPQNHVAS,3399.293577981651
KGLSYNPYWDV,10337.59633027523
FLHWAQEWNAG,6278.8302752293575
FQNDRDPNG,1794.3990825688074
RPLYEYHVLYH,24439.211009174312
ERFEYVNG,3611.3394495412845
FDERKPWKH,2458.6743119266057
ANQFGKLS,2238.591743119266
SFEGEGRPYV,5393.192660550459
NGPFEDRPDA,1528.0779816513761
YEVWYDSG,8784.853211009175
DFEWVNKDQWD,5881.559633027523
SKDRGPSG,997.9678899082569
NYVQFLQLS,20936.403669724772
NAKPSKDASG,843.9954128440367
DVYYYDVG,18321.004587155963
GLEHFAG,2803.6651376146788
AEANLENKHS,882.6238532110092
LDGHGNSG,1418.7064220183486
KLSKQYWLQPKG,2359.201834862385
YRSFKRKALS,2255.4862385321103
KLRSARYKLS,1970.591743119266
VSDRSGHG,1099.8302752293578
GRHGHSKVSG,1273.348623853211
QEKNAQEDPWV,1122.2706422018348
QAWANSNAG,1757.5412844036698
QPYDVPWGKPYN,7256.371559633028
GYHAVFYWKHSG,9762.160550458715
WNNPLKDVA,2198.0412844036696
SYFDPLG,4596.59633027523
WSHYDVAPVSG,4335.674311926606
DDAVGWKLG,1949.426605504587
LLQRQLG,3496.798165137615
FGQNAGPEWVLS,6396.366972477064
EWQHGEHGPKLG,1984.5412844036698
RLRVRWHQPYWK,10292.669724770642
EQLHDNDLSG,1498.1743119266055
PVRSAFWNDL,9470.183486238531
HSHVFDAGKLG,2459.9587155963304
SYYDAHDAS,2988.3348623853212
APVYFHDVLG,8141.137614678899
NHWVGAPWDVA,8380.045871559632
VWNPDQPYHA,5744.04128440367
FRASWQPNNL,7203.766055045871
KYANDPDL,1446.3623853211009
YHAEYRNEPVG,3595.761467889908
QFQKASYAGWDA,5357.954128440367
VSYGDQPWNL,7212.3899082568805
YYKQEAVALG,1991.8394495412845
LQNQYPWNDVL,7619.8899082568805
VQGFWLHDG,12899.862385321101
WQENQNSFRWLG,14613.114678899083
LNDAGALWLG,10373.371559633028
YWRYRVPKHDL,6829.422018348624
YFRWDFHLSWHL,20624.302752293577
SHVFPESG,2529.435779816514
EWAQSPYVDVSG,4896.440366972477
VGFDLYFNDA,20597.45871559633
FFRPDKLGPV,2962.330275229358
QENPFRHPNG,1864.4587155963302
LYEKKHLG,1675.0963302752293
NLADGESG,1109.7477064220184
SEGFVSWG,9226.284403669724
HFWSKGFENDLG,5220.747706422018
HRANHPHSG,1968.545871559633
WHNALNEPWNVS,6546.105504587156
DRPNHGKSGNK,994.1192660550458
YEPAYWLEWA,16813.422018348625
QAKAQHEDAS,916.0
WFHRWSRWNHVG,12238.454128440368
AFSRHFKSG,3323.5045871559632
LDLDSDSG,1530.5825688073394
GKLPDNHAS,1149.651376146789
NGREHFVFWNK,10221.087155963303
EYLDPYWRYWDV,23802.146788990827
KRYQEFKDLS,1947.926605504587
YHQFYHLYLFNK,10829.133027522936
ESGNQEWAALS,2005.7247706422017
NVHSYKSYHD,3287.293577981651
NEGQALDG,1529.1146788990825
GEHLYFPYNVS,12319.036697247706
VNFHLKSG,3176.183486238532
NKFVAQYENVAS,2758.5504587155965
PVHQLQHDAS,1646.8256880733945
AFGEGELG,1631.2706422018348
PPGYAPDLS,2029.7568807339449
PDNKRERALS,1057.4770642201836
HAFWAQPVAPD,5319.155963302752
AQKQSFVAL,3646.52752293578
DPFSVLG,3882.733944954128
YFGEWNPS,5923.44495412844
PADRGQKSG,933.5183486238532
SEWPFKAG,5013.146788990825
RKHPYRHLRYHD,6322.229357798165
AHLGFHENALS,4088.6009174311926
RDPYDSVGEHVL,2980.697247706422
SWFADSG,5625.1100917431195
SGGNSEVAS,1076.7293577981652
WYGWNWG,16050.477064220184
ASGSVALFYKS,17232.73394495413
WRAEDRPYNVL,9773.830275229358
KSVFEPKFKDA,1394.2293577981652
QLRYPNRDLSG,4588.357798165138
GFHWSPYWKDAS,9196.036697247706
EVQDGHPHVAS,1719.3440366972477
RWFLHDLYKVAG,10263.660550458715
EPGFEYLENDWV,15509.02752293578
QEPDLWDDVLN,3433.940366972477
KSFAEHGDSG,1112.2935779816514
VGQRKRLGLSG,1702.559633027523
WNGNYAGPWNKH,6879.770642201835
QYWVVLHDWKVS,23800.605504587154
LGDDLKAG,1646.5642201834862
PYKRVLEHREYD,4561.5
LENKGGYWS,5979.5504587155965
PNKYDSQSGEA,909.5412844036697
QRQSQRKQKDVS,686.4908256880734
GYLKNDG,2240.729357798165
SQYELFEYWHDA,11188.660550458715
QAHNWNALSG,3213.077981651376
FEFSLSFRYNV,27654.160550458717
VRYHVFVENL,33518.65137614679
YPAAGHLSG,2365.4311926605506
HDELQFAALS,6076.816513761468
LEQRGPASG,1995.5275229357799
KHGPPDYDAG,1322.426605504587
RQNNLPKHAS,1652.7660550458716
ALYVSQVFDVL,44274.192660550456
FLSEYRHFRPY,9483.504587155963
WQDLPQKLG,3854.935779816514
KEWDSLHVA,3719.454128440367
RKKALNEALS,998.3715596330276
RWLVVFYNVA,38474.77064220184
FWDGPAQVNDAL,3590.7477064220184
GHGLDASG,1982.440366972477
HWKWQWLG,14033.834862385322
ESLFWDFYWKH,14568.981651376147
GQPFPWSKLS,5623.6100917431195
VRDGRRWSG,3962.1926605504586
AWWRALG,12055.720183486239
WVKGVWNHVA,5731.880733944954
QHWHYLFRHDS,10156.545871559632
DPLAVAS,1252.5825688073394
SELYSFHLG,9556.51376146789
EDVEQRKWNKH,1482.3853211009175
NQEEAFKDVS,1094.6926605504586
EGFHWQHDLS,6410.857798165138
NRERPDSHV,2330.266055045872
HSFRKNKGWHDL,3906.4036697247707
LYSPDEKHVG,1907.8715596330276
QDVLKEYNAPNS,1582.3853211009175
EQDRPAQRNKD,992.7844036697247
EWLAREYDAGLS,6600.784403669725
FRSFGAQPVG,4503.201834862385
VRAVVAG,2246.6926605504586
SNFGEVALG,3229.201834862385
PARSHAEDVAS,1282.2660550458716
YLFRRYNWVL,15403.399082568807
VYLFLKHDALS,22102.42660550459
PKARWFPAKVS,3977.045871559633
QLNWDYNHAL,10066.949541284404
DDLQKVSFWNA,4754.5504587155965
GDLGPFRWNL,15837.321100917432
NPWKFEYLSFWV,42170.963302752294
WFKVVSGRKHD,5326.311926605505
WWGGNKALS,5257.564220183486
DVQSFVQWLG,11984.504587155963
ERENWGEYHD,4893.600917431193
FPSKQKHLQHL,3057.559633027523
SYGQDNVAS,1900.4174311926606
ALRPVGHAEND,1602.7935779816514
NNHGSEHVSG,1444.3211009174313
NPHLRPFNDASG,3566.293577981651
QQVHVFSG,5128.54128440367
VQKHFNKPWNS,3196.353211009174
PWFRLQWDYSG,31073.26605504587
QGGNLQFSG,3822.380733944954
AVPHQDALSG,1503.2522935779816
DHQYPKHVS,1775.573394495413
KAKPKGQYHG,971.3807339449542
RQDAKEWVS,1482.454128440367
GKRNNDS,866.3119266055046
KALHNKDRENVL,1374.3119266055046
RSQLLRPWKHA,4602.504587155963
FRHVSVQNFHDV,8193.440366972478
SNVSKRWVAL,5964.256880733945
VQKVWAGRWKHL,6614.802752293578
KYDGEGHVAS,1424.151376146789
QLVAHDRYHVA,5624.114678899083
EAAYEYAS,2640.788990825688
VAEWGQHENKL,2314.848623853211
VRRNLRSG,1934.908256880734
SHGNKHQDAG,1135.697247706422
FVVRDSRNHL,5928.5
FNWKFEKQVAG,2783.045871559633
SRNQWQRPWHL,15685.04128440367
YLDNPWLSG,10946.362385321101
DPAVQKHSG,1070.1743119266055
GFWHSNVEPNAL,6116.5504587155965
RLLFNAYDASG,10250.302752293577
ARGNYVG,2897.211009174312
GPWHDDSREWG,4724.54128440367
PAEHWHEYKVG,4195.133027522936
ALHPHEKDVS,1380.3715596330276
QWFDARVWHD,17548.0871559633
YYHAQLSEDA,2697.321100917431
ELYNGDNDS,1831.3440366972477
YVFKSFWQRPW,20706.47247706422
PNLREYKQRELD,2950.733944954128
KVKQAGKDV,660.7018348623853
WHVFKFKASFRH,15200.844036697248
RDRAVEYKVS,2679.3440366972477
DVYRAPYNHVA,5784.876146788991
HPLKWNSG,2211.756880733945
PVRDKLPYKV,2082.0091743119265
VAGQYGKLGY,5705.059633027523
LNKLWFEPYW,24379.142201834864
LHSAPWG,6541.01376146789
QFKRFPYSKSG,3152.7247706422017
FYPNDYHVLKDV,5196.151376146789
LDYWNPSG,4179.472477064221
PKSGAGYNKAGW,3021.4495412844035
YSPFGQRPNAS,2857.6100917431195
SYRDDASG,2062.105504587156
RPSVLWVGRDAL,14490.798165137614
PSLFSEKALS,2599.440366972477
RPKFVAGNDWLS,6619.5
AYSWRHG,7061.967889908256
LYVQGRWNHA,6781.5
QVHGSREWKV,2731.7477064220184
HRVASGYPNVG,3737.4311926605506
PYHNGRPSEL,2515.5504587155965
NGHGFHSWALG,11420.52752293578
HGVWNFSG,9350.105504587156
QWLRLQKVGPNL,13343.51376146789
AYGEQFKLS,3143.105504587156
VGVRFEKDVAG,2060.802752293578
SWNQRGQRNSG,2715.669724770642
RSGNKYWDGY,7625.940366972477
QDWFRHPYSG,10777.01376146789
NPPHPWVASG,3772.766055045872
EYQHNKDNHVA,1385.211009174312
RRQYRHASG,2396.2844036697247
SNFHQKG,1686.8899082568807
DPRNHQLSG,1516.2477064220184
VRRDWAG,4113.573394495413
EWQWPHSFEVLG,13931.651376146789
EAQKGHDVAWA,1761.7660550458716
VAERPLFEKVA,2919.3394495412845
NHELNGQRPH,3039.8990825688074
EPFAQFRKEPA,2109.0366972477063
ARSARESG,1128.1926605504586
YDQDHSEYWS,6033.160550458716
PRKNFDLSG,2058.793577981651
RYDNPWNGFDVL,16518.47247706422
YSVWQYKDVLS,7847.972477064221
KQQPEPWNKD,1223.4816513761468
NSLHKDS,1101.4128440366972
HRGFQKVG,2847.853211009174
VQWLHFRWHSG,15080.422018348623
QLHGNYKALSG,2894.591743119266
FSQLDSREPWS,5615.114678899083
RFGNVFRG,7037.743119266055
WLWYAFPYNHS,12221.775229357798
HEKRQRWLG,3631.298165137615
GNSYNVPASG,1962.9908256880733
FRWLVFRDFREG,22880.559633027522
FKEVKSFNKHDA,1822.4633027522937
APWGVYWNVS,12922.62385321101
NLQKVQEYEPA,1479.4633027522937
WWPLDASG,10477.169724770642
AGAKQASG,894.1743119266055
NVVGSGNKHA,1255.3256880733945
NFGEGHDAS,1965.7614678899083
REQDYWQHDV,3689.261467889908
YHNSRHKHAL,2996.8119266055046
DVSSGKSYAL,1563.1743119266055
EWLHYNQPYDG,10505.720183486239
GAQEYKFAS,2033.3165137614678
FQELVQRDVL,9062.509174311926
RQGEGEKHVS,935.9495412844037
DLRYSSRPWNDV,7153.183486238532
HGLNGRKDLG,1873.2568807339449
KDDYFYDLSG,3946.7522935779816
ASSKENLG,802.9954128440367
NDGPRKGFHG,1963.7844036697247
RKNFSNASG,1322.3623853211009
QYWVEHPKLRKA,3775.0963302752293
SWPLHASG,4960.770642201835
WAVAVQRPLG,9911.105504587156
PFYWNADGENS,3662.8348623853212
GRNHARAQKHAL,1869.48623853211
EQQWLKVSG,2214.467889908257
NAPRYNKPVAS,1488.2064220183486
DRAKYHG,1579.1284403669724
YDRVSGRARWKL,5068.9908256880735
HGRWALWSRKH,7725.935779816514
LEDLKSPYW,7824.894495412844
AWNLHDWDVLG,10360.752293577982
QQGAPKHDV,945.4587155963303
FRRDHFYWNHV,9981.954128440368
YKHDSWEHAFR,6419.325688073394
EKGYHFHGQSG,2047.4357798165138
NHLYWFPDVSHA,12586.137614678899
LWNFPREWNKVG,6802.683486238532
NLVQHPHDS,2337.3348623853212
PWDSEQRNYNKG,3503.293577981651
ELFEPPNVYWD,12800.435779816513
HEFVSHVLSG,6034.738532110092
EPQNLHSWHVA,3828.4954128440368
GALPYKLAL,9621.69266055046
KFGAQFASG,2916.8440366972477
HKASVGSG,891.1238532110092
VFQGQESG,1290.1146788990825
VRLRKYWG,5394.798165137615
FYAVPNSQKH,2097.5045871559632
VGWRQEKHG,2261.623853211009
NHGVAFYQWAL,23042.67889908257
SNHKALQALSG,1706.7844036697247
YLERNLPDAG,3138.802752293578
KFWEEPWNKHDA,2692.4954128440368
DQNGNFEHDVAG,1481.0183486238532
YAPKPAEHVALS,1298.3073394495414
KFGWVKSG,2908.4862385321103
VPRKHWLG,3260.0366972477063
VKKDDASG,661.8211009174312
PDPKRSFRYKH,2028.0825688073394
GYHYLEPDVL,7753.307339449541
WLRWEHSGWKH,9166.688073394496
EVNPEPNKDAL,818.5733944954128
DKLFWKQEVAS,1495.0963302752293
WDKRNEYDALS,2761.2247706422017
WVKLASFDVAG,10269.119266055046
RNHFEYFWDWN,19332.619266055044
DKVPALNSG,918.8211009174312
YDLAPKSEPWL,4175.90366972477
DNRSGALS,1140.380733944954
DQHWLYHG,7058.05504587156
WVNSHREPYN,5308.123853211009
VERDDVS,1373.4954128440368
HYVKWNDLG,4245.876146788991
LASASDG,1435.8532110091744
DRDNPNSG,1089.7339449541284
KQNFEGREYWND,3584.862385321101
WNDNSGFKSYWG,9261.660550458715
FDRSHEPDAL,2356.894495412844
GWEYKPLG,4024.0091743119265
FLVWPWG,18096.596330275228
NYSKQWSG,2866.4266055045873
WVNQGQHSG,2398.2155963302753
QRLLSEPQYN,3827.270642201835
DRWKVQKVGYA,4165.674311926606
SHDWFWSG,12393.032110091743
ARVLLGRPYWDA,16386.155963302754
KREELNKG,872.3440366972477
ELVSGNYVSG,3016.3990825688074
NFQQYVSG,4063.5825688073396
EWFDSGWVFEG,15101.11009174312
FNRQSFKG,2770.119266055046
PSWNFQPVAL,11871.211009174312
HAVLNGNKHDLG,2065.087155963303
WRQDVQVS,3168.47247706422
FFENWQREWND,8423.128440366972
DENWQYLG,6765.036697247707
VLGRGKAFRAS,2804.7844036697247
GKWNVRLSG,3660.6146788990827
PKYNNKADG,921.9036697247707
GGHGQFRNDVA,2068.880733944954
DKHPQKVG,923.0642201834862
QKSRQFPDRENV,1414.4770642201836
DFYGHVEAL,5098.4495412844035
DYHVNEKVAG,1308.091743119266
HRDQNRNHDG,1699.5412844036698
RFFYPKHDVG,5368.114678899083
FQDKSWDLSG,2513.151376146789
KDQFKWVEWHVG,5164.816513761468
SGNYWDPNG,3787.5825688073396
WSSVSKDS,1711.605504587156
DAFEEHVHDV,2562.1330275229357
PKVGVGQLPKVA,1426.4816513761468
FKYNVPVWKAL,6906.275229357798
ELQDEGEDL,989.2155963302753
QNRPNDHVPWL,6561.09633027523
FEYWRYQEWNQK,7408.408256880734
ARFPWSDSG,5279.977064220184
PPANAEPSG,775.5963302752293
RGQPNRVPNHA,2147.9862385321103
LQLDLFVG,27896.091743119265
QGWDVGYLRKAG,7007.376146788991
VHRQDSG,1273.7660550458716
KEALNSNKHAG,1072.1284403669724
QLEDHSFYH,7578.518348623853
GWSPEPLG,4023.821100917431
LSGVKVLHA,3839.3394495412845
RFLGVAPYKDSG,4227.100917431193
YNPYHRLQWALS,14940.022935779816
SQLYWVFYHALS,22682.146788990827
PYKPNDLWFWNA,14199.573394495414
NVRFSKDALS,3571.9954128440368
KHSEENLGFRPW,6904.4495412844035
QLWLGNHSFYDV,20383.871559633026
GDGNGALG,2137.3853211009173
FAVVFYDVAS,39279.24311926605
FQEGHAKDV,1767.834862385321
WHDQHDARWAYD,13071.752293577982
LPGQDFHSG,2085.6422018348626
FADEVADALS,1782.2844036697247
EDGFNQVQDSG,1600.2385321100917
HSLKPALG,1907.8119266055046
LVGNHWSG,5206.197247706422
HSYNFASPWNG,7447.600917431193
ESVENVFREWH,4577.087155963302
APSEYKPAG,998.4908256880734
NWHYEALS,6438.05504587156
HLWLHVGEPKVS,5643.027522935779
FFGGASG,2779.605504587156
RWKFRVAHVLED,6822.8899082568805
DPKHADGQRVAL,1601.7339449541284
AQSNSDAS,1098.2201834862385
FELEWSFQYHL,34308.94495412844
GEPRYKVWKHS,3393.3990825688074
YAFYDLFKHFYH,5951.188073394495
SKVVVLSG,11080.04128440367
NYAASHSG,2327.059633027523
YENLEWFVAS,18897.07339449541
LHHQFREVSG,3105.788990825688
EDANFNVWAL,9544.270642201835
KYLRWFLG,10879.399082568807
APQPPAG,1300.3715596330276
DGPWHPYDSYN,9218.532110091743
EFHKEHALSG,1521.5688073394494
ERKRRENHLS,1100.2568807339449
QDKDRAYNA,1190.6834862385322
HRFPGRES,2173.733944954128
SSRDFWKVL,5372.701834862385
QHYSDAPHDVG,2198.6422018348626
KYKWLQPYWHA,9911.733944954129
VHVRRPWALG,9910.440366972478
REGEVSRYDPKH,2292.816513761468
RGNDWSRKDLSG,2657.5963302752293
QHRGQPDYHVAS,2916.211009174312
REDYNWDAQRL,5169.715596330275
ALRHAGFKGREG,2459.201834862385
NFVLVFWHDV,46738.28440366973
GYARQEKVLG,2518.619266055046
ASVPRNAG,1387.6376146788991
PFDPFRYWNKS,7948.183486238532
RHFKEHAQWHSG,3493.3577981651374
GWKNHRVLSG,3608.761467889908
AHEKKSG,647.5963302752293
ERDAYHLEKH,1984.1146788990825
PDFEWNFVGKHA,8888.279816513761
HEGDSRDG,1769.802752293578
GFPLFRWPVALG,25631.605504587154
LGLYHGFG,12894.270642201835
GNEVPWNDALS,2701.8073394495414
HRVDSNVG,1692.3256880733945
WFLAHVG,13375.922018348623
DFYYDSKAL,6678.307339449541
FLPNWHQEYWD,16274.197247706423
QYLDDVGKG,1874.7385321100917
VNLKGDSG,1045.4495412844037
KLHWGENVS,2337.1009174311926
RPVNAGPLGWDS,6215.972477064221
KWAERNLS,2689.440366972477
VLNRRPWKDVA,4151.931192660551
ALYGALEWD,12318.142201834862
HLHHVNDG,2753.7522935779816
NSAPEKDSG,681.1651376146789
KRGRPLPYNDG,2836.9816513761466
PPNRGEVSG,1130.1834862385322
RNWNLGHGHALS,5975.417431192661
FKYNESFRKVA,3120.5
FAEQPYFWAS,16532.95871559633
HHVNHNHVA,2385.266055045872
DLVNSRASG,1847.3532110091744
FYRLWVGFAG,22063.495412844037
KHNPFEPYWAS,9115.504587155963
PAHSPHQPAG,1883.3256880733945
LRHHEWLS,6687.642201834862
FYQDENSEYNG,2681.4495412844035
NHSELSEDGEK,1044.9495412844037
PEFVDALSG,4919.504587155963
EYFDGFYDSQRA,9273.399082568807
PEKRQKHG,781.3990825688073
ESKQEWDVGQNV,1311.0091743119267
PYLPRESRYNHD,5185.922018348624
VPDREFHLSG,2218.52752293578
VLLSYKQPWHDV,12886.279816513761
QQNSFSYLSG,6685.752293577982
HYLNEWSG,7465.472477064221
LFSSALSG,3691.9495412844035
QQHAARNVLG,2118.270642201835
RVVVKHVAL,9482.142201834862
PARFNQEYN,4122.4495412844035
GLYAFYKLG,14845.178899082568
WNNLFKRWHLG,11886.981651376147
DSNALPAVLG,2057.7155963302753
DAVNDQASG,917.9587155963303
NYGKAWSG,3746.9770642201834
VAVRKANKHG,1123.2660550458716
DASKFGFYNKA,2774.4954128440368
LQQFDEAG,2060.908256880734
DPFNNVG,1981.5183486238532
ESWYWPWKVAL,23377.201834862386
ALFHKVLPKS,4151.6697247706425
GRGAWDLSG,3754.6146788990827
PLNEHFKHDV,2527.935779816514
RDAKHQKQVAG,819.316513761468
YSADWHLSG,5027.857798165138
AFNHQWASFRPV,10604.747706422018
QSHHGFHDAG,3172.9816513761466
NADVWLFWDA,24233.550458715596
RFAEPSPYKSG,3778.6284403669724
YWHHGYSFVG,15025.600917431193
EADPNAEYAS,1215.573394495413
WQPNEASPYK,2431.302752293578
FSQPAYHAYNHA,4771.55504587156
NEDPWENAL,3706.02752293578
HLFPEWDVSKG,4359.05504587156
DSPAFAFKSG,2451.908256880734
DWQSVSG,2810.6880733944954
KRAYHLVG,3628.729357798165
PRYFLFNLSG,27360.1376146789
PHGSSQFWHVS,7483.197247706422
QQAAQKVG,1053.1100917431193
KVSGRLPWSEP,3335.233944954128
DSYPPNDVA,1793.2614678899083
EVHKQNDA,790.9908256880734
KDGPHDVELGRG,1704.2201834862385
DAEYYVAFKHG,15030.821100917432
SDGWHWALS,11441.87614678899
SDSYNQDLG,2006.9495412844037
ELALSHNKL,1985.4220183486239
GQDPGPWVLG,4331.54128440367
GEVERYSG,2258.3715596330276
EEKWLNASG,1846.288990825688
GEFGEYNKDL,3099.967889908257
ANAVWDG,3789.683486238532
AEAAEASG,733.0917431192661
QEQFSHFHVS,5370.467889908256
QWPKKVGFEYS,5528.40366972477
QEHQAFWGFL,21085.4128440367
NQPPSRPYWH,10107.894495412844
QDNDAEKFHVA,1493.3532110091744
WRAGNVHDL,6852.756880733945
NEFQFVSG,7191.582568807339
LGDKSWKVL,2923.059633027523
HPPSFNALG,3097.587155963303
PPEHFRPYHD,4293.183486238532
RYWREPKWDPYL,16151.01376146789
HKDVAQPQWN,2657.788990825688
VEFKRYG,4352.995412844037
FVRNRYYVSG,10322.256880733945
ESRPPGRAS,1067.4357798165138
QDWVKSRKSG,1570.211009174312
RDKNGPNVLG,1521.2339449541284
PDASDFPLEHV,2330.733944954128
FWLSVSREAWK,10592.11009174312
KSFNFRYNREWS,8531.036697247706
YESPWGYSG,9698.440366972478
KFKLAFRYVAL,21494.76605504587
EEGHQALSG,1382.5550458715597
VNLNWLG,8100.706422018348
DDSQYPKALG,1745.1009174311926
AWDYPVSG,5647.004587155963
PLWRSRWSG,11189.362385321101
AKRLALG,1607.866972477064
GEVNYSG,2971.47247706422
NSGRYFRSRWV,11069.91743119266
YHHDHLFNS,5447.738532110092
FLPNDLLFPDS,5606.073394495413
QHDGHLSNEYNL,4252.142201834862
GFESPPVLG,4690.178899082569
FPVADRPNRPAS,2720.261467889908
YPNDRRPYVS,5005.972477064221
NFVVQKSG,2984.1100917431195
KWEYGESG,1731.4220183486239
VQSVDSG,1001.348623853211
EKDGFAFDAFKA,3919.256880733945
EKRVEPHEVS,826.8256880733945
WADGRWKAYVAS,9888.279816513761
RWFPNFVFVG,49403.65596330275
FDEYVLYKNKVS,5711.9495412844035
SQQVAPG,1000.302752293578
HPLRDYASG,2489.6330275229357
SWAYGHSG,4989.151376146789
KVYHLPHRPWK,5675.4908256880735
LGLGFPDYKHD,5904.660550458716
NQVQRDFNSG,2054.4036697247707
EVRQHSQREL,1559.8119266055046
NGLKGHVALG,2642.321100917431
SHSDVHG,1533.5275229357799
FVDELDVLS,3234.8899082568805
DKHPLFSG,2842.1009174311926
VYPSALG,3372.321100917431
PWGPRNGDG,2556.467889908257
WNEGNSQYVG,5142.100917431193
KALWVSELNDVA,3712.243119266055
DNQRPWENS,2501.4449541284403
LQWEHDEPHL,4220.678899082569
GYNEYGEYDVG,5142.90366972477
PYVPFWQWNKVS,11002.325688073395
GNQQDALSG,1079.51376146789
QKYQKALGPHL,2758.3853211009173
PNWVRKQDG,2452.4862385321103
DAWQQYKAS,2177.077981651376
SQNLEKAEDAS,692.6422018348624
FLHRSQWNDV,5580.573394495413
KQKRVEDALG,738.8440366972477
NPQQPLSG,1213.6834862385322
YHGLFRKKHDVA,2610.623853211009
SWSYLLG,10393.738532110092
KYKRRHDS,1150.697247706422
WLVDEWLG,14685.09633027523
VDSHQAG,1175.3119266055046
ESEDPHASFRH,1936.3073394495414
HFEFWQSG,7793.770642201835
WRWRNRYWKVL,11957.80733944954
DLVEVLFRNSG,19369.889908256882
SPRLEDVAG,1261.2155963302753
QQLWRKSG,2894.440366972477
ALQWWSEWKDAL,9795.064220183487
DLYGYWGEKDS,2705.738532110092
PSANGYVG,1844.2293577981652
QPHLPFPHQEPS,2047.665137614679
RRHHWHSG,3752.7752293577983
HFPSWVAPY,15747.628440366972
QFEENRDFRWV,9731.238532110092
EPPNRYGWNKLG,2495.4036697247707
DNYVDAG,1841.394495412844
APQRFPSG,1560.5412844036698
AWFPKAKG,2582.1330275229357
GHDSHAFWDLG,7134.995412844037
QRQFVFYGQYH,29758.940366972478
FDQVVSEDASG,1576.6376146788991
REFNDSWFWHS,12809.422018348623
AQAHVYSG,2385.119266055046
HFKKVGDLG,1736.7018348623853
ANREEKSG,568.5688073394496
WNNFKRPNVAL,5478.091743119266
WRVGYWPDA,13208.79357798165
KFGDSNLS,1228.5091743119267
FLWLPSRKDA,3810.1880733944954
LQAWDPLSG,3361.9449541284403
EPPVKVQRPD,880.1926605504588
RAFKKHFRWS,4213.559633027523
PSSFWKHEVAL,4493.064220183486
WLHDSKSRPYS,5094.105504587156
AEYLHSQWKAL,6071.825688073394
YYWHEEWKDAG,4147.417431192661
NEGKHEDS,750.1100917431193
PEHANGRHDLS,1909.3577981651376
SPFQEVS,1884.426605504587
VPVEGEPLSG,917.1926605504588
NWWPDSG,6293.128440366972
RVHKEVSG,987.4174311926605
RKHVHLEQYNAG,2573.1422018348626
ARFLALG,10673.688073394496
NAWFRYRHL,14504.40366972477
EPWQSGFLFYNV,47018.44036697248
QRVSVLSLGQSG,6244.04128440367
LLQYNPVAL,10081.178899082568
HQYNLPYRKHLS,6788.334862385321
NDFVPWRHDAL,11322.321100917432
WPDAGAHAS,2145.706422018349
PDPGKGEPYN,1132.2614678899083
EQPRFYNKVS,1939.5183486238532
DEFKHRASG,1356.3899082568807
ESVKRYVSG,1906.6880733944954
DAWPHPKHA,2595.6009174311926
LRPDKQFRHSG,2056.1330275229357
SAPLQFEYWH,15395.146788990825
QQDWLNDVLG,4315.559633027523
PDWYRPDSG,4870.770642201835
EVEWQHANKG,1932.2064220183486
GPVGPYWWHVS,16122.51376146789
GFEEHDHVA,2755.6330275229357
FRHKNLEALG,2080.408256880734
WYQDQYAG,5777.619266055046
YANVYKEHG,2309.316513761468
VYNKWSRHLSG,4447.651376146789
DAESPNSGRWDS,2325.151376146789
EKSKDAYWAQVA,1343.9036697247707
LRRNKEG,893.940366972477
GYNEEPHVAS,2099.3715596330276
YRRNRWAS,5037.866972477064
HNKQHRYG,2295.077981651376
EWSPEYQWDS,4634.825688073394
GSQFGLG,3483.5504587155965
EWKWDVSQDSAG,1939.197247706422
FVHHYVLSG,8271.701834862386
PFSASWG,8405.050458715596
AGAPVQKSG,1129.4816513761468
KVRLWLWHS,14095.720183486239
EKWVVLQEKD,2934.5229357798166
PAGYVQYQFYWS,39969.449541284404
WKHANQPDGEND,1856.032110091743
WVEFLQEPHDG,10787.866972477064
SRLFPLVSG,10803.600917431193
KVNGWDQPYVG,5969.619266055046
WNHVQVAAYNDG,5531.9908256880735
NSWENDSYDLG,4111.600917431193
EERQDSG,911.0045871559633
VGELNVRPVAG,3078.1880733944954
PLRDFPYKDEND,2453.1651376146788
HEKPDSHDVG,953.2844036697247
RSDSKEPKDVLG,819.6238532110092
SEYNQVLYWKA,9773.577981651377
NHQFHEWADLG,6194.077981651376
QQYEPVQNHDA,1871.5412844036698
WVAHPNKQEHV,1873.665137614679
EQGWDRAS,1877.6559633027523
HEGLHAG,2335.0045871559632
SFFQHVG,5852.288990825688
NYKAGGPNVSG,1610.3073394495414
GQYHNHDSHDS,2021.2064220183486
QYEDKVKALSG,1591.7844036697247
FPLEVRESFWLS,30579.15137614679
RLLNKLYWKS,5572.440366972477
ADAKGNASG,856.2018348623853
YDQSFELSPHVG,5224.8899082568805
GDFNQDG,2045.2431192660551
FAQLSSNVG,2828.9816513761466
QWLKPYNKWKLG,6427.536697247707
GFRWDLFEPNSV,11772.036697247706
VHNGVASG,1616.9724770642201
DRHVFAQFS,11388.339449541285
HNGEAHG,1583.8577981651376
KGWDYKVLVAG,8421.463302752294
PGAEFYNKHVG,2602.0366972477063
PKKYGWVLG,3397.876146788991
EPFYDAEAGDLG,2343.788990825688
QNDRWHAQRYEP,4916.100917431193
NDSAPVLRPYAS,4565.151376146789
DLHVWAYWDA,19026.394495412846
KDYKQDVPKHVS,1099.6559633027523
FYPYWKSYYL,7535.467889908256
RKLAHDQYWDL,7975.1697247706425
PHSQDYVSGYA,4167.119266055046
KSENDNQPHS,1167.926605504587
RAKNAGVSG,939.3119266055046
KFEGESKHLS,1271.605504587156
FVVAGRFRDAS,8092.756880733945
RDKKVNKHVAG,875.4770642201835
PWHHQYHYALG,13316.885321100917
WEWGSRPYWNVA,18413.738532110092
PNDPLFPRPYH,8637.316513761469
FDKQVRPYHAG,3387.4449541284403
SNAVGDASG,1106.2064220183486
QRVRALWHEDVA,4663.0504587155965
DQNKPHREYWDL,4911.733944954129
LNDALPRAS,2273.1559633027523
HRKGNQFRPK,1172.5779816513761
RDWEPSREYLG,6570.366972477064
WEQDPHLG,6089.344036697248
KYAEHHALS,2025.4770642201836
RNVLRHPQFKVL,10320.995412844037
LPWQYAFEWVA,29639.775229357798
WFGHFLG,14087.394495412844
AGRPFELSDAS,1974.7155963302753
KDHDPVQHLG,1414.3394495412845
EQKNQRHAS,996.3119266055046
QSKPAQYWNDVS,2329.3394495412845
ARLKWDVLSG,4351.270642201835
FSHLVRKHL,6588.40366972477
RKVQKSEDNDG,740.0183486238532
QVFQPKWDAS,3501.802752293578
KHDPQYRWNKHL,3069.2201834862385
ERKSLFENKHD,1316.7798165137615
NDHASNQHAS,1546.0045871559632
WFFWLNVALSG,18471.160550458717
RHSYLQPPDALG,3964.8899082568805
EQRHGVLRNA,2828.137614678899
GVLEANVAL,3341.3715596330276
PSNVDQEWKASG,1534.5366972477063
YLWSSGEWNVSG,7743.756880733945
EPWFKSWNDK,4078.0550458715597
NPLSRPFHDAL,6533.931192660551
YHYGDVHDLS,4758.9495412844035
FLDYSHAG,3802.4770642201834
FQDADGDG,1830.5688073394494
QVHSHSPYNHV,4071.440366972477
KYHGGEVLG,1663.334862385321
WPESDASG,1863.2568807339449
KEHQLFRYD,5995.614678899083
FPGFLSSNHG,8569.30733944954
DSGYNDYGKDAG,2145.1100917431195
VYYFKVLS,20227.229357798165
NAFEHYAFNKDG,6110.59633027523
DAQSYSEKG,974.3761467889908
YVYHSGKGHLG,3591.678899082569
FNPRSEWNKALG,2941.0504587155965
GLRKLHSG,2810.6422018348626
HLSGHRPKLHDG,2749.1880733944954
RRNEWFREDA,3835.8440366972477
HNYPVLSG,4312.614678899083
RYFAFELRPWHD,30816.633027522937
ERPRYVQNSG,2387.3073394495414
QKQHEDFPDV,1211.848623853211
HQHDFARDG,3106.935779816514
FPKSSRWSPKH,3104.761467889908
EGVREYNVRWNH,5894.628440366972
PLYPVLWNALSG,18324.97247706422
YNWQVRYNKVS,7642.5
QNRAAGKHS,1165.0229357798164
VSDLVGHVLSG,3113.266055045872
QNFHFPAQNKV,3686.380733944954
VLHYFRHS,7582.724770642202
VRSELFAG,3459.454128440367
PDLDDGREKH,1333.3440366972477
NRLGRLGHL,7253.834862385321
YKFEKGFDLQHV,4499.119266055046
QVDNHPNHDV,1873.926605504587
PKGQYDRAEWV,3440.701834862385
WYKQQEPG,1988.605504587156
HGPQLSKHDS,1139.8577981651376
HRRKPNSG,1029.408256880734
DFRKLFYGYAS,8250.54128440367
WEGPVREG,3533.408256880734
PHQPWREWLWD,20430.619266055044
DYPDRPLSG,2287.064220183486
HAHHSQYAL,5245.463302752293
WKAEFRNRKHDS,1987.0091743119267
FAPVVLEDVA,3966.2522935779816
NDKDRWRVAL,5157.4908256880735
LQPKFRPRKLG,1879.8761467889908
GHVEFKDAG,1682.8394495412845
PRYKDLKPWNLG,4224.119266055046
YPSQFLWALS,18974.119266055044
RFYHVGGWNHDG,7249.201834862385
QYRPPNFKVLS,6265.761467889908
LANLQFEPYVA,11772.444954128441
WKANLKDNDA,1738.4954128440368
YGDWWAG,9989.339449541285
KRPVKDSNAS,807.2155963302753
VWFYAYALG,18709.10091743119
HGPDQSQEPW,2477.6559633027523
YLGDRKDVFDA,2687.4174311926604
SHQHWNVASG,2714.646788990826
SHGKVKALS,1284.3623853211009
KLLNYNAL,4566.224770642202
SLYKKASG,2140.032110091743
NGYGYQPLG,6201.426605504587
GFASVGWVL,25535.596330275228
YKERWLFEHDL,9944.614678899083
NKGHAQAGQRH,2065.4311926605506
LWAALPVLSG,12636.5
ARLGEFHLG,5036.646788990825
LSEDDVQPWS,3796.798165137615
DSWNLVSWHD,13372.981651376147
NPFPHEYAL,6024.160550458716
GRVDHDG,1900.408256880734
DQRPENALHDV,1348.619266055046
EKDPEKHFPYS,1213.1376146788991
GQQSYVAL,4123.619266055046
SGVSHAYHS,3220.2477064220184
LHWQNHDVG,3842.9770642201834
SHSFGRLG,4676.688073394495
PSLHVEDLG,2092.137614678899
FPGSPYHDNDV,5123.600917431193
DPEEYASG,1022.0825688073395
RFVPHEKHVAL,4002.3119266055046
YKAELFRKGHVG,3163.1009174311926
DGSYNLNKDAG,1575.0
HAPYGWFWKVL,21841.761467889908
HEWYYWLSG,11612.100917431193
DPVAAWKVLS,2659.3348623853212
HDEDYDQHASG,1960.3761467889908
GDLHHVSG,2003.9587155963302
HKDYNYWDS,4648.270642201835
LNAFYYLSG,16023.926605504586
RHKPQFHVALG,5429.252293577982
KSALEFPVS,1793.2477064220184
RHEFDAQPNVS,2470.266055045872
ARLRGPLG,3693.0045871559632
DHSFRSWG,6420.344036697248
GPWYRWASG,11820.518348623853
ERGPNRNVS,1463.98623853211
SEGFSQELS,1993.6788990825687
LEQYGDLSG,3155.454128440367
PWLRFYDGYASG,20621.077981651375
YLPGLQNKHG,2252.876146788991
FDYNEKHLEAG,1738.7522935779816
YKKRALRPAG,1335.5550458715597
QHDHVQQRHLS,2558.1559633027523
GSQPYWYHLG,15130.146788990825
DFEPDDGREKA,1228.8440366972477
VFSPHQWHDLSG,6643.816513761468
FKSFHVLSKPNV,4645.018348623853
KFDELPWSG,3461.605504587156
DESNDFDS,1531.032110091743
RQDLLSWHDVA,4250.871559633028
YKRAKDSRENG,940.0963302752293
KEWNSVRYDV,5590.573394495413
RNFLPHAEG,2575.394495412844
HDGVYLEPWNKS,7843.95871559633
REKHYDWLFEWK,6797.247706422018
WSGDWAGFWVA,23127.32110091743
DFFERDSG,2815.183486238532
NWHWVRDSG,7434.848623853211
VDNKFLG,2151.605504587156
LEPADSYWKH,2743.862385321101
AGWQPHSWKHDL,6482.385321100917
HAAFNLYWV,25526.41743119266
PKWDEQRWKG,2408.4770642201834
RHPHSLRVG,3182.5550458715597
RHKLPHRWKLG,2784.146788990826
KVKLKLFWKHDA,3148.9862385321103
KFNPGQEPNAG,1093.5
HKEDGYALG,1810.1834862385322
WEWWVAEYDG,18706.798165137614
RLPWEPWRWHA,19114.133027522937
DSGGASQWKHAG,1776.7752293577983
KFSLSLSG,5214.935779816514
RWYKVNHASFDA,7057.90366972477
FQKAHSQFNKD,1970.0275229357799
WDVVQFDSFEDG,13251.642201834862
YFSNSNALSG,2921.238532110092
YSHAENYWAL,9594.229357798165
KVKQHSPYWKVG,2574.7522935779816
WAAWAPKLG,8155.967889908256
SLRNHDNAG,1824.0871559633028
SYQEAEKLS,924.4082568807339
DSDDHDSG,850.6330275229358
NPGYSYDG,3592.8073394495414
KLFRQEDVYNG,2646.0963302752293
DNVLRPRWKV,4826.825688073394
GQKNKLQWKHVS,1450.7706422018348
LSYYGQEYWKG,5290.793577981652
ARRNQESG,910.4587155963303
SKNVDSG,776.2889908256881
FPGRLNAQVAS,3288.5
EWVKGNKVNK,1037.0
RKAFEKSWGN,2116.169724770642
PFQDNHDALS,2523.8990825688074
HFEEKYWHDVS,4922.733944954129
ENSYNVSYVHDL,8393.302752293577
WAPEHAPYNHLG,5350.853211009175
VLYEHFEPYNDG,8014.784403669725
FKNNWALS,4656.408256880734
KHADQPDRKS,763.0366972477065
HQHHPKG,1172.880733944954
HLDLLGFPYNG,9160.605504587156
HEEKWNLS,1861.8211009174313
DVYKQRWGFS,8339.766055045871
SLGFNLDS,4431.1100917431195
HGNNQYHDVL,3203.47247706422
DVRPVQGENLSG,960.6697247706422
DVDVQVPDLS,1141.9128440366972
DWGSEYSG,2859.206422018349
WPEWLNG,6829.0504587155965
KLNLVAFEYHDA,14050.940366972478
QAVKPHDA,898.2981651376147
WFNRFRNG,7181.018348623853
QHGQHGVSQPD,1713.3761467889908
NGSQKQYKDVS,1044.0963302752293
SGDFGEKDVL,1515.697247706422
HFSVNVSG,4862.940366972477
FRLHANFNAG,5504.119266055046
WWSFWQKHAL,13870.628440366972
VNSLGKG,1526.6422018348624
RAVAKAWKALG,2068.0963302752293
QSSGQAVSG,862.816513761468
HLRHLGPYVFKG,11915.45871559633
QKKVGHGQFVA,2150.967889908257
RERVLEYPNDA,2525.3577981651374
PKEYQEVFEN,1945.1238532110092
AQYGYVQHDL,6159.582568807339
YAHAAGNDVA,1653.059633027523
NRKFDFWKLG,5050.1100917431195
RHEAYAEWKHD,2921.2247706422017
LSKKALQHG,1412.6100917431193
EHEGHSRNDLG,1505.51376146789
WQWYRPYWVG,23886.642201834864
PYGAALQNDSG,2345.330275229358
RPPLYVQRYLS,18910.577981651375
AYVQFGHALS,11303.128440366972
KVLYGREEPKA,1641.802752293578
WPHLVQEDVG,3166.412844036697
QVSHQRYQEYND,3952.770642201835
DFPHGNVFEYNG,6211.899082568807
HQYGLRWNDLSG,6664.022935779816
DRSNRWAG,3168.059633027523
YPWVNSYNAL,13215.105504587156
DGPEQHDS,991.4266055045872
KHASENKSNSQR,796.5321100917431
RAQYNEWHSPH,5725.01376146789
LNNLALG,3267.422018348624
RYAHYHVSHDLS,6324.559633027523
ANDREPLRKVS,1571.880733944954
WHFFKVGRYWL,19169.059633027522
HYEYFPG,8561.93119266055
ERQSKAG,908.3990825688073
NQAWNRHDAG,2793.064220183486
LNWNYLSG,7425.348623853211
VPQLYKDAL,2042.2339449541284
NVEFGQKHDSG,1708.6834862385322
LWFKRPSG,4682.743119266055
QLFNKRGFDVL,6758.770642201835
QYGGENVHSG,1819.0366972477063
QKNDAERPKHDG,963.0321100917431
PRGFAQFVAL,24659.298165137614
ESPKYGQYLG,2181.798165137615
FHLQWAQNVRVA,9749.275229357798
VFPLRSYWS,14743.288990825688
HWGKGRLS,3377.5963302752293
DRPEWRWNHDVL,5651.270642201835
LDDSKVALS,1678.1376146788991
NRLRSQHALSG,3305.5
WKLEWDWRYKG,8138.004587155963
SWKAAPLG,2784.1559633027523
NQVEHFDSG,2163.0183486238534
RGSDNKG,867.0321100917431
SSENNSG,949.0183486238532
QPVFVLQRRNAS,15427.766055045871
RNADPQYWNHG,3724.646788990826
LFWKHVKVFWN,16133.01376146789
KSDPHQREHDG,1064.073394495413
YWDSNANGYKDA,2868.908256880734
YASSSQREWDL,5019.004587155963
RPKLKENSGPW,2464.788990825688
YNASRDVWDLRP,8159.793577981652
DNDLDPYWDS,4716.839449541284
YEHWQEKS,2224.422018348624
GREHDPHEVG,1535.3211009174313
EYLRRHALRWVA,12562.564220183487
FWLDLQLQKDS,6621.862385321101
FWHLHQPYSFV,23481.775229357798
EQWVYFEAG,22835.30733944954
SEFKGDSG,1561.8577981651376
PPVAYKQVAL,3049.830275229358
PKHFQEPAQPYW,8966.949541284404
FWKWGQDQWNG,6223.059633027523
KHDKYNDGNDAS,1044.5688073394494
RRFQFVALS,20651.74770642202
GKQEPFWNL,4326.756880733945
YLEGSEYWKG,4267.233944954129
EANRNDPNVA,1142.4724770642201
QHREKAPFHVAS,2510.105504587156
GYFDAQAG,3144.894495412844
RWDFSQEKSRHA,2974.9587155963304
KRWESPWAL,7049.972477064221
RLKESGYS,1750.1376146788991
GNRNKEALG,1112.4174311926606
HNFYWAPS,10893.128440366972
FPLYYVGRKHS,11195.559633027522
NWSWLEVG,11900.912844036697
RDLDWHAPHVA,5425.6697247706425
HPEWEYDSG,3247.5229357798166
NAKDVFVSEWS,5975.8302752293575
FKWGFPVGFK,11803.440366972478
HDAKSFVQEPK,1078.9587155963302
HAWVDASDALS,3623.802752293578
QNLYYNDGRYVA,12249.587155963303
PENQKWNVSG,1911.1146788990825
QWVVSQEQYKHV,4648.339449541284
VHEPRKLG,1729.9724770642201
RPYRFPAWNVG,12751.169724770642
NGSRSRYAG,3173.302752293578
PYHGRPHQESPW,4536.5
FYHYGEAYWHVS,10969.316513761469
QYEYVWNLRWHV,21690.628440366974
RHGHEHFENKV,1968.2247706422017
VKVNRNLSG,1698.4495412844037
GQQEWQKVL,2160.8348623853212
AAFHFWNKHAS,4468.408256880734
NFAALPSG,3019.330275229358
FEFLNDEPKDA,2077.4266055045873
NVPDDSGQRWHG,3501.922018348624
YHDRKWAQAG,2734.5045871559632
LDFWYWHDALS,14489.642201834862
QQHGALRYWVS,12990.770642201835
QVQLDPWKHDG,2747.3899082568805
DEVQELLG,1390.1376146788991
AKNLSESG,845.2293577981651
YWWYQYVLSG,12335.279816513761
AWHNSPKLG,3246.3394495412845
HREGDSPWVL,8641.160550458715
VGPDRYGQENVL,2490.1743119266057
QDALGWERWHVL,16452.270642201835
EGHNEHVLG,1715.1100917431193
VNHHFYHDAL,9659.454128440368
WKLHFYWLFWDA,16456.0
NSDGNPKDVAG,1123.4036697247707
LDSWWNALS,8744.954128440368
FWAYRNDYKH,6120.720183486239
FQGLWVLG,18075.032110091743
AKSFHHVG,2607.1100917431195
GLWHFYNHAG,9804.97247706422
NGHPWSENHDS,2878.1743119266057
DSAHFPKS,1237.4816513761468
PKSVRSEHSG,989.8073394495412
KGKNRHDG,848.2385321100918
RNELPPWVLG,11768.91743119266
APEKKHDVG,809.9862385321101
SQVVYHALG,6206.04128440367
RVEYGEKDHDS,1436.2247706422017
PRPKLQVARDL,2477.2201834862385
RGRDVWQKALS,3443.8394495412845
SYFRYLHALSG,7887.05504587156
VGYKEDGRSG,1453.0275229357799
NAGQQEYDKHD,1371.467889908257
NNPYQYSG,5744.3899082568805
NEDRQHLG,2409.766055045872
QYLFHPWNVFL,35035.963302752294
FFGRFDLG,8110.642201834862
YRNSSRYWDA,7543.697247706422
FWWFYHEAG,10453.105504587156
EFAGDASPKLS,1395.0
PQRSYFRSG,4395.48623853211
LFRPEHQRDVL,3092.8853211009173
QHFVLSPDPKS,3285.270642201835
KSDYNLYKDS,1499.3256880733945
ALLWRENDV,5744.655963302752
VLRQEKAGYDAL,2435.2798165137615
EVHWKQRHG,2575.211009174312
VYFAKLG,8787.866972477064
SPGYYWG,11200.174311926605
GERVDAG,2006.366972477064
QDRNDVYAYVL,20300.844036697246
QLGQWVHAQNVG,4434.917431192661
RGPGLQPKHAL,2176.5366972477063
YARDFDAPDLSG,4022.6743119266057
REYGEWRDQYKS,4564.357798165138
QFPVHLWNREV,11120.238532110092
HASNKQYQFDG,2923.7844036697247
NPFRWKKLG,3342.8073394495414
QAPFQKVALS,2234.6422018348626
QKDGPFQWHG,4012.348623853211
PFQHRSG,3448.9633027522937
PVHFGEPYKL,7505.224770642202
AYDNNLG,2916.9954128440368
WNKSYNAGQRKE,1531.4724770642201
FKLNEAQHDAL,2225.243119266055
EQYHDGNEYNL,3834.362385321101
GEKWVPWNKA,2925.0412844036696
QDVGVGRQKV,1292.8761467889908
NHSAPNDLKASG,1014.9816513761468
KVALLQSQRNK,1871.9311926605506
KLNFELSYWH,19952.550458715596
FKNRKGPWNHVS,3039.0366972477063
LQQDWKG,2025.4954128440368
YFQARDLS,4776.665137614679
VLAEPLWND,5167.587155963302
FALNFRPRNDVS,4829.655963302752
VYDFKWSG,5160.5091743119265
LDASHSEWHD,3919.5412844036696
KKHDHGEKHAG,1042.8440366972477
RELFFYVAWHS,42936.706422018346
SNKPKELS,941.559633027523
KPYSWREYNDA,3836.146788990826
WNYPHFEVAL,22983.34862385321
RWLAGEWGFDG,16590.47247706422
YENSKVLYNKA,3415.9816513761466
PKPHWASQRPWG,6185.788990825688
HNKKGWNKD,969.4449541284404
RFNQLFYNKS,6328.6100917431195
VQYWGDRNKS,3554.4449541284403
PWVVALEVFREV,53526.94495412844
FQKENVAWN,3487.940366972477
YYQYAFSG,6470.559633027523
YNQDPWPKASG,2547.5
DAWGYNWAG,10074.100917431193
KYAEGWDSG,2092.238532110092
ENLKNGQRPYNH,2994.440366972477
PKGHDLKRNKA,753.8440366972477
HAPKEPLQSG,851.4770642201835
SEVRHAYWKA,5067.279816513761
PFLPPWASG,12121.06880733945
PWQPPHQFRYW,25459.22018348624
WSPEAQRVAG,2294.830275229358
PVRRSQWNKDV,2377.229357798165
FGHHQRPYWKDA,5534.591743119266
RNHVPYARNSQD,2682.077981651376
LRRWDAVSG,4270.261467889908
EKPHQFPSGQP,1512.2339449541284
WNWNVQKDQYDL,5541.844036697248
YAEGASFRY,10309.06880733945
WFHFPQPYWAG,23253.610091743118
ADALHVGFRWK,7600.591743119266
RFQSFDSG,4574.247706422018
NHPLRELWG,5789.793577981652
ALVNHVFYHSG,13678.128440366972
WGDVYNGYKAL,9335.380733944954
PQLQNQEHD,1388.7293577981652
RQSHLEHVASG,1788.073394495413
GNRVEWNHDL,3960.7201834862385
YDRSEDRKHDS,1160.454128440367
KWQKKVSG,1118.9449541284403
QNLQNGQYDVAW,6704.160550458716
YDKKKVG,859.2706422018349
RNAFVLGNPHL,12058.48623853211
HYPQEASG,1683.8165137614678
KALNNASFVL,8504.954128440368
WSHNQWAS,7292.481651376147
VQGHHALSG,2065.2752293577983
GVLDAVAG,1857.0275229357799
LWDRDFWNHDA,9171.577981651377
KLAYREHG,2388.467889908257
YFAQKGNDLS,2024.5091743119267
YRRKFRLSG,3127.087155963303
QRHGRQEHRV,2051.5412844036696
FDFQVLFRYHV,21917.967889908257
KEGLFPVLS,4603.431192660551
HWQEGHSG,2318.6559633027523
VPVVPNSG,1229.0825688073394
RHRDQSFPWKV,4079.4770642201834
FNPEDGEYVASG,2068.770642201835
DKAQQHASG,813.1605504587156
YDGPWNSQAQRV,3518.559633027523
SFEDEGPVG,1940.7293577981652
RAKQRNPNALS,1340.8394495412845
AKYSHVLSG,2217.2844036697247
ARHYYNDSG,3454.0183486238534
VDYWDYSG,6570.353211009175
NPPANDA,1012.9587155963303
YGRQDVGFRWHL,14184.0
LKRESFDSG,1593.5366972477063
NFHSEGWNKG,2536.1284403669724
FAHVLFDYHVLS,22569.064220183485
GYDFSPVLG,6570.40366972477
LHQLDLSG,2685.912844036697
WVSNANKRNV,2643.5091743119265
SQPFGKHSG,1378.633027522936
EVSDYLSQHV,1954.8577981651376
EVRQYVRYKA,5436.325688073394
ADVLYWKRDVL,8546.555045871559
VYSKWHALS,4911.880733944954
PQQLSWLG,5573.018348623853
ARLHKDG,1289.2293577981652
HSPHRPHAAS,1726.4357798165138
PGRSGVQVSG,1765.151376146789
DNGQPFSG,2029.6926605504586
QSNQAGQEYHA,1460.6605504587155
AVEPQVAS,779.5229357798165
HEVHLNAL,4412.362385321101
RHRNQWLNKVA,3261.2752293577983
QGSNYWLG,6857.600917431193
HEPGDAWVLG,4243.344036697248
WSDFWDQEDLS,6140.408256880734
HGLNFASG,3796.848623853211
EQFQHVSKHDAS,1439.1559633027523
LWVPLLSG,13632.788990825688
EEGAFPLS,2239.229357798165
WYLHKLG,6132.6697247706425
YDYHDFREYDR,6597.233944954129
KPLRFYHVALG,8837.29357798165
VAPGEVFPWNA,3495.9311926605506
PQRESEPQLSG,1032.2431192660551
WARAYWQEWDG,14330.220183486239
KYPWDYSG,5214.977064220184
PHYFLQRKHL,7402.197247706422
APNVQRALKHV,1932.6880733944954
SGRVPSGYKA,1911.2752293577983
VYGNAYASG,2525.2844036697247
NKNGGYDG,1350.2385321100917
SPNNQEYWND,2632.0963302752293
AKAWELSG,1618.6284403669724
HAHESKLSG,882.8440366972477
QSLLVAG,3499.683486238532
RVAYNEDQWS,4553.091743119266
GPGYGPALS,2941.9174311926604
YKVYFREDEVA,5022.027522935779
SDYDHSG,1828.5045871559632
HFKGFFEYVA,14550.61009174312
ASDHEWVG,2321.8853211009173
PGYPQFPYWD,22972.435779816515
NSWQSGYWNLS,10252.683486238531
AFDYEPSG,2689.087155963303
VKDDYKVAS,983.4954128440367
QHNRDFEKDS,1312.334862385321
NYLVFYG,26819.11467889908
PWAEYVHAREL,10933.321100917432
QDQWKSKAFEL,2150.5137614678897
QPWHKRPQREPL,2902.353211009174
WRGKFASG,4252.793577981652
WVSEYFVSFEN,44336.022935779816
DHLVRYG,6246.697247706422
RNDRNGFPWEPY,14805.29357798165
KAKDGKDEVASG,805.7752293577981
AWFRHEYKHG,4265.119266055046
VSPGKVFEWN,3207.362385321101
YDHPPHVLS,4364.394495412844
NHVFWVGWFYWH,27234.174311926607
SWYAPVAL,12558.628440366972
KWRYDQDLS,3537.7247706422017
PAGEELGWLG,4198.816513761468
FFRVSVGQPNV,8364.51376146789
LWNEPQPWNKAS,3385.5550458715597
HVQPSRYKGFKL,4665.862385321101
LEHSWGWKDV,6354.798165137615
DEAHYVLSG,3791.8669724770643
GVPYQSG,2344.0
HVHDLRLHAS,5294.215596330275
FGWPYDPKDL,7071.587155963302
NAKNLEKAG,944.816513761468
YFKPQEALSG,1810.0412844036698
WHFNSGVQYKDL,8066.90366972477
PLSVRPWHGYWN,19664.995412844037
DLKKPYLSG,1969.440366972477
VSALRVEVL,24940.490825688074
YEFAGFSG,6075.073394495413
SGPFEVSPLG,2729.330275229358
GVDGFASG,2981.912844036697
GWAKVDVG,2209.3990825688074
VAPWEWREWNG,7406.146788990825
WEEYAESG,4106.637614678899
VAPFNVQEYDV,3908.4174311926604
WDLYRYDQYKDV,7148.706422018348
RFSDSYLSG,5039.683486238532
HRRLSPAS,2566.5412844036696
EFQRARWSG,4975.637614678899
NQFGEVFLG,13785.224770642202
EFSEYLSKL,4102.8302752293575
HNSPAQHAS,1319.9311926605506
NVSQKQRSRWHA,3391.711009174312
LKDQDPNALS,1047.440366972477
EDAWKSQWLNVA,3926.183486238532
HSYLRYAESG,6036.412844036698
YYLPDNALSG,4483.45871559633
RLEEVFRPKH,3476.5229357798166
YQYNSEASEKD,1201.788990825688
FVWHNKFYNKHS,4660.431192660551
HKDAFSDAS,1329.866972477064
VLKVGPDGHASG,2001.0642201834862
DGWAQARYG,7204.087155963302
PKHFANHVFVS,12204.605504587156
YERLDVASG,3332.3119266055046
VQFLELQNS,6380.091743119266
QFSEFPVGWNG,8670.922018348623
WARRSFWNKV,7375.233944954129
DQPQVLHVAS,2047.0
WNYQWVLWAL,26672.128440366974
RWRYHVGEVQFK,7961.146788990825
EWKVKLRSKDVS,1913.908256880734
HGWGDFRPWVL,25299.669724770643
YFHYGWVSG,8722.628440366972
WAFQNASFYAG,18085.238532110092
NAPYYLEWNAS,10308.848623853211
VAGRVGYENHV,3707.6743119266057
QPLFSGPLQHVA,7944.288990825688
NNKYFYKDL,4195.40366972477
DRHLDFYKDAS,2976.5
SKYEHSG,1349.4357798165138
WFFVHDVA,17199.477064220184
FGKKPHLS,2035.5045871559632
SNPVAALS,1953.0091743119267
PPLAYHLG,4674.004587155963
EADQHARALS,1239.2981651376147
RDEQSGHVSG,1428.9587155963302
FHLVRNFHDVSG,9193.298165137614
DELHQKVA,1186.0642201834862
RPADGQNRKHDV,1370.1284403669724
ELRGNKVDVS,1317.545871559633
DGWKLQLEWL,19345.10091743119
YQFLYHEWVG,20643.036697247706
FLKGPYKGYNV,5006.55504587156
VNGRAPLG,2277.6743119266057
DGQGGQRNHDSG,1250.0688073394494
NNQRKQPG,1359.1788990825687
DHFPNYAG,3689.738532110092
HDYSENSQRENL,1951.0275229357799
EEASYQEYDA,2287.243119266055
WHDSLRWVGPS,13788.550458715596
PFVHQHDLSG,4078.151376146789
DNAWQFNSG,3975.1284403669724
DKSVVAG,843.5642201834862
WPYKEHLKVAG,3119.5045871559632
RLHFRFPVLG,14037.444954128441
DLYNPDVGPS,2705.032110091743
HWQSHVG,4441.619266055046
VENWKEWG,4015.738532110092
DVDHVFDAS,2443.5963302752293
QDNRNVQRKDS,1003.9082568807339
DPFQDLSG,2019.4908256880733
WNAFGQYLEWS,24230.27981651376
FYLKHLGPNLRK,6150.711009174312
FSFVHDFPAG,8905.394495412844
LSYDFYQFEHA,13039.779816513761
GEDHNHASG,1466.5550458715597
VASYKLSQKGE,1351.1376146788991
WNHGPSRPHVQD,3131.201834862385
AVYHEALG,2941.940366972477
NHGGYNLGQNHD,3171.440366972477
RNEANSFWNVA,5431.559633027523
RQSLYDVAG,2791.0183486238534
RVEALKKHVAG,1546.7706422018348
HFAHHAG,3610.3073394495414
LFEPDGDRYWK,5422.761467889908
WEYSSGEPYWVG,16677.51376146789
SNDGLPKHVS,1633.7293577981652
RWKQGQPWPKH,3534.4908256880735
PHHVSSPWALSG,5704.752293577982
QWFPGEHYWKHD,7594.197247706422
QPDFDLYAYNH,12037.08256880734
WYKVQWFYKDA,12794.48623853211
LDEVNDG,1735.908256880734
EQSPEPSG,717.0688073394496
KYLGYAGKVA,2867.4449541284403
GNVEVHLG,2847.761467889908
NADFWASWKDG,5905.302752293578
ALYVKGRYNHL,10146.422018348623
SSQRGWLSG,4985.844036697248
DSERYAGYWKHL,7138.8899082568805
EPRVLFNQYWA,22302.80733944954
QLPDSRFRPWV,9672.69266055046
EDLHKDLFRDA,1965.651376146789
RDDKPNKHDVA,998.2477064220184
HHFHRYG,6738.362385321101
NRNELGYWSG,7696.871559633028
VRKNYKAG,1127.6697247706422
LYYVSELS,13553.114678899083
HVQWRNKHVPDA,2811.7844036697247
EWSQKGPDRKHV,1725.9495412844037
ENLRHSRKFYD,4574.848623853211
WYQPKSRES,2238.1009174311926
FVRKYKRPYWN,6561.90366972477
WGGFLESG,9846.711009174312
PPPAWHDLG,3505.908256880734
FAQKYKDGWAG,3947.9495412844035
YDSKNHDRWVA,3562.3073394495414
GSGKFASG,1670.3623853211009
DSDYLYVG,9058.334862385322
WWPKRWVALG,15295.853211009175
RVLFQRVQWDG,16845.844036697246
SQLHQWDVAS,3633.380733944954
SRHQDQEYAS,1910.288990825688
NVYGVSQFYHVG,16142.738532110092
KDNFDGNKDVA,1266.2935779816514
NKAHFYVLQYWK,15646.073394495414
FHRVEEYKHAL,3937.467889908257
HVPHPYQRPNLG,4932.233944954129
VFANDWLS,9448.233944954129
HWQNFVSG,8701.605504587156
QWPLARKDLSG,3783.651376146789
HYGVPKASG,2122.238532110092
AFYFEFYVLSG,41327.11467889908
LWFKQPVG,6226.243119266055
KEYNQYHVAVLG,8025.848623853211
WWDSFKNVLG,10656.128440366972
AVQVRHASG,2258.238532110092
EQDQEFEDS,811.3623853211009
NVRSKEWNHDG,2115.5091743119265
HSVHGFVLSG,10221.169724770642
AYSEFRDVSG,3194.1284403669724
RVDEALYG,3812.4449541284403
PRPEDRYALG,2643.288990825688
QYVSDLQVPYVL,17337.73394495413
ERESQKRWNVS,1986.4633027522937
DLSSEDANLG,1268.4495412844037
FHYKSPKRELG,1789.5504587155963
FHQFKRQPNLSG,4084.422018348624
FQGWHEPWNDG,8694.316513761469
WKQWSKASKASG,1779.9449541284403
ASPAKVQRDA,819.816513761468
SKYAQHG,1739.866972477064
ADAYDKHVLS,2115.197247706422
PKAYFEARWHAS,7730.463302752293
NYQNPNKLS,2404.3073394495414
PQRDPHVQKS,1151.0366972477063
WEYLSASKHDV,4949.275229357798
WYADVPKHG,4425.614678899083
RYRYGYHLLS,10316.454128440368
FWGHYHDFREPN,7500.160550458716
SERWQYLG,9976.366972477064
WQKEHFRENVAS,2428.3853211009173
WSHAVYNKVA,4983.266055045871
YWPPKHNHVA,3670.422018348624
LFFALYLG,9460.160550458715
AFYEFRNKVLS,9530.40366972477
WVKLWKPKAS,4081.564220183486
QEPNKQWVLHEW,7282.770642201835
KVQLWLQRHAG,5916.701834862385
FHVYREDLPH,6179.073394495413
DLHWELSG,4762.229357798165
WWLGVYKHDVLG,13899.435779816513
WWLEDSHVA,7993.357798165138
WHYFSGYNKHV,7561.862385321101
FWGAQKGDAG,1969.926605504587
RLQWNFWNHRVA,11693.47247706422
WNPGHRYWNKS,5711.155963302752
VSAVSDVLS,1910.7431192660551
DPWNLEGNLG,2705.394495412844
DHGDREA,984.6605504587156
QHVDYNRVLG,4111.752293577982
KKNARLSG,1193.6100917431193
YGWLYFPYVG,11523.646788990825
KPWSLQWNALG,6032.885321100917
NGFFYHQDVA,9564.311926605504
QFDSASWSFPYD,15492.087155963303
PNQKGAGRPYDS,1952.288990825688
RWGSFEVAEKS,2584.577981651376
EEQWWHDVAL,7129.206422018348
WPSGHFWNKAG,5894.288990825688
GAQHEHSG,1327.9816513761468
SRSWKWLSG,5306.045871559633
VLSANVLGNHL,4937.0091743119265
HFAAQWVLSG,11141.43119266055
AHDFRNPDALS,2678.0137614678897
EWVPWVRYSFK,26038.036697247706
SEWWEPKHDAS,3770.8119266055046
RHYSGQKFNHV,3685.4266055045873
WHLGGQLWNVG,10541.408256880733
HEGRHRKVASG,1472.3990825688074
VFGFHFHG,11872.743119266055
YPYGEGEAS,1675.4357798165138
LHRWDHLS,7507.98623853211
DKSEVKSG,567.394495412844
NQFKPKQEPWAL,3636.169724770642
LWHLKSEWHD,7282.834862385321
VVSVNDG,1741.8577981651376
PNKHEHDYKQFY,4094.4036697247707
RGPPNHFKLG,3003.2155963302753
NHNESYVALSG,2918.0963302752293
RPSPVSLEPSG,1065.165137614679
QKKFYKAYWH,3951.330275229358
GHLEQALG,1662.3394495412845
NYPGYLSG,5731.399082568807
QHRNWNKYDAL,4091.1009174311926
NFHGGRDALS,2996.2798165137615
VHQNLNLG,2284.9862385321103
RSDWDRWNDVG,4432.04128440367
SPWVRSVLG,7564.123853211009
VSFWVSQNVAFE,20488.48623853211
PVLDKVQKALG,1558.9908256880733
HPAWNPALS,3063.6330275229357
WANLYHGQDS,4202.362385321101
RYDSNKVGWSGE,2369.9908256880735
SHGYQHASG,2070.330275229358
GWGASNDVAS,2356.467889908257
GAGNGLG,1376.633027522936
VLQNFYDPYK,6036.752293577982
QKVNNDFPNKV,1476.2201834862385
PRDHDREG,1589.5963302752293
LKNFRLG,3875.2201834862385
AFVEQWLS,8742.009174311926
DWLRDRDS,3276.064220183486
KGSNWDSG,1425.1376146788991
PSDKEDALS,734.4495412844037
YADKGWVLSG,3932.0045871559632
YGKGDAQYWDVA,4105.298165137615
GFYFWNQYNHDL,15619.761467889908
PGWWGYVAS,16529.857798165136
QWQSQWQFYLSG,26829.3623853211
KQEYQYAEYNAL,5493.51376146789
LWEEWASG,4894.399082568807
AGFHVWKSRHG,4666.05504587156
VFKEALPYWNH,6834.720183486239
FELGPHFHGWNH,7871.477064220184
QHAVARYSRLS,5989.45871559633
RAFVNVARYKV,9848.47247706422
GAQFSNALS,2523.02752293578
PWDSNHEHGNKL,1953.7706422018348
FGPAVQRYHDV,4004.646788990826
AHLPVKLS,2760.646788990826
AWHRNKWAG,3695.1743119266057
QYAWLWVQPHV,15753.70642201835
AYSENDDLSG,1571.0963302752293
PNWDNVSQRKD,1978.2844036697247
HLNKPVWAS,3592.0504587155965
KYGHEWVLS,5079.215596330275
SFFRKHWDAS,4166.646788990825
HLHRPKHSHVAG,1986.4449541284403
FQYHFVFKG,16832.490825688074
DAGNEPHQEAL,1326.3394495412845
EAHRYVFWKH,8316.45871559633
EDSQRYAEVEKA,1232.3165137614678
SPPKYLSG,1496.073394495413
RWYKEPDVFWL,21289.495412844037
NKRSLSWNHV,3359.5366972477063
GDSPFYLG,9131.422018348623
KAWSASPYNHL,5741.454128440367
HDHNKAYWNKS,1948.8394495412845
GQNYHDRPYAL,8590.926605504586
YVLSGDARYWGV,15008.752293577982
PESNPYG,3149.3440366972477
DEEGPALSG,1084.6559633027523
NYAAEHLG,2579.935779816514
LPKWSHSG,2272.967889908257
YPWQLRHLG,11992.091743119267
YFDKRDLSG,2032.4724770642201
YEWEAFKG,4203.325688073394
ANYKRNLS,1844.605504587156
RNEYFWVGEYW,25041.95871559633
RVYSYKEDAG,2697.4770642201834
WQFQLQPWL,33983.16055045871
DQALKDARPHDL,1856.7064220183486
RYLDGNGPYS,6361.454128440367
YRFQYDVSG,5997.417431192661
FRYWKEWRDLS,8234.224770642202
NSADLSKG,1004.1605504587156
LNKRNQYWNHS,3909.743119266055
WFWVSYLKASG,11256.545871559632
DVHDYWNKAPWV,7589.279816513761
HNLFVQFYKLS,26087.284403669724
GWEPHWSG,8214.628440366972
FGARGDVS,2417.545871559633
ERPGFLPLS,3627.330275229358
ARVLWSREKLS,4596.366972477064
DQWRSFWNHV,13568.683486238531
ELEWNSNVAPY,7768.926605504587
EDWFGQFDL,12824.779816513761
YAHHSPDVS,2184.1284403669724
VEYEKVGQRPA,1604.0366972477063
FPSEAEGEYWK,3103.0366972477063
RRAGVLEHG,2019.2568807339449
DFQHEYG,3053.1009174311926
QSPRPGYLS,3197.0550458715597
EEHDREVSFEAS,1791.1743119266055
QVWDESPYSG,3999.0091743119265
SENGDFEPHVL,3069.3394495412845
QLQHNLQEYNL,4711.229357798165
SEFSESG,1658.0642201834862
DYLLWNASG,6142.48623853211
AQDYSYASG,2233.302752293578
QWDHALYAEHA,6203.366972477064
NSQNVFESPVAG,1948.48623853211
QELDRPYFNKS,2660.564220183486
HVSYPNPWNVAS,6098.311926605505
KYLPPDVG,2325.059633027523
YKLFKQVLSWAL,9778.697247706423
YHRGYNVREAS,3349.9816513761466
LWSGSQDSG,2382.6559633027523
PAFWLNFYAG,31675.93119266055
NNNFHVALS,5250.100917431193
GVEALNKHDA,1318.3853211009175
SYRDFSG,3716.5963302752293
YFWGYGQFKDVA,5440.660550458716
WKPLPHVFEPS,4442.146788990825
FWYRKVRDS,4527.137614678899
QLEWNADREWVS,6529.733944954129
VVFDWHS,10849.977064220184
RPYRREVAKHA,2194.266055045872
VPVHPHG,1951.105504587156
VGKSEVEVG,739.5137614678899
KFRPHQSPWHA,3892.6330275229357
SHPYFNG,7137.678899082569
QYDSNHGDAYWK,4526.40366972477
QNLWEYDSPNHL,8420.54128440367
GFSQSYHG,4624.885321100917
NYKKLWKDVAS,1785.1467889908256
KLDPYHDYAG,3215.151376146789
FYEKQFPEDVLS,4249.288990825688
SNQEFKHG,1354.9449541284403
EVRVADGRKAS,1171.2477064220184
YNPYKAWQPNK,3241.206422018349
PHNRGFNVS,3881.591743119266
FFDQHFWKHDV,7443.233944954129
SRVFQWHDVSG,7864.876146788991
KRYEFKVG,2022.0091743119267
WKQHWNHDYKVA,4059.97247706422
KASHGNHWHDS,2719.087155963303
EAYWNEVFNDV,7265.775229357798
VGFDASQEYGNA,2526.8440366972477
AELEKRAG,1198.1467889908256
RGFWAQAQWK,6508.100917431193
EWYGKSWDAG,5377.967889908256
QDGGWSGYDV,5976.954128440367
DWHYRNAG,4830.623853211009
LFENELEYG,6119.802752293578
VHHSYSG,3249.6330275229357
HVQHYKSWDVG,4152.353211009175
SGEYNPHQNVSG,2523.8577981651374
AFQNGPSG,2389.733944954128
PLWRVSEPWDL,22270.211009174312
RSDAVSENKVAS,1045.0688073394494
RAGWDYHFEDS,7074.651376146789
YHRFGFPYHVA,13312.587155963303
VFVFGVLG,32444.146788990827
DRSWQEHALS,3230.564220183486
RNEVELGQKAG,1313.3853211009175
RPRPPSQFWKVG,4918.880733944954
AYAYHPSG,4315.376146788991
PVGRKRWKKVL,1439.105504587156
YSKVYKRPKAL,2480.97247706422
ENWQHVQKDG,1932.7018348623853
LGWHVSLGDL,13261.536697247706
QVWHEVEHG,2684.743119266055
WGAGVQLSG,4359.866972477064
YKGVNYWNVG,5546.866972477064
PNNWLSYNKVL,9634.61009174312
GVALYQWKVLS,16858.770642201835
FLQDHFREDV,4215.724770642202
NKLWVGQKRYW,9672.977064220184
HRGHGAG,2220.169724770642
FQWSPVEWDV,13869.518348623853
PESGDFYWND,8387.266055045871
DSEANVFKHDV,1891.7385321100917
SHAPNYALG,3478.229357798165
REKHPEYWNRV,3117.394495412844
VNSHASSG,1367.0688073394494
HYNSFSFENVS,8824.637614678899
QAGWAREGRWN,5969.284403669725
AHVKFPASG,2313.0183486238534
KYPKRALSG,1225.6605504587155
ANLKNHG,1589.940366972477
FAPHSYRENKHA,2415.5550458715597
NGDNGHALS,1676.8761467889908
QFGHNAFENKHG,2766.802752293578
HPREDGDLS,1182.211009174312
ANPVSALSG,1690.3577981651376
RHLYKFWKRKVG,2445.5688073394494
AHFDYDG,4638.077981651376
HWANPHSG,4428.660550458716
NANWAYKHSG,3865.2844036697247
EKEKDNFRLS,1256.0229357798164
ARYWQYVRPKHV,7650.733944954129
YNFEGGFRPWVS,16454.522935779816
FAYWSSGFHDL,16466.17889908257
WDANEPHLYWNK,8625.834862385322
WSNNDFYWNDG,13559.399082568807
HDVYYKDRSG,3318.3440366972477
HFHSFDPSG,5543.243119266055
NFYPDVRNHV,7362.266055045871
PDPQQPVG,1143.032110091743
RQVVPHLG,3109.5504587155965
WVKHYNEHS,3973.5045871559632
GPDDVHVLG,1703.059633027523
YEYNHRWSFKHD,7986.064220183486
RWDVPHFLPNHA,8438.279816513761
WSWHDEWLEDV,7882.98623853211
PQEQRSPYHAG,2761.894495412844
SEGFKFLS,6992.651376146789
YNGLGRPRKVS,2712.467889908257
YNLNRWKGRHDL,6206.032110091744
HYDSGVAREYG,3655.7522935779816
ERPANLRDALG,1619.5504587155963
APKDLPGREWL,2614.8669724770643
AYYVEVSG,17569.08256880734
QYRNGEPAQFRN,3755.330275229358
HQRYFPAPHDA,5593.4495412844035
HNSEVWNSG,2005.5688073394494
DKDGDRHDAL,1188.4174311926606
DDGPFYAG,6586.440366972477
QRNYDLGREFWN,9892.064220183487
KKVPKWHLSG,1532.605504587156
PVWEQYHSG,6001.339449541284
HPVQHFPYKV,5916.825688073394
QYSQHDFWQPHS,7245.261467889908
QEQVKSEKLSG,683.3256880733945
AKDFAKHLSG,1338.7844036697247
QHRAFRGNHAL,4938.54128440367
FHLQAEQFELS,5473.573394495413
EANDHLGKDSG,1042.2018348623853
KPFPEYSG,1792.0
YRWLFHPKG,6601.40366972477
FYFQDGEPKL,3169.0825688073396
LFRYYKYVG,9300.366972477064
KAALPNAKVAL,1411.394495412844
PGVRKVSYN,2577.440366972477
SPVVFDALG,4591.766055045871
HLNVWNYWHS,17011.876146788993
ESAPWNVVLG,4610.880733944954
KKHSLYHSG,1754.7293577981652
SREWFDYNDAS,8107.591743119266
YFVRGYVLSG,19406.61467889908
DVKVLRVFYHS,34560.11467889908
LRSSPLG,3302.6651376146788
AQERQFREPWS,5210.935779816514
WFASPENDSG,3384.766055045872
SQAGDWKAS,1487.4311926605506
QAPEWLFKDS,3199.243119266055
WGVWDAHLG,13397.912844036697
FGRGKPYNDG,3624.6146788990827
QHNPFWHSG,8758.587155963303
LSPWGEKNHVLG,2896.9311926605506
KQRHFAEWLSG,4928.848623853211
QHEGYHPSG,2815.229357798165
VNRALVASG,3074.151376146789
DFDWGNKDVG,2470.0963302752293
RYFYRYKGPNKL,5806.334862385321
WDDDKVG,2607.729357798165
FALQVRWNPWH,27502.10091743119
HHALRRKVLG,3315.440366972477
QLVKWKG,2511.6651376146788
FQQEHVAFWKHA,6720.995412844037
PDVQPQRLGQLS,1606.9587155963302
NFAFAYDG,13023.233944954129
YHPEEYLG,2682.059633027523
DPGWPNKHDAL,2310.738532110092
RNAFPLKLYNH,7094.646788990825
DKDHVDALG,983.3119266055046
HKGDHDS,820.2981651376147
HYQNELG,2221.1926605504586
GQFHGYWGFKLG,14550.733944954129
VFDALDRNASG,2950.3715596330276
QQVNPKASG,1141.8715596330276
FPFPYSEARYA,15405.045871559632
AWNEVRYWKDA,5861.733944954129
SNQAVLSG,1497.8990825688074
KEAQGHALS,1293.9954128440368
HKSKLNSG,1002.0091743119266
YHLNDQYHDLFP,12240.105504587156
RRRLYWALSG,7515.619266055046
NQYHAPNGDAG,2141.8715596330276
QHAKDGRHLWD,5532.646788990825
AWRLFHG,10277.614678899083
WANDRDFREKG,2733.6330275229357
HHWARASG,3741.0045871559632
QPNWVSPALYKH,11331.119266055046
NHFQVLRPAL,13297.155963302752
PYAKQEAWKVS,2225.8440366972477
PWQNGQRDQPHD,3120.7201834862385
ANAAEHSG,916.4311926605504
QADARANLS,1173.98623853211
DFRAEKLRWNHD,3540.766055045872
YKPNFKAPYWKG,4423.151376146789
NGARVGFRHVL,9596.325688073395
HYALNKWHVAG,4986.701834862385
DRPDPSGFRYN,3128.0229357798166
VADFKNKVAG,1307.5045871559632
HFGSGALSG,2942.8440366972477
PAARHFKHDVS,2079.8853211009173
FEYSVALSNQHV,8096.247706422018
DVWELENAL,4671.114678899083
ALSQSEHAQAL,1262.51376146789
YGWERKDALSG,2968.738532110092
LNGESEHSG,1015.2018348623853
ASRKHQHDYDG,1684.394495412844
RRSQQPLSG,1444.1376146788991
VESHKSG,1147.9220183486239
WEPDNAEKVLG,2194.8073394495414
SNALGAKLS,1679.7018348623853
QDLGHVVFWKLS,20049.908256880735
KEADFHVSG,1430.3211009174313
SAEDHVSG,1130.4174311926606
EDKLVQNKSG,662.0825688073395
GYVVNAG,3333.9862385321103
KRYAYHDENG,2162.4495412844035
HGRLYGFKVA,7895.288990825688
FEASQRDERYH,2486.2752293577983
EDEPDAALQYKG,1311.926605504587
LSLEGRVG,2229.623853211009
QEHFWSQHRPHV,6119.6697247706425
YSRQPHSEYWKS,4585.01376146789
WHLFPVLLSRWS,30846.41743119266
LENNFASG,2795.7522935779816
QAHVRPNQNHD,2084.591743119266
QHQRLYLFYNS,30021.091743119265
DARQGQEPYWS,5090.3302752293575
VNRPNYLG,4564.229357798165
QALDAENQYNA,1531.711009174312
GYQVGYSG,4465.522935779816
EYVKYDALRNKV,3167.0366972477063
DKFANKL,1300.711009174312
EESLKASG,773.4816513761468
LPGDGWLG,4991.582568807339
HHAQHFRLSG,4736.788990825688
YDKYLFEYKL,7492.224770642202
RRSYRNAG,2175.091743119266
SWWHNDVL,11558.614678899083
VLWDPWASGDL,10842.243119266055
FADAFDQEYVLS,10368.821100917432
WFHVKVAQNDA,3221.3440366972477
HFEHANFYWVS,18419.11467889908
RRNDNSEPVA,1392.788990825688
EDQYLWDAENS,2643.5045871559632
YRSRKAWHDG,3063.1330275229357
DKSLWSG,1636.1238532110092
NPLSYAPYLG,7072.697247706422
PWALHFPYGQAS,12133.93119266055
NADLWAGQEPYK,2987.9816513761466
YYYAPNHVG,3736.6605504587155
KHQVFRSYHL,8475.288990825688
LKDPRNDVG,1024.6743119266055
NEGHAALSG,1358.0871559633028
EWLAVLSPS,18376.509174311926
YLHYGFKHASG,3922.5412844036696
RPVRENAGFGFE,6156.366972477064
KFPLPNRNHL,2890.678899082569
NPQWRPLSG,3925.2752293577983
NDNELWVG,4577.935779816514
DQVHVPALG,2086.467889908257
VKHDRAKSG,720.0871559633027
EHHQEKLPWDAL,2374.605504587156
KFQVQEWNVSG,2465.729357798165
RGYKWLRWG,8060.811926605505
GHGRVAKG,1403.651376146789
LPVAEAFYLG,11011.252293577982
DGQKYHVFPDV,3774.0825688073396
WGHVHFPYWALS,22721.064220183485
FRFSDVFPNHG,6555.683486238532
ASFPPNDENLSG,1530.6880733944954
EFEHSEGEWDG,2996.8394495412845
NQQVRSG,1269.5779816513761
QSRDPLFWKHA,3937.105504587156
KFLHLEKSG,1880.5779816513761
NKWFEHGWNK,3797.1926605504586
QHWASKQRKL,1800.4908256880733
WPPVQALS,3828.6100917431195
QFSRRENKRWK,1643.6146788990825
PNEENAFHG,2355.298165137615
RPYDNSEFYDVL,12270.06880733945
PYNLHDGWHRPH,8583.055045871559
PKAKPWVAHS,2096.256880733945
LDFVDVALSG,6638.834862385321
WHPWPFPNDVL,17614.545871559632
HNPAHAG,1769.711009174312
FNPWYWDVDLS,18341.004587155963
PPHKWVALSG,2981.9036697247707
GWYYWSG,12826.316513761469
YWRPPWVHDS,11758.743119266055
SYHFEQWHVLS,12022.784403669724
EAKSPHAPKDA,862.6697247706422
LKGAFWG,6210.678899082569
VFYLNQRHAL,9840.715596330276
EYQWANSPLG,4831.440366972477
RVQGDFPWS,7089.784403669725
KVYHKREYWKV,2729.422018348624
WPLNQKSG,2341.4266055045873
AVYNHEG,1910.9449541284403
FYKKLSGHGNKS,1336.6100917431193
DYHDVEKDEDLS,1110.3532110091744
QFRSSGWNVQND,4085.6651376146788
DFKHKALFDVA,3456.233944954128
KLSNKQSGYKDS,914.4724770642201
GSRDGHDAG,1325.3394495412845
KVPDLQAFDS,1453.3394495412845
QAALGEVGYNH,2662.7752293577983
QEGHKHAGYWA,3664.5045871559632
DVHQGDVS,1147.8577981651376
LSYWPQRHG,5799.238532110092
GRPAQVQWNKG,1577.3394495412845
REKQHDGDSPDS,769.2293577981651
VKLNQHASG,1452.5963302752293
VHDANFWLG,10147.41743119266
RKEQGQWNKL,1314.394495412844
QYYARLSFNHA,10809.47247706422
WGHGKLEWDS,4768.697247706422
NSEFNVQYNKL,4728.8899082568805
LNHENSNKH,1460.8715596330276
VSGQDESFWA,3013.2201834862385
PRANEDLS,1137.4587155963302
LHQLESG,1554.834862385321
SEFYAEPG,3227.233944954128
GFPGLPWNHVLS,10056.935779816513
EDDNHEWNKV,1523.7477064220184
NFAPPWLS,15306.655963302752
FSQYQYAGRVA,6390.211009174312
HELNSRAG,2475.637614678899
DSVVFDSG,3187.288990825688
KPGDKAG,626.9908256880734
NFPGRHWDG,6857.077981651376
PAFWQYVFWLG,38333.394495412846
RGRNQFPAPKSG,2060.1743119266057
ASDRSENKVS,783.5917431192661
EAGSASYNVS,1286.4724770642201
EAAASNALS,865.2889908256881
NSFSENDFEYNV,5689.321100917431
EFWLPNSFEKH,7283.807339449541
VPHWAHVSG,4087.9449541284403
SEWNHVLGEASQ,2506.1146788990827
VYLWFHAG,16999.183486238533
GYHAQGRYNV,5409.573394495413
KFYPAGEYHLG,5948.142201834862
QSDRQNLG,1380.2981651376147
KFRNNQEPS,1389.2018348623853
GVAWFKDS,4864.279816513761
RQALVALWLS,27696.08256880734
SPSVNKDLS,1135.6146788990825
LSSHYWVALSG,10062.19266055046
SPWARSQDG,2708.316513761468
VFDFNFKHDV,6237.655963302752
PWAEHAPAYKV,6991.426605504587
QLAKSVAS,1359.4128440366972
RAWRFELG,10080.688073394496
VPFPPWSG,6239.5
EKNRFNAG,1458.6559633027523
HDGSLFEPYNL,9364.256880733945
HVPFQFWKS,10952.90366972477
QPVGNFSGHDL,4196.600917431193
HFLGSGPASG,3165.1743119266057
KDKARNYLSG,1204.3715596330276
DFEKYGEYKHL,3114.9954128440368
VGHRGFVLSG,9302.798165137614
SKARSWDG,2492.4908256880735
ENQGVSFPYWA,10408.642201834862
YRHQKYWNHS,4188.876146788991
WLAYKLRENHL,9481.004587155963
WSDSEVAYN,4588.467889908256
WRNVQRPHSGQR,4371.302752293578
VFAHDQHS,2711.0825688073396
GWHKKDG,1471.394495412844
NFEGQSGEWNV,4334.587155963302
EPGKNVSGYHDV,1968.334862385321
KHFWEPYQAL,11306.779816513761
SFRVNPYNDAL,9195.018348623853
SYSDLYSG,4187.853211009175
WEPHHEPYL,10488.495412844037
WWHQPREYNLG,13510.160550458715
HVLAEWFYWNDS,20797.064220183485
HSFEDWDVYHDS,9918.422018348623
LWQPHDNDSG,3145.9816513761466
EHRKDYLGFPSG,2676.0412844036696
SFFHHSG,5365.628440366972
LGHNGEDLS,1554.2018348623853
KQRHYAWAG,4196.247706422018
GVLFQELSG,9544.651376146789
YLNPQKHVALG,4229.940366972477
FEFNWHWNKHV,9425.146788990825
WRWARDKVS,4254.146788990825
NYPGVALSG,3524.316513761468
EEFRPRDVAL,2766.3990825688074
FYPNRHQPYNHV,7415.665137614679
WRVELRHAS,9414.724770642202
KWHQAENHS,1789.0504587155963
PPVPSRNKDALS,1302.0779816513761
KSVYLEVS,10570.733944954129
YFYSSQYNKHG,3608.862385321101
QVAPWFVSQPWG,19969.238532110092
QFWSKARVEPHD,3930.266055045872
WLRRRPHASG,5106.353211009175
GNDGHGPKHDS,1222.0412844036698
HNSRFKAG,1939.0
VPDRWFAG,7218.3302752293575
HEQVSYG,3415.321100917431
LLQYEDAG,3107.9908256880735
RKKSVAFRYV,2861.559633027523
DYRNQELS,1904.3990825688074
LQKDFDSEWDVA,3139.169724770642
PRNSVGEWKHL,2995.9587155963304
HYKYQDSG,2140.564220183486
SAGVGWS,3719.788990825688
DEQDNDS,916.2201834862385
QPHGAGFWGWKD,10003.45871559633
FKSEREKSGQPS,1039.1605504587155
RWPPDAFPYDS,9318.01376146789
YLSPKFSQEHA,2332.3899082568805
KANGPNHSGPKH,1382.9587155963302
WFQGDVSG,4657.743119266055
LLGGALSG,3258.4311926605506
RYRDQEPLRWAS,7031.220183486239
YQVLAQRNVASG,3929.761467889908
VQYWWDGEPH,10004.463302752294
EADPDLEKDV,776.2889908256881
EQWANGFPKD,2709.6743119266057
RRPHRHQFL,7063.931192660551
ALYDPLYNG,8181.752293577982
NDLQSPVLKD,1570.7385321100917
AKPSVSG,1014.1697247706422
RNLGGPYLREWN,10794.298165137614
HYSWQWLG,15575.91743119266
FFWNRSEDS,3149.3853211009173
AWGFWDESG,8170.55504587156
QSHADAVLS,1505.5642201834862
RGSHGQKHDG,1410.6284403669724
LLEKVYSG,3769.9908256880735
KHVGSFNVWDLS,10388.47247706422
PKENGEYGQEV,1369.9770642201836
HGWYFEHDA,12024.233944954129
YPQVPNSG,1980.2018348623853
DSKLYALYDAS,5734.747706422018
FYEKLSDEPNKA,1479.9449541284403
APGKQKG,662.1100917431193
LNANWHVLSG,6129.899082568807
PPHGRWSRVA,5189.811926605505
EHQSVFRHDVS,2366.178899082569
EQLYQPSG,2232.3440366972477
DPYADAGFPDG,2896.9633027522937
FFWSPVSGHG,6567.123853211009
WSAFSKHDVAG,4461.5091743119265
YDASKSFNPNK,2111.3899082568805
LPGRANAS,1338.954128440367
KSPVPWLGKD,2120.5091743119265
FSKPDGYVL,7279.348623853211
AVAYEHVLSG,3632.761467889908
GFSKSQALG,2278.7477064220184
WRSQHWHAL,12489.422018348623
VQWHARLPYWK,14159.105504587156
ADVSSPKVLG,1457.0779816513761
VVAAKVLG,2085.5366972477063
DDLPKKLG,1126.940366972477
DRFELRVAL,33045.00917431193
GQVAFWKKVLG,7032.408256880734
VPGPGAL,1649.4036697247707
DEGNVNLS,1492.0825688073394
QVKFKDQYDL,2538.4633027522937
PSHDHDVPHDL,2476.8899082568805
DLPHEYGYVS,6283.582568807339
PDVKFRNKGFWK,2850.7477064220184
WDDSAPNKDLG,2829.288990825688
WPAFVYWNHDV,24790.770642201835
HPLFRNEWSG,6177.545871559633
PVENDFSNKVSG,1832.4587155963302
WDEVWKDQPHAL,6747.54128440367
HPGQGHSG,1335.5229357798164
KAKSPDNDLG,784.6788990825688
KEPESREYNKL,900.7706422018349
AALRQPKHLG,2571.7477064220184
VWKKEWVG,2895.6284403669724
FWALPAYWREW,27956.174311926607
VLSAGELYLS,12424.59633027523
KHWYDLWG,10647.605504587156
HFANGDSG,2061.376146788991
YNNAAQPWD,5860.316513761468
HVQRHRWDSFAG,8575.899082568807
YSWYEPAL,12060.055045871559
WDGNLGQWDPW,21419.050458715596
NWNRRENHVAS,3148.0412844036696
YARVYWFWAS,23761.02752293578
YVQLHSFPVG,10681.238532110092
YPHVLNHGNVS,3392.1880733944954
SGYFSRHALS,7623.825688073394
WRSVFALSG,14928.495412844037
VFPEQRWNHV,4843.408256880734
NHYLRHFYLSG,11822.29357798165
YVSVLALYHLG,26563.128440366974
KLQEGQHLEYS,2901.1926605504586
SNHSPARPYNHD,3243.5963302752293
FNFRLEQNKVA,3322.894495412844
EKKYSDLS,857.4128440366973
KVLGNGSPDVG,1435.2155963302753
VLLFEVQVS,52980.0
YQYRWWKHDV,8891.036697247706
FDELAGFYKDVA,4056.9495412844035
SYLEEWKHDLS,3647.9174311926604
NRVLKHLYHG,5767.211009174312
PPLRSRWNHDA,3396.793577981651
LKHYKEYKVG,1834.6146788990825
SQHKPYVSG,1990.211009174312
QARPGVLSPWNH,3943.0366972477063
VAEVKHGKVA,1464.2247706422017
YDHAFQREPNKD,1934.7844036697247
VHQVKHDLSG,1504.926605504587
SEKPEVASG,647.8532110091743
DEWNQAQPKV,1725.1834862385322
QQWGGFWSG,12928.270642201835
ENEKEPNKNDVA,728.8073394495412
PQYVEHREPNH,2351.5183486238534
QSRGEHYHALS,2739.711009174312
SQYPEPWNKAS,2326.3853211009173
ALGPFWNLFNA,17059.05504587156
QRQQKLGWNKA,1498.5642201834862
KSDKWVG,1147.059633027523
LHRWFNG,8991.311926605504
NFGQYDLKHG,3609.9770642201834
RLQQFNWKVA,6239.522935779816
WGYYPVLG,14481.743119266055
LRHSKDDVLG,1575.1467889908256
QSDYKDVSQFYN,2917.894495412844
AKSFPGENKAL,1151.7155963302753
FKFRYWQHYHV,9735.816513761469
KNDNAELS,890.8669724770642
HYEPFYALS,14323.885321100917
APPWFYS,16962.064220183485
QGFSFSFPDG,17718.5
EVKLFVRYSG,37378.8623853211
LRAKHNLSG,2126.087155963303
QGEDRQNKLG,1121.5183486238532
FFKNEKLSG,1581.880733944954
LKWVGYG,7028.908256880734
PRDFPKSALS,2066.940366972477
HYKFHYNHVLG,6402.853211009175
GHYVSYG,6737.802752293578
WVASDNVYWAL,21572.110091743118
GQEAWNQRVLS,4511.59633027523
LRAFQFNAL,12764.302752293577
ASHQGQDLG,1371.3302752293578
PFSKFPSG,3451.7752293577983
DVEEKDSEYK,703.045871559633
NGQDKAYNKVL,1220.9770642201836
EHSYPHFYWHVG,11135.128440366972
EESQNSFKHLG,1488.4587155963302
DKVPSDVLS,830.3715596330276
WSNHNKLRYDS,4652.211009174312
NAPEYFPYKDV,2994.6605504587155
KDYGFKKLSG,1615.3532110091744
RVGYFWLGHAL,19652.29357798165
RYEYSFGYKVL,15435.316513761469
FSFFVAYVAS,12797.018348623853
LLRQDAG,2056.97247706422
HSKQRSEG,730.1559633027523
DNRQFNVASG,1579.2201834862385
GYKPFVAG,3315.0550458715597
DEFAHDVA,1682.440366972477
LGKKAKHALS,925.0825688073395
NDLEKFHSEDAG,1635.4449541284403
EGGFHHDLS,2843.087155963303
ENVGRNALYVLH,15156.362385321101
HFQKQNG,1910.1788990825687
PNNLSPSPWNKG,2158.4770642201834
QEYQGRHSPYNH,3579.697247706422
KVNQEANSG,701.9587155963303
LSYRHGQVALG,4491.857798165138
GKNAHLSG,1196.8073394495414
VDAHYHVLG,3937.2844036697247
KGPNLEGYNA,1451.5642201834862
QFPRYNAKFRN,4405.151376146789
PFLAFNLSG,24020.036697247706
ASVYAFPYWDG,17545.711009174312
KHRQNGNKDAS,814.6192660550458
HWKQSYNHDAG,2229.706422018349
PKWSPLWNASG,5059.697247706422
FESPDEHLWV,3749.119266055046
DPSKWKHDAL,1167.7844036697247
RWPRYHSRYKLG,7194.6100917431195
NLEPPVFEDVSG,2542.0366972477063
LNDDQWVLS,5512.8302752293575
EPLEVFWNSGDL,12563.660550458715
EVKYYKDAL,2648.564220183486
FAPKYWGKLG,3727.733944954128
ELNQNQREPDG,1147.045871559633
PDYSQAVSG,1442.8623853211009
EVGEPGRARPN,1394.380733944954
GHEPAWG,2937.0688073394494
SQQYPYDVLS,5665.059633027523
SAQKADVS,784.7660550458716
VSAHHALG,1950.2706422018348
QDNSKSWHL,2330.5550458715597
RVAGYGKVLW,11799.137614678899
ASYWHEYDGFDV,13131.211009174312
NFPRGQKDVLG,1964.1743119266055
GYSWHYHG,9065.133027522936
FDGNQFWLKVA,14333.963302752294
QHDVQKHAEWQW,4891.821100917431
DPKPLWHDVL,3400.7798165137615
NKRAEYAFEHV,2903.4495412844035
RADKHGNSG,1052.5504587155963
YNFQEYNGFEYH,15137.577981651377
VFQRQNLG,4312.0
EPKNHQFVAFL,25270.97247706422
KDSKEHLEKVS,755.9862385321101
VEDDEKLSG,938.1422018348624
EFGDQPVG,2029.665137614679
QFLVRNVRPNV,8101.95871559633
NPRWARAG,4141.844036697248
RNLRWWKPKV,4122.655963302752
FDDPVLQRPKAS,1809.4908256880733
DDQVSNG,1055.3990825688074
KVGDFASDSG,1090.8073394495414
DFKDQQFYHDS,3044.435779816514
ADQRKNDG,818.4724770642201
QPEWREASGNKD,1688.573394495413
DQDLDAEWNS,1821.348623853211
SRRGDSG,1299.4128440366972
DEKHNGPYNHG,1907.1009174311926
HGHLWFWHVS,20466.857798165136
GEWSKVQRK,1617.3853211009175
ANWDENKG,1322.6238532110092
SEQHGRDASG,1281.848623853211
KGYSSQVG,1910.848623853211
SFKQPSRHS,2463.1009174311926
LNLKGALSG,2637.646788990826
QNVRWAWPWDAG,15317.871559633028
KPGPEHDVSG,920.9449541284404
QEVNHLENKWLG,2738.7247706422017
LNAEQEVLG,1296.954128440367
YLNYEPKHDA,2655.302752293578
DSGDKVYWNKVL,2303.701834862385
AGYFQWDVASG,6210.155963302752
NSLNWHVALS,6981.5091743119265
WRVVAELG,10941.233944954129
RWKGPSGSFEY,4628.032110091744
WSSEVQKHDV,2023.4174311926606
DGSWFEG,4768.825688073394
WDQNHAFNHYKH,6278.614678899083
HFRPYRKENKA,1731.7935779816514
RWAQRFPHVFPD,16111.38990825688
NHNVDSNKVA,1013.9495412844037
NRKFRKHAKLSG,1023.5963302752293
PVYSNSFPWDLG,17489.76605504587
KEPPYRWDVA,3903.261467889908
HYEFHDVALS,6803.674311926606
KDRSEHAYALG,1704.5091743119267
RHAHWNVGQDS,2178.1009174311926
RVRNQFREEYKV,3952.045871559633
QAPGQFYFVLS,52267.18807339449
VGRNPKDFRDA,2433.5091743119265
VWQASQG,2293.169724770642
NVVFQNSG,4132.1100917431195
SHKVRVSG,1695.4770642201836
QFPQNVLQPLWK,11699.683486238531
NKGRRYSRDVLS,2786.238532110092
SVSEYLNG,2986.7155963302753
WFFVDLG,22229.77981651376
SWPDPASG,2550.577981651376
KLSVRNPNKHS,1480.3165137614678
PASNELSQFS,2299.0
QLRVVGQKG,2494.4036697247707
WWSWDFLG,24702.724770642202
NLWWSWNS,17585.70642201835
NSEPQDSDS,989.4357798165138
NLPKHYGQYWVG,10119.885321100917
SNSEFHVAS,2061.408256880734
QQHPFVLG,6907.954128440367
YSVDPKG,1519.5504587155963
HPFGEHG,2603.137614678899
GDGYWFRG,12973.880733944954
VSEREASRYD,2535.4816513761466
DVKFHFWNKHA,4574.711009174312
HVFDHLSFEL,17697.52752293578
AGPEYQREYD,2251.816513761468
WQKAHDPNKV,1685.2064220183486
NSDDYAG,1473.8899082568807
YSQPFPKVPA,2454.8577981651374
DFWRLEPYWA,24287.922018348625
YSSSWKAS,2832.362385321101
PKSWFEKSEYWS,6652.178899082569
KFLYVKHG,6663.752293577982
DPVPRYLSG,2866.5825688073396
FFGERYWLS,13502.871559633028
EGAQLSPYKHV,2531.1146788990827
KKDQGVASG,870.2385321100918
PWPKFYFPYWD,34109.5871559633
HSESPYHAGRY,7066.59633027523
SAQVAALSG,1533.3119266055046
AVEQFREPWD,4664.151376146789
NFQGDSG,1778.697247706422
LRDRHFDS,3840.2155963302753
QPYGSFYNHNK,5070.247706422018
FNYAAFPYKS,6532.04128440367
KSYWVYQYKVG,11377.665137614678
WHSFSRPALNK,6144.899082568807
AKGQFSALSG,2415.256880733945
QDQWLFEAGFD,16325.880733944954
VAGSLYWKHV,6931.568807339449
KKHAGLENALG,1193.4724770642201
YNGGKDRHVAG,1788.366972477064
KDYGWGFRNDA,4564.811926605505
EFALNAPNHAS,2848.9036697247707
FPHELNDLES,2770.587155963303
DESVPNG,1032.2155963302753
ESKDALAWNKG,1051.665137614679
QKDERYNFPNH,2618.467889908257
PVHDVLLGWDLG,13949.70642201835
NADKHWKDAL,1818.4174311926606
NKFLWNLSQFRD,11419.711009174312
SVDVSKHDVLS,1861.6743119266055
VRSNEPSG,1272.8119266055046
FYAGYAQFFKVL,15123.073394495414
WHSQPEDAWNK,2104.9036697247707
QHKRRPKHDVS,993.1559633027523
KLYNEWAYWKHL,11448.188073394496
LFGAPNDG,3335.1146788990827
HHAQYSKASG,1814.9816513761468
NHGNLGEWWDVG,9189.009174311926
LALYSHAG,7774.660550458716
YSHQFYPKHAS,4815.4908256880735
NDWLPHEVLSG,5064.967889908256
DYEVLNLG,6249.068807339449
VELPEWLS,6337.605504587156
HVKVWHPYKVL,12459.912844036697
GRSESWNLG,2833.3394495412845
GPSHAHSG,1350.151376146789
QYHKHLPHQYG,5374.5
PNVASPEVSWNA,1795.1146788990825
HFFRYKDHA,4075.6559633027523
RKAWGYQENAL,4072.5412844036696
DPQKHYVS,1323.0550458715597
AHSHSLSG,1646.5825688073394
KKLHVYAL,4499.275229357798
WWAEAHLSG,8217.655963302752
EFVPPNDVL,2975.256880733945
HVHLFPWVRPSG,15761.853211009175
WVSQRAHLEYW,19249.70642201835
GYYFYVG,15407.743119266055
HQQRDEHDS,1206.0642201834862
VYGRPQHG,3163.1605504587155
VHSKGYASG,1770.940366972477
NEVKVFDAS,3144.1422018348626
ELYFNLFRN,18726.311926605504
RDWKQRQFNDL,4605.720183486239
PDYFEHFREV,6462.004587155963
FRAHHVEWHVA,7506.321100917431
AEYYNRPYWNVA,11423.435779816513
DLDFAGKVL,3234.8394495412845
EWYNASNSQFD,7409.518348623853
DAPNNPDVAS,1068.4449541284403
LLKDQRPWHVA,6489.412844036698
PGNLVRWKHL,7648.816513761468
VSQQHAPWKHV,3354.045871559633
YPLWQPSG,6193.192660550459
FVRNFNREPLS,6339.98623853211
WWLQWYDG,17758.77981651376
PPKPHQDSG,1121.834862385321
GYLQHKVAL,4815.293577981652
RDHNADAG,1488.0871559633028
HDAVFWHWNHV,14812.646788990825
VRWVLEHFEPL,20108.84862385321
KSNAVGYNKL,2049.802752293578
SYKPYYVAL,13363.93119266055
FHWQFPLPVS,21119.95871559633
QPQEDRFPLSG,3068.7247706422017
WQERKSRYWKA,3822.697247706422
YPVFKVFESG,16209.215596330276
PDYHWVQREN,4063.321100917431
QRGKSGLQFKD,1441.7293577981652
LQVWNDELG,3297.105504587156
LFHDWVQFRKDL,10728.559633027522
FLFDRNGWKDA,4566.568807339449
NGALVWDG,7890.408256880734
DELFLQEWKD,5139.376146788991
DESVRDALSG,1291.1100917431193
RDVNPWKRWHVA,6305.018348623853
FSVYRKVSG,5346.344036697248
YQQEKKVSG,1156.440366972477
LRSRGYVSG,4765.674311926606
AHRNWALS,4890.059633027523
RYNVRNVHLFD,13908.51376146789
GNFRREG,2605.733944954128
APSNGFVLS,3502.0
NRQEWQYKHDSG,2655.0412844036696
FHANLSENAENK,1094.894495412844
EAPRNLPYKALS,2030.7660550458716
YWEEQYWNKDL,7040.646788990825
QRPEALEDFYHL,7765.522935779816
SVGAENSG,1070.2844036697247
FWYQDVEHLG,7686.770642201835
HPKKADAG,691.4633027522935
RFGWRNAL,8925.701834862386
HEDYVPYWKG,5488.211009174312
WGQFVHDGEASG,4035.52752293578
GKLFSKHASG,2075.045871559633
EHDWKSHQEY,2373.770642201835
ANAELDVALG,1653.7522935779816
FDHFHGRYKVA,5082.380733944954
KFKWQYNVG,3809.1009174311926
NKNGAENVG,855.0
QRPPYEAGFG,4206.027522935779
VQSDVHAG,1234.98623853211
WLFKREPVEPWD,10923.188073394496
SEKPVEPYNVS,1717.4174311926606
YKSGKQVAPVL,1858.6880733944954
HSQGNVQRNDA,1481.894495412844
YWNLVYFEYKAL,29604.5
EQLSYDEYKDVG,2001.5642201834862
APSLPWG,3029.266055045872
QEPPNQEQENHA,918.2339449541284
NPNDRPHGRHL,3925.5229357798166
EEPPVQEWNHG,1884.5871559633028
VGQYYLFYKHV,22484.380733944956
YAGPKSPYFYHA,7951.1697247706425
FFPYLSPYANKV,7885.637614678899
EYPYPWAGEWKA,5621.091743119266
QVWDRLQREN,3115.2798165137615
YGDWQPKVAG,2763.380733944954
SQVFFRYG,24667.711009174312
LGRYKEAEWKV,2587.412844036697
VLSFEHEYDANH,5165.188073394495
RKFGSRWNHA,3338.2844036697247
KRVEWHDANDG,2212.5183486238534
PGSEARDASG,891.9036697247707
ARGQENNLG,1310.8899082568807
DRWWQRPWNKDV,5501.032110091744
WVYSPHNSG,5784.95871559633
NSEWFDAPKH,4298.931192660551
DSHDHQRKSG,983.7844036697247
YHRLYDSFRK,4654.779816513761
RGPLALFRYVL,22488.394495412846
AEAHAYHSG,2275.816513761468
NLQPQPHAFH,4701.45871559633
HFKDVHSKS,1440.9724770642201
EWFRRNSRNKL,4071.5504587155965
KSPLVGQPNK,921.059633027523
KVALFWSHLGQK,8162.114678899083
YPDEKEWNHAG,1640.4357798165138
EYDRWSKALPD,3380.894495412844
WLVYRPSG,12028.353211009175
WHSQKVFSQFNG,6313.6100917431195
RWSVGFYRHD,15665.12385321101
GFYKRQFNVL,9521.481651376147
AFLDSRDL,4483.743119266055
WKPLAQKHDS,1320.573394495413
YEWFPKGNHA,3667.178899082569
NKRYALRDAYNH,4787.674311926606
RFPDALHEALS,2499.3853211009173
AFGQEWEHL,4499.481651376147
RFVNHKASG,1972.5045871559632
NNVWLNDSG,3639.4311926605506
WNQHALWVNVG,12047.573394495414
AWPYNSGALS,4240.192660550459
VPLNVFDSG,2888.0091743119265
SQYYFRWNKS,6416.894495412844
QGNDQVEYWNKA,1574.6697247706422
YLAPWPNKHDG,3860.47247706422
WLVKKVALG,8162.229357798165
QAKRHLREYK,1478.0550458715597
DLFVPAGFHDAG,6243.472477064221
SYHGAPNVG,2797.119266055046
AGHWGHSG,3503.697247706422
YALQSRNLFWK,9769.01376146789
WWLFYDQPWNV,20573.39908256881
EHESQKGKHDS,738.243119266055
NSKDAPPYNAS,1102.3165137614678
LVHSASG,1845.4311926605506
KNSWKFSG,1940.2018348623853
DEPPQRNKHAG,883.8348623853211
NPKHKEWNLS,1277.334862385321
RQVKWHLG,3393.353211009174
KWDVGPAYKG,2516.766055045872
FEGNPALHVAL,6630.44495412844
WHSNWSEWHASG,7624.518348623853
FGAEQEDVSG,1189.4036697247707
DHYGFASG,3975.1605504587155
AHLLNVG,3635.577981651376
PVWNFHSFKHLG,11383.197247706423
LKNKQHSG,1016.454128440367
ADNVWKASG,1775.940366972477
KYDLDPNKD,1024.665137614679
VWNAFVEPHVG,7278.463302752293
QKRQVFPYDS,2887.912844036697
RFVWQNAG,6040.238532110092
WGANVKDVAL,3424.6651376146788
WYRGQRENDASG,2534.9495412844035
QQSSALG,1062.6743119266055
GEFARYSG,6090.752293577982
EHNGFENSEDG,1340.8119266055046
KHQWLEWDQWL,16695.60091743119
RGRFNVQVLS,9569.802752293577
NREQAREYDLS,2546.2844036697247
QAKNAQPYND,1841.6697247706422
GYANYVSG,4142.926605504587
NQVLVRWKDSG,5983.665137614679
QEPKLEHEVLQN,1254.2477064220184
YFEYWNQKPDV,2719.9266055045873
EKVHDGYQKDA,989.5825688073395
PWGYDVQFSQK,9692.298165137614
FFEEDRHVSG,3382.545871559633
PGDPKEYWHSG,2393.4311926605506
YKHWDGESGRAS,2292.766055045872
VASWSRHEWVL,14050.899082568807
SVANFNSG,2155.261467889908
ADQYDPLSG,1778.2981651376147
YERYPNALS,5483.422018348624
PVFANAGPYNL,12584.839449541285
VLVVAKLG,22858.403669724772
QGYWDVRNKVYK,5433.238532110092
VLDYDAYWN,8239.174311926605
VANVDAPNHDL,2108.7477064220184
QWAAAEYDAG,3675.7752293577983
FSQHYVGPYSG,8436.385321100917
DNVFDQEPNS,1808.7752293577983
GQKKHAPWNG,1543.348623853211
DKEDESG,496.4633027522936
KFHYKPKVAG,1460.059633027523
QKNWLRWHV,9630.59633027523
QQNNHLEPKD,1226.573394495413
SHSRDDVLSG,1584.9816513761468
VPWRSPHAL,7197.192660550459
DARRNFRPKG,1741.091743119266
KVFDKFNKDAG,1297.3990825688074
RQVGWSQHVA,4332.146788990825
QWQPWRHVAYW,32053.761467889908
NANAYNLRYHV,10200.077981651377
NFVKWKLG,5049.59633027523
DYNHEHPHDLS,2304.4633027522937
PQYRPEKSG,1359.165137614679
DHFRWANSG,4358.591743119266
HFRAAQPNKG,1907.9174311926606
YHYQFDQVG,5881.114678899083
DAYAFKSRDL,3863.6146788990827
PQYLREPDSYKD,2766.637614678899
DHLKYAG,1682.545871559633
EHRVKVSPHDG,1648.4587155963302
DVKPHSRYW,6378.807339449541
DDWAVSG,3225.8440366972477
RWDYGQYKKDL,3960.8577981651374
HENNWASG,2672.6605504587155
EVPEKQWDVAG,1162.4036697247707
SQPGLQFNHDLG,3043.1009174311926
HGGEEVG,970.8761467889908
KENDHEPDLS,919.7339449541284
DPSQGQVG,1143.3623853211009
FLALRVYNSG,18694.967889908257
WQFAPVRKLG,11046.325688073395
ASVHGKDG,1096.5412844036698
AFLKQESG,1459.9495412844037
HYVFWEDAG,12374.41743119266
WWPFALSG,20935.655963302754
RQLEYYWKHVLS,9805.880733944954
YYKQVEKSG,1511.7385321100917
NSGKVPASWHG,2781.830275229358
HLQFLGEHSQRH,5145.151376146789
EQNVVSQFNG,1952.394495412844
GYSFQENVLG,5975.275229357798
FGQEEVAFWDVS,11523.490825688074
NEYAQLQDG,2245.4770642201834
RKQRFWDQWNG,5664.633027522936
KFLEEHVALSG,2353.619266055046
WPLVPWSG,15418.37614678899
GHVRSWNDVLS,5585.183486238532
PAVHYKAG,2440.440366972477
DFWNGNFEWKG,6932.362385321101
APFPQPSG,1932.6559633027523
LEGEKWKVA,1762.8899082568807
AGRRQFYNALS,5804.298165137615
PYGWHVVGEHDS,4853.605504587156
PQWSWRDVG,9384.701834862386
WFPSLRNLS,12705.926605504586
PWHWQRVFWDV,35479.692660550456
VFERFPWKV,11267.536697247706
NFQWKKAG,2610.6926605504586
EWFDFYWKEHLS,14700.619266055046
PPVAKEWHVL,2648.8990825688074
GVGAGKG,1115.8211009174313
PDKWLGPYKHDG,3317.697247706422
DELLYSG,6167.183486238532
FVVYWSWKHS,17105.977064220184
PLSRDANKLGP,2012.9587155963302
RGQNRNDAAL,1595.8532110091744
PHKGWVYNKHV,3962.1559633027523
VFNLFRQRDL,8705.077981651377
DDFLQLS,3863.4495412844035
VKSYKQPG,1135.2018348623853
GRQELQSG,1345.6100917431193
YGEYSKGFYWL,14104.98623853211
DNPQPDVALSG,1643.5275229357799
SAEYDPSG,1610.4357798165138
AKQNHNALG,1274.48623853211
KFQKQELG,1140.8577981651376
EHVSSGNLSYDA,2639.435779816514
VEVEGYVG,2494.848623853211
KQGQSEYLS,1675.7018348623853
YPNWPWKHD,7551.04128440367
NPANAKAG,900.8715596330276
KKLQWFRKG,1854.9495412844037
SKHRSPNKHG,1076.5275229357799
VNVQQKLG,1685.2935779816514
VFFAGHG,7118.298165137615
DWLKDPSG,1878.788990825688
YNYFKLPYHDA,7180.082568807339
KEPQFEANKA,985.2064220183486
HAWYNPDVAL,11490.733944954129
WAELSFDHVL,24308.532110091743
VQWNWDQFPW,27841.47247706422
RDDQWSEPKASG,1972.1238532110092
RHVQNHPDSKHD,1401.5412844036698
FANVKEHDVSG,1702.4495412844037
QFNQVGSRDAS,1997.2660550458716
DGHLDAQFYKS,4885.678899082569
WVGLPKYWNKVA,7318.788990825688
ADKGYLSG,1603.1788990825687
HSREWQYLRWK,9156.40366972477
AKVLVELG,9234.669724770642
NLKLSGAFPYND,6974.5091743119265
SRSVANG,1606.334862385321
VEWLGKSHVL,7100.711009174312
FHNYDALSFRDL,13729.766055045871
ENDGGREVFPN,2093.6284403669724
WWVPYVWAL,35843.15596330275
YVYAFALEAL,40798.64678899082
NKAENSEAEYDL,1570.1743119266055
DRLNQNLSG,1893.8761467889908
RASFFFEYKVG,26828.064220183485
QRSGSPAGHS,1781.5183486238532
LFKEFWDALG,7117.339449541284
KEGFPQKG,1284.0963302752293
KKGNLDVALG,1132.48623853211
QEQQNKFVLS,1600.2706422018348
NNREVANG,1399.1605504587155
WNSYFRLPYNA,14649.178899082568
VHQFKYDALS,4174.316513761468
EYEPNKHWVGQN,2580.935779816514
HYAHQKLSG,2277.032110091743
PDRHHFYKG,3892.151376146789
WWQWQYG,20178.01376146789
QDSLGHVEPNDL,1967.2339449541284
YSPHHALFPN,5928.853211009175
QVLKWVLREYN,14084.52752293578
YADRYDRWG,7981.151376146789
WYGDKLG,4266.362385321101
YKNNVAWG,4312.146788990825
QERPESQFWKD,1650.2201834862385
QSVQFFEAS,8739.43119266055
RFDLVRPYWKHA,9488.495412844037
WALAQASYKHAS,5094.220183486239
WVYGGEPKHL,6636.678899082569
HSPYWLFAYS,34219.6376146789
RYKGNDNVFPNV,3793.623853211009
FNEDHDFYAL,14874.371559633028
KLVHFRAG,4729.706422018348
HSHAFFEPWVA,15547.701834862386
QRNPWHDKAGP,2402.5688073394494
AFWYDGPYHD,18131.48623853211
YQYKNHDYHLS,5077.6100917431195
FHAGVGYFPWKV,16772.0
SPKLYGWNLS,5399.270642201835
FKYERENHVS,2346.4174311926604
FPYSGPWHFPFK,26147.19266055046
WGVRKPKLSG,2647.922018348624
REVPPYHAGWD,5700.665137614679
HYLDHVG,4305.284403669725
PWPAKHFWKL,11596.637614678899
NLDHRPVLG,3783.0366972477063
KPNNPHLSG,1335.48623853211
HNDFQHAG,2624.912844036697
HNYLQEYNHG,4579.247706422018
KFKLVRYKVS,5781.366972477064
QDLVSNVFYNL,20170.128440366974
DWKNPKVSG,1473.7385321100917
PSRDQWDDALS,3361.8394495412845
HVEAVALQNHG,3053.1559633027523
RAERQFEYND,4329.793577981652
LRSGVFDSG,3870.935779816514
YHVWHVFNFEL,35369.321100917434
KDDQGDVLSG,1212.2247706422017
HERRDVG,2006.073394495413
QASEAEKSQFWA,2172.8715596330276
NKRHDQYVSNV,2809.233944954128
WFFAYVASG,14770.839449541285
DPVLLFHLSG,25078.449541284404
QDDEQKDSG,838.9770642201835
ENEKYKLYWKD,2590.4816513761466
VGYLPHFNHDV,8191.252293577982
KEFSEWKVL,3808.233944954128
WGRYQYNLQFYK,19654.701834862386
SGAKSDAG,1018.3532110091743
PLVYWDALDV,22518.059633027522
DNDRVKDAS,1050.591743119266
RYFDRYHPWDVG,12411.550458715596
NVWAQSVAG,3799.4770642201834
NFSDWVG,6185.9495412844035
LVEQDSG,1164.665137614679
KSGPYGEVARL,2291.412844036697
QPRVEPVLQEPN,1753.5550458715597
RYALALFALYHA,20328.47247706422
LDSVNLG,2662.211009174312
FFRYWVWRPNH,13054.80733944954
WVPNAKWNHG,3946.816513761468
RYGVLQNKASH,2519.0550458715597
SWHDHRWNKSG,3332.802752293578
NKNVQEQRKVAG,1074.334862385321
DWFNFVLSG,24594.784403669724
VASKWKHDFED,2182.940366972477
FQVLYLRAG,36776.27064220184
QWAEHPHSQYNL,8643.688073394496
VQRKYGQEPY,3268.729357798165
SHYWDLDG,7086.577981651376
RAWGDRWNKHA,3659.729357798165
AEEDQSG,695.8623853211009
DFHDVQHPNDLS,2441.862385321101
WFSRWKKALS,5128.192660550459
HFEDKWKVLS,3852.7155963302753
GFEPQKVFPDL,3890.7201834862385
NVHHGEVALS,2381.3990825688074
WGLKRYG,6590.48623853211
DANVASHLKHSG,1370.01376146789
ANVDKLSG,1031.1743119266055
PVDYDVRYWA,15871.995412844037
HGWPREDVL,5054.472477064221
QPLKKHRWKDS,1438.197247706422
NDPDREGWHVS,2343.8394495412845
YFQRKDYKG,2079.47247706422
ARPNYQWKHS,2666.435779816514
WDPHSYKGEYN,3979.1100917431195
HLFWLEVFPWDG,37119.97247706422
FHRLREDDLG,3259.711009174312
VAEPNEWQPWKG,3277.1330275229357
RGGYGNAS,2189.7752293577983
SHYLVLSG,13261.967889908257
YWEFGPHG,6967.036697247707
AFVEVLWKDG,14130.302752293577
AKFNRYSG,2726.9311926605506
ENRPQRHLSRYV,5221.706422018348
PSHPASYWKV,5717.802752293578
ASDKFWAG,2239.1651376146788
WFPRWGEPWHL,25472.288990825688
PHFPHPLSRWN,10687.330275229358
ADQDGLG,1223.6284403669724
FYGNGNSRNAL,3802.1100917431195
LLRLSGLSG,6184.298165137615
NLGHWHREPW,12305.073394495414
WAFEFWPVAG,19215.80733944954
QAGYKQAEPHG,1422.1100917431193
YFRDYFWNSG,6649.967889908256
HEDSRSPDVLG,1609.5229357798164
EDNVLGLALG,3117.5366972477063
FEFHEPYALKG,4977.637614678899
FESHGYWLKDA,6488.3302752293575
YGSEWFKVLS,10132.362385321101
FSKAWKSWNDVG,2635.3348623853212
SFDSANKSG,1056.8577981651376
FNNEAGQPWA,4446.270642201835
YPWLRGQENDL,4315.201834862385
FHGGKSGQDVL,1482.711009174312
FAQNEQPASG,1031.5688073394494
GQVSHSEHVAL,2115.137614678899
YLNLQVRLS,18877.155963302754
GVLGEWYNKDG,3239.270642201835
PRYNKRDLQN,1835.1926605504586
DYVYYDVASG,10224.587155963303
LVQSWDVLS,5694.862385321101
YGWHEYWGEWHG,12823.674311926605
VRVFLFHDALG,29506.16513761468
AKDRSVLG,1591.151376146789
GFWSNSDVASG,3650.52752293578
NHPLNKSPN,1175.1880733944954
NKPWQPKFVSG,3191.9908256880735
AERVGLSG,1938.197247706422
VSSGYARPYNKS,2773.5366972477063
GHYSRDG,2968.3119266055046
DNVSPEHDVA,1092.4495412844037
LHRVYASG,5166.463302752293
ASKPDAEPHV,1020.4174311926605
AQGDGEAG,999.2935779816514
EGHALWLWAL,21212.903669724772
EEWWQPALS,7432.880733944954
AHGNEKVALS,1336.7431192660551
LPWPAEPWVLS,13905.380733944954
HFFWHLNSG,9099.839449541285
NGSAHDSG,1137.2339449541284
HKFWDKSG,1990.9724770642201
SWFPLRASG,8986.697247706423
VLRWREKGKHG,2084.954128440367
VKPAYSG,1659.2568807339449
ADSEHDGSG,955.9128440366973
EWYSEGHVLG,7154.967889908256
LGYNNKFEPHG,2812.1284403669724
RKAHYKDVDAS,940.2385321100918
PDQPFEEPYVLG,3754.0183486238534
KHFSVGFYWHS,16035.756880733945
DKDGYQFPKVG,2000.1880733944954
FVLDYVQVG,14346.08256880734
RGYDGFLQWKD,7873.380733944954
HDHWQRDSG,3395.376146788991
WLEYVQEWQFWA,35376.435779816515
KYEVPNSG,1380.940366972477
LNVFYLRYHVS,27912.353211009173
KYHLQGRDA,2277.8853211009173
HSSPQWG,3190.233944954128
AHDLNKDPNKH,1003.7247706422019
YGEPYQYVLDVS,21743.9128440367
EYHYHAEDVSEH,2290.6146788990827
PRANLFKHVAL,6713.912844036698
VAWYFHDVSG,14185.09633027523
DAHWEYDVG,4706.293577981652
ERKPDVYKHG,1220.7752293577983
NDDHGPAG,1504.1605504587155
VAYPQFYWKHVS,11655.08256880734
AEWWWHASG,12182.40366972477
SKQPPWDVA,2246.559633027523
EYLWPSQPWS,15029.440366972478
LNQKVKLS,1634.091743119266
FRFWWAGFNVS,19185.949541284404
YDEGDSFYHLG,8399.077981651377
PHYKFKPYWNAS,6174.165137614679
WWFRVVLSG,34840.14220183486
RHKKKDG,726.8256880733945
SEGRAQDLS,1440.894495412844
RVGRSQAPLG,2399.169724770642
QRFGLQFPYNAL,16777.38532110092
WDYFVWNDASG,11650.779816513761
EEHQEGRPK,995.3211009174312
DVWGKSPWNG,4249.463302752293
ELQSYNYWKL,8692.45871559633
REDGRPQQPWNV,3015.02752293578
FQHQAEKLSG,1424.6743119266055
VPFGPDLG,3030.5137614678897
NPYDFHLPKAG,3413.6743119266057
EDPEPHGLSG,1128.5642201834862
RDPEVQRWDAG,2333.394495412844
NEDVYLQENLG,4207.536697247707
NGHVPHWNKHV,3608.5
LSRPEKQKASG,867.4174311926605
RNNGWKLGHL,5755.747706422018
FEPHPNYKQHD,2156.940366972477
DAYSSWKDLS,2624.7201834862385
PKASPKKASYV,1037.1605504587155
VNVYLDLSG,24084.440366972478
SYQRNPVLSG,3906.9449541284403
FALKHAGQVFRW,15160.660550458715
EEYHLEYFEHL,10159.394495412844
DKEKRWSG,1161.4220183486239
LASEVLKLS,3763.5229357798166
APKQDRWG,1598.9724770642201
FDLGSYWVNKG,4636.922018348624
YQYPPDSG,2924.0366972477063
PASNRHLYWKL,8263.711009174312
WGHEGPHASG,3143.876146788991
ESPSQPVRWVA,3060.8715596330276
EEDPFNDALG,1931.5091743119267
FKLARWNDFDA,9510.697247706423
VREPWRAQYWD,17388.123853211007
WYFPQEDAL,7109.967889908256
RQVGLYHLG,7501.366972477064
AQLQRAFNHS,3648.3715596330276
RPFDPKVLEHAL,3872.6559633027523
PLLHFHLSG,15677.784403669724
QHSFKDEHQVA,1388.4220183486239
NAGFNRLKHSG,3422.0045871559632
SEYQESHDVG,1805.834862385321
FSGQGNASEPS,1279.2339449541284
LFEVANLGQYN,9785.467889908257
YYDDRKDVSG,1911.9633027522937
YLYQFLQNS,5235.876146788991
PDQAQNQREYD,1899.1467889908256
DYSDWKHLSG,2812.380733944954
PYQLLSGEYKDL,6464.637614678899
RNKPPAQFPWG,4623.293577981652
WRNFLQKHDS,4344.298165137615
WFERDEHDVA,5647.334862385321
QDSRFKSYKHVA,2522.316513761468
VWNSKSFPWG,9399.19266055046
LAFVAYG,24639.20642201835
DRYPKWVALS,6485.738532110092
KDQSYVNDG,1650.7477064220184
YHGQALPHPNKV,2860.064220183486
NVEWNEYLQWAS,13557.825688073395
RLKPGYWHV,8518.59633027523
YAQEGHVQPLS,3140.743119266055
PHHDWHSRYHG,6640.385321100917
REEVRWVREWD,10814.834862385322
RLDNQDVLS,2248.646788990826
VHKLPSG,1531.5688073394494
SSPYNVKSG,1895.711009174312
VNAVKHASG,1370.5779816513761
LYHQPPLG,5265.224770642202
PQRELEASEYDV,2199.853211009174
EQDKSYDS,781.059633027523
FYRNRNVSWKHA,5710.385321100917
SRNQPVLEWNH,5234.1100917431195
SEDNRWLS,5033.036697247707
GFYSAGQYNL,11002.444954128441
NGPDEPSNKA,809.7752293577981
RSRHKLEWHD,3303.2844036697247
HFWFEGRKLG,7781.623853211009
DHEGPKASG,1014.545871559633
HDRWYALFKV,18945.004587155963
ANHLKAYKHA,2001.4954128440368
QPKWFYVHAS,14893.371559633028
RFHLPDWKDVAG,3961.032110091743
KVKRDVRYKLS,1259.5045871559632
FYFRRPNVLPV,10107.940366972478
RLKKPASG,882.4082568807339
LNLRHRKLG,3036.146788990826
ALKEFNKG,1331.98623853211
PRYDRRVLG,4360.40366972477
AEGQHEYWHV,5621.408256880734
FPDQGQEADSG,1146.9357798165138
EEPERWKDVG,1243.940366972477
RNSYWDAHVGYW,19829.674311926607
KDFRSGASKLS,1767.0091743119267
LQFYNLPSFYAG,23464.15137614679
RLEPQYKGQL,3600.362385321101
GQNFRRPHVS,4044.8348623853212
RWLPKVGPKDQP,2286.605504587156
GEAVSYDL,4795.821100917431
RDFRAPLFEWS,15683.47247706422
VALLREPGQPH,3757.935779816514
HPLSVEWS,3910.8715596330276
FAKSAYHDA,2747.577981651376
SSREFLSG,2904.669724770642
SYLENFEG,4007.876146788991
SHWHYDSG,5800.082568807339
DLWRGRHSG,4432.5504587155965
AELSVAKDVA,1195.467889908257
HDKQAPNHVALG,1806.9357798165138
HVYQFDYDG,16455.34862385321
REEVNRWNKG,1879.3853211009175
NQHKRVSG,1466.4954128440368
NYFDLPS,5821.151376146789
GFSELNLS,5527.114678899083
NWQEQWKHVLG,5184.577981651376
RKRGANKHG,780.8899082568807
ESGSAQFEWKG,1622.3165137614678
HPKHERYWDS,3047.8853211009173
YLDDGYDS,4373.504587155963
AYNPPVALG,2871.4266055045873
HVDKRNALSG,1384.1376146788991
GLGDKVLSG,1518.954128440367
HSYKEKQKHG,1040.7018348623853
LYVAYHFYWA,16449.697247706423
PGDWQFNLS,7511.288990825688
WKQQRYHQREVG,3032.261467889908
PYEVGYAHDV,8815.605504587156
VAWRNWKDVA,4646.972477064221
EVKAHEPYHAS,1584.2660550458716
KQVRGDLSG,1290.848623853211
ALNVVFPWNHAS,12908.98623853211
GVLSEAALSG,1896.4449541284403
GRLASKLG,2181.1559633027523
KADLRWQPNKHA,2178.8256880733943
EHGWHGPAEY,4788.174311926606
YWSDLYFEWSG,23431.316513761467
AEVLVSVLS,39570.68348623853
YSVYVGWNKS,9173.844036697248
EWDSRVFWQREA,7762.472477064221
HWPVDLG,7513.371559633028
ELFWDENDRKH,3630.967889908257
SQKLVLHVG,6483.100917431193
LQDPQRDS,1145.3577981651376
HLHRNKKVAG,1156.0
ERFRDYG,3794.678899082569
KQGNYKHVG,1322.7798165137615
DGGLQWLS,7491.256880733945
WDQQASEYNS,2908.0229357798166
DHGQANSG,1135.0688073394494
EEDFERWKDVAS,1646.6605504587155
ASNRESQNDVL,1218.7522935779816
QNRSASGQPW,5096.738532110092
VWFSWVG,21016.844036697246
HQSHKLSG,1655.559633027523
EWGHRSGQENHA,2199.793577981651
LEDWASVLS,8112.697247706422
KYDFKSRYWHVA,5257.9908256880735
WEFVLVSG,35247.678899082566
YFYYKENKHL,3531.3715596330276
QEANFHDKDVSG,1218.4220183486239
PPHQPKLWLG,5447.90366972477
RDDVVAWNHS,3192.862385321101
YWAASYKGFNVA,7386.642201834862
LSGDNAGWNDG,2557.770642201835
KPYGGNKLS,1384.48623853211
HWESWHLS,10443.165137614678
DSEALPVFNL,8202.06880733945
FNRNQPNGPWDG,6884.275229357798
GHLFDWDAG,7455.917431192661
NRNSFDVFKVL,11929.004587155963
KYLNQVAS,2542.266055045872
NQHHYDAL,3917.1605504587155
VWSVHAG,4890.775229357798
NWARYADVL,11202.463302752294
NHQQLSFRNHVG,4458.440366972477
KEDFNHREYL,3226.623853211009
PLSPRFEYNHV,5747.119266055046
LQYRVPYVALS,20585.73394495413
HYWDKAFYHDG,8115.646788990825
EHPGDQREASG,886.4128440366973
KSYFDLYWKVLG,6360.752293577982
QPGFGWKENLS,3829.9036697247707
SREVYQRKHDS,2189.394495412844
VGKWRWVSG,5771.821100917431
HWWSKVLSG,7503.01376146789
HWRKGPWKVAL,6828.706422018348
PLGVPWGNSG,4760.100917431193
QKRHPALKVLG,1886.0275229357799
KDRYWGASPNSG,2466.770642201835
PSDLYAREA,2305.0504587155965
DVHSHQYWNVG,4649.853211009175
SKWSQEPWHG,4119.8302752293575
DNHHPALG,2046.7064220183486
GLNVAKG,1447.288990825688
LNDHRWKVLS,4814.697247706422
LYDVVQDALG,3974.229357798165
YLGHPVLES,3739.8348623853212
ASHSHGQEYA,1603.9954128440368
PKHNWNVEPKDS,1168.334862385321
SRWGKDQDA,1677.848623853211
NGEVHVAEWHAG,3806.0688073394494
KAHGLGYG,3138.706422018349
RFWQHYKDASG,4187.623853211009
QWQAQRAPWNS,5938.261467889908
PGRPPLRPYK,3207.197247706422
QSSRWVFPWKH,9927.128440366972
DFGQDELG,1822.059633027523
EKLFFENNKAL,3338.8256880733943
DHVWAGNVALG,4081.0825688073396
WRNYLGWHS,13205.142201834862
PKRFDFPYWK,5496.412844036698
PEYHWLSGQG,6017.655963302752
PHKAAWASG,2004.6926605504586
PGVRYSPYHSG,7475.766055045871
LNEPDKG,891.6605504587156
AWLYRNDAG,5554.536697247707
HNAWEVG,3370.032110091743
EYNLSNSFRHYW,15331.215596330276
AQQEADVAL,880.7293577981651
NQNNPKDVLS,1030.573394495413
FSLANKSG,1717.467889908257
QVWNSSGENHVA,1926.408256880734
HEKLNLQNDAG,1455.2706422018348
HSVFDAQFWKA,7218.770642201835
HFNYKFYWHVS,10655.463302752294
GWYDSNAS,3982.9770642201834
KKDNRALS,815.7339449541284
PWDFVPYKHFEN,10286.775229357798
DAEQSGREKDV,739.4128440366973
EGPWHQSEWN,3168.1146788990827
KKGVRWLS,2308.788990825688
NHSLSEVEDV,1149.2201834862385
EWHFHDRPAPWN,8479.619266055046
RNQEKDFAGYHL,3891.0045871559632
VEHDKLSHDL,1570.2935779816514
SFHGEAGKHASG,1193.9357798165138
FRGKQDLRKLS,1557.940366972477
VRKWSNHAS,2608.605504587156
AALFEWSFVL,41559.81192660551
PGLDEPASG,1298.2293577981652
VHVDGKASG,1069.866972477064
KFRDFKHSGENV,1426.7339449541284
HGLWVEVALS,24979.270642201835
QYRPAFNSQNG,2530.266055045872
VASRAYHLHVL,9493.619266055046
DPDKEDLSG,737.1422018348624
QYNGFFWKVEYK,14754.52752293578
KNRRHVG,1204.98623853211
SPGFRKQES,996.1743119266055
QRWRVYHAYWG,16470.853211009173
NQWKVRSQWK,3003.733944954128
WDAKASAGYNHG,2303.256880733945
PFRVQHARWA,8155.082568807339
FHEQFPLSREKV,3892.045871559633
KVHWLWKG,5148.545871559633
SEANGNVS,1185.2981651376147
SNKHFQYHG,3617.2798165137615
AKVNAWHDVL,3327.5183486238534
DAAYQRWKDVAS,1890.2568807339449
LHQKQASG,1096.665137614679
KLAVRYVLG,12575.169724770642
RHVRFEYKKDV,3668.545871559633
NRKKNKVALS,964.2064220183486
PYYRDLQFPHV,14895.220183486239
DRVFWFHS,19985.169724770643
SDNDSNDVS,1318.5045871559632
DPVERYLG,2037.6100917431193
NGAFHLYDVAS,8046.51376146789
PLGHWAYNSG,6729.380733944954
PFGPPHG,3963.697247706422
YFAEPRHSG,3427.440366972477
FGKKFDVLG,2502.1284403669724
WVNVNNKVLS,3939.270642201835
QSYELNKDVALS,2121.077981651376
RGGQGFEG,1845.9128440366972
PYDKSGWDPDS,2761.362385321101
VSEFLFPWKHL,14281.830275229358
PQANKASESG,701.4816513761468
NVKRQKDLG,954.1009174311927
QSPLRWNSPWKS,5648.839449541284
LQSPALNLS,2651.302752293578
YKVSVPWLKVL,14095.247706422018
HWDASESPKHA,1707.01376146789
RDYSSFYWNVS,8564.302752293577
SQYWVFWRPYWD,29175.344036697246
VFDAEWKSWDAL,6223.348623853211
QWHEKQPKEHDA,1242.9311926605506
QNLASENRNV,1796.8302752293578
YVFYDFRPHLKG,8711.29357798165
NGDPQVLG,1361.2981651376147
VRAAALSG,1972.2844036697247
WYAGHSPASG,3713.766055045872
FHWFFPNDLS,15389.69266055046
RPEASKLPWN,3494.032110091743
WHYEWVPVG,11030.545871559632
QDYNPKLELSG,1611.3165137614678
RAQWVRQENKV,2518.091743119266
PWVHEPWSHS,10243.967889908257
HDSLVFEPWL,19086.75229357798
RKNPHVFLSG,5019.628440366972
AVKGKASG,698.4357798165138
ESLPRHASG,1271.073394495413
NWEPQYSG,5553.724770642202
HLNAVWKHVL,7807.270642201835
EGVGSYNHA,1837.380733944954
FALYEYGEDV,7855.380733944954
EEENLFSG,1870.2660550458716
AQSQFRFRDVL,8343.261467889908
PEHEVFDVL,4932.4908256880735
NDFFDAEWNDG,6434.133027522936
EEWLLRKSG,4246.880733944954
YWFWFYWVFPNS,6444.431192660551
KQDWKAYWHA,4635.871559633028
ANKFEWHVLPDV,5000.940366972477
NRQWGHVLG,7253.573394495413
KVFAYWALQLSG,19120.215596330276
WHYAQFQRKHDG,5544.151376146789
QPRNSDQFNHV,2923.743119266055
HNLVWAG,7444.206422018348
RRKGNSGFEDS,1225.01376146789
RVHGLRPYNHLS,7730.839449541284
KESDGNAG,920.756880733945
AWFALVSG,25530.92660550459
WKASNPDLWHA,6161.073394495413
LVSPLEDV,2144.6146788990827
WYVVDLSG,20691.454128440368
ENQFPVEASFND,2873.3853211009173
EPWLNHVNPYW,25957.954128440368
DYKHVQLREKH,1679.2798165137615
DRRGQNDVG,1372.532110091743
SLSVFRNHV,5543.146788990825
YDVQAPVSFG,5176.151376146789
LQDFRFASG,7214.467889908256
GVFEVSWSG,16927.146788990827
QAHSSKHVA,1250.0688073394494
KFDDGHDLS,1899.0412844036698
FDWPFEDSG,6715.077981651376
LYGKFYWALSG,9053.399082568807
GFYNEPNFDLS,8775.51376146789
PRYQNSGLG,3037.894495412844
ENYLPWSFRNDG,9224.279816513761
RKEWWKYWDA,6380.995412844037
AQSQDLWHDL,4067.908256880734
FFRHEYDEKHVA,3060.4908256880735
PRHEDAKG,867.2706422018349
AGWWNQEHVG,4411.48623853211
LSPVVNKALSG,1441.545871559633
LFKRLFENLSG,3613.6330275229357
PAPANLPHDLS,1783.4770642201836
PDESRAGPVLG,2000.802752293578
KELSFRYFS,13927.935779816513
PDQSRNKFRLS,2210.2247706422017
KFKFAWLS,8073.788990825688
QPVEAQEKGN,900.3761467889908
AGWGEQEPYA,2888.9862385321103
RHYHDRSGRWK,3099.119266055046
HYSGDFSG,4039.353211009174
GWPWWNDAL,18228.04128440367
EWVVNKVLRNH,6871.821100917431
GANVNSG,1273.408256880734
DFGDVYVALS,23802.56880733945
REPQGRNLFHAS,4419.426605504587
DVWYWGFVAS,28165.949541284404
NALSPYGQWANK,4479.504587155963
WWEPPWNAG,13831.178899082568
YVAFLRWLGYLS,13501.642201834862
YSRWDYLREYHS,11708.981651376147
ADRNWKHVLG,3243.302752293578
YLDKHLDSG,2311.8440366972477
RFDKDVNG,1533.9311926605506
DKRYDHASG,1503.3532110091744
KWNQWFWVLS,26978.330275229357
PDFWRYAGELG,9400.302752293577
YNVNDGNRWSG,5352.894495412844
NQNKEQFWHAG,2840.064220183486
GFWPFEASG,11054.06880733945
VQLFLFNS,47449.68807339449
FHGVVAGKHDL,3891.935779816514
LLSRDYKG,2718.697247706422
LWGWPLG,18605.183486238533
VYAQVRHSG,3640.733944954128
APPVYKLSG,2482.3990825688074
QKLSNAHQFKV,2392.8577981651374
NSYRPDRHS,2934.2247706422017
VGQNSQDLWV,3981.151376146789
GFKWNVEPNDAS,2073.545871559633
GYPVGWDVAS,6229.091743119266
NKWPVSFYWNDS,14728.302752293577
KNRGEKHALS,1096.4036697247707
LQEFEHFEDVSG,3655.3440366972477
FKGGLGWVASG,4871.3899082568805
VESENFYLSG,7223.068807339449
DEGSPNKVG,1082.151376146789
GEYSPKGYA,4054.408256880734
LFSREQRYSG,4296.697247706422
WNNLRPNDWD,10829.197247706423
PLQNEDSPVS,1143.697247706422
PKEPDNVGRPHS,1471.8990825688074
VNHGKFDVAL,3270.669724770642
AFLWPHASG,8733.256880733945
GDLNSKAG,1035.8899082568807
HVRAEYGFEPDL,6614.394495412844
NFRGKHFNDSG,2988.9770642201834
LWLFSLSG,18291.44495412844
EESHFKSG,1373.119266055046
QNGQSPYKLWHA,5755.256880733945
HSHWHWHLG,11856.330275229358
DHLFDFVSG,7760.100917431193
AKRQDASG,724.4357798165138
QYGSSPWHDAG,4715.211009174312
RRVLVFDLSG,28830.642201834864
NEYSLPYWN,11944.412844036697
YGRKHANDAQNV,1933.408256880734
QSKQHELSG,949.5642201834862
QVEENVWKDAS,1398.6559633027523
PVSSDASENS,852.2935779816514
GYRYPHLSG,6770.431192660551
NAEVPWKDFPWA,9607.770642201835
DRRLHDALG,3187.298165137615
RPDVVFYAYS,51337.9128440367
EPQQHAEYA,1666.7477064220184
EFFAPVSG,5815.275229357798
FSWDDRNKLS,3628.1743119266057
DPSHANG,1011.2339449541284
KKPGPKLG,844.4770642201835
QVSVYNVLQKVS,7559.091743119266
KVPYDHVSRE,1583.5045871559632
DKDNGKHLSG,772.348623853211
DGSYADASG,1719.6238532110092
NLNQGFNS,2936.0963302752293
EKLHSQAWHD,2640.940366972477
RKGSASQRYLS,1808.2477064220184
EVKDPYNDYKG,1409.4174311926606
WVGGGFYWHDAG,15661.284403669724
GWNKLWKLSPKL,6095.142201834862
HHNLALG,3305.793577981651
QNRFYDRLSG,6198.100917431193
YRWNHKLEPWNK,4608.316513761468
LAQAFSG,3823.321100917431
DAWQPWDLDV,10044.01376146789
YSRHFEKQKG,1674.0
GRAEKQVAG,915.9678899082569
YPDYHEKDVS,1866.348623853211
PEKEYRHDAL,2323.591743119266
FDEPKHSRHAYS,3284.7201834862385
RLLKPHASG,2650.0183486238534
NVQSPDREPVG,1124.9495412844037
RHEVQLGRDV,2687.183486238532
HGGDFYASG,4297.220183486239
QLVWDLAG,9276.339449541285
PKYDKDVYVS,2830.738532110092
DQFQRLPALG,4943.155963302752
YDHEVAEPWHG,4550.90366972477
FSNFALYWHS,13862.316513761469
EFGDRKLG,1776.573394495413
SDVPLYHALSG,4700.518348623853
RADALSAFHVG,4843.5091743119265
DNSWADLG,3240.6100917431195
DYLYWDDG,13125.018348623853
KRKQSEHALG,884.6788990825688
VGLGSRPYWKL,10478.174311926605
SRYENEHG,2521.3715596330276
PYVLVRYNQWL,45899.178899082566
PPRDYWKDLG,3325.091743119266
PLVGYDEYG,7185.715596330275
YWAYQYLRNV,9996.779816513761
WWRVQVS,14752.449541284404
ELHNSQHVS,1782.6880733944954
KQSSKDSG,581.3669724770642
KSVEYWSDAS,2442.651376146789
SGLEQNLS,1277.467889908257
QQKWNDGEVG,1280.802752293578
GGVQFEWAS,5812.775229357798
WQYLVSEPYW,34431.793577981654
YAFWPYGELS,14161.422018348623
HDSDPVSVAG,1285.9633027522937
RAKSYVRPNKG,1103.697247706422
NFVGVYAG,11390.825688073395
WSKHHSRYKH,3199.9449541284403
KAERNDEVASG,830.6146788990826
SKLYRDSG,2161.0504587155965
QGYVNDFRHVL,10294.142201834862
GRHWGDALG,4378.559633027523
GQDAHLRDAS,1687.8899082568807
SEVFWGEKHVS,3591.8119266055046
RHPEQNDA,967.2201834862385
SGNHKENDLSG,943.5366972477065
SAPNVDSG,1178.3119266055046
QPPAVFRKHD,1904.0412844036698
KLQLNLNDS,2121.045871559633
NSKYEWVAS,2662.9633027522937
EQNSPNSLS,981.605504587156
YRFQNHSG,3388.8119266055046
FALDKHAFRLG,6947.724770642202
ANKSFYKNKV,1264.711009174312
NLLEAGKSG,1321.0504587155963
PHFSWDPNKV,4389.779816513761
KPYRQPYWHS,6965.619266055046
DEQWWAG,6083.779816513761
NFVDLEVSG,5767.05504587156
NDHGSYNASG,1833.4908256880733
PFHEPGFPYDS,9380.169724770642
SNSRWFNDVAL,9701.41743119266
RFVQVAQPNKH,3066.935779816514
KFEGGQNG,1553.2935779816514
GSFYQRSG,4753.55504587156
RVRPDLWFPYG,18208.97247706422
YKSASRWYWG,10579.811926605504
QPQAVLGRWNAL,8789.93119266055
KNLWAHDLSG,3678.454128440367
RWGVSHDEPNDL,3368.9036697247707
AEKNNLSG,967.4678899082569
VYKKQDAL,1286.2660550458716
ENWFKHWHVS,8263.11009174312
EKNGPHKLG,981.8853211009174
WSSNYDLSG,4956.5
LASDGDSG,1414.6605504587155
RWNAKVGDGQWH,5158.123853211009
KEWNNHFRWND,7470.004587155963
RWFYRYEWKVL,18120.522935779816
VRPGDGQFPKAL,2472.605504587156
GDEGESG,737.7018348623853
NHKDESFVLS,2114.1422018348626
WGSKFHDVG,3877.298165137615
APEGNVALG,1055.0550458715597
DVRHKDVGKHG,1043.3853211009175
PQSFPGDAS,1455.2339449541284
DAQYHLQSVAG,2522.830275229358
NKFKNKRPYW,4614.206422018348
KRFEDDVG,1188.3532110091744
YWQNKLQAFYDG,8553.105504587156
AHGAASG,1114.7522935779816
FRHWKENYNKV,2648.4311926605506
SHPPVSG,1697.3715596330276
EWKRQYKFNDS,2874.9174311926604
SPAELYDAS,1796.2155963302753
PFEPDLYVFPHG,13697.01376146789
NEGHEKHAL,1353.1284403669724
FDNADGQEYDG,2527.045871559633
HPDYFYWKD,7985.09633027523
LYDHYKDV,2696.880733944954
VWRVHSG,5404.761467889908
EWWSLPKDVAS,4110.0504587155965
RPHRRVLSEPLG,3472.729357798165
SGHSYLPHG,3275.4770642201834
WAQNSQELQHV,2312.9954128440368
WRYYFREPNHS,8423.178899082568
HGWSGRNDEDA,1811.5275229357799
PNGRLQRASEL,1915.1238532110092
FDQLFFRDSG,8466.064220183487
HQGHVQKHDVL,1737.7339449541284
PEHFRREPLSG,2612.091743119266
WHADFENLNHDV,4179.9908256880735
LSKKFKSG,890.8256880733945
KDFYHPYDYDG,7159.275229357798
VVGFDNSG,2719.2477064220184
PVHPKHFKA,1764.0550458715597
NYKNHFRKH,2259.105504587156
AENGPWAGHL,5124.229357798165
PGQYLLRYWHDL,20103.133027522937
AAWGHLSG,4307.279816513761
EEGSWSG,2078.9495412844035
KLVYSGYWKH,6852.940366972477
SHLNENG,1591.1697247706422
NRNAWHQDG,3719.6100917431195
KDQEKGDRNAG,719.2018348623853
PPLQQVLG,1604.6788990825687
VGVEQPHVL,2651.577981651376
VYWEHFPWKSG,10482.79357798165
VKPNRNDSG,1058.802752293578
HWLHSFLS,12947.29357798165
VHVADWLG,5933.912844036698
PLQFDLVLQPA,39560.3256880734
VGKQGPYDVS,1808.8577981651376
GWSWWNVA,13111.091743119267
LHRYLPLG,8826.669724770642
ARGHDQDLG,1471.1834862385322
LSDEREKHDVL,1226.4174311926606
WDEKVFEAYKDG,3522.9495412844035
FHNYFWDG,9906.834862385322
YRYQFLEAG,9142.266055045871
ARWEEYNKHS,2299.3394495412845
VLAGRKKAS,870.7477064220184
HYGHDHLSG,3279.0
HPKVPSFEALS,1915.8577981651376
ERQNEYSG,1603.573394495413
GRNDGAKHSG,1199.8211009174313
KLYDGHAGYVG,4358.876146788991
VASYEYHKALG,3184.683486238532
DQVWNFLSG,7280.926605504587
GNEHNHDAS,1340.8623853211009
GRYGLFKHVL,8433.93119266055
DLLFQFWNK,14171.266055045871
VDAKDEKG,665.1697247706422
WRQNSRDL,4964.399082568807
QWKVFLKDGPYK,11055.862385321101
RHSVFPDGQEWD,5762.922018348624
QNDWPNLREYA,7620.701834862385
KVWDGFLPDVA,6987.04128440367
YFPLKAKHDA,1956.4311926605506
ALGNQFRAPHD,4070.119266055046
KAPWYQFRPD,6933.091743119266
WWWDQRPYKVG,11315.779816513761
HRSQLENKHS,1283.9174311926606
QRLAEWDAVA,3351.802752293578
KELFRPPKS,1402.01376146789
AGNYEHDG,1987.7431192660551
QAGFDKLFYV,18651.25229357798
DPVVSPVLG,1638.426605504587
NEWELQPYDA,7188.146788990825
GNVHKALG,1649.165137614679
GENRPPYHSG,3182.197247706422
VNQAWDG,3056.788990825688
EGVNRLSG,1621.926605504587
WRSGSGNG,2878.3990825688074
FHGADEYHDVSG,2958.908256880734
GKHFQDLG,2181.6422018348626
WRYFPPNHVL,16602.93119266055
HPKQHRPYNDLS,2280.5550458715597
LEQSFSG,3638.412844036697
YQNWVPWNKV,8026.518348623853
PDNAWVAEPWAG,6228.032110091744
AWLQLPKSG,4531.646788990825
VSDQHQFDVLS,2993.646788990826
PSQDQGENDVA,1020.2385321100918
VEKAGWVRWN,7486.853211009175
NAHPVSNKHD,1479.0871559633028
KLASLGDAS,1230.3256880733945
VWKYDQDSG,1998.1376146788991
NKKRRNHVAS,900.5688073394496
QSDKSGDSG,680.2660550458716
HSPQDGYWNKAG,1840.133027522936
DRSYGHAG,2100.605504587156
GPLVQPHDVAS,1775.032110091743
SGKQLGRNG,1445.2201834862385
LWVPHQYSG,7389.793577981652
PENHPYQPAG,2658.077981651376
VNVGHFWNDLS,7638.619266055046
ANRPEPLSG,1345.394495412844
NGDQLFALS,7515.688073394495
KWLVYWVALS,29325.477064220184
WPVHAELG,4357.678899082569
VLKHDDGPWK,2911.4954128440368
EQGSPNDVSG,874.3119266055046
KELFEDFHS,2828.123853211009
RHAFFRHDWKG,6025.197247706422
RYAYWKGWNVRP,8701.183486238531
NYRLRWNKA,4015.0137614678897
KELKYSG,1486.0091743119267
VDAVWAG,3452.380733944954
DNGREYEDVG,1546.4954128440368
LENDYDLQVS,4109.8899082568805
SLPWANAL,8792.270642201835
HAERQREWNDA,2445.3715596330276
ALWEKGKHDG,2172.3119266055046
EPRLYWLFVA,38306.449541284404
GFRDWHGKL,6342.197247706422
VGNNWKVAG,2196.8256880733943
QQGWSRHDSG,2871.0229357798166
PGGWSYSG,7380.04128440367
LDADRVALSG,2367.4908256880735
ASKSPYNKLGQE,1160.151376146789
VSSEQRPG,1306.7522935779816
VQEVGEKYKDV,1111.532110091743
YQYHQFPDFPW,26090.01376146789
DPSKSRDLS,1023.3073394495412
QFHLGYWRRHV,12697.58256880734
EPDSWLRWLRYN,14836.444954128441
DGAEALRWKH,2769.940366972477
PLGNWLQDG,6018.54128440367
HDRLSGKRWDG,3491.5229357798166
QSKFVFWKHA,6482.885321100917
AAEPNRLS,1410.5
AYSLRVASG,6798.091743119266
DKFAKLSG,1235.954128440367
EQSQSQDVA,857.3623853211009
VPWVAVSNKDAG,2595.9449541284403
NNFSHLSG,3541.770642201835
YHDAVARHFNDS,3774.8715596330276
KVHNSWDVG,2532.770642201835
PSWWHSPYNH,14256.564220183487
VDVRGPHG,2364.6422018348626
VFELEKLEKG,1857.7614678899083
YWEHWDSWKHS,8818.105504587156
LWLHWKSG,7249.857798165138
FFLGKEHVS,2844.201834862385
YKWAKRNDVLG,2803.3119266055046
AGAQAFPWKVG,4312.495412844037
KLYASQASRNVG,2683.894495412844
HRDKPKAG,715.2752293577981
HYSEEYDVSG,2602.0045871559632
SFYAQDWALS,9962.711009174312
HNQSPVSG,1342.8073394495414
YPWSNQFEKD,4638.146788990825
DKAGHWHDVA,2191.151376146789
FAVSRPLQHAG,4776.756880733945
EYWRSPWDWVL,35652.779816513765
YWNLGVFEPEPH,8612.467889908257
VNKSFYSES,2451.2844036697247
NEKGGREYNH,2013.4036697247707
LNSGDAHLS,2242.52752293578
APWLVGYKVG,10686.211009174312
PWWRDAQEKDG,2907.266055045872
HRHAHQEKL,1396.3440366972477
AGKRVGVG,1192.2706422018348
ERDEYQWNHG,2838.2752293577983
NFRWNQDAFWNG,12380.165137614678
NVVRPNKFNLS,4658.3302752293575
DLQQNDAYKH,1641.1559633027523
ARGEFYSG,3859.4036697247707
KPDGFAGQVLS,2424.0137614678897
LQVELEAG,2015.6880733944954
HHVFLNASG,7470.334862385321
NVFFWHSEVSG,12768.834862385322
NYLNPWSG,9055.01376146789
SFNWENAS,4137.307339449541
DALWPNHLEYD,10499.073394495414
FWALHAGRDGP,8573.233944954129
PEHVPVGEYVG,2820.706422018349
ADLHDRLSG,1949.1422018348624
WLAYDQSG,5913.733944954129
KPRFHVALS,3699.5733944954127
YHHAFDNDSG,3281.293577981651
LPKQQWVSG,1962.9908256880733
YSWVKLFREYNH,10593.93119266055
YEEDELS,1696.3073394495414
GEFSDVSG,2427.348623853211
NFSYHARWLS,14100.944954128441
EFEKQDLPH,1943.5
RKKNLSWNKAS,895.7844036697247
QEVHRKGEHDSG,919.4082568807339
YFKNWNKHVAL,5373.45871559633
YSVLSGLHDA,5141.238532110092
NSAQFDQEYS,3155.02752293578
HFVWSKDG,5341.01376146789
HLKYDFEYNHDL,8741.587155963303
HVQKKDSHALG,1082.0825688073394
YSKQALQFWD,10242.316513761469
ERRYLELSG,4142.174311926606
ESLFQHALS,3782.353211009174
ESAFWQEYHG,5934.518348623853
QNWLWKLEPH,8607.311926605504
EEYFFNDSG,6044.802752293578
AWFGALS,11008.550458715596
DVSEYLHYNKH,4639.637614678899
HENHALWFEYKH,12610.91743119266
ENDYLQEWLRWK,7573.628440366972
WGWVWVYHLS,32273.477064220184
AQHLHRWHVAS,5722.376146788991
RYKNWNVLEDV,4316.655963302752
YRDNKEDVS,1073.2155963302753
VLPGFPHEWAS,6453.454128440367
VSHEVAFPDALG,3090.8577981651374
SWDNSRWG,8224.233944954129
WHHAFWLQPH,16924.623853211007
LGQWGWKVFR,15931.61009174312
QYEHSQGFRPG,4798.183486238532
KDAHNALGEWDA,2349.623853211009
GHVYHEWHDVAS,5396.472477064221
ERDFDPKG,1194.9724770642201
EVNDAASNKLG,971.954128440367
LWSVVLG,19883.54128440367
GPKQYARWDG,3758.2844036697247
DSDPFESG,1389.9816513761468
GHLFLNSG,8043.380733944954
GAGWNYLS,7733.536697247707
PNSFASSQYNKS,2904.3990825688074
LNASQYDFNDG,4338.871559633028
QFYVLGNSQAFN,10778.37614678899
YHDDLSFSFRWL,27559.23394495413
PLDQRNKGHV,2098.2477064220184
FSWGKDRNKVL,3194.6880733944954
GPEPWGPKDV,1780.5504587155963
KNNFDSG,1275.6880733944954
NNPDQDALSG,1490.8165137614678
KKDPNLEPYHV,2157.3990825688074
HAKLQRVRPNHA,2534.467889908257
NGKVYVQWG,8488.665137614678
FAQPVLQFNGPN,4755.174311926606
NWAPDSNSG,2151.669724770642
YQVEEPDALS,1774.2064220183486
RYQYQEYFHDVL,15521.477064220184
PPSKPKG,841.6788990825688
RGFHFQNHG,5122.146788990825
HNNDYHASG,2003.2247706422017
GFVFDGHDVS,8873.43119266055
LPEVNALS,1758.091743119266
VFKREWPWVLS,15100.766055045871
VGKLYAEPYD,5359.339449541284
VLRDGNVYWKS,6286.5504587155965
NKEGQPSWHG,2643.3348623853212
LWEPLFEG,9413.211009174312
GAESHSG,975.5366972477065
RGAFLEKHL,4128.935779816514
AFHFKGEPNS,2372.353211009174
RRYGVAREWNAL,7219.133027522936
SNEHFSG,2288.8577981651374
QYKERNKDREYG,1608.2385321100917
YPARNSHSG,1793.6559633027523
SRNWLESG,3722.5137614678897
HQGHWAG,3234.261467889908
YQQDEDASG,1082.1100917431193
ANDPKRKSG,715.0504587155963
DKLVVALS,12043.435779816513
ALVDYHSG,3390.302752293578
LSSVHLSG,2480.669724770642
QNEEYKSQHV,1345.3440366972477
VQGEKREG,704.1605504587156
AGKRFHASG,1745.0825688073394
LNHVSRLREPLS,4137.834862385321
DDAGDQHG,1372.0825688073394
NQYLELFNLS,20440.798165137614
DQYNQPKHDLQF,3682.435779816514
VNFVEHDSG,3050.591743119266
PWWSAEYWHALS,22877.550458715596
FDSLKSFKVLG,5569.348623853211
WYEASKSG,2591.738532110092
FFDFQEPL,5530.4908256880735
VRAGDARYWKA,3812.802752293578
GQVPRALS,1953.926605504587
ANFVKHG,2135.678899082569
HVLWSDLGWG,18204.123853211007
YGYSLFWHDG,10939.353211009175
RSFVVLFRENG,29981.41743119266
SWRSDASG,2820.701834862385
RLYKKSFWHA,5464.674311926606
EHYAALEKA,1320.1422018348624
EHQNEPNYALS,1687.4587155963302
DGHYKLPSG,2027.9633027522937
EEDLFPSHV,2593.7798165137615
AEGLVAG,1586.9724770642201
AYPADVALSG,2150.4770642201834
QAYPFKLG,5291.454128440367
VDQPKWLG,3354.733944954128
VYDPRDAG,1983.940366972477
NFEYQAGFPYH,12804.5
LVLQWKEKHV,4038.4036697247707
HGELEKDRYDS,1503.7752293577983
QDFKQYVPWL,11508.197247706423
FGWFSGEWAL,21053.32110091743
DWKFYSEPYNHV,8055.073394495413
QNQFGQASYWDA,7135.536697247707
FAVNRWDALG,8164.724770642202
VQYDAHGQYWH,8404.770642201835
HWNEVALGNSG,3055.362385321101
LWAWPNHG,7770.95871559633
HWALYDSEYKVA,7142.935779816514
DAHNVWSG,2960.02752293578
PAEGYGFRYVAL,23403.756880733945
WYPKDKLG,2871.0963302752293
HGVGGHLSG,2508.1651376146788
FNRQLRYWLG,12229.40366972477
DFDYGWHVASG,5029.692660550459
PARADSFRYHDG,4040.302752293578
DEVWRPHVAS,3315.1009174311926
VRYKSLWVSG,6336.545871559633
HQHVESHAL,1673.2247706422017
RRQYWGQPSG,4278.380733944954
NSSNKFNKHDAS,1140.1880733944954
QYENNAQYNLG,3127.908256880734
KGEYDFLFPAS,4954.628440366972
FSVAQDQPVLG,2451.5
LEHADPKVSG,1062.211009174312
QDNDFYAEWHA,6163.454128440367
VYLGYDQKDG,2721.0504587155965
ALFDFEHRHVSG,5214.178899082569
PAPFRSWSG,5820.788990825688
GWEFRKG,3822.9495412844035
NVKDYSYWG,5721.628440366972
PWNWHPLGEPWD,16848.481651376147
ELHLNKLRNG,2417.564220183486
RRDHSWKAS,1833.5229357798164
KEYDGASFPNL,3430.766055045872
DALYVQPLGRYS,17529.91743119266
FQAAREAL,2035.532110091743
HEDYDPKHDS,1357.788990825688
HPEGQVG,1050.4495412844037
QGRHNGEYHS,2196.7522935779816
NNSYLFALS,16247.555045871559
ERKHRHKDS,881.7339449541284
HLRKKLGPWHS,4073.119266055046
FAWQGFEWNKL,9753.93119266055
FHKYDANKDSG,1149.1605504587155
NWVLAGHVA,8116.371559633028
PYSNPVGPNKD,1887.5688073394494
DPFKYKSG,1341.3761467889908
HKWNAEVLG,2015.6146788990825
KKHPAQYWKDSG,1396.4816513761468
VPDGRENEALSG,1025.3577981651376
LVWVGQG,5683.128440366972
KNFYQYLG,6274.467889908256
ENHQLGRWAFYL,26155.243119266055
HDPNWKDYALS,3306.1009174311926
PGNEGYNHL,2955.738532110092
HNAYEAG,1819.697247706422
DLRLLSWKLG,8455.628440366972
QENLYRVQFNH,10358.275229357798
QRQPSGWHHDVS,2956.3394495412845
VNWAYDVAL,11831.660550458715
ESQNEWKDFALS,1980.848623853211
WLEKLFESGYK,6084.766055045871
VYDDDLG,2843.623853211009
YGWPSRDG,6179.619266055046
FVWSYKFWVA,16107.729357798165
GNRVVSG,2500.467889908257
SKDRSWVLG,2883.9862385321103
WWKEQPHDG,3275.0183486238534
QYVREAKASFDA,4000.362385321101
ASNEQHDLSG,1166.5045871559632
HLHYKDVANHG,2411.1743119266057
YHAFHEGFNDVG,5181.261467889908
SRASASYWNKH,3215.211009174312
YHYQQEVL,3593.302752293578
QVQHVLLSQYHG,10029.844036697248
QSDKAENDALG,779.7385321100918
KVEKYWVAPHA,3554.6146788990827
GHVVQPLSG,2666.729357798165
RFDQPLEDG,2675.876146788991
PADRHSALS,1942.7522935779816
AFYPWGWNDVAS,11508.045871559632
GKWQYAG,3759.0550458715597
DVYYAFWNKLS,16343.30733944954
VALGGEPDRYK,1964.954128440367
YSKHGQKHYWDS,3936.105504587156
VNAYDNKDLG,1710.4633027522937
FQRVFQRDAL,9648.912844036697
DPELWVALS,4859.417431192661
QFKPPNKQNHAL,1816.7614678899083
GRGWSWSG,8558.766055045871
AGHLQKSEPDA,1078.1100917431193
YYGQLWHDLS,10659.977064220184
SNQDGVG,1396.0825688073394
WAAERNVLS,4490.619266055046
GNKRSQWHVAG,2560.7155963302753
YKKPKHGPDVL,1542.8073394495414
QWEYSPYYKL,9636.885321100917
DPYEPWNLDG,4354.073394495413
QYPSYSQHASG,2422.5412844036696
EYKGKSEYGWH,2805.151376146789
WYELDVSG,8971.58256880734
EWVNRAWHLSG,9611.862385321101
GGRKAALSG,1137.2385321100917
HNANSPKG,1046.6559633027523
YYDYENG,4165.238532110092
KYKDRRYKHLSG,1286.6284403669724
PLVSKAQVAL,3758.738532110092
VPLQYWNWAS,11312.100917431193
ERDDKDVAG,906.1330275229358
WNKPRPYWRWK,9135.701834862386
YVFGVALGHVS,17407.98623853211
QHQAWQPYNK,3981.6330275229357
FGWGRKHWHS,7222.9908256880735
ASDAAYKLS,1443.4449541284403
HPQEYVDVAL,2981.119266055046
DWAKANDLS,1582.302752293578
GVRVGWLG,10750.247706422018
AQWVPKDYKA,2333.261467889908
EQPPVQREYNS,1359.6834862385322
HPFYPYLSG,15096.19266055046
PADNGWLSG,3613.256880733945
GAGKFWG,4256.564220183486
GDGPVDLG,1948.3302752293578
VFQDLWLSG,10337.316513761469
PSGSRDFEYNG,3074.651376146789
HGNYLPYNKD,3569.229357798165
VPPKARSG,978.3394495412844
LWPQRALS,7943.95871559633
DLWQYWSRYVSG,14780.839449541285
FYFDLSPAGEKA,2709.3990825688074
ERLWVHLG,10970.09633027523
YGWQSFWLG,23051.522935779816
AHLHDDVAS,2195.353211009174
DGNFSRVSG,2949.091743119266
QPLFDLKGKH,3199.646788990826
EEWPLYWG,18318.830275229357
HSNYSFPYKVAS,5703.288990825688
GDRQVLG,1904.7522935779816
SPGLHLG,2461.8256880733943
AQHKSKVALS,1129.9770642201836
RLRNVDVFRYV,18397.922018348625
KDYHGVGQYKH,2353.788990825688
HRSNYDLS,3135.788990825688
YQRLDQNHDL,4402.1697247706425
RLYFEPLEWG,18705.903669724772
PDHESFHVS,2563.6651376146788
YKKYPNKHDA,1182.3577981651376
PPDQSPDG,935.0
AEQNWLSG,3095.9036697247707
YPDGWARWD,14229.036697247706
SFEDDAKHVAG,1981.9449541284403
NSKQSGDSG,820.7155963302753
NHLDQPGRHS,2815.8990825688074
LWNLQLQDAG,4482.912844036698
GFVSSPVG,4258.5091743119265
NHSARPNKDLKV,1262.3394495412845
DFDWLEDAL,5563.316513761468
PDHERKSG,988.5504587155963
KKEHRVSG,659.7935779816514
KYAKHEASG,971.2889908256881
REASHAWNGDV,2027.3577981651376
PEFRELSKHDV,2535.770642201835
PQRDFYGWKS,6409.880733944954
ENWSSWDAS,4763.587155963302
KPWGFWSRPKD,5786.853211009175
GWGWGVG,9936.899082568807
GEGFEDKHLG,1920.7844036697247
PGRPGDFRKD,1620.4908256880733
PRHYGPLSG,4612.188073394495
QNHFSPLSYWAL,25502.376146788993
WEWDEAQRYVAG,11311.600917431193
AGRWRQFRKVG,3929.091743119266
PEWHYNQRPKG,3762.3119266055046
PFVGRAEHLS,4481.311926605505
HLHNSRYS,5243.01376146789
GKGKPWG,2049.697247706422
WGPSSGFPWAL,23074.23394495413
LKFEVWSG,9416.160550458715
YWWGGFPYKHG,10780.926605504586
WLGAQDFNAS,5478.481651376147
EESGPKHPS,952.8853211009174
RVWHYVPWKAG,9294.151376146789
DHLWLDVS,8191.40366972477
REDRHDNREPKL,1282.2660550458716
APLYGVAL,6189.917431192661
EAPYFVGEYNVA,7333.899082568807
VYEWFWSG,17601.133027522937
KYQNDNASG,1333.0963302752293
ELEAKARHDVA,1216.9357798165138
KYNWHNAG,3139.802752293578
AGWKWASYNHV,7880.646788990825
FSPDYNYNG,3860.6605504587155
ADSANDVALS,1187.573394495413
FEEFDGNKVS,2048.954128440367
KEFERYG,2475.256880733945
VGHPGQDSG,1339.6238532110092
RVSHLYLRNKDL,6444.275229357798
SYNRAEWL,9164.766055045871
RKHVWLQEVGNH,4417.839449541284
HGQEQFHVQYN,6637.311926605505
RQAWYDVG,6778.775229357798
QDHVPQNDG,1429.440366972477
RKSFALEWEPNV,5341.995412844037
KNYEWLSG,3328.9174311926604
QPDFVGELFYD,22181.298165137614
RSYEKEPKDG,1177.2339449541284
LFYSSRKDS,2381.0963302752293
ALRQSFEPNDG,2434.7155963302753
GEPWPYHLQYWN,21480.123853211007
QVQPVGYKSRHL,3308.238532110092
KQGSALG,1201.4357798165138
RVQHNGENKDL,1147.9174311926606
KVKWKVRYHA,2457.8440366972477
RAAQQYAG,2276.697247706422
SLSLRDG,3205.137614678899
ANHWVYNDAL,8094.577981651376
YDFKFALEKHDA,3194.7155963302753
YPKFVEPWNKH,4029.5229357798166
EVYWKLDQYWKL,14791.555045871559
LEGSQNALS,2231.4908256880735
FAGFGDVFRS,12912.174311926605
PPKVHEPWKVAL,2847.045871559633
LRGNHQALSG,2516.6146788990827
DPVHDWVLSG,3391.2522935779816
KLPFQYNALG,4558.371559633028
WPNYWWDLSG,20317.30733944954
RENLVSGHARWN,5110.5
HQQAPYLS,3314.2798165137615
RWDLYDEDSFEY,10129.353211009175
QDAQFHLKVVA,9644.91743119266
GNGYEHSG,1997.4770642201836
SQQWFRAG,6517.220183486239
GHRKAYVLG,4509.522935779816
WAARRHLSG,6073.651376146789
YSVGQWEKDVLG,3750.52752293578
AASQRFWSG,5940.756880733945
HQFVKVQREHL,5126.94495412844
RSKFYKSWKHVL,3473.0137614678897
YHANLRHLEPYN,7075.844036697248
RYEAARYVAG,5934.665137614679
HQVPVGVAG,1917.7293577981652
SYGYRYSG,5859.894495412844
LSKYFNDG,3137.3990825688074
KFHWFEWSG,10810.02752293578
AGQYLHFWAL,23374.238532110092
DSAQDRPYVG,2346.0963302752293
PSNNAFNHVLG,3464.1009174311926
DSKPNHRPDG,1221.0871559633028
NWFKYHASG,6157.022935779816
WKDPSWVFEA,6877.412844036698
GWSGGPLSG,3994.3853211009173
QSPAFHPNG,2125.1926605504586
YWLGVEKVSQYN,5916.201834862385
HPQHRESG,1104.3440366972477
FKVYHGQWKDSF,7336.848623853211
KEVWWAG,6026.775229357798
FWDNQPGWNA,7582.798165137615
NLWDLASQFPKL,12463.54128440367
LGPEQEPYNDV,1553.880733944954
YRKDGVDSG,1478.3761467889908
NQELFNVLGPAG,6050.98623853211
LSHGSYKSG,2105.788990825688
YQNVDSEWDL,5147.201834862385
EFEWSGYSPWHV,21422.532110091743
PRYESQRYWHV,10596.62385321101
FDSNEYAWHLS,7760.876146788991
DVYGQPYQFLG,16638.009174311926
VEDESHSG,1182.5825688073394
HHVVHVG,4242.201834862385
HLADKHLSG,1864.0688073394494
VKSAHDAL,1159.7431192660551
YKNGNDYWNHLS,4897.032110091744
RNEKSVSGFG,1671.2385321100917
EGEWNSYDYDA,5841.48623853211
PAQENQDQRNKA,1095.7293577981652
YYAYGDAG,3530.738532110092
PWNFKDGWYNK,8497.674311926605
SQWLQLGEYWN,15175.247706422018
RKVHYDVFRLG,7337.678899082569
NAVVFKVSG,17420.311926605504
SYWLYDFALS,16350.977064220184
SYNPDNKLG,1865.9311926605506
DFENHYALEG,4354.5091743119265
KEASVSYDALG,1794.559633027523
VDSYWYSG,8200.61009174312
VEQKGKALSG,1012.0412844036697
AEGRDVDG,1092.1467889908256
NAKQFRNGPYHA,4073.233944954128
QQKSKFREKHLS,849.5137614678899
GNDREDGKSG,747.7889908256881
RWRGSGRPW,9953.004587155963
WHKWVLQRWV,15953.802752293577
ELEDAGFNDQK,1326.426605504587
AHSVLHG,2398.0963302752293
RDLNSYKAVG,2457.5825688073396
LRDGSNVLSG,2296.922018348624
YDPRNREPND,1773.3761467889908
GENHLYYKVAL,13593.605504587156
RLSNKYKQHG,1873.9770642201836
AGQFGQPSPYNA,4074.2798165137615
PANNEYASG,1719.9724770642201
KDWNPLEYWNHS,6222.8899082568805
HAEWHGHLQDVG,3729.1651376146788
YPKSSNVLS,1411.032110091743
EQVDYWHVAL,5035.1100917431195
NLQKHFVQPDL,3897.954128440367
NEREFKSG,1292.7064220183486
DGQDRAQWNLS,2479.169724770642
WRLPGPAG,4945.022935779816
WVPKDEVRWDA,3177.8348623853212
LHLGKFNG,3158.587155963303
KPYKAYVSDS,1729.211009174312
WRWEEWNHDG,7454.98623853211
DLDRYPWVS,8027.633027522936
DVNLHQFWKHA,4492.747706422018
AHYKNDS,1167.2064220183486
NFDQNLQRNKH,2549.940366972477
FQDPSGWNKHA,2296.169724770642
LRHQGRVSG,2277.5688073394494
DRYFWQWVAS,15321.587155963303
EGSRFHSG,1789.3577981651376
WHHYFPDSG,7243.09633027523
FFSLEAG,3487.6146788990827
RRLEQFKSG,1703.8073394495414
QDLQGRNFYVA,9592.229357798165
KRASDQWNKL,1314.8302752293578
YNFFGFWHDLS,12691.032110091743
HGPYWAYLEPWK,16784.284403669724
GKSKNKHAL,823.9266055045872
HLHFPSDVSG,3153.1284403669724
RDYLPDEYHDVA,3086.577981651376
SQQFPPYS,4165.495412844037
NLGVRYVGALS,10390.798165137614
AQYQPKLHSG,2284.798165137615
GVSQHAWVLS,7338.215596330275
NFFDYNLSG,7557.536697247707
AGWEQYWNLS,9407.825688073395
NYLPLWHVA,12645.252293577982
WLDLSGKQPW,8532.559633027522
GYGSHVSG,2583.9770642201834
QWEGQFNYNG,8693.40366972477
HRKNPVLSG,2032.7431192660551
QKDGSFWHEVAL,4971.8899082568805
EGVVYNSG,2067.908256880734
LPDDQWHS,2903.880733944954
WVPVVLSWDAG,20030.490825688074
SEQSQKSG,901.2844036697247
YENHRNVGWK,4040.935779816514
KFDVWNFAG,6698.899082568807
SNGNSHLG,1689.105504587156
NYKQDFDLG,2235.0091743119265
GNAGAEKG,683.5825688073395
AASRPHQVLG,2600.408256880734
LQNHPHYWASG,7509.981651376147
RNSLSPYHDQRW,9560.316513761469
WHRVLRQDVAG,4353.362385321101
YNLLGKGQWKD,3407.123853211009
ANEQFNKDVG,1070.8532110091744
QSSPKFPHDSG,1205.2477064220184
KHHKYNG,1204.8990825688074
PPKEDFHVLG,1348.380733944954
RRLWHEHALS,5518.605504587156
VGNFQWLG,10075.394495412844
SRRPQNLSG,2401.5366972477063
QFESRYWQGPWN,12394.055045871559
PLGGSGQEPVS,1298.6559633027523
SNLFERDLS,3545.0825688073396
QYRLSEDKAG,1288.302752293578
HWNLSVVSG,8018.522935779816
YYNQWFRKHL,8497.97247706422
DWVYVRLG,34981.64220183486
PGARPDQRWKAS,2595.2155963302753
QAHVHGFWKS,4890.032110091744
GQANYKSG,1731.5412844036698
YYPVYKDLSG,4957.353211009175
LPHLDLRWHDA,7871.798165137615
WSQHWHVPYNAL,14871.12385321101
WANPDFEYDVG,7082.853211009175
KSVQQPYNKG,1269.5504587155963
KVRSSQPKDVL,1174.8715596330276
GNPPHAG,1616.8394495412845
EEKLHQPYK,1309.866972477064
DKVANRPNKDAL,986.0412844036697
DYWYGFAG,14180.467889908257
FFYYPKHDVALG,3815.9908256880735
NHRYDRGEWHL,8522.798165137614
VNWKVPVLS,4127.674311926606
EFHNFPLSG,4751.417431192661
SEGRNGWNDA,2555.532110091743
PDLWNGAQRWKA,5006.600917431193
WNRQLSGEYK,3358.7798165137615
WAQVNVGFEDS,6123.816513761468
PNRRKVQEYV,1812.9449541284403
KNAKWLG,1636.211009174312
RKELAGWNKG,1234.4311926605506
LWVYLRWNKDG,12143.059633027522
ANEWFWHLS,14632.504587155963
ENEHFQPYWKS,5697.816513761468
GWRLKHVALS,9087.605504587156
KGVSYDQWAG,2944.1651376146788
HFNYHEWNKSG,3795.348623853211
WRVEFYDS,31416.394495412846
WVGAQKLFEPS,4454.701834862385
QAPAWHLFYWG,19004.550458715596
YKLDSQWWKDS,3602.1100917431195
KEWSNSPKDA,1353.6467889908256
NWHFHSGQWLS,15676.004587155963
FEYFYVREKPKV,10842.683486238531
DAVRFNHASG,2561.954128440367
LPAALKLG,2019.6238532110092
WFSNGRSG,5426.743119266055
AYHDDGEHDAG,1687.9449541284403
VHAGVPSG,1491.2431192660551
SFLRVRWNHDS,8972.311926605504
NRQKARASG,963.7614678899082
ELDYAPKHVLS,2513.4174311926604
NFAYWGYWNA,14238.41743119266
QGYANKQFHAL,4644.270642201835
SYLRAPNLSG,4343.288990825688
DWFDNKDV,3364.0045871559632
YAPRKDVEWNS,2009.4954128440368
KEHWDEHDVAG,1726.2064220183486
EDKHDVDDVASG,824.7339449541284
QYQKLPDVGWV,5798.665137614679
EELVLKSG,2908.9954128440368
ALRFWQPKDVG,5238.284403669725
NSWQNKGQWH,4975.747706422018
WGQQQRPWHDAG,6092.940366972477
PHPHGEGEDA,901.0366972477065
NWDSSGEDVSG,1697.1788990825687
VKANQEDA,771.0825688073395
PVLQWLDWKLSG,15854.490825688074
FEWESWGRPSG,8737.54128440367
AVEPPHSG,1451.366972477064
PFQVEWALG,13220.509174311926
PVQALYEKDV,2739.0733944954127
KLLPFYLS,14624.463302752294
NWLPDEDLSG,3137.206422018349
PAPGAQFWKG,3115.853211009174
YASVARWFYWH,18954.92660550459
YFGDYKSG,2431.3853211009173
YKYRHFEYHD,6782.692660550459
SHLNSWDS,4059.408256880734
YEPFHDSGYKVA,5009.165137614679
NLNHGSFHDV,4790.206422018348
GQGYGYSG,4549.302752293578
SVHVHASG,2580.1605504587155
FWFPRVGFNKVL,15484.160550458715
QRPEQEVFHSG,3133.467889908257
LFDEGPNALG,3482.151376146789
SRYKHWNHFWH,13082.766055045871
KSLALELS,2467.8669724770643
PLNWPKVLG,6328.816513761468
NPSGGFRHDVA,2242.1009174311926
VNAPAWVSG,3720.6009174311926
KAGHPNDFEWNH,3757.0229357798166
RLSVGDKHVAG,1980.2293577981652
EEWFNAPYNKHA,6096.940366972477
QAFRGFLGQNV,7355.04128440367
DDLFPNWVA,7724.972477064221
LVSDFKG,2495.256880733945
SFAKWNG,3404.9633027522937
ARENPDLNLG,2423.587155963303
SREPRVASYWG,8442.862385321101
KGPVWAPWHL,13133.977064220184
RPQLDGREKH,1880.967889908257
RHLHQFNYHDL,11884.61009174312
QKDLAPYDRND,1986.8623853211009
QNEHYVGWNHV,8168.518348623853
QNVLNVFFYVL,43426.949541284404
WNPNVLSHGFRE,7514.467889908256
SFLWSQFG,15745.967889908257
YHPKEKQRLS,1248.7522935779816
QSSYWGRPYKH,6380.247706422018
FDVSNENKVRDA,1399.4495412844037
WESYSQPG,5162.197247706422
HDGGEHFPYVL,11928.619266055046
VVRPVYLSG,13282.940366972478
LHVLSYFPYKHG,11748.752293577982
VRYVWRENALS,8750.128440366972
NQDPQPKHDVG,1337.3623853211009
HLSHGHAPYNHL,7090.174311926606
KYEVVSG,1728.0091743119267
YGSFVALSQYVA,23807.76605504587
AGVLAGLSG,2703.5137614678897
LEFDDVLS,4543.587155963302
DGLPNVRWVL,18173.610091743118
KYEDVRVG,2035.9633027522937
YLWGPDLNAS,5823.536697247707
RQVHNKLG,1765.9724770642201
VSEAWSYDVSG,5084.564220183486
QDYKPREDVS,1029.5779816513761
RFWENSRYKVG,6475.798165137615
NVHNYNSG,2944.1100917431195
WYKNWDLG,8255.247706422018
EGPLSFKRYHV,5189.655963302752
FVRDHLGRNSG,3747.064220183486
PAHDQFERDALG,2214.738532110092
GENDAEGWNKH,1657.6697247706422
PVYHQPAQYKVG,5015.440366972477
SSGRRKDL,1224.6697247706422
LDQVGSG,1495.591743119266
HFHVKRKHDS,1656.7064220183486
FNLSKQDVFEND,2420.9266055045873
VLYDSGHLQPW,13955.077981651377
NRNPHPNVL,4180.981651376147
AALAYNASG,2689.5825688073396
AQHGYDWNVA,4375.288990825688
WHLDWLPKHVS,10710.481651376147
GRAQQFELSG,2479.298165137615
SAPHPALSG,2242.197247706422
DVQEAFLPYDLS,12219.908256880733
ALGASQLPWH,7393.064220183486
QSYPDPWNKDV,2321.8715596330276
LDGLDLSG,3175.862385321101
WPDVKLKDLSG,2423.353211009174
RPPESWNHVL,3590.5091743119265
RKVSWDFYGRPS,7933.995412844037
PHVQVQSPYHD,4443.752293577982
HLNKVFKAEH,2266.119266055046
QVPLWRNKSG,2854.3669724770643
PEYYDRENHD,4185.399082568807
YFDLKNKLSG,2342.0091743119265
RPAGEAPWDEDV,2613.1422018348626
HHAVLEVG,3558.302752293578
FQSRKLREWAL,7028.866972477064
RLQVQVFHLS,33898.064220183485
GWLAFRLS,26385.270642201835
KWQPWKLGFRDS,7721.701834862385
VYARSEYAL,7322.885321100917
RGFRWKRDWNS,4627.440366972477
GLNKPAG,1189.3623853211009
DPHHSENALG,1315.1100917431193
LKPYHPLS,4919.628440366972
PHHNEKALS,1480.5275229357799
HGVFYVLRWS,37548.747706422015
ESFWEVFRHDV,11186.738532110092
LNFRDEASG,2465.793577981651
FPAHHVSQHSG,2616.1880733944954
ESGKNDSFAG,1114.105504587156
VLFQLQFYK,28874.977064220184
YEYPDGYDAL,8949.935779816513
LRGNGWSG,4893.133027522936
YHWGKAPYWV,14781.114678899083
SFWKQAPAS,2377.5688073394494
PPVEYKHKAG,1092.454128440367
PWFAHSKHG,6299.862385321101
VFPGPGEYKLG,3022.0091743119265
KWFNHANG,3450.2155963302753
FEENGYWNNDVA,4465.481651376147
VWNNSRYWNDA,7697.51376146789
YYDVSNLRYNVS,8434.894495412844
QEKYPHRYWAG,4487.954128440367
SQLSPAEYDG,2110.3899082568805
PASGKAQRSEHA,924.2798165137615
EGWEYSQVALS,6278.660550458716
NVLGQKEGEYDV,1516.3440366972477
VFLENYKVA,6238.311926605505
QHHQWAFREV,6615.862385321101
VAWDSVQHS,3288.6009174311926
VSPSRQRSG,1516.2935779816514
FVLYNGKARLSG,6283.284403669725
HAAAWKLS,3308.7522935779816
QEVVQVAGEVLG,1775.7568807339449
SWDHFVLG,11965.981651376147
DDWRYSG,4784.399082568807
APANHWSG,2518.532110091743
YRLEGFRAL,10055.288990825688
RNPHYHFNDVAG,4432.623853211009
PWWPYDVWDS,26638.42660550459
ENVPEYDVEWH,2671.9908256880735
ANAWDYDSG,3854.788990825688
GVYAQHDAG,2536.7201834862385
PFVQRDVPVS,3810.2844036697247
PKDDHGEYL,2116.1926605504586
LEFVYWLSG,16959.435779816515
VYVPVKDVAL,4332.977064220184
KVWEPDQRDL,2777.697247706422
GFSWQWVALSG,18461.009174311926
PNVGKEVSEKS,821.4082568807339
VFVDKSG,2505.1559633027523
VEWLQPNVEYVS,14417.885321100917
VDFRDFDVAS,3789.201834862385
PEYLDEPNKV,2452.47247706422
HYRNFWNHVAS,6664.678899082569
KDPPKVNHDSG,813.059633027523
HPLDYSG,2393.1926605504586
PNLEVQDSRD,1866.032110091743
AAQLWSG,4203.935779816514
LWVNNHG,5214.733944954129
GWDRHDSVAS,3190.064220183486
GFWLLWHG,22797.15137614679
NDSYWGDGQYL,12072.19266055046
QRRVPYVQPKS,2145.0825688073396
SGLSPVQEPK,1087.7844036697247
RYNNENAQYH,3962.197247706422
DEAASYDSG,1539.651376146789
NQQWDNG,2647.9495412844035
YWRVGKLFNAG,6925.733944954129
KGPDGKSRYN,1177.9495412844037
GQKHPVQEVLS,1208.908256880734
YNQSNSYHL,5292.266055045871
ANAGNGWDAL,3620.4587155963304
HNGVHDALSG,1927.4587155963302
YRWVGYFNHVS,13702.944954128441
ALPVSWVFRVG,30020.88532110092
WAGYYNLPKVS,7978.394495412844
GNQWPWASG,6146.59633027523
QNKLWLKGQRPY,7217.770642201835
YDHYLQDLSG,4174.821100917431
FVDVLAYDVLG,14995.504587155963
GRHPENVLG,2280.1422018348626
RNSSKVLPG,1333.4587155963302
LEWESREYKD,2855.4770642201834
NVQFGYLGPKS,7205.926605504587
VPPWLNLSG,5426.160550458716
PRSLKALG,1870.1834862385322
WYAEWDQVALG,10806.58256880734
NHYHKLPYWNHS,6520.155963302752
KLFYESPNAS,2845.2522935779816
GEYHLFEDVGRW,12349.949541284404
HKHNAYKASG,1331.51376146789
AAFVPHLSG,3668.3440366972477
EYKLAWNDREYW,10605.87614678899
WWWHQYNKH,8083.3302752293575
QHKRFESG,1470.8440366972477
RNYFHFWHDL,14798.729357798165
GQHSSEVSG,1224.5366972477063
AFGNYWG,7966.174311926606
VQKSHVQYKAS,1739.5550458715597
VDANDPHDVS,1342.6926605504586
WLDHVEASG,3293.637614678899
PDSWSEKLSYHA,3033.922018348624
DRQFVEVLS,7879.720183486239
FRAPVQPVRDG,2141.2798165137615
FGVKKALS,1839.4724770642201
PELVVALG,17177.697247706423
PKYVDAQPNHL,2295.045871559633
FDPGKDEWKDVA,1296.0366972477063
NQFHYQPWHDS,9479.279816513761
GRYNDPLRYKS,4236.128440366972
VRLLRYVAL,22146.697247706423
LVWKQFEWHS,8843.055045871559
KRGSKASG,721.4128440366973
WQAHRESG,2118.7477064220184
RAPVREPNFEVL,3424.408256880734
YEQAVLSG,3163.270642201835
NYHFVPHG,6182.912844036698
YRRLFHDLSG,6246.215596330275
VFAQGHDSG,1957.0871559633028
EAGWNGPLGQH,3080.201834862385
GPFAWASG,4410.715596330275
LGLNNVSG,2446.5183486238534
LRAVGKVG,2123.3715596330276
YWNWRENGPNV,4895.339449541284
PPSYSYAG,3238.288990825688
DHSNLFASG,2764.761467889908
AENQQNLG,1357.559633027523
QPESGWQFWDVS,13250.591743119267
QPYWVYDAFWVG,36680.45412844037
SWSKVFLG,10654.977064220184
NLQLKSFHSG,4216.518348623853
SKVSVFWNHDS,4678.073394495413
KFEPKRLPNKH,1148.1834862385322
RVLPNVNGQK,1497.834862385321
NQVVFEAS,6807.298165137615
LFAKKLG,2707.738532110092
AGPKDLNHLFWD,8746.334862385322
SPKGVRKDVA,877.5642201834862
KAQEGPHGVAG,1271.0825688073394
DAQFGFAWNV,13634.133027522936
FDNEKVADVG,1193.7339449541284
HDKDAGRVSQWD,3116.238532110092
ARFPEPSG,1579.4036697247707
KHGSSFEPKH,1131.6697247706422
KDDYYKSG,1328.5045871559632
HVDEQDVSG,1023.0779816513761
DKDEGPYVS,1207.0871559633028
KYYDFVG,4269.9495412844035
KKVDVKDVL,815.0917431192661
VGVFSRVAL,16082.018348623853
GQGFHRKLSG,3010.435779816514
QHVYPNASEWAS,4163.9495412844035
YWEQEVGDAS,2611.4449541284403
RHAESEKSRYWN,2896.3990825688074
WGRPRYDGNLG,6968.266055045871
SPYWASAGQFYA,19996.408256880735
KGSHEPLG,1100.5091743119267
ASVSSRDAS,1120.3761467889908
DPDPRWASG,1945.7614678899083
VYVFVYKDALG,27777.201834862386
NANYEKDSG,1379.6009174311926
GHDAWNPKDV,1735.2798165137615
GDVNKNDVLG,1145.6100917431193
SREVPNLGNG,2185.6880733944954
GRGLVSG,2557.8899082568805
PFVAELQYNAG,11089.178899082568
YYHLDQYHA,6342.068807339449
DYEPVKAL,1736.7293577981652
KLQFGEYAQREP,2368.0733944954127
KANSSQEYVS,1188.302752293578
GDEDWVS,2082.532110091743
WRHHYWSG,11289.720183486239
WWSHQWSG,12402.344036697248
DWKNQWNHG,3371.105504587156
AFLLFVG,37951.31651376147
ADNDKVG,1037.059633027523
NQDVFEYQK,2837.6009174311926
HDNLESPWNKLS,2702.5825688073396
RDPEGWHG,2509.9311926605506
FSFAWLPYKD,9467.133027522936
PLKDPWKEPA,1456.940366972477
NGLDVVLG,4236.5091743119265
QWYDNLQPDAG,5024.142201834862
AHSSGKHVALG,1772.334862385321
LGLHKDLSG,2131.137614678899
AENQNKYNDV,1422.605504587156
REHGSPYGFVLS,16222.435779816513
GFGHSYALG,8056.981651376147
LAQQKLG,1745.0366972477063
EDYYDVFEWDG,7420.192660550459
QKGNVLQSREH,1438.2844036697247
DLHVRYGEDLS,4259.9908256880735
LGVVNHG,2851.1284403669724
YYDLKALKLSG,3617.3394495412845
RWGPFRKDGPLS,5053.064220183486
LPAYKYKDVL,3096.766055045872
PWRFDQKHD,5326.40366972477
YSSHRHVLG,4286.816513761468
NDGHAYKPWKDS,2321.091743119266
NWWVHSG,11021.995412844037
QWEDLFAREPKH,5524.3302752293575
LVQKVPG,1489.3577981651376
AHPVRWG,5962.284403669725
SNVVNVG,2046.665137614679
FPHQFWAGNDAR,9111.288990825688
WPGAVSG,3304.7844036697247
YFLYRESG,6909.334862385321
VAHKPWSG,3113.137614678899
KYHEQEYWNV,4054.738532110092
VNYGFKLS,6261.98623853211
QVEGDAFNA,1908.4495412844037
SPSRGKVG,1090.7935779816514
VNEQVLG,1593.4311926605506
FYGEHVPYLGWA,16602.34862385321
DRVADQDLSG,1299.1788990825687
NNHHNHDVAS,1818.6788990825687
DQPSAPWNKDVL,1444.288990825688
KVPLKSFEPNV,1332.4036697247707
DAWWQRNHSG,5306.440366972477
LRYLPAQEVA,3054.5091743119265
WWNNSWKVLS,12609.573394495414
WDANHRDFWNAS,8763.766055045871
SWRNWSG,7565.711009174312
RVSFLSFEQWA,32521.394495412846
FSVGAWDS,6066.761467889908
QSNRWHVPNV,4079.5963302752293
FDGQDPKHEHA,1267.8532110091744
RKLSHAQNGHLS,2108.6284403669724
YQVDFRNKDAS,2278.412844036697
REFWHEWLQWKA,12128.211009174312
YEEYLWAG,11307.325688073395
KAGLPWLSHVS,7880.954128440367
SYSHHVG,3224.408256880734
WDHWSNSG,6375.426605504587
PVYNKEWSREAL,3031.0550458715597
VYRGEVALG,3697.316513761468
VANGGFKVASG,2351.848623853211
ANWKAVG,2110.623853211009
PQPKSPQFNAL,1716.5091743119267
AKGNYWAG,3400.0688073394494
AFNGVLPYKLG,10300.40366972477
SPNPFPAG,2678.4816513761466
HEKRRWVA,2599.064220183486
DNEHSHG,1330.197247706422
NAQQFKVRVAG,5102.422018348624
RDQGVQEYNHD,2430.8440366972477
FYSRWGQVGHA,6324.3899082568805
PVWQRDQDVL,4660.45871559633
AWVHFRLS,15962.463302752294
FEKYEASFHLSG,4781.766055045871
DVANNDENHAG,1297.573394495413
YFFWPNG,7166.752293577982
HPGQKYALSG,2164.2752293577983
KLDFHRNKDVG,1728.3990825688074
AEQKRDLSG,1157.926605504587
WVQWRPQWLG,25666.19266055046
AHYGYSG,5271.844036697248
AGKVAFAGQDV,2155.5183486238534
GPEVHLG,1368.6376146788991
VDGQKQNLSG,1186.9036697247707
ALEAWNAWNKA,4403.1100917431195
QPKGRWDFEEYD,6021.123853211009
EFKDASFSQYWL,12175.720183486239
WANQEFYAG,10210.114678899083
YVEFYAPYWHL,19002.98623853211
KQWAKSQYG,2572.2155963302753
EKHDYASYNYKG,2487.256880733945
PLALNVALASG,13651.142201834862
GFFSFNALSG,15537.518348623853
HWGLPKHDLS,4754.94495412844
QSNEPWDGQYNK,2878.683486238532
RSKRWHDAWS,4714.977064220184
KNPDPKL,979.3119266055046
QAYLENLGFRPY,17651.467889908257
LWADFPLG,13440.536697247706
LNVSDPHSG,1993.9816513761468
RKLWYNQENDSG,2485.793577981651
RGWAGKGKDV,1413.3532110091744
EHHRHGFEAS,2211.5366972477063
DGQYKAAWDS,2643.5137614678897
SHAWLVLG,19031.389908256882
RNSESVQFPL,5151.866972477064
WSFEYLAGNKG,9216.669724770642
WLNPWQREHDAG,6163.417431192661
QEELPDYHDG,1973.8990825688074
NRVKLYALS,11461.954128440368
YYGHHDG,3957.178899082569
VRQKSSG,744.8715596330276
QFQEPYSNKRND,2393.330275229358
LRAVWNKDVA,3327.651376146789
HVEAHAQEYWL,10753.646788990825
WRHSFGVLG,13287.114678899083
VDGGRLG,2981.6605504587155
HLLNFNSG,5893.298165137615
EAKSLQWKV,1466.2614678899083
GEEGHDALS,1349.2752293577983
RQWAVLSNKLS,6505.972477064221
LLFYSYKHDV,10415.743119266055
QVRNNDVYWNV,7732.784403669725
LFRVFGQDASG,6176.59633027523
EEEPLSDG,895.545871559633
GWNPAFRPNLG,7127.545871559633
YNQGDQPWNHVS,4330.087155963302
VLRQNVFRPY,12473.142201834862
KWDGQQESG,1426.4449541284403
VWHKAHLSG,3280.6605504587155
NNEDRVG,1132.6743119266055
RNPRPNKYVAS,2552.766055045872
GNDGDKHVL,1449.5688073394494
QDLFWPWNLRKL,17664.743119266055
HDGAGEYEKDS,1319.866972477064
SKLAYAG,2973.5963302752293
VYVLWQFYKV,30304.75229357798
HKVEDVWLG,3168.9862385321103
PSKLLSWNKA,2510.467889908257
RPENQFQALSG,3247.1880733944954
FWWYSGPLS,9903.922018348623
HVGVQYHEYWDV,14401.894495412844
NVHGWSFEPN,5534.123853211009
PELAASG,1735.3761467889908
PLWRQYAS,11146.600917431193
DGAHPWLG,5997.472477064221
DWAADAG,2444.802752293578
PKKYKARPNHLS,1229.9816513761468
KSQKKVQEYKD,690.2247706422019
PQWLDFDASG,6766.724770642202
LSSQSRWG,4298.224770642202
RQDNQKLG,1227.4770642201836
LDLFNDVNL,6915.793577981652
GPFEQKSG,1036.2018348623853
GDRYVEAG,2271.9036697247707
LGGQYLYKDL,8367.770642201835
PNEVVGRYKDL,3928.454128440367
KGSELQSG,770.8623853211009
NNKRLWNKHAL,3293.5
VFFNPNVLS,10366.738532110092
WHHWEWNKH,7586.940366972477
HLHNYHVLS,7925.862385321101
PGVVLVLG,46785.133027522934
LSDAWGFEYNDG,7133.743119266055
WPWQHNDVAS,5209.605504587156
DLKVEDGQFS,1605.073394495413
HGGKYWG,4000.802752293578
KYKWVFWKS,5179.9495412844035
RSYPQDVLG,2774.954128440367
AKAFGNG,1513.1422018348624
DGASYFNKDVS,1952.2798165137615
YAGEPYELFPY,18004.389908256882
KAVFVLPYKDL,16294.967889908257
QDGGEWFWNKG,4437.417431192661
VNRDYHALS,3766.669724770642
PSVVFHVS,18326.642201834864
GPRHWKHDV,2610.9266055045873
RNQRLGYNGFKV,6968.922018348624
RRVPEYVL,6147.6100917431195
QGRSFYHDNKVG,3488.1422018348626
LSGRVFNQFWKD,9352.559633027522
VLPEKSQPYKHA,1624.2660550458716
FNGQGEWQFEVL,11678.201834862386
WSASLEDAS,2623.940366972477
PAAKVYLG,4871.733944954129
VNVRDFPYHG,6785.692660550459
NDWWKGPYHVL,15609.275229357798
LVFAESG,4804.954128440367
NGNNYWG,5402.51376146789
YSHRKHFRWLG,7859.591743119266
VQQDPYDAL,2087.802752293578
RYPAVSGEYWL,11293.40366972477
LEVSSFAG,4663.5
WVEFEWKYKH,9063.88990825688
WRWQNLREH,7968.724770642202
QWYAGFEWYVA,32646.940366972478
YPYEGFHDL,8254.422018348623
GFARRYWLSG,10422.37614678899
VRPQQEYNHLS,2212.7522935779816
VAWVKQFWG,13381.275229357798
ELLFNDQAG,3331.798165137615
DPDRPDKHVLG,1265.366972477064
VYRHQWG,7202.353211009175
FDDVWAFWHVL,21794.357798165136
EVSQQENDSHL,1198.4633027522937
KDNLAEWNVSG,1897.3119266055046
QQNLHPHDLS,2373.97247706422
LSYFNSQPKHDA,2565.798165137615
WEDHSYNHVLS,8484.821100917432
FYYHHSFWDL,11196.633027522936
PKRALGWLEPWH,12142.412844036697
GDSNRSG,1229.7247706422017
FYWWSDVRVAL,18549.20642201835
LDARRKALSG,2078.9770642201834
HGWAKRYHDVS,4478.917431192661
YEYDQVHDVA,2999.6926605504586
SYVFHRHG,5482.288990825688
WHWDLNFRKDS,6388.004587155963
WNNDGQYGQEPY,6142.935779816514
AGWQQYSG,3850.8073394495414
RWQNVSEYKASG,2681.380733944954
QNNPGQYS,2040.2522935779816
PEQRDQYLG,3069.880733944954
QWEPWLWHAFKH,19284.655963302754
HLQVSVLYNKV,19177.045871559632
LRYSYGEPWAG,9357.215596330276
FGKGLQFPKHDV,2788.169724770642
VLFRRPWGWLS,21367.1376146789
YPHLLFNVLS,18411.981651376147
PRYALQFFENDV,17977.816513761467
GDLKWDSG,1606.9908256880733
DHQLFEAS,2391.9770642201834
VLVGFQFNG,20891.798165137614
HNRGWKS,2409.3440366972477
RWHHKDAHG,1933.7247706422017
GEKEQEPYHVA,1064.4449541284403
NNHDGAEYALSG,2255.848623853211
LPFGQLS,3464.1100917431195
WKESDFPWKH,4386.48623853211
SHYDDAG,2526.0504587155965
FPVSWDEWGYV,20860.866972477063
FSGSKANKASG,1364.3853211009175
RADPSWKAL,2530.3715596330276
VGEGGQWNKAS,1549.967889908257
QNEVLYQYLSG,12417.174311926605
DVKFPWSNHVL,7586.270642201835
HAPFHSWNV,7537.183486238532
AVQRWPG,4568.660550458716
KDKQQRVAS,698.8211009174312
VYGNHPHVLG,4525.95871559633
KGWWRPKS,3051.9449541284403
WSGAVLQFRYK,21221.238532110092
KLWHWVQWHDS,10875.155963302752
QHVNKHPWDANA,2655.229357798165
LQLLGYG,9525.62385321101
VRNWLKVSG,4401.178899082569
VWQYYNDVAG,6360.091743119266
QAPEFKLS,1373.3899082568807
RWNWWVGQASG,8572.688073394496
KEWPPHLS,4084.123853211009
PFGPGRHVS,5022.133027522936
AAQKRPVS,945.2155963302753
EVHEDVWHDAS,2138.321100917431
HSRRDFRPKVA,1977.2431192660551
RDGVSALNKDG,1837.8440366972477
LWAQRHEHAL,4966.853211009175
FPNFDLFWFYVL,32324.857798165136
YRRHGPSG,3404.9587155963304
QNGSYNQWKHA,2758.766055045872
PSPQSNHLG,1400.9816513761468
HADDAYDG,2029.9816513761468
NRVFFKALSG,9924.11009174312
DHHDQRKDVA,996.0642201834862
GEHQQWDSG,2499.848623853211
GHWLQHAL,7812.720183486239
NSRPWSEKRDS,1504.0412844036698
EHKADGRENHAS,871.4587155963303
DAEPFWLQRKHA,4546.784403669725
YSFDARALGKVL,6089.298165137615
FALRGWHDRYN,10945.238532110092
HDWQLQRWDVSG,7707.3899082568805
QWRQVALSRWVA,17280.330275229357
LKQSEVASG,919.0550458715596
AQGPLKVALG,2366.394495412844
LAWAPHDLG,7170.5091743119265
SRQVQYLG,5690.0091743119265
LVSDNLSG,2154.4266055045873
PNLENAFSHDV,4665.917431192661
AYHKPAG,1580.8532110091744
YQPKDEHSFPN,1652.559633027523
SYAGRLSYNHG,5093.582568807339
FYEKGHDEHAS,1675.454128440367
PRWDRAWNHDVS,5688.926605504587
NVPFVLYKH,20388.22018348624
QDNFQFEPNKSG,1847.866972477064
NEQGNALG,1534.9449541284403
SHVPKRAG,1341.2614678899083
EQWLPHVQEYH,5440.770642201835
SYRYSEDVA,3616.4495412844035
ELDWKQWNDVA,2538.940366972477
YSPPREPWHL,7348.073394495413
HWFHAYS,11740.215596330276
FYSDAKQHVG,1816.0
AFRFEHNKG,2676.7844036697247
FENKYNHAVASF,5258.233944954129
VANKNSWNKA,1201.8119266055046
FGESAQEWKVL,5157.385321100917
KYKLFHDDA,2483.0183486238534
RDRPQPEWVL,4614.536697247707
WGFSKLQWVAL,22768.08256880734
NDLVREVFHD,6338.885321100917
RYSSNLGEPYK,3703.9908256880735
PRLYAPDVL,8267.97247706422
VAPLSGPPYVAG,2703.9449541284403
FLVQVGEPNAG,3826.0183486238534
GEFPNKWG,4549.756880733945
YLGDGFYGYDG,9070.51376146789
DFHHGEWKHVS,3313.9908256880735
LWWDPASG,7728.591743119266
KGEELQRYNKAG,1231.1834862385322
SPYGVYWDVSG,10051.435779816513
EWVAPFPDLSK,4184.995412844037
FWVVRAREYNHG,12020.779816513761
YRNLRALENKH,3141.261467889908
EQFFHGKHDV,2842.440366972477
LFSHANHDLG,4207.288990825688
QDNQHVLRDAG,2004.8761467889908
NALEREYNEPAL,3313.9954128440368
LQNKSSEALS,916.0229357798165
GKHERWDAL,2665.5183486238534
DHSKFEG,1144.1376146788991
WKFWRYLQFVG,20758.477064220184
AHHEVAG,1388.6605504587155
DGEWVRRKHSG,3099.940366972477
NNWAHLSG,5193.371559633028
YDFQARPYW,14021.266055045871
YFKVLWFHSG,18077.802752293577
DNFPSKLSG,2008.2477064220184
QFAWEWFWDVA,26203.215596330276
LFWVQRDPYWKG,11590.665137614678
AFYRGRWHDAS,7350.288990825688
LESRHQHS,2419.862385321101
HYWEYEKHDV,5382.775229357798
FFQWGRLG,9565.908256880733
HDESNKPNG,1036.7477064220184
ENWAHVGPDALS,3453.0963302752293
QKNNDGPKAL,1128.6559633027523
LFKEGWALSG,4755.4908256880735
EAKSDGWDAL,1662.2385321100917
SNFNLHG,4625.798165137615
RKPYQRNVQPNH,2592.701834862385
AKDYWSNVAS,2540.559633027523
WQSLQENG,2372.733944954128
FPGRQREVPK,1839.6605504587155
SYLFDYNKHVL,8631.412844036697
FRRWWHGAG,9314.201834862386
FFRKWNKGEHDG,1968.0825688073394
HFQNLKAG,2679.940366972477
WNQRHAREYNQR,5031.123853211009
EDLDQPPHLSG,1838.9128440366972
PGWQYVQYKDVS,8183.197247706422
YPFQDVALG,5109.270642201835
PDRRGFWS,8010.688073394495
SYEDLPG,2217.9862385321103
NLKDGQLYNHA,3331.087155963303
QKWGLEDALG,2912.52752293578
PRYLGKPWNKH,4082.743119266055
LFRVRDAFVA,10920.247706422018
ERDYRDSG,1697.3899082568807
YEHGNFRKG,3051.637614678899
DVLQNVQEWKRW,6537.325688073394
WDRQFYLGYWDV,29955.60091743119
LSFFQRYAS,9257.59633027523
QNGESFEPVKH,1926.8715596330276
EPDEGEPKPNKV,737.2477064220184
VLEYAWKDRYV,10286.12385321101
FPYEDVLEDSRL,8164.876146788991
AGHKDHLG,1356.5504587155963
YFNNYKDALS,3360.0688073394494
SGQSNDPKS,862.6376146788991
RDSAQEVGQPS,1202.4128440366972
LEPYAGYHQYKL,10873.61009174312
RQPRPGFKG,2356.045871559633
EALWWLQFYWNG,30430.73394495413
PLGFPYQQWKV,11422.08256880734
EVSPDHVLFWV,19935.183486238533
DWKHDENEKHS,1260.3165137614678
ERFKYWALS,7119.642201834862
SWLAYLG,13773.165137614678
SNDEKQWNHG,1656.366972477064
EWPASRRWKH,4567.142201834862
YVKEVSYWNS,6933.119266055046
SDKDYLG,1386.3899082568807
PLEQFASALG,8496.775229357798
HQVDWKVLSG,3219.853211009174
VLFDVRHLHDAS,8185.733944954129
PLQRVPSKHG,2139.5366972477063
VANKYVSYWS,9965.220183486239
RPWALDEFEND,4773.188073394495
WHSVHVRDVSG,5285.160550458716
VKQRWFKL,5338.321100917431
RLSAGHEWKDS,2431.577981651376
SFWDRKLRPNL,7543.940366972477
HQPPDENHVLS,1734.2660550458716
PWLQDSWFHDVA,16993.064220183485
DSQFSQPWVLWK,17783.642201834864
FWRNYSYKLS,8283.201834862386
FKWFKGRPDLG,5257.876146788991
YYWRWNPNS,7757.816513761468
NVQHWALEKDA,2320.321100917431
EAAWNVPDVLS,2414.3990825688074
ESLVYNSG,2857.816513761468
DSKFLGREWNHL,4254.495412844037
NKHWGQNEYNV,4086.8440366972477
WHYRLGEVLSG,9415.857798165138
FFYLFDQKHS,3245.1146788990827
HPWKEFRWG,6516.399082568807
DPGDDLSG,960.0
QQKHEPNSKDVG,815.0504587155963
FLLHSQRNHDL,6212.252293577982
FENQDVEPGRN,1500.2339449541284
RHVDKDFRWA,4252.5
RWRWNAQFDALG,12543.490825688074
WPKVDFRASG,4280.463302752293
HEQAQESG,983.5321100917431
WKFWPNHREDLS,6098.183486238532
KQVGAYNKLG,1652.6100917431193
HDLRRNDFEYWD,13560.12385321101
EFLWYAG,18779.08256880734
RGRQYFEHV,5683.821100917431
KEDNPKVSG,801.6376146788991
PLNEQENHLG,1901.5871559633028
EWWPGYWSG,21670.16513761468
HHLENFVLSG,8095.247706422018
VFFSWKHLS,9694.495412844037
HWHEQEPYNVLS,5763.022935779816
HNHGVNKG,1545.7522935779816
LQDRVFYVLSG,34847.6743119266
PVNQKHDVN,1363.5412844036698
HSSRNAPYWH,8709.51376146789
PRGLSRVS,2470.229357798165
LKWVSVAG,4822.0504587155965
GDFSQKG,1371.802752293578
RGWDAQVAGPKH,2518.376146788991
DQVRHGWNKDVL,2686.605504587156
HHFYEKDALS,3257.270642201835
RSFGRALHG,4761.564220183486
DLGVGHLPDV,2959.1330275229357
LHLWHPVSG,7571.683486238532
RYNRDYEWSG,7596.701834862385
GWNGYLNDVL,11139.70642201835
YEPQEFREYKD,2829.8669724770643
VEVYYNKHDVSG,3821.894495412844
PNVGGDLFAG,3667.4449541284403
EWLAWQYKVG,12751.80733944954
YVGKLNDFENAS,2325.894495412844
APFVPDVLS,2625.7201834862385
RRVSYPWKHD,4693.55504587156
VNRVSWLG,7768.660550458716
DPHGKSEYWHD,2971.5550458715597
SARWSVAL,10104.642201834862
DRLDAYASG,2369.1100917431195
WKHGELFHVWH,14301.766055045871
QNFHVSPGNKS,2125.8899082568805
WYVFQPAL,19045.95871559633
YSFGNSQDVA,2730.9633027522937
KWFHGYLS,9753.70642201835
VGKHVKSGFEWK,2321.7798165137615
SAFVVASG,8851.811926605504
WVYPHAPHDAG,5692.4908256880735
NNSHSLG,1834.3119266055046
FNLDRYKPKALG,3584.6605504587155
PHANGQPGYG,2830.8073394495414
PWQGGFRPYAG,11317.564220183487
GRHVKVHVA,2538.862385321101
KVWRASQRPA,2722.738532110092
YLRQKDVPK,1521.5504587155963
SQRARWGQNKH,2454.0
SDGSVSG,1126.1422018348624
NQPKKDWNKH,1133.559633027523
EYHFPDRHSQFD,5729.5
FGLRFASG,8168.9495412844035
HVQDKGQFPHL,2851.706422018349
ELAVVALSG,13254.655963302752
WFLENEVLSG,9232.788990825688
AVQYRKALS,3181.201834862385
HGFWGRKVFEPV,8729.302752293577
DSWVHFHDVLS,10849.224770642202
FGKKGHAL,1778.532110091743
LDSVQFREKV,2574.711009174312
AYWHKSQPWALS,9487.004587155963
AFSQKRPYWDV,8569.967889908257
FAHFPVFWNVA,21030.20642201835
WLHASVNKDS,2355.8440366972477
GKHLPAFRKDS,1980.7614678899083
LWLWFRKHVAG,9399.399082568807
RVWNNKDPDAG,1569.7568807339449
KNNRDLG,1063.6926605504586
FAADREALS,1735.9816513761468
EGKAHAQFN,1463.591743119266
SVHSYSG,2525.9174311926604
NDDADVQWVS,2819.1880733944954
HPFLDVASG,3192.9449541284403
KLGVQRHSQNAL,2196.6009174311926
RNKFFREEHDS,2016.0412844036698
VNAGHQFPL,4551.077981651376
WYVRENVGFNHA,9853.440366972478
ANFVYKDVAL,7681.798165137615
EWHENHDSRSYL,6900.807339449541
ELYNSVFPWG,13402.779816513761
LSEVDRKDVLG,1659.1422018348624
NGPVNKHYVLS,3176.330275229358
DLLWLPKDLS,7321.087155963302
ASRREPSGLSG,1302.1100917431193
VYRNFYKVSG,6300.844036697248
FLFWSPKRWNG,7247.678899082569
RHKWEPSG,1813.591743119266
AWVQGRDALG,3816.8669724770643
FDFHNSNKHVS,2264.394495412844
LSRENQLGEHLS,2324.954128440367
KAEWLWHRYNG,8480.853211009175
RPRFHQPWKLS,7225.582568807339
ASFDPKRPYKV,2888.288990825688
QDQGPYVVAL,13008.105504587156
EKRFNKSYWKL,2569.3899082568805
EWAVPKAEDAG,1225.2477064220184
DQQYPWLG,6227.738532110092
WRPEHDFYNDL,9160.79357798165
VENLPYFEYDL,21721.5
LSLFKAPYHVLG,8933.518348623853
DGLAKHDVA,1213.1146788990825
VWKFASVASG,3819.435779816514
WDFKDVNEWHDS,4285.536697247707
WQSPNPNVAL,5155.440366972477
WNQPWAFFWNDA,23683.788990825688
PELHKHG,1632.4174311926606
KKRNQAG,723.9128440366973
QESFRSYWWG,12843.614678899083
PDWERPYWKV,8342.261467889908
LGWWWHVG,17664.004587155963
RLSYKSNSYWVG,7576.779816513761
QGKALQRNRKV,1011.4220183486239
FFSREEVLG,3576.623853211009
HSHGFKFYNKHV,4411.298165137615
AQRREKGEAS,863.0917431192661
REWWYKVWDVS,13856.95871559633
YNWRLFYKAL,10834.967889908257
WWQNDFLS,15332.394495412844
ESQWSASFRYLG,15610.224770642202
LFPSSEAG,1701.01376146789
KWFDKVLSG,3215.0825688073396
YPLQSHAS,2375.564220183486
FKFSFYQPWL,21057.894495412846
YYKYFRWKHSG,4485.0504587155965
EKKGDRPLS,799.5137614678899
SGEVENQKS,813.4128440366973
HLDFDSWHAS,6119.573394495413
QPDSAEPRYHDV,2119.2522935779816
YGEGYHDAGKHG,2410.298165137615
VPHEFEAL,1785.5550458715597
VASDSARDVAS,873.6743119266055
FGYSQNKPDASG,1672.0642201834862
QLGFRSRHRKDS,1979.4587155963302
FLHVPLRVASG,7466.651376146789
SVASWFRPYVAS,10739.344036697248
SERQFREYWNS,6098.1100917431195
ELWDGFVEPWH,18359.83486238532
YKVLQKHVRNDL,3048.4495412844035
PNEYHSDAYWVG,9851.366972477064
YQFSQLFENSG,6267.188073394495
LGVAFWHQDVL,16781.155963302754
NDLGEFPYHHD,7783.224770642202
RGNVPDAQRNAL,2318.3394495412845
EKVGARYWFENL,8967.119266055046
FGLGHKSG,2441.5045871559632
DPWWQPKG,3617.711009174312
DWNPQWKS,3055.798165137615
AQWNKKHFPWH,6103.394495412844
PQGNQLG,1329.119266055046
AYALKDLALG,3554.0550458715597
WAENARLNKDVA,2770.935779816514
VAVDHLSG,1985.8119266055046
DPWLYPYKHSG,7373.807339449541
GPAWWAG,6310.321100917431
YSVSELKLG,3990.738532110092
WWFKVDVLG,17746.325688073393
PDQLVSGRPHG,2641.8073394495414
WVYHVWEWNL,29992.036697247706
LRVGEYEPDVG,2628.178899082569
SESLHVLG,3354.954128440367
RSKSWKFHG,2090.169724770642
KDGWVSQEPALW,8319.41743119266
WAGAHVAFPYA,19938.798165137614
FKDAQVFKHWD,5869.766055045871
VKHGGEYG,1508.3394495412845
QYKQRAFKSFYH,5770.678899082569
DNDYREDVSG,1528.3073394495414
KPLDLEAS,865.6238532110092
FGQRPQNGFAS,2798.201834862385
LNKWEYNKH,2824.1330275229357
GNLNPVG,2614.1926605504586
GFWWSNDALG,13188.51376146789
PNNFSFHDA,5613.114678899083
ALAWVAGQKSG,2602.3669724770643
FKFDGWFHLG,13260.362385321101
YALSRHSAEWDA,5195.633027522936
KPVHNASG,984.2110091743119
FGEVYDFEVA,10768.834862385322
YQLVNKASG,2462.9587155963304
RWGLNKFEHAG,3978.0045871559632
AGHDKSEYDL,1369.5688073394494
ASSPKEDSG,687.5733944954128
SFYGFEWQHL,16203.908256880733
SKGGVSG,1047.7844036697247
EEALAEKAG,711.6467889908257
FKDDPWLWNKA,4767.770642201835
SQAHFYKDA,2775.1009174311926
WSLLYNKDLSG,6366.724770642202
ARWLEVAWKDAG,5238.600917431193
KNDQWKEPG,1010.4357798165138
VQNSAEKHSG,814.9128440366973
HKPGVLSG,1752.1100917431193
PHKVGYQEKH,1438.967889908257
QHRVGFAYNKV,6165.504587155963
WSVELKHLG,7741.967889908256
DPGSYVLSG,2581.5825688073396
KWNNEHLG,2454.7201834862385
QWASELNKQH,3120.908256880734
QPRGNHGPAL,2808.0183486238534
FHRVWVQHDVG,8064.275229357798
NLGWNVHVAKHV,6357.917431192661
QGYFQNKALS,3782.9266055045873
ALYVAEPFEKV,7397.940366972477
VLWKDYDGKVS,3311.9174311926604
PVPQQWHG,3038.9311926605506
RVVSDALVALG,6337.825688073394
KDGEWHQPHDEN,2055.912844036697
RAPYRWKLGQFW,15539.935779816513
SRQALKG,1539.633027522936
VRQSKLG,1234.3577981651376
SHPWHYAL,15720.857798165138
VKYWVLALS,22955.0
AKRWNYALSG,4158.40366972477
VPFPRYLS,10511.688073394496
FKYDWALEDVL,6244.853211009175
DYDNSYDALS,3163.6559633027523
KQHAKLRYKDL,1219.6834862385322
EYHHDFRDGPY,10433.733944954129
GQFEHVSRDVLQ,5128.238532110092
GWHNRASG,3484.435779816514
QFVVDVAAG,5845.431192660551
AEAPFEVS,2326.422018348624
RREHLPLREWL,11414.394495412844
PHSRVGQVFWNA,10481.380733944954
DGWSAFEDL,6714.738532110092
HDLWKVAVQRPW,14628.229357798165
YDLKYHDRWKV,4750.220183486239
FEWSFSPLFYKG,24974.954128440368
WSNGSQWKAG,4079.0
QLDYEYSG,3873.119266055046
WWLFGRLS,13702.371559633028
AGNQENAHDVA,1205.3165137614678
ENYFALQRNLG,7746.683486238532
KQKLYHFEYK,2616.5091743119265
RYPEPAPVA,1681.697247706422
DRKYVAWG,4539.1697247706425
RKEYKAKYKAL,950.8532110091743
KLLVEPG,1910.7844036697247
YAWLFPGKAG,8223.385321100917
RHLGFKAYVNVL,16511.47247706422
PDSQNSGFRWFP,16125.637614678899
LGFWEWVLQV,38020.27064220184
PHHHSHVG,2763.894495412844
HFNSDEYWNKLG,4765.6697247706425
YENFLRYNHD,7895.8899082568805
VEKSKLKDSG,678.1284403669724
KKRGHASG,882.3256880733945
QRQPEYWYVLS,18567.02752293578
PLAVYWG,21882.01376146789
WNLPYHENASNK,3559.3394495412845
ERVKREHALSG,1223.0963302752293
HFHNVRSG,3747.5137614678897
KPKPQPYWNHVA,3054.4311926605506
LNRVPYALSG,7387.270642201835
WVVQFQWNH,26582.256880733945
RLGQNAQYNAEW,6528.793577981652
RASVRALFWKDL,10578.839449541285
HQYEYGQNV,3758.6880733944954
GYLDRALSG,4173.880733944954
HGNGQKKALS,1015.954128440367
HAQGWKAALG,2806.706422018349
QKSFVWQEWN,6509.311926605505
ERVEDYHA,1557.7981651376147
YKPKFYALKHSG,3922.0137614678897
PGGPFDLS,4371.94495412844
DFNEGPVS,2152.738532110092
VARLVLGYWHLG,26160.65137614679
AELLYLG,21985.77981651376
DGQQASQPYHL,3263.7798165137615
QHWDFNAGDV,4836.766055045871
FHLSRKKVGPKL,1958.1422018348624
PFDKHENVLS,2534.793577981651
REVWHDLKYAL,9776.70642201835
DARPLGDLRHDS,1937.6284403669724
WFSYAFNG,8505.816513761469
EVQVWHDRWN,7705.857798165138
KEFFDVALS,5207.642201834862
QQVGQNKVHG,1306.380733944954
DFLYHQSG,4851.435779816514
RPQKKAYVASG,1205.1788990825687
WSPAPVYNVS,6359.215596330275
HVFDSVREYWD,15508.79357798165
GDALNSGKHVG,1636.3165137614678
LKHRWDKHALSG,3163.1651376146788
WVGGKDSFPS,3374.7247706422017
VQAYSLSG,3466.6330275229357
KLDPVWNVLS,3969.637614678899
KNYVAKSG,1366.133027522936
SNSALPALS,1888.8256880733945
FKFDQEYFYDAS,11394.275229357798
EESHNLSG,1173.059633027523
FEVPEPWKKVS,2251.4495412844035
FSNNFNKLSG,3154.6284403669724
EKQLAFRHL,3686.619266055046
PQLLNDSG,1990.9633027522937
EYAEPHYEHDA,2563.729357798165
QHLKKHDEG,966.3211009174312
QVWVPLSNS,5885.9495412844035
KNFNLLG,4159.215596330275
KADGEPWYWDA,8706.752293577982
VNGYYLG,9092.935779816513
LFDEKGPKA,1306.2293577981652
VGKSPKSYA,1263.4816513761468
QVVYSPLG,6531.876146788991
WSEQKDQRYHV,5262.40366972477
ESNQRLEAS,1206.802752293578
YHNSSGFRWVS,11508.366972477064
EGWKKSRALSG,1475.48623853211
PKRFNREDSG,1244.591743119266
LRKGRQYHSG,2142.4862385321103
PRNGGEKHDALG,1310.2247706422017
NFGLWNKDVS,3680.0550458715597
LSADNDG,1297.6376146788991
FPQNKLGHGQP,2443.5688073394494
GGYQFENKHDA,2021.4174311926606
YHLSQEDSEYDH,2796.4587155963304
WGAGFPGFHDA,13809.0
YLSGRLDAQHLS,4858.229357798165
SSEKWDAG,1344.0412844036698
YGNQSFEPDL,3497.5733944954127
WEENYHDVSG,5569.114678899083
NFSRLSPYWKHG,8457.09633027523
FAAFSFLSG,19441.935779816515
QQDGGPYND,2266.7844036697247
RFKRLGEPY,4548.0091743119265
HSDNYHSG,1993.2798165137615
VFNEHLLG,5250.738532110092
KALDQPNRYHL,5505.54128440367
WEEYLRASG,8123.559633027523
KVRWWSQRNKDS,2267.8348623853212
QAFKASVAPNH,2145.619266055046
YAAGVSVAL,6720.174311926606
HSLDPYLSG,4295.160550458716
QLKEVGNG,1210.211009174312
PVQQYVFHAL,19836.110091743118
RNPFDASGPYLG,6063.743119266055
AWDNGYNG,4434.3899082568805
HGKDWSPNHS,2191.97247706422
VWNEDPNDLG,2346.2201834862385
VPEVQYDLSG,1976.3715596330276
QWSVFYVSKV,38225.266055045875
AKQYKRVAS,1416.8119266055046
FKLWRNSWNS,7897.394495412844
RGHWQPAS,3215.353211009174
ALLKYWG,9059.43119266055
LQSKLWSG,4245.532110091744
YSYKGDEPNH,1858.954128440367
VRSKVRAL,1853.6605504587155
LYAHAYAS,4811.770642201835
YSGQNLWKDED,2024.8119266055046
DNDPEVAG,887.8348623853211
WSRKYNHLHDVS,4863.45871559633
AALDANSG,1092.7614678899083
LHLDEKALSG,1815.8256880733945
YQFHVRLFKHAS,15485.412844036697
VKNVGALSG,1459.151376146789
RWLQALQHDLED,3852.52752293578
EPPKNSQRNA,901.802752293578
KNSGHDNSG,947.243119266055
NDVQRVQNVLEL,3831.967889908257
PFAQDGNDS,1740.8623853211009
KKLHLYAG,2570.678899082569
KFHVRPQEWKLS,3754.064220183486
VPAGRNQDV,1300.3577981651376
QPDRDLPYWNRE,6066.151376146789
GKSGHDHVSG,1200.697247706422
GSWNEALG,2311.5733944954127
HEEDQNG,1106.8073394495414
PAREEKQPDA,960.2018348623853
PFVHAWVLSG,17366.876146788993
QYARSRKQHV,2279.2798165137615
AFRPDVWRPWN,10812.58256880734
KDDHDRSG,982.3440366972477
LWHVEPKFHG,5536.683486238532
EFHKPHLG,2386.7798165137615
LSQASVNSG,1380.940366972477
PGKLNKPYDAG,1694.954128440367
FFGDEHSG,2569.848623853211
YGDVQASRWKA,3354.353211009174
LHKLDLSG,2338.151376146789
SDPFRALS,3654.0412844036696
LRVHQKASG,1697.7155963302753
PDQDKAHDVAS,735.7935779816514
VSHPLQDG,1837.7339449541284
QRQPRDSPVG,1146.1100917431193
LPNGRYSNVG,2990.5825688073396
NKGYDSFDPNA,1962.967889908257
RNPWDVQKQHVA,2041.6559633027523
KNFRKSDG,904.5091743119266
VWDHWDVALG,9357.669724770642
YPNYFKDG,4133.834862385321
PVDSFNLFDA,8248.481651376147
QHSGFAQAWHVG,6617.302752293578
WYYKSKHD,2933.47247706422
QYAEQPHAGYKA,2607.0
FSGAPEWKVLG,3416.4174311926604
GDFAQSG,1440.4633027522937
FQYASQLFES,7543.885321100917
DLAQWANKDVS,1891.8211009174313
PQKSHRPYKVAG,1566.51376146789
WNGWLWANKH,10938.995412844037
FDPKSPWPWVG,7419.174311926606
GRFWRWALS,12638.316513761469
QFHNLGFNGYV,12084.51376146789
VLWNGQYSEDA,3412.119266055046
FRFVLGVQEHD,9793.70642201835
NQQPRYSG,2428.206422018349
WEWNSWAGQFKD,8640.422018348623
RAKQSGPYWND,3159.5550458715597
HREWGFFVASG,19054.77981651376
EKGVSPNQFPY,2372.853211009174
PGHVSDGPDAL,1694.2247706422017
PGAYYNKHDV,2857.954128440367
SKFEWNYLG,5361.876146788991
DQESARWHDS,1913.4816513761468
LQPVEWLKLSG,3412.9908256880735
AVPYSYG,4633.917431192661
GLQELDG,1910.3440366972477
SKFWVWAL,14855.197247706423
VEHNRPAG,1653.926605504587
AWRAHLSG,4974.651376146789
FEAHQEVRWHL,6752.266055045871
YGPAKLQEYNHA,2325.545871559633
NDEFNDGHLG,3006.729357798165
KYDPWHDLNS,3621.5137614678897
NLNHFVFREND,8645.747706422018
QRWWKLKQPKHA,2660.266055045872
VWHEYGLS,7362.972477064221
GWDRDVPG,2773.1605504587155
EHKLVSPYWAL,9537.321100917432
YDVGGYHANVAS,3502.091743119266
YKFYYKLGEYA,8163.655963302752
KAAARKSG,716.5688073394496
RLNQFFPHDV,9533.128440366972
RLQLRWPKVS,6266.284403669725
WVAAAGQRPK,2730.183486238532
WSDALNHEHA,3185.467889908257
FAWQHDFPYWNS,17992.183486238533
QPGPRHDAFRES,2362.4266055045873
HRGQVEVS,1866.0688073394494
KAKPNAFENV,1170.1422018348624
SGDNLQFNDA,2229.5412844036696
WLLYYKLS,10048.114678899083
YESSENDALS,1722.6284403669724
RVWARAFNSG,7425.577981651376
NKKAARPYWHL,5302.678899082569
DADEFYVSG,3284.912844036697
LSLPNRWHDAG,4914.55504587156
KPLEGQPYWVL,8527.394495412844
YAYFHQFEWV,23900.67889908257
SFLWPKG,5573.922018348624
DEDKQWKVLS,1646.0366972477063
YANVERWNS,4381.793577981652
QKDNPYNPKG,1353.1009174311926
RPEYVSKRKD,1380.3073394495414
FKKVKHALHSG,1532.545871559633
RPYDHSQHALN,3298.8715596330276
PKYVWAGQRAG,3879.4770642201834
QPREPYPVSG,2341.651376146789
LQQNAQNKHDG,1253.7477064220184
DHDFVPHG,2612.821100917431
DQLQWARPWNK,4488.133027522936
KWLQGFNVS,6077.073394495413
QKQSQYDASQY,1801.2614678899083
RFQPRNAG,3160.5091743119265
DRLSANSG,1475.8990825688074
WNWQAEHAL,6799.51376146789
HRLRWSHVAL,11444.59633027523
QVFWRDAWNHL,17382.559633027522
PPALDAPHDA,1451.2798165137615
VEGEEVSG,804.8302752293578
KRPDVQDPWD,2237.435779816514
HKFRFHG,4256.95871559633
FPLYALGYSQK,11152.811926605504
SDQDKDVASG,905.316513761468
EDKGWAYWS,6085.334862385321
RDKVGFYSYWH,12818.211009174312
QHGVEPGEAS,930.2889908256881
SQWQASENKHG,1700.1009174311926
ARDEYEHDVL,2064.238532110092
KWGQPEKSG,1051.2935779816514
QVRGKSQVL,1377.5091743119267
APKRGRKLG,773.2889908256881
FNERWHDGEWV,12198.087155963303
QHQGSRWNKVG,2291.348623853211
EGHLNSRPYNH,3875.2201834862385
YKWWVQYWKDLS,10787.371559633028
QEHFKHGRLVG,3574.967889908257
VYSNWDLS,6297.357798165138
QEQWAGNRKH,2182.935779816514
LNVQESRWNS,3145.4311926605506
DFYQERKLG,2282.467889908257
SLFRFWKHAG,5923.192660550459
DRWYKGRENKL,2271.5412844036696
LNHVRANDSG,1667.6284403669724
KNKQPFEKALS,992.7339449541284
DELNRHAL,2935.5229357798166
PYVRLFHLQPYH,27050.077981651375
ERKYENVALG,1681.6743119266055
ESHADGPYDV,2024.5779816513761
NSAYSALSG,2660.821100917431
ENRDRSEPYH,2139.206422018349
RQNFPPYHV,8669.30733944954
WWHWAFWKDS,13901.233944954129
DESRKFKDVG,1224.467889908257
AWLVYAG,23482.545871559632
SNSVHVSG,1974.866972477064
ANYAYLG,5937.426605504587
FWNYWKGAREP,3670.6146788990827
ARAQPYQFS,6967.348623853211
SVGNKSYWKHVS,3143.8899082568805
LDYDPDALG,2750.5
PEHHYHSG,3270.146788990826
HGYKGDSHL,2175.646788990826
KVAEEVAYNDVA,1727.940366972477
KHEFFENDLG,3067.9266055045873
HFNYNPKDLG,3492.256880733945
SWHDQKRYHDA,3186.802752293578
PDNHWHFLG,11361.619266055046
GQPQNLDVLSG,1664.4174311926606
APHLHQESG,1336.7247706422017
SNDVSQVRDS,1057.6376146788991
DHDYEWASG,3052.9036697247707
KHYNYNELS,2928.532110091743
QAEQRYHDPYHV,5999.188073394495
FAVKPKLG,3090.880733944954
LYLYEPAS,7793.151376146789
ARHHQPVA,2452.5366972477063
QHEWVNAFYWNH,19627.288990825688
KPAERYLS,1577.834862385321
SEFVQWSG,7068.935779816514
APEYKQAG,1117.133027522936
VVLSGEFWVLG,27514.509174311926
QEQFYKGQRWYH,10438.366972477064
AQAEPDPYNA,1349.5642201834862
KGSGEVSGNS,771.1284403669724
GPSFLNKDALG,2134.5183486238534
VFNFRNKWND,5459.279816513761
YNYGDSWNKVA,3440.8899082568805
WEAGAQKS,2033.5504587155963
NKEHWVAREWNK,2868.6651376146788
APVSLHVG,2321.5688073394494
QVKEWQFWALS,11819.247706422018
GVQPGHG,2087.9174311926604
LGEALAFWNHA,11960.862385321101
QESWSKLRPKD,1801.3715596330276
WDDYQYLSG,9614.90366972477
DQEKLYQWKHD,2664.6651376146788
HLPPNSFYWN,14530.321100917432
KFDASPAEPWNS,2365.6651376146788
PERNYWG,7652.646788990825
SYSYYKHDAS,3277.9816513761466
PYKEYNFEPDQW,9156.220183486239
NYNGWFRNDVG,7278.784403669725
GPPAQVLSG,1448.5642201834862
VYQHWHVLSG,9045.04128440367
KRELWVYKDLSG,5268.646788990825
WSGWQSQEPVG,3834.8899082568805
QPQDQFYAYL,25373.0
EPNLSYHRWWH,18706.08256880734
ALPESQFPHLS,2611.646788990826
KNYNAVALG,2524.178899082569
DLGFVNDAPNV,3633.1605504587155
HSYAHSWNDALS,5167.967889908256
ADQKFEG,951.2155963302753
QPNKVFDEWHPH,4930.472477064221
KWVRGEVLS,3233.256880733945
VNLQKNVG,1469.605504587156
PLQQQPYALSG,4709.619266055046
FKFWGWDGHLG,14263.266055045871
RWNGKASFVWKH,6927.522935779816
QPGADVENHVS,1600.1100917431193
LRKGFLGPNKV,2734.330275229358
LVDLHLG,4925.688073394495
GNHKPDG,1388.348623853211
VKYARKAL,1543.045871559633
KHNKEYSRPWHL,5464.577981651376
RENKFYWVWNHV,14612.09633027523
HNVVLVASG,21425.605504587154
FQFQLFRHL,18713.495412844037
GFSPWPVG,11929.105504587156
DPAKKDG,623.8715596330276
NYNFDKHG,2791.3119266055046
QRHYSFEDREH,3516.821100917431
VRQKEYDLG,1603.5
EAVNSPSG,899.2339449541284
EDRQPWDQHDL,3604.6651376146788
HEWYLFREYA,17053.224770642202
QAQLQRDLHD,2486.0688073394494
PVKWWDVAL,11649.683486238531
KEKHHLEPYNA,1935.1880733944954
NPPWWDVAS,6914.8302752293575
KEYAELNHLG,2312.0
LALKNKSG,1477.848623853211
VLRQLSFYWHD,24133.642201834864
QFKNGYHHLG,5035.412844036698
QSNKFDGFNH,3057.908256880734
NQHNDQKHDLG,1385.440366972477
KAEVFHYWAL,13204.80733944954
ERNKNDQPYNL,2177.0412844036696
AWWNQFREPG,6863.51376146789
REHPHAPLFWG,11296.490825688074
KVSGWFKDAEKV,2033.6146788990825
PVKFSGWSG,5428.385321100917
PLDPWVRENV,5565.211009174312
VFWEWPKHVALG,14246.29357798165
YLYYLSEPNLSG,9496.95871559633
SHHRKLG,1911.2660550458716
FPWVEALGEDPK,3983.4266055045873
RAGLLGRPS,3726.348623853211
HGEGRFKVS,3338.908256880734
QFHDHSREHRYW,9982.91743119266
PAFHHVSVAL,12249.394495412844
VQYSLRPHVL,10795.926605504586
GYEKLKSG,1292.545871559633
FKGHHLYKLG,4400.426605504587
PWWPNHDQKDAS,3023.454128440367
KLKFNPNHVLG,3307.738532110092
KAAQRHGDVL,1732.0779816513761
DYVPAQKAG,1298.467889908257
VHGQKPALSG,1286.467889908257
RRWRKQDVA,1907.1146788990825
LYRYAYAG,7835.4908256880735
LSSPLWDVASG,4529.811926605505
NDRSNGWHVLG,5811.04128440367
RDVAPWWALQWK,14150.43119266055
VQVEVEHDVS,2092.788990825688
FHFYDYDLPAL,14741.61009174312
LYKSWKHHAL,4577.394495412844
VNANQKHLG,1615.3302752293578
NDHVVLFPYSG,26102.45871559633
KREPAWKDEG,1242.1467889908256
QHKRQENG,926.1926605504588
PPRLASG,1801.2522935779816
KVFPWLLYWNVS,26045.77981651376
RAAGSGNS,1352.3853211009175
RYLDNHDQEDV,1988.0091743119267
WVVGNSPNDVAL,5721.522935779816
QNPGSEYNKS,1085.894495412844
DAVFGENKDA,1249.0871559633028
VEKKSRWHVALS,2710.5366972477063
RFPYYAQELS,7718.357798165138
VNWVSNKDA,1966.2339449541284
NDFAVQFRNHDA,5628.133027522936
FFVFGQAG,7825.536697247707
QFSAVLSRENG,3016.059633027523
KFHRDGYKVLG,3824.646788990826
DSFWDPAPYH,9991.532110091743
QYWGEQWVLD,22273.504587155963
WVLADLREPYHS,13678.912844036697
HSKAYDFEPKS,1475.5
WGWYNGEPWL,28246.146788990827
SDFKYNLS,2914.1651376146788
DALAAFRYNV,9885.215596330276
LYHWWHALSG,12364.339449541285
WNFSYNAYA,9220.252293577982
KVPENLNVSG,1035.2064220183486
SAGSWHDL,5033.302752293578
PDAWALPLSWNH,14099.655963302752
QRNSEDNAYDAL,2272.4633027522937
DQEYESYWNV,5555.857798165138
RHQEKDQHWKH,1885.8302752293578
EAHLYNSPKDA,1539.5779816513761
WREENEPYNS,4252.866972477064
YWHVVWNSPAL,17493.105504587154
NFGAYHDASG,3546.032110091743
VAERSEYNKHA,1893.8715596330276
DFYAPKARYK,3291.5183486238534
DSKQPQPWHV,2888.7798165137615
HGSYYWG,9760.857798165138
EFKSYHFHVL,11674.43119266055
FPVRYVRPSENV,6938.766055045871
FQDAWREHAL,6578.215596330275
VRQDGHLS,2123.3394495412845
RWEFWKSQHDL,7538.197247706422
KDNKWKHLQYDL,3331.9633027522937
WPSKNVAG,1855.665137614679
VHDLQLWVG,11421.279816513761
PQDGAQKDAG,1115.4587155963302
PYVPDAFHSWHA,9142.29357798165
DWDEPDWHDVS,3699.243119266055
HSYWNAHQYNK,4037.5366972477063
QYFNHAYLPYS,10188.08256880734
ALPHVGRVEWNL,7687.784403669725
RSSYSNLG,3328.788990825688
FKQYEDLFENL,4696.353211009175
HLQLGLYWDVL,25750.04128440367
WRKNLFPWKL,10486.509174311926
WRKKYWG,4578.715596330275
ANAQVKHS,942.8532110091743
KPKSRQYVLSG,1663.1559633027523
RQSPGRHVALS,2793.0091743119265
RLYGYNGDLG,5696.247706422018
FGGSPYDLG,5019.077981651376
RARWANHRKHG,2463.9770642201834
VGHNQKSG,1080.7339449541284
VHYDAWG,5624.633027522936
EPLFGFSWKH,12734.5
KRYRAENDLS,1582.926605504587
PNHYFWHGVLS,14717.97247706422
AQVKAYHVASG,2192.6100917431195
KEEYGDG,941.3807339449542
HVVQARHG,2213.683486238532
AFRQYDSEKH,1939.0963302752293
YQRGQYEWNS,5332.1100917431195
ARYGSQFWHVS,10077.87614678899
KGQSLSWNA,2147.302752293578
HPLWYWALSG,16253.853211009175
AFADHVLSG,3033.256880733945
AGLWLKDAG,3357.6284403669724
YRDLGRVSEAG,2059.348623853211
GPNHVWYNALG,7786.454128440367
FDYKSGDQPHSG,1567.073394495413
DREYEAGQEYG,2170.880733944954
ERQAVSG,936.5733944954128
YGSHPYSG,4057.0
PPKKAPHG,781.3302752293578
ANQPPASG,1100.7935779816514
YDDNENLG,2183.211009174312
LSWNLFDQEPW,12868.01376146789
FPHAWDGPDLYN,12165.362385321101
QEVWHSWNREND,3179.4954128440368
QLNAWNQEKAG,1129.3990825688074
HDSYKSPDENVS,974.5137614678899
NYFENLFRPWNG,8773.95871559633
PPFSDLSG,2045.5183486238532
YKLRRWHSHLG,6128.376146788991
EVRRDGREWDAS,2551.706422018349
LSKSNDQWDL,2854.1880733944954
LQKPHSNKHVL,2108.4036697247707
KRYSYRPNG,2610.5963302752293
SQVEWLWG,10420.95871559633
KFHDPKQYNKS,1375.3302752293578
YDEYVKAPWKAL,4561.972477064221
DSARYARDS,1648.788990825688
DSLNLHDSG,1737.408256880734
KPSYFPKG,1558.6743119266055
QPVRNHWNLFPN,9694.09633027523
GSQEPHNAG,1138.8853211009175
LLEPAHLS,2918.2155963302753
LVREKDHL,1458.866972477064
NHYQWDAQWG,9006.47247706422
NEHPQWDG,4037.3073394495414
WNGLHVGPVLG,8632.481651376147
FAKRNSNKDLS,1437.5871559633028
AGNQSYNKDLG,1531.5412844036698
DWLQVFPYWVSG,26430.155963302754
VPYDNEWDG,4654.587155963302
GHQKFRYDAG,2908.1284403669724
LKHANPKG,1091.834862385321
GEHVEAFRNKG,1916.7385321100917
NVQNAGNLENVA,1497.6422018348624
LYLVLNSG,23121.298165137614
ERLEPNSWNDV,2176.3899082568805
LNVPQNLS,1764.5229357798164
WGQANAPNKDA,1474.6467889908256
LSLSDSWVAS,4062.105504587156
YDFDRNRWHA,6597.211009174312
WAFKWASRVLG,11072.059633027522
QDEVFRVPHLS,5013.100917431193
FWAKKVLFPAS,8539.155963302752
LQLQPWARHVG,9247.142201834862
NNFYNQWKDVG,4012.651376146789
RKRSRPLWASG,2709.669724770642
KANVHRWNVAG,2609.02752293578
EKHEQEKEYK,609.2706422018349
VQSFQNDVAL,2780.637614678899
ASHDALGAQEY,1976.7752293577983
FGSSASG,1706.3761467889908
DNFARWSG,5769.435779816514
NQGVDVG,1302.8256880733945
WYWDGELVS,10286.619266055046
NRNGYSQRYWDL,12583.48623853211
QKSQEHASQRYE,1648.4816513761468
RKNVLQLQHV,2727.4174311926604
WHKHHVSWKL,6044.252293577982
NWDQYALRV,17306.5871559633
AHSLNAS,1685.7247706422017
FNPWFPYAPKA,14225.550458715596
RERQWVQHDL,4144.366972477064
NDLRPYGLVSG,5874.816513761468
AYNSWLEPNHA,4986.98623853211
HLHHNKSG,1658.7752293577983
GEHDYDQDVLSG,2391.47247706422
QRLRGKVAEAL,1552.6376146788991
LEWGWLENKH,7345.146788990825
RNNNRNALS,1953.2752293577983
VVGKPNKDVA,920.4036697247707
ARPDADGFREP,1580.7844036697247
DQLKQPNDAS,898.0825688073395
VLNVEWKAGRYV,9405.866972477064
YRFADVALSG,6581.697247706422
DQYLYWQNG,9788.183486238531
EDGFWAKDKAS,1754.9724770642201
SYEVFRSG,5029.408256880734
QNSWGDFEKDG,2344.788990825688
PHHDRYSQFWHA,11195.720183486239
HVFQRPDRYSG,6741.0504587155965
YSANNHLG,2854.922018348624
PDVHHDVPWKHS,2839.270642201835
EGYGQQYLSG,3474.302752293578
QEYEHSSQPDSG,1546.651376146789
EQKELEHSG,622.348623853211
ESLAHDASG,1076.7018348623853
FNNDKDEYVSG,1945.9954128440368
DWDELWKG,3595.5045871559632
HPAPVPNALS,1582.045871559633
ERRAFALG,4228.908256880734
PEWNPWGQKAS,3554.2201834862385
FHVLGYDREVV,7364.623853211009
ERAFFKASG,3750.967889908257
WEQQHASG,3009.2522935779816
SKLDRHG,1525.7201834862385
SYLPVHLSG,7139.605504587156
WVKGGKDASG,1596.133027522936
AASLASG,1152.8256880733945
QQGHNVG,1375.6238532110092
YGKVHDAHAL,2708.330275229358
YASYQYNDQFDA,8275.614678899083
NYRSDALSG,3017.0183486238534
EEQAFLSG,1917.440366972477
DQQFLHALS,5102.495412844037
DLLRGFVSG,10942.055045871559
WWLPDDVSG,9175.51376146789
HPAGQFYEHDL,5426.087155963302
YHRQREAYKVG,2705.0366972477063
NFYKYAFEPKL,7696.435779816514
HVPARYAFPHLS,10313.128440366972
GYHFNRPYNS,8281.279816513761
VNQLPNG,1587.98623853211
HHHVVSG,2729.646788990826
ADALPYRPYHVG,8295.19266055046
KKDYRASG,984.9816513761468
GVLFALAG,31483.889908256882
NWEVHASG,3477.5550458715597
FDKSASFPYLS,5793.692660550459
DWALRAGPD,5344.793577981652
FLQFSGNDFEP,6916.811926605505
SRAFRLYNHVA,7957.04128440367
RHKWFYDG,6825.564220183486
VGLVWNALG,10143.247706422018
AEDAENRWDVG,2290.4311926605506
DSYQVQRNAG,1881.1467889908256
YKASASFDGPKL,3392.302752293578
ASGWEYGQHS,4174.756880733945
WGLPVGWHDS,13822.30733944954
YWEDENEHVLG,5034.059633027523
RFHSRGRENKHV,2197.788990825688
NDYSPVAWDASG,3900.077981651376
GEFRQRLG,4670.724770642202
NNFAGYG,4841.761467889908
QVYPQRHG,3699.9311926605506
PHYYFDASG,9925.573394495414
DWYWGEG,6789.399082568807
HKHHNVG,1505.5
VLVHPVG,4890.275229357798
ESQEPWPKSY,2224.5137614678897
DFRRAGQWKLS,5013.545871559633
FNYDAFSQPLSG,6165.44495412844
VFHDVPGPNVA,2740.243119266055
SKWKVVALS,6006.724770642202
QHFVKLGRNS,4440.426605504587
KEVNGFVS,2507.940366972477
PGLVRHAG,3331.032110091743
WQKASNLSPY,6634.339449541284
VDGQQKSG,901.7064220183486
RSVSNFKG,1727.954128440367
ALFQHDAKDAL,2743.1284403669724
RYAAVLGRKSG,2802.087155963303
RWNWNASAPWKD,7282.857798165138
YGSWGVSG,4865.628440366972
WEFQPVG,8924.550458715596
GYPKLPSG,2241.2522935779816
ESANYHLSG,1850.8577981651376
YSYLLRKG,5917.733944954129
FYKLGDKGQEH,1593.651376146789
QEWFKVLLEPK,20960.610091743118
FVSPSGWNRYHD,9074.59633027523
PVVGHWKHV,4709.174311926606
QFLWEPAGEKVG,3273.077981651376
QPARPDSPDFPY,3685.577981651376
HHPASKLSG,1840.3623853211009
HALSYEYQFYL,45373.66513761468
DQAPSGQREKS,1053.9816513761468
YAYLHLFPYL,12019.747706422018
PHQADSGWNHLG,3228.7155963302753
DFNRQRKDVAG,1689.2660550458716
YRVNLPNG,3938.894495412844
YEPEKAHVAL,1809.9954128440368
AYNYDAQDVALS,3153.9908256880735
NKVRNDNAGQY,2399.9633027522937
KVFGAPKVL,3288.0366972477063
ARQQRASG,1247.2477064220184
GSYNHAYS,4401.270642201835
EHRQRVEWDLG,4471.293577981652
PWYFQYWDLS,31103.477064220184
PEQNFNLSG,2859.4816513761466
KYLDHALS,2657.9266055045873
GQVPYYHVSG,7005.325688073394
HEVEWFKDASG,3232.6651376146788
DNDNDFLSG,2250.6146788990827
HYEPHHVSG,3306.169724770642
LQSSEHVLG,1907.4128440366972
HFKWLEASG,3810.8119266055046
VVNKFRDVG,2736.0733944954127
EFKQPLKDG,1366.6376146788991
GQHPSELSG,1290.1697247706422
NNGDGASG,1265.6376146788991
PDVQSGHAGFD,2597.091743119266
LKFWHVPSG,5507.51376146789
VFKDYKHRVLS,3991.8256880733943
FWRSKHFYKV,7892.40366972477
NWDVRYRPKH,6783.688073394495
FHHREFRYNVS,7427.518348623853
VRRPYNWG,9299.866972477064
YKAHGNKGEYW,4581.036697247707
DSGHEKEYHLG,1447.9449541284403
KGWAVFEWND,10475.45871559633
VHLNYLSG,5954.0091743119265
GQSKQFALS,2222.6422018348626
HDKENDVVAS,905.1697247706422
ADQKYALSG,1414.334862385321
GNRDLEG,1416.559633027523
DKDLWDPYDVS,3698.321100917431
GAREWPVL,5775.339449541284
YYQGQHDG,3005.47247706422
QFWNLNQFLEH,14966.733944954129
WELNHYHL,13456.151376146789
PDQADVRNVAS,1288.8577981651376
FQPPEYVLS,5618.252293577982
YHNVPLRPKHG,3509.2522935779816
QSWVVLRPD,20776.802752293577
NFYWLAQNLS,11436.036697247706
RVPQSRPNHVS,1941.7752293577983
WRNHNHFPLS,10765.178899082568
FWKDRGQYAQWH,9770.444954128441
QNSDHALWHDL,5347.825688073394
DYHGERLS,1938.788990825688
RLRKDGNFPNL,3422.8577981651374
FHEPVLDAWKV,6600.422018348624
RFVRDRWNHDS,5168.04128440367
WDKRDFPYHL,9503.311926605504
REAWYKFENK,3046.270642201835
KLDQGDLG,1159.9587155963302
LRNLPAWNKDG,3266.0137614678897
HFQYYHLSG,9020.738532110092
QWNKESFDFYND,8687.761467889908
SGVWQNVLG,5142.467889908256
PGGWHFHAG,7457.477064220184
AHLASPG,1985.6605504587155
FVDEEDALSG,1597.1788990825687
RAEKHDRRYHL,2803.8119266055046
GYAPNLDG,3222.266055045872
PGEPHAKLGEYA,1643.4449541284403
DGNGKGFKDV,1121.2431192660551
EVYEKSEPDL,1260.619266055046
GLKLNHAL,3369.6330275229357
WSNPVFPWNAG,13721.100917431193
DNNRKSG,906.2293577981651
NVNQQFYWNKH,5043.0091743119265
QSNYAQFPYNK,4024.266055045872
PFNWSKSG,4101.376146788991
SPWRSRPYWV,20139.536697247706
VEDNWAG,3486.3899082568805
YEAAKVSG,2062.9770642201834
YALWHFGWKHD,12154.963302752294
LWAPGWALSG,13329.954128440368
DQSREQDG,972.7660550458716
QADWFHAG,5385.01376146789
PGHEEYAG,1965.8211009174313
FEQSLYWNKAG,3229.8899082568805
YGSHHDG,2520.197247706422
WWDAQSFHVSG,10458.5
QRVSAQREDEKG,1078.9770642201836
QQGQNFPYWL,18368.4128440367
HPDQRLALS,2393.7798165137615
WYAVNASG,6049.027522935779
YGQSVALQYKG,4409.885321100917
VEWQFDQFVG,17933.5
HYQPVEVLSG,3692.0504587155965
WNHSKPHSWNVA,3850.261467889908
VAGQGPDARS,1275.467889908257
YNPQQEPYWNVG,4306.0091743119265
RQEKEVAGYWV,4526.165137614679
HWYVVAG,13893.004587155963
QVQHWSQFELG,7127.642201834862
SYDNVFYWVAL,26156.577981651375
LELHDHSG,2513.940366972477
NPHYKYNKHDL,2352.348623853211
WFWKSYDLEYKH,7862.816513761468
FVNNAFNVALS,8436.857798165138
HSKFQWLG,5525.435779816514
PWYEHVFHALS,19931.72018348624
KASGNLWGQHAL,4609.605504587156
WLGQHDRWKYDV,8630.238532110092
AEEKYHLG,1340.4495412844037
HDVLQGVFEDG,3021.353211009174
HHLHRESG,1684.2155963302753
VLNYHLQDSG,3278.5091743119265
RVKFVGPWDS,8485.142201834862
EQHVWVRNVAS,3894.5825688073396
NSDLEKDEPHS,904.9495412844037
PWSQNHGHQYD,5279.064220183486
WHADPNDWNKV,3496.288990825688
APHNNASG,1008.3761467889908
PKAKYLGRNV,1488.3440366972477
NFEDRAQLG,3495.298165137615
AQEFAQFPN,4171.54128440367
GFVSFEGYAS,22718.32110091743
YDEWGQGNKHV,2628.738532110092
RDHSDAPKAS,850.5642201834862
RGGYWGNKH,3448.3990825688074
FHKVHAEPLG,1915.866972477064
QDKEPDFPNKL,812.7201834862385
YVNDLFKSPKD,2072.435779816514
QEHNKAGEYLP,1181.5412844036698
DERNNHDVAG,1163.8623853211009
HQQGQWNDVA,1701.7752293577983
YFGGHVALSG,4754.165137614679
GYVSRVLEPVL,11696.077981651377
KSWNVSALPWHV,10079.490825688074
PNKYEPWFYA,13789.747706422018
PHFVFPHDVRNH,6608.201834862385
RNVKYAYVLS,11585.56880733945
YRPRQVALS,3046.3256880733943
VREERWKAS,1609.8623853211009
PYFQENGDG,2740.4174311926604
PWELVANDVA,6801.100917431193
QNWKLPWEKVS,3080.1009174311926
DRSQRQDLG,1152.8577981651376
RRDKENHS,765.5825688073395
EESRPNQKDLS,716.7798165137615
NDNDHQFWNS,3689.8669724770643
FSWWRNHG,7231.399082568807
LQGQVSEKVSG,1031.3990825688074
NHQHSWRPNK,2605.623853211009
HELGPEYALG,4435.284403669725
FYARNGNSYDV,4338.252293577982
LQYWLVQRWNS,17896.11467889908
YLWDWVQKHVL,12121.19266055046
RRNFGRDVASG,2515.6009174311926
KFDGKVGPNVS,1443.032110091743
WYENGYSG,6197.912844036698
GPAHPWVG,3690.4266055045873
YAYEHDVPNKSG,1908.1146788990825
SHVHSLSG,2141.2798165137615
HYDLVENKHDLS,2663.3348623853212
KRSVENLSG,977.2293577981651
PVNLLSRYWNH,10344.683486238531
GAGDHVG,1411.1788990825687
ERGDDASG,976.9495412844037
FWQAWSGEYWH,18196.0
GRGHVNAG,1908.0275229357799
EPHGNRPYLPW,14121.444954128441
EPDRFRRPHLS,4225.215596330275
SRVFGKSG,2810.761467889908
VANASWLEPVL,7368.5
QVDSYGYKHS,2262.940366972477
LEHSKSWNHG,2445.137614678899
AKAVGDSG,892.7660550458716
WPVKHHDG,2916.8715596330276
HLRHREAYWV,10522.747706422018
ALDRVPKDVG,1361.0366972477063
WQYEYSYSG,16848.188073394496
EHPFGFREPLS,3615.119266055046
HYDHENHLG,2771.2798165137615
FAYQKQFNKHDL,3616.3394495412845
QSPKVPVEPWH,2542.146788990826
YSAQHRYWNK,4053.798165137615
NHFKPDLGYHD,5484.197247706422
NKAASKGRDVAL,1065.440366972477
RNRWVRGWKDSG,3624.1284403669724
NEFKFPLG,5615.178899082569
YSEVWHGYKHA,5461.793577981652
EFKVRPAGYHSG,3531.793577981651
WWFVVLG,33654.93119266055
NASSRNHRNHVA,2587.105504587156
HGQKNHASDAG,963.5825688073395
KPGKENG,711.7247706422019
WVAKWNVLKDG,6181.229357798165
HSRWSEKEDVG,1304.6605504587155
FWQDDVSEYDS,4769.747706422018
NSSWGFVSG,6854.798165137615
QSVWKFKSG,3417.8348623853212
SLKAFPYWKDG,4739.655963302752
QHDKNANDVAS,865.5688073394496
FLNVAFEKGRY,9221.12385321101
VRLQRDSDVL,2823.816513761468
ARFNSNLG,3418.8990825688074
RWYDRSWNS,8358.160550458715
PQDRPRALSG,2173.908256880734
RFVGASKLSG,3149.9770642201834
AGHADGPVAS,1314.5412844036698
QVDRDSDALG,1289.651376146789
FQNRHAQFHA,6065.821100917431
SVRRYKSG,2250.5412844036696
DFGSQYS,3481.0137614678897
DEHQGYAG,1927.334862385321
LVGHWLSG,8232.766055045871
FQRDRSQYVA,4561.701834862385
QERRRYNKDSG,1197.0550458715597
WYGRVDAG,5240.440366972477
FFNSAQEYKDL,2933.123853211009
QDNEQFHLG,2597.8577981651374
HLLAKHSG,2635.238532110092
PVSGPHRNLFVA,8340.591743119267
AEENVFSG,1961.8440366972477
RFPNKLHWHL,8832.45871559633
KQPWEVLQPN,2455.766055045872
HKGQRQG,1198.7064220183486
WVLPLFYDFPNG,26307.07339449541
RDPWVNGFEP,4941.440366972477
VSHWPNHVS,5087.467889908256
LELQQKVL,3389.940366972477
NHVGRPEKYNDA,1356.8623853211009
HYARARWKDVLS,4741.655963302752
QLQPLYASGRYS,8844.619266055046
DAGWEDFPYDSG,5775.600917431193
FHGEGYWKRNH,4739.51376146789
LRFRAWLS,12501.862385321101
DFEFSQALG,5310.027522935779
RQEKNKALNHG,1019.3302752293578
SWRNVKASG,2841.6146788990827
YVASVGEQRW,6426.123853211009
LAGLYLSG,10755.311926605504
NKSPALQESWN,1795.7706422018348
YESQWFKLG,8565.077981651377
HVEARHLLSG,5462.408256880734
VPVDWDALG,3089.0366972477063
ADSQALNG,1140.6146788990825
EPNPKVFNVNK,1298.5229357798164
YLLYHLYNKV,5768.073394495413
GEKYSQYLG,4027.0504587155965
FQYDSDSRDLG,3152.821100917431
RLVEKSFNASG,2879.256880733945
DWSLQYWNHAL,13466.977064220184
VQVRRKLSG,1824.8761467889908
DGQDGQAQHAS,1141.5183486238532
DLLDFNHG,3401.5688073394494
HDEKAKDSHVG,888.2339449541284
QYPNGFNVPNS,3277.619266055046
GFKELGPWNKH,3120.637614678899
VDWLHSG,5097.839449541284
WPNREASYS,4582.362385321101
YFQDNKALG,2927.8073394495414
RLNRYFVLG,17718.577981651375
WNRLNKFEPN,4381.293577981652
NWQKRNSG,1976.6009174311926
YNEDASKNKAL,1283.6834862385322
YAGGNHDRALG,2840.8577981651374
WLRAPLDVAL,16510.5871559633
LEVNQRDS,1956.3440366972477
KKYSASG,773.0550458715596
NLRPRKDGQKVG,1403.4220183486239
PYKENHSALSP,2494.4174311926604
RGHSWKDVNAL,3106.4495412844035
REGRFEVSREWL,9456.651376146789
NEKVPYLRKSG,2053.816513761468
NVNQHARHSG,2242.9587155963304
QWDEVGKHFPK,3074.623853211009
DWEHSYG,5057.431192660551
VHSPQPSG,1527.5275229357799
DLHSGDRKVL,2028.1605504587155
PKPQRRPYHDLG,2906.830275229358
DPEFRSG,1324.5045871559632
ELEVLLREHAG,14187.655963302752
FANVPYSRVLG,10428.220183486239
YNNWKDRPHSG,2797.912844036697
LPDGYVLEHAL,8254.58256880734
YSRGQLGKAL,3646.876146788991
PWNRDVEKRNKA,1318.4128440366972
DKRWFWKHAS,4104.435779816514
AYVPRDLS,3322.0963302752293
QFKPVGPHQPVA,1954.8899082568807
PNLPAEPQRKD,1204.1697247706422
WASHGESDAL,2256.3073394495414
LKDDAPDG,1016.4357798165138
QDYKREKGDVL,1122.926605504587
QFGKPDVRWNH,4933.495412844037
NWEPHSHG,3891.5183486238534
LFNWSGEPNDL,5454.073394495413
YLSANKGPG,2202.1422018348626
WWNPSRPSG,5880.321100917431
WFFQKHG,5673.527522935779
EPNSYHNAEYWS,6653.174311926606
QNNQAGWHVAL,6476.233944954129
LSHLPHSQENLS,2107.4036697247707
SKRASYG,1837.8302752293578
GVAHQVLG,2396.105504587156
KLAEQPVL,1566.5091743119267
DPQSQPYNALS,1902.8394495412845
EKFWNFEVRPA,6693.477064220184
RDLKFASYWKG,4680.004587155963
PAPLWKRHSG,2947.02752293578
KDYYPWVAL,10885.256880733945
AWNPHNLG,4631.706422018348
DYWEDRNLSG,4311.577981651376
DSYWFREAFNHL,16629.93119266055
VRQRKSEPNHVG,1431.9633027522937
PHNPYLFENDL,9905.766055045871
FQHNARNHVL,5030.495412844037
YLREDLKDQRH,2987.2477064220184
FAHVNSYNHDG,4362.637614678899
YYKGWAEHAG,3433.8440366972477
DGDDKLSG,999.0412844036697
WGLDYWLG,21492.729357798165
RPQSWASFRKHL,7710.637614678899
KDGLYHDYNHV,4824.128440366972
LEHDFQNKHDL,3215.3853211009173
LAFVHVAL,30598.504587155963
RLDFEWDNAL,10612.885321100917
QPLRNHKFRED,2770.4862385321103
VFLWEYKALG,17210.674311926607
ENQPVREVRPDV,1376.8853211009175
PRELKSFRDA,2315.0412844036696
YFDSVQYWND,11015.238532110092
AVLVKASG,4496.922018348624
VANDDGFNVAL,4142.559633027523
QKFEDQFRPPDS,1946.1422018348624
SRRYQPSG,3176.146788990826
PNGEWNFYHFRA,17285.738532110092
SGDGHADVG,1495.440366972477
GFHPQVAG,2829.4633027522937
WNDVPHRVSEY,5460.151376146789
GRKRPDLREKL,1151.8761467889908
NHVGSYWSQFN,11782.30733944954
WEVSKVYHAG,7442.183486238532
YHWWLGKHVALS,12777.871559633028
RNQQEKFHL,2416.2752293577983
APYAWAFRNKV,6874.467889908256
YHHQNPYHDG,4731.839449541284
PQNEHARPWNK,2261.798165137615
QPSAEPDVKA,721.5137614678899
KVQKDGFSPNH,1928.9816513761468
YFDWQFHSG,10126.912844036697
YQQPQWLG,7724.733944954129
WPGELFDG,6171.678899082569
LFELPKSYDVS,4972.917431192661
VESAHASG,1264.545871559633
ALNHPNQFASG,3546.266055045872
KHQENVFQYWDL,13250.440366972478
KVVDSASG,864.0183486238532
KVKSRVFNDG,1423.0366972477063
PDWSFHNVLS,10480.399082568807
LFKFELRHSG,7426.48623853211
GHQEWQVS,2801.0183486238534
LNQLKASG,1550.4908256880733
DGSRPLSKHSG,1381.5229357798164
LPLRGHASG,2496.853211009174
LGADFRVSG,3837.8348623853212
GFHNKEWNHVA,2985.243119266055
DLVRHAEPYHG,4055.0550458715597
PRGLNKVAL,2587.940366972477
PFVVHDSG,6036.215596330275
VGQFNWNGQYN,6913.793577981652
NRRWAYLG,10512.69266055046
WNLDQREDYKA,2682.770642201835
SRLSHAEPKL,2035.0045871559632
NKEWLQVPNVG,3014.8440366972477
FVDRFPAS,4587.233944954129
NHYDYAQPYWDG,13088.385321100917
KAHEAGPYN,1477.3440366972477
QALDRWDRNAL,5593.807339449541
EVKNDSRENDV,767.394495412844
PFHRPSPHDAG,2847.880733944954
LQNDPVYVAS,3343.830275229358
KEHVAPRNHG,1758.454128440367
EPLRHLSHVHA,4193.362385321101
ALRRNAFRYNA,6027.004587155963
FPQPNSFVGWN,9007.100917431193
GQPGRPKAWDAL,2932.330275229358
SNFWDYVALG,14945.688073394496
NQAWQDVG,3013.605504587156
YVQQKVLGRHG,3873.743119266055
HHFWQWHLG,15507.747706422018
YVDHKHG,2159.4770642201834
WQGDLKLSG,3192.545871559633
PLEHNDFPYKLG,6750.123853211009
EYWFEHVRWNGY,27290.729357798165
QEAYRKVALWS,8780.660550458715
HGAPELG,1524.6697247706422
EQFSFASWDVL,16077.61009174312
QDNERYNKDLS,1354.8073394495414
VWYVWHSG,14283.371559633028
EAPNFHVGRHDS,2215.4816513761466
PVGEDRWGQDV,2929.7247706422017
GRHDALHLKHL,4861.284403669725
EVNWEWDASG,3703.1880733944954
RYNHFVRDVWK,7763.481651376147
QDRVREHWDVA,2694.02752293578
NFEFRQKHVA,4006.733944954128
HDYDREALDVG,2147.7201834862385
WVYGDRPKHDA,3395.348623853211
EYNDVEGRELS,1611.3119266055046
LDGGKAG,1142.9174311926606
YGGRLKHG,2756.3577981651374
LNDKSVLS,1519.366972477064
VAWLWNFYVLSG,30950.922018348625
FKRESQGNHVL,2977.348623853211
FHHGYAHDVLG,5540.683486238532
SQEDQVSYWAL,7740.334862385321
HSPVKSGVSG,940.8211009174312
PKDQRAYSQR,1623.545871559633
AKHWFNHG,4408.435779816514
DYVGYFEKG,4629.215596330275
RGFPHKSQNKL,1713.7981651376147
NYYEHALG,5298.45871559633
SPHPVPHDVAG,1715.1009174311926
PRQKFYS,3386.2201834862385
GGYNSVSG,2368.0
DQNQKLRWHVAG,2978.2522935779816
GWAGAFYWKVAL,22642.967889908257
ELSYGFHLWLS,24504.92660550459
PNYHNLSEDV,2246.0091743119265
YREPNSHDRNDA,1632.7201834862385
HAHLNQEKHDL,1501.1743119266055
GQKQHDNHS,1002.1467889908257
VQYDKHYNVLSG,3275.105504587156
VNQLSNLSG,1613.651376146789
QKEEPDQLG,632.151376146789
VQKSNQRNASG,1039.151376146789
LRGAFVASG,4990.908256880734
QGSNHDKG,772.1422018348624
FNDVVGPVPAS,1989.3899082568807
RNDAKDLYSFRV,5150.481651376147
RLYQSWKALS,5986.568807339449
WAAKSQHG,1963.059633027523
VFQSQEASG,1509.1146788990825
HDKAKHQYDS,954.4449541284404
LSVHGASG,1594.9587155963302
KHYQKVEYDL,2308.266055045872
RQHHAQEPNHA,1397.7522935779816
AFKQYWGWNA,8309.348623853211
DHVLVYNHDG,6309.417431192661
WEYHYKSREVS,2963.4311926605506
LHSVPVG,1795.8715596330276
ASSLGNDVG,1100.7385321100917
FGAASASG,1288.0779816513761
QLQANQHVSG,1399.3256880733945
FWQVEHALSQRE,3253.7752293577983
SQNDDAEPYNL,2544.3715596330276
HKRVDVG,1383.4128440366972
WGPSQFFKAG,7420.651376146789
NPRHFNG,2649.7752293577983
SKAQPFEPHS,1592.4587155963302
HEGAGPAG,1314.5504587155963
QPWWYHVRKH,9683.665137614678
PQESASRPASG,1244.1605504587155
WNHNNKGQYNV,2918.233944954128
KLHVVGQYWDA,8067.036697247707
FYEYQWVYDLS,8942.619266055046
RNPVSGRQVSG,1629.7339449541284
AWSDFHAG,4985.504587155963
HRGREVDS,1186.8256880733945
KAAQHVQWKDAG,1444.5779816513761
QEFLFRQNHG,4662.729357798165
RSREAKFRYNLS,2933.97247706422
AGSYKRSG,1325.6788990825687
YVQGSGRWNK,3024.178899082569
SSPYVHG,2990.064220183486
WKKDKLENALS,1294.2431192660551
AFWYWQYWNHS,14142.990825688074
AQYFNGQFYWD,24804.495412844037
PDWGWHYHD,14285.821100917432
NLFQRNKSGEKH,1673.3577981651376
NSNVQQNHLSG,1798.2247706422017
AWAFLHDLS,15102.660550458715
KQFYRPAQPWHG,8134.697247706422
YDYHYKPHDL,4014.798165137615
FLGAVALRNHDG,5446.119266055046
PLDVPYSWSG,8916.463302752294
HLFRFNDVRDV,9076.467889908257
NGGHYKG,1682.6284403669724
QKVYDEWHHDG,3464.7798165137615
HRLAYHASG,4581.678899082569
KFVDEWDS,3178.5366972477063
WRDWYWSG,17742.357798165136
WKENKEHDVWH,3318.894495412844
FHEFAGQWKHA,4776.5504587155965
QRDNVGHGWAL,6723.412844036698
ADQVQREYHDA,2089.197247706422
EALLGWHGEWDA,6199.98623853211
KGHQRDRVAL,1768.6100917431193
YKHGKREYFYG,4841.573394495413
FEKGLWDREYH,5349.339449541284
FSWRFWNHDG,10793.981651376147
RYFPVAFWLVA,41927.8623853211
LDQRQHSG,1974.5550458715597
HNREYFDSG,4070.316513761468
SVGVDVALG,3542.3669724770643
VWNGYLSEWKVG,8908.949541284404
AGEYKSKLFNH,2865.766055045872
LFRHSHSREWAS,5183.894495412844
KPEHQKVAL,924.545871559633
QSGKASKDWNHG,1382.7522935779816
PWGRSENRKAS,1659.302752293578
QREDRVRVSEND,1231.1467889908256
NWEAYDALSG,5135.321100917431
QHAHYNASKL,2605.435779816514
YASPQPWSQYKV,6446.825688073394
ESYSPSWDG,3629.302752293578
YWRWYLRNKVS,7512.3899082568805
QLEEFWKVAL,10588.302752293577
LHWQASG,3953.9816513761466
LVFKFWNDSG,11749.215596330276
DFEVPPYWNSG,7855.348623853211
RRQFLPDLS,5003.761467889908
PYDSARPDEHDA,1715.9311926605506
LGYGYKQRKHS,2424.0733944954127
WFSHAHG,6156.252293577982
YARAKFYKDV,3803.6100917431195
VRVPSYLSG,4757.100917431193
GQKYVVSG,2861.678899082569
WDYAGDWAS,7442.220183486239
LPVGQEFEV,2047.834862385321
DHFEAPSG,1619.98623853211
LEKRNYKHVS,1839.1559633027523
NALKQREWFRES,3777.637614678899
YHSWPWALWKHL,19124.628440366974
HHQYQYLSG,6255.504587155963
HEVNFWSG,10141.550458715596
QDEPDSFESWKL,2279.5137614678897
YFFWVRSG,11012.261467889908
PLELFPGWKHA,10709.866972477064
PSGWKYLPNHS,4266.665137614679
NRKRALNHAS,1647.7477064220184
NPRKPVLG,1811.6284403669724
SFWEFYVSG,31235.724770642202
VHVARAPWKH,4848.848623853211
LASGPNWNHAL,6530.532110091744
YEPNFRWSPNDL,11041.321100917432
RAARRALS,1803.9908256880733
FHFGPYLPLSG,14444.412844036697
FGDQWRWHSG,10211.80733944954
YQEAHFRWHAG,8226.330275229358
SVGWAVG,5659.348623853211
QHGPLSGRASGK,1566.3211009174313
QKPQGPWNKG,1173.2431192660551
LAGRYKADLG,3022.9174311926604
WFRGELQYVG,15151.90366972477
HKGHQPSG,1476.4908256880733
DLARRWHLSG,6258.646788990825
QVKKRYNKHSG,881.2201834862385
LLGYAHVG,7000.426605504587
WPGPNKGLS,2591.605504587156
GPAYNQHDVSG,1742.1376146788991
SYSWNASFEWNK,7567.784403669725
PVLLNLRYDL,43040.84403669725
PNEGWNEWKHV,4740.256880733945
VWHAAGENKHV,2449.261467889908
PDGLRVALFND,23352.977064220184
LAGNYWVALG,13390.678899082568
YAFFDAQFAG,13766.784403669724
NVYNYWHGNLS,9952.302752293577
KSGDLSKHLSRK,913.9678899082569
PLQLKHDHDLS,2446.591743119266
FAYEEYHDAS,4805.54128440367
AKGFNQEVG,1248.348623853211
WQFPAQWGNDLS,8282.802752293577
NARSYSEYNKG,3080.3853211009173
QPVVQWVYWD,38397.747706422015
QEENSRARDLS,1470.197247706422
APAVWNG,2029.165137614679
RNALAGPHFYK,7319.522935779816
KRPWHEHSENG,1825.9495412844037
RKPVAFPYKSFP,4057.0963302752293
EKKPVENVAG,677.0229357798165
RDQSLSQEPWN,2515.559633027523
RFHQHENLSG,2666.045871559633
WREGSFYWLS,22628.42660550459
LRDNNHSG,2248.922018348624
QPLVPYKGHAG,3027.9174311926604
ESGVHLPLSG,1923.4633027522937
DYHPQPHG,2753.2844036697247
HNEWESG,2322.8256880733943
FKSQASYSGRYW,8651.197247706423
RNAFFYKDVPWN,13628.655963302752
PKAAPWHRAG,3147.2155963302753
SFVVQPDSG,3692.9633027522937
FNWQLSKHDA,4005.8119266055046
WRDKFEHG,3389.0733944954127
RDNWLPYWNL,22615.091743119265
EREKGNRDVSG,1208.4311926605506
AWHHYNAG,5097.385321100917
DRPWVLKSPWD,13090.238532110092
FKGARWHGFHD,9549.839449541285
EDGRNESEDVAL,1247.9036697247707
DVEWPWLRAL,24313.032110091743
HERYYHDVL,8900.995412844037
HREYDEQFPA,4214.545871559633
DVLSARAQRYAS,4276.697247706422
GQRHLREDGVLG,3114.197247706422
AGNFWALWL,29840.69266055046
FQLNGKDG,2233.1559633027523
LGNGKHQENALG,1403.3211009174313
FAEVVAGQPKS,2384.8394495412845
SGSYLWASG,6975.247706422018
SGHVFRAGPHV,6457.545871559633
DKNDPWG,1751.6238532110092
FSHPSGREKDVL,2016.1834862385322
YSQFPSASQRAL,4078.0504587155965
EKLQAGYNSRNV,2427.894495412844
ERVWYWLSG,18015.422018348625
RAHLGLQFNKDG,3787.9036697247707
WEKQPAHLS,3662.0688073394494
HLGKHGSEPYG,2340.623853211009
WFSNEWASG,8302.93119266055
ESWHNVEWHG,5646.123853211009
KDAFWAGQENAG,1808.467889908257
AGDFAFEPKHG,2214.940366972477
GFQDAFNKSG,2633.0045871559632
PFFKPVSG,5906.422018348624
FPLWEYNLRYDA,28139.298165137614
VDFWSYSG,9605.169724770642
VGNADKDVL,1094.5
WEDWYHSG,11297.133027522936
YGQPLHGFKV,5678.091743119266
NNAGQAWAL,4940.522935779816
WFQVFKG,12120.591743119267
LPLGQAWDAG,3828.6651376146788
FGSVAPALS,2728.0825688073396
SREHPNNKHLG,2208.091743119266
NSAPNLEYHL,5079.779816513761
FFGKENASG,1642.8761467889908
HNFLHLG,7657.54128440367
KSGFDFWNFDA,10659.532110091743
ALSNAPGEPNG,1307.9311926605506
EDSRWEPFPDS,3778.0183486238534
VWGRPLKVAS,4773.165137614679
ERLEELG,1064.98623853211
DDGPPNLSG,1664.0779816513761
QQRNFKGQRV,2069.4311926605506
NFLFYAEYHS,29933.091743119265
VADSWDVYVS,12212.95871559633
RVWGYAKVG,6554.197247706422
HDRSQGQPNKLG,1576.2018348623853
VVPDVHAS,1874.8990825688074
KEWNFEWDQRVL,11665.321100917432
LSNVDREWS,3381.8119266055046
GKFVRWG,6109.417431192661
LPDQLWNDAL,4046.4770642201834
SNEHLASG,1369.7477064220184
WRYQKSFNKA,3470.729357798165
QQEDQFLGQYWN,8045.633027522936
DSRPVQPFEPA,1840.454128440367
GRVWRPALS,7212.325688073394
DWNPFPWKHAL,11445.114678899083
GDNKDYNDLS,1286.0779816513761
PAHNFKHDLG,2505.3990825688074
FPHLDEPSHA,2380.894495412844
QLWASEHFDA,6762.697247706422
WNKFGQKLEWD,5825.371559633028
LQPHYQEPSG,2020.0963302752293
VSNEGQPDA,1105.3532110091744
FDNWENLG,5731.247706422018
EFGVRKLS,3193.1146788990827
WDKGGFPNKDAG,1948.288990825688
QAKWKVQPKG,1017.6330275229358
WNKRGKHVEYH,3414.4449541284403
HFSHPWDALS,9987.944954128441
YFNHEKPHDA,1887.8623853211009
WREFSGPYNG,10789.830275229358
RYWNQFDESPD,5595.784403669725
KHVYGHYNALG,4858.564220183486
PSDNEYLS,2517.077981651376
DEVKYNG,1211.211009174312
SGAVAFSG,3294.330275229358
ASFLRDNAG,3434.8577981651374
FRQESVLFRAG,11251.605504587156
KEDYDSNKHVL,1640.133027522936
SVSGDLALSG,1884.848623853211
PFKWWDSG,7420.642201834862
RHLKQLGYDAL,4555.435779816514
DKHVFGWHVG,6011.683486238532
FEPHEQKHPKHA,1598.559633027523
LEDPRYVAL,10047.811926605504
QRFHGQESGYWD,8743.02752293578
YYAAPALG,4028.045871559633
HFRFAYNDVLS,12840.091743119267
QSYESFYVALG,28512.440366972478
VLALKVRDALG,8274.077981651377
ALADSYDG,2265.380733944954
NNGEPWRS,4283.706422018348
AVQARKHDVAS,1168.6880733944954
HYSFWADG,9695.504587155963
PSFYWFPKKVL,16509.509174311926
RYVNVLGGRNH,5457.339449541284
VDAGLKAG,1281.9587155963302
WEKAVENVAS,1801.7981651376147
RRQFNQKVAG,1609.7339449541284
RLLPKSHG,2159.440366972477
FSDVLQHELG,2741.6330275229357
RPRFNHFNHL,10206.197247706423
YSQWVFEKGWKL,11584.834862385322
KRGQVFKAS,1319.5366972477063
HQGRDNKDAS,922.440366972477
QDYYQYKVLSG,6024.362385321101
GYQWLWSG,14768.674311926605
VQFKDQRSGPD,1813.2155963302753
KVRHKEYWNHA,2278.701834862385
HRPSKGKSG,755.2339449541284
NGEGLSNHVAG,2032.5779816513761
NDWFASYDAG,8485.06880733945
DQVYPHG,2259.105504587156
NFKVARRYDLG,6292.288990825688
PKFSNSGNKH,1364.6467889908256
SYYVWLSG,14833.97247706422
FPQWQWEPKVG,7223.683486238532
QHQWEHLQPN,3211.394495412844
HYLLRAG,7884.068807339449
WKQYWAKLQG,5393.844036697248
LWHYYHAS,6765.463302752293
NLAQSFWS,9623.555045871559
RYHGLEWARYNG,8951.41743119266
KQFNAWLGQYHL,13230.58256880734
EYHWKVAHAFYV,24254.67889908257
GFGQYDAKVL,4409.183486238532
PQRHEFRYVAG,5113.532110091744
QHLPYVVLRKL,23934.174311926607
PNGVHLGFRND,4791.587155963302
LWDKLEKHDVL,3113.559633027523
YNGNAYVEDS,2473.0688073394494
YSPPARKDASG,1156.7293577981652
KHLLSFEEPHVL,5839.834862385321
VNDEWQVLSG,2891.802752293578
KPQRSALG,1057.2018348623853
WQDYFYNG,12286.114678899083
YWEWESQRYG,11167.619266055046
NLKWPDVG,2928.3440366972477
SQQDEWALG,2213.9908256880735
FNGAKVRNHA,1984.4220183486239
WFELKVLGVSG,13783.133027522936
PPWARDVNVS,3048.5688073394494
VQSFWVYAL,34340.463302752294
DLYSNRNKSG,1864.6880733944954
YLNPNAYHS,4417.027522935779
GYQKFPSG,2402.5
NHRDREPGNHV,1703.6467889908256
RKQAFEHFHAL,4358.802752293578
WNPDHSRYNKVA,2828.743119266055
QPKVFEQPKDN,1176.4036697247707
APNKLDVEYNKA,977.2660550458716
VWPWLLSG,17527.009174311926
VPRKRKDAL,915.5137614678899
DFALLNSG,4125.917431192661
PDLEAGEWFEVS,5938.412844036698
EQDFSYWKHLS,3934.3853211009173
DGHRAQYKHLSG,2758.454128440367
YPRGQYG,3671.8669724770643
HKEPYNRASG,1658.9954128440368
WEKFAQPYAS,6690.4495412844035
LWEGNLS,4197.724770642202
GKFPDYAG,2127.862385321101
SFKPSFVLG,8368.399082568807
VKNAKHDLSG,1109.3440366972477
DNSKWKG,1304.6146788990825
NLVKVLWS,17386.197247706423
VGQGDSFNKHV,1779.573394495413
ALYQGRDLS,3583.8394495412845
AHDGHKHDALG,1460.6880733944954
HPYYKDFG,4607.678899082569
KPSGFEKYDA,1178.288990825688
FYPDGFQHVAS,6026.807339449541
SRQHGQKHDV,1364.3577981651376
QAPLHVGFKAS,2420.47247706422
ENQSVARKDVSG,905.5871559633027
QRQAGRHRWSG,3646.1651376146788
WVYPREWNKG,5143.018348623853
HGGGEPG,1242.8623853211009
WKRKQENLPNAG,1276.1834862385322
RLKPDGPYKG,2058.3853211009173
NAFDEALFWDAG,10496.114678899083
LRQHWAG,4758.90366972477
VNHYYVASG,6031.844036697248
AVAQSHSG,1234.51376146789
YLWRYNRYAS,7996.114678899083
KGEKNGQVG,815.5917431192661
AGWDKGKHVA,1682.0091743119267
HNPHYDSG,2905.321100917431
ENRHYDVEWL,7358.224770642202
GRYKGYWLHG,8327.330275229358
GEVSDGYWHG,6376.587155963302
WKWNFNLWHL,19837.92660550459
EQRAGALKASG,1127.9954128440368
ELEEGWNDVSG,1936.5183486238532
AAGQKKSG,612.0917431192661
REQWHDYGWNDL,9142.40366972477
QWEGKVGSG,2186.9036697247707
KRSLWHLG,3969.5229357798166
YHHYNKEPKDA,1212.2660550458716
WGVDYNG,5238.353211009175
PHAGNLRYESG,3472.3853211009173
HRRDEDVSG,1296.1146788990825
FLQEDLHGRDG,3446.9770642201834
QSSKVFDVAS,1525.98623853211
SYWFFYWKHVA,9530.174311926605
AYLWAPAG,8140.564220183486
LHAEYVVSG,5936.188073394495
AYSPDQFG,4207.183486238532
HVADGFYARKH,6099.087155963302
LSVVFPVG,21197.954128440368
WKKPQRYKDVG,1735.0825688073394
PNRKNAGRPYKD,1440.633027522936
ALVPKPWNVLS,5471.5091743119265
KDLHADSKHVL,1580.165137614679
GKDGRFHDG,2400.4449541284403
SEDDWAG,2645.4862385321103
DDRQKALS,1058.1788990825687
PNQKKGRPNG,985.0321100917431
FSDKPWLS,5021.426605504587
HGQNDEHDVRL,1812.866972477064
QGGLEWVAL,7134.866972477064
LGFWHPKHLVS,10287.440366972478
WVPEEDVAG,1755.1559633027523
AGRFPGQKVA,1801.7660550458716
LSVQKSQPNVG,1495.3761467889908
RRLHKASG,1280.2752293577983
VLGSPKVQLS,2505.605504587156
LERHNDALSG,2276.908256880734
FFQPVFYNKH,8828.114678899083
AYLDEYSG,4298.229357798165
RLYYHVQYKAG,9888.912844036697
FYKDKSQPSLG,1864.1926605504586
PVLFYGWNENDL,25383.69266055046
YHVSQNGKHPH,2332.3256880733943
NQFRVNHQFNK,4009.5412844036696
EARPEYQNVL,1727.5550458715597
NVAEASRNLPL,3559.105504587156
PSRKSEVFHG,1884.4311926605506
QYRLQKHQLG,3242.830275229358
FLWSDVSPLSG,7381.288990825688
NQDRHGQRYA,3799.8440366972477
AYEYVRYVLS,29547.20642201835
WHAVNDLYVALG,22215.243119266055
AKQYHFSG,3146.0366972477063
EQQYGQNV,1492.6880733944954
VARLNVSQWHL,12654.628440366972
PAFKPVRSG,2864.3440366972477
RPSEVLSHDQPG,2180.706422018349
PDYWREEPAS,2767.0550458715597
KYQGVAG,1634.9220183486239
FPLALSWAFWAS,31402.70642201835
DRREHQYG,2787.3119266055046
YYPFWDS,13179.353211009175
DHPDSPSG,1232.7018348623853
HPALGLPASG,1914.8577981651376
EFNGRNDVGQYW,9027.220183486239
KAYKFPVFES,4692.600917431193
NRYYGQPYWKL,13375.752293577982
APEHEYASG,1573.3623853211009
HNLPWNRPWVL,26275.65137614679
NAFPSFEPHDYK,4369.064220183486
GEQLFHAS,4398.0504587155965
EWVLRKSFEFR,22432.628440366974
KWSWYNLSG,7791.298165137615
REHRSGFGYWH,10439.811926605504
YSGASYKRNKVL,3226.9862385321103
YEKSKVLWNHD,3542.7247706422017
RFNSYNRKHS,2627.298165137615
QEPFNQEASES,937.1743119266055
VEQVDAG,1282.426605504587
LQNLYQPKVAS,3548.3394495412845
AVLDNKSG,1276.073394495413
PKLFYLPDWG,19157.67889908257
QRGQRNQRYVKD,1886.7385321100917
FAKLSPDLFDVA,6554.724770642202
PYYKHYNDFWA,16234.06880733945
DAVPWAEYH,5804.779816513761
HLENEWHQALS,5020.348623853211
QVDAQEGFKHL,1714.3715596330276
PQAGWEPYKDA,3030.6284403669724
FYQHFGRPWAS,12984.091743119267
VKLQDDLG,1468.0091743119267
RKEQSPNHVL,1401.4954128440368
SPEAPNHDAS,919.7752293577981
DDHVKSG,998.5275229357799
KEEGPDASG,788.302752293578
QWAYALNLGQFK,14814.646788990825
EPAVDVLENVS,1295.165137614679
SVLREKND,1155.3623853211009
ELSGLSLQPG,2343.0183486238534
HAERGEWNKAL,2673.711009174312
EHHVKAYNKDA,1091.5275229357799
NDRKVGQDAFE,1511.908256880734
RWQLHFRYWNS,17491.853211009173
YPGVDLG,2575.802752293578
FNDKKHWNVSG,2361.876146788991
DSPKVWYKVL,5947.220183486239
QPPHASNVAEHA,1628.1146788990825
VQLYAYDVL,27896.48623853211
LRPLHDRPVG,3225.756880733945
PLQFEDWNGFLG,23694.33486238532
FAWYYWHALG,11637.844036697248
GNAGRQKLG,1495.605504587156
ENVDKHVEG,860.8348623853211
RRKRGEAS,803.3394495412844
KVQHGQYEYL,5394.224770642202
QDLRRSQRYNK,1999.5366972477063
DWHDWEYHVA,9827.0
DSHRGPHG,2175.467889908257
KDPRHPYNKDL,1756.5779816513761
NAHKWHAS,2586.183486238532
KGQWHSEDGAL,1971.8990825688074
KQRFAKHVASG,1324.032110091743
EQKDVQLQEK,601.3073394495412
HDWHQKQEVSG,1332.7568807339449
RGPWPYEDALG,5743.394495412844
VKGHFWDA,5306.94495412844
NFQEAFHDLS,5609.068807339449
RFWPNGREYWLG,19070.4128440367
WWAFANALSG,13441.669724770642
FHARYSYHDSHA,6241.821100917431
FYVQLGENVPHG,4926.917431192661
KVFRQYKQNKH,1497.2385321100917
EEGGQFSG,1501.1743119266055
EASSPYGRPDA,1506.3440366972477
EELAKASG,788.5917431192661
ESHDNHRNG,1329.4311926605506
QKLYQRARYHA,4962.637614678899
RWWPFNKVAL,15147.440366972478
DGSPYLQFKHG,4879.940366972477
DGWHNHNKHV,2885.02752293578
RNYKEPNPNDAL,1796.3577981651376
VYGVNDLSG,2608.9495412844035
QWWRNKKDVSG,2434.821100917431
YPSGPQYLG,4817.224770642202
QRVVQFYREWKV,19925.903669724772
VLFHDNHGFRK,5527.802752293578
AGNEEDLG,913.3440366972477
NVWAGHFENDG,5289.660550458716
YVWPVSPVAG,6516.316513761468
PRSVREAG,1495.2431192660551
RAQEWRELNKDL,3451.738532110092
NAFWSQVLPN,8345.220183486239
HGFRPPGQKG,1734.8990825688074
HGPKAVLQHDG,1586.3073394495414
PDLYDREFNKDV,2664.6651376146788
DSREHEDEWKHG,1612.926605504587
DSWEASQYWL,12762.967889908257
EEYKESQWHV,2357.0412844036696
HLWQNAWNAS,6984.073394495413
GKPSALSG,1381.5871559633028
FGYGSPNG,3699.293577981651
HWDNNKG,2175.683486238532
DFRFFPDALG,13853.440366972478
SWVRYYHL,18839.775229357798
QLKSNPYNA,2678.0137614678897
VPPVWHDAS,2814.376146788991
QDWAFNYKDG,5165.059633027523
HSNRDAEPLS,1384.8394495412845
HRLKHYSG,3231.738532110092
YYNSEVYHASG,4174.729357798165
ANRVLLG,5010.05504587156
VRESDPNKDVA,1103.4770642201836
FADQKHWDS,2994.8899082568805
KSYPQRPYNDS,2467.178899082569
WFHKHFNHVL,11353.555045871559
SDVKLWDG,3189.435779816514
WWFVSWLSG,21210.756880733945
ENVHNDLGWNKV,2510.293577981651
ENSPVEYVSFWK,7501.660550458716
HGKLFRAFEDL,6378.862385321101
DEHHPWHG,4753.527522935779
RAYGPYAEYWKS,8607.802752293577
GYVVFKSG,20919.10091743119
RKHQWDKSRKDA,1041.1788990825687
GHAFRSFYS,12419.481651376147
WNKEHGNARYA,4529.376146788991
YQYGHDLEDAG,3085.862385321101
NRDWALSLG,7505.655963302752
AFRHGDAEYWG,7133.5
ALHWSRSG,5428.288990825688
NVVRLRPYWDS,18246.889908256882
KHFHSQSEALG,1839.967889908257
FDWVPAFWNKS,9118.30733944954
HAFRKFKQFPWS,8789.477064220184
PVGNDGRKHPWL,7166.481651376147
AWSFYFYAS,18903.036697247706
DQDYWGEPYDVA,4504.238532110092
KFSKENSG,962.1788990825688
EFLDKSG,1353.7247706422017
WWSFYQDLSG,12731.477064220184
YNSKLFYSFNKV,9231.233944954129
HGQQGQFEPHAL,2812.8853211009173
SSPYWRSG,7205.394495412844
RAWDKEPYHA,3324.701834862385
RRRHDQDG,1598.7155963302753
ENYLRENPKHVG,2023.6100917431193
WEQVFWKHVAG,10273.80733944954
RPQKGQVGYNKL,1858.3394495412845
KGSWQFLSG,5165.940366972477
SRKNFKDG,1122.4220183486239
SQEWKHNRPYAL,7655.573394495413
EWEGWHLRYA,17966.188073394496
YDYHKVFEYH,7356.807339449541
GPYFLGNDG,5851.197247706422
NEKWDYNVG,3563.8853211009173
YFRNDESPWK,3182.1330275229357
RNNDWGREYNHA,4497.417431192661
KKAFKQNALS,1026.5504587155963
KFESSPNVS,1654.605504587156
NFVSLGQRHDG,4783.495412844037
QQQARYNKDVL,2042.880733944954
AQFLDEVAL,4725.463302752293
YSQDPDVPSG,1406.348623853211
HSEFFYNKHG,4284.183486238532
ARWRQRNDVAG,2837.793577981651
SWSWSYVSG,11178.770642201835
DEYRGKHG,1697.802752293578
DYWYFYWKHV,12108.587155963303
DFSFLEHDVG,4129.876146788991
KSAFHGEDAS,1017.1651376146789
YGSHYHLSG,4564.972477064221
QPVQHVSQEGQE,986.8119266055046
LSSLSYG,4227.573394495413
AYPAQPHVLG,3716.5
PLSKHSFQDS,2143.0229357798166
HLEYESPYG,6358.798165137615
KGVLYFREPNL,11098.40366972477
KGELRLRNSG,1877.2201834862385
VPDVYYWNKH,4601.853211009175
PHGSGRDLKDA,1118.5963302752293
SWPAELG,3495.059633027523
FWPWPAGNVL,14089.137614678899
DVVNLKDG,1613.4449541284403
NYARKAEKHVS,1383.532110091743
PAKFDLREPW,5523.518348623853
RAWYWKRAG,4821.266055045871
EPKGNLWHVFWK,8657.857798165138
KESEKFHG,1032.788990825688
QDNPWQPVL,6219.977064220184
YSEGQNHWNVS,3888.738532110092
VSNRKREHVA,1189.9311926605506
NDPSYDSKL,1375.2155963302753
DPDSEPGYVAG,1191.711009174312
PKFDAGNSFAG,2305.3073394495414
NGNHFSKLG,2659.47247706422
PDNWDSFEYDS,5992.674311926606
EEDGFASEDVS,1400.3256880733945
HWDREFWG,10665.90366972477
KRANDFSG,1286.133027522936
EARVRAKAG,1176.3394495412845
KWAENQKG,1076.3073394495414
YANYDAPKHS,1940.2981651376147
NPPAGHG,1227.1100917431193
FPHPGKFRPYDL,7732.9908256880735
SRNYWQYHDVS,6775.431192660551
FKRLKSQNVLG,2079.587155963303
FAPAEKGKL,830.2614678899082
NSSYQWASG,2816.0
SFKHGDANKD,957.7339449541284
KWYFEKLS,4123.321100917431
QYPWSFKDQPND,3650.8256880733943
HNLAWLG,7069.697247706422
EQHYYALS,5753.899082568807
REEFWNEPYWN,11921.93119266055
LERRASG,2534.3348623853212
WHWRNKDVWNG,5722.022935779816
LVANSDLS,1787.940366972477
YKSDKHGFWDV,3965.4908256880735
ERWEVPHVAS,2721.9036697247707
SVQRANDLS,1741.8302752293578
KFRRLFYNA,6925.105504587156
WWQVQHVL,15401.275229357798
QDKLHSNHLG,1623.697247706422
KSDWWHSG,3326.5688073394494
KYLSRGEAS,1571.7064220183486
VGVEAKSG,762.0733944954128
ASAAFHDAS,1608.48623853211
FGLEYDDSG,4085.9862385321103
WVGSLGPVLG,10328.573394495414
VWHDEWQWNKG,5591.834862385321
WAHKEYG,3106.559633027523
WEWSVQPWKLS,13970.29357798165
FVYPVPWKDG,6038.775229357798
VSHYVWNKHS,3228.6605504587155
VYLGKYKHALG,3700.564220183486
EEGAVASG,934.5550458715596
RAALQREGPYHL,5988.0091743119265
FQLVNDVAL,7592.183486238532
EVQRNVGNYWKA,3530.770642201835
PDWWWNG,13960.69266055046
RNAANSWVLG,5275.197247706422
WEAVGPSG,4503.261467889908
VWGSVLSG,5665.770642201835
WDDFFEHG,9069.839449541285
RFVSVAWNKVS,8169.371559633028
EHSLYWSYHDS,9190.926605504586
GHFWDFASG,10340.146788990825
YEQVNKG,1911.0183486238532
RKYYALKG,2095.02752293578
NGGEQPSG,962.756880733945
NKQHFHVQEHLG,2959.591743119266
QHEHNKLAG,1326.0183486238532
GRQYEYALG,6063.784403669725
AALQANVG,1676.633027522936
YRVHPWLSG,10567.490825688074
SKGWFVG,7276.467889908256
PHPSPQEKVL,1041.6926605504586
GKDPHHVS,1284.9816513761468
QWPKQNLWNL,8185.747706422018
GEGEPHFG,2673.6880733944954
AQSQASDALG,990.5963302752293
YQDPKHANLG,1554.3715596330276
QVPRGRWG,4200.98623853211
AFKRRNKDV,1232.3623853211009
QPKVEWFAFWD,34343.91743119266
EFYARHEHG,3474.7752293577983
VLFRKLDVANHG,4395.862385321101
FFLKRKG,2707.3348623853212
EKQHGEASEPH,887.7889908256881
WGKRQNDSG,1581.5963302752293
WGKVGFLKAS,6906.004587155963
FAFYRYQRENHV,8643.545871559632
YVVYFWNHS,26837.330275229357
ANYLYLS,16611.894495412846
LVEDFREYWNDG,6352.032110091744
LRYYREVSG,6129.908256880734
PRGDRHAG,1906.119266055046
NRHDYPWKS,3943.7247706422017
WWHWYKLSG,11162.80733944954
HQALQFGPKA,3271.256880733945
NHAHHQFREN,2342.293577981651
DEQKHHG,1097.5412844036698
NGEHGQVGQYKL,3462.532110091743
YWEPFWDSFNS,22429.509174311926
QAGNEKSQHV,1077.8623853211009
PQPAQFDKHDG,1393.8302752293578
YDARWHAHQRDV,5341.591743119266
GRKYRYWKHVL,4421.160550458716
LGENAWGQPHDS,3914.2247706422017
EAAKWLSG,1612.8761467889908
DERNSYDVS,1889.1146788990825
QQRGPLGDSG,1500.48623853211
AGPDYHGWNVA,3071.669724770642
LFKNQDVG,2008.7752293577983
RLENFRYQPWS,14316.747706422018
VWAPNNDVLSG,3764.5137614678897
VQADKVSG,845.5688073394496
WFHNLQREWDVG,11387.54128440367
SLSHPALSG,2633.9816513761466
LHVYDWKSG,5136.55504587156
YEAKHKALSG,1534.5504587155963
RDPRQPAG,1422.5366972477063
QNWDLQASPKL,3015.5963302752293
QLNKYDGQWL,7491.573394495413
KDSDKDVGHVS,855.2110091743119
NNHWKWKG,2625.8990825688074
EEQNPNALS,1101.967889908257
HFDNEDSG,1832.7431192660551
VWHAPLQYWNH,14693.683486238531
KWASQKQWAL,4454.729357798165
RRWSHSFEKHV,4480.522935779816
SQFRLRKPHD,4016.605504587156
VLAWKWHLSG,9013.261467889908
RYFKHAQASWA,6013.55504587156
KSGQRFSFNA,3795.0366972477063
WSRANAEWLSG,7469.880733944954
PSGFYKEQPDA,2409.2201834862385
RNWYDVNALSG,7036.51376146789
YSDLRHWASG,6098.908256880734
HEAKPASG,1177.6284403669724
WEAWPNSG,7052.206422018348
KKDSEQEKL,542.1605504587156
GHFAQFREYKG,4739.311926605505
PWLPLEYDSWAG,12600.614678899083
EEEAQSG,805.7155963302753
VLWLKLQEPA,9024.935779816513
FHYEAQEYWNAL,11619.80733944954
FSRRPWVSFEPW,29916.188073394496
WSQHNKHRKVG,2243.5366972477063
EDLRDSEHAFN,2033.6743119266055
KVNFKHNKVG,1113.8165137614678
QGHPPYHDAL,4939.316513761468
LKAGKENS,861.1651376146789
DGYWVWHQWDAG,14600.211009174312
FWLAALGPD,13988.91743119266
SRVGGNKG,1601.9816513761468
QASQWYDRWDS,11138.036697247706
LNNLWDLSG,6545.160550458716
EPYLGKSNAWD,4270.784403669725
WPVVAHVS,7114.931192660551
RKVEQKHQNL,1138.0779816513761
VLNVYNLQYS,22069.67889908257
PRVVNSG,2348.9495412844035
RKNKKDQFYKG,813.4495412844037
ESKFEKAEKLS,738.6467889908257
HRQGNKASG,1099.0550458715597
LKASGGYVG,2670.3669724770643
AFFNFHG,11688.967889908257
WFEENDQRYKHS,5696.94495412844
PGPSPQPWKHVG,2254.3899082568805
DDQNANSG,969.9357798165138
KHEFEDLVS,2062.9266055045873
ASHPFWVLSG,15150.839449541285
RREDPVEDVAS,1168.6284403669724
FHKWALYWDVG,15415.62385321101
EFWWYKSG,10628.834862385322
GQSWYWNKHDA,5055.94495412844
EPEYWESFPNDG,5811.582568807339
NVPFQEWKA,3223.619266055046
PLYVESQYKS,10497.08256880734
KWPYHFRG,8220.59633027523
FWKDHVYVEY,28888.15137614679
GPSNFKVALSG,2598.5091743119265
HPEEVSG,831.8853211009174
DSWPLGEPNDAG,2220.97247706422
LLRYLLG,7800.247706422018
WEYLAEWNDVG,11254.055045871559
NQNYLQWVAS,7485.545871559633
VWQENEPG,2050.5550458715597
VPAVRYSG,3238.788990825688
PHEYEPDVHVLG,4536.573394495413
LGGHEKG,1114.98623853211
RQLYWHASGEYK,5450.0091743119265
GFWVAFAHVG,34171.95412844037
PFQDRWDASG,5200.128440366972
QVENNLREPYV,4827.321100917431
KHWDEASRPDL,2317.1605504587155
QSQWDFHPHAG,4911.032110091744
PQKLASENKHL,1173.3715596330276
YDGQDQHSKH,1494.8394495412845
GHVKSWNSG,2151.064220183486
AVPLQEPNL,1611.165137614679
FGDGQLPNVA,2599.2155963302753
NEQGRNDVASG,1381.3256880733945
SREWPHDRVG,5188.568807339449
VNLRVWDG,9493.701834862386
FGAGGRDSG,1908.5504587155963
RHKVNHQWVG,3629.146788990826
DGPSWQRNG,2694.5045871559632
DDAEYSYKAG,2130.0
PGVVSYSG,4853.316513761468
DWLHPYLSG,12360.816513761469
LYFEGPKA,3083.0183486238534
QEAFFKHFEKDL,3708.701834862385
ARLDRDG,1891.9587155963302
LELQAEWSG,4020.206422018349
QLWNLDEKHA,2647.4954128440368
RPNGYLRWLVAG,16907.756880733945
QVFGWNVKG,4991.90366972477
WSYDANFYNKDS,4569.6100917431195
NGEKDRPFRWK,3286.6559633027523
HVFGPNDPYHVL,13363.58256880734
GSKDHLSG,1185.7155963302753
AYHLDSPDAL,3600.922018348624
LWVDYHG,10547.871559633028
AFHLAGDVSG,3332.3990825688074
FAELVYWNHDVL,25166.33486238532
RHEANHQWLSG,4860.733944954129
EWVFGFPARNLG,22366.642201834864
PRYWKQKGFALS,5203.293577981652
DWNQKVQEL,1817.8211009174313
REFFNKLNS,3498.206422018349
YLWQSEPKHLS,4908.637614678899
EVHDQSPNAL,1361.7018348623853
YWYLNVQNDSG,4894.220183486239
DQDWRHAG,2846.5045871559632
EEGWDWHLS,6927.995412844037
NHVLFSNHVDV,10608.142201834862
VSEKRHEYG,2013.380733944954
NWLDSYVG,10054.353211009175
SKLPVHALG,2400.9449541284403
GEAPRHLS,2596.5825688073396
EEGHGDLS,1160.119266055046
LQSGWRYKDV,4830.646788990825
QGVNNHSG,1482.7981651376147
SGYNGRSHVAG,2840.4954128440368
YDVGALFHSGKH,3881.7201834862385
DLQANKLNHAG,1374.48623853211
FKYNYRYKLG,5342.894495412844
KEKFNPHDASG,1208.032110091743
QKKDNGYKSG,860.4954128440367
WSYFDRPLSG,9862.353211009175
RYALHDVRWSGW,20049.29357798165
FDLVVYWNKVLG,23914.339449541283
LAEHRALS,2368.646788990826
AKENQHVL,1239.2798165137615
VNFHEALSG,2784.2201834862385
EHWPAGREKDSG,1399.0275229357799
NWDYVQWHS,13324.366972477064
PFYGPHQRYG,10396.747706422018
KHEHEDLGNS,1104.1559633027523
NFPWPWDQHG,8979.591743119267
SNKRPPYWNVL,8170.440366972477
ENFNDFNLRPNS,4218.917431192661
FDQPWSFEARHD,7805.848623853211
GKSPEVSG,692.7798165137615
WKYPPKASG,2220.788990825688
FNYHFYDGPNKA,4781.417431192661
QFKHQPRKFPNS,2143.2798165137615
NGFAWVPYKLS,15619.995412844037
YNGEGQPFEYVA,8650.95871559633
AQNQWSFEHL,6067.848623853211
QHKWQRNSG,2161.4495412844035
VNGQVESG,1086.0825688073394
NDFAHSPYKD,3086.0183486238534
SRPDEGKHLS,1030.8532110091744
WNGAVGFRNDSG,4149.321100917431
PWVVWPYDAL,34324.633027522934
GQSVYLSG,4287.40366972477
KFSEYELS,2501.8073394495414
LPRSNLSG,2085.8853211009173
VPWVSFQNVAL,16428.60091743119
WHWSENKQFEAG,2990.908256880734
KRWDRDRED,1778.3394495412845
YWWYSPWNG,11536.11009174312
WKAKEPKRYHV,1996.8623853211009
WEDYNYDG,6206.44495412844
YNAQEPLFAEWA,9138.816513761469
WVYKNLSEKD,2446.5412844036696
PENFSGFEHDL,5022.977064220184
HYDWKYWKHVG,5111.091743119266
RSYYKREPLG,2802.880733944954
KHKYASWNKVAS,1422.665137614679
QHHKQKVSG,952.1467889908257
WWAGLGEPWN,12180.256880733945
YEKDHVNKDAG,1101.3990825688074
AKHYLPKHDA,1620.9128440366972
QHDDQLRPNS,1632.7798165137615
DWYPHSG,5860.688073394495
RHQGPDFLG,3990.02752293578
DPHGDRYWNHDV,3166.270642201835
FWELRPHQWLSG,14965.018348623853
NVRPSQPDQG,1299.1422018348624
HEWAWRWHDL,19535.454128440368
VGQDDQFWKHS,2507.6330275229357
ASAKENVG,693.3119266055046
DLKVKHGREPNA,1034.51376146789
RQYPSQEPWV,6296.399082568807
WNDAYKGYGNKH,3347.146788990826
SYLHQHLG,4183.981651376147
FGPKAFAFRNS,5274.518348623853
YGQWYFRPYNKL,10649.077981651377
EKQQSGQHDAS,899.8348623853211
NGHLYKVFWVA,22703.57339449541
DWFELPSG,6948.04128440367
VVARRDVG,2263.8577981651374
PAQHQYLQEKLG,2079.756880733945
ASVDGYLG,3362.7155963302753
LFNWKDHDVAS,2480.6100917431195
WHESWKGQYNS,4625.724770642202
YVDKYDSG,2025.6467889908256
YNDELNGHDLG,2779.7752293577983
FGKAWDRKS,2047.197247706422
PASKSVGRHDG,1189.032110091743
NLAGALQVAS,2382.412844036697
NFGNVQVG,3180.394495412844
GWSFFWSG,19666.784403669724
KKHLYLHVSG,4135.940366972477
RSFQPNAWNL,8300.29357798165
DHAVKDVA,1086.2247706422017
WQLWWHVAL,27786.495412844037
NNQHDKG,1002.2844036697247
QAYPSPNSG,1417.211009174312
HWPHVVSG,5023.5
REHPWHLESWHD,6675.926605504587
HYLYHEDAG,3839.0504587155965
AHLYRNSG,2958.0
WELKRVG,4364.197247706422
VKGASYASG,1280.4495412844037
SASNPYAG,2438.7522935779816
PAPYPFRNKHG,3420.288990825688
NVQFHSFLEYG,22424.82110091743
NEKNPALSG,1519.4036697247707
RNSWVEWAGEPH,5094.334862385321
NEGRARVSG,1817.8302752293578
YVRKPKGRKA,941.9587155963303
FAGKVGVLPYV,11919.97247706422
YGRGRKEVG,1299.2018348623853
PDPHEDSFNDAL,1775.302752293578
EQRNHFDHDLG,2983.5366972477063
HPRYKSEYWHA,5738.646788990825
DVWDYAFEWNKS,8377.798165137614
YWELNVAAS,6558.798165137615
DAAVVSG,1227.7614678899083
PNQFLRGFRDVA,7669.972477064221
LKDFVYALS,10468.54128440367
QQDGYSQFL,7608.834862385321
NRLARVG,4154.665137614679
WKANYNKHHLSG,2950.064220183486
KHQPKAYHSQYS,2158.3669724770643
RVYRKLWNHDV,5424.399082568807
DANLHDLPDA,1864.2385321100917
YVNWASKLG,4631.720183486239
LGVVSQLG,3616.8073394495414
SKARGKAG,811.4495412844037
YFGNPKG,2523.4908256880735
ESLRLQYVALG,21725.518348623853
FAQLNFWKVS,12093.97247706422
LVPHLYG,8583.655963302752
NSYDKDFWDLS,5183.40366972477
WSRFFEYWHVL,22834.201834862386
WHNDQEALPKL,2413.0229357798166
HPSGEFLG,2056.5091743119265
FWQADASQEYHG,4350.646788990825
DGARALWDLG,6445.068807339449
NVNPYHWDG,10459.298165137614
PVQAPWDARKS,2515.211009174312
YYLWLFLS,9749.146788990825
QWYPLSEYKHD,7379.573394495413
KHGEPAYHVSFN,5942.435779816514
QSSHLFYHV,10063.811926605504
EALDKAGYWNKL,2197.6330275229357
QLNRQRLG,3187.7844036697247
FEQSNKLRENH,1614.7064220183486
NRKHYGEPLG,2763.564220183486
HFHLFFEYWNKS,12573.02752293578
KHFKFKDLSENS,1551.2018348623853
KFHVQGPWDAG,4385.51376146789
PPDPYQVG,1922.908256880734
PLHVYNYDG,11041.261467889908
FNLQQFKHSNK,2637.5183486238534
AYVDHALSG,3351.6146788990827
QLGANDVYS,3285.577981651376
WPNPLPYWNLSG,16280.160550458715
PKRRFPWKHAS,1847.7018348623853
DWYGPYKDVG,5625.935779816514
AEGRSQEPKDL,1032.1376146788991
RQPEKQEPKDV,688.5504587155963
GHWQFRENHA,4565.128440366972
HQGVPVG,1753.2522935779816
WAYQGRYHDVL,13207.555045871559
WEDPWHEG,8705.655963302752
NWKLQREPNVFR,7175.192660550459
QLVSFVRWDL,39940.50917431193
QDDFNLEYKDG,3133.7247706422017
PDKEWHYWNKH,3253.587155963303
GWGNAKVAS,2139.394495412844
RKLHKVRHDV,1241.8394495412845
GYSQWVKS,4658.325688073394
WHEWWLQFHG,22241.357798165136
KRYWSAGEYDV,5178.288990825688
EVPSFGEHAG,1539.0045871559632
AGYSGALFRWL,16461.0871559633
EQVYWVQEKHV,4251.412844036698
WPRRDLG,5269.5504587155965
NDFHYHVPWHDV,11153.605504587156
SYPWRNVALG,10107.990825688074
DPVFYSFEKDAS,7426.605504587156
QPKQYSGLEDG,1542.8073394495414
WGQAVLFRKLS,17662.403669724772
NGWAAGPYKD,5048.628440366972
GRYASPEDAS,1520.4357798165138
QRKGYFDSGQDG,2376.059633027523
DVREYDNDFWL,17987.059633027522
DYAAHLG,2745.908256880734
VGEFWQRHDL,10143.591743119267
SFKPNQEPKHS,1317.1926605504586
HLWARYQVSG,10309.105504587156
SNKEDPASG,664.1926605504588
SRQSVLS,2308.288990825688
NHWWHYNVA,13545.614678899083
YSSVRESG,1666.8440366972477
YVLPEDEWKVAG,2934.5045871559632
QPHQKADRENVA,875.6146788990826
AGWASSPDS,2015.6926605504586
WKPRRHDVAG,2345.5183486238534
QWQLKDAFRYH,10483.788990825688
KWNSQVSRWG,5776.711009174312
WFANQRLG,8604.059633027522
PGYALNVEAG,3465.47247706422
SGVSLRNSG,2379.564220183486
HDSAWQYSG,5383.128440366972
SFQFLSWLSG,14297.738532110092
VHVNVKDG,2036.4954128440368
WFWGQGWDSG,12019.825688073395
VEFDSWAG,5972.9495412844035
EVQWWHSFG,15463.655963302752
ESSSNDALG,948.4357798165138
PFAKFDAS,3509.201834862385
KNQHFYSG,3485.2522935779816
LRPPWAQPHVS,5525.825688073394
EWEARAREPNH,3046.2844036697247
EANKFKSFPNL,2071.5183486238534
KSRADSQFRPKL,1440.7339449541284
DARWSFFYWNG,24858.940366972478
GPNLLGEVLG,2531.1926605504586
WWEDAPG,6202.802752293578
GYLPWGEDVL,7239.642201834862
GFHVQSKHS,2683.564220183486
QSWPEPNKHLS,2470.706422018349
QWADPWAQHD,7273.922018348624
SFFESFALS,19590.01376146789
YVFADVQPYA,13306.866972477064
YQDPGNKLSG,1422.7477064220184
VLRHHDSPS,2560.8899082568805
ESYHKHQWHA,3426.1146788990827
YVQAHRPWKVLS,9811.536697247706
LGQLFEWVFNL,28506.059633027522
DRYGAWHLSG,7417.334862385321
EARQKFPYWALG,7346.564220183486
VWAWFLSG,24129.981651376147
EKWHHVRYDV,6084.935779816514
VPSPNHESG,1068.6376146788991
HEYSPAQFRYLG,13484.894495412844
PGYAWKHRL,6590.646788990825
RNADYDSEG,1636.380733944954
SKRVLKSG,1136.426605504587
KNAVLWAG,4600.834862385321
WEQNYNLG,8207.37614678899
GEDKSPHG,1109.2798165137615
NPVRPFASG,3451.270642201835
YFWFWLNKHAL,9734.51376146789
NDAVAFYHFENK,9240.775229357798
ERLVEYDVS,3679.178899082569
SGLYFVLSG,34630.5871559633
DPEKDWSG,1438.4724770642201
WLAYFRLSG,17771.11467889908
KPWDDQYNKG,1997.2660550458716
ESRASKEHVAS,822.197247706422
LQEDVRRKDVLG,2107.0
QENKNVEPDQPY,1557.3532110091744
DAARPSQEWVG,2332.270642201835
QPRENSWKQPV,2510.238532110092
KADEPFWKVA,2099.087155963303
HWFSKLS,7445.834862385321
YAWNWHLWKAS,11868.01376146789
APPNQRKVLSG,1470.3577981651376
FQHFNLHDVA,6827.174311926606
FSLQSQDG,2031.0275229357799
HYVYFNDAS,11189.357798165138
YGHYRPHLG,6954.788990825688
VQSVLRALG,5011.536697247707
GYNQPQRPWKDS,3281.4587155963304
ELSRRHDSQHD,1874.9816513761468
YYNHLKQYDS,3485.52752293578
HHGYNRDG,3543.330275229358
KEKDAVAEYNA,914.0137614678899
FKEGVEHDL,2200.178899082569
FSVQYVKHDL,10405.362385321101
QHLNNKLRPWHV,9115.12385321101
HRPRSQKG,1078.302752293578
NDVVHDAYVG,3605.935779816514
EVVLDAQWHA,4798.619266055046
YPPVAWLG,10218.100917431193
GWVEVRYVAL,51569.279816513765
VEPRVPKHVLS,2979.321100917431
LSKDLGEWSQRY,5465.229357798165
YSERGEYG,3238.646788990826
LQEPKYQFPWKS,4182.642201834862
FQAVKVASG,2470.9908256880735
AKSKKHS,549.8394495412844
VPGRKPASG,1179.0550458715597
FDFPREHSRWDS,5150.151376146789
YRDPFPSG,4166.183486238532
WQQHHLS,5171.577981651376
QNNQHQNHVG,1979.7155963302753
HAELHDREPW,6553.440366972477
KHEEGFYKHLS,2372.9174311926604
LEWPKAYWKG,6447.527522935779
SPDYAQWNASG,2666.766055045872
HLLVVAG,21638.4128440367
QVDVVPWNS,3356.6880733944954
APQFPGAL,2349.02752293578
PFYHNLQNHDAG,4261.261467889908
WFNFLGEPWHG,18445.275229357798
WKNHADGFEWNH,6767.353211009175
SVPVQFEPK,1779.3394495412845
EELNYNVLS,3706.440366972477
WPGEQPKDV,1588.697247706422
AQYEEPHLSG,2108.701834862385
GPNPEPVSG,925.4862385321101
EFYAYNKKAS,2661.02752293578
YEPAWFRVS,17031.422018348625
QNRVWKVSFKLG,14919.045871559632
VDGPKKALSG,1338.151376146789
LLFDQSG,4459.527522935779
EAHEDVQRWS,2234.146788990826
HWKLHVKDVS,2555.4816513761466
EHNEWDQEPKH,1529.1009174311926
QNRWGPKRPWD,8683.444954128441
ARARFDLSG,3445.766055045872
GRDYKRVSG,1591.4587155963302
KDQGEPEPKVG,678.2614678899082
PHNGNKALEALS,1485.2155963302753
PHSEEYALNKD,1856.8165137614678
WSGNYNVAFRKV,12518.752293577982
HFKEVEPYNHA,2655.0412844036696
EKGFQKLQPYV,3265.816513761468
PNKSRVLNEKHV,1246.1422018348624
FWRSRASQWKG,5092.463302752293
WLRNQRWPKDG,5574.270642201835
LPLFDYDAS,6031.908256880734
RQPYQDQEWA,3314.02752293578
WRYWLVREYDL,31793.215596330276
EVAQYHAQFGRP,5351.45871559633
DDLGWKPDA,1996.665137614679
GVNDVYG,2453.9311926605506
FSRWSGNSWVL,18678.477064220184
HVWLVLPNHDA,19274.19266055046
HVDPPNDVA,1344.6926605504586
RPKDLEEDLSW,2539.646788990826
EQKPNDWKHLS,1360.3211009174313
KAKALWSGYD,4092.1146788990827
NHGQLGYKRWA,6331.940366972477
VWLENENDALG,2965.0963302752293
NYGLEALSG,3239.4174311926604
WDYAHFRYKL,9729.545871559632
KGYWFDQFHDA,10297.536697247706
YGHPQDAG,2172.6880733944954
AGDKLQAG,817.7981651376147
NEWDHASFHDVG,6065.211009174312
QWDPFEWQSG,6529.045871559633
AQSHKHG,1126.5091743119267
PFHEYEWNDS,5834.9908256880735
ELALLWNG,10079.811926605504
FAWEFPKHDAG,4385.6100917431195
WQVGHENKDVG,1882.545871559633
NSYHFPEPNDG,3094.178899082569
EVAWSRWLEWS,16689.1376146789
QRGFQHQNKDAS,1658.2935779816514
RDKNSRLG,1084.045871559633
ASLPFRLS,6961.9908256880735
EQEDKLQRHDG,1197.2935779816514
AKQPGRLSG,1530.7568807339449
ARWFELEYDA,14760.58256880734
HLEWYAGEKVSG,4368.334862385321
KAHHFWHDALS,5527.036697247707
YHLDVHSFVA,11728.912844036697
FWAYQNHDLPHV,9939.550458715596
LRVPVKLSG,3579.376146788991
ENRVYNHLRH,4691.5
WWLYEPYLS,17758.61467889908
ELAHHALSG,2168.169724770642
GHSQGFWVASG,6058.366972477064
DFKAPVEWDG,2796.183486238532
QHEAGDGPYAL,4135.206422018348
NFELDASEVASG,2576.2201834862385
DAFRDHQEPW,5094.866972477064
RKVVRENFED,1930.8440366972477
DERPFENKS,1344.6788990825687
QNWLFVYLG,37240.69724770642
HSNVDGQRPWV,6384.853211009175
HRYYSRNS,4176.807339449541
SKPAPNKDALS,836.6146788990826
NHNWGRHALG,5083.697247706422
GHAYDPAG,1851.3715596330276
LSNRPDHLS,2312.270642201835
LEVERWLG,7546.637614678899
QSAGYDYWKHDG,3631.756880733945
WHANKDFLQWH,9904.633027522936
FFHNRWSG,7347.229357798165
ASPKVSGEDREP,736.256880733945
RNLVSQRDSGWN,4059.348623853211
VVSFRERWLG,9589.41743119266
GNHYVNHASG,2412.353211009174
RDSSHQFWKVS,4267.779816513761
GKRSFDVALS,2774.1330275229357
RFWRRYWNHS,9123.536697247706
NSKFYEYAL,6942.188073394495
LWHFKQFHALSG,7672.114678899083
RSWVVQRPNKLG,3921.3073394495414
DFHDHDRYWN,6981.229357798165
YLAPFRHLS,8260.11009174312
SYKYEKAG,1369.3119266055046
EHHYQFKSG,2106.353211009174
WQQEFYKHDVG,4246.481651376147
PKKYRKHL,1080.1926605504586
NSVFGFRNHV,7245.201834862385
KHAKVNKREWS,1147.4128440366972
QSHVSGGRKDG,1094.665137614679
PADGWARDVLS,3927.5366972477063
PHPKLEQEHDAS,822.7201834862385
ENFPPKDGQHV,1657.9587155963302
HNWGQYVLG,9827.399082568807
PGFGVEPVL,4614.087155963302
GQPYDWHVLWS,16335.197247706423
WNDSVQDVYWKG,6014.123853211009
RGWWYKASG,6219.334862385321
VQDDHLG,1793.408256880734
EVRYWYWAPKA,11251.243119266055
EHNADPNVAS,940.183486238532
RHQFFGQFENG,6153.417431192661
HFPPDQNAL,2330.4770642201834
WFLYKNVAL,10420.977064220184
REAHPYHDWAL,8940.98623853211
WWDQDEPVL,6383.697247706422
DYKPAHVLG,2076.678899082569
NSGVKRYNSG,1856.5642201834862
NQGAWASG,2297.9908256880735
GYFSEDVASG,3160.802752293578
GWHVSEYQYVL,26341.197247706423
FSRDRWRYG,9046.69266055046
EPLAFYNDEPYW,17480.339449541283
WDEKSKFNHVLS,3501.9587155963304
YHRQHAPYWNH,8685.41743119266
PKPKALPWGYHD,5058.591743119266
FDLYKAYWANDV,6586.577981651376
FYDSYKLWQYHV,8909.412844036697
ADGRNFKSG,1816.1926605504586
EKVKASGLEHV,989.7064220183486
LGDAVLYWKG,8022.798165137615
PPYRVFYKDASG,7357.302752293578
GQKGHVQDVS,1221.6422018348624
RSWLVLQRWH,18025.504587155963
SKEHKVSG,964.2018348623853
AFWSGPSPWNDL,14148.045871559632
NGPSDLSWKLS,2369.5733944954127
HDGGVSQWK,2328.9174311926604
FQRPYNASQREF,4808.298165137615
FKRSDLREDVS,1589.0642201834862
QGQHWSGVL,5892.477064220184
HQSRESYWNKS,2415.9770642201834
QVPFVSFPWV,27021.30733944954
VLPLWSPYDLG,16199.105504587156
DVDEYQRYWL,10295.573394495414
QHEGGRKHVAG,1468.2064220183486
FNWKSQDKAL,1860.2293577981652
QDEFDAFPWHG,7701.779816513761
QYLAVSPWNKL,11722.178899082568
EVLSWRNGYWHV,18847.504587155963
AWKYGWHLS,8957.47247706422
DWNQAEYVLSG,7495.798165137615
ELLWKVAKAG,3378.9174311926604
HKVFVHDVS,4714.032110091744
SYLALWVLS,26467.67889908257
YDVFYDAYNKGR,6411.211009174312
PLVQVLYWHDG,35494.23853211009
AGVYKDVFAS,4203.90366972477
KSLGWHEVLG,3605.8256880733943
RDALRREYHRYD,7585.256880733945
QFFGGREYNHL,9025.577981651377
HELFKWHDVL,9177.233944954129
VLDDQVALSG,2158.0825688073396
HVFAHAYWNA,11335.605504587156
VAGHFDQRENS,1978.5550458715597
FKRHAHVENSG,1817.8165137614678
WFEHLVRELS,15700.412844036697
EEDSAYNHVL,2566.1559633027523
VLREFRDLNVLS,10850.197247706423
GQPHLSSEYN,2356.922018348624
PSLEPASQDAG,1003.6422018348624
LDAHEVG,1597.880733944954
FKPYNQWSNKV,3727.4587155963304
KKPWKFLG,2371.9036697247707
QDLYRDVAQRA,3659.1330275229357
EKPFPKFRASG,1440.3073394495414
KQRGRPSYHDS,1926.880733944954
RQNHEGEDSG,933.7660550458716
WYYDQDLSG,6231.146788990825
RPFNRYWLQHV,16540.330275229357
YAHYGRPYNHG,6647.706422018348
PEDHNVLSG,1730.0825688073394
NWPAEVSG,2681.1605504587155
FWYVRVYVLG,28068.07339449541
GRFVEDVAG,3070.3669724770643
LQWAEWSHDG,7466.940366972477
VRVRRYVA,5150.288990825688
FVQDLRPAQKD,1826.5091743119267
VWQQEVS,1957.7614678899083
EKKVHVPNVALS,1208.2201834862385
AEEWVHLSG,3844.545871559633
QRENGYNDLSGE,1549.01376146789
WHKYSRYWNKHV,5481.220183486239
YESGHRNL,3815.330275229358
FQPNVPYQRKAL,4384.123853211009
FRAWVLEENKV,6467.880733944954
PKWVHDAEDAG,1591.5366972477063
RSQHDRKGRYHG,2172.7798165137615
HFHHRPDG,3800.9587155963304
VWHEPFVLG,16529.95871559633
QKQPQFEPVSWN,3035.6651376146788
WYWLVKLS,20042.715596330276
LHVWRYHVAG,10908.252293577982
NNRQWVSG,4103.48623853211
HQLVARLSG,6235.954128440367
NGVVHDG,2070.7522935779816
WRLFGRKDVL,8768.977064220184
LNQYNLYLSG,13609.834862385322
HKLGSFREDV,1943.5183486238532
HHFGQASG,2152.288990825688
QERGLGEKLG,998.5871559633027
GWWGPDVASG,5535.165137614679
YGWSHAQYHDAG,6737.614678899083
GSGFAVALS,14766.591743119267
HENHRVYLSG,7516.233944954129
GKKDRNG,726.256880733945
GDAKQLSG,830.2614678899082
VHAYANLSG,3680.1100917431195
SKQPKHVGG,1150.1009174311926
FDYGHDLWNH,7560.160550458716
GQSQSEVLSG,1123.3577981651376
DWRGYALSG,8649.018348623853
EGHVVGYNDV,2972.3348623853212
FYGDHVLRVAL,24445.188073394496
ANGYDSAG,2027.2018348623853
YPLRPYQVAS,6451.036697247707
HPHADGHAG,1708.532110091743
QAFYYGQFRPKL,13614.5
WRYAYKNHDV,6160.422018348624
EPWFRQEVLYKS,20203.29357798165
DFSQQRSG,2012.7660550458716
VYWDVLDRYNL,18397.48623853211
NLEARNSEPY,4253.775229357798
ARQKSYSG,1220.6605504587155
WWRDVWSG,17393.784403669724
YWKHWHVENGKV,3670.1926605504586
VESHWKS,2334.4311926605506
AVPDHVAS,1383.98623853211
HDYFFRDAS,7046.527522935779
PYGFWGVLGWKD,18929.25229357798
PSQAAFPYKL,6592.467889908256
QKHHWVLYSG,12202.298165137614
YYNGKFEVG,3392.211009174312
DEVVSNSG,1222.2018348623853
VFDLNVYHDAG,7479.311926605505
LQKRYQNVAS,2172.0963302752293
LEKKYWDVLSG,3389.8256880733943
FPNQEKLDVKHS,1472.5871559633028
QKEHDLNDFYS,3818.435779816514
DRRPQRS,1446.6009174311926
AYKDDVFRHAL,3935.697247706422
RWEGVGFPDVG,8911.651376146789
VRELRLDVSG,9831.51376146789
RDNDGQHRVASG,2074.8715596330276
GFGEWKFLS,12527.853211009175
NSKSLPYSG,1912.1880733944954
DLGKGVAGNKV,1128.8211009174313
HSEVYDVYKA,6153.151376146789
RDGWAENFHL,11331.188073394496
GRLDVKDALG,1968.467889908257
ARQWSNVASG,3121.7522935779816
GKEYHPSG,1436.1926605504586
HNWDADVAG,2666.4633027522937
RHDDEKHARPG,1254.8577981651376
NAQGSFNDAG,1577.2201834862385
QDAFLSGPAGNL,3958.348623853211
PVYQFKHFHALG,13876.435779816513
YRVDDVLSG,4075.1880733944954
FGRRYFRYNHG,8105.8302752293575
WVQLGHAFWD,27682.11467889908
YSKPKHSYKHS,2146.380733944954
WAWYNLFEPWK,19576.935779816515
ANHHSEVLG,1891.9449541284403
VSYWPWVANHAL,17710.674311926607
VPEKWLG,2010.4174311926606
HEQWYWSG,13415.651376146789
AQPNNGNDVG,1129.940366972477
WQSKSFAL,8437.788990825688
PSDQDVPNDA,1422.7155963302753
QFEWPWGYWFYN,31609.894495412846
RSWEEPKHDVAS,1947.8302752293578
SKLHHLSG,2257.5688073394494
ADQGVLG,1671.8715596330276
QKSNFRGQEAS,1254.3899082568807
LGEWPGQFEWK,9849.908256880733
FDHLWAFLG,15798.055045871559
SASDDSG,1113.073394495413
EYSYHAGFWEV,15703.651376146789
ALYDLNEPHV,4440.784403669725
HVYSAKVS,3136.6880733944954
LNGYSASG,2828.3853211009173
AVPNAHLSG,1875.2660550458716
EKANGDVENG,773.5229357798165
DGHFWGYHVS,12443.788990825688
RAYWVEWEYVA,27357.711009174312
LEFHGEWNKHVS,3831.3577981651374
QVFKWYNKHLG,6306.206422018348
DVVWWNSG,7280.279816513761
EQWQARYDASG,3549.697247706422
SFNEFWDLS,10864.899082568807
WYHPRPHVAL,12747.69266055046
HWVAAYHDSG,7508.715596330275
REQHLPVPWHA,5186.114678899083
PEDLPVLPWKSG,4458.174311926606
LVAGQRWLWV,25915.160550458717
NEDKPVLG,1420.1238532110092
DNRQNAS,1042.8623853211009
RDVARYVDSQE,2003.4495412844037
ALSEVSEAQV,1277.408256880734
PHPWAYHSRH,8042.857798165138
LALWSWHVAL,26490.990825688074
FNELHDGFND,7048.761467889908
AEHSAEHLS,1579.711009174312
FVALHQHDVFPH,9324.935779816513
YWAPWSFHLEKV,17304.32110091743
YPYRPAEWNKD,3855.6009174311926
QFDPRWHVQHD,5332.362385321101
EPWDKKDLHLS,1903.5779816513761
PFHRVFWHDLS,19969.02752293578
VQPRPKVPHV,1859.7706422018348
WSKPYWSGVA,8938.555045871559
NHWNASNFEVG,4264.811926605505
VLGYKGKGQHS,1688.9770642201836
NKLEPNEPPNHD,1333.6146788990825
NFFGQDALS,4542.064220183486
GKHSHQWNKA,1701.4954128440368
EPRYYWAGHDG,7511.894495412844
KHVHHDQREYAS,2130.032110091743
WGQHQYDQPYWV,22108.284403669724
GGELQLSG,1508.5
WSKDVWQWDS,8395.564220183487
GKKVDASG,683.802752293578
VYRRNKHDVL,3458.412844036697
YYNWVYAG,7357.743119266055
PVFWDAKDNKS,2810.6605504587155
PAPRHALNVS,2300.5366972477063
DVRDGFSQENKD,1324.6422018348624
ENDLPAFYHKV,3301.412844036697
ADANSDASG,1020.6880733944954
KAWVGYLFNDV,15704.88990825688
QQGKQPAG,1180.9724770642201
NEGWYNALG,7835.1697247706425
QFSVDGFYWDVL,24541.889908256882
QWWDKQFEYW,21462.57339449541
LEQPSFVLG,11597.055045871559
RVADQREKAKVA,930.5183486238532
LHQYDKVLG,2721.243119266055
WHVPQEDAWHL,4981.59633027523
YPQYGHLSG,4058.821100917431
DVGGSGFREVLS,2728.9036697247707
SNPYHYG,6806.743119266055
SVRFPKHDALS,3113.0825688073396
FANGGQWSG,4825.880733944954
PKYRNFPLS,4000.5045871559632
SPQNDRVG,1140.926605504587
YWKLRLQFDSRN,15509.977064220184
NLKPNDREYDS,1823.8256880733945
AENEGQEPNHL,1470.1146788990825
FFVFRLQFWKG,23293.715596330276
HLYHQYFPYG,12721.004587155963
GHDVEPRWKVL,4117.0504587155965
YDWVSGPFRPLG,12445.091743119267
HYKFVFDLS,21047.56880733945
PALVKGKVAL,2684.2155963302753
RRVWKQWHVLS,7583.591743119266
NRLYENALSG,4380.885321100917
YDPANQYNHSG,2414.5183486238534
GPEKNDVALS,795.8394495412844
YFHRRWHDALG,7687.01376146789
QLHQRKAEYWVG,4823.917431192661
NESNAFVAG,2566.770642201835
VLNREAWNLG,4192.577981651376
WDEFASEYVG,9524.055045871559
RDSKKLGQDG,874.9816513761468
EAPADGEPNV,1055.2981651376147
NSEVQFRFRYWS,24928.701834862386
QKGKVGWPKD,1394.802752293578
SHAYEPLG,2907.738532110092
RSSEGASG,980.9770642201835
SREEYRYDS,3642.821100917431
LGENEHSEPNKH,1294.5275229357799
DWVEFKLS,12509.522935779816
KSSEWDKALG,1191.3440366972477
FGNVDYNKVA,2184.178899082569
EALAGEPYWSRL,9120.564220183487
RADFHLKHAL,4298.733944954129
GQWDGYKVFPV,15182.01376146789
VDVWWVALSG,15364.80733944954
KGYERPHDLS,1722.6559633027523
PHKHYVQEDA,1283.954128440367
EHDDYLGYKA,2029.7522935779816
NHSLKSENG,1093.8394495412845
LSFVFRGPWNHL,26868.76605504587
DDLHYVG,3684.2155963302753
HWSGRANDVLG,3748.2155963302753
DVVSWHNKVSG,2568.123853211009
WWRASEALSG,4655.6697247706425
FAQAEARENLS,1577.5412844036698
QFQVSFDAYWDA,26564.23394495413
KGSYSPAG,1417.0412844036698
FRFFHLGHDA,7605.5504587155965
DSRHHARVG,2071.6284403669724
KEYLPQHVG,2235.298165137615
RGLEDLRYWKV,6477.174311926606
QRDQGRSRPWL,7593.261467889908
YLKGHGPDVLG,2441.2201834862385
HGYQRESRVG,2259.348623853211
KVVKVEHDVS,1016.8211009174312
FHEGHLFASG,5644.4495412844035
RENHVQDQEAKD,1063.9816513761468
FRNWADVSFNS,9049.56880733945
RQKYQASG,1401.3440366972477
PAESDGQKDLS,836.2155963302753
YWHVYKVGQHSE,2759.646788990826
PQEGEQRHSG,1244.8532110091744
QRHLVFNSGFYV,32325.711009174312
WYQPGNG,4377.307339449541
WGEEDGRENKG,1456.9495412844037
RDQGHDSKL,1132.059633027523
DPRLHDG,1611.1422018348624
FQHLRVYSG,11933.509174311926
NFWGWQRYKA,8078.229357798165
HRVSAENG,1592.8853211009175
KFKKAFAL,1743.2660550458716
YADLESPDVSG,1680.1926605504586
LGSHGPVLS,3209.422018348624
KASNAARKHD,938.2293577981651
QWFHNSGYWLG,16361.51376146789
WDRSPWVAYHL,23049.798165137614
YDDGGQYWDALG,7326.894495412844
PQSVQKLSG,1510.8532110091744
VFLLDLG,23181.688073394496
GVPWPKLG,4451.238532110092
RFVKEHSG,1871.0
NLPKALRYGQA,3469.077981651376
AKYNNDG,1458.105504587156
VSFNLEYKQYWS,16645.211009174312
FKEGPQEHAG,1263.7155963302753
PDDHEDVG,1149.091743119266
SHDSNRYWN,4290.967889908256
WHYQGFWKDA,6971.422018348624
EGLALWASG,5201.256880733945
EFFRSNSG,3151.3715596330276
AYGGVSG,1926.532110091743
RFLDEKSG,1593.0688073394494
NKLRGQNSWNK,1748.894495412844
DRFHHLG,4111.091743119266
DEKASLEWLS,2070.5688073394494
VEGFNHRNHVG,3581.5963302752293
SPVFGYNKHSG,2626.545871559633
QSPLWKSWNDV,3131.967889908257
YEHPHKHD,2172.6330275229357
RRGKRKSG,674.605504587156
LPEEPLS,1026.2752293577983
YHVNAFALDVSG,12640.70642201835
VKVFHKVS,2649.0733944954127
HGAGKAQRNKA,849.8807339449542
GVVGQFRNKHA,2518.353211009174
KFVYVFAG,26342.243119266055
EEPWPHEWLG,5657.160550458716
VSEKNHASHLG,1655.4036697247707
DNKESGFRYKAL,2012.4174311926606
HGGFKGWNLSG,4293.467889908256
VGLLDSG,2443.788990825688
DLAHQVASG,1484.6834862385322
NNQWNQLSG,3128.637614678899
VRKNASPHLG,1779.2339449541284
AEPAGHVRNVAG,1412.105504587156
DQKDANGQYNDG,1169.8302752293578
LFFVKLG,17366.56880733945
VKYHKASG,1383.6238532110092
SDEKVWSG,1562.665137614679
GREFNLYKS,5165.623853211009
FNSRPKRRWHA,3773.6146788990827
KLWKVYWSPWH,17769.88532110092
WNDEGQQYWN,7969.834862385321
PELRRKHLG,2184.8256880733943
LHDAFAHAG,3811.321100917431
FKAPAQRGRPK,1088.119266055046
VKHLLKAG,1789.3623853211009
WNHKVWNARWV,13064.036697247706
KFPYQGRPWNA,5599.683486238532
ERWPWFRYAL,24687.018348623853
KPGLNDS,988.1009174311927
KHSLHVPYKHG,2803.9449541284403
NHYWKSFNHAEK,2444.5137614678897
FQDHQPVAL,4053.467889908257
FLHDGYNLEL,11947.591743119267
RLSLNKLGWHSG,5799.922018348624
WLDNAVLS,9657.344036697248
KHLYQHDQKDLS,1486.2522935779816
DQLQSQYS,1966.151376146789
NFFPPNKHDL,5018.321100917431
GARPWLWSG,16468.0
DNPNWNHDVS,2568.435779816514
FDEPNDKVGPY,2523.6651376146788
HKGRDEVG,1030.3715596330276
EQDLDVWDVAG,2272.678899082569
KDALPAWGQRWV,8200.284403669724
FQGYRDAG,4285.5091743119265
KAQHKDQKHLS,830.2981651376147
WGAEYKAHAG,2808.8669724770643
NRVKFRKSG,1551.894495412844
LPLQNGWHDAL,5643.733944954129
QLPHFEKHLNK,1946.6376146788991
ANWDVWLG,13806.224770642202
YQLGKQYAL,5452.5504587155965
ADYWYVG,10605.587155963303
PDRHWKALQFRE,4567.655963302752
QHGPFPAGVA,2344.353211009174
YFDSFRNARPDA,3766.0688073394494
GHAEVRHVL,3383.853211009174
RWYVRWSWDAS,18203.032110091743
YPHEQPWKHVAL,5199.036697247707
EGYYSFRYWD,24038.688073394496
SWQHWHSG,7087.183486238532
HEDEAFNHDVL,3012.454128440367
FYHSQPLPNND,2299.3715596330276
GYSGKRKLS,1339.394495412844
ELSEVRKDEHS,978.3440366972477
VEQWQFG,8355.224770642202
QPHPHLEVSYVS,10375.325688073395
YHNHELEPKH,1714.5
HANWRHVLSG,7313.628440366972
AYEPGDG,2005.545871559633
YYAEWPYWVAG,17265.045871559632
KNSEVADG,893.2247706422019
PFDQEHRALSG,2957.376146788991
GHGDYHSG,2504.146788990826
SEAPYVFASG,11244.899082568807
GPYEAFEYWVA,12660.316513761469
VEVGVAFPAS,6633.495412844037
RYVLLRHDLEWN,22111.981651376147
ELPWGKVHLG,4118.972477064221
NWNSNLSRKLSG,4112.559633027523
NVSNPKDHVS,1325.848623853211
YNKNVLLFPHG,9937.073394495414
LRQAPYG,4399.022935779816
ENLDKSPWKALS,1673.3394495412845
QFLHWVANDV,8148.559633027523
DSQFHLQLSQEW,8656.545871559632
AKDGLSDSG,938.7981651376147
LAEVSHSG,1513.5779816513761
KVVVAWAG,6818.206422018348
WHRYQRKGKG,1484.6284403669724
LHLPAASG,2311.9311926605506
VQKFAFHG,4494.307339449541
YGPSGFAHASG,3765.880733944954
PDYDGFWQRYK,8882.215596330276
KNKEPQPWNDV,1521.1788990825687
NHNYQFWNKL,8020.573394495413
EWRSNHQHVAL,5801.261467889908
VGRQPYDKDV,1993.394495412844
VQAYYKSG,3825.353211009174
ELVADLYNVA,4569.655963302752
DHSDQDG,1190.3211009174313
LSVWVYDSG,22236.215596330276
AHDEKGKDVG,796.3348623853211
AQALDVPHDL,2597.201834862385
EWGWQFNSHD,12366.449541284404
HKLSNEDSG,1045.2568807339449
DWHEKDAHLS,2007.7981651376147
KQRVNVAYV,3935.0412844036696
NWDERKHDV,2280.7477064220184
KQNDRYNEKL,1370.0229357798164
WNSQWVAQVQFP,18121.39908256881
WGWPFDVAL,33277.16513761468
YNGRNKAHVFNH,4899.5
DYYLVSG,16842.857798165136
YSFEGFDSWNH,12086.018348623853
HKFHPDVL,3506.2201834862385
QLLQYSYWKHG,9374.711009174312
WVSNVSQGKHVG,3165.766055045872
EPSLQFRSNVL,6489.54128440367
DGLFESESG,1823.8440366972477
NNKSPFWHVAS,5119.431192660551
NSQSYWDFVSG,9261.58256880734
VAHWVQHDV,4677.293577981652
LVEFWLG,19195.302752293577
YGKEEWALS,2526.587155963303
YAVAGQPWGNKV,5338.339449541284
DWRQYHASG,4841.811926605505
VGQSWVQFHD,9660.018348623853
AFDFYSQHDG,6107.252293577982
FQRLLGRPNDS,3516.5137614678897
SFRFAGEPN,3988.229357798165
RSFWVEYRENG,13007.0
GHSFGHLSG,4427.55504587156
RELWLSEQEYV,6640.51376146789
FFRNESGFLS,9235.798165137614
DADPWSREPS,2040.133027522936
QDFRDEYFPH,6089.894495412844
YLVRAFDAS,11195.12385321101
PKNAKASKDAS,590.454128440367
EVNHGWRHDA,4029.7155963302753
QWKHEFNSRKHD,2520.211009174312
QDSRPGKQEYV,1204.394495412844
WHEQWNAPAS,5317.247706422018
RQSQPQFPAL,4898.573394495413
YLHGDSPYWH,13924.362385321101
PRERSGRPKA,1048.9128440366972
DQYQYQREWDL,7829.431192660551
LRNFKDAALG,2780.3577981651374
QVPSHGFHG,2984.9449541284403
RQALRDLFKAS,3225.756880733945
PPGEPVWDVA,2227.8440366972477
EAGVGRKWNLG,2410.1009174311926
AKVPDLWSG,2795.2201834862385
VYAWEKHSG,2856.0825688073396
DFFDRSG,3759.183486238532
YQFARNHNKDS,2267.197247706422
NKDQDEHNVL,1000.2614678899082
DFVFEEKG,3289.0183486238534
QGEQPHRLG,2896.064220183486
VQPGKLPYNV,2326.880733944954
DHAQRPHEL,1894.380733944954
PNRQGRDSG,1399.8899082568807
LYHSAREKS,1583.7247706422017
HQASGKFEWNS,2189.316513761468
DGHSGVLQPDSG,1690.288990825688
VDRWLWG,13769.733944954129
HKSNWALS,3234.348623853211
EHWGPGQENSG,1922.4633027522937
HVYGVGWKHD,5954.247706422018
QFKNNKSGKDA,907.9587155963303
FSVQWAQDLG,6748.876146788991
WKPGFEWLKV,10589.587155963303
QDYGAYWNKS,3174.380733944954
REYWEAQFWSS,20514.403669724772
HADLDLPYDA,3600.380733944954
KSAQRSGKL,826.2110091743119
VHWNDQLG,3480.059633027523
YNQSDALRYK,4441.155963302752
QKSFGRYDQHL,4674.018348623853
FPQVDLQEDAG,1742.4128440366972
FWARLGLQVAG,10733.770642201835
DRGWSDLS,3399.711009174312
DEQNAEDALS,897.7706422018349
FKSVFYDGRPHS,6257.018348623853
DVRKYVGEASG,1446.9128440366972
WGRNAWAQWLS,17135.41743119266
YWNVYAQSEYWN,11964.940366972478
VWENKWALS,5646.871559633028
FRKKDGGRKDAG,812.802752293578
KNDYDNDSG,1220.2201834862385
KLRWWHFRKHVL,9571.37614678899
EKYLWQRWKDAL,4983.220183486239
AAFHGWG,6698.266055045871
NFKRDSEWNHVL,5254.908256880734
NSLSFHHLSG,5108.981651376147
KADSWNPWNLG,4092.619266055046
HAYAKASREPYG,3102.3853211009173
VPKFRHWDL,6324.807339449541
DAVLEGHVSG,1847.426605504587
YNKGESEWGEYG,3297.6743119266057
WQNKRPHARDA,2395.233944954128
NDLKNHVRHAG,2132.201834862385
AVQNDWLS,3617.302752293578
WAPHAGSFPN,4974.238532110092
VFNLGLWVLS,27423.261467889908
QSYGNKDARWKH,2719.701834862385
HLQDGRWHSGE,2921.3073394495414
DALWRWKHGW,12761.605504587156
APHEQYWALG,4290.426605504587
DRKLKSRWKHA,1359.2935779816514
KRSSNKVAL,890.9724770642201
RWKPVLEAQWNH,4217.0
SYWYQPHG,6746.9908256880735
WFYVEVPYHS,24865.022935779816
RYNHDPNPDNH,2185.380733944954
ANQESPG,983.9587155963303
WSNHLLQEWHD,10297.371559633028
EPEFAYDVLS,5834.522935779816
LNHFFKHVAS,5949.665137614679
WEVNAKSG,2587.1559633027523
FGGKRWG,4558.931192660551
PYHSSEPQEYHL,3930.651376146789
HSHHWKG,2627.6605504587155
WQSSDVLSG,4239.908256880734
AYLSWLSKAG,5500.417431192661
DENRQPNHSG,1508.0963302752293
FAFPFWSNLS,17850.963302752294
AHQLKSG,1294.4128440366972
YPVLQEGENVS,1493.1467889908256
NHHAQFYYWHD,16860.07339449541
PWQYGWDFENV,15280.022935779816
NFEVQLEPDA,3263.4036697247707
ERYNRAGYKHAL,3742.5091743119265
ALKSQGYAG,1784.032110091743
EPSEPHQQFKV,1378.6743119266055
KPGWRDG,2593.711009174312
QPYSWKRSFPDG,6554.935779816514
RLQQLGREHV,2891.059633027523
QSNLHRPYKA,2815.8853211009173
NESVNHLSG,1607.5412844036698
VAQAQDQEG,785.3440366972477
WRHKRWSG,4525.798165137615
VKFSDLSG,1878.6376146788991
EYERFHVG,5260.825688073394
NEWFEQDLG,5354.463302752293
WPFVRKALSG,8838.357798165138
QAWLGWRASG,9944.784403669724
FYHGNVLFVAFE,46841.37614678899
PHKAEWGEG,1745.0229357798164
RAWNRPYVQRWA,12788.678899082568
NWQQASG,2381.2247706422017
VYEHKVSG,1472.8623853211009
NQPYGFLWNHLG,13496.811926605504
EFVPQYG,3917.4495412844035
HPFPPNLS,3044.1330275229357
WDWRSFRENHV,8272.761467889908
RLWPVGQYNVA,8041.252293577982
NKDLDPHAEVS,968.9770642201835
FSRHWAEYWKV,10233.56880733945
RSWQNFREDVAG,2888.6880733944954
EDHGKFNHDAL,1494.866972477064
GWWVAWG,18980.380733944956
YHDHDFHAFPKV,5457.600917431193
VNLHHLSG,3293.032110091743
QFVWEPWVSPAG,12454.839449541285
VEGDSEAG,896.197247706422
QQLEKVLREWG,3054.4266055045873
HHGFDNLG,4228.922018348624
NPKSDWHVLS,2019.926605504587
YLNGYDPNALS,3786.1926605504586
KLLAHDG,2069.697247706422
EKPKWEWASG,1615.2385321100917
PFVPEHDVAS,2143.0091743119265
KNSGKPDG,852.697247706422
WFYFQPNDVAL,13634.444954128441
RANNNSG,1626.2568807339449
FPARAPVALFNK,8991.853211009175
NLLRKLNKALSG,2749.256880733945
LKFHAKVLS,3549.5963302752293
AFREDSWDNKL,3622.3440366972477
WPLGRRYDAG,7580.51376146789
HSSFDNAG,2266.1422018348626
KFYVVQWKDLG,11473.174311926605
NQWVGHGPYKSG,4609.770642201835
DRLVRKSG,1663.1743119266055
RVNVKHPHLS,2782.8990825688074
YRFVQHAG,4481.394495412844
WEWHWSRYNKD,7318.9908256880735
EAFNHEDQVA,1283.3532110091744
AYLHSDAG,2411.6559633027523
SYDPHWAS,4776.004587155963
FNARYSGLSYDA,8648.88990825688
KSHRRWVL,3884.637614678899
FNEFDAEYWV,15150.275229357798
QNNRYHGQVAG,2494.3394495412845
AQKRGHDLS,1034.9220183486239
DLGSDVEDG,1145.1284403669724
YHYSDFRWDAG,8367.577981651377
YKFKQEDLEPYH,2802.7752293577983
WGRGEKPLG,2217.7201834862385
EWAAPNDSFKHV,3589.302752293578
HYQEHAYSG,3082.8715596330276
GEKESPYWNLS,2531.7201834862385
SEAFDYALG,5809.371559633028
EPPNPHQPVSG,1517.7981651376147
EYSQYGWVYL,29300.876146788993
EGYWEVEPS,3707.412844036697
KWADAWKLG,3442.587155963303
KPPSWKHDVSG,1199.7752293577983
FWSLQNVPNVAL,8199.738532110092
NNFEVPDLSG,2332.302752293578
EYADPKHGEPS,1017.7889908256881
PPAKQEDALS,848.0779816513761
RDAVQYKREYWL,9239.435779816513
NAHHDAPWNKV,2499.0504587155965
LRSVEKAS,1350.1926605504586
WSQEAQFVRYNV,21705.92660550459
HRLVWHDSG,6098.587155963302
WPNAANAG,2134.059633027523
FRLNYKNKG,2196.1605504587155
NWREVESG,2606.894495412844
PAFDQVAFEVAG,6044.417431192661
FRQDEDGRYWA,7685.160550458716
NRRGDALS,2240.8348623853212
WARGSFNHAS,5539.784403669725
FGRRQKAG,1557.0412844036698
KEGASWSG,1832.8532110091744
DAPESGEPWG,1701.7293577981652
KDRSYKSWNKA,1261.6100917431193
AKHEVYDVAG,1567.4449541284403
FKEEHAFEPALS,2326.5550458715597
RNHHALSVAYAS,8004.5504587155965
NRDDWKG,1995.6422018348624
WPFDYLG,15644.967889908257
EASWKSPYKDRE,1582.5871559633028
LWGSFVALSG,19485.261467889908
HQNVKQFWKHG,3157.123853211009
HGNWWHDVAL,11600.816513761469
SYQYEPYG,6272.215596330275
DWNVVRYNKV,6459.077981651376
FLFPWEQYNHAS,8809.362385321101
GKWKPDVLSG,1753.9908256880733
EAKVESFVSG,1266.7431192660551
KPQYLPDLS,2202.7752293577983
PRGLALG,3266.743119266055
GEFLRDVAL,8264.697247706423
YHQDPHLYWNHS,7994.642201834862
ELKPYAYWDSG,6754.922018348624
WEWYQRYWHVA,14919.58256880734
DREAKVFNDVG,2015.4770642201836
FWEGWVFHG,16146.51376146789
KDFKDGYNSFA,3460.9036697247707
AWNQDEYWKAL,6128.073394495413
NAGLPQFRWLSG,14705.256880733945
RWKFWNESVSG,4210.188073394495
FNNVPDENS,1351.98623853211
VYQNFRG,5187.55504587156
RVDASLQDL,2246.7752293577983
YGPGFYLNVA,22994.9128440367
KSHYDQSG,1350.7981651376147
WYWDHQPYWKA,13618.302752293577
DKRHPVASG,1279.2247706422017
HSWPFHVG,11998.146788990825
HEEPRNKHA,1270.5871559633028
PRLVSWSG,8557.866972477064
LWKDRPGNDA,1937.9724770642201
RVGQQPLSRYLS,7303.784403669725
APLKLDSG,1256.334862385321
WWEQNALSG,5990.284403669725
QSVRLQSG,2294.02752293578
GPWNEWSQKAG,2420.454128440367
SPASHFSG,1853.7477064220184
GFQEEDVALS,1913.5779816513761
HVVQSPLSG,2486.238532110092
VFFHDWSG,12125.51376146789
GNDWFYHVALS,16751.032110091743
FRQQYNQYVS,7067.940366972477
QPFQRWDVLNSG,9464.80733944954
RSKPVSFRWKHA,2693.119266055046
FNNFRYLASG,9728.862385321101
QLEYADWHVAL,13954.720183486239
WKAFASRGEPKH,2797.348623853211
AQEYRWDLSYAS,13599.357798165138
PPRYKRALG,2270.266055045872
SQEGVWLG,6166.408256880734
FNAVAKHVPYNL,7190.40366972477
WVWVPHLFKHD,18840.298165137614
WFAGVRPNK,5085.243119266055
YSFKDAEGRN,1716.133027522936
FWFNLGSQPNG,5074.284403669725
QLYDLWKAEPYV,9465.88990825688
HVDHYSG,3002.7201834862385
QEPHSVGDLEW,3109.935779816514
FWRNPNGREPN,3665.4174311926604
YNGSKHELS,1383.133027522936
RRWKDQKLGQPK,1027.0045871559632
YLGLDVQPDVS,4019.587155963303
ADVPNFALSG,2954.0963302752293
FDFFNGYWKLG,8163.137614678899
QQFNNVAQEHLS,2332.394495412844
FSAYHSNKHDAG,2361.6009174311926
NSRWPHYKG,4883.233944954129
REWQEKVVKAS,1973.591743119266
NKGGWKWVS,3966.2247706422017
FVANEPWPWKAG,6598.821100917431
YPGKYWLSG,6577.733944954129
HVRGRKHNDALG,1862.4908256880733
DPHEYQPYKHG,2447.2752293577983
PREKWNAQVA,2073.288990825688
YGYFNLNKVL,9317.412844036697
QRDVNDLEDASQ,1271.9954128440368
ERYAKDLWALS,5306.4908256880735
PVVAEKFYSG,4100.431192660551
RHANEYWKRPKV,2323.0
DLLYPLSG,7276.01376146789
SYHDYREWG,7935.022935779816
QDLHYNGRWKG,3942.564220183486
NKHYYNQELG,2761.3394495412845
YGPRNSREPWN,4085.1100917431195
DGDNFRPWKG,2998.5045871559632
YHQLLQPNKHVA,3365.1009174311926
NWGRLYDG,10956.004587155963
YRDVAGVDAS,2021.4633027522937
FWHSGGWSFWV,29585.467889908257
RFQVVASG,5421.247706422018
ESRNFWKDDAS,2018.1926605504586
QSELNHEVLS,2049.5366972477063
YQRVFDAGEWHA,8398.105504587156
DSYASQFHWDS,7568.467889908256
DSYPNAKHDS,1216.8577981651376
DPHSRDQVLG,1482.1697247706422
QNKFWHFRAFN,12053.178899082568
LLGASNDALG,2286.1559633027523
GDNGQFEHDS,1693.8577981651376
QGHGNAQEWLG,2737.243119266055
WRDKKDG,1302.032110091743
RSFEFVQEKHAS,4109.545871559633
AALPFDSG,3200.422018348624
NFHLELYAL,31876.481651376147
KDPPYDEYHDV,2281.954128440367
SFWDFSGHLS,11875.646788990825
EQNAVAEPWAG,2074.5733944954127
KGQWQKDSEDSG,912.5825688073395
EYSRKDVYSGKA,1907.545871559633
AVERDSG,973.5963302752293
QQAAEYASG,1244.8119266055046
EVVPVQHVSG,1845.1559633027523
AYVQQEALS,1924.5963302752293
EADFFHVLS,6131.963302752293
KSRKFWHAQYWL,12134.912844036697
HRRAYVLS,8460.688073394496
RKKYPALG,1123.4633027522937
YHNHAQEGQWN,2745.701834862385
HGSKHQDA,1019.9082568807339
EKYLALPWKV,6180.862385321101
RSHERPLS,1984.0779816513761
LWVKAPVG,4199.532110091744
YEKNHREYNA,2633.701834862385
VYEQALSG,1972.7339449541284
KAQYAEKSFDS,1243.2706422018348
KLAFQVALSG,11148.220183486239
SQKADFYWND,3937.5504587155965
GPKWLRNDS,2264.2155963302753
GFSVAFES,24752.743119266055
NGNVVFNVALG,18286.211009174312
EPDLLQFYAWNH,17117.22018348624
RWLSWNWHAEV,14029.871559633028
NKENWAYHAL,7621.931192660551
GHSQSFESG,1793.1422018348624
VNADYALG,2438.321100917431
KSWASVPYALG,6337.422018348624
GWANAYWNDVL,13741.967889908257
VRAPKLYWHDV,7240.747706422018
VYVHDWALG,11186.54128440367
DYKDPRVLG,1912.8990825688074
NSAWKEHLS,1909.9908256880733
VFYAWSGFPHG,15195.899082568807
EVNSPQKAG,893.0091743119266
LVVGQEWHDL,7102.995412844037
YGDNFEPG,2784.5366972477063
HNDDSVLG,1465.6146788990825
SQANWNSG,2094.1559633027523
ASEESFPYNKL,2171.6651376146788
EPNGKGRDQYHL,2253.435779816514
GVALVWALS,26541.29357798165
PPHDNGQWLG,4070.8440366972477
YGNAQVEWHVL,9308.435779816513
PKQDPVSNG,911.3669724770642
EYKKRYASENDV,1217.4954128440368
KGFSGWAHALSG,5178.5
NFRQFAPNHDAS,4020.8073394495414
DNHSQVQNVAG,1211.9128440366972
KLSGSVLYAS,7336.284403669725
RLEVYWQKA,7733.784403669725
DSNRHFWDALS,6595.688073394495
PGHFKGKDASG,1425.1559633027523
NQNDSKQWVLG,2377.706422018349
WHYQHFEPDL,9813.532110091743
FPEYDSRKGKVA,2641.201834862385
VLFWKDWVSFY,22863.23394495413
DARKPYGPVG,2567.0137614678897
EKQSLQWNDVA,1335.7018348623853
ESGDYHAFEVG,2512.0412844036696
KHGKWVYKHDG,2178.9311926605506
VEFGHSG,2816.0825688073396
YWQLFPWRKHV,13445.853211009175
DDRYAEG,1783.5642201834862
LQYVSQNHLQA,3444.9449541284403
FHNSKHFPYWK,7211.0091743119265
EESWPYALSG,5546.160550458716
KQLWQASG,2413.261467889908
ADQWSHG,2809.9633027522937
FSQHKGREKS,1073.7981651376147
DVELEVEDLG,1680.1605504587155
PQERQRWNDVL,4319.784403669725
RYQFSHDAEHVL,6323.440366972477
HRHANAQSG,1428.4816513761468
KVAKPHASLS,1181.0550458715597
WQRSQAGHS,2507.8669724770643
QQYNDSDQFPDL,2611.761467889908
LRSSNHALS,2699.5183486238534
HFLAWDVLSG,12721.619266055046
LLQPLVLS,15890.788990825688
EPSRRKASNKVA,982.1376146788991
LVNKFLSG,4140.412844036698
FNVYKDRKVFYN,7624.3302752293575
GFFQVALSG,19773.60091743119
LKSGHWNAS,2576.8577981651374
QHPHDFKYLG,3769.032110091743
YHRRLPWNKDVS,3554.1926605504586
KPRGRVLSG,1482.605504587156
VPKNSFVG,1426.711009174312
FGKVHPYKHDL,3748.256880733945
SEPWAKLPNKHS,1799.633027522936
DKRPEHG,900.0779816513761
SGQYVNHPNKG,1790.4220183486239
AEPWPDFNSG,3205.4036697247707
QAKAGQDGNV,842.1284403669724
SRYQAPDG,2182.4954128440368
GVNKPDSG,862.4954128440367
FNDQSELYKDS,1921.2155963302753
PFWKGPLFRHLS,12156.40366972477
HEFDPNALG,3010.064220183486
RPQWNGFQRWNH,11136.481651376147
YLPQEGPNAG,1538.8853211009175
FKNGKGKHDV,915.2935779816514
WWQSPSG,5356.435779816514
WYEGHDVALG,6516.954128440367
WWHARKWKVAS,4386.747706422018
KHAHAGNPKDV,935.605504587156
GVEDWKAG,1336.9587155963302
QQWVKDGRYV,6556.114678899083
GWSLFLSG,19291.743119266055
WSHEFDVLG,6892.935779816514
EAGYWEALGLS,5140.752293577982
QHHYYKDVA,2421.591743119266
NRKFFYVG,11256.605504587156
FWPAPYGQEHL,6723.495412844037
SYRNKWG,3438.6009174311926
VRRHLRLSG,3611.7752293577983
REGHLSQDSFYA,4377.275229357798
PFLREADVLG,4014.077981651376
ANGRQFSG,2273.793577981651
VQNSVLHVG,2576.669724770642
LPFEFKVLSG,12486.784403669724
SQVEFWASG,4116.573394495413
AQQNGFHDV,1821.1880733944954
ADFPGHSG,2134.756880733945
YKVKPQFREAS,1737.1697247706422
VGHDEVNAL,1616.4128440366972
EGYPVSQPWL,9175.045871559632
GWQREHNKDVAL,2406.9908256880735
NSSDRPAG,1077.3532110091744
WAGFWDWGPHV,23058.064220183485
VQGNWLG,4297.325688073394
YFPHNARASG,2820.4954128440368
AQWNVGLSYK,6722.417431192661
DQLFQFNKLSG,4635.206422018348
KHRKWHDRSG,1423.8440366972477
LRKSYAWVG,5917.775229357798
KDSYFLWHDALG,7441.288990825688
EGVPFEYWNVS,6176.568807339449
NFPDLAFSG,5740.665137614679
PNFRHVNVGRD,4451.761467889908
QFGSSQEPYKA,1991.834862385321
QWPQAGQWAS,4239.48623853211
RDSLHGRPYL,7184.614678899083
WLNQSEWHALG,8210.357798165138
HGNREDLYNK,1662.5183486238532
PVKLEKWKVAS,1566.8715596330276
SNPLYKALS,3900.6926605504586
FPPHGYHWNHD,7699.01376146789
WSKQRYQKG,2019.0045871559632
AKKVKDVAG,585.2339449541284
NHWHGDADVSG,2154.637614678899
DYYKKDVALS,1848.2385321100917
QVPQFRDENH,2105.7247706422017
HNRLVLG,4708.105504587156
FEKHNDQQRPK,1094.0688073394494
ELSVPQRWDG,3839.412844036697
NADQNGRWDVS,2768.1100917431195
ELSRKPKVQHD,1160.8853211009175
EKYVLYHPDAG,5641.536697247707
SFPPHFNDVAG,3710.348623853211
PHLNALAQYNVL,10409.06880733945
ERRWEVSG,2584.2844036697247
AKALQHYALG,3954.7201834862385
PWFSPWSNVAG,17157.119266055044
WAHGEDSREPYN,3365.5504587155965
KEWEDYKDLG,1949.7568807339449
YYSYQPALS,4125.564220183486
RYAFENVRPLQN,7517.192660550459
QARKHKSEPYG,1145.9724770642201
HRRHVPLS,3163.2155963302753
PVFKVNAQEKD,1704.0550458715597
AVRPEPG,1392.7339449541284
RDSNFEHQEPVL,2388.9449541284403
EKPKHAVPWKL,1479.2431192660551
KREKLLQPDS,1162.8623853211009
RPYDLVLEVLYV,49882.26146788991
QFEQWLQWQWVS,22914.408256880735
SEGKFEAG,1161.5825688073394
FRYPPDFEVAS,4098.844036697248
GPHHKVG,1262.1788990825687
LPAYQWDS,5567.233944954129
QEKNHDPEWDL,1802.9908256880733
DPHDNHDGYWKV,4418.711009174312
QFSYYNDWVLG,12313.114678899083
DYSDRESG,1461.6697247706422
YLNVYRPYKH,7402.197247706422
FDQAFLFNKHV,10327.087155963303
FARDAGSPYWSG,7907.788990825688
EHGGYPYNKVL,3827.770642201835
WGYGSNKALS,4129.798165137615
VFQFDREKHDL,4095.3899082568805
GWGFVFSG,31259.298165137614
YYHNWHDVLS,10111.862385321101
KEFRDNAL,1904.1009174311926
ENRDENVSDV,1084.7935779816514
NWAWWHG,16686.3623853211
WASWDGWDEYHD,14275.509174311926
DRDVRLPVLSG,3759.1146788990827
DQAYVSWNG,4105.788990825688
PWVPVAQHRNH,4072.605504587156
KELLASG,1829.7155963302753
FGFKRKALFAG,5573.238532110092
EQAAEPDG,957.6697247706422
FWEKLGVLFRS,17964.316513761467
HEENSYLSG,2730.454128440367
QLLPSFDL,10942.40366972477
KRFWNWVLS,10789.54128440367
RGALKPWHDAS,2982.8119266055046
LQSKFESG,1187.3761467889908
YYKYEHLSG,3276.862385321101
FSKVGFPNAFEW,14074.348623853211
YDGWEKLRNKG,2718.2155963302753
YNLYGFRVNAL,16275.637614678899
QLYHARLYWVS,22359.811926605504
GNVKFHLG,4421.587155963302
FRDRLQWHRYK,6745.633027522936
SFFLYVALSG,17063.197247706423
QASRRPKDLHD,1722.4495412844037
ALVPGPAS,1876.3761467889908
EDYNRPLFWN,11736.275229357798
NGRYQRQYHDS,4615.133027522936
DSLKDPALG,895.4908256880734
VAQDYVADASG,1405.2247706422017
FDQAEVSQPNHA,1892.3302752293578
WDHYKANHVSG,3245.412844036697
FGELNLSYNHV,10219.362385321101
EHHAGPSEKHV,1271.711009174312
SPVAYFYWNLS,30565.376146788993
FPPEVFEYNKH,4421.114678899083
HRQKPWDVL,4734.697247706422
WHFPSYAGFHDL,19954.183486238533
HVSDVYHAPKHV,3031.1743119266057
DEFWEKHDAS,2633.087155963303
HSAVDVG,1505.6788990825687
QESQARKDLSKG,755.9174311926605
KEQFPRYALS,4934.325688073394
PDRYALKQEYA,3763.380733944954
EEVDSYVLSG,2741.5091743119265
PFDQDNDLS,2502.894495412844
GELAPDSG,1321.0688073394494
DLSNVFHKAG,2722.064220183486
HKQKYDVAS,1035.967889908257
GKAFHNKSG,1347.788990825688
EWFYSQPDYSG,11738.600917431193
NPGPPKG,1059.1834862385322
ARPWPDPYVLG,8331.756880733945
PFHVWDLNKVG,9018.201834862386
SHFNLNDVLS,5647.311926605505
NEFNHPSG,2642.0366972477063
NEPSYGWNVL,6990.816513761468
DGRNDQAQFREL,2406.97247706422
NFNERDLSG,2587.1284403669724
WEHYENSG,4441.582568807339
GDQRLWLG,8552.087155963303
HQGEHEPALS,1308.7339449541284
YRWQHQPYWSG,15971.69266055046
NFQVYHVS,12487.697247706423
DSPYDWGFNKD,4153.761467889908
SQHYSHASG,2847.5137614678897
YQRYHFGFYDVS,18362.56880733945
YWKAPRNAQHD,2651.2201834862385
KANREVQFHVAS,3226.087155963303
NVQEPNWQWDL,9722.775229357798
HSQAPHRWAG,4235.082568807339
AGSEYAYWNVG,5381.256880733945
NKRYRWLFDSG,7560.100917431193
ERDWGNVL,3878.146788990826
KYYAWKHDAS,2668.6422018348626
HLSDYLQFPYLS,16685.743119266055
NRHAAEPYNK,2381.738532110092
KNQHWHALG,3823.738532110092
ENNYYWG,7636.256880733945
SEVDFNALG,3004.178899082569
YHELNWNHVL,11523.54128440367
GGPKGHSG,1214.1238532110092
VRSKGRSG,899.8577981651376
SEAGVLKSG,1597.7522935779816
NAPKKEKHVA,716.4495412844037
FVYENKNDG,1916.7522935779816
KLKSKAENH,748.6146788990826
DWDEEPWHDVAG,3386.137614678899
VRAKKDSG,643.7752293577981
VGSGVENG,1196.4633027522937
QPKEPYFKARHS,2606.7201834862385
LEFPWGDG,8383.577981651377
YPQHDKLG,1527.5366972477063
KYRDVWLS,5480.284403669725
NFHNHEHVAG,2786.440366972477
RAHENAFYLSG,8624.422018348623
WWLYQLSG,12773.550458715596
AKSVPAG,1057.1788990825687
GWVAEALFEW,17992.224770642202
QKRNGQAYKDVA,1100.4174311926606
HKHQNYKG,1370.4770642201836
VVQESEWKVG,1456.3256880733945
RQQNSDLSG,1252.6009174311926
SAGLSKLS,1951.1743119266055
WKPKEPPWKDA,1522.6422018348624
HYHEQNLG,2274.0688073394494
VAEQYHSWKAL,5332.5091743119265
RHNRDGVLG,2541.045871559633
QHDAYAGKDVE,1268.0871559633028
RNSEEKDRHALG,1359.5504587155963
EDAAVAQENA,961.0091743119266
NKWSLQYDVALS,10661.577981651377
KDDHHAG,1397.8990825688074
FHLLDLSVL,19628.155963302754
EAPGWKFWAG,5673.793577981652
AWYSQFRDV,11661.90366972477
NYHWFRYG,12555.12385321101
QYFDAWEWHDG,12288.522935779816
LRQHRNSG,2235.7798165137615
NDNFYAFDL,20333.45871559633
HQYKASFRDQRP,3971.467889908257
PSDEWFEWDL,8125.880733944954
GNPHEYAS,2424.798165137615
FGRDYAGQFV,9183.564220183487
HNWKRNL,3260.4633027522937
LWPWYLSG,19097.22018348624
HWHEENDLSG,2522.0504587155965
HWFWRPG,14515.559633027522
WKDQGQYAYHAS,5099.275229357798
PPNQNEKHL,1146.908256880734
DKHPVYALS,3853.7752293577983
PEPHVEWFRDS,6907.733944954129
YEQYWKPDA,3979.8853211009173
EFLRFPVG,12663.940366972478
QFGEDAHGWDL,8134.692660550459
VFYRPSQFRN,7920.119266055046
SYHWPVALG,10690.133027522936
PWFEHAFSNHV,18053.92660550459
LKDAKQPWNVL,3655.440366972477
AWGRQESG,1969.4724770642201
RQEHNSNHLS,2217.0504587155965
DPVKAKDALS,851.7201834862385
DGNDEKKDVG,671.2201834862385
EFENRVGREWG,4745.114678899083
SDWLFKSG,4538.252293577982
YPDDENVALG,1979.9954128440368
QAWAASWNVA,5784.54128440367
PWGKKHRNS,1491.032110091743
HRYRELPVAS,3210.6926605504586
QSGSWDLQFVSG,9981.536697247706
EDVSKYAGQKHG,1158.9449541284403
WREDHSRPYWA,15665.95871559633
PFGRDLEYNG,5433.605504587156
GPRPNSKHLG,1719.573394495413
RGAESGPYDA,1890.3990825688074
DVHLLFRYHV,23215.42660550459
EREWKFPASENA,1893.7752293577983
HVQWSWDENHLG,7624.059633027523
DKQKSKSG,553.8577981651376
WEYQQFYNKG,5481.545871559633
DWQNGNKHALS,2329.9954128440368
YKPAKAYWN,3008.8119266055046
GSWVDSG,2658.5137614678897
RHASKHPKLSE,953.5366972477065
WNNKFRPSWDVA,6451.614678899083
PERPSWLG,6726.6697247706425
VNSEGEVL,1354.3302752293578
VWLKAPVG,5449.40366972477
QLSKKDARPYVL,3930.706422018349
PDGRLGFWALQP,14700.79357798165
FKHFGQFKAGPH,4597.40366972477
SYLPLEHALS,5913.004587155963
EFPLSWNYHAG,6902.651376146789
VVAGWWVG,15326.224770642202
DNGSYSG,1606.48623853211
NGSEFASG,1507.133027522936
RLAPWVLHDLS,15572.270642201835
VWLVHDLG,15491.47247706422
DSQGEGQEYKL,1233.5825688073394
LYWNGNWVLS,13829.646788990825
ASEAFLRHVG,6256.564220183486
WYGKANHL,4793.160550458716
PQAENAHVLSG,1544.3073394495414
YWQGYKHFRHV,8481.591743119267
LQEFKLQYKV,14974.334862385322
NQSRPVWKHVS,3477.9862385321103
AEASWPWG,7858.307339449541
HAGRKLSDQWKH,2276.5045871559632
DVNLPLWKAG,3813.6743119266057
GWKDSAEDV,1276.426605504587
YLSSDAKHG,1470.9174311926606
NWSPVQAS,2880.940366972477
LVYSQSG,3832.830275229358
PRWNHAKLPWL,12634.963302752294
LWNFEWDFNA,17394.449541284404
NAFAHDGFPKVS,4479.715596330275
DSQSEPHHAG,1152.8623853211009
EQSKGRLSG,929.7477064220184
HFSKVFRG,5187.522935779816
LYWAWGREHD,7274.417431192661
VLNSDGYWVA,8794.435779816513
VHQEKEKLG,659.2660550458716
EHNGALGNDVS,1137.8440366972477
WEKWGPHA,5820.95871559633
DQVWLPDG,4364.463302752293
DRSHYNALG,2785.894495412844
PAWSWHRSG,7799.614678899083
VGAAVLS,2072.830275229358
QNKVKQYWEWK,3029.5183486238534
YWRAYKAFENAS,4881.821100917431
WRVYLPALG,23621.9128440367
ANAKPVG,1085.2981651376147
RKQVYRENVAG,1621.4587155963302
RHSHARNGKVS,1144.2385321100917
FNVKPWKHQFKL,6182.688073394495
NKNVPNRKHS,951.5183486238532
VNLALKAG,2612.5091743119265
RSQYYHAYNHD,5646.261467889908
QSVKQEDA,684.8440366972477
SVVQFEKVALS,7171.848623853211
HLDAWSEKAL,2784.137614678899
FQVDKHVAL,3210.6146788990827
RSRQAQEPKS,767.9174311926605
AHPHLHG,2557.1146788990827
VNKGSEYKDG,962.4954128440367
YEANGWAG,3881.701834862385
YDKEHDFVAG,1685.0
GHDSQQFRPNDG,1832.5504587155963
GRLKPWSG,3977.6422018348626
LKLVENLS,2524.0183486238534
YYQPDNDG,2391.178899082569
DKFDVKDLSG,979.683486238532
NYDEPPHG,2094.8119266055046
PFYNQNPWHV,12990.481651376147
SGHSWQFPNKD,3002.7844036697247
GKREKFRG,865.0045871559633
QGSPGKSG,726.0825688073395
FAFWENKLREPL,7536.211009174312
GSQPQLSG,1427.7293577981652
PGGKKDVAL,1107.8899082568807
GAFHHSG,2717.0412844036696
YAGSFWVFRPAS,16878.339449541283
HPHSGARNG,1670.3165137614678
LGSFHVSVLG,13548.04128440367
FWVVLGPKYKDS,9790.137614678899
VRGPPYDVALS,5331.183486238532
KDAHFHANVSG,1889.0183486238532
NEQDNHSG,1225.697247706422
SYRKNSG,1667.073394495413
DRWSVQYNS,6007.536697247707
FLDHSFKDASG,2398.623853211009
LRNKQENQWVG,2558.591743119266
RPSGKPSYNHD,2053.0229357798166
RHDQHQKSFREA,1394.9908256880733
YPDAWLQFPKL,12785.614678899083
SAHVLHG,3041.766055045872
EKGRKLYSPKVS,1037.0504587155963
LWSQNENG,2166.0733944954127
PWNHYHSYNSES,4368.316513761468
HSHDKDYNVA,1219.0825688073394
SNSNDNVG,1046.4587155963302
EFWKAWREPNS,3515.935779816514
FLSVKRHDVSG,2739.564220183486
EDNFHLPYHAG,5381.298165137615
RAHQHGFKS,2476.623853211009
KFVPFKSG,2826.0733944954127
KPWYNPWNAL,11551.40366972477
WRSKDYHLSG,4045.848623853211
NSHVHDVSGHVS,2248.733944954128
FRHWRWHGYHD,12599.08256880734
FDVVWDAPWHAG,11596.252293577982
RPEVRNKSDVSG,1075.5779816513761
NRWWRKHDL,7990.623853211009
EFVWFVSG,38622.64220183486
HDPRLPYNK,2603.5091743119265
LQAHNSG,1700.788990825688
GFVWNFPYKDV,15525.37614678899
ESVKAFALG,2543.862385321101
YKQFFWHLQK,6534.366972477064
HRNVWLYHG,13262.747706422018
YVEWHDYAPVAS,8633.770642201835
RKWSVQWVA,7035.518348623853
HPVLGVNDL,2586.077981651376
NSYGRKFNSG,2645.967889908257
EHQASFYQYHAG,6460.064220183486
YSHAYAEYWVS,13743.990825688074
FVADNLSYNHL,8020.417431192661
EHHKPYDLS,1840.4816513761468
PLHWLRSG,9488.04128440367
DLQNGPGFNHAS,2691.9036697247707
WSRDAPWLPYH,21630.29357798165
NDKAHASQFNAS,1594.6467889908256
FHGVGYAQPKV,3935.651376146789
PKNRVSREKVS,739.8990825688073
EREKLFVNKVL,4561.573394495413
AERWWHVLSG,10119.58256880734
FANKVFLFWKHL,19730.853211009173
QFLDYASGHALS,5115.137614678899
ANDVHFWHVSG,5939.94495412844
ENLRFPKVHDS,2196.637614678899
QSYLPARYWDA,11318.467889908257
AYHGPEPWNKVS,2854.2247706422017
YAWSKVPAG,2834.619266055046
RGKEDRYNDG,1213.2752293577983
VEFPSDLG,3329.1880733944954
QDFLGPDSNHDG,2477.802752293578
LGREKYLEPHV,3750.3853211009173
LGPESEYAS,1461.0275229357799
WSGGWKGEYWNG,7811.073394495413
RVSPDLNKEKH,953.9770642201835
KWGFDYDLS,8389.288990825688
AWAPWFKG,12935.128440366972
AASPSALSG,1266.2431192660551
QLWEFYKSG,8914.70642201835
LRVVKDVA,2903.0504587155965
QQEQLSQPWN,3111.1559633027523
RYLQLGFNLNHG,13300.215596330276
DVWHGFRQEWNS,8345.224770642202
PNPSDVFEWH,3785.5366972477063
DSPGWVARYNL,9789.79357798165
ASENFKSEWKD,1787.6146788990825
FKAQKNDVEHDS,832.2477064220184
PADADVSNKHS,932.9587155963303
SWDSDGNHG,2696.6926605504586
RLEVLVNKSG,8434.353211009175
ASQGGFENHDVA,1656.3256880733945
RPRSSRWNVG,3238.669724770642
LNGALYALS,9611.816513761469
HVLLKHDAYWH,14018.633027522936
VRGPRDLG,2666.197247706422
YLRDKLPWAL,10350.756880733945
SARHFPWKVLS,8839.19266055046
WGKFGENLG,4126.600917431193
GPGKKDG,733.6238532110092
QGHRYAVLG,6188.862385321101
KNFVSESG,1330.348623853211
AGEEENHDAS,851.1697247706422
DEYWQYLGPK,6575.6100917431195
KAAFHQKDAG,1216.2477064220184
VPVEWRKAL,2941.729357798165
PQHSSQFHAS,2282.5045871559632
ALHDYLGENDA,2084.238532110092
FLLKGNASG,2918.830275229358
GFADRDVLG,3593.5366972477063
SKEDGDG,819.9311926605504
QKHGVGKVQFDG,2038.2935779816514
EANLYAEWS,5144.678899082569
HDERQPYALG,4635.9495412844035
QYKWAQRWGPN,7492.385321100917
FNAFSFRREHA,8558.825688073395
FNPWWVLRNLG,26158.963302752294
VEWQRPEWDG,6993.220183486239
AQRHKHSQRWK,1474.665137614679
WKKGVGKSG,948.9862385321101
RAVVSWLSG,8745.151376146789
APRYSYAG,4306.637614678899
DVWYHGEYHVG,11187.422018348623
KSNKAEHQDV,842.3853211009174
ASHFAQPNHDV,2878.0963302752293
KGQEWYHSGYA,8188.518348623853
NAYAHRYHAL,8221.344036697248
WQRAKQYWHV,9789.224770642202
DRPKKALEKA,719.3211009174312
QWHLVEWVREKV,10537.752293577982
SKHNRELS,1371.1467889908256
NVDELFNHDAL,3813.5229357798166
LDVDRKSG,1176.9724770642201
EDGFGENFWAG,6023.348623853211
SDVGKPKHVA,1158.6238532110092
KFAHKAG,1270.7247706422017
QYNYQYNKGFKA,4594.426605504587
PHSPDSQFQFNH,3806.7752293577983
PPQVYWVALG,18317.11467889908
DPFPYNELS,3164.256880733945
PKYPHLSPKHL,3426.733944954128
NWVPFYLG,27790.802752293577
SGAPQFHDLSG,3011.5
VEWHGGDVS,2760.4266055045873
RKRKKRKHDSG,561.816513761468
WGAHGFKLSG,7496.59633027523
YDDDNHSG,2084.619266055046
DPQAGHDVSG,1069.01376146789
ENVLHLGWHFRP,14374.573394495414
PGLNVFNHDL,7611.463302752293
HKAVRWLG,5109.935779816514
KPKSWEHVS,1381.788990825688
SQNRGENKDLG,1071.3899082568807
WHNSVAEPWG,7780.1100917431195
VEWDQKGEYNA,2296.678899082569
SGWSKLQEKH,1858.880733944954
RSKVVLRWNHVS,6253.532110091744
LYYHGFSG,6245.51376146789
YGHARNREHA,2591.605504587156
GWVQWARLS,15589.100917431193
YRDANEYNLS,4073.7155963302753
HQWQKVENDVAL,2302.6100917431195
GFWLAGYNKHV,11194.743119266055
YHENVAQDAGRW,6810.866972477064
LNSAENSG,1221.7522935779816
NEEAEPG,958.4357798165138
VYWPQEWALS,13617.050458715596
EWRRAFKDVL,6177.40366972477
WVVYKFYDASG,24810.72018348624
EADYPDSG,1318.2844036697247
HSQWEHSVLSG,3957.788990825688
RPDEYGEARPN,1965.3256880733945
QRRNKAEASQK,672.243119266055
HSNQNVLKDVL,2135.288990825688
YDVQWQNDQHD,3999.353211009174
QAFEFRSQKH,4183.1697247706425
FAVASHFYL,19252.096330275228
AQDVEQFENKS,1155.3119266055046
DSWVKSEPNKD,1310.8532110091744
SENRDYNLG,2747.3853211009173
FNWNWVYVALSG,32758.42660550459
YDYNVLYWNHFR,12340.055045871559
WVSPRLFDA,13231.766055045871
ELPFLFPKD,5693.233944954129
WLVWLFKHAS,15518.628440366972
AFQFPFVSG,15614.848623853211
QKYAFASFRYW,20158.284403669724
HDHGHVQWHG,4828.582568807339
NSVPQKDVS,826.2293577981651
RVKPQNSG,1042.940366972477
FDSQHENVSENV,1676.408256880734
SGPGFHFYVG,17167.65137614679
HWYRKLG,5896.243119266055
QHARPAPNREPL,1630.3394495412845
LKWHHLS,5500.073394495413
QFHEAQYDLNKD,2775.348623853211
FHHLQHNDAG,2317.270642201835
SNHFHRWNKD,3345.743119266055
ELKYKGEPDVS,1014.8990825688073
GRNLWFEPHDLG,10491.449541284404
WRWYAEPWNVA,18125.371559633026
EFNWSFEPNV,6820.077981651376
FKSLSFAYKHL,10001.238532110092
ASGQDFNLSYL,8365.032110091743
GPAHVPDVAL,1835.151376146789
YYFWHKLG,5497.5504587155965
QRRRVALWLG,11134.325688073395
EPYWGPDYNENS,3878.9174311926604
VYDFQPDVLS,4834.243119266055
LSSKKVS,1051.5229357798164
FARWFKVSQALS,10912.09633027523
HLSHASWQFNV,12803.967889908257
LSDSFDFNG,4071.47247706422
QEWGWVFWWNVG,33740.678899082566
HWFEGKSG,3101.169724770642
EGFHHAREAS,1640.5688073394494
GNFPKQRG,1740.7201834862385
HDAAFWDRNKA,4003.6330275229357
DAVKYKVALS,3063.1330275229357
APFHNHVAS,2415.422018348624
YVDKWNG,2710.4495412844035
HPYQFGHSG,4700.256880733945
RLNLGHRYLS,8440.247706422018
NLRKPFPLSG,5469.825688073394
NEEVLHG,2173.408256880734
KQAPLFSG,2509.701834862385
NYVRKLKHDSG,2108.8577981651374
FPYFFKASQYNS,11060.79357798165
GLFPAPSG,3559.8990825688074
FAVEYKPDG,4136.412844036698
GRFWSRSG,6067.252293577982
PQDVFDEHASG,1950.091743119266
WFYKRWGKDV,4417.211009174312
KAPFPNRNVA,1714.7614678899083
KDARRHDRNKAG,866.954128440367
DDGPDELG,1158.3073394495414
NVYDAQGEDS,1287.7064220183486
LSDGEDYWA,4102.683486238532
VQLEFYLG,44522.58256880734
PSYEGFNHLS,5011.256880733945
PSHVNLNDAL,2566.3990825688074
ADWHAHSG,2788.3669724770643
ELYLWPNDAG,10009.279816513761
LFGHWHLS,9663.711009174312
ESGQHSRNGEYN,1744.8853211009175
GPLWDFAL,12721.981651376147
VGKASQDYKDS,1055.1422018348624
DNDRFWNKHAS,2078.6926605504586
PEKRAKSG,671.4311926605504
EVNHQPVNKL,1590.1100917431193
KHGVASEHEWND,1769.073394495413
LDVLRKEKHLG,1840.4633027522937
SFAKGWALSG,4409.087155963302
HHEADLSG,1286.880733944954
FVVWQFDAG,19528.596330275228
NFWGLRYDAG,11178.646788990825
EHAHWLWDVAG,7280.637614678899
YVANVPHSQWA,6018.5091743119265
ANQAWASG,2103.587155963303
FAWPRWKSG,6522.05504587156
NEDVPVGFVA,5352.380733944954
WDGQFWWHAEY,25354.197247706423
NHWLNGQFREVS,6303.0
GHLHNVASG,2389.238532110092
KRRWLLG,4644.4495412844035
LYWDKRWNHVL,9256.853211009175
EHVANREWEKL,2095.9862385321103
NDGRFPALPY,13127.949541284404
LGHPYSPYNVS,8011.688073394495
KGSDKVG,735.6697247706422
FYHQPKPVLRNA,3034.8899082568805
WSWYYHSG,9306.454128440368
SKVVSKHLS,1526.954128440367
FQNKKVSRWDVS,2846.321100917431
GDKAVSG,700.4770642201835
AGRARGKHG,1063.5229357798164
HWLNNKHVALG,5549.183486238532
LNLPEKHDVS,1310.3073394495414
HSRELVSQWA,6538.637614678899
VGNGPQNKHVLS,1766.9036697247707
WRSEDKLG,1910.8394495412845
KRELFAQFNALG,7737.848623853211
KARLALSVAG,2849.362385321101
AGGQPHYKS,2078.6926605504586
GYESRKSG,1387.5183486238532
FDSDYKGREYNH,2419.3990825688074
KQHSESYSG,1000.7935779816514
FQRHVQVRPVAL,9927.559633027522
QFRGRYLRNSA,5100.376146788991
NKKVFPSFHD,3441.5229357798166
YWSLRPKFKS,4846.995412844037
FRKKEPVGVA,1266.5688073394494
HQHPLFHLS,9976.142201834862
ARNNRPHAG,1880.3990825688074
GYRQALSG,2755.8853211009173
NEYVLKVPYNG,8206.137614678899
WAHQELFEAS,4046.7155963302753
LQLNQNVG,2038.408256880734
KGNQYLFRWHVL,11845.018348623853
EWFQVYKALSG,12743.055045871559
NYGGQVASG,1674.2247706422017
WSWVDGYKHS,7367.908256880734
PVEDRWSFWK,8702.20642201835
NSLEYASRYVS,7919.302752293578
HVYGGRNDVL,4144.376146788991
DGQDALLFEPY,8641.151376146789
FKFNDVDQYKH,2681.6009174311926
VEHKYDSG,1346.1238532110092
LGHFNFPDVAG,5525.798165137615
NRAVAWDVAG,3798.9495412844035
ENWKDGKGNKS,930.6009174311927
QYSNFKARALG,3901.954128440367
RDFGYWVQRKA,5028.678899082569
VLHWLSQPWKAG,6855.238532110092
HDNGPLQENKS,1131.197247706422
YHYFRLQDAS,5174.532110091744
DYWKYGRNSG,3258.201834862385
GQHWQELG,2937.261467889908
NDEHVEKHLRWG,4390.834862385321
HQGQNYLG,2786.8440366972477
HQNNNHLS,2108.880733944954
EKRYSQEYLRWN,5484.866972477064
AHLHANVL,3786.266055045872
WVQPWYNHQEPD,6363.440366972477
YHQQFVLNSG,7575.137614678899
VLGAPHDRYWH,10966.12385321101
DNKVALGEKVYK,1445.2339449541284
PNHRHSFKVLQE,2728.3119266055046
FWKADSQQKHD,1365.467889908257
SYRPQPSG,2088.8853211009173
LNGSFKASG,2208.1330275229357
WFGSGYSG,6151.880733944954
QSNDVSVYKHA,1745.1376146788991
EFHLDGRPWKL,9273.752293577982
FWLGYAFRPQYK,8350.522935779816
KVRSYNQNLG,2507.4266055045873
EDDAGKQFNKH,1192.6926605504586
RGELKGQPVSG,1462.7293577981652
PQKPQRLSG,1137.1422018348624
RQLHRYG,4811.477064220184
LNQPADG,1624.4908256880733
KKGNPNDLSG,1003.5275229357799
KDDAALRPWVS,4747.5091743119265
VANHWPYNHVL,11012.362385321101
GAFRLVSG,10810.495412844037
GHFWLRDG,10486.0
YNAYQPDSWDVL,10072.247706422018
WHELQYARL,13839.600917431193
RWNHSHPAQNSG,2371.802752293578
RQGWQWSG,6919.6100917431195
FFWGFYRLS,7357.674311926606
LVSAQAG,1675.573394495413
SDQKGYALSG,1421.2431192660551
DHVSVRKG,1467.6559633027523
FDRKWLSFYHS,9503.463302752294
VFLSPKGHL,5842.165137614679
VQRKENGNASG,913.1651376146789
LSSDRVLG,2063.0229357798166
NHVDQEPNAQFY,4721.5091743119265
PPKKNKDVALS,780.5183486238532
WRYVSVSPYK,13360.362385321101
AHNVFLSG,7496.766055045871
PQRPVGEPVALH,2615.3669724770643
NGKSRENPHAL,1765.4174311926606
SKELALSG,1133.380733944954
PHQDARGDAG,1172.7155963302753
LPDLDYDG,2361.8853211009173
AHSHHDSG,1371.045871559633
QPQRHDNEYWND,4792.963302752293
KDPFDVQRKVA,1216.073394495413
ARNAGPYSPNV,3173.105504587156
SWHWHDWHDA,10691.201834862386
WDPNSPSRPYHD,6029.573394495413
DNPKFPG,1376.4908256880733
YEKHFWGQKHG,3430.197247706422
SFEGQFDFNKD,4578.885321100917
QEWGPYDRWKKV,4492.105504587156
VLHLNGFRPVG,7381.770642201835
DQVSWHFHDVAL,9590.678899082568
PFAEALPS,2949.876146788991
DQEDPLYWVLS,9985.770642201835
RQRNGLGEPYL,5653.325688073394
ELPPEYSG,1453.6605504587155
SGSAGWG,2975.6605504587155
PYYRHAEALG,5158.165137614679
QNHNVALNVRND,2909.9816513761466
YRPNVYVFWNA,34402.51834862385
YERWNRKHLS,4080.256880733945
WGEKYRENDVSG,2546.701834862385
RFFVSWSG,19795.5871559633
NKWLYWYKHDS,7275.339449541284
YHPQFAQDS,2634.577981651376
FPSQGRVEYLG,6944.422018348624
KVAQYPYWHNDA,6048.633027522936
SWLHLNAL,12794.894495412844
YSYRKPWHDV,5926.738532110092
HDPDWSQRVS,2908.5045871559632
HDWQAQEASG,1632.4587155963302
KSFGYGRPNAG,2690.091743119266
DWHVNFPHSG,6302.165137614679
FKWNLNHLYL,15088.490825688074
NYVFKFRLS,30355.316513761467
RVEAGVFWDLG,15368.325688073395
HLSNWVENKL,4233.660550458716
PFHKLPALG,4165.188073394495
FFNWHGDLSG,6851.064220183486
WGLKPNSG,3381.8348623853212
HADYKSYWKAL,4135.788990825688
PYYDVEYGLG,14797.201834862386
YDVAKVQGQEYW,4666.495412844037
WWPHDKDVASG,4093.233944954128
QLYPPNDAS,2270.532110091743
QNQVNHVLWKVA,5089.321100917431
HWKSFQNAG,3162.0183486238534
FYVKDAWLEPW,16266.802752293577
FSDLDVYKHG,3337.077981651376
ENLGYPASQEN,1630.9357798165138
SEWSYLEYNKL,10685.12385321101
YRASNPWKHL,7266.348623853211
YGDNGYALG,5368.692660550459
WDDPKHFPAG,3781.876146788991
ESASQHKLG,883.8348623853211
NPDWHENHLSG,3082.201834862385
AAEAGELSG,869.7889908256881
GQKPSHDLS,1083.5412844036698
KGYPDFPKH,2221.5412844036696
WHDLGLKGWHL,13377.5
QRKVYRPLSHAG,3752.183486238532
EAGYNPLWLS,13641.142201834862
KRYSFQWVL,14004.834862385322
GNVVAHALSG,2720.435779816514
VEYSWFRYWDS,14812.977064220184
EENHLASGFPK,1994.4174311926606
HFKDDGYNVSG,2899.9311926605506
VGFLPVLRYDS,26840.477064220184
HGDGESFRKL,2470.8899082568805
NARLQDNVG,1874.573394495413
QYNNAQHFRPH,5389.0504587155965
SLSKWLG,4926.325688073394
KKLAPWSG,2135.935779816514
RNKQWNVPHAWK,3847.3577981651374
ANHGQWGKALG,3123.6100917431195
PEPLSELQKVA,1113.5091743119267
FHSSQWKNKL,2882.243119266055
KELHANSG,1264.2935779816514
FYEADSYNHALS,5130.935779816514
DPASDQVG,784.2844036697247
SNYNHQG,2157.4174311926604
FNNPNLEHDVL,4664.032110091744
QGEQSGEPWNV,2254.0
SPNYVGYWKHS,5476.325688073394
WDKSKVQNKHLS,1762.6788990825687
WRQVSFPS,10595.155963302752
LKGYSHLS,3838.0137614678897
SNSERKG,978.243119266055
HRRSEHALS,2046.6009174311926
LWKKLRNKVASG,1723.105504587156
WSRLHREWVLS,16039.38990825688
YDENSNRNVLS,3214.6330275229357
HRQPVELS,1876.366972477064
EKVNFRWGEALG,3227.8256880733943
KPQGKVLG,975.0
PFVQPGRPVLS,7633.857798165138
YHKPGKHSG,1312.9311926605506
EPQEQVALQG,1127.2477064220184
AWLNRKSG,3017.2844036697247
LHASKWASG,2920.105504587156
NVEWHADLEPWA,10467.830275229358
SRLWNYVSG,8873.963302752294
ERKLHDFNHDV,1953.2385321100917
LLGYFKSG,4801.151376146789
GDRPFRPWNS,6677.688073394495
LQHPPHDVA,2139.912844036697
VRGHQPLG,2785.394495412844
GRVSWSGKHLS,4386.344036697248
HQEDWRYNKD,3042.087155963303
VFYELKALS,13199.87614678899
GQRARKDRNAG,1046.4724770642201
QHQVFKVFRHD,11845.5
VPSAQYSG,1430.1422018348624
ANVREKKG,936.3302752293578
NLYVFEEWDVA,25604.238532110092
DRWWYHALG,16657.844036697246
GFANGKAG,2512.6284403669724
PFYGQLHVALS,19570.146788990827
EPSSHSGEVAS,1008.3669724770642
LYNNLRNHD,4276.174311926606
KHYASGLNDV,1993.2706422018348
ERGPQWDAG,2395.362385321101
LPQWNQALG,3286.4587155963304
KVNNKDKHAS,797.105504587156
DAYLRYYASG,12703.825688073395
YVQEVQRYYWKD,13163.321100917432
AAFNSDSG,1579.1100917431193
SKKVYHALS,2241.7844036697247
PDGPEHLQPWS,3773.3853211009173
LKKLKDASG,945.6788990825688
QDSDPHREHD,1287.7706422018348
GREGGFWHDVAS,5753.105504587156
YSSGFALEV,12285.137614678899
DRSEGRHVS,1367.440366972477
DPGAYNHASG,1565.9174311926606
NNADEKDASG,727.7614678899082
KYFHQESG,1614.0091743119267
RVHWWNLSG,9649.784403669724
LSYDQESPKDVG,1302.0550458715597
RYSKNVNALSG,2630.3715596330276
YAEFAFWNKHDG,7347.733944954129
GHLAHALSG,3108.412844036697
YSGKEKLEYVS,1942.2981651376147
EEWVKPYKVLS,5823.876146788991
PWNGHSGNWKG,3629.9816513761466
GERKFPALSG,2265.8256880733943
KPLHLSKHG,1528.7201834862385
KVFKEHSRNHS,1634.9954128440368
LHGPFYLSG,16691.353211009173
KAHYWFPWNHG,9036.743119266055
GQSRYSENKHDL,2059.706422018349
FWQQVAEPHLG,5297.366972477064
DWSQRFAG,6054.293577981652
PDQYGGFKVL,7895.646788990825
FARFQRYSG,8713.87614678899
YLPAEYHWAL,13753.224770642202
RLYGEVGEWHA,5966.866972477064
PQHKHFWDS,4525.275229357798
NPWLWAQHSG,8230.357798165138
KPNRFKSG,1164.8990825688074
DNPRHDG,1692.8394495412845
EAQVGPWYWVLG,19701.197247706423
EAGFHFPLRPAG,7177.559633027523
WEYHDEHFKL,10012.036697247706
DENARAQFPHG,2905.4770642201834
KNFPNRLSG,2299.0825688073396
NEYNFHGWDA,9512.247706422018
VEPVRAGEWKAS,1716.2935779816514
DLKYDQWNDAG,2310.2522935779816
NNDVGRPNEPDV,1393.4816513761468
YQENKFWARPHS,5690.3302752293575
DKDANDLYWH,3725.6926605504586
RNLVEKVWDVAL,7569.165137614679
RLWQPKRHS,3375.587155963303
QLHGWHLQNVG,5268.633027522936
EHFFNHDWHA,7259.784403669725
WQWPDSNVAG,4742.536697247707
WFKKKAG,1599.302752293578
WSNFYWDRD,14616.504587155963
VSKVFSPASG,2486.0963302752293
SPGAVLG,1469.1422018348624
FYNYEPHLQYNG,6335.600917431193
PKEKYWLGQS,2531.302752293578
FNYGEPYWYHD,19477.743119266055
QLSDSNHPSG,1387.366972477064
LFEFNRKHVAG,3737.8256880733943
WAGLWHYNHVA,12158.619266055046
PGALYNEAG,2504.467889908257
ASDDQYLG,1590.9449541284403
VPPRHSG,1266.7477064220184
KWDDPDLG,2049.3715596330276
RPKFHASPQNKA,1291.440366972477
WHNSFQWLS,15851.454128440368
WFKFGFKS,7450.9495412844035
QSGWPDALGPYK,5952.527522935779
FYFFHDLNAG,4549.926605504587
WVPYVGHKHLS,6885.545871559633
SQKSRWDQYVAG,3300.440366972477
QHHQYWFLG,16873.018348623853
FLHNFNHALS,6303.04128440367
HSHEPVPWHG,4210.068807339449
VAHRSRKG,1053.2660550458716
PRVLPNHWVG,7170.385321100917
GPFSWVG,5934.692660550459
HGEESGRKALG,1237.51376146789
RSDQYFYVASG,15477.385321100917
AGEWNQPLGNK,2395.178899082569
KYNADPVALS,1427.9174311926606
RHAEPQPNGFEV,2369.151376146789
FWHKDFAQKDA,1954.7431192660551
GHQLGHG,2374.408256880734
HKFEEVG,1168.302752293578
PDQYNFWHYKS,7800.353211009175
FQEGGEYVAG,3034.4954128440368
FLLGRHDPKA,2466.380733944954
ENDDFYDQNKS,1527.7477064220184
RWAAWNAEYWDS,14371.678899082568
GWLRVEAG,6373.885321100917
SGEQPVLSFWA,19193.298165137614
FNVESRYHSENS,3327.353211009174
QVAPRVFRHV,4932.573394495413
GWAVLQDVSG,4318.288990825688
LWKKFNVS,3558.9862385321103
NGNWYHG,7416.894495412844
ERSGSEKG,683.7155963302753
QHSPGVAGQPV,1402.98623853211
VFFKWALS,9586.119266055046
RDREHRDYWG,6023.201834862385
QGKQLSEWNAL,2255.0733944954127
YEPFYKHQYVLG,11347.56880733945
WGESDQRENH,2550.238532110092
RKFGNVAEYNVA,2793.9174311926604
QSWQKAGPNKL,2271.440366972477
SGVPWLYWNG,14101.5
PKWGAEKLS,1664.1467889908256
HVVWRVSG,10016.02752293578
RRWNDRFNVG,5575.701834862385
NDEPRPKHEKA,725.5321100917431
ANWQDVL,3967.6422018348626
SFVDHSG,2378.559633027523
PRVDVNDVAG,1939.8211009174313
WRALWHPWDLG,21163.29357798165
VDLDYKLS,2308.564220183486
NQVAGFGQRPNA,2437.8990825688074
RLPPHLPYDVLS,8116.146788990825
SWAWRYAG,10920.669724770642
SNQRDNDAL,1789.3899082568807
HEEPYFLSG,8556.871559633028
RVGLNHAQLS,2872.091743119266
WYQRRPNSG,4284.160550458716
DKLWSHSG,2219.5045871559632
DGQRDYLWNSG,4186.376146788991
KSWHVEFWVG,13543.779816513761
QLWDEWEHDS,4161.40366972477
VRVVAQVG,3633.912844036697
WVGSPNDPKG,1796.467889908257
AKGWFASG,4164.454128440367
ASLKFRSG,2377.2522935779816
HRLGFLDVSG,8209.330275229358
WQFKGQHRYK,3814.9036697247707
NEWGSFKS,4148.220183486239
WGVRAEHG,3674.137614678899
QGPDDGYWLSG,4545.206422018348
EYRQVSRPYNH,4866.954128440367
LAGFADVLS,6047.100917431193
PEYKRAPLG,2253.467889908257
NAWQWQNKVAS,3354.087155963303
GVAPGVSG,1407.880733944954
WNHYEVAPWDG,12865.224770642202
EFGPWREPKS,2911.756880733945
RSVGALSDA,1599.1605504587155
DWKHPFRPVALS,6474.261467889908
GNLLSWSG,6112.0504587155965
LYNYGFWNKHDV,6445.54128440367
YAWLLFEPHL,27233.330275229357
YPFAELSG,4084.894495412844
QRSADLSEKV,1082.6100917431193
WNQWYNDYDAL,18649.51376146789
PWFVKVLPYNK,22809.990825688074
YDLQWAPFRYKA,10711.788990825688
ELKVNFWVAL,32911.55504587156
VAPAENAQYKG,1301.8899082568807
NYQYKWDLS,5732.720183486239
ESVFNQWKHG,2594.454128440367
KKGLKAG,643.8440366972477
LSWYKPYHVAL,11442.059633027522
DFGRYAGPL,7397.123853211009
NWSDVPG,2882.706422018349
RKHEVREGHDS,1015.2247706422019
SNSRQLSG,1680.2431192660551
ENPEHGQEPYK,993.302752293578
PPLVDLSG,1922.6743119266055
HVWYDLFRPYV,18967.188073394496
HLGDKHSFRW,6990.408256880734
RPKDKSEWASGK,912.0137614678899
WFQSPNKDVSG,2912.3669724770643
LLNKEHDVAG,1318.0642201834862
EPGHHVSPLS,1981.091743119266
DGQLNARYHG,4009.605504587156
WDQDRHLEYV,9703.183486238531
WSKYWFRYWDL,15925.399082568807
NVSAYWLREPA,7218.376146788991
LFEHFYSGDSG,4825.183486238532
VNNQRDALG,1912.1284403669724
LEGNKPWKHLS,3220.880733944954
DYQKSQSG,894.3394495412844
RVSKLNRWHD,4346.027522935779
QQQYVNDG,2053.0183486238534
EQSNELSG,768.0963302752293
QGDRYLREVLG,4117.660550458716
HLNKNEWHDSG,2236.880733944954
DNEYSKVG,1197.0504587155963
DGPLNDPNKD,945.9220183486239
EVYNFLSEPNSG,3689.8440366972477
DQGFWDQRKV,3415.1926605504586
VWREHKASG,2163.064220183486
HVDQRHREWVS,4558.779816513761
PQSWWHVASG,5516.784403669725
DGAAHVG,1460.4449541284403
EFGYHEWND,6059.532110091744
REKWGRPGQYKA,2360.6100917431195
WQNGDSRWAL,9862.435779816513
WGYLHDQYKSG,6424.917431192661
YKLGAWHKHASG,3194.9174311926604
NSESGVKHVAS,1229.2339449541284
LFNKSNHSNDV,1614.334862385321
YGNKWGQHLS,4222.568807339449
YYLENQASG,2612.669724770642
HVLYFNKQEA,6622.692660550459
FVPLYDRPNS,4001.02752293578
WAKFESREPHD,2699.6880733944954
SLEPQSG,1434.7431192660551
WGKDWKFWHDV,7811.917431192661
LQGRRHG,2740.8899082568805
NNVSGLEVAL,3857.266055045872
HHDFAEVG,2400.545871559633
YKPLQKVRYDA,3037.3119266055046
HWPEHLS,5051.522935779816
DLVYLYASG,34504.6376146789
PHASSNKLPL,2271.1651376146788
YVEDVVASEKS,1775.2614678899083
DAYQHRYNKD,2356.8899082568805
FDDQSRSG,1700.4357798165138
LGAYGVAG,3518.5137614678897
HYHHPYDVLG,8562.353211009175
VWFKAPLG,8306.316513761469
AWSKFLSG,5361.325688073394
EEPGAPWNKAS,1284.2201834862385
WEVLYEWKHVLG,20875.683486238533
PAHWYAG,8712.40366972477
GKNLNHDVLG,1893.9908256880733
HRHKWASG,2374.1651376146788
NARHEPGQPVA,1540.7844036697247
PDQHLHSQYHS,3620.793577981651
SHLKAHVS,1956.467889908257
EDAFHRWAQG,4456.821100917431
DFWDWDQYNDV,10043.885321100917
NALDNGQEPWVL,6681.440366972477
KRAVFKSG,1140.119266055046
GSKSEDLS,811.743119266055
WDVYQFEWHLRE,23071.559633027522
EPLFEANLGL,10805.844036697248
SFEPYQSFPDG,7109.9908256880735
NKRLLYWDAS,8065.825688073394
DDWHVFLSG,13092.064220183487
RKFVAVLPVSG,9766.587155963303
NGDFVSYNDVS,4808.4908256880735
DWFSQRPNHLSG,6356.0504587155965
VEEARDALG,1298.408256880734
GFPAAFRKHASG,3224.3119266055046
FRYYPWGRPYS,13613.545871559632
AFSKDKSG,1185.9908256880733
NKELQVYSG,3026.412844036697
AWKPEWNKHDG,2284.894495412844
WAGFPVSRSRW,14909.720183486239
QLVFSFYASG,38535.31651376147
KWYHYALG,8674.811926605504
YHYSALFNAG,6617.422018348624
GFSFDDLG,8535.733944954129
DWASYENHASG,3524.587155963303
ASQPAFGESG,1339.3073394495414
KQLEAGNKDL,893.9770642201835
NPRKLYWVLG,11594.004587155963
KPREAEYG,1094.48623853211
RAWEWDFREPHD,8180.6697247706425
DWFWFKHDAL,16410.5
QAGAQDLYNDA,1803.165137614679
RPRSLFYWDAG,12628.412844036697
GPNGPYPHAS,2519.151376146789
WNDESGYNEVSG,3577.880733944954
GREYQFNSFEN,7879.412844036698
NPLFFNVG,16135.559633027522
YESSHALG,3115.637614678899
PARKWLQYNKAG,2485.1926605504586
KAKLVEWNKHS,1181.165137614679
DAKGPDQPV,1042.1376146788991
KEPPSENKHS,730.3807339449542
EDNHDHLREL,2138.3899082568805
GVFRRNKHV,3365.169724770642
YENLFRWNYDVA,12183.366972477064
SLPKSAG,1275.7614678899083
QPKVHVAQKSPL,1495.8302752293578
YARQQWNHDL,6298.027522935779
FHAAHALRWNH,8524.564220183487
RHAQRNWLQWN,9828.41743119266
HKLKLKSG,988.5733944954128
ELLDFPASG,2514.8669724770643
NQFFGYWS,20552.20642201835
KRDFWARAS,3686.587155963303
NWDYDNHDVALG,6227.637614678899
WAHHKDSG,1930.5963302752293
DKDQKNVS,647.5871559633027
NYGWYWNKLSG,8018.527522935779
DPRNLYG,3244.045871559633
VYKLEAYWDVA,10999.454128440368
HKDAVQNHASG,1226.98623853211
AGSYFYLG,17268.34862385321
SFLDGYALS,9616.032110091743
HSWDAYLPWNS,14907.697247706423
FEEGVLFPYL,27377.74770642202
QGVDYVSG,2722.233944954128
DRFAHDVA,2645.270642201835
PWSKNQEWVL,7440.307339449541
NLYYWAQRKVSG,6735.0
RVDPHGYWHG,8190.775229357798
VPSNRPG,1302.133027522936
GNWNVWALS,13223.059633027522
WLRDKAFEPLS,4961.174311926606
HNHSHFNKLS,2688.766055045872
YSVDGPAS,2279.701834862385
PYSRELYDLPWS,20632.1376146789
RVPQRPDFNL,4183.100917431193
AWFNWHG,13877.862385321101
RRWEGPWKHD,5003.908256880734
PEFRYQHG,5340.697247706422
YVNKLKDGYNKH,2334.2798165137615
QAKRGQPLSG,1424.559633027523
QLYPWSWNH,15692.619266055046
NPLRHVNHD,2914.02752293578
ERARNAFEKVA,1747.9495412844037
FQAWPYSG,10144.463302752294
AKDHSWNAS,1666.2431192660551
YPWDVFAFRWG,33733.84403669725
DFLVPKLSG,3934.0045871559632
DFRQEKFRDVG,1987.1238532110092
EDVFLSRQWSG,9089.197247706423
HEWRGQRYKLS,5318.192660550459
HKAKSFSG,1146.6697247706422
YFHSLSFYKA,6799.527522935779
FRWSASWNDLY,20998.56880733945
NWNQFPVDASG,4109.247706422018
WPWAKVRAG,6667.775229357798
AWEAASG,1793.467889908257
HDHNPWAS,4482.362385321101
RFAHAQVG,3212.330275229358
WNNYNFKALS,8312.811926605504
YNALRSAPYNKV,5350.229357798165
SPFSEYG,3374.5504587155965
HWSVGVG,5373.380733944954
PSKKGYLG,1184.619266055046
FHAVQEYHRPDL,5545.151376146789
RSYYNVEKLSG,3445.1605504587155
QKWLPLSRVAG,5761.105504587156
YAKGWHPHAS,3905.9266055045873
QWPQDSYLG,5395.220183486239
GHDQYDHALSG,2531.6100917431195
HDNSYLQEPWKV,4706.426605504587
FNFGRKHQFNL,7842.931192660551
KLYVWKFRWL,20811.422018348625
WYQNSRKAG,3197.816513761468
KQKFPDGAL,1278.165137614679
VLLNKFALG,9291.839449541285
WFEVYHSHG,10395.197247706423
YDGYLSKDWKHG,3721.2844036697247
PWSSPDGNHVS,3508.733944954128
WDPWYLPWNHD,22962.697247706423
DARDWASFWL,19776.54128440367
YAHEKEHALS,1487.7798165137615
GVGPWPHDALS,6017.252293577982
KRYSSWDSG,2926.7201834862385
FFNSWKDQDLG,3414.8073394495414
VRGQLPNS,1760.2477064220184
AQWGYWNSQREK,3231.7844036697247
FKKRGQPYHVAL,4737.064220183486
HYGHSLSG,3230.0
GFHHVQDG,2620.9036697247707
VAKSSGYG,1804.1009174311926
WNFFNDVLRNG,10715.79357798165
EFESDVNKDVG,1305.151376146789
LFGHKAS,2229.6146788990827
WAKPHGQENVG,2038.4724770642201
NKLLDQFHVALG,6067.591743119266
KQNNRDASG,983.183486238532
WPNVDEKHDS,1678.5642201834862
KNRDVFG,1831.5825688073394
NKGSPKSPNDAL,948.802752293578
WWSRAWAS,11781.348623853211
LPWYNWKDLSG,7845.95871559633
QKNHRYKAPAG,1063.8990825688074
GDVGRLEKVLSG,1730.426605504587
VSDDADSG,879.8119266055046
NAHGDLGKHAG,1313.7981651376147
GYPEPVAS,1752.9954128440368
FKRLNDPVLG,2702.288990825688
GALNESG,1058.9036697247707
AGDKHKVLSG,896.5688073394496
HHSDHSG,1398.0229357798164
VPDWEKLG,1756.0275229357799
AQNVNAQKHAS,958.2798165137615
PDKHHDVRDLS,1371.2660550458716
LRWHKAGYLS,6395.05504587156
DENPSQWNKHDV,1674.7798165137615
RDHVNEYKASG,1565.2018348623853
HWSSRHLSG,5430.40366972477
WWEAALSG,8485.642201834862
HPAWYLG,10629.862385321101
VSFSDPNALS,3011.711009174312
GQDYSKHG,1315.8440366972477
GYHQDSFLSG,5026.532110091744
NHGDLSRPVLKH,3427.5412844036696
WYSAQFRPHV,10864.637614678899
YDQSLKDS,1222.6880733944954
QFQQNHGNDA,1639.7339449541284
AFEEDGEYS,2251.197247706422
WFPEKGRPYNS,4591.600917431193
VRWQFVNSG,9001.275229357798
KPSDSWSG,1369.5183486238532
RHAPVENPYKL,2212.2752293577983
NQFWGDSRKLS,4661.068807339449
FSLWKKDLG,3127.729357798165
HFRELRFDAS,10778.724770642202
FAHQGQRG,2278.3715596330276
RHKHLQVSPLG,2549.119266055046
WRHKASYG,4302.068807339449
SWSPKYLG,5907.6100917431195
PHSPHSGNSPW,3510.183486238532
FEGYKHDRKEHD,1261.6422018348624
ENRLREWHRYK,4050.302752293578
FGDKHQSG,1304.9036697247707
WLEELEPYNV,12092.871559633028
KSKVRSRWNKV,1121.3577981651376
AKNDKHDLS,842.2293577981651
YANRWVSFWLG,22642.97247706422
QGQHAQVQDG,1524.4495412844037
VWFLFALSG,21562.66513761468
HSVHFEHALG,3549.821100917431
RAFKVSYKVAFR,15156.270642201835
NLRHKLYNHV,5117.247706422018
KVFGFYVRHVL,21253.811926605504
LYNLLEYASG,6187.839449541284
YESKYVAS,2473.0091743119265
ELSFPQLEPND,2221.0045871559632
QVQPKWSWNAS,2776.229357798165
YPGKGYVLSG,3388.3853211009173
HHSFPPDG,3325.362385321101
WVASHDQDEWHA,4364.119266055046
ADVARQHS,1214.9770642201836
HSVDWNHDVLG,3511.4770642201834
KWAHEDSG,1439.926605504587
WYQSQDAL,4815.142201834862
DSWYKDPWHA,6557.770642201835
DDQRRVG,1527.848623853211
QYVNAEKQFPKS,1795.3899082568807
YFKGAGQEA,1499.454128440367
PNFDARWDVWKH,9124.779816513761
DQHHHVG,2115.321100917431
NLLFFRVASG,29487.261467889908
KHVQYHRLGYVA,9104.775229357798
KVSVQAEDAG,1009.697247706422
WQSYPLG,8815.605504587156
FHHGSGFENVAS,3341.8899082568805
HSSNRYAG,2660.5825688073396
HDQAVAFVASG,8182.844036697248
ELLFQHLSG,8303.09633027523
DFFEQWSG,6709.316513761468
VAHVQAPLSG,1731.5642201834862
HKLYDNVLG,3088.3577981651374
WGFAENPKDVA,2699.206422018349
KNARENGNKDL,982.0412844036697
WHHPVFNKHAL,8504.055045871559
WFEDSHKVLSG,5458.926605504587
YKPVWVSGFSG,9512.587155963303
SLNHQFNDASG,2315.9036697247707
ARNHYKLFDL,6133.064220183486
KNLSGDFEPWH,4722.302752293578
RDFSRWAPVA,6316.091743119266
VFGGVLG,4263.518348623853
QKPSPNHFELS,1537.4816513761468
ELKSPDRYKA,1206.105504587156
AHADGVG,1252.133027522936
LQPYWKWNSKVG,5074.660550458716
ESWVYFNAG,16065.02752293578
KQYWKSAEDG,1412.573394495413
QHQLQEAEWS,2091.6880733944954
KNVGQLRVLS,4481.720183486239
NDGSALFHDS,4189.353211009175
RSLNEWLSG,4267.706422018348
QGPAQRYRPDVS,1848.8440366972477
DSFQSRENHDLS,1903.2522935779816
DLNFPYEHLS,7009.766055045871
WGKPKFDVLG,4285.811926605505
DKHRAFHLS,3040.788990825688
LYPKENDG,1690.1834862385322
AEWQARNHVLG,5307.151376146789
GSDLWSG,3326.1605504587155
VVGYYVASG,12122.724770642202
GAWNEDA,1804.6422018348624
HFSGQNKRKAS,1147.1788990825687
KVSVHGYWKHA,3377.266055045872
YQSKPWSG,3456.7201834862385
SPYYHKDVASG,2459.6743119266057
KGLRSVLG,3002.3348623853212
WLPNHEQFYWNV,18277.84862385321
SPLVPNG,1664.9724770642201
LVQEGYSG,2597.064220183486
FEGHPYWDYL,20436.064220183485
PRNDPAGKALS,1265.0688073394494
QQPQQYHVLS,2295.1146788990827
WNDQKDGHVPYS,3716.6559633027523
VRWPGENDAG,2401.967889908257
NYNVNRWVASG,6172.201834862385
RLVALGAYVAL,27853.454128440368
WHWDDAPWKDS,6480.399082568807
FYSDRLWNVS,6596.899082568807
DYGEGRDG,1717.4220183486239
NEVEPWKNLS,2717.0412844036696
NSDWEKHS,1792.9449541284403
GSYVFVALG,36406.66972477064
RANDALVYNASG,3678.7247706422017
EGDKAWHVLG,1913.7844036697247
WWVHKSG,6089.724770642202
FHGNHVNHSNG,2350.293577981651
YNNESFEALG,3062.422018348624
LYVAKPDALS,3145.2477064220184
NDAEHQNVLHDG,2305.6559633027523
EQVFRQHAS,1969.165137614679
DFFWQPLG,12511.908256880733
VKSQWKVHS,2235.4816513761466
VRNHGLQFLS,11168.770642201835
KQAVWHAL,3907.266055045872
QWSHANDFEPH,4740.972477064221
SRYPHFNKVL,6529.142201834862
DSSGFKHLKVL,3343.178899082569
HVQVHALGWVL,23149.146788990827
YWRYWSFDVKS,10807.146788990825
KPRQYVLSG,2853.52752293578
QVWSSGPNVLG,5463.119266055046
DRPGQSRAG,1085.7522935779816
AHKSQRNKHL,1145.834862385321
FGGWGWSG,12072.105504587156
VLFFDLREPVAS,22455.45871559633
VYQWKKLG,3401.853211009174
VRHWSWVA,11609.52752293578
YHKWNHAEHVL,3932.3669724770643
DPQKRYLSG,1481.6880733944954
GAFVFNALSG,14091.169724770642
HANVNHEYHG,2925.2522935779816
FGSPWRDG,8237.09633027523
KWGPDPVALG,3016.4633027522937
HNVDLALG,2967.2752293577983
RGDAQGWVS,2974.733944954128
EPYALAEHGNV,2545.9770642201834
ANDGYRKVA,2178.4174311926604
VKHNQDVL,1358.3715596330276
GENFANKDA,1450.4311926605506
EYGANKREYWKA,3001.9449541284403
FDYDVPYVLYLS,41787.05963302752
ESSNRDSG,1116.0183486238532
LKDRNQEPYD,2080.862385321101
FPPYFRWSNLG,20763.467889908257
DGQKWHDQYDVS,2792.862385321101
AYLQRQFPYASG,9602.720183486239
NVLRWVFSWNH,26219.284403669724
PFGDFEG,4039.9266055045873
PLNPFPKHVAG,3718.5963302752293
HVGPAFGRPYWS,17590.655963302754
QHGLYWKKDS,2832.9770642201834
FHYKVPEYHD,4450.683486238532
QDRPYVKDSHS,1684.8990825688074
WLFWERPWS,25469.73394495413
LPVAQGEKS,954.5825688073395
LQRKRQPWNK,1590.2477064220184
RPNESPGKHVA,1534.7339449541284
YFADEDLSG,3623.862385321101
RVHGKHLQASG,1708.8256880733945
EAPDHDSYAL,1672.573394495413
AFLDWHALG,12446.70642201835
WGRAFRVQRKL,6902.665137614679
WAYVAGEQKSG,2001.4908256880733
NDPQNQYWHDV,4061.2798165137615
DFADPNG,1951.165137614679
FFPERPAG,2254.435779816514
HKKLEKG,689.8807339449542
QQLNHLPKDAS,1312.032110091743
KLVLNAEYNSG,4345.477064220184
YERQPDVLG,3994.321100917431
GFWYQFNALSG,17420.97247706422
LKLAASG,2377.683486238532
WDYSYKDVKDS,2486.137614678899
FQSQKDSQPYHD,2745.816513761468
DEAEFASG,1566.7981651376147
PWWQQRPWNAG,13695.435779816513
DLNHFDWLG,12445.564220183487
LHSVYWLSG,14063.619266055046
QDEADAQWKDL,1837.8256880733945
GRWNGLYWHDG,14785.165137614678
AFAFNRKDVS,3938.412844036697
GQVGGALG,1653.1376146788991
RKKGQWLHVAG,2410.711009174312
WYHRPQFHVAG,11315.715596330276
NNDHDWHLSG,3883.8853211009173
LDSYWQRG,5890.95871559633
WKKGKLPHDV,1454.9128440366972
SRDVKAGPYKHV,2114.0
QEVNNHVQFLG,4676.463302752293
HLYGFSEWKHLS,10830.463302752294
KDHPDGYWALSG,5694.01376146789
KSAYEPVSG,1327.2981651376147
DFFRWQEG,6438.279816513761
NVVEWAWNDG,7422.862385321101
RHHWQNLS,4760.275229357798
VLVSWNALAL,28950.605504587154
NFHAARSG,3814.2155963302753
HENPYFREKLS,4035.1743119266057
GDNRPSG,1275.3256880733945
WDFNGQLVALG,13136.463302752294
ESNKHPSGPYAG,2030.3532110091744
AYSLASG,3041.816513761468
ANQELWLSG,3649.077981651376
KVGRLQPDLFWH,13432.371559633028
GENPKVEYKVG,1682.894495412844
KEWFGRVG,5253.0
AKDDGDAG,833.5642201834862
KGYWSHGWG,8450.01376146789
KQGQDVNDVA,872.2981651376147
RVPQHPWNDSG,2527.816513761468
GAHAPALG,1759.5825688073394
KRDYAHVSG,1747.2706422018348
RSAGWQREDAL,2911.9311926605506
PWYQPDQEWKG,5070.353211009175
ASAKLRLSG,1926.940366972477
FWGYQWVPWS,24368.119266055044
KRSFQNLG,2153.9770642201834
YFFFYDALS,8114.376146788991
QFHRSEPYLEWN,9862.678899082568
KHFFPVLKVA,9047.954128440368
ELQYRDFRYWK,9997.40366972477
YVNKEAGRDAG,1478.9128440366972
HQRGALWAS,5876.357798165138
QLRLEYDGRKL,7272.302752293578
YLNRRNKHDG,2717.6284403669724
ESHSYHFREHG,2802.5504587155965
HVRARKEWAG,2449.201834862385
QWEGFRVQYWG,27346.059633027522
DERYEYKDLS,2316.087155963303
HLFNRKHAENKH,1924.3715596330276
HQKGPVQWNDVL,3130.4816513761466
NEWSDLSGRYWA,14944.422018348623
DNDDENSG,926.743119266055
KRRWRYLSG,3797.408256880734
DLAKPKLG,1174.6009174311926
RQAENLRPKV,1600.4036697247707
RKSPGEPLGWKL,2469.587155963303
WLAKQHAG,3374.8899082568805
SQKGRVYHVS,3276.7752293577983
DEEAALG,976.4174311926605
RWPPVSRNKL,3910.1100917431195
WDHKNASG,1758.4587155963302
VSAGFKVEDAG,1452.711009174312
WLGHGSEVLSG,4367.729357798165
VRWALYFEDA,31412.495412844037
RWNLSLYDPKD,6797.646788990825
HWYHQKG,3391.7752293577983
EFELFFKDG,23011.908256880735
KHYVREDSYHV,3420.646788990826
VNYAGQG,2037.1238532110092
RNDDGEPRDLS,1353.7247706422017
YFWDKFWDASG,7629.463302752293
VNHGHPNKALG,1905.8990825688074
KPNYAQNDALS,1252.2201834862385
WPAVSPLG,4262.027522935779
GEVVKDG,1190.6605504587155
LKAKDYLSG,1819.6559633027523
RQKLVGEYV,2573.6926605504586
ALYAQEPGEKL,1436.426605504587
DAPSELHLSG,1251.5183486238532
QSQEHHSQEYWL,7076.440366972477
RDRKFPLDSG,2134.045871559633
GQRFASEKHAS,1762.366972477064
ENKWEHVLGHA,2507.2201834862385
HKRVWHSG,2967.408256880734
YKSNHESPKDS,902.7752293577981
EHWLVSEDLS,5137.600917431193
AHGWKEALG,2111.105504587156
EAQDEHARYDL,1789.788990825688
NLYPRNDLG,5573.665137614679
EWSRVLVLQFDV,56945.60091743119
HDHGNHQEVAS,1677.1697247706422
YYDWHHDALG,8177.871559633028
LKLERYKVAL,5827.467889908256
RPSHYNDVFHD,7218.9908256880735
KGVASAKDALG,909.7614678899082
ANPLQPYHSG,3441.697247706422
GKAFYVKHVS,6406.224770642202
KYHEHPKHDVG,1289.1284403669724
LGSLEWKHDALG,3412.4770642201834
VQYPFPNSG,3557.169724770642
FRVSPVPSEWNS,3085.4862385321103
RSWGFFNDSG,8016.766055045871
PAVHHAG,1743.0779816513761
VRREVAVLG,3077.0
ALKAQVNLG,2132.701834862385
YWEPRYWQPYS,19084.495412844037
VSNGRLEHG,1894.7018348623853
DLGNEYSFDSG,3817.7477064220184
HGSHFEYG,4797.229357798165
SPKGSDAG,689.9954128440367
RAFAGDSFG,4296.160550458716
HYLDVNVG,5507.9495412844035
WFGGVAG,5209.440366972477
LLGYRWDSG,7366.472477064221
DDNDFEYKDA,1899.4770642201836
LWGQFYLVG,35031.366972477066
DWRWFPG,15329.435779816513
QGNHGYWFKHAG,7511.119266055046
QWAVSWLFPL,34859.2247706422
GARYKPAG,1847.7201834862385
QGFDLRYAREH,5984.977064220184
NGKSYVPKHVS,1715.133027522936
KAENREVFWD,4905.724770642202
WQNLKGFPKDVS,2724.7522935779816
KSFDFLSFHG,7135.435779816514
DGSSKDSG,722.6284403669724
VVSRAFNKHVLG,4432.463302752293
GHRDNKDVALG,1485.2660550458716
RFAGWSNHG,5685.995412844037
RQVAAHSG,1382.1834862385322
AAESRKAS,740.2889908256881
QLVKVHLG,5357.706422018348
FNKPQKALVAS,1571.4587155963302
AWSDKLG,2037.467889908257
KGENVVLGFE,5511.40366972477
KPASFGNDL,1556.4220183486239
QNWYWNKRDVLG,6270.256880733945
HRVEWPVSG,4056.816513761468
RRKDDSHLSG,941.5366972477065
RYPEAEHVSG,1416.467889908257
RQNLDLENHV,2204.422018348624
VSKYRELG,1971.0688073394494
DSGWQDLRYVL,16249.077981651377
FDVWAGPLFEWH,19308.26605504587
KQLQESRDLG,1068.7798165137615
FRANSEWVPNV,3904.967889908257
AQPNDYSFEYHL,6205.582568807339
VNYHVEG,2368.4495412844035
HPDAELHLG,1466.7018348623853
GKQKDDVS,649.848623853211
AHNKKLG,1038.0183486238532
WEQHSPAG,3170.711009174312
HWDEKYLS,3418.087155963303
VWENYWVLG,17393.449541284404
SEKFERWNDVAL,3319.761467889908
YVDDRPKASG,1707.4449541284403
VFGKNVSG,2039.7614678899083
YAVNQRVLG,5208.9495412844035
SDWKQEPYHLG,3478.2752293577983
RLAAVASG,2484.5366972477063
EKVPLRWNLDV,3776.701834862385
LYHWHRHLS,8444.660550458715
LFEQFLSGFEY,20654.408256880735
PVNEHVQEKLS,1238.8532110091744
YASYGFWQDVG,10310.605504587156
HKHEWFYHDL,9080.357798165138
HKPDFLS,2397.8715596330276
PVWVVSREYNL,36555.66055045871
NWSDSHVALSG,4536.128440366972
WEFLSYSG,7898.201834862385
PPLKYVALS,5483.431192660551
WFFYNSHG,5693.266055045871
VFNNNLG,3796.288990825688
WGYWVFSGPYA,23887.802752293577
LNSAKASG,1298.151376146789
YKWAVQRDVG,3594.3990825688074
PEHHKAG,1186.6100917431193
NQGYFYALS,18004.1376146789
GRWLPNYWVAG,16394.357798165136
VKSKQVSG,823.4174311926605
HHREHVNLSG,2029.4633027522937
FWFKHDPRASG,3789.4862385321103
FAFGLNKHD,4171.082568807339
VPRWEALSG,3336.738532110092
GWVEKFNKHS,2630.5688073394494
NAEQPNKEYLG,1633.045871559633
LEHEAPKHDAS,1054.5642201834862
EPAHWHGREPY,5683.417431192661
PHHAKPWNKDS,1398.5871559633028
YREPSVLFENLG,8525.073394495414
GPWNNEYWG,8352.798165137614
FYKFAGQYPHVA,5568.5504587155965
YHARQEPLGYN,4483.311926605505
VEKWKQYWKH,2873.0733944954127
FYDRRPWQYWD,20290.330275229357
DHLQRENEKL,1109.6376146788991
SGVEEPYKDVA,1234.1697247706422
GLEAPASG,998.2064220183486
HNFDHLG,3826.5091743119265
KQWQYSGRHVS,4666.087155963302
PGLRGFDLS,6498.972477064221
VSWLNHYWG,15040.93119266055
NHVSWAPALGRY,14373.37614678899
FNGYEWNHEVA,5104.752293577982
LWLLYDLS,18897.07339449541
DGEHSGQSGDG,1474.6926605504586
EAYWAEYWDPV,11647.12385321101
RNQVPDQAG,1256.9770642201836
DDAGFVANDA,2183.8990825688074
FKLLEWNGKG,3355.8256880733943
QGANFWAG,5487.715596330275
ARDVSYSGHA,2522.169724770642
HFPNNLFEKS,3072.5825688073396
VFARQLSG,4851.720183486239
KDYHYDGQYN,3258.7155963302753
PNHKRKFEDAG,980.8669724770642
VREDEPNSDL,1246.7431192660551
SGWGWPYNHAS,10773.408256880733
WSHRWQNKHLG,6086.261467889908
EGGAKSG,723.1926605504588
NPSGKHHAG,1113.880733944954
PRHKNDAG,865.9678899082569
QEFRSYLNDAG,3562.678899082569
LHPYRWDASG,8495.912844036697
PDEWHSLYVLS,28443.788990825688
NVYHDRHLRHS,5151.357798165138
PSDPSQNHDA,1241.8761467889908
FPRYDAGQFRAQ,6727.688073394495
HKLWEWSG,6071.600917431193
PFYHRLWASG,11731.238532110092
SGQRWFENVPD,5313.802752293578
QLLQWALDLSG,13190.288990825688
PLWYYLSG,20310.325688073393
ESFHQKVGFVSG,3953.123853211009
SDGQNQKHDVG,1234.4311926605506
KALNAFSGYDA,4156.715596330275
HGYDYQVALS,7439.0504587155965
RWEWFWPWHVS,27107.77981651376
RVVHPYALS,9426.91743119266
QRREKFHQYNS,2217.1284403669724
HRRSKALSG,1212.2293577981652
LFGHQNG,3017.1651376146788
EPHNDSFELRDV,2643.619266055046
AQSYVFYWNKAG,11393.169724770642
LFEQGRVALSG,6386.912844036698
GVLYSASG,8447.857798165138
NFAEQRAG,2286.362385321101
QVWAENLKALS,3726.6743119266057
KLSFHSHSNLSG,3189.3669724770643
WFRPLWDSPAL,18297.229357798165
HARHNHFEDV,3015.0229357798166
FVLKHAAGWDG,7358.197247706422
QWPHFPNSKALG,5160.316513761468
NKLRNPDLREH,1966.8715596330276
YHWRYKNKVL,4470.844036697248
KNGHQWDAS,2303.9862385321103
QSWGAYKVLS,8103.568807339449
VEDPPWLS,4997.532110091744
RVPKARENRHD,1363.2568807339449
NGDKGWHASG,1873.2614678899083
FWPWEKLENKL,5677.133027522936
PNQQGQYWKVG,3134.211009174312
KGPNSGSRPDVG,1133.0642201834862
WLAYSGPKSG,5443.298165137615
FWEVLRLYWSG,23114.73394495413
AWSYYKALSG,6657.756880733945
QLLNQRDSG,2029.3623853211009
KAYEVYHAS,3035.7522935779816
NFEEGFREKDA,1920.4128440366972
RPYGFEVHNG,8100.307339449541
VHSRHQNVL,3150.1284403669724
LGYWWVRWLSG,20342.655963302754
EGKKWALG,1660.4816513761468
DHVGGKAG,989.4678899082569
GPVQGFDALSG,2159.3853211009173
WDESGFSRPV,9570.04128440367
AQAVLQVLG,5311.747706422018
QYFAAQFYNHVG,12013.105504587156
RAYHVRWFRVG,14910.93119266055
DRARFKDG,1763.302752293578
KGESHRPWKHS,1836.133027522936
QLVQWGDALS,6021.087155963302
FEGRWQDVLFNV,24100.009174311926
WSNWHQREPKS,3416.1559633027523
WVSNQPWEKAS,3638.8853211009173
FNPYAWQKVL,11390.56880733945
NPDGQQVAG,1234.9449541284403
YLEKNVARHVAG,3591.261467889908
QENVHVKVGYH,4598.633027522936
LHDARLEPWL,13933.454128440368
GASQWHQVAG,3080.105504587156
VLSAFYKVYHL,18178.669724770643
WPKGGNKHDAL,2464.169724770642
SSGRNYSG,2516.545871559633
DAVLFRYWGRD,16266.0
RYRSHAQRPY,6904.770642201835
KLQRNNAFVG,3859.6100917431195
YEHNSYKDLS,2851.4633027522937
ERPGEAQPWLG,2527.2477064220184
HELAGEVALG,2703.256880733945
PSDWQRYG,6378.036697247707
EAVQYNHQYWG,7505.018348623853
NENQKYWNKG,2112.0733944954127
FPYHRAEVLFEL,33262.94495412844
YQKLYDVPDVL,5505.853211009175
KRHNWLSG,3202.178899082569
GERLNDSG,1775.9174311926606
ELGEGDQEPHLS,1681.6880733944954
LNRNADLG,2564.47247706422
ESRLPKPKG,936.8761467889908
YPGRFRVG,6308.192660550459
NQHDVRDAKVG,1204.4357798165138
PHRESQAEWN,2292.47247706422
QVVYDSYG,6570.6697247706425
WKWWYWKHDVS,9688.844036697248
KWPWDRSG,5145.4495412844035
VGGFRYDFHG,11439.339449541285
FAYRSGFWLG,16537.059633027522
SRNWVLNHVA,7012.256880733945
NGFVARASRKD,2785.0504587155965
NQKVARQDG,1252.926605504587
DYANAYVALG,6734.165137614679
DAYNLEHEPDV,1967.0412844036698
KGADPKSG,616.2385321100918
DGLWSRNKLSG,3742.0550458715597
NLEEWLFNLS,15297.880733944954
PWYKLRWEWNV,20107.977064220184
DFANSELG,2118.7752293577983
LYSVEYG,7315.087155963302
GENWRHAG,4160.876146788991
PAWEKLNKHDS,1699.366972477064
SFGRQFHG,6542.715596330275
DHQENKYSG,1134.967889908257
QNSSGWDWKDA,2786.266055045872
GSQHQRPNAG,1568.059633027523
EWNNGQKGASG,1160.0871559633028
QKHKDFPAWKHL,2342.1651376146788
SQNRRVSG,1797.2339449541284
LRAKWDVLG,4753.1697247706425
QYVDPKSEKG,915.1605504587156
VEVDFWLSG,10238.036697247706
YAVQRAFEPSG,3504.798165137615
LVSDHAG,2161.362385321101
WYRHKSG,3491.7522935779816
LSPQNSQASG,1181.2064220183486
YFEYRVLSKD,6998.793577981652
ELKPSGWNHL,3487.4036697247707
LSSLNLSG,2632.605504587156
ASKKVSPNKH,714.4036697247707
SFDFAEYKVL,10992.211009174312
DEPQLWKSG,1759.8073394495414
HKDGHKDLS,950.0045871559633
FHGAVAGPYNHL,7867.027522935779
DPKSKDYNKVL,778.3302752293578
KQRQPVSRPYAG,2665.8853211009173
FEYDADGKQWDL,4257.926605504587
PFSYNYKVG,7159.394495412844
DKFWSVG,3699.5
GWAEDRNKHDSG,1612.8761467889908
DFLADLSG,3179.238532110092
GRLNHNVSG,2591.5137614678897
ALQVLRNSEW,8258.211009174312
LEKVNPKHG,1797.0871559633028
DLKFDALDLSG,2884.146788990826
RDAQDLSQNLQP,1926.3623853211009
FVNKNHWAG,4377.646788990825
GPQSKLSG,875.5688073394496
FSPEDYNDALS,1972.7247706422017
NNGEHPHDAG,1572.288990825688
SYYSEYDG,5973.307339449541
NYFKAFSG,4751.279816513761
PFNHNQENHG,2117.788990825688
FHYVYRHDSG,6758.165137614679
YFPGYRNKHALG,4994.807339449541
KDKWQRVG,1572.926605504587
HSPDFRKRKHLG,1937.3577981651376
LSSQEPNPHVL,2519.862385321101
KKKGWDLSG,1050.1788990825687
WRVSDRWKHDSG,4360.522935779816
AYQYDPVALG,4192.206422018348
PDADVAVQDG,1100.6467889908256
QNEREPYARAG,2872.412844036697
HFVFDYHVA,17234.770642201835
FQSDEAS,1264.8256880733945
KPKQVPWALG,2118.077981651376
KGPHFRVREPA,2015.073394495413
PSERSREPNL,1991.394495412844
FRAEYHLPFYH,18316.183486238533
KDDFLFREPLG,3595.5045871559632
YRYRNQFPDVS,5387.697247706422
DSVYQVAG,2121.47247706422
RWAFHSKSRYA,6168.779816513761
FWVWDYFRPYW,18088.816513761467
SFVKSYVAL,15689.128440366972
DSSWFRLSG,7113.311926605505
LAYWWDVAL,20582.61467889908
PKLLKEYWHVG,4614.876146788991
QWFYHDKVQNG,3876.9266055045873
QYNSQWWSFAL,25727.169724770643
EARPGFNLYHVL,11664.11009174312
PPESQSG,787.4036697247707
PRHKHNSG,1186.6467889908256
GPNKFLKDLS,1863.01376146789
DFAWYAG,8939.302752293577
NQPPVYNHDA,2072.1651376146788
LEKYAALG,3565.862385321101
SQGYDPDLSG,2043.5366972477063
DVGNRPDFYWDS,9906.95871559633
WEHREANDG,2534.591743119266
YSGYHQNSRPDA,2442.6009174311926
YFWAWHSFEN,11942.142201834862
EPAFLSPAQPHL,5195.155963302752
VQPVFAFDVAS,10839.119266055046
WRLALASG,12553.614678899083
PQAEPLLS,1543.0779816513761
DWQFRKDRLSG,3541.197247706422
KNVHVNAL,1997.848623853211
EAAAVAG,795.9954128440367
LYFGNALG,4440.733944954129
FRDWENSYHDV,7131.417431192661
VDHGFDVSG,2732.3073394495414
ENYVNFYNVAG,6312.211009174312
ADPARKLG,1288.2981651376147
LERWSPVALG,8835.908256880733
LSNGFAREVS,3109.412844036697
VYVLDQFVL,34926.733944954125
PKYDEHQEHG,1430.6743119266055
LEKQAQEPDVS,815.940366972477
LYAHVFHDVA,8464.839449541285
SFNRGHDALSG,3142.5688073394494
PAKQHGPYKHVS,1847.7660550458716
DSDNEPNKHDV,923.9449541284404
LWEWAPLSG,10253.95871559633
KVEVVQRVAS,3759.467889908257
AKLKNAG,761.3577981651376
NKSLQFENQYWS,7544.348623853211
LHYWQFEPWHDV,15484.577981651377
PQANHPSG,1653.073394495413
FAWSNWNDVAS,5968.770642201835
PGDRPHVLQEPW,5880.504587155963
WVYAVAFKS,21769.07339449541
RQAYDEWNA,3262.201834862385
WHGKRHLFYKL,9626.660550458715
PHAQNVGEPFRW,8462.674311926605
DFPQQEKDVSG,947.8302752293578
AGFHWAQHLS,7280.40366972477
PRQQYHDVAS,1991.5963302752293
KWFNYHSG,5215.775229357798
HASPGWNEPVAL,3146.3119266055046
PHWGFERHVAG,5611.454128440367
PAGQFNRVLNL,8931.288990825688
HPGHRESG,1147.3853211009175
PYGWGRLQNDL,8145.128440366972
FWFYPNKAPS,2899.3899082568805
RFPYPDQFPWG,14709.45871559633
QVVGKDQFNK,1249.5045871559632
APPRYHDSG,2113.1559633027523
SVQPLWHDVLS,8654.353211009175
WNGPNVAFKDAR,3638.816513761468
FARPRVAQEYK,2239.954128440367
SNGKRLG,1477.1284403669724
SHEDRLSG,1357.4954128440368
WFWFFHALSG,9413.463302752294
PGESLRNHALS,2958.711009174312
EQPRYVLEYWVL,34269.7752293578
HQGGNHAG,1562.545871559633
PVFNNDARPWK,5433.188073394495
AKGGPVG,1047.967889908257
EDHAHGFPVAG,2265.5504587155965
RAFEANVLPWL,21211.977064220184
RVQAVGRPNAS,2131.683486238532
DQRFRYASKHDA,2787.137614678899
SAFRKSELSG,1461.0642201834862
KKYHPVLG,1571.954128440367
NGYVGQWRAG,7000.559633027523
RANAWHLYHVS,9595.944954128441
SHVPRHALSG,2497.4495412844035
LEPHNLEPS,1916.967889908257
NPQPKAHG,1076.9357798165138
QEKQKFYLSFAS,16086.688073394496
NVKDGSGRYWHL,7087.692660550459
VEQLNSG,1584.1926605504586
ENYEEPYWHDV,4641.591743119266
LQQGASG,1205.4220183486239
QWFGWKAYNHV,10541.01376146789
FLSEQRAPNVAL,4835.288990825688
SPFYWEAG,8775.655963302752
SVGNGVLSG,1809.8853211009175
AQKSWQYVAG,3505.3853211009173
RGNQDLQEWKL,2546.3256880733943
HDLLYWLLSG,12958.775229357798
DLNANLQWG,4898.40366972477
QHHEYWLSWAS,12594.788990825688
SWEKENG,1535.8394495412845
KVEDLHVFLS,13216.275229357798
DYKQAFWNDVG,3446.3715596330276
RAKEVEWNDVLS,1727.4357798165138
WQKSWDVEKL,3078.623853211009
KVKYLRKSG,1100.848623853211
HAQSFPHNDG,2335.211009174312
RRRNHQFYG,5715.238532110092
WVAWPWQNKHV,11455.211009174312
SQVNSNLSG,1403.7018348623853
FAWPPVLG,10608.95871559633
HQPEASQEPVL,1120.9220183486239
DGLPAQVS,1386.4449541284403
PWANSLSFPS,9801.770642201835
YAGHEYENHS,2922.077981651376
GQKDYQRHSG,1451.940366972477
NLEDSAFRPDG,2470.8577981651374
LDHSRAL,3021.8119266055046
DSARLGREDV,1319.3532110091744
WKWDRWSWVA,17131.610091743118
PHSSPDVYWNDS,3918.0412844036696
HFSEYSNG,4242.697247706422
DPLNWHG,3646.362385321101
RDQGERYVSG,2504.0091743119265
NYSVRNALG,4103.848623853211
AREKDRQRND,911.0275229357799
AWDLYFREPWHG,17926.169724770643
ESGVVGFPKSG,1487.2247706422017
QSHPDSHVALG,2241.206422018349
KVWWPDAG,5893.642201834862
HKGFKDKLSG,989.7018348623853
KFPLRKSPYS,3357.146788990826
GKSKFHSG,1082.8165137614678
NEAAQHDVS,1332.665137614679
YERLKSG,2532.316513761468
NRWYNVPHVG,7877.6697247706425
LYFHLFLS,9687.0
NNWLYALSG,10963.573394495414
HEVNRYVG,4473.215596330275
LNPRYASG,4514.5091743119265
NYHPNFPYNH,8756.701834862386
QKSAFRESRWAL,4391.229357798165
VEQSNVS,1073.7568807339449
DLFKDNLEPHLS,3094.8715596330276
REPAVLSKGFEY,4532.857798165138
QPDSSRWGNKH,2559.6009174311926
AGYPYEPNDG,3469.733944954128
LFYGGFRPWHS,11915.660550458715
PWRHFERHLS,9639.825688073395
ASYNAPSHDAS,1488.2018348623853
YSYVADEKAG,1721.48623853211
LYFRKEPG,2613.467889908257
WNRNDLRDVEYN,6184.243119266055
VVELDVLSG,3470.091743119266
EDPYVSVAQRYH,5848.022935779816
KGHQFLYDLG,7284.577981651376
RVHDWRWNHD,7445.853211009175
WEWNNSFYKDG,8574.330275229358
NYLFPQKAL,5963.133027522936
YHFRPWFHWHAS,18617.41743119266
DNFERAG,1797.6743119266055
DVELLSREND,2856.422018348624
FAGLKLSFYHA,17107.628440366974
FEDWKGVNKHAG,1943.8899082568807
HEPHQSRDVLG,1882.5412844036698
PFYGGQRPN,4851.536697247707
VGDRGQVAG,1456.7752293577983
SLRVFRPNV,7620.440366972477
VLVRLYHVAL,36278.22935779816
GEEGYNVG,1866.9908256880733
AQERENASKHVG,1068.1376146788991
HRRENHKALSG,1702.5550458715597
YYGHLNAL,7686.412844036698
YLRDDFNKLS,4215.894495412844
KWSGQWKWHDA,5234.224770642202
NPGFSFNVL,15358.69266055046
LRLKDKAG,1126.954128440367
ANVKNLG,1204.651376146789
RAQFKGYNHSQ,2727.7844036697247
GGWVSQG,3387.151376146789
FPQPHVRQEYW,10795.711009174312
WQSVLQVLS,20493.357798165136
WNRSSGPYHAG,6166.766055045871
RKDVNLFYSRNG,6040.848623853211
SFFHVNALG,8929.48623853211
AREVQAGREPWG,3683.440366972477
SWVSRGQNAS,3403.9174311926604
KHHKWLSG,1977.7981651376147
FRKGREAQERYW,5091.422018348624
PHLNQPHGYVLG,9998.142201834862
EGEFFYKHL,10680.866972477064
EFLVENDV,3545.678899082569
VFHPAFNHDL,10265.963302752294
WHPQWVRKG,6295.408256880734
WRPHAENGQWA,5029.793577981652
KAHYRWLS,5676.334862385321
ESLWDVYHAL,9620.857798165138
ELRNENAEHDVG,1330.926605504587
RQKHAGNDLFEN,1877.059633027523
YYPYLPYNKHSG,5694.908256880734
WLQYPNEPWL,26479.1376146789
HAAHSEHLS,1843.8532110091744
WRSHDRALG,5420.637614678899
KSSWKHQPWND,3041.330275229358
ALHDRVFREP,3678.9908256880735
QSLFVLWNKV,21012.495412844037
PAVAQANVG,1490.1605504587155
PESLRKSG,1232.697247706422
WKEQAFRPYVLS,12941.555045871559
FRRQLPYVAG,7443.165137614679
NFFYENG,9351.95871559633
KYKKWNG,1280.9174311926606
KGVFSFKDLS,4758.637614678899
LPVEEKSG,876.7201834862385
FKSLEYNPYG,6937.692660550459
LYDSVLPDVS,3862.233944954128
PALYHNRYKDS,3947.454128440367
LNQWDYLG,10681.518348623853
SRKYAFNALS,4510.399082568807
WRSVGRDLG,6425.729357798165
SFYASSYWALS,12149.298165137614
PNWGFVRWLG,28751.724770642202
HGPYQSKHL,2779.9495412844035
RDQPRESGAL,1152.1559633027523
NYKSDSGYVS,2410.3119266055046
WSDEDLEPNDA,2245.5963302752293
EQFGSGNHDA,1731.1788990825687
PRPKVNFHVA,2717.5183486238534
SHLVGKSG,1608.1284403669724
ASNFNSKDVS,1187.1284403669724
YVSEEWNSQPYN,6583.802752293578
AHHASNDVS,1279.3899082568807
FKVRKHVPHGV,2872.0688073394494
WKKHPNQEYWN,4616.197247706422
NSHNPLG,2135.6330275229357
QWVQWNEGEHLS,4414.215596330275
PLDLGESNG,1549.802752293578
WQYVLEQFRKD,11670.229357798165
KKRQALSG,771.243119266055
LERGPKLSG,2125.5412844036696
YYRYEVALSG,12928.0
VDGLKHG,1803.073394495413
PEPVWQEDASG,1684.8073394495414
SYVNLWHSG,8640.238532110092
NWRVKVALSG,10330.477064220184
EQFRDGDGWHD,5225.036697247707
GFWNKYNKPWDV,7321.1697247706425
EKPWSQSRHDL,2311.3073394495414
FKWNNAEYNKD,2692.137614678899
QVSLGQEVGPL,2037.98623853211
NHVQWLRNDVQH,5697.481651376147
NGAPYSPALG,3281.0412844036696
SVYNQPHLSG,3467.2247706422017
GKSLSNSG,1011.0963302752293
KSSNPNALS,1361.5045871559632
GFFFWSG,21053.29357798165
RKLDGLRNKDL,1535.2155963302753
WLWFKSPYWNH,15862.940366972478
RLGYYNKLVL,12247.220183486239
NELGNQWVLG,7981.931192660551
FPQDLQEQYDV,2742.412844036697
RSAPEWSG,2421.5
RQLRASEYNV,3501.0045871559632
WWWDSKSG,7009.825688073394
HGEQPEPKSG,965.5504587155963
PDGYARGFDLS,8003.5091743119265
LHGHDESG,1558.967889908257
HLKAKQFYWKLS,6083.582568807339
KDEFQHVLG,2210.3348623853212
PLNQLGQKHVG,2146.8715596330276
QQPAPSNVLS,1148.4311926605506
PASGEANREKH,1072.9220183486239
GQKREKRNKL,678.9357798165138
LNLYDRPWS,12719.298165137614
KQVEFPAL,1827.4816513761468
FREKELYNLSFK,7167.036697247707
DWVRFNKVAS,5879.146788990825
RPVLVEYHLNKL,22420.57339449541
QQAEYLSGVAG,2069.894495412844
FNKKGEHWALSG,2650.637614678899
SGWSDVQEYHG,4957.188073394495
EAWQSEWG,4074.6330275229357
REHGQKQYAWG,3397.4495412844035
NEHHKHSG,1427.9311926605506
LVQDSASG,1256.0045871559632
FPWWLYKVKDVA,12340.344036697248
ARYENREYNALG,3794.151376146789
ELADDLS,1208.6743119266055
PKWFPKREPYW,11476.88990825688
NQKNQYSG,1711.1697247706422
EKAGLNSGHV,1335.9633027522937
RQWVRAFYHV,21057.69266055046
PNQSQRNPKALS,1620.8440366972477
GFASKDLDL,2301.02752293578
AWQLNHG,4051.087155963303
VGDGYVRES,2152.7477064220184
HWLGEFNKAS,3487.47247706422
PDQGAFNVLG,3149.1284403669724
PNHFAQENYKHG,2697.243119266055
FGQWSGWPYH,19047.880733944956
WSWDWFWNDVAG,16180.880733944954
RDAFPLPHARE,2578.0091743119265
DSGFPSHPKH,2027.619266055046
NEVNDEALG,1236.7752293577983
RQQASNG,1154.605504587156
QDDHREDLSG,1186.2660550458716
EKDENVAKYWS,1783.802752293578
EPDKKHAQPNS,708.1788990825688
PYYKAQGFNKDA,2787.9770642201834
SWQYNGEWNKVS,3499.4816513761466
VLPPKHWNKAS,1902.3119266055046
SDVGWPSG,2950.8348623853212
EYSNRWNKYKH,2878.4449541284403
RAFNRPQEDV,1719.8440366972477
GEWQSFYWK,13664.688073394496
VFLKFYLS,23106.188073394496
FPHWSREENA,3434.793577981651
KFNAGNDYHDS,2307.5412844036696
KLGRNPNHRWVL,9089.862385321101
RLLSRKFHASG,4198.633027522936
QARKQEVEWA,1585.5183486238532
YGVNVGFPYVS,16751.98623853211
WLGHSWDEPKV,5375.133027522936
YYDKVPVG,2120.6743119266057
PKFEGHQPKLS,1843.9128440366972
NRRHNVALS,3125.206422018349
YFDGWLFVA,20219.188073394496
RDFVYKFPHSG,6526.422018348624
ENVWRPYRHVL,15319.394495412844
LEEFHAG,3064.3715596330276
HARDRNARYNK,1718.045871559633
ARSHDKLSG,1016.0045871559633
YFDGRDQNAL,3563.032110091743
YDHRQYSG,3331.545871559633
RLYRSGRYNKS,3171.816513761468
DNGFNPWNHL,9108.54128440367
AEKDFNPYKHVS,2467.123853211009
EKKLWHFYWKHG,4274.522935779816
NDHWWVSG,7276.848623853211
HYEFESG,3109.380733944954
LGFRHPVEDSG,2290.2201834862385
PGLDGVALG,2711.848623853211
ASENLLQRYHG,4469.98623853211
RYNQFNGDSYVS,5584.614678899083
EYPHGLYNKD,2689.5504587155965
YPKFFWKDALS,6173.559633027523
QWELSRGALSG,5506.697247706422
AKPVRDG,987.6559633027523
HNKGEFYDVAL,4322.426605504587
HSPEDVQENAL,1119.366972477064
PGVENFPYWV,14795.266055045871
HRGHWVLG,7239.9495412844035
FWNVDVYNQWN,12052.133027522936
YRPRREPHA,2364.3669724770643
EPGLSQFPFPV,7397.811926605505
RNQHFRNSKDG,1883.2018348623853
HQNERPDG,1143.834862385321
KKHFFALSG,3476.935779816514
QFEAPLQEEHD,1054.0642201834862
QEDQDEPNQYKL,991.5550458715596
VFFSKDVALS,6752.848623853211
RDFSWDFRDASG,5343.628440366972
HQHHWVSG,3431.435779816514
HYPSHLG,3530.4449541284403
FLLPQREWKHAL,6521.573394495413
SLRYAYG,5913.40366972477
LKYWHNAL,5461.8899082568805
DLGLEVLQHDG,2688.201834862385
QNSDRNHRPWHA,4403.027522935779
NPKYVFVSG,12603.073394495414
EVFQRWGKHDV,4543.95871559633
RYHWDAPVFRK,8594.353211009175
FKYHFGWDSG,6477.426605504587
RGFYVNKRWH,9618.467889908257
NHDQDQWHDGYV,7352.412844036698
AREQGPKHDV,1153.01376146789
APLGHQPWHDSG,3466.0733944954127
FGFFPYVGRYL,14032.077981651377
EELVGESG,1143.894495412844
FRGEFRWAQFNG,10321.371559633028
AVPNHNLG,2155.4770642201834
KNVHSNSG,1151.573394495413
HWWKWNKHV,4929.756880733945
PQGKLLSG,1488.4036697247707
PQNAFVHAG,3051.077981651376
LEEEWLSG,2972.9266055045873
QEHAKAQFHVAK,1605.7522935779816
ALYDFNKSGFVS,7459.3302752293575
RHVDASQLQYHG,3729.1926605504586
YRPQAGFENDS,1917.6880733944954
PAFGQHAWKHVL,7755.261467889908
DFDSDVKHDG,1547.9770642201836
VPVNPNLSG,1590.591743119266
PYGQPKYALY,9554.298165137614
WRDQNFNHSG,4639.1697247706425
GHVAQKRALG,1620.9128440366972
YAWEDSREWKG,3914.0412844036696
FNLELQPYHYHL,15285.88990825688
EPYRHSRGYDVS,4858.688073394495
PQKLESFRPDL,2209.087155963303
QVKQDSWAL,2507.7477064220184
SYANGRKL,2485.4495412844035
NSGQVNSGNKA,956.5504587155963
LGNFPHYDS,5730.761467889908
PWENQKRHALS,3419.3348623853212
QQHWKVPWDAL,7175.417431192661
PRENFYWFRPHA,12180.550458715596
VRLEPLPNHG,2977.3256880733943
HSLQQRPL,3066.0412844036696
HDHLASWKDV,2826.6926605504586
RNDLLRYDRHS,5311.720183486239
ADASPWVEYWDG,11891.334862385322
HWANKRSG,2172.2522935779816
NKEGDVGDS,773.1192660550458
EKDQAQEYNNH,1251.133027522936
WKHENSHAHD,2403.233944954128
REEWAQNGKDVG,1371.8990825688074
EKLQPSWSEWVG,3030.0825688073396
GRALSKSEWS,2334.830275229358
WVRQVAQEKH,2192.9770642201834
NDWLWFHDS,15842.56880733945
NRRVGNLSG,2485.6009174311926
DSLDAESG,814.0550458715596
PRKFHEYWDG,6012.472477064221
AFKDLPFEKHV,2615.3669724770643
EESFLELG,3077.532110091743
VEGHDNDVG,1628.8119266055046
DSLSKFYALG,4503.55504587156
WQKGQDLNVLG,2985.2522935779816
QVYESGPYWNL,12581.032110091743
VYAGWKGYWNS,8541.133027522936
DSAWVGLG,4024.8577981651374
RVFHDQSFKDSG,3178.2752293577983
FFVHWKHDV,5861.623853211009
YVPKLQSGDAG,1347.6100917431193
NRFVRPS,4265.623853211009
VDELRKDVA,1182.2844036697247
HRHPGRDLS,2587.4633027522937
VPNSDFRYWNL,8750.816513761469
YPLVVSG,5382.064220183486
PVWSLGFYHVS,29224.80733944954
HDWQQWHLSG,7644.192660550459
KSDAPNDLNVG,1194.697247706422
FYAFWLEPNPWG,21784.655963302754
KDFNREARKS,1177.9633027522937
EGSYQPDG,1640.8761467889908
HHFRHPALG,4674.779816513761
HKLRSPAG,1366.5825688073394
YRERPLESG,2222.362385321101
NVHAENPNSG,1271.5504587155963
YDHEHLGHVS,3234.9036697247707
PWLYNGQKFEPW,14833.298165137614
FNDWKDGNSFKL,5684.183486238532
RPLHARVQWHA,8389.018348623853
WHPGASYWNDV,7375.518348623853
SYSFLNLSG,8202.518348623853
AYESKLG,1377.908256880734
EVVVWDLSG,10493.922018348623
YLFEGWGHVG,9249.844036697248
LPLRVEKVAL,4589.967889908256
WAARHAENHAL,4435.701834862385
SYSNQELG,1734.4770642201836
RNEKLGQNPWH,4971.802752293578
DYQEHVWLG,6510.119266055046
NDVEAGRFEPHG,2601.8256880733943
QQEEHQRNKDG,938.4266055045872
NRNFSYKHDS,2857.8990825688074
GDHDGQG,1336.045871559633
RFFYNLAG,10505.37614678899
KAHGYVLGDLG,3927.316513761468
PFRDVQAFWKA,7901.899082568807
WKLKSELQYHG,4023.4036697247707
HVAHQRYNDGKH,2480.8119266055046
REGDFRLGYDV,5601.293577981652
FPKGGEWLSENH,2833.816513761468
QANFFEAS,3673.9495412844035
PRAAKSG,761.8532110091743
GNSAALG,1436.091743119266
YHFPVEYLSYHV,23013.215596330276
FPFVGKGPWNA,9651.990825688074
EPWNKYLVAEWN,10045.353211009175
SEPQPYENVAL,2856.330275229358
WRHDVQQPWNH,7393.871559633028
LRARRHASG,2329.270642201835
KKVNQVASG,757.1422018348624
RHSEKNAEWNHV,2289.3990825688074
FGPLWLNKAL,12254.133027522936
GKVQEWPYDVG,3655.4495412844035
EWPFRYGYAS,17260.949541284404
RYSYKSGWRKV,3743.587155963303
NDQQQFREYNAL,4055.197247706422
QVVWYWHDALS,17004.243119266055
VWKNWKVSG,3277.967889908257
VNVDYWLG,9750.95871559633
WSPAGYRPNK,3931.922018348624
QNRGRSQVS,1753.9587155963302
ARLHVWSG,7587.3899082568805
EVVWGQWNKHA,3986.646788990826
RGHPQNAG,1890.302752293578
PGKWYWASG,7331.6697247706425
HYDDSYASG,3573.2844036697247
VDSQFWVQKA,4966.8899082568805
KHLFKDSQEREW,2460.178899082569
KGGSNKLSG,919.5321100917431
DRSYEYKHVAL,4904.894495412844
REHQRAQPKSGQ,1039.1376146788991
DDSERWG,2302.6880733944954
FKAKWLSGQY,5535.454128440367
VKHASRKKALG,881.9770642201835
FEGLGFNQFPKA,6013.353211009175
FKPQDVRWDA,3030.908256880734
LASQKFKS,1453.2935779816514
SGVADVGKDA,980.2935779816514
LPNQASPYWVL,13667.142201834862
WVQDKLFYNKS,5605.238532110092
DQWDQSGKSG,1467.2293577981652
FWLYKAGELQRP,5491.532110091744
VQENGLRPWG,6987.022935779816
VQVWKDYWKDL,5563.022935779816
LFQFQRSG,6934.05504587156
ELHRFNVLS,7131.688073394495
LRDSQHNSG,1632.9357798165138
PDSFSRDVPYVG,5386.160550458716
VQNHWDRNKDV,2234.9495412844035
RHYNQEAQRPG,1933.9128440366972
VFHAYKLQPNG,4470.467889908256
NWRLWSG,12727.990825688074
GREDNRYNKAG,1529.197247706422
RNVGHSEQRPYH,3671.6559633027523
NEGRVEKDAL,1238.165137614679
YEKNADSG,1118.6284403669724
FAKFHASNHG,3289.229357798165
PHFLHREYWAG,13967.105504587156
KFENFAGEPWN,5322.068807339449
KDNALSKASEL,834.4678899082569
PWEQGREPYNA,5457.357798165138
LGKSDAQPKVA,1138.6926605504586
YHLPADLQPWNV,7176.876146788991
ELKVSPDNAL,1294.8853211009175
APHFRYKHVLPH,5750.261467889908
RNGAFEAPNDVA,1716.3623853211009
LWNVEDEAG,2109.0091743119265
GQFYQHALQKSG,3348.798165137615
RQPKGYDAEPWK,1992.7614678899083
LVSYAVAS,9403.88990825688
EDYHHVQENVAG,1716.6146788990825
WGEDDLFEPYKV,9770.087155963303
FLPRLRPHASG,4247.293577981652
LYSKFSG,3510.0137614678897
PKPQEPAPNAS,772.0366972477065
PYHSQEKDREVG,1272.0963302752293
VLYWAPAGKVL,11490.344036697248
GKLESYLG,2053.894495412844
EEQNEKVASG,766.0642201834862
WWFKLEAG,11546.270642201835
GEWKWARPWKS,6139.05504587156
QDWYRDVSG,5930.95871559633
NWWEDVG,6944.701834862385
HSGQPRWGDAL,4108.8899082568805
YAHSHDVGKDG,1632.3990825688074
WAEEGPNKHDA,2050.798165137615
NLYSYNPHS,6446.967889908256
HRPAKEWNKLG,1404.0779816513761
WVLAREKQYNKG,3643.362385321101
SERENEG,957.9357798165138
PRVGLWKHVG,4679.931192660551
FRAWWNAQEAG,3902.3577981651374
PYPKEWNQNS,2200.908256880734
DAWHYWQEKHDL,6394.802752293578
WHPPQNKHDVA,2011.4495412844037
AGPFWSFEKVL,11034.642201834862
RDGAFSQYDVG,5563.743119266055
REPPEYNQPNA,1358.059633027523
DVPFLFREKAG,3272.270642201835
DLFKGYVGEKSG,1887.559633027523
GWGERYWNKHAG,4352.435779816514
RFRGQSRVAG,2615.651376146789
VLQEQWNHWVLS,15805.633027522936
PVNAFKYVG,6375.385321100917
KVKFFHLS,5833.09633027523
NRVPKEAG,890.9128440366973
PKYSWDVDVS,3904.766055045872
RAFDRVLFPNV,13215.137614678899
PWVAKHESEKL,1698.8853211009175
HDQWVNASFNKH,4906.288990825688
EPAYEHNALS,1736.6146788990825
NHNHYYNKHAS,3017.288990825688
WLHWDFYDVAL,26376.050458715596
HGPPEPLG,1949.5779816513761
RYRYLSNKFWD,11587.211009174312
QHDESPHYKL,2504.8348623853212
QYHHYKHDYKD,2589.2477064220184
WASHSRANKL,3312.3394495412845
NESPDRHSG,1440.0504587155963
DAAAPNVLS,1308.3623853211009
FNDFKGWVGES,3123.733944954128
FLHGGWHLG,10419.032110091743
DFQVQNSG,1778.619266055046
GFAANDVALG,3142.6926605504586
VEFWPSG,8410.97247706422
NDEFPHQNAG,1914.2614678899083
YPQANVASG,1655.7247706422017
YQQHSHSG,1930.9174311926606
FKWYLSHSG,6586.004587155963
NDRNNHSGHV,2352.3394495412845
PGDDHVAG,1234.8715596330276
KPWRREVSG,2005.532110091743
KKSGSDVG,859.7844036697247
LYVPFYSG,13400.683486238531
YNSAFRYYVL,22771.79357798165
VPRSGYKVS,2132.9908256880735
LGASKHRNASG,1552.9174311926606
FQPAFSFEPAS,4913.954128440367
VAPLYVSRNHLG,6824.09633027523
DQDRLQALSG,1417.9357798165138
WRSQRPFHA,9468.70642201835
NDDHNAG,1281.5229357798164
LGRNKLLNHL,4426.834862385321
AQKNFPASG,1177.2568807339449
QKRPNNVNHG,1497.651376146789
HSNHNDQRPDL,2097.077981651376
YYARQDVLG,3999.0504587155965
VHYRKVG,2866.3715596330276
EYDDGNLYWDVL,11549.79357798165
SFRRFNHVLS,7615.188073394495
YHHNALKVSG,2771.422018348624
QEFVGFWQYAS,21124.5
QWQWAQLNHVG,7802.1100917431195
RWSAYDGYG,9311.463302752294
HSVPQPALS,1810.559633027523
LKASQQYNHDV,1741.967889908257
RGGNKRVA,1148.5550458715597
WRERQRPYNDVL,9123.422018348623
DGPPLRKHVA,1552.426605504587
QVWNEPNGYVAL,9504.261467889908
YHQQAQFEWNV,6411.298165137615
RYRPREPPHVLS,3855.1284403669724
NKEYPHVEALS,2100.587155963303
AHNDLEG,1231.605504587156
VYRQFEPNL,5833.5091743119265
YRYGFYRYNDV,10917.353211009175
GFNWDRHG,6336.844036697248
RYRYQEKGQEPN,1803.6238532110092
NYWQLPWG,15460.628440366972
NKFGVSREPN,1704.1697247706422
ESKVDGRPNA,965.7018348623853
FRYRALQPFYHV,16876.82110091743
SGPEHSFEDA,1327.426605504587
KGWWHVQENS,2700.0688073394494
EGLPNKSASG,824.1743119266055
ENAHKDVQHG,1055.573394495413
EEWDVFSYNHVS,10862.30733944954
VAPAQWLHG,4034.761467889908
HGHQPVQPNHLS,2711.9954128440368
KGWAGGEHAS,1391.2247706422017
NFWESWNDALG,8093.839449541284
PERFPHLSG,3967.743119266055
SGSDSWDVA,2062.3899082568805
QYKDNVASDAWV,2726.591743119266
FPNGWDESQYHD,5990.3302752293575
KRYYAFYG,12081.178899082568
YDREDRNVSYHS,4177.51376146789
DWKHLVFHL,16190.518348623853
VQLSRFDLG,8122.811926605505
RQRWNRDVPNVS,3035.5688073394494
SNYWVKSG,3350.380733944954
KQPEDLQRWK,1381.5045871559632
NWLRDEAG,2657.8440366972477
SKSLNDS,730.8853211009174
PRSWGNLG,4308.426605504587
EVGQNFGQKDA,1109.1100917431193
SDRGDVLS,1501.5688073394494
AWNAHASWHS,5599.440366972477
GPLYQEDAS,1528.3990825688074
YDAPQFEHDNHA,2212.793577981651
NWRRWLSG,8956.770642201835
HFEVDLSQRNKV,3360.733944954128
KVPYAYHREYK,4014.1926605504586
WSPFESFYHVS,16055.637614678899
NHGDPKFYWVL,15841.412844036697
LRWDEDEWHAS,4860.95871559633
NPFNFEVL,9967.788990825688
ELNFKHLFYN,9917.366972477064
NLAKNVG,1450.348623853211
WRGWQRLSG,8295.357798165138
AGDLVQYNDV,2742.0550458715597
FGRHSQPDAENH,2064.0688073394494
DYDKSPASG,982.5963302752293
WNLVPYWWNA,22583.10091743119
FNVPVGDAWHLS,6900.091743119266
YNRYKSRWREPV,4274.123853211009
HWEPGAS,2453.9770642201834
KGDWRNAG,1885.6467889908256
SGVRLGPYKAS,4263.59633027523
RDDALHALAL,6675.532110091744
YHYWGKSGEWAG,4611.380733944954
YLFVGQKSYWDL,14100.59633027523
PPQPEAG,1061.7064220183486
LFHAHLRYWLS,13784.229357798165
YQWVQGFNG,7878.761467889908
AAFPVVSG,3080.0045871559632
VWAKHWVS,7090.711009174312
SYPWDKG,3132.422018348624
VAANKSKVL,1063.045871559633
ARVVFESG,7741.811926605505
QDYNSHDWHG,4191.853211009175
YGYHSYDQFRVA,9725.967889908257
HLAFAEWDASG,7105.077981651376
SFVPLSPWHAS,11132.665137614678
LVSEKPLG,1314.545871559633
ANKAYEDVALG,1490.4816513761468
NPNDAHENDVA,1063.2935779816514
VEGNPYALS,4638.793577981652
VWGQDPALG,3097.6743119266057
EQKLDFRHDVA,1628.0688073394494
LADSKLSG,1257.591743119266
PLYKSQEPGDV,1380.426605504587
RQYNRDRWG,5416.8899082568805
QAEVQQWVASG,2387.5045871559632
AYKFYQEPNG,2891.233944954128
HPSKLYSG,2148.8256880733943
DPWWEHVG,5959.761467889908
HGRYWHQPKSEY,4337.894495412844
NWSFFPG,16220.20642201835
NVLLAGPNG,4401.6100917431195
EFEGNGNKHA,1600.0871559633028
NLDVHLWKDS,3965.922018348624
VSKAEDQVG,706.2247706422019
AFPELQFRENK,2095.7155963302753
SVQRDYG,2804.7155963302753
ANKQGPNG,946.9633027522935
GQVQLQRYNDS,2890.8073394495414
NHKAAFEPYHV,3517.6926605504586
QDEAGAEDVA,959.2339449541284
WNYYLYKHDLS,8776.977064220184
YAELSEYHRND,4283.1697247706425
HEALQGHDVAL,3046.0412844036696
QDSYYWSQWG,11860.87614678899
LYVYQWLSG,15207.642201834862
WYFWVHG,12290.29357798165
ELSKQVGEHVSG,1024.8623853211009
PFVDSNHALSG,3760.0825688073396
DHFPEKVAS,1436.4633027522937
NPWLFSQYKD,13264.977064220184
ARYWEYVLEK,12485.977064220184
FVHHRVAG,3372.4587155963304
QFVQWDNDLEHD,4992.380733944954
YANVNDQPYN,3501.954128440367
FKPWLQHQES,2621.587155963303
EELPVFKVAL,17739.967889908257
RAVFPHGKDV,2331.243119266055
FFYDYFWDG,5122.091743119266
AWPFHLSG,11951.353211009175
RQHDHSPYKS,2177.9036697247707
HKQEPGESG,768.4082568807339
KQWSKGENKHG,1052.4954128440368
SPHKKDG,830.3715596330276
LQYPFHDA,7788.582568807339
FHQRAEKSYSG,1784.7935779816514
VASARWWNKALG,5352.692660550459
PQSVAKLG,1429.665137614679
WNGNDGVGPV,3003.206422018349
ERHDLSALALG,3080.3899082568805
SPQESLG,894.4082568807339
VGHGKDQFHS,1897.2155963302753
YAGKEHDLYS,2346.591743119266
EQNRRKHAS,920.059633027523
NHHQQRWKHDLG,3059.8990825688074
YDVSYNENQYKV,4365.059633027523
DGKKRHSG,696.4449541284404
VNSNRSG,1629.5045871559632
FRQSASREYKHD,2449.091743119266
YEALHLPYKL,10167.935779816513
WPRDQYSG,5617.339449541284
FDALQPRKQWH,4021.146788990826
EVVFDGPYHSG,7479.394495412844
RKGYAPHAFKHA,2485.146788990826
NWANARHG,4228.477064220184
WPQKVHLG,3590.935779816514
HERDHAG,1813.9724770642201
QGDDAPLSG,1171.2798165137615
KYGHASGNDSG,1183.197247706422
QQQWKGEWNAG,2099.077981651376
FRSFSPNQPNDG,3833.2201834862385
DGPWDLVGPNG,4067.532110091743
DLESWNQEYNH,4702.307339449541
EDHNPALS,1458.394495412844
YVRGYAGRYA,8047.963302752293
EHHDLSEEYND,1607.288990825688
WNQPYRPGHSG,4875.55504587156
HPAFREHPALG,2908.9954128440368
GPVRPLFEHDAG,3110.261467889908
PGHSRYLQYHDG,7502.495412844037
FPADNDVFHD,6026.894495412844
QWDHVLSYNNDL,12874.169724770642
HAYKSRDYNA,2757.0229357798166
GRVEHGKDSG,1022.2110091743119
DLWSQHSAS,3707.706422018349
RANSASFYWNVL,12046.160550458715
VHHFASG,3382.5504587155965
KKGVWLSG,2093.0229357798166
RGLKWKG,1530.4633027522937
RSRAYGWNDV,5154.59633027523
GFVENGWHLS,9624.238532110092
EQPFFPYWNKL,8595.752293577982
WNEFAGWASG,9909.678899082568
YAYNDFEGPDVL,6625.128440366972
GQAEKQWAL,2564.830275229358
QWKARSRHVFEW,11239.477064220184
RHKEFYLG,3636.454128440367
FRADNHLYWKDG,6748.417431192661
PGYRWSHVLS,11875.715596330276
KPDAVNLSG,1013.0688073394496
KGALKLSNHG,1506.1284403669724
WPALNANDG,3389.8119266055046
WYAQQFVLG,20790.105504587154
KQGEAWSG,1461.8853211009175
RAVDVQHG,1798.4174311926606
YDQWDLDSRNK,3735.6743119266057
ESGYVRARHDS,2648.0550458715597
SPYHYANKAL,3830.729357798165
DNDNNHG,1511.2431192660551
FDEVEHWVG,5361.288990825688
FANRQKHALSG,2643.3577981651374
APYYNNKG,2204.9954128440368
YVVAEHREDS,2098.9449541284403
VLEKPHSVL,3463.770642201835
QGAPAWNKVAG,1699.2798165137615
EQGKPLSG,811.2064220183486
GFKEYYHVS,6308.4495412844035
EENRGVLG,1681.7431192660551
EHFYQAGHDS,3188.0963302752293
QSGWFYNLEKLG,10704.238532110092
RPAQQWNRNA,3232.6880733944954
LYPAESG,2145.876146788991
KRDRSFNDASG,1264.2981651376147
RGNKPDYWAG,3377.5045871559632
NVVDGRDG,2170.816513761468
WNQFGFPHSQNK,5966.908256880734
PALRASWNKFPK,3063.0963302752293
QDDADLREPDVG,1164.1146788990825
ENWKGNGHDSG,1449.119266055046
LGQAAWNKAL,3131.880733944954
FSWGQSYLG,9095.54128440367
YEFNKRSG,2405.4633027522937
WNKGVKVAGVLG,3304.908256880734
KNEPVKLSG,1035.8302752293578
ELNQVQEPWKD,2220.0091743119265
KHPYFEVAQFWA,21054.811926605504
YNVRGQDSPYAS,3979.605504587156
YHNYHRWNKL,6323.197247706422
FSYSSQRYNKL,4686.752293577982
WEHDDVYWNHS,10765.816513761469
NVPLWHEYNHLG,8598.366972477064
DYGEDQKHDVL,1792.9311926605506
YHGFNHLPVFYK,20477.76605504587
YAFLSRREKLG,4738.6100917431195
DPYGNGFDSG,2936.3577981651374
NNAKSWSG,1996.0183486238532
KNAYPHG,1963.8623853211009
RYPWDPARNVL,9568.197247706423
GAGYKYSG,3464.0137614678897
FGDLRLQRVG,6676.720183486239
EYQKFRPKFWAS,6601.729357798165
RNHWDQWQFRVG,14932.174311926605
VDRPHFSG,3926.4770642201834
HFWHPHRDLG,8217.963302752294
HADLFDAQD,2804.798165137615
NVQHDSRGDVLG,1921.7477064220184
WGFDVEGPKS,3695.178899082569
SKYSEKHDL,1230.7752293577983
FDQDDLRPYDS,4110.844036697248
FSKNDSEPHG,1380.926605504587
YHFDSNGRKV,2963.52752293578
PHWKDAFFHLS,13191.545871559632
WHPQSFRKDL,4797.284403669725
EVFKERWDG,3143.9311926605506
NVEWLPYWDDVS,21306.44495412844
PRGDWNG,3186.4266055045873
NYAWSPKSG,3270.422018348624
NEDNLNSG,1402.9495412844037
HESFQESG,1791.5642201834862
EKVNKLFQRYK,1991.697247706422
EKNVGYKHWKVS,2002.8577981651376
SDEHQSG,1042.4633027522937
KRFKHESG,928.9128440366973
LRLALEHDLSG,6062.344036697248
PKQQEQPHDG,1217.7752293577983
FYNLFYWWHSEW,16292.577981651377
LQHVAANVALG,3034.1880733944954
NFRNRDASYS,4340.197247706422
YDDSVGYKHS,2419.6284403669724
GHREKNG,961.9816513761468
YNGWRNVREKAS,3176.605504587156
LEPHKFENKD,1185.7798165137615
RSQHPWFEYS,15996.270642201835
YFSFGWLG,9598.729357798165
DDLVVLSG,6961.146788990825
PKESWVADG,2425.706422018349
KSKLSDPHAL,1064.4587155963302
QPVALNRWNDGG,4871.692660550459
PWDPVLVAEKS,4365.4495412844035
RWPGRDVQFHDG,6134.706422018348
YVLQRSDVRKH,3713.5825688073396
PHQVNGPSG,1327.1422018348624
RNHHRYFRLG,7624.894495412844
ARGDLQKVASG,1420.2660550458716
GWGWFNVAL,29239.504587155963
YFKEEKALS,1543.4036697247707
GKAPKKDLS,704.3302752293578
DEDHQVLSG,1524.6605504587155
FKRHNHAENKV,1465.545871559633
HARPDLQWQYNK,4114.073394495413
QAWNWPYSG,11691.536697247706
KNLEFELG,3151.077981651376
GGKDQASG,950.302752293578
AQHGRNKPV,1137.0825688073394
PSWSVAEWKH,5091.435779816514
FSADYKHDVA,2084.0183486238534
SWSHVENG,2795.802752293578
YRYAKLNKDLSG,2673.201834862385
AHAQLFLSG,9117.09633027523
RQAKDEDLSG,834.3532110091743
VGWRAKHG,3500.3119266055046
KPRGALG,1174.4724770642201
WESRWSHLG,12217.642201834862
PHNVNLYKHL,5869.082568807339
PQWVYSENKSG,3956.045871559633
DYSHREHLSG,2384.816513761468
AQWVAQQEYWKV,6544.0091743119265
HWVYRKHALG,7245.825688073394
VRHPVPKLSG,2379.0
KRWFVSPWDAS,10022.412844036697
VADGHDEYDS,1880.1467889908256
FGDQVQRPYHAL,7344.123853211009
VKSSEYVAL,2016.7155963302753
HWDGHVNVAS,3832.52752293578
FLSSPWSQFL,18579.243119266055
QERFKHAVS,1646.8853211009175
VNQPYHPG,3116.9036697247707
HSRYQWGRWKHV,7177.440366972477
ESPSHLQNKDVL,1121.1009174311926
YYEWAQWDVL,16685.316513761467
QYDKFPYWFYLG,12531.435779816513
SQHVSPFRHDVG,3923.733944954128
HYQVAEAG,1627.545871559633
WLLNGNDG,4875.394495412844
GPNHWHQFV,8705.880733944954
YFHLEHYWHG,10805.114678899083
RPRKAFPGHDA,2016.1422018348624
WWANEAG,4249.422018348624
QENDDAQLYKH,1308.2706422018348
NKYWGFSPYNG,8535.330275229358
SEPKSNLQYNG,1353.4357798165138
AQQLALSG,1815.908256880734
AWAVSNALS,4568.40366972477
KGLESDSG,833.1651376146789
DKNLASG,882.1009174311927
HRDFKGKS,1086.032110091743
SHGDSWSG,2607.619266055046
YHPGAQNKHS,1261.834862385321
KSPVVEYWS,3347.706422018349
QHVARLGFGRD,7473.366972477064
RVAEDWKSFPYS,7158.8899082568805
LEYHNHQNSG,2106.766055045872
SVYHKHAL,3597.1146788990827
NKGLAFWVA,11307.853211009175
NLPWKAKDARYA,3558.577981651376
KPQSNKHDLS,952.0779816513761
GYVFFYAG,19299.743119266055
QPHQPNHGHLFE,3392.577981651376
YRPLNQFEDG,3290.0091743119265
HFYLGFYYWDG,9869.495412844037
NHPHGWVPKA,2940.0733944954127
VRDKEPVALG,1188.4311926605506
HNYGFVSG,4815.215596330275
QLQVKVYWDG,24654.775229357798
WAHQNKDRYWHV,8020.422018348624
PASRLKVEPYKL,3455.8715596330276
WWNNYHSG,7313.908256880734
ADFVELSG,2627.9862385321103
HWQNAPLG,3208.2522935779816
NPSREKWKLG,1250.2385321100917
NWVKWHDVALG,7157.137614678899
HESGDQEVAL,1508.1146788990825
AFSAYKSG,2710.045871559633
DYSGSGQPKHD,1348.3394495412845
QQEGPLFDAG,2869.233944954128
YSPKSFFYHVL,13140.80733944954
ANGGYSG,1916.880733944954
RHPKKREYNHVG,1346.8211009174313
KGERQFWNVG,3800.9770642201834
RGDVHYWHG,6594.408256880734
EVAHVAVAEK,913.0045871559633
QVAEEPKPHVS,1137.2935779816514
ANDELFYDVLS,6232.316513761468
VDRNYHDVSG,2516.532110091743
QDYRQDLSG,1792.6376146788991
KWQPSNSG,1800.8715596330276
QYSRFPQFKDV,5067.816513761468
NHNARRWVG,5106.51376146789
YSAVDLS,3003.6330275229357
NYQVSWAS,5683.105504587156
PVHQVFWHDA,8634.133027522936
WGAKPWSG,5263.201834862385
DVPGNSNALSG,1296.2660550458716
WHLEPSNQPYHS,6370.247706422018
EPEKPLSHDL,1318.0045871559632
FDNQWNVWNA,9091.756880733945
NRVGAGNHDVA,1736.4724770642201
DWQLHALSG,5159.064220183486
QFLKFWNLPVS,10807.58256880734
DKWLRKHLG,2847.321100917431
QKRYDLKAQWA,3187.8440366972477
KYDRPEVG,1306.711009174312
VPVQKYVG,1675.2247706422017
VWQWQDLSG,6574.770642201835
NGWNNVPWKA,4595.463302752293
NQVDSEHV,1237.9954128440368
GALFDRHLG,6472.178899082569
AWFGWLSG,14993.642201834862
DVHPDEPYNHA,2342.2155963302753
PFPRKDAPNKA,1210.211009174312
NFHRHSGKDL,2426.0137614678897
FHQGRPWEKHS,3562.5
GWSYNFNSG,9071.90366972477
VNHDAAKVSG,1247.8165137614678
GHQEASNLSG,1203.2431192660551
HEQFVWVG,15708.169724770642
RRDVLSRHFPKA,2871.1880733944954
YGLRYWFYKH,11027.79357798165
LGQNSPYRWVSG,8366.62385321101
FNEERNDVALSG,2403.1100917431195
PWLQKQQPVG,2859.02752293578
PPYLPVSFPYVA,23139.922018348625
DPKGVQNS,947.5779816513761
LDVWDRDLG,5838.866972477064
AEAGSQSG,1016.2798165137615
EPFHGVYHDL,8784.353211009175
HFVAHDKHDS,1943.5550458715597
QWRQPHRDSG,3537.032110091743
GWVLGLELG,16656.288990825688
HKGRNVDG,1373.2614678899083
FLSNYHALRL,9265.600917431193
LHDQNGYLG,4473.412844036698
WFYVWARWKDVA,12146.362385321101
SWEKAESG,1364.408256880734
DKFHGDSG,1219.5275229357799
SNLKHFSG,2779.1100917431195
PYGYHKHVFKV,8697.70642201835
RFKENSQFVL,6655.178899082569
WQVVDAS,5416.733944954129
FANLRSRKLSG,3273.0825688073396
PFKNEPKVLSG,1988.866972477064
LGVPRWHLG,9083.30733944954
SFNRFKDSG,2724.3577981651374
LNPNQKDALS,1378.2293577981652
EAWFNHSKAG,2645.7844036697247
FEEAWDGYALS,11905.064220183487
NLLRALVG,9747.481651376147
EFYPWEYVAG,13421.981651376147
GRYDKEPYNKLG,2388.7477064220184
RLEYALHFEH,13599.61009174312
ADLKNDVAL,1274.8256880733945
SRPKSPAHAS,922.8256880733945
YPPYSNAG,3195.788990825688
WDFGWHRKHL,9719.830275229358
WELSNANALS,4580.4908256880735
DVSFYNQAHVLS,8439.224770642202
KDYNQPGFPS,2636.298165137615
SWVREQPYWNH,11468.963302752294
QPLFESNDGEKD,2005.8577981651376
VVHDRDLSG,2098.435779816514
RQQWEWALSG,7269.738532110092
FSEFLSEALS,6893.064220183486
PVHNKAFREPAS,1621.394495412844
SYARWNFHVG,10732.5
NDHKWLSG,2511.637614678899
YYFWRDG,6061.188073394495
LNAVQWAS,4798.770642201835
VEYYRKHDASG,2853.5
DDVFWHYALSG,11322.018348623853
GNHRHEYWS,6773.293577981652
VQDKDAWS,1733.2064220183486
GFSYKYKHDLS,4424.472477064221
LFLRRWALS,12669.366972477064
QHGWDWVRDG,10218.321100917432
NVKREFEHDAS,1489.4220183486239
QDDRHDQEPWL,4416.954128440367
WLSWRWDVLGQF,30568.545871559632
QWHSYARYFEPL,19352.211009174312
HQLHWNALG,6105.866972477064
GVKVHAS,1765.2431192660551
AKEQPSG,827.3073394495412
DEEHKDALG,1008.5917431192661
AYHYNFNKVLG,6169.926605504587
YQGRFRWKDLSG,5237.178899082569
GRRWEDAG,3255.3577981651374
QGNWHQFEPHDA,3772.701834862385
EKSQGNHDFNS,1255.894495412844
RGKHDWKGFWD,6643.545871559633
HSWAFHDVFWSG,23068.422018348625
AYKNYASG,2560.6100917431195
HWQDRYAL,10882.908256880733
EQDLYKPDSG,1101.7798165137615
DLDPKLENDAG,974.7018348623853
QLNPSFKLS,4317.963302752293
AQVYHDNG,2561.4633027522937
RWKNVAGQARWH,6152.477064220184
ESQSRKQNS,833.2064220183486
EFPGFVEDALG,2832.935779816514
SSWGASG,2389.362385321101
PNNSFEPNDGPD,2024.0688073394494
YLLFPGQFYVSG,25555.009174311926
DPAEYFEPHV,2460.0412844036696
EDRDKSEKAS,595.4449541284404
WFPNAYHVNKDA,4605.426605504587
RYNYYWQYALG,13486.591743119267
ALEPSYVFKL,26288.174311926607
KNYRNAS,1591.440366972477
GHGKFKHDVASG,1484.5091743119267
SKVAVPVG,1351.4724770642201
NKVPQFNHEHDA,1782.2935779816514
KDKVPWDYKHV,2483.788990825688
EFGKWNLG,3695.288990825688
NVFFNKGDG,4052.233944954128
FAKKPNDLG,1610.091743119266
FKSDFPDVPKVL,2476.967889908257
NLHRSEHVAG,2163.798165137615
KQGGDASG,817.816513761468
KEAHWKVSG,1594.5
KRYNHRNRYVL,5243.6697247706425
YVYVKALREHVS,9966.761467889908
EHHEKHAWA,1950.8211009174313
QWPHGGNSG,2324.6422018348626
QWKLNHPVAEN,1910.3440366972477
NFYSKVQRNAL,6042.353211009175
ALLSQNDFEAG,2438.3669724770643
RNLFEKVFQEDS,5251.09633027523
AALASHLSG,2719.1880733944954
NFWVAVQYG,33173.747706422015
NRHFLGQAG,4104.422018348624
NQSEFHG,1958.7935779816514
SEYANLEYKD,3056.091743119266
LYAAYWAG,9601.779816513761
RKLNVGFRHRK,1710.2247706422017
AGAGEDVPNVL,1401.9816513761468
HERNFRSG,3120.8853211009173
HAAKLPSG,1584.1559633027523
VRYHSAPYWDS,11869.756880733945
SSYGQPYNDS,3163.646788990826
ANVRFHVALG,10376.169724770642
FFVYGYSG,6308.399082568807
YRFYRNVLG,10187.5
HDENYALSPALS,4464.963302752293
FGHYGYHSG,5884.380733944954
GFAPAHLS,4904.926605504587
DNVKSVSG,879.1467889908257
VFKKFEPWNVAS,3769.678899082569
YFVHQKVG,3933.394495412844
AKAFVFEYNAG,20142.422018348625
VQYSYLSLG,18530.67889908257
ENFYQFKEPYA,8238.518348623853
REDRPYSVSPHS,2370.623853211009
FRLPLSQLEPKS,2651.7201834862385
REHYKFPLNHD,3767.206422018349
FEWNLQFLFHAR,25232.224770642202
NPESHDSG,1048.8715596330276
FLDNSGALS,2790.743119266055
HDSRDGQSEYDV,1880.7568807339449
NWWKDNKDAS,1845.440366972477
WVNLPKDRAL,4779.972477064221
FANDSRLFKVG,6095.756880733945
RVVAWNYDA,10537.440366972478
EPPWQRYVGKVA,4165.94495412844
EGQSVREPWNHG,2012.8577981651376
YLQDKSGRYHVA,4075.9495412844035
DNVYVYHALS,15620.990825688074
YRGKPKLSG,1535.8302752293578
EVDQYHEYWKA,3406.422018348624
AFGSHAG,2662.3073394495414
LLQHEALS,2330.201834862385
RRPPGFRG,2882.256880733945
YRAPKHLRALG,4326.380733944954
QRFVPDAPDA,1959.1467889908256
YQNWEDVASG,2941.8715596330276
ELRKGGQREWV,2634.3669724770643
QKLHLEDWHVLS,5464.834862385321
RGVWQPVLS,8844.45871559633
YSGNYHDSYHV,7066.481651376147
WAGNAFDQFYK,12465.871559633028
SHGSHLSG,2074.8577981651374
NLKSQWPWHD,9374.761467889908
HHEPQDS,1040.3899082568807
VERAEHDVLS,1719.2844036697247
FGLPNPKLS,3748.912844036697
NQKNNVG,1069.0045871559632
SNEAHALS,1297.2385321100917
VAEHKFEYKVL,5031.55504587156
SNGQQDSG,1084.2293577981652
AWFVADLSG,16791.697247706423
WGDFWVFYKAL,26131.550458715596
WQPYHEKVRAS,3837.5963302752293
AFVGRNYVG,7339.977064220184
LGQNEKLREG,1222.6376146788991
LNKYLEDG,2002.834862385321
DKEAPKAS,498.9816513761468
GDKQFSG,1229.954128440367
HFYAVKVSG,11784.188073394496
VFPGEWQKDAG,2134.6100917431195
RQPQNVDVASG,1066.2247706422017
GWLLKSG,7046.651376146789
LKDRPYLNKSG,2347.6743119266057
VSEDRGWAL,5644.674311926606
NVEQDREYHVA,2550.0733944954127
WEFWWKHDVS,9916.064220183487
VNRGHVG,2367.330275229358
WYHPWKRDVLSG,8240.834862385322
HLWVLDRNKHL,9869.188073394496
DVDYPYDLG,3840.3715596330276
EQPYAFFEVA,14863.142201834862
RDFEHSFQWHAL,14143.348623853211
RRHHDVEPNV,2175.669724770642
YFLHYNHAS,5002.940366972477
WLHDQHFKALS,7158.683486238532
LNKSFLPHS,3488.2522935779816
LQRYNNFEPNAG,3419.4862385321103
PSFSHARPYN,6551.426605504587
SRQLWKDVLG,3783.091743119266
KFALAQSG,2288.3899082568805
KSRGKHAQDVA,800.6284403669724
SYHVSYGPHVG,6957.545871559633
HHVWWALSG,12746.628440366972
VLSLFNDRPKA,4167.816513761468
EPGYHGRVPYWG,11923.981651376147
WGVEARYWNHDL,13755.38990825688
QWRARGWSG,7875.545871559633
RGQLFNLREWDL,14313.935779816513
NPSQNSPS,944.7752293577981
SGANVAWKHVLS,3983.711009174312
YSGGEDARKDV,983.8348623853211
PYDGLSNGEVA,1773.0412844036698
EFQPEPG,1699.2018348623853
EYEPGFKLFRYA,17585.532110091743
FYKLKLEKDLPK,2416.5550458715597
RKVERNVYKA,1322.967889908257
KEVYREVS,1698.3761467889908
EDVDREPVPKS,756.8853211009174
QPFALRPEYS,8784.605504587156
DPRYKYLG,2792.683486238532
LFLEYLWNKH,7542.917431192661
AENVWNEWNHDA,3856.9770642201834
ERGHFPSG,1961.954128440367
WRHGKAFRND,3592.3440366972477
AEYGVPWDVG,5235.527522935779
WQVPGWNA,6287.628440366972
RSENKRDAWA,2064.1330275229357
SHQRKDDVALG,1153.7844036697247
PQSRHEVS,1129.2293577981652
RSEPQHDEPKSG,861.5137614678899
PEWYAWNHV,14983.825688073395
GKWNQRPYVAL,9379.550458715596
YFLLVSG,21077.032110091743
VQLPKFWSG,7302.0091743119265
VENNQWLG,4301.178899082569
QRWPQFNRPHDV,6511.261467889908
AHWAHLG,5255.146788990825
LYHSRQPKS,2348.1422018348626
PHVDHAFRWSG,7885.256880733945
LARDPVG,1878.0
PKYFSGHSG,2896.422018348624
PDAYFRYFYNLG,15433.146788990825
SFHNEWALSG,5331.628440366972
HPADFPHALS,2505.788990825688
YDAEGPYFRWNV,11649.06880733945
ANDYHGKAG,1357.7339449541284
QASHDHENKDV,806.4633027522935
FVEKHPDSRNVL,3166.454128440367
QHDRHVLWVQEW,14995.311926605504
NVAKAFYVPWH,15262.266055045871
YYQWQHVALG,8259.48623853211
WSEGAHVASG,2696.47247706422
HLGDNHSKS,1035.2247706422017
NGEHELEYL,3285.706422018349
EDYSLSEKA,980.0871559633027
RKARWSGLYNH,4933.188073394495
WEAEHFWNKA,4978.706422018348
RKVYPHDLSKS,1506.6100917431193
WNNSGKEYDA,1678.3073394495414
DWQWLPDLG,9644.93119266055
RNSEKSKEYNSG,1051.394495412844
VFKNRNLG,3103.091743119266
YSRQKSWKHLSG,2756.8073394495414
FYFRGNVLDSG,4552.646788990825
EREAYPYWKLG,5748.522935779816
PDYVWGEKHAG,2670.091743119266
YHDYDLEGPKV,3216.669724770642
HRQLALG,3530.1330275229357
VYRGVSG,3283.651376146789
QWPHKDQPNASG,1623.0688073394494
NYFDFRPKVAL,7634.844036697248
PQNPWGYWNVL,19549.532110091743
HWGPYRVLS,15951.545871559632
SPSEPLNDALS,1378.6697247706422
PVWLVSFPNHDA,27989.41743119266
LQHKDAYNHDA,1840.5412844036698
RHAQVNKENHL,1500.2522935779816
KNWKLWSG,3743.4908256880735
DHADFSG,1691.426605504587
SDYHHSG,1897.0366972477063
LQQDRESG,1066.7385321100917
FSGELFPQRPWH,16054.678899082568
KFGWYDG,7171.133027522936
FEQGYNVALKA,3577.862385321101
AKDQVLYVLS,19875.353211009173
YESPKAQPYKG,2486.4908256880735
RDQDENAYWDG,4015.922018348624
HNARLEYKVG,3722.912844036697
GALRGDLSG,2273.894495412844
YLWPAENVL,9789.912844036697
RHFVGWDFDAL,18470.408256880735
EPHWVSFADVAG,11239.58256880734
SKWSALG,2690.302752293578
DLRVPNANDVS,1537.0642201834862
KFNDKGRNVS,1214.2247706422017
RYFNLWLPDSG,11238.279816513761
PWGNEPKGWNHL,5670.623853211009
EAKAKVEYVG,1195.7477064220184
KFDHVKLSG,1908.1880733944954
AGYVVASPG,4687.252293577982
KYSFGRKVAS,1957.302752293578
NKKRPNHVYLG,3495.3577981651374
ASWFGPVSG,7115.9908256880735
PEFPHFHVSG,7760.059633027523
RALRGHQNDG,2345.0366972477063
SNHQNRNVALS,2265.119266055046
KARRRKHDAL,918.4724770642201
PHEQSQPYKHL,2918.3899082568805
PWKGGEYSGQV,2287.894495412844
GLEVQRHDALG,2499.8577981651374
VHDVNVQYNDV,3303.5412844036696
RLRPFHSPNDL,5245.275229357798
RYKYALGHSQFV,9410.032110091743
WRRSNDG,3724.6605504587155
GEGRPQPYWHD,10086.142201834862
DYFYENSG,5677.766055045871
RGHWALREPAG,3307.1284403669724
EADNVEVLS,1213.1788990825687
FYGHPKLGVG,4308.894495412844
FKASWLKHQEK,1692.573394495413
KQPFHSRENHS,1454.0366972477063
FLYRLFYG,5158.770642201835
RYPLYFEVL,35330.35779816514
HVNVQHVREWVL,12965.963302752294
DDFFHLG,5416.582568807339
LELNWHDVAG,5255.6697247706425
SVHQFRYNKH,3852.47247706422
KVKLNLFHS,4519.353211009175
FRSKGFNFVG,6820.155963302752
EQWNPLFRPYK,8658.646788990825
NEGFWWHS,15534.885321100917
NKENALSALPS,1806.2798165137615
KAWVAHGNALG,3250.1743119266057
QLEAWLSRPKSG,4183.766055045871
WKEPFEDVENV,2126.6880733944954
SNKELQRVS,1314.4036697247707
RVNWPYHDV,9292.90366972477
KSEPKQAGWHG,1560.9816513761468
PNESDGPKDVG,938.8807339449542
SKNRWLSG,3163.3394495412845
LYEDHDVLS,3261.0504587155965
EEPEHENAS,763.7844036697247
SLSYELG,4672.151376146789
VRWFFEPDVL,21742.389908256882
HDENNHAEDLSG,1494.9954128440368
VLLYSRHS,11240.073394495414
RHKFGRDVAL,2742.532110091743
PPPYWFG,16887.642201834864
NFHEWSFNASG,8261.09633027523
GHFRFRPYNAS,7079.885321100917
APVLFKHYKHVS,4386.0091743119265
SHQRHEVG,1694.5642201834862
NLDNEHAG,1507.7614678899083
PEHKDHVLSG,1404.1697247706422
VVWAQPWKLSG,8536.371559633028
VWNVSHALWDL,17489.660550458717
LWWHGQS,6892.201834862385
PYRYKFVRPHV,9613.325688073395
PPNPGWHAS,3162.2155963302753
YLYRFVLSG,22271.82110091743
WKLYKQRKSYH,3207.0137614678897
YEHFFYHDA,7211.348623853211
VGSRLFPDVA,4212.747706422018
SWLYNVYNS,9150.334862385322
VRNLVGENV,2617.321100917431
PAPDPHVFPL,3830.3990825688074
YGNDWAPNL,7522.788990825688
SVSNLHAG,2540.238532110092
PWNYLWKYWAS,14806.743119266055
NVYLFASHAL,34544.68348623853
VRASFSGYWDL,18552.243119266055
PQYYQFALG,20643.23394495413
ERLRWELG,5983.5504587155965
PWYGGPWDVLG,22712.238532110092
WGSPEKLS,2682.169724770642
FRSELSPWDFYA,24614.20642201835
AEFDFKAS,2375.5412844036696
LGRYYVFPKH,12193.197247706423
FKNNAFRPNDAS,2275.559633027523
WYWKVVWALS,19843.91743119266
PQQVRDLSG,1592.9587155963302
GDRKYLG,1833.0183486238532
KVSQGDAKDV,811.0045871559633
QLNYDSPYWNA,9210.5
PARHPGPYG,4527.128440366972
VRAWVRAG,5975.54128440367
SNREPNQALG,1420.197247706422
NSPKHSNEYKH,1201.059633027523
HDQFGQENQRL,3063.7522935779816
PYWNFSGKAYHG,8437.105504587156
RVNESYKDVA,1393.926605504587
QKYSHDSFENHA,2120.619266055046
PPNFHQREKDAS,1253.619266055046
YAEWAVYKLG,14694.866972477064
KWGGYVALG,8395.58256880734
HRQPAPALG,2338.4816513761466
RLELSHQRYS,6397.587155963302
GREWEAYNKHVL,6866.059633027523
AQWWGFDLG,18264.518348623853
DGFVSYGQPND,6460.766055045871
LVWFRASG,11082.233944954129
SASSHLS,1658.6880733944954
HFGGQYAG,4355.165137614679
VRGNDHDAS,1404.2614678899083
GQNAHSQWDA,2731.6651376146788
KLVNFLSG,5027.307339449541
PYHADARYEYHL,14091.651376146789
NRYLNREPKAS,2440.4266055045873
LPFKWKVAG,3486.087155963303
RDEHREFWNKSG,2479.0
QPGELEPARG,1910.2935779816514
LNQNENSG,1251.5871559633028
SPFPFWLG,22757.435779816515
NPRPPYG,3453.559633027523
PHFEFPSFWDG,26257.105504587154
EYSAQFYEKVG,5915.779816513761
RKRYNWLSRWD,8801.651376146789
QKSARVSQHDG,1330.1788990825687
SGLQEHQLS,1550.2477064220184
PGFSGSNSG,2146.7155963302753
EAREWANQFRNA,4737.201834862385
PHNVQPWLRKAS,5070.435779816514
SWWAYHAG,11141.697247706423
SYANYKG,2850.3440366972477
FKGGFEWWKVAL,13138.619266055046
ARAVFVSG,13358.032110091743
ELPRFYVLSG,28843.01376146789
GSQRFHLSG,4523.027522935779
ESDPASKG,861.7752293577981
NRHVWGPWHVL,22856.243119266055
YKHVDAQLRWN,5955.821100917431
ARKHNHQRPSG,1462.6788990825687
HPKDQSPKDVAG,770.0825688073395
KYVPHQKHVLG,2410.1926605504586
PPRGDLSG,1280.5642201834862
FVAHGKLRLG,6016.206422018348
QVWHKVYVSG,10644.834862385322
WARNRSGFWKH,7442.481651376147
AEYPNFRYN,8534.12385321101
VNAGDWLS,4315.018348623853
WNRDPWGYWHD,22501.940366972478
NQRHNSGRKV,1662.5779816513761
LYHHYWHALSG,8989.399082568807
DNWSPDASG,2310.678899082569
HDEQQPYNHDVA,2269.243119266055
WPPVRKDVS,2431.178899082569
FNSVNSEYNKH,2362.545871559633
SRGDQRALS,2028.5412844036698
WLEVEWNKAFKD,8985.036697247706
PFYQYSQFYNKH,11482.036697247706
REDRGFPNQRWV,6692.334862385321
KPGFKREYWKG,2088.0229357798166
WHYPRKDASG,3290.302752293578
HFYHYDYVALG,14397.756880733945
RQDLWDSWHG,7775.082568807339
RHSKHEEYDS,1377.7660550458716
PWDWHGFSFEKS,14463.926605504586
LHHDQLG,2687.706422018349
FAHSFKRDLG,4242.04128440367
PHPNHKNVG,1241.1605504587155
WPWDLAQRKVA,7733.665137614679
LDWKDNHG,2290.8256880733943
LHSWQKSG,2628.756880733945
AQDEGFVALS,3865.7247706422017
QQWRRPWNDVAS,5372.146788990825
VYWHALGLFNS,13312.669724770642
VSWWAFHDS,14672.944954128441
APNDWFPYWA,18070.536697247706
WAGSYHSFNKG,6051.307339449541
FHLFYQSGQYNK,5628.853211009175
NHDLQRGQYKSK,1500.651376146789
EVVSYVSGDA,3837.591743119266
ENPYSEWNEHVS,2599.238532110092
KEPKVHLSQEH,1036.591743119266
ENQGKDPVSG,902.2155963302753
VQRWVSYSGFRD,16346.454128440368
PVVQRDWHVS,5349.977064220184
EVVPFRVG,4100.935779816514
YVSEKLKQENA,1545.2614678899083
NKWLRNVEWVAL,15003.990825688074
DPYFSWHDVA,7522.261467889908
FGQKWVGFVLG,20986.26605504587
QGVHAFDSG,2736.880733944954
GHVRHDALAS,2431.821100917431
ARKNEWLG,2081.3073394495414
AAGKGALG,1160.4633027522937
KKLYAPVLG,2424.1559633027523
NNKEYEYG,2212.669724770642
PHFSGRVGEPL,3807.6605504587155
NYYLNDVAG,5049.807339449541
DQRNLYKYNV,5048.811926605505
YDVKFYVGSG,16024.142201834862
LPLGPSENAS,1425.0091743119267
EPNDWVSESEWN,3063.238532110092
FPLRVGWEPYVL,39527.26146788991
WYFHSDASG,5621.605504587156
LPRQPYG,3805.52752293578
WKYFDVQFEPAL,21090.839449541283
YWKAGDFRAQED,2233.587155963303
YLWRWWDVAL,24430.142201834864
WYQQNASG,3441.6651376146788
LSWYGRHS,6287.0504587155965
NRHSDLPYKDG,2369.876146788991
EDDERPNKHD,1101.7155963302753
DLPYQFVGQVG,6355.573394495413
LSPLHGRWNKG,2966.3899082568805
QGKEYGFEYH,3638.4266055045873
NLQEEWNQED,1964.48623853211
FKGANKAELS,983.9587155963303
RPKEPSFHVQP,2402.4908256880735
SWSDWALSG,7117.779816513761
PQRREWAHSG,2768.7798165137615
FLGPHEPHSFDV,4239.435779816514
LLSWANSG,4148.660550458716
ESWAVRENALG,2615.7522935779816
PSLQHQKVALS,2173.788990825688
FLDAREFYSG,7068.477064220184
EHAWNNDANG,1699.1238532110092
RWKNDSKHAPK,948.3348623853211
YHWQGYWNH,10448.036697247706
ANGHYVALSG,4096.798165137615
KNDWWHDVAL,6080.5091743119265
RWVHREHAWHVS,7931.545871559633
RGKNHAWKHVA,1814.2247706422017
RQGHSDLS,1494.6880733944954
KSWWLRWNHVL,14241.04128440367
PPQGNHDA,1180.2935779816514
NVHGNHFVALG,8060.866972477064
PQNNWKLG,2602.1284403669724
LSRKYEPYDG,3304.2155963302753
WVWKWVQES,5615.472477064221
NGGVANHAS,1332.3761467889908
WGRVEPDELSG,2328.577981651376
VYQLGYLG,9191.114678899083
GDEPHDPG,1038.426605504587
AEKNVFNAG,1503.1100917431193
PNGLVAENHVSG,1727.045871559633
VKNDVYVS,2038.7247706422017
YRFYDQHSG,4378.004587155963
GFQEPPKDV,1338.426605504587
VLNYYVSG,7816.954128440367
FQWNKPNDFKD,2794.288990825688
FHHDVLHSPYKL,8747.80733944954
LKYWNQASG,2629.201834862385
NSHVWFPNHAS,6692.380733944954
LFQWAWVSG,13351.802752293577
HLNPPWLG,10528.197247706423
SLSPNLKS,1515.6605504587155
EEPVFGEDLSG,1595.7018348623853
HNREDQDAS,1122.0045871559632
DASHPNVRWL,8228.495412844037
FVNPGYWKAG,4778.6100917431195
DKRNFWVAS,3584.1651376146788
EHVNDFNSRNDG,1892.2155963302753
HDNYLQPYNDV,4752.472477064221
KYVEAALS,1903.8440366972477
DSKRRWNKHLG,1567.6238532110092
QYQYVYKPASG,4272.752293577982
LQGVHSG,1610.51376146789
GERVELS,1578.8302752293578
FDFNQWHRKDG,3678.1146788990827
KGQNWKHSNG,1338.0688073394494
FQDDWHDALS,4269.9908256880735
EQHFNSNKHG,1348.4311926605506
KDPAPWGKDV,1237.1788990825687
WRKQKHDLRYKA,2167.064220183486
HRGKNVLS,1947.7339449541284
RVLQAYKLNKH,4086.7844036697247
PYVPLSRFPNH,8936.247706422018
YVFWNRGEYN,8716.211009174312
NQLREPHKVSG,1374.7981651376147
YGNDYARKG,2384.9587155963304
YFFRPWQALSG,9232.444954128441
PSLPLWLS,15732.11009174312
WVKLGPAYWKD,10551.018348623853
PFRRFPNHVL,10212.45871559633
PDWVKLRKDS,2266.646788990826
QDQQAFEKHDVS,1162.2706422018348
WNFYNSQGHVAS,4081.0137614678897
YSDYNSYWHS,7580.45871559633
ESVNWNKDLG,1429.8623853211009
QRQEWLKDSLS,3120.967889908257
EGYGPLQYAS,4713.362385321101
QNYSDQEPYV,3139.6559633027523
KDQFGWNDKDVS,1605.6605504587155
YKYFQEHDSG,2427.146788990826
QGYFHAQRENHD,3186.233944954128
AFEQNGQFRYL,13975.633027522936
YSDEHFNAL,4659.1100917431195
PEEKGFRENG,1194.6009174311926
SGGPFWLSG,10923.142201834862
KPFPWLDG,6926.178899082569
FEDDFVAGPYL,9600.422018348623
HAAWRYLG,10211.211009174312
WYSRYWNRKH,6907.775229357798
HFEPYRNVWAL,19817.60091743119
EDHAVSQKHDVL,1598.8853211009175
DVWPYFPNLG,16161.41743119266
RHNGNHQDG,1701.591743119266
VVAVRLG,10078.62385321101
VPLSAFNS,2574.761467889908
AGNSKGEYDS,1078.7247706422017
FWWNGAGFDAG,8667.683486238531
GQNYWPHLSG,7603.311926605505
QKGGQPVLDVG,1477.3073394495414
WAQFAWVGRHLS,19693.357798165136
PRWNRAFEHVG,6737.651376146789
LRLDNLG,4505.688073394495
YGENQRNADV,1886.7981651376147
RSASRVDVLS,2394.733944954128
PQLYLWKHDVAG,8068.1100917431195
HGDRWSRPKH,2957.4036697247707
YKYPAQEPYN,3031.206422018349
KEEDDLSG,599.3623853211009
RNQEEDLQYNS,1739.2752293577983
SHGRFKG,2027.2247706422017
LNNVRNVA,2547.077981651376
FPDSVLWHEWA,14276.949541284404
RQVQGWALSG,4257.536697247707
DRWAYGQYHDA,7629.422018348624
QVWSNQENS,1866.0045871559632
ESYPKDFPWNAS,3102.229357798165
NKVWRKVLFRG,7983.94495412844
FQHKVQDVLG,3031.206422018349
FDRNYLFYWKV,13776.95871559633
NYVRADLSG,4187.316513761468
HPESRKLS,1142.3853211009175
GWDWPVLSG,12397.04128440367
ADVSWHENKV,1997.8119266055046
LFFGWHVAL,14701.54128440367
ANRGFDLG,3757.701834862385
LSAGKDYALG,1781.3623853211009
YVRPHLQPWQNK,5361.766055045871
FNAQWDSPLSQL,7276.587155963302
NGLQDGYWKHDS,3184.9908256880735
NARRPWLKLG,8288.348623853211
RNAHFPDEHG,2626.3440366972477
QSWPHGPYL,14876.555045871559
HLKPWQFRHL,11975.688073394496
RGDHGFKLG,2808.2155963302753
KYHKQNSG,933.0779816513761
FVRQWKQYNHG,5162.1697247706425
QNENFAYVG,6290.0091743119265
VSWEEYKDVL,3365.0412844036696
YPEGHDG,1739.0183486238532
ASPHSFWALKHV,8553.036697247706
YFENSWSFHG,10820.243119266055
NRQALYG,4775.082568807339
WRYELQFPHDA,14792.09633027523
PGANDKVLS,1274.7614678899083
QSLQRGRKAS,1144.5412844036698
ASSRWKDRD,1478.6422018348624
VYDEPGYSG,3221.293577981651
RSYSLQRNHDS,2775.9495412844035
ADSHNVASG,1146.6926605504586
HLKYLGWVASG,6937.357798165138
ELYKRWVNDA,4081.697247706422
KGQAASFKDG,1469.1467889908256
NFEEYFELG,17788.018348623853
WRSQEDEAS,1469.6238532110092
EEDANSFEYN,2311.045871559633
KHRLLGEWKHL,3745.935779816514
GKDSSHASG,778.9862385321101
NGNQQEHG,1180.302752293578
KHPYVYNEWLS,10314.288990825688
DRWYGEYKDAS,3918.6146788990827
RGGKAQSG,928.6743119266055
SFGQQFLG,7113.885321100917
QQKNHWDSG,1878.197247706422
DSFGVQREKHV,1793.1605504587155
LWDDFENVLG,7311.022935779816
RVWFFYKHDG,18589.275229357798
AWAVLHVLS,24170.0871559633
QFPLDFRAGYW,24334.481651376147
LQEVAAGKAS,1850.3853211009175
RPPEQFRPYW,10808.688073394496
AQSQLRPVSG,1702.6880733944954
SPGYVEDS,1718.2614678899083
EHRGLSEKH,1254.2247706422017
QRLSWSFEPQPD,6123.573394495413
HSSWYLSG,9140.688073394496
RWKLSVGNLFEL,15336.839449541285
KDQWGNQFNDVA,2983.059633027523
KSNFGWHG,4074.9862385321103
LEGQKQSG,1123.4036697247707
LNPVHDG,2819.52752293578
DKDPSDALS,740.545871559633
HRRLGWG,7201.788990825688
FAWKLKGEPYV,6029.894495412844
WEQREEPG,2144.6651376146788
YSNRDGRENDLG,2403.52752293578
YNAYDSRYQKDS,2882.0688073394494
AEWWNPNHD,6778.316513761468
RYEVLSNFEYKH,10644.348623853211
AGANLQKDAS,1022.440366972477
PSKNKQELG,854.7844036697247
VSGKFHVSYALG,9802.80733944954
FPDVDNDPHVLS,3418.3440366972477
YEPKGHGRWN,3721.2201834862385
LQKDYRYNHDS,2437.3669724770643
NQPPYKASKLG,1689.8623853211009
AADSHSG,994.954128440367
PGFAKLGQKVG,2437.266055045872
ASAVVLSG,2705.711009174312
FKSVKREYHG,2027.7477064220184
SYLHKDS,2074.123853211009
AQNWYAG,6895.353211009175
QDPQEHSRNL,1531.665137614679
KLREQRPWDQYD,8219.128440366972
QSQYPYKDPDV,1999.0
YPEQALG,1538.5688073394494
DYNVFQREHD,3741.7798165137615
NDAAHAFPWNKH,3992.4633027522937
KHKLKEWNDVS,1116.3853211009175
KQFGKAYWDVS,4503.366972477064
AQYHEEPDG,1476.3761467889908
AKWKYSG,1942.1697247706422
QGQVKYWKHDLG,2965.7201834862385
YYHRGKSG,2334.9449541284403
QSQVSYKWKG,2844.5229357798166
RHPFHVREYWVL,22116.284403669724
VLARQHLSG,3513.5688073394494
DLKFYGWALG,12695.481651376147
HLAKQPLG,2317.802752293578
DKGAWLSG,1964.073394495413
VAQVARSNKD,1209.5366972477063
LSHHDEASG,1296.0275229357799
SWWNEKG,2826.02752293578
GLAGQWKHV,3691.353211009174
HVHWQRPYNHG,7968.385321100917
KVDGEWELG,2158.940366972477
WWVLNSRDVA,12204.784403669724
WVQVPWHSGKAS,5503.967889908256
WDKHSYNHFEPW,13703.844036697248
QLLGHPKS,2081.7477064220184
NDELRDSPWNDL,4802.711009174312
FYREQPWSREYH,12197.20642201835
REAYRENLFEVL,8473.545871559632
EFSYSPLG,5578.353211009175
QQRWVQPQYKS,5045.614678899083
DVVFVFRDV,48006.59633027523
EHHHQPDVS,1592.7568807339449
VYYKRWHDVAG,4661.201834862385
HVSWSQRAEWN,6674.165137614679
NEGWVDG,4435.311926605505
YPGGNLS,2212.348623853211
FLASLFPYNDVA,7774.568807339449
YNDAPRHGRG,2573.1651376146788
VHYLDLSG,5826.036697247707
HFSDHDAG,2548.8256880733943
FSKAQWGVG,4216.087155963302
NREGVGWNKDG,2357.5137614678897
KLPKKALFNHL,2364.394495412844
EDNKFQFELS,3677.123853211009
EHKYPVSG,1238.0183486238532
PPSAKDG,693.9724770642201
NAVHVFHG,6502.1100917431195
EELFLWKSG,9302.688073394496
SNKYREVG,1654.0045871559632
ASQDKVGNKDV,750.8440366972477
FVGYLRHYALG,12231.036697247706
EGGEFRLS,2115.032110091743
ELKFNQRYD,4476.646788990825
KNYAHDVSG,1466.834862385321
PYHDFNEHQFHV,8634.41743119266
KHNFFRYDV,7521.848623853211
GKFKGDG,1231.7247706422017
DRENEVYNVAS,2415.6100917431195
WGWWGRHALS,16092.724770642202
EFAKRYASG,2751.1284403669724
FAHRPKPSG,2027.967889908257
FHFRKDALDQEH,2012.7018348623853
YRDYLQKHVL,5548.591743119266
FQFSPPYDSG,6402.908256880734
REDVEPSYASR,1558.7247706422017
VNLESRAG,1615.0183486238532
SYEVNKVLS,2738.1743119266057
FSASPHPWS,8623.37614678899
KLHSYNKKDSG,1050.0366972477063
HAQPFGFWAS,12319.298165137614
FNLGKHEQHDV,1899.926605504587
SLWSHVSG,5309.532110091744
RLYYLGQRPWNV,17041.922018348625
FRDFVLRHGYNS,10226.105504587156
FKWPYASASG,4338.545871559633
WDERGEPDL,3688.412844036697
PKPHPNPWG,4000.4633027522937
YHWAWRNKHDVG,5965.94495412844
HDPGKHREWHAL,3468.6605504587155
RKDLRHALQRWS,6178.467889908256
DWSYANASG,3427.6284403669724
NFFWRDLS,13650.619266055046
QYGLPHDYKS,3566.9770642201834
YDNFEWVEYHVL,22117.449541284404
NDRHQKLFYWG,10372.233944954129
HEAAPYG,3226.9449541284403
RAKNSQWDVL,2913.9311926605506
FEARYDNSGWA,7134.692660550459
WDFGLQRYNHA,7297.339449541284
GYLPEPLSG,3098.8073394495414
KSSLHLSG,1618.880733944954
HLNNVNDVG,1942.605504587156
FQWFVQPYKAS,11355.995412844037
KFPWKARSFNG,3818.733944954128
RLPHKVQYHL,5628.922018348624
DSNPHLWNKLG,3307.6651376146788
DSEPLPKGHALG,1464.119266055046
WPLQRLQFL,32463.188073394496
FSHEDGFRYKH,5201.197247706422
DNYANKASG,1088.8440366972477
QEPRELGKDKSG,775.2018348623853
GWQAYSG,5519.1697247706425
EWPDNSGENVA,1832.7660550458716
FWRHELQHAL,8586.504587155963
GVLDHVL,4554.834862385321
DQRDWVPHDVA,2883.0504587155965
EVRVFHAEHG,3525.0
LFSDENSG,2109.0229357798166
VKHHQKALS,1203.9770642201836
GHLDFWG,9675.119266055046
AQELFYQKHA,5138.573394495413
WWAGAGWNKS,6045.027522935779
RLPGSQFEKDS,1302.894495412844
QQWKLKEDS,1066.032110091743
YGVFGPYWNS,13157.160550458715
NRYSSEYWNHVS,6513.926605504587
VQLLKAG,2586.0
VWHERNVG,3218.5733944954127
KEQKLYASG,1274.954128440367
REPQEHDRAQFL,3969.7752293577983
GGRHKDG,1286.2385321100917
YQHAHAPYWLS,14044.174311926605
DYSNSPAG,1343.880733944954
WHEASEYAHAL,6730.4908256880735
EDVPSQPLEHA,1175.5871559633028
RHRKHRKHASGR,1063.7568807339449
SWYLDALSG,8707.169724770642
GYVQESYKVALG,5110.454128440367
RDSAGPVRVAG,2232.1422018348626
PPPFNAG,1759.7706422018348
KFHDVRSNDVA,1803.5
QGLNRKHLG,2252.52752293578
GKLAGRSG,1354.9357798165138
SYWRVFRKSG,6638.215596330275
YGSALHS,2788.1559633027523
LQFHNKFEYKG,4089.8440366972477
FNKLGGYLGYS,7952.178899082569
GKNREAG,892.6467889908257
KQQFWREKVL,3217.912844036697
HDGRDVPLFRP,5457.279816513761
PRNHLAWHSG,4838.495412844037
DPPKKDVAS,592.545871559633
QGLLPWG,8054.238532110092
HARLWGFWG,18002.440366972478
KVLFGRDSNDS,2091.408256880734
YDKPQREPKH,1062.1559633027523
LSHKRHVG,1797.119266055046
RSEPPKGFEYG,2079.6284403669724
KGKVRALEYAL,2841.591743119266
LREFKLSPYWN,12847.816513761469
QAHPLPALSG,2158.123853211009
KHDHYNHSWKSG,2224.6284403669724
HVQRDEWHGEV,2381.087155963303
RYQSGFSHG,4713.729357798165
YQALASKHDLSG,2024.8577981651376
KEPYPNRNHDVG,1517.3073394495414
QYHPGRKLREL,2432.1559633027523
FPVSPQLHAG,2396.1146788990827
LYWGLNAG,5572.064220183486
GVPKSPS,924.940366972477
VFNRFLSG,6945.711009174312
HGVRWGEYKL,6612.298165137615
LHFFVAG,12493.591743119267
AGEDYLSKVA,1931.6422018348624
QHHGLQNVAG,1675.440366972477
VRPHFRSPHS,3751.9266055045873
FNHRPFESNHDG,2970.151376146789
FPPYWSKFRK,6573.8302752293575
DLPEDLEHL,1293.559633027523
GNAEAFALG,2492.8073394495414
RQPNQQRAG,1258.8715596330276
SGAGRYEYHDA,4070.233944954128
VYGHEVG,2131.7201834862385
LYLPKSNSG,2127.9495412844035
FEPWSPKANDG,2099.711009174312
NHKSDANDLG,896.8623853211009
QYKLWGNVQFES,7774.619266055046
DHLNNDALS,1811.2339449541284
NVLPDEKPWKV,1704.467889908257
DESKQFRG,1404.2935779816514
WENFRQPHDL,9506.766055045871
QGDPHFRPYH,5750.022935779816
EGEKHRPLGQDL,1822.1100917431193
YLALDLYVAL,32483.0
DNVVWDVLSG,4946.697247706422
FANHWANHG,4655.100917431193
WVHAYGYDVAS,8899.532110091743
WDEPGEQEYHV,3258.798165137615
VAQLSRWAWD,14974.981651376147
FGPFGQREPKL,3053.4954128440368
PRYSHLFPLG,10930.504587155963
FRPQLSPRPWLG,13728.30733944954
HEHPYLEPNKG,2470.669724770642
PNNSEHQFEPA,1564.7935779816514
NVWAYKALED,4845.288990825688
YRLHFKSG,4465.605504587156
YNRRAGFRNKH,2842.0137614678897
LNVYGEVLG,5785.119266055046
ESFDDPYVALG,4271.954128440367
NQDGSEDSG,968.697247706422
EYNEASYNSRPV,3485.4311926605506
QVNWLYHG,11041.481651376147
QDSRVRWLEHDS,4474.811926605505
WQEASSDLSG,2496.1330275229357
DQWDEGHDG,2324.178899082569
WYVKVFKVAS,20000.56880733945
EQPWKKQRWNKS,1444.7477064220184
DAWWGNVG,7335.834862385321
ANEPAKLSG,804.0779816513761
QGGRKGPWKDSG,1466.2247706422017
WPAKNASG,1686.2018348623853
HGWVASAPAS,2747.3853211009173
AQGQYSEHDS,1460.9724770642201
QFSKLSKYWNA,4259.756880733945
VDVVKVSG,1640.9311926605506
FAVHNVG,4011.412844036697
NDASWSWNYWA,17520.642201834864
GYDDELG,2856.7522935779816
DWKALLQFEVLS,32997.95871559633
LGVFAPKHDSG,3565.912844036697
VENQYDLYND,5645.8899082568805
YAVFEVWHA,19816.977064220184
DGLFLNVG,15011.95871559633
DWVEAFVG,8076.495412844037
GPQHDFVLSG,2785.4495412844035
LDLSPKWDAG,2755.422018348624
KAKEKSPYKD,742.1330275229358
LVLFSYAG,34256.15596330275
ALRSQRLNDG,2956.733944954128
NYPSYWAG,8660.036697247706
PFWLYEWKHV,21356.839449541283
NSLWFYASG,14794.655963302752
PELGKGRHDA,1536.5642201834862
PEDHVRVLS,3773.4908256880735
HVSESGQRRHD,2371.238532110092
NERDKALSG,1330.4724770642201
QDLVYDLQEY,7273.807339449541
WFNLSQHKAG,3524.1284403669724
QQDSDAPKG,652.0688073394496
VLVYEHG,9301.105504587156
FEQLFPHFEKV,6527.766055045871
PYYHELRKDVL,6419.48623853211
EKVNDPWNSRK,1437.4908256880733
FHKFWNDLQFWV,24686.811926605504
YANFQFYHDALS,13952.032110091743
ANKGGRYHDVL,3005.5045871559632
EELPQNSG,1050.5642201834862
HVYGALWKHV,8636.752293577982
WRHYQYVS,11029.233944954129
HVSKQRDGHS,1500.1422018348624
ASLRPLEKASG,1421.7247706422017
SAQDLNLG,1806.3899082568807
WFFLNKVALSG,11867.114678899083
HKADWSG,2165.0183486238534
GSPWDNG,3379.8073394495414
KDRQGQEVLG,1030.2247706422017
LLSEKLHG,2230.7752293577983
LHPDNDAS,1461.454128440367
HGGVPHSG,1792.559633027523
RDEREVLEV,1820.5550458715597
WLHPLGREWKHS,6820.536697247707
SLGRLNLSG,4049.4816513761466
LGESGVFNKH,3598.032110091743
ELRVGYLGEWDL,16017.674311926605
YVHGFKQYSG,5371.4495412844035
VHPHSFG,4605.90366972477
RAEWSQNFKL,6799.857798165138
DFDVELSENDG,3036.8853211009173
HVDWSFNKS,3574.3394495412845
EKWQVARWS,5707.807339449541
VSPHLGSFYK,5900.394495412844
FVQSQNFEHDA,2727.0733944954127
DKKAYKVA,720.6100917431193
KSYWEASEYLS,6183.3899082568805
QWSSVLQFWAS,26485.357798165136
PLWPPNKLSG,4860.862385321101
NFRVFKGHAG,4985.087155963302
NDYHPVRYWNHG,8689.12385321101
YAPSVSNALG,2006.9908256880733
HFQWDELG,5749.5504587155965
NHGVSRKEPHDS,1314.1605504587155
YVRAYDAYKDG,4734.848623853211
HSQGYEPYWHD,10254.30733944954
QWKKGRWQEDA,2159.288990825688
HVLEHPWDRHD,9197.940366972478
HRPKRFRPVLG,3226.729357798165
VLDQQYKHV,2504.880733944954
VYKVAQALWH,8704.01376146789
QVKPEWVG,2129.298165137615
SFKAEGNHA,1511.4724770642201
LPHQKPHAL,2297.9633027522937
HFHRSGYKDL,4490.09633027523
FREDWWHVEWVA,16238.701834862386
KWDKPVSG,1581.302752293578
KKFVLWLG,14244.477064220184
RSSEARVG,1441.0275229357799
QPQNYVEYDAL,6986.701834862385
GWFYANALSG,13087.564220183487
LSFKHEVPALG,3390.3577981651374
FDPFSQRYKHDV,4462.339449541284
DKGQAQKG,722.3211009174312
KFGPNNSG,1698.5366972477063
GENLWAYWKDA,7807.8899082568805
SYLYPHALSG,7332.206422018348
WSNLNVADVL,10186.477064220184
VVLNDWHAS,6170.504587155963
ESNWEWSG,3982.756880733945
YRAQVRDG,3111.7155963302753
QKVVDVQNS,1015.1651376146789
ELEVPLSFYNH,13633.022935779816
AYENDRLG,2318.362385321101
KYAHGWSG,3992.3669724770643
PQHPFKDLS,2704.394495412844
WQVVNHLSG,8154.45871559633
YFNRSEWG,7129.922018348624
FSDDHVALS,3353.9908256880735
WFVVRHASG,14002.59633027523
KLLDLNLSG,2700.293577981651
ASHKGNVLS,1484.9770642201836
YHDWHVQFSGKH,8344.155963302752
QALKPYFPVS,8534.977064220184
KQSVKHLG,988.1467889908257
QGQGHVPWNDA,2649.0412844036696
KHDHKVFRND,1491.0871559633028
QQYHRYAEDSG,2559.4266055045873
QDHNYVSG,2022.6743119266055
LNYEVLG,5592.045871559633
WVEAEKRPVL,5563.807339449541
EAPKFWKDQFYW,10023.660550458715
NWHGWDLQRPA,7874.788990825688
YVAAVAWNKLSG,5391.022935779816
SYNDLNHKDV,1886.151376146789
AHGWWNKHDAG,3159.256880733945
NHAGPLVSNHS,1850.2981651376147
YYLFKNDG,4111.9495412844035
EVWDKAYKHS,2388.440366972477
PFWFVLRYWNG,35085.23853211009
PLDRDQDAG,1814.7568807339449
KELDGDAG,1219.848623853211
WESRPGWNG,8651.802752293577
VWVWFNVLSG,28706.743119266055
GQELRVRNVSG,3616.091743119266
EAHGSGFYLSG,7411.545871559633
FFYPNVEYVS,9886.174311926605
EQVRYAFPDG,4940.431192660551
AQLYRNLG,5718.756880733945
RANGEVGFNHVG,2875.940366972477
HGKKLQYWNV,4441.178899082569
VFDVRPAVAG,3083.697247706422
AEKHQHVGKHSG,1255.0825688073394
AHVREQKDVS,826.4082568807339
DPAWQWSG,4466.816513761468
DRDNSRSG,1207.380733944954
EQEWNHNQPYKL,4377.160550458716
DDSLDSG,1159.3899082568807
DVLAFPVQKVS,5517.807339449541
HQHSLYKS,2690.683486238532
RQVSWGFKVASG,5965.784403669725
DRKRGQHG,1422.7981651376147
LDRGQFEWLSG,8262.394495412844
YDARSPHGQAS,1845.7339449541284
QSHPLSYDVALG,5976.527522935779
KKDSSFDLG,1055.1467889908256
AELSQPFYVS,15275.20642201835
ERWWFPWNKVG,11736.220183486239
SPNAKQVAG,990.7752293577981
ADGKLALG,1652.8394495412845
VNQHHVSG,2036.2201834862385
QGHVGFVWSG,15345.11009174312
QDLSDLQYLGRS,4422.619266055046
PSNAAQKSG,977.8990825688073
RKHSEVGERVL,1618.665137614679
HAASFRNQPDVG,2210.8853211009173
KELQSWLG,4020.4449541284403
VGGKFPSG,1961.7614678899083
SGDENVQVG,1205.8532110091744
FLEGRYAFWKDV,8265.614678899083
VSHRHLEPWA,7335.788990825688
EVHKHKALSG,1123.7752293577983
KYLDFPSG,2697.0412844036696
LQFQASRNHL,5862.894495412844
LHVAVEKLS,3026.5229357798166
QNRELRHVPDA,2388.6880733944954
ASVYHVAHDLS,4500.706422018348
QLFNDVWVEPYG,15203.532110091743
PLRFGYWHDVG,15640.490825688074
GRKGNDFRHD,2107.9449541284403
KQQNRHG,1284.6697247706422
QNWYSQWKDAG,4764.6697247706425
PHKGVSRYWDA,4907.6697247706425
VFLRERPASG,3095.064220183486
RYEGNKSWDVA,3428.435779816514
KSDHHAG,1028.3715596330276
EYFNPREWKH,4794.376146788991
EGHDRKVQWN,2093.761467889908
HANFENVGEHDA,1830.5688073394494
LFFGEDSG,3361.1559633027523
DWVVENLG,6158.0504587155965
WGKRYVFRHS,9317.922018348623
AALKPALSG,1621.8623853211009
KFRPFKQYLS,4164.339449541284
EQESPDGSG,864.4954128440367
EKEFNHQPHAL,2269.3073394495414
PPVLRSFAG,5250.325688073394
ELEHSWLRHL,11078.834862385322
GQHHGENSG,1309.7706422018348
HNKWLPKVLSG,3964.2477064220184
VQVNGKALSG,1414.1422018348624
KPLRRDLG,1932.4770642201836
DRPNSHQPDG,1447.7614678899083
GFKAWFRYKLS,10664.311926605504
SVAFVEYG,28685.495412844037
RNVRQKDVQAS,1160.5183486238532
PLEDVQKVAWLS,7615.839449541284
KAEFVASHLG,3578.6743119266057
HEVFEPNFHVS,7333.95871559633
ELAGGWNG,2400.298165137615
EGNRRYHLS,3218.288990825688
SQLFPEYHDVA,4868.077981651376
NALGSNASYLSG,3437.032110091743
PEASNDKHDLG,1068.426605504587
QYHNLGQGNVA,2444.545871559633
LYDRAWHLSG,6649.591743119266
RWGYKHENKSEN,1368.6605504587155
WQPLPAKHLG,3761.954128440367
ANKAFSYASG,3506.4174311926604
EARQNSFPDS,1287.633027522936
WFGYLYNG,5964.394495412844
EHKFRLQFRPKA,2961.683486238532
DGVYRYSG,6972.564220183486
SESLEKSG,773.0412844036697
WGAQASKG,2235.8073394495414
QNGQAFYVFRDV,42835.463302752294
SEAQSWSG,2497.7798165137615
LQVSKLKDV,2081.2201834862385
ASDQPYGWKAL,4230.114678899083
YGYRNAKDALG,2978.5550458715597
FQGHSFASG,4041.802752293578
PVKVDLFWNDS,8967.963302752294
LEVLEGEPVL,3619.0091743119265
PRLPRWAG,5500.3302752293575
LGFDDLSGVAS,3620.7155963302753
QKKGVPYKD,880.6743119266055
WASNKHHVSYND,4098.321100917431
LDYDVYALS,8092.334862385321
WFNHEVRYDLS,13252.01376146789
DHVKADALS,1159.532110091743
ARFGYVG,6268.518348623853
HRLNEDLS,1733.6788990825687
FPDHFPQNSG,3257.697247706422
LWGWVNAG,8437.201834862386
RHSLYWQYDALG,10355.967889908257
PQSYEKDLS,1268.2339449541284
FSVSKEDASG,966.059633027523
QNYAPKENAL,1246.5871559633028
EWPVNDARS,2534.52752293578
NQPPLYWNKDS,2320.151376146789
YASLKALEVS,2497.3440366972477
YFYPQPKHDLG,3735.646788990826
PPRKLQVLSG,1801.573394495413
KRWQQFNKHV,2941.4816513761466
YQYYGNKDVLG,3869.6009174311926
LPDSFEVHDAS,1921.0412844036698
FQHLLSPHDAG,3809.266055045872
QGLSPARKDLS,1483.1238532110092
HGNGDLKHAL,1811.6605504587155
DYWWKQRYWKL,9595.880733944954
NFKEYDWVG,5233.582568807339
FGGSNALS,2706.4266055045873
HYPNPYSG,6224.284403669725
HVALWSNVKHDA,5267.440366972477
EDFVLQDQFYD,10552.188073394496
EKQSALSGALS,926.6559633027523
LGRSQDPWKHL,4266.0091743119265
WEHNAKVG,2479.821100917431
FHKKKVSG,818.1651376146789
EVKFVPHDVLG,3224.183486238532
FFKSVGFPNS,4388.151376146789
VAGKWNKLGKAS,1224.133027522936
KWPASWLSG,6404.931192660551
HKWARVS,2913.7752293577983
VSWKRGRSG,2150.3256880733943
GFKDNKRYWKLG,2927.683486238532
PEWNEGRNHVS,3063.802752293578
HEFWAWDVSG,10408.12385321101
FFNPWNRSG,7244.816513761468
QSASVGRPNSG,1337.119266055046
YWWRQPKHDG,5255.747706422018
PQHWSPVG,3997.7247706422017
HEDSLRNG,1859.3715596330276
QAFGEHLPHDL,3838.908256880734
NYGLWNSG,4676.701834862385
FKYPYDASWKHD,4689.894495412844
KEEWHQSG,1309.151376146789
VYRDKSG,1499.0045871559632
SGHEWAEALG,2668.288990825688
GWNSWYAG,11854.52752293578
SEEGNHAG,1269.8577981651376
AYNQNSPYWKHL,6340.518348623853
VQYDRHYKALS,3834.0733944954127
YEQYAWDALG,8071.660550458716
YNRDQPVQEW,4577.55504587156
FYFGNKAWKDV,3010.880733944954
FSYNVYKGRKD,2977.532110091743
WWVDPDLSG,9135.926605504586
DEGQLVLG,3792.738532110092
DQWPRHVLG,6334.417431192661
EPYPLYHFWKDA,9605.701834862386
KPDWNQHALG,1994.0963302752293
SFKRAFKHVA,3062.4449541284403
NSWRHQEYLS,6829.48623853211
ENEGYYKDLG,2361.97247706422
SRFSHSG,3099.064220183486
HKDHWVASG,1948.8211009174313
YLYNRENGEH,2309.9495412844035
NRELDGQFEL,5072.665137614679
PPVNSPLG,1569.3119266055046
WGRAEPAYVLG,10497.600917431193
QPVRREWRWN,8547.894495412844
NHQKKVSHASG,1036.6559633027523
ERNNYWHDV,4299.472477064221
AKWVHASG,2676.6100917431195
VLSHQNDPYWNV,6980.899082568807
SSQENGRWNH,2699.9266055045873
FYKHNHSLPYWD,11891.330275229358
VNKFPQRLG,3251.5825688073396
NFNKFFYNVS,8357.151376146789
KLDYNKHWHA,3301.967889908257
QGNLHWNHVG,4381.568807339449
QNAFNVSHVFRK,7359.931192660551
LQWKDSHHVAS,2213.3256880733943
DPLWHQFEKDAS,2018.0642201834862
YNEGEKQASG,919.4357798165138
SRNLRWKYV,7053.995412844037
DPNWHFNG,4707.573394495413
ESPRVSQRHL,1881.1100917431193
YESHDESG,1652.3302752293578
ENQRNFHFVAL,16271.495412844037
VPDSVELSG,1255.119266055046
EFGDLEAS,1393.9954128440368
QGWPNSQREKL,2147.256880733945
VRHAAQHG,1894.788990825688
EEWDGLWHG,9805.701834862386
DYWRANLSG,5317.963302752293
PVHLEAKLS,1880.4724770642201
DPKDNQPHDSG,981.6146788990826
KQNDPRWNKV,1543.1146788990825
WSNASRHRWNV,9429.614678899083
NSWFKVLPHG,8347.545871559632
EHKAHAPKSG,839.6009174311927
NWAHFKDG,4486.233944954129
YQYARKVGPVAS,3369.8899082568805
QKQQFLNHDA,1899.5
VSEGNGQNHVA,1683.9724770642201
FFYHARYKGAG,3506.619266055046
KPYWPVRHDVSG,4125.224770642202
KWGHWNSG,4540.307339449541
WKGPHAHRWKHL,5016.412844036698
DQLFVSKVAS,6977.646788990825
NDPSENFDSG,1500.2293577981652
KNSFYLVSG,13997.678899082568
HNASNYDG,2372.9816513761466
SVWDAVASG,3611.770642201835
RWFAVSEWVL,32293.58256880734
VRASDKDAS,1069.1422018348624
NKALAGYDPWD,7261.256880733945
NAAWRKHAL,4427.183486238532
SWDGHQHVAG,3173.422018348624
APNQPFDVG,2216.8577981651374
EEYSFFLSG,27868.94495412844
QASRGPDPNV,1453.0688073394494
GGPDFRPNH,2853.802752293578
AFVLNRNHVA,6701.885321100917
RGLVLRVG,18834.509174311926
QDPPKLFWDL,7413.394495412844
VKHSDFEYNDG,2265.151376146789
EVKSSFDASG,969.6100917431193
GHHALWG,6399.224770642202
PWDEGEHARAL,4483.720183486239
ARVLHGEYNDA,3589.7247706422017
GHEYFVAL,21188.311926605504
KAEWFPDPVG,4112.022935779816
LWLSYRVASG,13688.37614678899
WVKKVRWNDG,4579.633027522936
GPHNNVSG,1298.8165137614678
NHPKSYGQEPY,2288.3256880733943
HQAPVFNHDA,2797.1284403669724
DRLFPFKDLS,6338.206422018348
FKYPWAYNHAG,6693.348623853211
WARFGQYWNKDV,8497.435779816513
QSWANVRYDAG,7034.793577981652
GFSREDREWNKA,2023.211009174312
RDRQFADVSG,2491.729357798165
LSSAGPG,1391.5688073394494
RLDGGQDG,1891.8761467889908
WYHNSHAG,5170.568807339449
HGKPLFPYV,10649.738532110092
FRENGWALWPYH,24639.55504587156
HVEYQRVLQEH,4653.412844036698
VQYRDPKVLSG,2991.2522935779816
NKDDFPNKEHSG,993.7018348623853
WFDRSEVS,5229.724770642202
QWSKNGYWDVA,7009.215596330275
KLFGVAPKDVL,3566.5550458715597
HVEEDSFYVA,7059.95871559633
SEVFSEYAG,5418.247706422018
RPPDKVSWKA,1469.9770642201836
EYAFQFKDRH,5871.605504587156
HHLAQPDLS,2758.091743119266
DQAWNFPYNKHD,4053.47247706422
FDWSAGQFKDAL,5851.834862385321
RWNSKQFPVGY,8793.169724770642
QRAENLLHVLS,6640.394495412844
FWDEALRQDSG,4784.802752293578
HFVNKFVSG,6360.151376146789
PNSKEHSHVLS,1435.0825688073394
QSHRYLFNSG,6485.293577981652
ASESSGFENHDV,1831.2201834862385
KGKVSWRASG,1706.3990825688074
WSWPVPKHDG,5597.917431192661
KHSQWGFQFYN,16418.697247706423
LLPYLDG,9907.490825688074
AGFSARHLG,5117.371559633028
HELQFYNQHA,6423.55504587156
HKQNEAG,901.8899082568807
ENQYGEKFYHA,3564.564220183486
AHDLYYDVAL,13204.834862385322
AYWYAGVALS,15866.091743119267
PFSNKPDG,2162.876146788991
SQVNVSWKDL,3525.454128440367
RQQENQASG,921.1192660550458
NANKDEQYKH,939.6100917431193
NFAERKDG,1499.9954128440368
ARLSFVQNASG,4833.6697247706425
WSFLNGFWV,25653.669724770643
REYQKDDQKHVA,1315.3211009174313
FKQWGYAYHDLS,11397.802752293577
WPDKLDVLG,3637.793577981651
LAFPYRVLSG,13366.229357798165
HQFHRAGYVAS,7065.160550458716
EHHSSPSG,1369.1284403669724
WQPQYNFYLSG,28566.853211009173
HAWRFKDVAL,8164.935779816514
FAFQSRWHDA,8433.697247706423
NRDPDENVLG,1415.6697247706422
VKFEYWWG,15013.275229357798
KHWLDVYWNVL,18163.256880733945
NQNQPFKDVL,2458.0045871559632
HKSFGKSG,1200.2431192660551
KFHSWKENKVLG,2103.1284403669724
PWAYGEPDEK,1961.2752293577983
DNEFWSG,3593.7247706422017
NWSYQHG,5718.678899082569
KDEGGQHG,1271.9954128440368
HFEHYLRYHLS,11005.43119266055
DVVFEKGYS,5015.660550458716
WEQGFKLSG,7709.44495412844
QARDDVGDAS,1046.1284403669724
PYYEHRPYH,12143.766055045871
FEWGVSFAQEK,5831.95871559633
HWVEYGPWDAL,19681.504587155963
LKVFSGNVAS,4045.770642201835
QHPFRHNVAG,2618.8990825688074
LEQRQELG,1889.967889908257
KDFEQFRKRPWV,6649.1100917431195
QEFLLEVALSG,45568.220183486235
QAEYDEKRYDG,1951.2660550458716
ENPAHGPNG,1229.5504587155963
PREPKHQFPWYN,9172.591743119267
AHRDKVAS,1081.532110091743
EFALYGQEPHG,4295.311926605505
QPAGPHSEAFN,1855.5091743119267
WSWWQEKHALS,9243.802752293577
PEASEAYNK,1168.7568807339449
SYHQPSFSG,4666.3899082568805
YFFGEVLG,7577.119266055046
LFNEPAEKVLG,2135.0963302752293
ENQLWHLRWND,10331.12385321101
FVHYWVWNHDV,15733.004587155963
KERSPVAS,933.743119266055
LEESYDVALG,3500.087155963303
QKFWGFHDYDV,11467.344036697248
FKKQAEYWG,3268.6605504587155
KDPYYKFRVG,4457.834862385321
QFFVLPKNHL,8774.266055045871
EWLGHWKEYSG,5935.362385321101
PSNRGFHDV,3153.9908256880735
VHDHGDVLS,1970.7522935779816
PFRNYDARYKL,8349.995412844037
KYNYWRPSG,4674.559633027523
LFNASGVQEWDG,4532.848623853211
LWWQVSG,8787.11009174312
FNESSGQRYW,10391.633027522936
FPYKPDLYLNKD,5597.711009174312
GQARASAG,1212.2981651376147
FSNSAEYHDVG,2765.5504587155965
VKVRYKDKDA,948.0183486238532
VGQGHLSDSG,1476.1788990825687
VWGWNRDG,7273.784403669725
SPNKHHGQNKVA,1066.9816513761468
SGNPLQAG,1620.5229357798164
RKHLRVHDVFY,13400.19266055046
VFNVGVFRNKD,6357.224770642202
LRDNVHSG,2143.5366972477063
VPYALWQYNKAS,6205.880733944954
QHVADQFEFHV,6125.51376146789
HYHHNDLSG,2801.6605504587155
VLKGVSEPDL,1528.7614678899083
ENQWDRWHENL,5956.293577981652
EYDHPYNSRHD,4379.504587155963
KNKAHLRHDS,1417.380733944954
HLKGFNYDG,4449.706422018348
QYNKHSEGPNWS,3711.669724770642
VAEWKRASQYVA,4448.591743119266
QEHEREHVYSG,2025.2477064220184
RPSGYNQWDGWV,17796.619266055044
NKARYKSQDWVG,2667.7844036697247
NWGDKVG,2386.5137614678897
DNFSFSG,4182.266055045871
DSHANVQYKL,2502.6605504587155
SHFQDVLSG,3419.7522935779816
WFNKLEGFHG,7018.6697247706425
PRVPRASG,1482.7064220183486
FKGNNDSPYDV,2272.0825688073396
NPSNVQFEDVS,1784.119266055046
WHVLRAWREYW,22873.61467889908
LEVRFDLG,10802.688073394496
FANKAPQWHLSG,4547.532110091744
DSWWYHLG,14276.614678899083
RGPEPAFHSG,2165.422018348624
HGPSYVAPHSG,2554.6605504587155
FESDFVYWHDV,10601.912844036697
ENYLFEPYLFYK,23522.440366972478
FGSKVNASG,1738.665137614679
HPLNPALSG,2338.7522935779816
KWVLSADLG,5111.967889908256
VELVRKG,2707.4174311926604
PQGELPVLSG,1405.5504587155963
RKNYFREWKALG,2763.6605504587155
YVSKGYHSEHL,3102.3394495412845
GKAYKQWNKH,1430.0504587155963
LLFKKLSG,4213.362385321101
YSSKKDG,1040.5412844036698
QGDASYPNLSG,1713.8394495412845
KDPEEVLSG,760.5504587155963
AFEGQAEAL,2008.0183486238532
HNRSKVG,1198.01376146789
GALNDDSG,1189.5412844036698
HADSGEGFPHV,2246.701834862385
QQRQKGFRKH,1146.3073394495414
VRVHSEVG,1891.9036697247707
LHAEDQHSG,1230.5550458715597
HWLDREVG,3661.0137614678897
NFRGPLFNAL,14195.38990825688
RLVSHPKDALS,2423.2844036697247
NHKRPSFVAG,2606.316513761468
LVGVHLG,5280.779816513761
NKNQLSFYWHS,9068.30733944954
YVWGWARYKDA,6832.426605504587
LFPDNAQEWK,2487.0550458715597
EWRVGHSRKHS,2682.587155963303
QFQYVGAWKDS,5009.426605504587
VFQDFWVLG,17197.903669724772
AVLPDFRG,3841.1009174311926
SYRFNKHDVSG,2559.756880733945
SNLRSFVSG,5184.793577981652
QNDPHSQVYKVG,2227.6009174311926
ESKSEKDFVAL,805.059633027523
WRAHGKVLS,4223.307339449541
GSPWVYSG,9296.045871559632
YRNDDWSG,3860.5688073394494
RDHRWHVADVSG,3380.619266055046
QWADKRYWA,8164.160550458716
SRPYGHGRNHV,3244.1559633027523
RNDNRPVPAL,2321.793577981651
KWPYYKG,4708.353211009175
LFNKYFREWLS,7427.266055045871
LWSQLDVA,5261.353211009175
AQDRSYVG,1831.5871559633028
RASDFNHQEPDG,1645.802752293578
DGSWAKLG,2860.1605504587155
DPNVHDPYNHG,2481.5045871559632
PEPDHAYWHA,4347.880733944954
LLQYVQVSG,9850.770642201835
WDNEAGFRKLS,5640.665137614679
PNHPEPKDGYKH,1349.4220183486239
SWAAEVG,2429.7798165137615
SEHGLENS,1522.9633027522937
WFESWGYWNHV,15073.784403669724
FYVARNAWDGRA,8652.114678899083
ALDLFDKDLS,2930.5412844036696
RFVEHQLS,3894.353211009174
WFPWVWRNLG,23518.98623853211
WGGGASG,2768.729357798165
RNPLPVYDG,3893.816513761468
PHANSQPHSRHV,2591.1651376146788
DFYDNVSRDLG,4820.334862385321
LEKDNDVAHLG,1616.3715596330276
WKWEVWNKHDLS,5119.412844036698
VLYLLQREPWH,25943.66513761468
QNERREWKHDA,1914.8256880733945
EDGGKHSPNAG,983.3073394495412
VQREPQPLQPW,6507.463302752293
KWFAYNDASG,4133.743119266055
SFPKLNGFEYN,5035.472477064221
SDPLDSG,1203.3394495412845
AWYHHSG,5321.064220183486
LAEADLSG,1217.834862385321
QFPGPWSAQPNH,5509.678899082569
LGLSEGNDSG,1337.1834862385322
HNFNNDLG,3184.1743119266057
DGSDAWLSG,2710.064220183486
SYFSRSG,3811.637614678899
HEFELALG,8009.045871559633
VRSWVWHALG,12402.105504587156
AWEAKDVAL,2247.1926605504586
KSNAHLPWKV,2790.032110091743
FGESWVPKDV,3653.7247706422017
YENNHFYSG,7293.376146788991
WYYARDVAG,5306.371559633028
RSDVHVQNHDG,1987.8990825688074
YEYNKLKDWDV,3557.5366972477063
ELLRKPAG,1608.651376146789
RPLSDYWFYKDV,13149.454128440368
ANYDQKG,1268.9128440366972
FNVVKDSRPHDA,2237.651376146789
SYKWFHAG,5648.743119266055
AYRESRSG,1936.7339449541284
NHKYKAFYWKDV,4279.697247706422
WSFYYNHWVAG,12762.04128440367
RPPEVLGVAS,2042.7247706422017
PAWEDAKHDALS,2191.321100917431
HHSDGNLG,1815.0642201834862
VWPYLPG,12494.146788990825
DFNSHPYDVS,4117.417431192661
AWHWVVLG,22208.84862385321
VDAWHHLG,5294.912844036698
FYHGPDLLGYW,16298.449541284404
WVQGVALQDA,3814.3577981651374
HKSAGKG,736.8119266055046
KEAGGQYS,1690.7752293577983
YHWKASRVGVA,3821.2522935779816
YVHYEHLS,6532.977064220184
DWDGKQEPNL,1942.394495412844
YHLAPYKGFYK,6569.188073394495
KQGVAHDALS,1176.0825688073394
SQHYWDVWVAG,12924.344036697248
FKDGEVDSGPA,1376.380733944954
RFASSGHDSG,2213.697247706422
VPFKKSG,1203.5183486238532
LFHNHYAL,8860.238532110092
WFHAVREWKA,7552.146788990825
SPYNDAYHVQKD,2294.256880733945
LFQPAQWSG,7608.628440366972
PHDDKVAWG,2499.2201834862385
QDHQRVLGL,4477.678899082569
HQYGRDLYWDSG,9412.394495412844
EHRFYWDGNDSG,5197.316513761468
WHFQQYKHDG,4786.366972477064
EGDWAQKLG,1566.394495412844
LQDWVAGDVA,2986.591743119266
WYLWPKLSG,8868.926605504586
LKAFLKALSG,3478.243119266055
NFKNGHDVL,2741.935779816514
QEFYFRASFWS,45989.022935779816
ERHQHRNSG,1852.665137614679
YKPNYNQWKDVA,2617.802752293578
LESWYNLG,8708.532110091743
WRELHAKHAL,6622.238532110092
FNVVHGFREN,5151.133027522936
NEYDHAQPWHS,6889.591743119266
SSWNKRASG,1917.5045871559632
SVWDEDVLS,3885.701834862385
RKAHRKLSQWN,1841.5275229357799
SKPHGRG,1466.894495412844
VDLAELG,1604.9587155963302
KGEPNSNDGYW,3849.1880733944954
RNKPNAQEYSHG,1485.4036697247707
KKAGLEALG,933.197247706422
SHAAYWDVLG,8089.9495412844035
SQAGQPLPHVS,2144.8899082568805
SYFQPDVLG,5849.844036697248
DQPPFYKHS,2216.9954128440368
HHVPGHLG,2862.7477064220184
PFPYENDSNHAS,2781.605504587156
RLHRLNHDVAS,3342.3669724770643
PWARAEPSKDL,2329.0412844036696
HQVLYFWKLSG,25804.908256880735
QQYQGFEPKL,3309.967889908257
SQEANLNVLSG,2120.2752293577983
DGDQPAPWLS,3888.545871559633
HFHGHDQRL,4254.798165137615
WNASRSENVLRA,5156.51376146789
NFGSGRLG,4378.215596330275
PYKQLPAQYNH,3698.5963302752293
YKELYVFYNKS,16808.889908256882
KRPVGWKDKHVL,1916.8532110091744
ELGLHGREYWLS,12266.183486238531
QLQFQNLSKDL,3869.678899082569
AADQRDVSG,972.5871559633027
HHLANSG,1928.6880733944954
FYSFDEKEKAG,1359.394495412844
PGVFALNLSG,15224.19266055046
SGYHAKFEYWHV,12084.495412844037
WHWRYDREYNHG,10170.48623853211
YAQEYGPAQKS,2380.4311926605506
SGKHWSRWG,6679.123853211009
YLWSYSWHLS,11068.688073394496
WVAWFEPSYWNK,22631.729357798165
SEHGRSEWDA,3052.330275229358
NLKHQPGYSG,2828.1605504587155
EWERWNVLDVS,12876.100917431193
PYAHENVANDV,2324.229357798165
WSWVHQEYKHV,9500.857798165138
FLESNKDYDVL,3954.7201834862385
SFDGGYKHAS,3065.123853211009
QNSQWNSESRWH,5650.119266055046
KNKYQYNAG,1590.1926605504586
HAVPLFDG,7222.4908256880735
NQWSPDVRKDA,2066.8394495412845
LPNAPKHRDSG,1171.3899082568807
ELPRDFWHDLG,5296.908256880734
HFHWDQVLS,10315.279816513761
WPVWYKLG,19918.389908256882
QWVVQPWEPHS,11009.655963302752
KAYRQREYNL,4057.288990825688
PRDPPNAG,1645.633027522936
YFVEVPNHAS,4928.018348623853
QQYERWDG,4513.729357798165
NLGHVQSPVS,2321.880733944954
KAFDNLFPWDS,8851.412844036697
DYNGHRYWAG,7629.834862385321
GPGHLRDAL,2613.97247706422
WLDPRPHLG,8980.573394495414
NWKDVLYGEL,6935.385321100917
EHLNRWDGPYS,11633.238532110092
YKEYAYQDVALS,5402.408256880734
SRKKWNDALS,1511.8532110091744
YQHGQQPWSG,4916.298165137615
VESAKASG,1078.8211009174313
KDYLNVAEVALS,2945.1605504587155
KSYLSHVQYND,4152.224770642202
ELKYREWKHVL,3874.821100917431
WNGPYAWDLRNA,11680.766055045871
LWNFSRHVSG,7636.899082568807
ENPVQKLREPKD,807.0917431192661
DYEQWHVALG,5373.3302752293575
ENLSRDWAGYVS,6530.582568807339
WNQEYPLSWKD,11039.711009174312
AHYRASG,2614.545871559633
SHADLHVG,2197.9633027522937
YPSLRKG,2164.6743119266057
HRRPPVAL,3821.4587155963304
SDSRRSG,1495.7293577981652
RNAPEPHHDVG,1516.197247706422
EKQWRWDLEH,4403.275229357798
RYSVPKVYNHV,5824.467889908256
KLLSDYKDAL,2036.2614678899083
VKQKGKLSG,679.7660550458716
EDAHQFHVYNDA,3825.0963302752293
YVYVWNKGVA,8994.619266055046
WKRAKHVQNLG,2177.256880733945
RGESFPVFDA,7073.545871559633
ENEGRLVLSG,3843.2844036697247
NEPFNLPKH,2703.7477064220184
FRSYQNHVYNHA,6266.142201834862
FYKNVLGSHDA,2957.091743119266
GWEHHLG,4670.761467889908
KAEVNKRPHAL,1691.2247706422017
ASANVNVG,1197.1605504587155
AFRWEAGREWA,7590.692660550459
WGQEGFRSEALG,5894.4495412844035
AANHQPYKG,1907.940366972477
VYVEDKHVALSG,2741.348623853211
PRVYRYKHDASG,4180.568807339449
WPDDYKHALG,4427.844036697248
RSNAPYRPHSG,3521.077981651376
QKYEHVPDS,1062.3623853211009
KWEYLNSG,3647.02752293578
LGGFNFEWH,15994.701834862386
NQNLLSYWNKS,5123.619266055046
NDWNHSLWKDG,4633.55504587156
SHQVDLSG,1627.8256880733945
FWDFGQPVPWVS,19193.977064220184
GKQVRYG,2459.646788990826
DGHLGHRLG,3892.3348623853212
NVLVPSGQKHVG,2553.1100917431195
EVFPDYWSPYS,12719.064220183487
HLRYYNHVVASG,8841.454128440368
PVGQPPHGPDVA,1478.7064220183486
ASVVLDSG,3361.380733944954
FSAKKHLSG,1724.288990825688
SVGVFRYNHG,7627.114678899083
VVRSQHDASG,1705.3715596330276
PFEYKYVPKV,6454.325688073394
WVGYKQNEYW,11315.050458715596
HPSHNKHL,1694.0045871559632
GFNQSQYLSG,4350.940366972477
DHYHPKASG,1476.9816513761468
DGWNKPAEPNVL,2060.5366972477063
FLLDHAG,5106.876146788991
EWQEDNAENG,1583.2155963302753
ANKRGWNDALS,2090.440366972477
ASEQQNVLG,1441.7247706422017
YQQFGKVS,3239.412844036697
HKPAFSG,1991.8440366972477
QYDLASKHDWVA,3967.3394495412845
ANDAHLGPKG,1282.059633027523
VFKGQFLQDG,4327.646788990825
QLNYHAGFVAL,19880.610091743118
YNWEEWKVAG,4131.261467889908
ARPYASQKSGQA,1224.2018348623853
APWEEWSG,3220.5366972477063
DLEALRNDLYK,3820.178899082569
LNWNFPSG,7257.417431192661
QDWFVQRPWLS,22743.41743119266
QAALNKHFKVAL,5017.036697247707
ALHVAGWFYVS,33389.733944954125
NDVSRGHVQRYK,3524.766055045872
RFDKQDALG,1716.2981651376147
PVHNGWKSG,2234.738532110092
QNWRHDAEWKDG,3381.6926605504586
LYHGSRKAL,3351.7201834862385
PHWHHLYWKAG,8952.04128440367
YYFYHYLSG,2357.6422018348626
QVAYFEHGKHL,5090.178899082569
FDWEGRWLG,12521.619266055046
FPADYKGFYS,9493.032110091743
QRFFPKWDVAS,5972.298165137615
QDLKWKHAPN,1676.059633027523
PYKPQRWEKLS,2640.770642201835
AHLPGHVSG,2246.197247706422
GRKHKHLRHV,1704.8715596330276
SQAWNQFNS,3800.821100917431
EWQNRWALKDV,5054.105504587156
EENWYHASG,3911.7844036697247
AFYKPWLGEYAG,8370.146788990825
QEKGWVPQYWL,13886.059633027522
QRNDRYVKSGKL,2267.330275229358
DWANFYAG,8179.201834862385
RDHHQREWDA,3202.3577981651374
VQVYFVLS,46030.678899082566
YYWNKAVNKHV,3383.6880733944954
VLSRESPFHDVG,5159.128440366972
YKYSKVPKSG,1275.8853211009175
DKEDFWHASG,1631.454128440367
QKRKPKYNKHDS,641.0871559633027
KKGNDDAS,628.651376146789
RWSEALQNVLPN,5691.729357798165
QRSPSEWKSFEL,2493.876146788991
SDVWRHAG,3701.2844036697247
PRRYQYSG,4231.788990825688
RKGWYWSFKVG,9243.201834862386
FGFNKRGEHG,2425.1330275229357
VWQDAFEG,4206.114678899083
SKGLALG,1646.4495412844037
SNGEKGRSG,1090.9449541284403
KLYRPWSWDL,16891.56880733945
EHWAPVSKHD,2699.47247706422
FEQQSEPDV,1153.1743119266055
PLELHVLSVLG,19879.857798165136
YLHADAWNDVAS,4085.1880733944954
NQNRPSFNSG,2635.761467889908
QPFNQRWDWHA,12845.412844036697
PVHVYNHFNVS,7958.068807339449
PDRAYAQPVSG,2072.5229357798166
GWNDYFWKHG,8975.628440366972
SRRPHYG,4851.270642201835
FFNEPLRLSG,6803.298165137615
KVGESGEPSGYW,4304.756880733945
YFAKFVAG,6416.201834862385
HSRRHVLRYA,8092.665137614679
YSEEFHLSG,4137.09633027523
HKPKLWVLS,6762.064220183486
NYSEYEKLSG,2328.229357798165
SPYSKSRHDA,1477.2522935779816
FNLYKHNVGFE,5324.5504587155965
KRKLLKHG,857.4816513761468
GWSLRDALG,6730.197247706422
FEAWEHSQWL,9584.311926605504
ASSQLGEPYAS,1649.440366972477
HAWYDEPYWNKS,8620.036697247706
QNWEPYLYKDAG,7751.477064220184
RLHKPHSG,2013.0963302752293
PFPHSEDFHAS,2803.6651376146788
KGAKKHVAL,804.6926605504588
GQEYVQFRGEPD,4391.733944954129
NWDQPYLPWA,21890.02752293578
WYQAPWASG,9619.504587155963
PANFRDPHSG,2435.077981651376
RPHHYWNSFDA,9647.91743119266
RWHLWDLPEPYV,20065.077981651375
HLDPDSWNKG,2069.9862385321103
SKDNFPASG,1140.133027522936
ASEDAGWLSPYA,7509.137614678899
PAHFGPNS,2722.394495412844
WHYKGSYLSG,5525.160550458716
RSFPAWAGREKD,2418.3853211009173
FRWVHVFVQDAS,30439.23394495413
RKAKGYFPNAS,1602.7935779816514
ESVLRHVYNH,4376.834862385321
YAEEQFYLG,11722.330275229358
GLPNNASG,1593.9724770642201
PAYLEVSWL,37182.64220183486
WHYSVWKHDVG,7195.899082568807
LRHPKFHS,3228.545871559633
LFRWYSQDG,5911.44495412844
ARRKDFESG,1042.7568807339449
YYHKSPHS,2330.1651376146788
FGGFSFPLG,16002.646788990825
HSSPPHLS,2164.5733944954127
HLWYDAEYNS,9926.40366972477
YQDGNHYNAG,2842.0412844036696
HSRWRYQFRHG,8173.137614678899
QSSQYDEPNKSG,1063.408256880734
FNSKENDQRPA,1191.7935779816514
WSWKKEPYNKH,3037.9311926605506
LNSLVLG,5434.678899082569
ARRLHALG,3338.6100917431195
WLDRQEPYKHS,4429.715596330275
VNEYYHG,4766.95871559633
PHNFGPKLG,3650.4770642201834
RSHVDLQPYNH,4332.155963302752
WPLGNRDG,4515.857798165138
QALFHYHLEPK,5725.674311926606
SDFEGFALSG,4359.105504587156
SVKHFDVL,4042.9633027522937
PWYLWAWDSG,23990.077981651375
QDVNASYVKHV,2614.119266055046
HENAWQRKHD,2954.298165137615
YFPDQKGQENH,1626.8715596330276
YFRHLESRPKS,3029.8899082568805
NHVPKVRNVFEY,7029.472477064221
RLGDDLYHDG,4640.504587155963
FLFDGYHQRNK,3616.4633027522937
FWDWLQPLSQNA,7621.825688073394
HWVFWFWVAG,27221.738532110092
NYYNFWKDALG,6468.1100917431195
EWEYNQHRWHD,10088.949541284404
QEGGFAQFEYKD,4108.279816513761
QKRPHWSQRHL,4580.04128440367
AELQKQYKHDV,1585.133027522936
LKKHGDSG,881.940366972477
KAHGRGEPKVS,926.6697247706422
PWPHVANFWH,17344.06880733945
NGHSQRPDQFV,3930.743119266055
RHVKPDRPWNL,5160.899082568807
YEPFELFWHDS,13248.243119266055
DENGPLEWKH,2486.087155963303
ANHPKFRS,1796.7935779816514
DSYDYSQWG,5065.908256880734
SESGDLEKA,832.1376146788991
GNPSEDVALS,1326.8623853211009
DEDQFDYHLG,3936.376146788991
NKVDSFHKHG,1446.9128440366972
FDYRREYWNKD,3782.4816513761466
EVSRSLEYDAS,2460.9311926605506
PYVSHRYSEVS,6875.798165137615
RFDDPKLG,2009.4724770642201
FQKDYEPHSG,1691.7247706422017
HGLQGFVSG,5701.211009174312
ESNQDVPYNDAL,1823.3211009174313
KLSKFRARYVS,3775.97247706422
EQPHYLQNASG,1653.366972477064
NPGQGFRSG,2250.5412844036696
FFHANEPYWN,9873.784403669724
DKHKYNSG,1061.5825688073394
HYFSDVSG,4237.674311926606
QKGNPLGQEND,1001.3119266055046
KRKEAPWHDA,1234.7522935779816
WNYAKDAPAG,2090.651376146789
FYDNREDRWHA,5868.637614678899
NSWDKSPYWKDV,3898.9036697247707
YQLSFKDFEPYA,12149.697247706423
NAWLKEYWHS,9268.58256880734
GPYGQQFWVG,10562.91743119266
GNELASG,1517.0366972477063
QAYNVLGLFVL,35784.1376146789
LYVPSQWNDS,4694.192660550459
WKFAYWWHDAG,13393.701834862386
YAFYQAFEYHS,17931.73394495413
NWEDPVSG,2433.637614678899
QQGSASG,928.0963302752293
PVPKWDSEWAL,4566.756880733945
FSAPHSQRKHDG,2018.6834862385322
GWGQRSGHDS,2484.802752293578
RGPFQRNALG,3462.798165137615
QSHVNHREHVS,1944.7293577981652
QWHLRWPVGEH,8811.752293577982
SPQVNDVAL,1439.2385321100917
GHAFKLKDVAG,2013.940366972477
HGSDQAG,1139.8211009174313
LRHSQFSEDVLS,3679.2247706422017
PESRAFLG,5597.743119266055
LPNRQFYWKG,7573.582568807339
PRYVYDVQWKL,18191.67889908257
KNAVWALS,3679.8119266055046
PDDQEKESG,677.7155963302753
RPGERHSRNAS,1604.4495412844037
HWFQYNKDLS,5875.0504587155965
KFEDHDSFRKHA,2024.1422018348624
LKQEGFSG,1747.6834862385322
KRDLGALYWSG,7098.504587155963
EQHWFEHSG,3847.1284403669724
YKSWLYFREVA,13292.79357798165
VEVVKHSG,1743.8715596330276
SREGPAQRDG,1796.7798165137615
HVLYAGGEWKH,7083.628440366972
RKPADVRPYWN,4085.454128440367
QYHFYKWLGFKG,9133.394495412844
GAFWVPASG,6852.018348623853
KYNFRAQEPKH,1792.1697247706422
AGSWLRENG,2929.0
VKYANVLSG,2786.146788990826
RHFWKYNDRKLS,3498.3577981651374
KLVVYHLG,15469.88990825688
VSKFDREHVSG,1640.2064220183486
EQADGELG,901.4266055045872
EFAPRKHL,2803.0137614678897
DLVFWHFPHG,20384.545871559632
VGLYDRKHALS,3931.435779816514
RDFYPSGWG,10529.880733944954
FSEHAPNVFWL,29998.123853211007
WAQPSRLFEPK,4625.926605504587
YKSWHPEWHVAS,6425.504587155963
KHDQEGKLSYN,1545.4495412844037
LEQNHHLG,3143.4311926605506
LPQNGNSG,1210.866972477064
GYEYQPSG,3646.605504587156
PKPQALPYWK,3176.743119266055
NGPEDRHDA,1138.573394495413
QVGFNWHAQPY,15276.811926605504
PKYFRSYVAL,15598.811926605504
LQVDHALSG,2416.7247706422017
PNWNYKSPKDV,2266.743119266055
AQLNPKDA,1024.5504587155963
AQSQHNDG,1246.6559633027523
HWRVFYNHDSG,9740.555045871559
YNFVQAGKHA,2892.862385321101
QPVFGPVAQWK,7249.380733944954
QHYNPDAEALS,1656.2798165137615
QLAHGRPG,2465.077981651376
SGKWHDYNKVAS,2417.4266055045873
QLHGGPVS,2113.5045871559632
HRQQALSG,1876.073394495413
KEGNLYDAL,2741.183486238532
QRGVNDSGNVL,2038.7155963302753
DAPASYVLPVAL,8883.770642201835
DSKKVQPYWNKD,1487.1926605504586
WKLQQRSLSG,3773.5091743119265
GRASRHFWKV,5121.362385321101
NDQVHQREDG,1298.619266055046
LESPNGWNKVAL,4673.165137614679
LVEPRDG,1760.8623853211009
KSVEWLFEPYS,8847.348623853211
FQEWDPLSQEND,3110.5137614678897
YGVPWFHG,16758.92660550459
HGDQERKVLG,1359.7201834862385
EYFQLYKHL,12918.151376146789
WAYKDRDPKHVA,2482.4587155963304
SFSHDFNHVG,4350.032110091744
YDKQPVPYNL,4165.816513761468
RWHEDRVSNDSG,2515.6880733944954
PLKHGRKQPYWA,6219.229357798165
RYALWLVLALS,28613.422018348625
QVANKRAGREWD,2663.2247706422017
NWRHQVAS,3976.1926605504586
QHHLGYSEDS,2554.8394495412845
KNANFWVLG,7657.334862385321
PQRGDAHVAS,1617.5504587155963
VPYDKGQNKDAS,967.3577981651376
ERFHYDLSG,4571.674311926606
YQLGVASGA,2539.8119266055046
RKDHWKHDQKVL,1399.8256880733945
NEHFLQRDVAS,3809.376146788991
HQHAGAWVL,9426.467889908257
WLLFAFNVAS,24549.256880733945
DESGKSWNKDAS,1108.9633027522937
QAQDFGQEWKD,1757.8256880733945
QQYLGYLGVAS,8133.114678899083
DHDVEGWKDVAG,1649.1238532110092
NSDEFEKHLSG,1549.2798165137615
QKAENFWVFYWL,28039.155963302754
FHQSGFDRWKH,7111.422018348624
NWQLQNHVLS,6510.114678899083
ASLSANKDSG,1010.3532110091743
WFVHHDAG,6904.619266055046
YEREDRNG,1936.3073394495414
YSLGAFEWALG,12164.279816513761
GNKDESEKALG,785.5642201834862
NNVPGDVALS,1917.059633027523
FPQASGFNSWDV,10147.683486238531
NVSFYEHVLPYH,21929.41743119266
DQRGWQPWH,10473.197247706423
FVRFFNDVAG,11115.211009174312
KPDYEPYS,1707.2798165137615
SWAFFDLG,19171.743119266055
KLSKKQFEPHDG,1303.3853211009175
DYHPYFWDVA,14915.37614678899
KWNSLYNHDAG,3543.02752293578
VRNDRQRLG,2149.6651376146788
LLGQQVLS,3669.8394495412845
NKEYQRALREHV,2779.206422018349
GPYQAPYWNS,6197.045871559633
YYHRHNVASG,3224.701834862385
FSSQPHDGNKLG,2052.4449541284403
FPPNGYEYVG,7453.59633027523
QGNKFLPYHAG,4704.220183486239
HAVQNVWVA,6014.44495412844
PKQQLSYNVAG,1919.01376146789
YEYDAKRVASG,2397.8853211009173
DFGFHYNSG,6443.408256880734
WFREQEWKGPV,5947.004587155963
PNQSLRYNKS,2175.2798165137615
WSLEFEVG,16704.48623853211
ENVWKDFYRDVG,5056.197247706422
AQKSQVDAS,902.3853211009174
FLNWNAFEHAL,11845.633027522936
RSVRLGYWNHVS,8769.325688073395
HGHHPDG,2147.0137614678897
AVYKVRLG,9160.412844036697
FEVVEDAPKHA,1588.3899082568807
ENHFQNVPYWKH,6523.793577981652
RNHSVKASQKA,831.3853211009174
QRFGASQNKAL,2425.5550458715597
PALSYSPDAVG,2659.4954128440368
NYDYPYLG,9366.160550458715
RVALSAKEPNKH,1721.1238532110092
EWDSKVAKSPN,1102.1467889908256
AWSYVDAS,6024.577981651376
NGWHEHVEYAS,4966.504587155963
YQGKYAG,2413.0045871559632
DAKFRKQKDVG,966.7293577981651
LPHEWFDG,7204.568807339449
NEQKYNSG,1528.0550458715597
FAYGEHKVAG,2098.591743119266
WHNRYVWDAS,11624.357798165138
ALEGYKFHSG,4447.284403669725
FWFAGESVLS,10660.862385321101
NAKRHFPYD,5547.275229357798
KANKGNFRYNKS,1306.7568807339449
DFDGAYKLG,3006.183486238532
HSLLNDALG,3315.711009174312
HNDQSWHL,4775.788990825688
FNYNYAQENVAS,2678.4587155963304
WGAWLFEPYWD,31678.738532110092
QGYFELFEWN,17444.32110091743
HEFKDESG,1239.1834862385322
NRKQKLRYNH,1888.0275229357799
WVNDYSQEVS,3439.467889908257
HAYKEPNLWVG,5493.123853211009
LPQHLRASG,2618.0137614678897
PNEHPNLPNKHD,1840.3532110091744
KHQEWKAWHGE,2572.3348623853212
NLVPDSNLSG,1887.7522935779816
APWQPQFRVS,7725.206422018348
DWNRQWNS,4443.256880733945
VPHDPDLPKDL,1128.6743119266055
WPPKVKSG,1535.9128440366972
KQNALEEYNKSG,1011.8440366972477
KPKPFENHLSG,1266.119266055046
WFAPFYDAS,13200.697247706423
DFPQGWDV,3626.8899082568805
EAAPNKHDHVA,1043.302752293578
SPWPFYLG,21006.490825688074
DAYQNRENKAG,1258.9587155963302
NVYFAFRPNG,14017.151376146789
SEELSHG,1528.6743119266055
PEFDKAG,1612.8577981651376
HASLRYVFEDG,14753.08256880734
LRDVPRWDVL,9293.811926605504
EQHEKDAPDVA,747.697247706422
ALDVVSNHDSG,1943.8073394495414
DLHVHVQWNHDS,4687.224770642202
LVSFSKSG,4249.711009174312
KQSRFYLG,5327.279816513761
LRWSNVLRNHS,6321.201834862385
YSAEWHLHAL,9450.321100917432
YPVQSQFWLS,13616.211009174312
VEDWVFHV,14357.155963302752
KVQPARALPYD,2636.4816513761466
HYEGASG,1498.2385321100917
LQWPFHAL,18648.0
FHFEGQPQFPNA,5388.321100917431
VKGARKDVALS,1130.4908256880733
FHEGSREPNS,1563.4495412844037
AYSAPHAG,1820.7935779816514
LFPSFQENDG,2798.3669724770643
YGASQQALG,1786.4357798165138
VNPRVLG,2973.243119266055
WSRRPVLHVS,10242.509174311926
KEDNAQVG,1089.032110091743
WGEVLEWVEKHL,11097.605504587156
AEEAGPG,913.2385321100918
RRVNPDLS,2027.8899082568807
SDRKNHLSG,1463.5825688073394
NVRFFYWDLSG,27576.788990825688
RDVPPDVLYHL,6905.568807339449
SDKDGLG,1159.5183486238532
AVGYFKVLS,14456.481651376147
QFYWPHGWNHHD,10005.880733944954
EPYVSEPYKAQN,2018.2614678899083
NKPPPWDVAS,1968.2752293577983
KSGEYHARPKAS,1264.2018348623853
RSDFHSFPYWVS,15298.56880733945
QVREYWALQNQR,8479.944954128441
EQFGKQFRWAS,5062.247706422018
FFNQEPNEVLS,2647.8394495412845
PYVDEDVQNK,1457.0183486238532
PLRPHDYDYA,4740.211009174312
ADFVDASG,1945.8990825688074
FYPDKHDKHVS,1494.454128440367
GESYAFRWKG,5904.701834862385
WYESDALS,6082.394495412844
WLNQYAQPWNA,9052.243119266055
HDYVHLRNDV,3935.353211009174
WLRERENVNKHA,3631.5045871559632
VRQRLFRVAL,13686.114678899083
YSYPHAQNDAG,2098.862385321101
AYEDFYAG,5097.302752293578
RVELDAEWNS,3061.183486238532
FQVKVQEG,1700.6697247706422
FDHELFHDAS,4093.1100917431195
SEYHAGDAYV,4426.688073394495
NKNFLEKHDVLS,1952.9357798165138
SKSLVSG,1366.01376146789
EWVGLQYHARD,9575.036697247706
SYGRYWYLG,10498.270642201835
EPVKREQFYHV,3253.766055045872
RWRNYNLFRYL,15385.316513761469
KYELNSG,1407.8165137614678
WRQGEVG,2673.151376146789
YVGQRGQPQENS,1557.6880733944954
EDKKNDSG,568.5
PGLHRWVSG,6500.0504587155965
WWGPVYVSG,22765.756880733945
GYKHGSNHG,1946.848623853211
VGHSLRYWKALG,6510.899082568807
QVDEWHQLG,3032.2798165137615
NDYFDVREWL,13716.29357798165
DHLPHDKAL,1568.7431192660551
GNHNFRHVL,6923.247706422018
PHDHWHDALQRP,4567.366972477064
VLYKHGQVSGQR,3345.3119266055046
LPKKHFSG,1515.5412844036698
FRDGVGRFENDA,3253.261467889908
PQPLESNDV,1044.2752293577983
NEWLKSQFYHDA,9113.848623853211
YEYHHSQPVS,3369.683486238532
SRFFKSG,3529.6926605504586
WWHPAQASG,4569.243119266055
PPKHVHPDLSG,1479.8073394495414
FSHWHEWNDAG,5092.912844036698
PVPNHEYVWKV,4870.256880733945
AYAPKQYLSG,3313.302752293578
EAYNSSGQEWVG,2747.270642201835
YWHEVWARHSG,8870.738532110092
GFANFEALS,5773.798165137615
AKQPHFDSG,1798.408256880734
RLWYHSKLSG,6263.40366972477
WSWRWFRDVG,15081.830275229358
FERSHVFWHDL,13808.761467889908
PASDHVFEHA,2167.151376146789
LLFYKWDSG,8306.550458715596
WHYNHFSQFWG,18729.045871559632
RHPLQFVFEKLS,23600.761467889908
SKHEQKDA,725.316513761468
FYDWSEPDQEKH,2160.6100917431195
LVAHLLSG,6963.073394495413
EFGVSNVLG,3327.201834862385
HGLFFASG,16643.816513761467
SSQWDNLSG,3055.9036697247707
YERLNALSG,4093.270642201835
EAKKARPKHAG,705.2201834862385
QYYDFLSNKHLS,4849.582568807339
FWHKHRKEYDG,2494.5366972477063
DPFADVALSG,2094.3256880733943
QHRFPYEPKL,4728.6697247706425
KAWFDGYNHAG,6373.5091743119265
KEGVLWLG,8120.5
EFSNPASG,1742.394495412844
WKNLGESEWSG,2813.683486238532
SHGYNDRG,2353.348623853211
WRRKRELSG,1740.2064220183486
GFDGNPYWNHDS,6973.646788990825
NWSLASG,4476.619266055046
AYKHARVSQRPA,1932.467889908257
YGKYDRYNHDV,3399.9495412844035
KVWNYNAWNSG,5302.866972477064
VAPQHVFPKVG,2145.3440366972477
PGQWAYNQKVG,3820.5
YDYGYKVANK,2402.3990825688074
GEKYWQFAS,7057.724770642202
VEYHEASQAS,1736.4770642201836
NSYRSNSG,2551.5091743119265
WAHAHQPYWN,13175.62385321101
VFYVPHKLS,6453.766055045871
FRAGHVEWHSRE,4054.293577981651
APQPRNVG,1419.3073394495414
HGWPFRAG,9520.59633027523
VNAFRRPVLG,6356.775229357798
EHALLPPHVG,3436.9311926605506
EEPDRLNKA,839.5
KAFSSFPWHDV,8019.885321100917
DFHQEVEPHL,2841.9862385321103
FKRWSGYLFPKV,11008.788990825688
LSKGRHWKLSG,3028.619266055046
FVLGEQPNSNV,3494.229357798165
AEYDRFDSG,3691.151376146789
DFYRYWARWHD,14328.894495412844
ARHNHQAL,2337.1559633027523
AYQRQPG,2381.4174311926604
NVHEPNRNAL,2259.0412844036696
QRRHVGNSQKHD,1439.940366972477
DSGNNVPVSG,1195.545871559633
FKDHGQFSNKH,2475.353211009174
VKNGHLSG,1400.2064220183486
EAFVPASQNAL,2042.4816513761468
WPAGESEWDAL,3701.729357798165
QAVVWKASG,3014.9862385321103
HFVDVFDSG,8955.509174311926
HVYYGFKLS,16189.449541284404
ENRPDYDFPVL,3488.6651376146788
VNVALLGFRKDA,9213.788990825688
PKRPHRDVEDA,1049.3440366972477
HWFGDAG,6670.082568807339
GLPHGLG,3118.302752293578
RVRSHLFNALS,6913.931192660551
RDPVQEYKRWLG,3955.940366972477
QPAHFPHLQKHD,3159.3715596330276
SFFNWKDAL,7148.495412844037
AVKVVALG,5908.477064220184
QAVSQARPAS,1487.9724770642201
WLRAQPDRHG,5017.642201834862
HPAPGPVAG,1257.967889908257
DRRVKVLSG,2406.1880733944954
GVVFYLSG,44417.51834862385
RHWGWSQWKHSG,7717.600917431193
GEADVQSG,1106.3577981651376
QAFEGENDEWD,2962.6422018348626
YDAANLGYKHDV,3786.9633027522937
ALHNFENKH,2270.4587155963304
RQDWEPG,2596.9311926605506
YKPRGPNKVL,1942.045871559633
FLDAYEWHSG,7128.114678899083
QRFKFHDFEKA,3150.376146788991
HGQLESGEVAL,1583.4174311926606
RSKSLSQRNVSG,1112.834862385321
LEGEAQLG,1869.2752293577983
RRNFFENDAL,5008.880733944954
FWNPANKALFKL,9985.45871559633
LKYGKVG,1832.8302752293578
YNWQLGKL,7053.357798165138
LHRVLESG,2828.756880733945
FEKFNDQHQRA,2226.4633027522937
GYYVFYSG,26033.004587155963
FEFGEKQEKVS,1261.394495412844
SWSAEWKHLS,5156.05504587156
FSELESHDSG,1970.3532110091744
LRNPYFEYNKD,6954.467889908256
DVNDAGHVLQPA,1929.1009174311926
QKSFEWRFEKVS,4742.899082568807
VESAGYSG,2419.0825688073396
DWHNPDVASG,2510.6880733944954
PDERYLQRKV,2500.4862385321103
HAKWKLFYDAS,6129.577981651376
WGQSDAQENHV,2224.756880733945
NWVSQNAHALG,4160.811926605505
YDEKNVPASG,1296.9633027522937
ERVQSYVSG,2668.5183486238534
WKVDPNQFDL,4993.3899082568805
AVPGRAS,1534.788990825688
ASWHSQNDEDVS,1534.091743119266
DLGSQPVWKS,2541.146788990826
AFNHAGAGHLG,3406.2477064220184
YWFDREFKAL,9120.073394495414
LNANEPLSG,1598.9174311926606
RQRLHSFYVS,16307.252293577982
WSFFENAKLS,9215.770642201835
YYHYKRYWKDVA,4941.412844036698
WGSVFPHG,9781.880733944954
HKSLGQG,1296.7844036697247
EFDYYHLSG,6825.756880733945
KGLFRDEPVAG,1957.954128440367
VDWFHSG,6992.339449541284
WANGYHRYWNH,12908.256880733945
VQVVRYDAS,6187.252293577982
DQQEPADG,885.9770642201835
ELVWFELS,28445.6376146789
NWGVFYLS,37587.83486238532
FHHAPNRPYKAG,4062.4174311926604
QPVSNKGEGFVL,3236.9266055045873
SELDWDASG,3300.8715596330276
LHSRQWLG,7953.201834862385
VNWHQHDAG,2965.123853211009
ELRWEDFRDG,6305.160550458716
WGQLYWALNDS,16105.380733944954
FSHGNAFWKDVA,4998.577981651376
WGYVWYWKDS,13145.12385321101
QEPAWDGKRAL,2620.0229357798166
LEHKRKSG,1087.6376146788991
LHDFLDVSG,4698.472477064221
WFQNPKVSG,4228.587155963302
GAEPDRDALG,1324.5779816513761
FQEKGFVFRND,9194.550458715596
NQKGSENG,811.1467889908257
KQPFGEPG,1291.9036697247707
ELGRDWPYLG,10531.0
LRAPRHDLSG,3160.1743119266057
PFRHRPWLRKHG,6472.798165137615
LGPRVEYHS,3232.9587155963304
YAYYHASWDSG,7575.600917431193
KAHDAVDAL,1203.545871559633
EVDSDVQWD,2242.5366972477063
KENKVLAFENL,2884.5
RAWVVARHDALS,8409.137614678899
DVWEHEPYKHS,3434.1284403669724
SGKWFKDSG,2461.5550458715597
YWEPDLNSQWD,10241.426605504586
VYPYKDWALS,7097.825688073394
ALVKNKDVASG,1322.665137614679
EALLPAQNLSG,1629.3165137614678
NRVSKGPNV,1454.894495412844
KSDFHQPYDAS,1914.2935779816514
HGERHFRPWDAG,6253.48623853211
HSEDYWVEYNDA,6373.779816513761
GYWNHKDVRWL,11259.087155963303
NGDRLYHDS,3000.2201834862385
HQHEWEWNDA,3773.623853211009
QYRERSFEYHDL,9338.449541284404
GNKRFWASG,3661.0504587155965
EVRVSNLYDSG,4025.8715596330276
ASFYNKGYAGEK,1857.454128440367
DLKHAKRHVG,1438.5045871559632
EHFLPYKHQPDV,3403.922018348624
PWAYYWHNHL,20725.74770642202
WEENVKSG,2356.5137614678897
QVAHAQRVEYDV,3455.3577981651374
NPHVNFWKHAG,3925.8577981651374
YLGHNDQPYWN,9874.752293577982
FQWWFRYWKG,13789.853211009175
RSLRAFASG,4420.068807339449
AKFAHLSG,2359.4954128440368
YQEFSGWDVLS,12245.155963302752
PDLSYDSPHFPY,11978.247706422018
DWFRVGKG,3812.7247706422017
RKYFYWNLSPKD,5604.788990825688
LRNFVLYWNDLS,29145.33486238532
FKPWHFNLYWKA,13252.761467889908
LVRAPDLS,3162.5366972477063
QAPWQFYEWLG,20858.688073394496
YSEYNEKHFHL,6067.729357798165
KEKSVFNKHVSG,1042.3577981651376
HNGRGEG,1229.0504587155963
FAYSVAYWKSG,8858.477064220184
GYQFWRDLS,12719.009174311926
VRNAPYNGQPDL,3266.183486238532
ENKHQVELQFHS,3442.802752293578
WAPLEDVGYSG,4754.0504587155965
WWGVAYLSG,18753.174311926607
LGGFDFYG,14013.573394495414
YSQARYFWAS,12267.866972477064
HKLSSEWLG,3386.091743119266
WSKADAFRNDS,2834.8715596330276
QHVQAGFKHSKG,1720.1743119266055
YRDVVENDAG,1667.6559633027523
NHDKPYREVS,1733.2064220183486
FWAEKVAWSPYK,9836.385321100917
SQGNAVALSG,1646.6788990825687
HWLADLSG,5912.472477064221
PDHSEVAWLG,3654.3440366972477
PLEWLWKEKAG,4679.412844036698
AQWLPFKDAS,4482.8302752293575
AEQALYSG,2665.706422018349
DVAWQFVAKHAL,11976.509174311926
WGWGKGFWNAG,9854.61009174312
VNHFRVFED,8026.972477064221
WFFFASG,11950.11009174312
GFELVGQVAS,6736.532110091744
VWAGEPSYLG,6649.825688073394
HFHYGFWLS,15626.944954128441
NKDRYRYAGFDS,4493.477064220184
QGHFAPWHVSG,6890.022935779816
VVNHFYWLS,15840.944954128441
DGYYGNLG,5211.215596330275
GKEWHKAG,1226.8119266055046
VKPADLG,1186.7247706422017
AHGFLYVSG,25376.344036697246
HDRKQDFREKVL,1613.3256880733945
VKAKENSG,570.7660550458716
GRVPHRWKHVAG,3127.5733944954127
REYHFREKDGRS,2377.454128440367
KAYDLFLRKH,4845.646788990825
DGVLPVGEWDV,3816.146788990826
VQWSYDPVSG,4864.064220183486
YKNNEWAG,2114.4587155963304
PNGYWKQFHSYK,6301.848623853211
SHQRVVALG,4210.01376146789
AVFDWALS,9411.11009174312
YNGVQPSFAS,4094.7247706422017
REQDNSREYD,1808.01376146789
LVAVQVLG,15049.80733944954
VRQVEDALSG,1454.8899082568807
WGYFNFREKDV,6394.339449541284
EWAVQPANVS,2210.706422018349
NQWGVEVG,2974.5183486238534
DYEKGFYG,3479.6926605504586
YLYWNAYEKHG,4392.98623853211
WKKHVPGFED,2310.4311926605506
YFLYQRVSG,7350.454128440367
FPWPLSWDRNVA,14392.738532110092
NLAASFHS,4933.128440366972
NEFFWDVASG,7834.201834862385
LVSFPPYLSG,14254.01376146789
DVRLQVEKHLG,2749.316513761468
PEHEQRNDS,1075.6467889908256
EASDLWHWNAG,3762.5
QEWKDHLSNDSD,1428.3165137614678
ANYLGKHDVAL,2844.270642201835
PGVGNQEPYN,2119.3394495412845
DAYYNFPWKL,13292.844036697248
QVYDFWDSDALG,8148.633027522936
NHAYASEQPAS,1359.5688073394494
EPELGRAEAG,1017.2064220183486
VSAPYAFEYKL,14105.573394495414
HWLEGENG,2548.8899082568805
SEGENYVS,2010.7935779816514
KWEWVFAS,12739.348623853211
GKLEHHSG,1281.1146788990825
VSRQGPYLSG,4185.4908256880735
SHDAQSQFNG,1905.2568807339449
HGPNNHAFWHG,7498.252293577982
VFSRDLNKHS,2580.0688073394494
LFVRHFDVSG,10465.449541284404
AYNYEYHLSG,6724.577981651376
VYYYKLSG,8122.90366972477
YFGFYQPNDG,5023.963302752293
LVFNKRLG,4954.788990825688
HSEGNKAFNDG,1562.2385321100917
RHQLRYSWS,9981.366972477064
AVYFHVS,18795.128440366974
EALKVFHPYK,5420.6697247706425
FQSWRYASG,7592.674311926606
KFHARDNDLSG,2032.6467889908256
HLASNLSEPDA,1560.7522935779816
DHGKNKSG,682.5642201834862
PEYQEQEYKDV,1787.3073394495414
EEARSQHSG,999.8348623853211
DPGSDAG,1044.1009174311926
SDGFLWSG,9498.747706422018
DQQSQYNHDVL,2181.151376146789
HWPLVLG,17918.839449541283
NLGDHLSRPYK,4448.045871559633
EHRDKRPWNKDV,1300.133027522936
NRSSVASG,1603.1100917431193
NYWYLPYWNDV,16490.79357798165
QAEVGKDFNVS,1372.7431192660551
EDPAVPDAG,839.316513761468
DEKLRFEKG,1282.0688073394494
SQQVPYG,2437.591743119266
HKVSWNWKVAS,3829.7155963302753
GHRNKNLSG,1288.802752293578
KQKWKGELSG,991.1467889908257
YFWDVLHAFNKG,7629.44495412844
PLYGQPGHDALG,4499.206422018348
LAEVQHDVS,1459.408256880734
DAPHEHFRNVS,2194.362385321101
NSPWVQPAYND,4534.348623853211
WPSLHDVLSG,6163.192660550459
NRDYQKVG,1639.5
ARPLEHGQFRL,5167.747706422018
DVEEHDVAAG,1041.9174311926606
HDPAYVGPDL,3010.862385321101
PVARGQHAPND,1702.894495412844
NDHQVAEPHA,1426.1559633027523
RPARVHDSPWA,5747.0504587155965
GRKWEPKHDV,1616.6467889908256
DSYFASRPNVSG,3209.9862385321103
RGEQKHLGDVL,2232.3256880733943
PLDNRNAS,1706.2706422018348
PAGWRHGRWNKA,3913.353211009174
PGHYSDVSG,2584.637614678899
KLWLEWGEHDVS,4629.697247706422
SDENEYASG,1332.7064220183486
QYNNEKSKHDA,1076.9495412844037
LHGYPYVAL,15919.788990825688
HHSWVFVSG,23206.376146788993
VADDWHG,2947.9587155963304
HRQERYG,2638.646788990826
GVGEDNVG,978.8119266055046
DVVKRESG,730.2889908256881
ENKLFDEPVQN,1412.3853211009175
GEPFHQREYND,3280.559633027523
SKPVAEPKVSG,786.0366972477065
GVHDNSG,1441.4587155963302
FNPFRPQDG,3082.545871559633
NKHYAQRNEKHD,1420.559633027523
FNWWHGQWKHDG,8313.944954128441
VGGELRYDAL,4341.463302752293
QDWQDVWDAS,4966.811926605505
HEDWSFVAS,9315.5
SWQLFASG,10836.58256880734
KFGKRPDSG,1398.7981651376147
DLENLRLQENA,2434.3119266055046
FFDLQGKHALSG,3247.362385321101
NFRHRYKNHSG,3032.3669724770643
YKVVKSFRYKV,7257.463302752293
ENFSKAPYWNH,4774.04128440367
ANRPYRASG,3556.123853211009
VNHWDWHLSG,9241.100917431193
FAHAHLWVLSG,15714.233944954129
VRQFNYVSG,7283.018348623853
AHGALYVASG,7089.55504587156
LNFKFPG,5713.243119266055
WFEKFLFEKDL,9611.857798165138
WEAQNWDLSG,7370.591743119266
DEDAWNGNAG,1941.0183486238532
KYEPPASG,1100.6009174311926
RLDDLNVALSG,3742.8440366972477
APNRQYKALG,1857.619266055046
KYRKRLSG,1102.802752293578
YHGAQVFEWNG,7880.600917431193
NHGDEKVQEPG,897.0229357798165
SGVPGALS,1614.5183486238532
KGRNLNAFWHA,7411.839449541284
WYDLEAQYW,19323.853211009173
SFDVWHSGNDVG,4188.252293577982
EYGRRYNRKHDV,3114.064220183486
QHDHYHASDVA,2118.5366972477063
NEGYGNLSG,2910.8899082568805
AKHVDFVASG,1937.559633027523
WSALEDGPD,3482.788990825688
RNPSWKPWHDAS,3657.178899082569
QGEYVRLSEHVG,4836.376146788991
YADEPKKHG,1071.7477064220184
EQDFFPYKHS,3046.678899082569
WLDAVGHDV,5755.068807339449
RRPLRGFWNHLS,9077.298165137614
FQFQAFWDALS,19099.9128440367
SSDSQAG,1043.894495412844
DNEHHVASG,1581.151376146789
PYAFLFDVNDG,32549.357798165136
LGLERWDALSG,5765.591743119266
RVAFDYHFVL,27510.596330275228
QNYPRWNHDVG,4739.1100917431195
PEDYRLSG,2978.064220183486
FLFHFVREDL,16440.05504587156
KDLYVNDYKHD,3151.183486238532
FPYEWNDNFRNS,12405.816513761469
RVRDWDSFEKLG,4300.8899082568805
EYLGAEGEPHV,2048.0688073394494
YAGYWYSQYNA,7821.0091743119265
ERLAHSG,1569.197247706422
PNSLEPVAPA,1349.8532110091744
QGQVFALFEYSG,45311.62385321101
HYQPNHKSG,2044.2018348623853
GYGQNRVLSG,3474.9908256880735
HGPESQRYNK,1332.1467889908256
AYNRQRHDALS,3288.7798165137615
SHHVKSG,1364.0779816513761
KRYDDLREHAG,1799.2064220183486
SSGGQDALG,1395.3073394495414
NQHGEGQRYNKS,1814.1422018348624
VFQDEWALS,6176.642201834862
HSGWARQRES,2669.183486238532
FVNPVNDALG,3027.206422018349
RQLREGEHDVA,1404.2935779816514
FLVEHYWLSG,14693.463302752294
VARPWDFWRWKA,13055.311926605504
NSFLRHGDG,3752.4495412844035
NPYGVGPWNKS,3317.233944954128
AEAWRNVLS,5924.233944954129
ERWDKGFEPYW,12561.490825688074
FWSYLVAWNVSG,14131.334862385322
KYQLNLSG,2692.821100917431
FWQDGYQEAG,3893.0412844036696
QWYVKRNHVAS,5480.9495412844035
PREWGSGEWHG,6097.045871559633
NHPQGQHS,1436.2293577981652
KGEYRLSRWG,6375.706422018348
NHVQNGHAGRN,2241.1284403669724
LDFPGLG,4024.0137614678897
FNDRSYWKQLG,5913.98623853211
PHGQVFVQWVL,42955.61467889908
WNWDYKRPALG,7774.798165137615
SQHRAGQRWDLS,4943.472477064221
KAHKFHAG,1344.4908256880733
KGAWDFWVLS,16168.321100917432
ELSWEPYWVFRH,26338.967889908257
YWLGKQPLRWD,12515.032110091743
NQHLKVAWNVS,3991.238532110092
KGDEEDLSG,654.7477064220184
LPVSYEDVSG,2291.6284403669724
EDNVEYDVQYAL,6371.344036697248
EEWYFWNSG,12834.298165137614
ELRNYWEWKDV,6033.48623853211
SKNKSWKHVA,1287.2339449541284
VLFHVSFPFRYH,31276.605504587154
DYDLNHRVA,3204.330275229358
KPNWAQKSG,1496.073394495413
QFDRRYWNFHG,10984.944954128441
DVLKNKAFWND,3099.9174311926604
KVDFEEHDVSG,1199.4220183486239
GRFKANG,1791.6376146788991
FFGVNHG,4536.59633027523
REPEALFKVSWL,20598.550458715596
KYAGGRNL,2483.0504587155965
KDELFPYDLEKH,2673.201834862385
LQWLGPWRVA,23233.435779816515
DLVFHFNHDL,17175.56880733945
SGSWGEDG,2153.701834862385
LPDASSWDVL,3356.316513761468
SERQWSG,3246.6880733944954
GPKLEKSQPWVS,1792.0045871559632
NLLHENHG,3090.6009174311926
SEPSKVRKHA,896.2293577981651
LRGWKNVG,3269.380733944954
EQPFKGWNK,1444.8211009174313
YQFDELFVSG,13551.211009174312
RYDVVEDGYDG,4036.5229357798166
KAHGEAFRE,1253.408256880734
GNLVKLSG,3741.8899082568805
WGYPPKDVAL,6129.761467889908
YRDFFWHDASG,8995.770642201835
FSSAFRDLG,5021.435779816514
FKPSLSFNLG,5643.922018348624
QYDYKDRHDRE,1697.3990825688074
PKHESYWQEV,3043.353211009174
WSHQVGENHDSG,2158.9633027522937
YVGPKVQVSNSG,1739.7706422018348
VPWSRRYVG,8399.747706422018
PPNEEYWNK,1637.7064220183486
EKFDNLRYKA,2208.288990825688
LNYVKVLS,10142.284403669724
VQANFKLG,2702.045871559633
DNRHDKG,896.605504587156
AQPPWFEPNDS,3280.9954128440368
SQDPVPHSG,1343.0
FGLEAFYWDA,16854.018348623853
DRGKYLSG,1918.940366972477
FSGFDPEHDVA,2791.862385321101
WRLAYKG,6584.123853211009
GNKDFRFHDL,4772.293577981652
DRKGHSWKHG,1691.0366972477063
KKQWSDG,1395.1009174311926
QWNYSESDVL,4926.376146788991
QGYEASEPWKA,1934.1788990825687
AWEYSLG,7530.90366972477
NVHNKHFRYWVA,10047.233944954129
ENHGAGQEFYH,3312.545871559633
ARRLEDS,1421.5825688073394
EQWAQHAKDL,1609.2935779816514
RVRLSGGWALG,8575.435779816513
LWRLDVLS,14559.587155963303
VFVHGQHSG,3214.5412844036696
NSAGSFYWDV,10570.720183486239
KSWRVLFPKHV,6564.077981651376
HRHVNDRPYW,12834.032110091743
KDKLQPNEYDA,1418.197247706422
HLNVFVADVLSG,27831.0
PHPHRLFWNKL,8064.064220183486
ALKLEHYWSG,6314.371559633028
DPRYHVHALG,3791.1009174311926
ADKDFREPYWL,7378.3899082568805
QSYSHRYWDA,7281.252293577982
SWNAEGQWSG,3709.766055045872
WYSLALG,10491.95871559633
FFLSPWRWDAG,13392.211009174312
WWWNLYWS,19096.5
WAAPYSFPNHVG,11497.220183486239
QSYGSGQREPSG,1620.954128440367
RVWFPFYHAG,20428.454128440368
QQRSPARWHDG,3974.0550458715597
WVYGSYWNKVG,7934.477064220184
AENVAPGASG,1141.8899082568807
SKHLLPKG,1590.8256880733945
DVPVLFSGKSG,3297.201834862385
LQQNNDVALSG,1611.0779816513761
DSQPWKEDQKV,1005.2660550458716
LENKANGQRHG,1919.1422018348624
FKHDKDSNVQRN,1213.5825688073394
PGPEQRHG,1209.119266055046
NQYDDGQEKAS,1011.3119266055046
LVSYFHSG,8442.12385321101
RPQAPWFPNDA,4819.339449541284
SFQGFNAG,2888.5825688073396
DSRWGRSWKSG,3268.032110091743
GHLYYWDAL,14386.61009174312
GYFVREG,6203.48623853211
FHKGLQRYNASG,3191.412844036697
NFSLALG,7915.440366972477
WHQQWNVYL,24238.981651376147
RSDGKGRWAS,2386.0183486238534
KQDWDGQNDS,1198.4587155963302
KKLLALSG,1610.8990825688074
HWFEFPDLS,12420.100917431193
ANVNFDLG,3021.380733944954
VSWPGRASG,3214.9862385321103
WNPKSEVSWHL,4465.532110091744
DVKQVSNHL,1248.5504587155963
HGSVKAG,1205.7660550458716
VESVFWSG,9873.788990825688
WADYDVFRPYK,9256.688073394496
NLEQDAHG,2246.4036697247707
DWHGPGWDVAS,5636.114678899083
FVPGYVRYG,13900.628440366972
WDWLARKASG,5038.573394495413
PPNNLRYKHV,2984.876146788991
EWAQYKRDQKD,1664.967889908257
WKWKESFEPS,2129.4770642201834
PREQYREYL,7257.0
GQRHRDGQLS,2202.9266055045873
WNSQNLPHGKH,2680.559633027523
AGHKAPYHG,2303.8256880733943
QHWLNVFPWNHD,16407.724770642202
KQNLQALWDV,4640.293577981652
NKKDVSVPLS,1073.1284403669724
VQLFVQPWKALG,16090.899082568807
EQEARYHDFEPA,2259.532110091743
PARRHVQRWKLG,3335.5550458715597
DNSRFEVSG,1904.0550458715597
FAHNQWHALS,7430.798165137615
LSSSWSG,3109.52752293578
QQKGWRPDLS,2999.8394495412845
QQREWNWAWNA,10460.871559633028
NNGLEYHDVL,4708.270642201835
DFASERKHDAG,1270.2385321100917
QKELRNDRKLS,919.6880733944954
NSWNGRVRPY,9077.573394495414
AYQKVYHG,3302.8256880733943
WPVFAEPDL,9526.830275229358
KVYKFRYGPNKS,2423.1880733944954
LKNFKHG,1918.940366972477
HHLRWQYNKHD,4565.54128440367
SWAEPPWHDAG,5755.577981651376
SASNHWDG,3494.3394495412845
PGGRHDNSG,1698.2568807339449
EWFYDAWPYKV,19310.633027522937
NAYVNKQHDSG,1547.98623853211
DFWRPFREL,12477.655963302752
ALPLQHGVG,2541.6880733944954
FGSQSVSG,1738.4357798165138
FYHYHSEDENK,1749.0871559633028
NFDAWDEHD,4340.747706422018
AAGFGESG,1578.8761467889908
QLKYSFLS,8590.220183486239
ERQLHDG,1814.7752293577983
DWVSKALYWAG,11041.678899082568
QQNSSYNDG,1439.2064220183486
DFQEQHSG,1561.559633027523
EQESFHFVG,5683.032110091744
ADVPENSG,1160.032110091743
QLPNLFAFWSG,23089.44495412844
RPDALVRDLQA,3580.169724770642
PAYREKKASG,1087.032110091743
PWHASYWAEPLF,31410.229357798165
HFPVQRDGRLG,4397.697247706422
KKVNGNALSG,1065.1559633027523
DSYAFHEPS,2924.1743119266057
QSENAESEVASG,971.2293577981651
RVYEEKDVSG,1437.8532110091744
QVQSWGDVG,2723.954128440367
RVKYQNVLSG,2631.6926605504586
DQSQWFNLSG,4735.623853211009
RFFFDAG,10379.724770642202
WQYHHAYDLSG,9045.518348623853
PVRYEPDWASG,5726.417431192661
SGARPKLYNL,5265.954128440367
FHWNYAGRYLS,10010.798165137614
RARDRDLRHA,2112.0688073394494
YYDGFGRVL,10047.174311926605
AFLKENVL,3574.6100917431195
GRQDLDSG,1438.954128440367
QLSWFAGPKDG,5537.724770642202
NDNAQASDSG,1013.7614678899082
FQPGFWDVWNLG,18881.830275229357
WNRLQPYNRPAG,6381.100917431193
KNRHHSG,1396.8532110091744
PPRHEWSG,2512.6926605504586
DWQAKDG,1855.467889908257
WVSHWARPYWNV,22127.128440366974
APHYDPASG,1711.834862385321
HQWNRYLGEKV,4141.01376146789
QLPYVEYKAYH,10890.651376146789
PAPQSGFRKDG,1596.8715596330276
AEPFSEVLS,2193.729357798165
DGVWSNDAL,4417.344036697248
FDSEEPWQFP,9405.133027522936
NDYNNKQRKHG,1406.4954128440368
AYDWVRVSG,8325.266055045871
EEEPVRSG,1086.3761467889908
FFKQSRPNHDVG,2487.302752293578
PYFSENSALS,4662.917431192661
VDEVAESG,808.5504587155963
NVVARQPNG,2096.0091743119265
SLYLQREPWK,7135.90366972477
YSVFEARWDV,14895.073394495414
EHVVREPREVG,1456.4128440366972
RPNANVLYVWNH,18116.481651376147
YRVLYNSWDVA,16224.738532110092
HDNQGFWG,7477.766055045871
NWRWSFASG,12556.834862385322
KAWGGRYDASG,3523.045871559633
EQRYYNDEWNL,7534.036697247707
NFQKSKALSG,1813.2614678899083
EVVERWVSG,3005.908256880734
VYQNLWALG,11098.564220183487
LSNHPKVQKHVG,1838.0091743119267
KVQNNDLSGNA,1181.426605504587
NLSAEKANKV,1171.5045871559632
PRALLSYWHV,18182.894495412846
RKLDLFWRNKVL,6058.165137614679
GAGDLNLSG,1861.3577981651376
SGYVQKVFYG,17512.743119266055
WGDNSFDSG,4669.178899082569
PGKNHQRNVL,2016.7706422018348
NRSNHRPG,2385.935779816514
KQHWRDAG,2570.1330275229357
PLWGDVLVS,17119.56880733945
LQHFPDPALS,4073.587155963303
LFKYVQWNHAG,5688.729357798165
DQYKSYALKVLS,6990.435779816514
PEVWDDLS,5164.871559633028
PQSDRYALSG,2431.8256880733943
GKQYKNSG,1185.633027522936
YPKKGELSG,932.8532110091743
KSHYQWVLG,6176.720183486239
GYNSNREWKLS,4050.330275229358
NVGQEPPWDVAE,2461.330275229358
KSFAVGFPHDS,3929.908256880734
WWVPVWDG,22396.25229357798
PGGLQVSG,1957.7385321100917
AAQWFWKHLS,9109.146788990825
SAGFWHADG,7245.504587155963
PREGDLFWHG,9330.80733944954
FKYHVSDASEA,1531.7935779816514
YQNQLWNHVSG,4573.51376146789
NQHQGENS,1104.366972477064
NWSKDDLG,2075.02752293578
RDLVNLEYLS,10918.128440366972
EFEHGDREYHV,3719.880733944954
FAPVFPAQYNAG,5663.715596330275
DRGKAEDSG,724.2201834862385
EHNRSPYKHDS,1478.48623853211
GEDFEGHLG,2469.087155963303
QQYVVREWNKAL,6972.935779816514
FHLYQREPHLPN,6069.4908256880735
FQEFPYNYKHAL,10249.151376146789
HNFFHLG,8950.477064220184
QAAPVFYWKHG,8587.30733944954
ERGYHSHDVS,2227.47247706422
FEEEQEWKVAL,2910.238532110092
VEFHYDG,5441.09633027523
HEWNSHYNVA,5516.316513761468
PSAKGQLS,1110.165137614679
LWSVHDVLG,10387.151376146789
DYFKVRHASG,3065.032110091743
QEQDQYKHNKVL,1045.1009174311926
KPEVPVLSG,863.9266055045872
NDPKWLQEYWNK,3358.6743119266057
FQQNKHWNH,4438.325688073394
NWKKKHDVLSG,1648.866972477064
PEKPDQWG,2202.678899082569
DYADSPDLS,1777.9908256880733
SQQNSRALG,1703.5412844036698
YLFPGYNAFREG,9544.444954128441
DRYDYQYWHS,11938.004587155963
LSYPNDQFVL,15064.050458715596
PGYPWARYNKD,6127.238532110092
ERYFPRYNKLG,5709.495412844037
VHQYKSES,1497.9449541284403
FRPSVFLFYDS,44454.07339449541
PNHWSRKAGWAS,5629.229357798165
KEDADYHG,1184.1376146788991
PWRPALRGQFKG,5835.188073394495
PFGLKASG,2972.261467889908
FKGYEPAGFNA,3460.077981651376
VDVYAPYS,7082.192660550459
YSYEFEYKHLS,11149.802752293577
YANPLFPDSG,5265.844036697248
VPYSAGPKG,1442.2752293577983
KEFYGASG,2368.637614678899
EHSYVSGNPYHA,4563.467889908256
AWPPDLSG,3618.6926605504586
FEWQKHSQVFYH,13696.522935779816
FSYDQPAGFVG,7443.518348623853
DYLHKVLG,3273.178899082569
DNSRAVSG,1189.6788990825687
PDEEYHYVAL,6974.90366972477
WYLKDELG,4158.206422018348
PGKEPSKLSG,851.454128440367
SYDYKRYKLS,3556.2477064220184
WKQVNDRKHG,1729.0504587155963
VLQVEHEVSG,1830.5779816513761
QRSNSNKKVG,849.1743119266055
LVEWWHDVG,8497.811926605504
AEEVPSG,1116.1422018348624
AEDLEDQNG,1084.665137614679
PFSWGYAS,11623.5
KWFAKHDVL,4923.935779816514
YEPAPAFPWS,10109.665137614678
RYDQKAPNLQEN,1401.8761467889908
FAKPEKSG,938.3348623853211
FGYRDPNHV,4727.738532110092
YDAVPYDFENLG,6944.729357798165
PNRPKLQFVGFN,10255.880733944954
KPVGHLYDG,2523.8715596330276
HWGKHWDSG,4354.128440366972
YDVRRYHEHLG,5651.44495412844
NPVWAHAG,3944.2844036697247
HGQKAFKPNHV,2092.353211009174
DAWNDFGPYWDL,19969.633027522937
RYPYEALRPDS,3678.183486238532
RFNNAGWKDLG,4523.435779816514
LGFYWGFALGPL,30183.495412844037
KHNPPWHDVA,3235.1651376146788
PFDQGQRPYKS,3758.3853211009173
PHRASGRPDAQN,1704.2431192660551
VYKGDDLS,1580.3211009174313
YREDVYWDSYKD,9803.784403669724
SFVQPLREPW,12234.151376146789
FPPGHDPNVG,2160.711009174312
WKAYEWQRHAL,9546.559633027522
YHFHQPQYNAG,4611.972477064221
AESQGKALG,1094.1284403669724
WGSAVSG,2977.8990825688074
QFYALEPDHQNL,4842.128440366972
GVKVFVLSG,30233.683486238533
HQHWQWLS,11960.633027522936
YQNKKLQKDVLG,1521.2155963302753
LRPNLHYAS,5723.600917431193
FFEQHASQN,2880.0045871559632
FNGDQFDEYNG,4034.229357798165
FRAGWKQNQFD,6209.972477064221
LKVLGPSWKG,4643.98623853211
KFERLFYWNH,12535.532110091743
EPGENHRPAQHA,1769.6422018348624
SWGFNENAS,3487.6146788990827
EEDEPRSG,985.2844036697247
NRVEAPWNKHVL,4380.431192660551
FQVAGGRHLG,4455.885321100917
DLSNGHDQASG,1245.2339449541284
HPKFPSEWHD,3223.1330275229357
YNNWYKVG,6305.894495412844
NFNLGRKYVL,9364.02752293578
ALGFHKDLQEN,2246.729357798165
FPAGARNFEL,6798.568807339449
HKEAESG,714.8623853211009
ERPWYYWNAG,11611.798165137614
NNWGRNDAL,4315.165137614679
QVFDFPNQHV,4480.926605504587
RYHGHEPNLFD,7496.857798165138
NFDREPDDAG,1701.3623853211009
GPSKFEDVLG,1281.1788990825687
SLFVAYSG,19779.229357798165
SQLGWYWHAS,12750.055045871559
ESVHEWDVAL,3241.197247706422
FNHKDSKAFEG,1245.9220183486239
RHVEHWNDPAL,4327.619266055046
VPYVNGQYND,3380.380733944954
QEYEVRYYKLS,15492.779816513761
FLEVHQRPHV,5909.068807339449
WQQKNASG,1855.697247706422
RFWLDVAQDVL,11143.600917431193
RFYYSKVLSG,9298.58256880734
WQGLFWDVALS,20930.243119266055
DAGWQFYDRKVS,6888.518348623853
HDWGQPPWS,9509.550458715596
DVFEASGFDYNK,5234.201834862385
GDPRPKHVLSG,1592.48623853211
PKDAAPHLSRPN,1702.591743119266
PRYHFHPKHVA,4228.94495412844
QQAELFSG,2095.623853211009
REGLVEWDVLG,4442.5
RGDKQRVS,901.8761467889908
NWLRSELG,5200.284403669725
FLWYGEWKDSG,5056.899082568807
SQSVEAG,846.3807339449542
WQQHAVLG,4628.266055045871
NPPSVLSG,1526.105504587156
VGWPHPWHDVG,8789.724770642202
FEDKSHGEPWV,2729.669724770642
RSLALFHSG,6824.802752293578
KVKHLSHLYDL,4825.899082568807
QVEGLSQFW,13155.577981651377
FQREEYFPYN,11991.862385321101
ARFAEVLSG,3138.440366972477
HRHQSYDG,3065.894495412844
QWRYRNVSQPWV,14416.747706422018
AQEDSHSRLSG,1349.591743119266
VKFKFVG,5046.6100917431195
KNAESDSG,622.9311926605504
SEKRPSPDLS,1112.0412844036698
SQSNNKAG,810.3119266055046
EAARLGQYHS,2355.8715596330276
QKNNFNDVLSG,1693.908256880734
QFWQQHDFNAL,9452.490825688074
HEGQGFRLSG,4021.6743119266057
EVAKWHDLHVG,2615.862385321101
NFSENFLG,5008.752293577982
NSFGNQKLSG,1682.894495412844
KNVQPHRNKLG,1382.5642201834862
RQGQFLSRHDV,4062.559633027523
HHEWSEALG,2781.967889908257
FEVAYHVKLRH,9743.201834862386
HHFEGREG,1686.7981651376147
NAQPNGHLGPL,2676.3256880733943
KLWNAASGWLG,7619.4908256880735
DKDWPWDVAS,2735.6146788990827
KHDYQRGWHVG,4409.637614678899
WSWHAQVFREYG,16046.954128440368
WDNRFDAG,5775.844036697248
WADSFARVLS,12665.587155963303
WPHAERPYS,5226.463302752293
KNLNAWHDA,2824.5045871559632
HFVHWVG,10484.077981651377
FFYRKGPKHG,2672.9311926605506
PVSPHFEGYL,6931.697247706422
NPHYGLSG,2900.1330275229357
DSHPFRDVLS,3837.0229357798166
RGLFAKHLS,4826.068807339449
KSQWNNVLPHS,2892.0733944954127
HYQQFPWNKVAL,8910.522935779816
EPNPVLHLWKDA,3196.266055045872
GRHPFNSG,3338.793577981651
RVSHANSPDAS,1473.6422018348624
KPWLNAEPWS,5678.637614678899
DAKNAEPKHDS,644.7247706422019
NLQRGFLSEHS,5024.95871559633
YNLSSPYHSWND,8735.573394495414
RGPFPDRWSG,4982.605504587156
SENAYDARPNG,1909.7018348623853
QEPFSRLQNHV,3577.077981651376
PGEWLNAGFH,13702.270642201835
LFGSEDVALG,3066.3394495412845
DWVQRFRNHSG,4697.733944954129
RNDQVKVRPNK,1119.4954128440368
LHYVVLSG,18727.775229357798
SADQDSG,1112.9816513761468
KKLWNEWNKHVS,2148.2844036697247
KQKLHFPDVG,1505.0229357798164
AYKKQYNG,1561.4449541284403
SQGYVQVG,2797.8440366972477
PQFRSAFRVAS,7962.467889908256
WYSHQEDSG,2738.2155963302753
HKEQRALSG,1178.1009174311926
SYVRFYNKHL,9751.160550458715
RSQVPKHSLS,1517.4128440366972
RKKLPWSGAL,2470.908256880734
VLEDGYGEWVS,7202.261467889908
KDQPQYVSWNAS,2428.6605504587155
GQDRKGEYLS,1440.5183486238532
FRPYSKFYYDV,13700.284403669724
YLAPYSYWKDA,6404.51376146789
YQDKLKLSG,1734.1238532110092
AQPHVWEHAS,2995.9908256880735
WFWNDEWEYWLS,23288.559633027522
QWRYDGLQFDVG,17079.98623853211
DWPYNRLG,8433.729357798165
REVHRYHSFWNV,10491.408256880733
GVPDQELG,1244.6880733944954
HYPKYNHVL,5528.816513761468
DKRHRVAL,2029.8853211009175
VYWFRYVKVS,21754.880733944956
HPNNNDALSG,1665.9036697247707
GLYWVWLG,27704.798165137614
QQKRWVPWKV,4700.3302752293575
DQDGDFYKVL,4006.52752293578
WLQWEYNDRYHG,16034.119266055046
PSNGKDQPYA,2034.6146788990825
FKSGQWGNAYHV,7869.334862385321
KVHHNDG,1431.4724770642201
SGFYVHDFRWKG,11381.683486238531
LRAGYALWKL,12737.825688073395
LHRKKALSG,1346.8990825688074
WEKFWALGRKHV,7111.5
VYRVKLG,6526.568807339449
PAEVYQNKG,1823.532110091743
VFRYNFLQHDS,8112.922018348624
HAKSGYLSPD,2569.2477064220184
GEPELNHVLS,2006.1009174311926
PKYPRYNVL,4908.885321100917
RLWYKLEPKLSG,5456.022935779816
DQNKDQNGPKD,739.3669724770642
ERRSFSG,2458.7247706422017
EYWDDFRARYD,13741.467889908257
KDFDNKEWLG,1943.2614678899083
KWDPGNALS,2079.729357798165
NQPVHALKLG,2238.6605504587155
FSDSFRYLPNVS,8577.155963302752
FLQVLENPWNH,10970.701834862386
QLKNWASG,2810.7752293577983
WNYPFASG,9715.761467889908
HRNYGPYAL,10310.922018348623
VPAAFES,1666.0688073394494
HQFYGFYDQYA,16363.944954128441
EYNPNAFLQFYD,23115.27981651376
HSFQQYLS,6750.766055045871
WYYKASSG,3474.6880733944954
PQRPHGWEPDL,3976.0137614678897
YAPFDEPKHDG,2373.8577981651374
PGEWGSQPKVL,4091.105504587156
YEAPEAG,1549.6834862385322
RFSHEYG,4784.880733944954
VLGKLRDLYNH,4341.298165137615
LGEESEYG,1807.7201834862385
VNHSWLGYDVLS,11788.197247706423
WHWGEWLYWHG,25494.42660550459
LKPASKHD,1442.1834862385322
GYPNWKDSG,2506.5688073394494
EHAQYFAREYG,7741.302752293578
LRLRDSYG,5753.747706422018
FLVGGFWNHS,11535.45871559633
WNHAEVEWLSPA,9544.211009174312
LFGFWPHDA,12533.12385321101
HSYGFYKSRS,4986.775229357798
GNHDVRQRWDV,5052.775229357798
YAVFSGKG,4447.146788990825
RRSYHQVSG,2732.4908256880735
APWDQPVRYHDS,6119.697247706422
DASSQEFNHLG,1755.8532110091744
DLYSGKSFNK,2414.0183486238534
QHVHGQPLYND,4933.435779816514
HAEYLYDVQRDV,8112.233944954129
FEHDVQDFDFN,3944.467889908257
KLHQFVRWHSG,7743.105504587156
LNHEFPKVASG,1863.9908256880733
RQRNENHLKHV,2107.52752293578
ALPGEAFEV,1965.073394495413
HNGAYLSG,3868.1743119266057
VEFVVLSG,39463.33486238532
DRHQEYPKVLS,2431.0504587155965
EPLGNVELSQG,1574.4449541284403
AFQQVASG,2258.8394495412845
DHVSLYVSG,16057.614678899083
WHEGRPEVSG,2519.0550458715597
YKGGHAYNHDG,2464.045871559633
GQRHDQVAYA,2836.0504587155965
SKDEVQLSG,1024.2385321100917
SNHQLNLG,2551.0183486238534
GRHAPHFEVLG,6434.068807339449
HEEPKVYLS,4049.9908256880735
NVWEFDASG,6605.325688073394
YPGDFWDVLG,9152.30733944954
PEWLDSQKHG,3241.669724770642
EKLPNRYFEYG,5961.564220183486
KQHKFRYDAS,1658.3165137614678
WYEAVLS,14031.816513761469
SELWARSG,4959.408256880734
NQEADEPYNL,2159.9633027522937
QLLAFPSG,7764.233944954129
KAGGRPREWHA,2957.935779816514
LKRYQREPDVL,3149.045871559633
HPWAPYQWHL,22375.110091743118
HVDDGFKALS,2974.8073394495414
PVAYVRNQNKH,3472.3990825688074
GSGYPLG,3530.119266055046
NQAFLGHG,4720.95871559633
EGDLGDGEVAG,1028.4128440366972
QLLENHYVSG,4354.064220183486
VNPGHDVG,1888.7568807339449
WFYSFEKDVQDG,5621.9495412844035
NPFYSQSG,4246.399082568807
PEDGNREYNSG,2058.9633027522937
AKVKYDG,1198.0229357798164
NLQDGPEYKH,2209.0688073394494
HAYVSPNLFVL,37906.394495412846
YALEYNFDPYV,20571.669724770643
VSAANDALSG,1413.1146788990825
AAYLPLG,5389.160550458716
KSQKPWGQNS,1466.954128440367
FKFPAGFKPV,4495.018348623853
WVAPKGAGLS,2031.9311926605506
WSGFRHQHQYA,8068.366972477064
NGEQQFNKHAS,1813.4357798165138
HWNSEVPWVAL,12985.45871559633
KQNVWGWHDLG,7594.655963302752
YYFQRDALG,4659.44495412844
SEFKNKVALSG,2036.3577981651376
FDRAPHKHSG,1940.2752293577983
PHSLHASWVL,12106.80733944954
FRERAQRHRNV,2720.238532110092
GKPAVASG,1121.2798165137615
WRNWYVSG,13651.715596330276
YYDFRFYVG,12540.80733944954
EVQEYQQEWDS,2840.8715596330276
VNKEHRPYKHA,1860.1697247706422
EDELEKWSG,1243.3165137614678
GHKAALSG,1202.6834862385322
GFDKFPKHDVS,1855.9816513761468
RHQDHANKHD,1231.7385321100917
WQLYNDAWNG,11467.45871559633
EFSGASEHALSG,1735.3302752293578
DQYKKHVFPNAS,1818.5642201834862
GPKSKQRNLS,869.5091743119266
KANRGQYKHL,1739.1880733944954
LGEHNDLRKVG,2428.2247706422017
RNPFEFRDG,4441.133027522936
GLQPSLSG,2535.2798165137615
DRPVLFVGYWNK,24090.160550458717
LPRYDWAS,6995.995412844037
HHYNQFHVASG,5039.064220183486
HVSPYVSFEYKW,27162.16513761468
SFWEAGFPKS,6008.711009174312
VYRNHAKSG,1952.0504587155963
PEQREKDELSG,730.2385321100918
QVPRNHVRHV,3220.1651376146788
QKYDHDQWVG,2979.3990825688074
PAFPEDLSGDV,1586.1788990825687
YPVNQYAS,2983.4174311926604
DQWGWQEYNHSG,6164.188073394495
LYHYKEKHVS,2330.1100917431195
LKQLKHSG,1416.6009174311926
QQHLDQYDASG,2014.0550458715597
GEKEAEAG,648.5366972477065
EAYQLSVLS,10201.330275229358
HGESRELGQYV,3529.770642201835
RWQAHDAFKHVA,4791.321100917431
WLAPENVG,4706.4495412844035
AEYRRPDAS,2018.3715596330276
DKWKFKVLG,2719.6284403669724
GPGQSFRALG,2654.0504587155965
YRLNAEHLSG,3542.853211009174
RWHGRDFWAEL,13410.90366972477
WVKNSWVG,7598.334862385321
HNLPEHAG,1559.1146788990825
RSPYSQVPDG,1922.2981651376147
LWDNDYDG,6883.6100917431195
FNGEYQEEYKH,3260.5229357798166
SRDNYDLG,2556.52752293578
WPPKNHVS,2321.8990825688074
WHNELGKHDV,2552.4036697247707
HRVHFHLG,8217.678899082568
DAPGSFRPWVS,4931.623853211009
FRLNREWALKD,6051.766055045871
QEAFYWEWARKA,11630.279816513761
SGVRQFALSG,5774.9908256880735
SPKHYHPYHDLS,4166.229357798165
WGHHARNHDVAG,3492.440366972477
FPQWAPQFYDG,24192.091743119265
FGWGDSPDVG,4149.885321100917
VRWASFHYNDAL,14393.981651376147
RSYQWVNDG,5162.188073394495
KAFRHEDSQFRH,3200.2522935779816
PWHVDGQYLRHL,16989.036697247706
WAKLSFGWHALS,16846.380733944956
RNGYLQRVNDG,4434.660550458716
RDEGHPYKDL,2887.802752293578
PPPRDAG,1182.4816513761468
HQSDQNHVLG,1842.1467889908256
QWQSNHVASQEV,2362.454128440367
QPWFAYWNYWH,25044.133027522937
WNAVYWKYWND,15148.752293577982
YYHHVWKHDS,4557.587155963302
DLREVSKHQRL,2870.6146788990827
DFNKWYKDLG,3571.4495412844035
HLKKDLNDSG,935.1330275229358
AWHYPNDLSG,5042.137614678899
DNLAYHSG,2616.6651376146788
NEQHPLG,2273.0091743119265
HAAEDGRPYG,2747.8990825688074
DFGDARLG,2715.848623853211
QVRYYNYWHL,17384.302752293577
HLVFRNPAS,7736.747706422018
DKVPNPWNDS,1712.9954128440368
WHGVRRHDVS,4295.591743119266
RKYHKLFENHD,2140.4174311926604
NQFEDSFRQDAS,2903.591743119266
SSRYHWSG,5649.591743119266
EVWQHWNKVG,3646.6605504587155
QWRADLQFNHS,7832.371559633028
DAQPEYWKFKDL,2180.1880733944954
EGLAGYAS,2071.1651376146788
EDRWKGSYWAG,4188.178899082569
AYPYQESG,2578.8899082568805
VDGQGVSG,1231.8715596330276
DHSPSYLG,2540.2844036697247
PPVFDRAG,2500.1880733944954
HEVGNVYWNAG,5295.1697247706425
FKLPEKLSEL,1399.8073394495414
DGYKGEASPHDV,1366.3532110091744
QKNYRPASG,1497.0550458715597
EEEQDVG,736.0550458715596
KQEGPSYHS,1675.4220183486239
NDVDSEYRYH,3793.7247706422017
ESYNSFHSRPKV,2766.733944954128
WDYFKHSPDVAS,3320.1743119266057
KAFKRKVAPY,2061.9587155963304
DGRWQWFENKLS,7253.417431192661
GKADNKAG,705.2155963302753
PHESGVQKHALS,1468.98623853211
WEDPNSFHDL,9214.449541284404
WPKPWGDS,4032.6284403669724
NKKYAGRWDALG,2835.922018348624
YHNPPYNKDLS,2416.9266055045873
NVPKVFPSPYA,4252.51376146789
WEKELSNKL,2282.362385321101
HQELYAFEPN,5317.766055045871
QADSPWRHG,3364.5963302752293
PSAHPKHG,1365.5275229357799
PWNENSRPYWKL,13825.394495412844
HFYFPGREPK,3803.743119266055
LFRFWGALSG,9537.766055045871
RKVHPDPWHVG,3641.197247706422
NPENFKHALS,1492.0366972477063
LEGKNKHAS,1122.4587155963302
NSFGQGPNAL,2554.0
DPWPRVSG,2700.435779816514
RPPKDNEDVG,788.9495412844037
YSLHLFDVAS,7536.247706422018
KDNHKGNHLG,1226.6100917431193
EYKWDSYSQYD,6744.6697247706425
RGHVGRLGQVG,3423.261467889908
GQHQFRQRYKSG,2836.197247706422
PLLNSKVAG,1859.1422018348624
WLYPQENSG,3862.637614678899
SFKKRYWNKH,2530.862385321101
KNKRQASG,745.9220183486239
SNNQPLSG,1480.334862385321
YPSGSNVG,1704.3761467889908
QARQHDRYLG,3920.683486238532
QFGRAQGDVAS,1711.1100917431193
DDSWAEYG,3616.7247706422017
WLWFEFEPYV,33604.57339449541
LPKYPKSG,1660.3256880733945
HGYQKGQPYK,2334.270642201835
RRGWPYLSG,8301.51376146789
PSYQPKFPDV,2695.802752293578
VFDQARWNHG,4716.665137614679
VEWSLEWALS,13851.321100917432
ESPWHPVRDL,4503.188073394495
LHYHQFRWVG,12160.981651376147
VWKGPWSFD,14750.908256880733
HNDGSHAG,1590.7981651376147
EWVDVEYNWNVL,17158.284403669724
LGPWYASQNDV,5242.3302752293575
PRKEKNHDVS,807.6376146788991
RNGDDAREKDL,962.651376146789
VGHNYNVAG,2258.9174311926604
SYNGNDNKHV,1648.197247706422
LPHPYNNVAS,2857.9770642201834
HNHHVKLSG,2070.032110091743
NHGHHLGFAL,11133.683486238531
FNNGAGQPKH,1897.1788990825687
RHAHAWVYSG,9744.811926605504
AKAKGALG,762.9908256880734
SFSSKLSG,2414.8853211009173
KGAAKVSG,746.3669724770642
RLVFWEKSG,9465.720183486239
KPSWENG,1423.5229357798164
KYDGDFKS,1507.2018348623853
QEGRSPEKHVS,903.743119266055
KYRHWNASG,2760.0366972477063
RHARLSQWRVLS,9993.064220183487
AQWPNGWKLS,6039.252293577982
PQPSAGQREVA,1133.7477064220184
DANQSGRPWNL,4583.940366972477
EYWAPDYKGQK,2284.146788990826
LKGFPGHDG,2690.3853211009173
NSGAHSGFYK,3544.848623853211
VSVNLSEALS,2407.7752293577983
KDSYYGWKDG,2724.8119266055046
FWDWHNHDRWH,13110.600917431193
ANLDWKSG,1999.4816513761468
ELWPASYWNS,12221.995412844037
HLPSFPRDALS,4425.821100917431
YVYWGRKLPDG,6095.215596330275
VHQEDSWS,2276.4449541284403
FVREAEWAGWHL,17061.02752293578
KPYLPKLQYN,3941.178899082569
PNKWHDSRYGFV,10488.908256880733
AEWVWDRPG,7374.880733944954
LPAPFKSG,1980.5229357798164
QDWRQFAG,6018.1100917431195
LRRSHLG,3924.4862385321103
PDWYGWHALG,14410.142201834862
SFPDYLGWLG,11288.995412844037
FSRFWAFENAL,15867.188073394496
WNDHPWNQPNK,3535.711009174312
QYHKLNRNHA,2790.9954128440368
QKAGRSGFRVGF,6444.48623853211
WEYHLKLPYK,7618.211009174312
KWDVYFWKHAS,9317.733944954129
AYQFFPAL,15946.839449541285
EADEEKDVL,749.8853211009174
EGYELGVLSG,3404.8853211009173
DKFSQRVALS,2572.201834862385
AYNEWSFREG,5462.463302752293
SVEDEVL,1108.2660550458716
EWQREQDLSGYG,5234.807339449541
YYWEDHVLS,10303.95871559633
PEWQLEWS,13189.169724770642
PFQFNYKHDS,6108.926605504587
YQAPQPWDVG,4643.243119266055
HQFNVFHRPKVG,5778.133027522936
DLVSDVQYHG,3431.4174311926604
YWFDWLQRNHDS,6884.422018348624
DEWANAFPG,5597.94495412844
RLYALAQPYHV,15556.357798165138
FKKWKYKHAS,1395.2293577981652
KDLFEHPSRYG,5211.697247706422
QNAFYNAGHSDG,3331.9495412844035
PAYWSYKVFHG,15062.642201834862
RGKHLDFNAL,3657.4862385321103
NREWYAQNVAL,9909.811926605504
KSPRNAPHL,1848.4816513761468
DQFRVEDVNKH,1723.2981651376147
DPQWDDVS,2060.2201834862385
KLDRKQFYNS,2280.077981651376
NRHNFWHS,8115.261467889908
RPSVWAEWAG,7094.954128440367
LYDESRVASG,2072.6743119266057
NHWPHDFPHDAS,5044.931192660551
QNNPVFEPD,2409.8853211009173
KLQWVPVFKVL,23688.018348623853
SDLFVHVAL,25533.894495412846
KQHHFRSG,2704.183486238532
YHNDVYEPNL,5429.779816513761
PNVVDLQFHVS,12824.243119266055
PFNANSQFRN,5353.922018348624
GSDAELSG,1064.4495412844037
QLQSNDADS,1020.0275229357799
YELEHWKDASG,2698.9449541284403
NHPAQPKDGS,908.2981651376147
KNWFYKG,4472.344036697248
NLVLLSEALG,23532.330275229357
NAQPQHLGWASG,3543.059633027523
PVKAWGPDLS,3213.7155963302753
EGLSWHDYKHDL,4569.756880733945
QGSYPHG,2439.9587155963304
EYLNEAYWLS,12656.61009174312
WQKHANGPWKDG,3225.6559633027523
EASFRGEDGKLS,1314.3119266055046
YQVNSFKG,3746.4495412844035
ALRAGDGWDS,4030.1009174311926
DNWNNKVAL,2816.6651376146788
NADNQYNAL,2425.848623853211
QLRQHDQFDLG,4033.3440366972477
SEQLSNVASG,1590.8394495412845
NAYRAEWNKDL,3429.8669724770643
HFKRKGYNHL,3345.5137614678897
PHDQKGFYQYK,4240.692660550459
VKPENSG,789.4587155963303
HLKNQNVSG,1614.8440366972477
DPADAWLG,2203.619266055046
WRLKRNVG,4206.724770642202
YVWVWDFYDL,35167.091743119265
QPGFRPGWDAK,4140.238532110092
GQWFLFEYWKVA,25652.669724770643
AQNARSKHA,1326.2522935779816
WVPGFYHYWDA,25728.316513761467
RDAFFYFDVL,36533.20183486238
DVSFQDVLQD,3793.9587155963304
ELYSHVQWG,8585.394495412844
HSYYQFPYWKS,9858.151376146789
DSRDLGELFRVL,9436.564220183487
NDLLDVAESG,1694.4220183486239
HWHYRDLG,9314.95871559633
SKVRHWKHVSG,2405.591743119266
GPREADASG,923.7385321100918
YKQENVQAEPWN,2907.302752293578
NWFWWNHALG,17685.701834862386
VVAAWNDVS,2995.706422018349
FNKEWKADFWV,9440.444954128441
ARERYQRYNKV,2339.178899082569
DFLRDWVSG,6855.9495412844035
FQQRYKQDVG,2540.821100917431
KANPVQFPKH,1910.3715596330276
RHFPVGQDLWNV,6796.917431192661
NDDVPFWNVG,6524.293577981652
AFEWQFAQFEW,34870.24311926605
DFVDLDVALSG,6081.018348623853
VYYFASG,13605.183486238531
PSLRPNYSG,4368.279816513761
PFDGYQYWDVL,24626.6376146789
LYNHDRHGENH,2610.105504587156
NKVLSASVFKH,4157.577981651376
DGGPAVSG,1220.3990825688074
SVEGPSG,1129.6009174311926
NHNSRYWGSG,5884.834862385321
QKEQALSRENV,1170.408256880734
AFKHDEVFWKHD,4033.743119266055
SELQYGVLG,5514.004587155963
WVPNWNEDVL,6224.981651376147
EFRSRGPNLS,3246.440366972477
PGLFSWKLSG,9064.830275229358
VFEFKAEKDG,2341.243119266055
HAWDPGQPNDSG,2200.802752293578
WNPLGWPHSG,9093.238532110092
PQNWAYNHDVA,4125.385321100917
WKNHVAQYQRY,8815.766055045871
APQDSHSG,911.1605504587156
VFPVDQEDVLS,1855.348623853211
KWNYKYHDALS,4284.628440366972
HQRYWLPHGYWK,13536.29357798165
KKKSWDG,891.9311926605504
DNGDRPSG,1061.1605504587155
KQFPSQHDLLSG,1808.7935779816514
AWRYGKSG,3495.2155963302753
QFDNAQFRVFWN,26891.623853211007
RYVNAGRPEYNH,5236.142201834862
NASNPALEPNK,1158.8440366972477
EPSFGALSPWND,5996.077981651376
RSEFPKSFVLS,9842.743119266055
VWHYWHESG,8889.98623853211
HQLAHVSG,2344.0366972477063
GRDPFRLSG,4298.0504587155965
DENVVFWNAL,15184.353211009175
YNQWVYGFPKL,16601.08256880734
NEKQALSVAL,3400.2247706422017
NSYQKLGYWKLG,6551.211009174312
AEWYVQRYNDS,9696.11009174312
DNVAPWHHALS,5702.711009174312
FLKGKLQRNAL,3125.559633027523
VYNVPRWNG,5580.614678899083
NNVNAWLSG,4760.793577981652
WFRGFGQEYS,10791.37614678899
DSHQESFNSG,1380.1100917431193
RWHHASSFEP,4923.821100917431
YFWWVWASG,13555.678899082568
RANPYQRYVS,7783.8302752293575
HYYDAALG,5411.697247706422
DLPPYNGWLS,7862.559633027523
SEHNSFLS,4078.330275229358
QRNYPYNGEDG,2372.6100917431195
EWVSYHRNGRA,5814.05504587156
QEASGYVFLGKA,12590.357798165138
NQEPDEHAPKV,992.0229357798165
YPQHWASG,3830.0183486238534
HPNELRPYDS,2684.8899082568805
DGAVANVLG,1975.3440366972477
WVRYKFDSRKDS,4688.628440366972
SRVHVRAL,6200.288990825688
PVVQKKHVAS,1332.0045871559632
LRASVWNKDVG,2950.238532110092
VWAWLHSG,13088.5
WVYDYWSRYKV,10981.802752293577
FGPVEALEVS,1859.2706422018348
ENHLHLQSEKDL,1494.3394495412845
PFQRDQRPDG,3025.2844036697247
LNLEGQSG,1440.7201834862385
WLVRKDQFEPN,5526.48623853211
ALAHVRHLSG,4149.5504587155965
FHKHAWYKHL,6647.160550458716
YRSHHVLS,4859.674311926606
VQWGAQRYNASG,5091.467889908256
VLGHFDKDVL,4421.123853211009
LSYSNVREWK,4277.59633027523
SFFNRHSG,4286.798165137615
YHQRPVWALYKG,10963.19266055046
YPWGDRPVAS,4055.651376146789
YQKKQELSG,1013.0045871559633
SYANEYSG,2725.02752293578
QLEYGHGELG,3052.7201834862385
ASPFWQFRNKLS,6383.275229357798
DSRLELQLG,4072.270642201835
PSDWSWHLSG,7415.912844036698
QWFQYKDHG,5190.95871559633
YSDAFSRYWK,6097.633027522936
QFQWLRKDLQN,5069.633027522936
VYGDGPALSG,2898.619266055046
FQFNSGLFEVS,13530.93119266055
ALKPNQREHDS,1154.573394495413
NDNKLSLSNH,1717.3853211009175
FAADKHDASG,1331.0275229357799
KEFNVKALS,2072.362385321101
HKAYNKESG,905.5917431192661
LNSNSWSG,3273.0229357798166
DQQVFWAG,5465.894495412844
HARPFHGFNKDG,3158.9770642201834
YKKPQEYWKD,2114.0091743119265
QSPGLSFNKDA,1399.834862385321
DYGDQHAS,1578.619266055046
SWSSQAL,3680.587155963303
NDYLFKPHDLSG,4309.119266055046
KVEPWGVGFYNS,9943.339449541285
QGEKVHQFRY,5392.366972477064
QRVDRYVLSWKH,9432.270642201835
LSHHVENVL,2979.0229357798166
AVKAESG,677.6605504587156
HFGPRASG,2854.9954128440368
FNKNGEAFRENK,1318.866972477064
GQWFKHPYWNHL,15765.977064220184
GRNVGRKFKLG,1896.105504587156
HYENNDALS,2043.6697247706422
VYFGHLG,6510.137614678899
HPHSDQEPVAS,1192.5504587155963
NSFYWGWVYKG,14962.385321100917
VHVSFLYDG,24616.967889908257
PKRVKGQWG,1846.6834862385322
QVNGHQYWNKV,3334.5183486238534
KAQFLKNASG,1897.6376146788991
YYSLYKASG,3136.8256880733943
NVWDVEPEWHVG,6318.866972477064
PWNRVAFPALEA,7543.279816513761
GPWNFREAGWHD,8480.394495412844
KSQKHPQNDA,834.4036697247707
DRKWSPDVALG,2347.7201834862385
QVYPDGQENDL,2011.7339449541284
LYYVFDASG,13153.798165137614
AEANWVG,2943.9495412844035
YWGLAGWKSG,5763.366972477064
NYKNDALFKDAL,3209.6651376146788
PGRFLPYWNKD,7313.44495412844
FNSDVNKVHA,1493.2981651376147
ANEKAEG,578.7935779816514
SQWVRHRPG,5268.504587155963
RGNHWGPKVA,3047.6743119266057
QEGGYKLQFWS,11397.564220183487
HWEPKFWG,9901.87614678899
YLRYQAFRVAS,11665.550458715596
NSWYKEWNVG,4935.912844036698
FDEQGYWNKG,2770.0183486238534
PHFAYDHLG,8411.275229357798
YDEAGRWDAQEN,2827.059633027523
FFGQEAHG,2586.743119266055
KQRPKAPQYWS,2361.3440366972477
YDGLALRWNAG,7921.582568807339
QRQHQEPEPYNL,2323.9633027522937
QPRPYFSQFKH,7764.788990825688
ARYKQVYVLSG,13144.160550458715
KDHFELHAL,3915.766055045872
FAEKSGKWKVA,1719.408256880734
VEVNWKDAG,2151.151376146789
FQWYPHLG,13561.211009174312
NGVNEPLG,1858.0825688073394
NNHLFHNLS,6381.518348623853
QGFWHKQPWNVL,12559.321100917432
YAERHYWNHLG,7847.197247706422
KRRPAFRENDL,2030.119266055046
LEVAKDLEDLS,1514.8394495412845
SYQSRNLSG,2753.922018348624
KELVYALG,7663.495412844037
NKPNQDRYWKS,2092.8119266055046
FFPNYWREPN,7059.422018348624
LRAVKDALS,2039.133027522936
VDRYDNG,2070.880733944954
DDPDFPYHDSG,2352.233944954128
QPFASNVGFHS,8743.756880733945
SFLFYGQPDAS,9482.738532110092
PNAQPHGRASQR,2052.912844036697
GRSKDFALS,1889.6100917431193
QRSLYAPNVLG,5435.380733944954
LSWSKGPYNKD,3142.1009174311926
YHFSHFPYWVSG,13300.545871559632
YNSNDARHEWKS,2398.4633027522937
WGENVLVARKHD,7842.0
HYWYVWNKH,8607.830275229358
NRWDDYKVAG,3771.1100917431195
NKNYHDFEWNA,3672.3119266055046
PVLRFSQRPNVA,7756.880733944954
FNNHDQKENKS,898.3761467889908
VARYWKWLENH,7466.0091743119265
YQVQQRNKHD,2282.293577981651
FRAPWVFWKQYH,18258.463302752294
GHENKWG,2213.6330275229357
NAYWNDYWVLND,19360.422018348625
VGQKNLFEPYS,4282.48623853211
GEHHVWDLG,7084.95871559633
FELGQFGRKPKG,2531.894495412844
EFEVREPPNDV,1970.591743119266
LRLHFASG,7983.628440366972
RYHHWNKFRE,4166.252293577982
REFAASFWHVA,11556.160550458715
NRNEWGRWVAL,15090.19266055046
PYEANAGHAL,4400.233944954129
HWNVRDREYNLS,6579.022935779816
EWNYWLDVARDG,12881.885321100917
NNYQALG,2818.5183486238534
YWPREKRHG,2863.8577981651374
RQGGNSG,1269.7201834862385
DRVLGAKVAS,1700.0412844036698
WERQFREYL,13135.270642201835
VDSRSREPWG,3564.8715596330276
DHHSVLG,2012.5412844036698
WKGSLQEHS,1758.7522935779816
LDWDQSG,2942.467889908257
HGYWHAVPYAL,18631.94495412844
AKHELYWHDA,3830.380733944954
KASDQEWENK,1168.0412844036698
WRPAFRVFEPHG,11900.752293577982
NDDAREYGPNK,1489.605504587156
YDVNYAQFVG,8403.79357798165
NGQHYFEPYNS,6202.321100917431
NAQPVYKEYNG,1993.197247706422
KYLGVPHVASG,2268.105504587156
PGYRVSPYKG,5203.270642201835
WFDFLEPWKDA,11090.481651376147
GKHLVKDLG,1729.894495412844
FAVANLQYWH,17710.756880733945
AHLFQHSG,3949.9449541284403
EGHKFWKHAS,1763.2339449541284
FRWHEWKSPRKL,4383.261467889908
RGLEFDVAG,3054.7155963302753
QPSKALQSPWDS,2468.1284403669724
RSGPNQSGQRH,1898.2981651376147
HPPSQRWHDS,3039.761467889908
FSELGWHRWNG,10158.275229357798
KAFHPHYHS,4737.756880733945
DGYVFYPVLG,30983.17889908257
PSAQALFYWG,18998.743119266055
HVEGDLHVAG,2469.032110091743
WAPHLEGRND,3607.532110091743
HASRHEGRKVLG,2177.743119266055
SWSRGESG,2002.3119266055046
ALPKRLRYVA,4737.321100917431
NGKHESRYWKV,2879.4908256880735
ERGRSVLS,2320.9770642201834
VGHWFRDVAS,6939.857798165138
EVAFKRYPYSG,6673.683486238532
DGVNDPLG,1461.954128440367
SGGRYHDWSG,5746.711009174312
GLPQRSG,2166.967889908257
WFSYNRWVS,12233.48623853211
KNLKQRSG,966.9495412844037
EQYALQWYVAS,20102.922018348625
KEDYLKSG,1439.1559633027523
FKFPNAWNHLNA,5490.724770642202
NHLAQEHGFWL,14841.321100917432
SHKSEHVLSG,1340.651376146789
ERFVANG,2364.5550458715597
LEGVNLSG,3310.02752293578
WFVPPWSG,16793.02752293578
QWALGLVGFYK,21674.01376146789
GDYWYDVLSG,10750.114678899083
NWVGWSEYWKG,11669.536697247706
LSHWDQPWHSG,8483.444954128441
DNELRYLG,4409.917431192661
YRWAHLQEL,7808.743119266055
EEHYWVRSG,6139.5504587155965
RSQHARNPKG,1247.848623853211
QGRVPVGHDL,2875.9633027522937
WNGEDVYDSGKD,3109.321100917431
PLAPALKSG,2451.729357798165
VPYNFREDVQPH,3633.178899082569
KHQDPDFESG,1248.2155963302753
PAEWVGYWKLEA,12998.059633027522
ASLPEVAS,1185.7018348623853
RKDKNDGFPNAL,1351.1146788990825
GHGAQKVSG,1317.1605504587155
AYWRPQENHAS,3158.316513761468
DEYWWKGFYHAL,14605.967889908257
HKYDRASG,1574.2798165137615
RGSFKLQHVA,3388.908256880734
PDSEPAFASEN,1423.954128440367
HVFKGEHGENKV,1300.9908256880733
WALVLVANKHG,23449.74770642202
RHYRKDQRNL,2164.5963302752293
NWDDPWSG,8880.330275229358
EQYKAFALQWNV,10549.449541284404
VDLDNDALSG,2074.8256880733943
ENLWRLSWHL,21526.224770642202
LWGADLG,5755.894495412844
NELENLWG,6386.931192660551
PLWKEPSRNVA,3055.087155963303
RPPREDNKAG,899.4174311926605
NGKQLYHDVLS,2867.059633027523
NAHLSLEDVLG,3416.7201834862385
RYRSSPWKHSG,3229.922018348624
FWFPNKPFRKG,4870.527522935779
NKPGWKLWVL,12942.949541284404
WGDYWKHSKLG,4889.284403669725
GASQSYG,2047.2339449541284
GRFQASG,2794.9816513761466
QPKFWHDNHQYS,6454.894495412844
FLQKRAFEYWG,9837.79357798165
ELLHVKSG,2199.0137614678897
FLRVYGQWKDV,9572.137614678899
RHHVFWWSG,16509.715596330276
NSPHAFNFHAS,5313.1697247706425
LDWNKNKVLSG,2221.935779816514
QDDKNHLSG,969.4770642201835
VALHKLGYKS,3473.9862385321103
ENANVNKPNK,798.559633027523
AVYDHLSG,3487.238532110092
NAKWEWKDVS,2233.7201834862385
PKKANVWKG,1046.848623853211
RLNNLKAG,2083.064220183486
FRLVGYNFYD,21091.16513761468
VGDAHVRWG,5460.0
DHLWDQLSG,4167.275229357798
HRNQRHVFKG,2908.1284403669724
NNFGFAS,5964.536697247707
SNAAGHG,1581.5504587155963
RVPDGPDSRNG,1502.697247706422
ANEYAYAG,3507.0366972477063
DGPLEDPYHVS,2289.233944954128
QYFEPSFSQNHL,8702.97247706422
LNLGPFAG,7625.857798165138
GALVQKASG,1566.6880733944954
LEHDRSPYDVL,6848.339449541284
DWHEAPYG,5465.747706422018
HKWKFLSG,3685.3348623853212
NVSFEFGFYH,27375.74770642202
ENPGWDWNHDAL,4784.082568807339
KALHYVAGYNAS,4984.605504587156
KAEWDGHLEWKG,3490.0412844036696
SHNKYHDLSG,1857.7935779816514
HWAHSQDG,2908.9908256880735
QWGLGQKVHD,3321.408256880734
WQNPALWNDAL,11630.550458715596
ELFYEHDWAS,9720.532110091743
DSRPNGAGRV,1487.105504587156
HNEQFWHDLG,6323.48623853211
FGAARPVALG,5239.623853211009
GNNSASG,1235.091743119266
NRAFDGFRSG,6623.123853211009
NDLQKAPKFRYH,3520.7247706422017
YSAPKDWHS,2965.47247706422
LSEWSWALFRHS,14987.321100917432
RNKFLRWNPNAG,4042.0412844036696
VFRAAGDVLG,3838.1651376146788
NRQRRPNALG,2734.2752293577983
GWQEQKAS,1346.133027522936
KFDALNHSQPH,2647.532110091743
WVLGPAEHYWLS,13328.197247706423
LDVYEASG,3163.4908256880735
YNGFQFAGQRYV,15612.183486238531
RFPDPWKRHAL,5880.761467889908
FLHRQPLS,5366.206422018348
FLHEYAQALS,5043.44495412844
NDGNYLQFPNKG,3040.206422018349
QDYEENDAS,1100.2568807339449
SQWHSQLFKDV,6254.51376146789
VVLWYWSG,26591.201834862386
KDWHKHDRPHAG,2310.3256880733943
WLHLKALYKDL,8444.784403669724
NAWNVAALEWKD,5817.238532110092
VYWPKGKVL,5066.564220183486
PVHYFVAL,34008.31192660551
GQSELRASG,1423.0091743119267
WVKLEDWLG,9639.174311926605
ERGAKDVLG,1091.7568807339449
RFHHSQKHL,3262.362385321101
QLRNGFVFENH,9665.683486238531
EHWPFPKSG,3525.3990825688074
WKQLALSKHS,3188.7155963302753
KSDHREYG,1399.8577981651376
VFDLWHPYDG,15194.775229357798
FNKEQEALQWHL,5845.288990825688
LRDLKSQRL,2615.454128440367
QGELDAGWNAL,4908.064220183486
WVLNPDVFNKVL,18183.75229357798
FEYPRLSGQNV,3243.761467889908
HRAVYLG,8785.036697247706
YQESEKVSGKVL,1652.1376146788991
HQPHHLSPNAL,3155.9770642201834
DSNFHGYNHAL,5338.380733944954
RPGLGELEDV,1649.348623853211
NKLLFNVLPWAL,26546.724770642202
PKRSWKFRALS,2768.9495412844035
VSENRYNLGHAS,3973.6146788990827
EVFVFDADG,31049.43119266055
VPWWLRHLSG,15850.059633027522
DSVLKWKHAG,2081.087155963303
KSADRKLG,726.8853211009174
LRAVHSG,2913.6284403669724
NWPQHLG,5302.798165137615
NWSEGWDLSG,5414.0091743119265
VYSGGQRVS,2486.2155963302753
AYAVQWHDAG,5167.8302752293575
WAVHQYVLSG,14759.032110091743
LRPSFYKAGRKV,3658.0412844036696
PVYASWGYDLG,15453.128440366972
RGSDFKALG,2211.8394495412845
PNHENPWRWKH,6604.004587155963
DVFSNGFDG,5417.215596330275
LFYHWSRPYNVL,12666.564220183487
ASAWGASG,2695.853211009174
EQHQQFWNKDV,1783.2431192660551
ALVEPVFEKVG,3120.7844036697247
VNQLVLSG,5007.614678899083
QVKRLRWNH,4244.004587155963
VLFEDLEYWKLG,13118.766055045871
VGVNLKVG,2859.9587155963304
VRAWKPKHDVLS,2794.7844036697247
YRVQGPAS,2435.467889908257
KFQYNQNG,2157.1880733944954
DHAGERWHLG,3372.105504587156
PLKWRKVLSG,3535.5229357798166
DFKPQASG,1270.394495412844
EKNLPNLNAL,1479.0
REFHSGEQRPH,2122.197247706422
QSDQRPSKHDVS,1123.3853211009175
ANPWPNG,3086.1146788990827
VQWNQFYWLEKA,16486.857798165136
VADAWHQYDAG,3607.3073394495414
DPYVYYNHG,8351.105504587156
VVSNQNDVAG,1391.6100917431193
HKEHPDVALG,1299.1100917431193
ERLNKANSG,1050.8165137614678
YVENEHADAS,1464.5229357798164
QEQDRNAQYL,1686.5550458715597
ELHKKAS,926.9724770642201
YANPHRYWNKV,6101.477064220184
FWSKPLSGEVL,3855.908256880734
DGGHGEAG,1114.1743119266055
NVHHDHDG,2176.243119266055
WRGENLPHDS,3140.5366972477063
YASFLFHVPHL,19036.371559633026
WNLAEYWENKHL,10784.215596330276
RFAFHFPYNKA,8251.536697247706
WFRQAQHDVAL,6787.917431192661
EQWKYWDFNLS,10673.761467889908
AYHEEASG,1528.7798165137615
HPSNVFDVSG,2676.3394495412845
LYEHRWG,6490.0091743119265
DAYEKEYDVSG,1578.105504587156
KQLWRNVSG,3119.738532110092
AYRDEWNVAG,2923.564220183486
NFFYWSYG,8461.142201834862
PWEAHLSENDS,2707.6926605504586
DQADQRSG,776.7385321100918
AYFPDHSG,3511.238532110092
KQQDSFWLG,3800.967889908257
RSGNPFEWHDG,5835.55504587156
QQPWNWSRNHLS,6579.279816513761
AYLNAELSG,2738.293577981651
HPWWVRKHDA,5621.155963302752
LSSQGNLG,1545.9357798165138
VEEKQYVLS,2040.3761467889908
FPSPNSRSGPW,6252.160550458716
WDHDYAYWHVLG,15849.334862385322
WQVKHEHVLG,3508.821100917431
VDAVYHDSG,2329.9174311926604
YDNQPYDYKS,3110.123853211009
VKHVAGNQWKLG,2585.4174311926604
VPQGALSG,950.6651376146789
YKERGEKVL,1351.165137614679
AFWVRHLFEV,21546.940366972478
LEHAQENRYN,2816.9266055045873
RDYSDVQFRKDG,2890.7155963302753
DSGKPKDVAREP,968.9082568807339
KRARWEPWDAL,7076.532110091744
VSDYDGWKHVA,3066.2247706422017
FHGNKQWSFED,4144.619266055046
KAQLFNGWKA,3676.238532110092
VWNWHEYALG,12226.04128440367
NLQVWLFDAS,31641.288990825688
AYKNQWVSG,3298.2201834862385
WKYRFKVAL,10495.330275229358
AWKFHFHALG,9487.605504587156
PPVQHQPNDVA,1375.1422018348624
HGKNPYSG,2131.912844036697
VPRVPNKVLS,1710.8256880733945
HDRAALSYHS,4334.738532110092
KPEPKFYL,2520.3119266055046
RRPFWVQPWS,17586.298165137614
KRLPGHLG,2235.119266055046
NWHGEKFPDALG,3084.646788990826
QKYDSNGFENA,1439.3761467889908
RRVDYVG,3104.2155963302753
VGDPNGKHAS,993.2064220183486
RKYLFKYNHSG,3708.4495412844035
WKKDLFYSQYNS,6635.422018348624
LAGFKVKLG,6876.568807339449
VQREQYLQRYKV,5961.522935779816
GDGLQRPWNK,2989.912844036697
YAHPLGKDVSG,1836.2339449541284
VWLSAPAG,4892.6100917431195
WRWQRYVEVL,24027.577981651375
LFGLRNKHL,5378.279816513761
SRQVPNG,1687.866972477064
GWYAHAS,7735.463302752293
HWDWPAG,7780.082568807339
WLGFQDVSEYS,10820.532110091743
FDGFRNPHLFRD,11923.284403669724
AFHPFRALS,9590.091743119267
YHSGESQRPNYW,11275.426605504586
AFLKNKDVAS,1696.5963302752293
HEWHNKSHLG,2980.6422018348626
AFKVKHDPYKA,1951.4311926605506
FVKEAGWKHAS,2184.077981651376
VEHAVAPWHS,6214.8302752293575
SPRDKLSG,960.0825688073395
KGVLEKQNLSG,1046.2247706422017
LGWWFREPNHG,9587.52752293578
NFNWNFSG,10016.88990825688
FYVNPYLDVAG,7820.266055045871
FQRAEPDFHDL,4847.105504587156
YGRWQYEKVA,6255.711009174312
ARNNLQWNKHL,3974.2752293577983
VEWSGDPNHVL,5249.752293577982
FGEWYHFWAG,13367.926605504586
EDANALREDQWK,1620.7935779816514
FFAPGQDLS,4067.4862385321103
HVLALQAQWHV,14570.52752293578
EVWQFGFWDVL,35172.54587155963
KWRKHFAS,2891.848623853211
HHELKVSG,1497.5550458715597
WWFPLNAG,14332.279816513761
KDFAWKDAPYNS,2823.4036697247707
QQHGLQKVL,2141.5733944954127
DDGEFDG,1894.1788990825687
WLFWNLQELYNA,14694.321100917432
HSAWNDVRDVA,2752.169724770642
HKASRVWAL,6016.54128440367
EQEYSDFEWDL,5175.467889908256
QKHVKREALPWN,2591.678899082569
KRVFEWDAEYVL,11219.93119266055
VFKYREYWKA,4951.311926605505
FYKDSKRPDNLS,2018.8715596330276
WHYPGNKALS,4025.380733944954
APQAPHDLS,1166.0963302752293
NRNFNSRENHA,2447.4495412844035
WGRQPKVALYHA,10608.114678899083
EYSKHEHQHG,1728.802752293578
KKEANLSG,700.5963302752293
FPPRWKQLSG,4124.788990825688
RWFEPAEWDVWA,16970.183486238533
RPLEWDARWVFY,40052.56880733945
QPSDHDSNKHVL,1830.7064220183486
AQFYQEPWGYN,14925.97247706422
EWPFPWVADV,13378.467889908257
RYFRNYLYNSG,7357.004587155963
NDDHLQVLG,2758.3853211009173
YGWEDSPWKVAG,5746.54128440367
DRKYGHSG,1478.8990825688074
DFGRSQFASG,3605.6605504587155
FEFLPWDQNVA,8464.45871559633
QLHWFDVSG,10097.688073394496
QRYEYDLLQRP,7308.802752293578
REWFQEPNQLS,4600.811926605505
DVPAGWYKG,3129.2201834862385
EWVYNSYLYHDS,19948.110091743118
QARDYVGWKH,4063.9954128440368
EDVFEKQGWNL,3321.7247706422017
YGAWNLDG,7563.876146788991
HSHLFVFYWKDL,24974.69266055046
LDWDKDVAL,3984.683486238532
HRQYHHLG,4546.344036697248
FQKGRYLQRAL,6297.178899082569
DYDVAAFHAG,3721.954128440367
SHANPWDALS,4326.435779816514
AQLDDLSG,1585.032110091743
GWQEAFNLG,6780.275229357798
LNQANKDAG,1186.3119266055046
ADHLQPDVA,1602.8165137614678
RQQPWEDG,3208.9954128440368
HEELGYALS,4754.3899082568805
NKELSRVLFVG,19393.51376146789
DQQPEDG,1059.5642201834862
FYGFNVGFVAQP,15259.045871559632
VQYNFLGPWKV,13889.339449541285
HAGPRNLGQNH,2536.3990825688074
GKAAVLG,1382.1146788990825
NDNAYWFYKHV,11740.270642201835
FSDGVSFKDVLG,5461.5504587155965
ENSREHGRAFKL,3077.4816513761466
KLAHPDLSG,1640.5871559633028
KRWNQLPWSG,6938.371559633028
VYWWQFDAG,16354.105504587156
QHVKVQKNHDG,1428.3394495412845
YLLQWFHG,13707.61009174312
GFQQFKSG,3726.7522935779816
WNNYALKLSG,8081.954128440367
GHENFPLSG,2613.9587155963304
NWSNQWLS,10720.619266055046
VNSKKALS,919.8256880733945
EHQFPKLWVRDS,5152.536697247707
EGDVVSFEYN,9010.816513761469
EELFEGYDVALG,4751.94495412844
GHPWLHSG,7906.082568807339
NWKYEPALS,3562.0963302752293
QKNNSGWAS,2018.8899082568807
PHQSDGFPWDV,6377.04128440367
QSFPYGPARPKS,3142.5825688073396
FQFAYSFYWK,17360.655963302754
PLAKDLSGEPS,1406.5504587155963
SGVVFELSG,24984.243119266055
SNAQEYEKDL,1344.9587155963302
HSGSDGFPKH,2015.5
LNPNNVLS,3161.178899082569
QPYNLPALFWES,20292.288990825688
KAWDNLFKHVA,4588.688073394495
VQWADLYWKVA,12146.52752293578
KRNGAPWNDA,1961.48623853211
WRSVQDSG,2966.5091743119265
SRSKHRKVA,902.1376146788991
PKSSKQFKHA,889.2981651376147
AKVPPVLSG,1570.6788990825687
FGRKAWKGFVS,5542.779816513761
LWNQFSQDLS,6595.876146788991
WLAVRWVLG,31576.857798165136
HDRQQPKALS,1948.6238532110092
RRSWDWALG,8544.399082568807
HGENRPLKAL,3443.6743119266057
WHQDLQKDGRAL,3664.0504587155965
QAPNSNGNHV,1438.4036697247707
YYELYDVALG,13326.51376146789
NGDFHQWHDALG,5419.229357798165
KFRNADGNKH,1468.2706422018348
QDNLFWDQRWND,12497.495412844037
QPPVLFPLSGWK,13182.752293577982
QNPYEPVAHLG,2906.9174311926604
GHAQSWHAS,2942.3394495412845
RHHYEHALS,3638.2798165137615
KGHHYHVAS,2581.4036697247707
FGYNYHFPNDL,11338.56880733945
NAWSNKVEALG,2108.454128440367
YFQQKHLSG,3118.7522935779816
RQHLNKAPHG,2029.0550458715597
LVSRENWLSG,5065.90366972477
NHKDWHRYWN,7139.793577981652
HVRRWKQNSG,2013.4633027522937
REFYPKSQNKA,1515.5091743119267
YEWKFKGQPAG,2952.105504587156
VYFQPLG,8200.587155963303
WQHDDLPWV,13726.449541284404
VHRKLVSG,1918.0779816513761
RNWKWNDLREWN,7312.197247706422
FGKHKLYWASG,5400.311926605505
PRSWLLSG,8883.724770642202
YWVAFKVEAYWK,26051.990825688074
GWKDLDNLG,2704.5550458715597
DHNVFHDVG,2991.059633027523
FAWDWKFES,7185.481651376147
HKGDDVG,960.7752293577981
SFSPQFSG,4948.917431192661
EHLKAWNQYVG,4189.614678899083
VNRYDYLG,6495.711009174312
FFLHQKAS,2958.412844036697
KALPHYVLQWN,9387.97247706422
YHQSVLGYWNVS,9607.119266055046
YSDGEKFASG,1891.366972477064
YSGSDFHDAS,2701.197247706422
NGEYRDSFYNK,4610.385321100917
HSDFRVKHL,3994.3577981651374
NQEHGEDEPVS,967.7247706422019
RSNDEPASNHDL,1492.1100917431193
WKAWVFVQNVG,25621.60091743119
VPKEPFRNH,1973.211009174312
RVPWFDVPWD,23428.42660550459
KVKFEHSWVS,3333.0688073394494
YAGDAQVEYNHS,2612.591743119266
KVAPRHVSWNK,1915.2568807339449
LWAAEDLG,4170.963302752293
WHQGLSKDLG,2760.7201834862385
RKGHAPGYVL,4444.114678899083
EQSFAGKHDVL,1866.0091743119267
NVLGDQKHFRV,4600.224770642202
YNSEDVVSPNAG,1754.8256880733945
VQKAEPKRKHD,642.7889908256881
RGRVAVGQEHVG,1997.3119266055046
DWFNQEG,3522.3853211009173
ALLLVLSG,38586.908256880735
HRENHFARDVS,4074.729357798165
SNQKENAS,738.4311926605504
APHGPGDG,1244.7522935779816
AHRDFEYWNKVS,4029.5091743119265
VFAQVQKG,2766.4036697247707
NWQGPSG,2851.8669724770643
YLNFVAQEYLG,12749.128440366972
RYPLHAYKA,4884.302752293578
RKRDNASRYNVA,1443.3073394495414
WVNAEFPDAS,3815.6146788990827
WELYLPWNKALG,11239.701834862386
VQSGGFVG,2910.3853211009173
GFHWLQLG,14437.821100917432
HSGKWDQYDVA,2784.229357798165
NQRNSQKGNAL,1328.7064220183486
LRKAPLFYDA,9308.54128440367
SPWEYVKVG,6790.665137614679
HPHEGWLG,3816.394495412844
YFGWYSG,6257.48623853211
VPAGYKNKDAL,1140.8715596330276
PKAHFEDEYKD,1638.1880733944954
ANLFSRDALS,4285.51376146789
FHPKEPNDRVLS,1712.9311926605506
RHNFKLVALS,10869.399082568807
RSPESDSG,830.5229357798165
DQLREYQEYLG,4352.353211009175
NNKKHNDAG,972.5688073394496
YDGDWQKDVG,2568.119266055046
HDRNWNHLKAL,5180.279816513761
HGWDYNGYWVS,17752.77981651376
EWSALPPWKDS,4093.4449541284403
QGSWFNALG,7791.348623853211
FLKHSFVQYA,11077.0
WFSFEYKQHA,7620.362385321101
WLHWHSEPYKH,8733.62385321101
VLNRVSFEYVG,26511.577981651375
GQYYGVALS,10213.834862385322
SWNVSVQEWKSG,3423.788990825688
VDLWEDLS,3959.6284403669724
DAKEPHQWHD,2189.669724770642
RKHKRNEWNDG,1382.6743119266055
FFEWRWDFNDL,16659.495412844037
APHKNKVALG,1198.8073394495414
HDREWEGFHVA,7074.495412844037
QPQFVLFNGFKG,30418.24770642202
ELRVWNDRWNK,4856.692660550459
EFPALNENS,1382.0091743119267
PEHRWSKG,2499.5183486238534
PGQYGLGFENLG,5596.0
SQYYYWSG,9665.160550458715
NLHFFYNHDVL,15679.087155963303
NLESWVRNG,6413.807339449541
DVKDDARDA,745.6880733944954
DNYAELG,2012.8623853211009
ALVWYNLSG,15407.37614678899
GANHQALG,1940.032110091743
VFANGEHSG,1845.4587155963302
NSKAFHLWKVG,4695.114678899083
AVWFYVSG,29700.940366972478
DSRPARAGEY,1686.211009174312
SVADLPDG,1822.711009174312
KVDLQGFEDVL,2198.1009174311926
FKKDNHEYWKG,1927.4633027522937
FGPYPAQRHA,3793.2844036697247
RNNQFVQEWVA,6722.0504587155965
YNQQFPAYWVA,16301.385321100917
HPDHYVALG,3853.646788990826
VHQVSWSG,3963.935779816514
HEWAQNFYVA,14669.0
KNYHAYG,2859.894495412844
PVRVKDSEVASG,987.5779816513761
YWRGDVAQDSG,2043.1605504587155
QDNLQEQPNKL,1027.6009174311926
RQSKKDVSG,748.4495412844037
RWNWEHLGDALS,6752.935779816514
WDAWSRHVHDV,9219.045871559632
GQDFLGYKSG,2651.7844036697247
REYEVQEDQYLG,2947.1284403669724
AFQNWLG,7831.431192660551
QRQVEYAQPVA,2050.6100917431195
LKYWSFEPDA,4531.655963302752
AQAELSNVAS,902.8119266055046
PLKGAGEAL,1179.7568807339449
WDQVQNASGQYK,2612.298165137615
YRRYFEDAL,7992.802752293578
NFPLAEYHLS,6571.591743119266
HYAQLPNKHS,1880.545871559633
LKVHNKDVAL,1541.133027522936
WASDSRKSREDS,1199.3761467889908
EAYKKHYKHVG,1410.0366972477063
QLPVKHGPYAG,2022.98623853211
DEDHLDLG,1841.3211009174313
KSSNSQLG,1247.6880733944954
EWHLQKGFHAFY,17601.022935779816
AAVEWALSG,3418.1743119266057
HQRYKFYFWKA,10560.536697247706
KAPKQHDFPHS,1363.559633027523
QNNKPYWNPL,6747.880733944954
ENYRWVPHDVLG,6137.316513761468
YYNHHLPYDA,6653.720183486239
VDVHSNLSG,1926.6788990825687
NEHFHGENLSG,2526.1605504587155
QLDRVARYVS,6933.018348623853
GWNKYVQPWHDA,6462.802752293578
FFRPVWKKHLS,5369.467889908256
LNHQYWAYNHAG,7359.293577981652
DFERNLSYNALS,5472.229357798165
HHGNHYG,3268.8577981651374
LYSGLREDVAL,3756.2247706422017
FRDKQFPRHVAS,3165.3899082568805
GNRVFREYDLG,7161.366972477064
KDKGSYKHAG,860.605504587156
QGDLRDGASG,1258.633027522936
RLRKFSQSG,1891.5688073394494
PGFFNVAGLSG,7644.229357798165
SHLGPHSWL,11236.87614678899
VESALDALSG,2145.0091743119265
YAVFRYVESG,27997.105504587154
RWRKNQEPWKVG,3009.0137614678897
HVVAKDEYVS,1989.0275229357799
SRWSQYHVRHDV,7380.252293577982
GPESKVLG,916.605504587156
VELYGWAG,7889.215596330275
KLAYYHG,4957.798165137615
VGWFVREVS,16167.504587155963
LNHNLWVSG,7445.155963302752
VSFVHFEYWKHA,13036.564220183487
KSVPNHDEPKHA,947.1743119266055
HAFSYKANG,2867.9770642201834
NFFDREALG,4927.032110091744
PFRQGQWHDA,5455.0091743119265
EGKVEAELG,722.8623853211009
VRNQEWQDAL,2903.9587155963304
AGPNRHRKHVLS,2314.646788990826
RVFNYARPLS,8835.990825688074
AKHFHGNVG,2338.091743119266
RGSEPLSGH,1679.4724770642201
LPQWEYSG,4878.733944954129
RGRYRNLEKVL,2970.077981651376
QRGEEPDYHAS,1913.3119266055046
FSFDKDWKV,3561.422018348624
LPVALVGYWNL,28544.784403669724
DGVYHLEDAG,3051.348623853211
HFYDEQPLG,5048.614678899083
VLDPNLHSG,2618.7155963302753
VWDDFPSG,5186.94495412844
WFHAAPWVSG,13934.08256880734
PSGPEDQYNV,1400.394495412844
WDKLALEWDVA,7202.40366972477
PFYPSFLS,21473.711009174312
DLANPYLG,4854.325688073394
SQPYHNLRYNA,5589.922018348624
QSYLLQYVS,22651.756880733945
ELVKDSYWNHD,3125.3348623853212
DQWEVNDLG,2877.0412844036696
SKLVPDG,1502.288990825688
GNAGFNHYDA,4410.821100917431
PQHAQGFVAG,2708.8119266055046
VQKRVGFPNL,3982.316513761468
YFNQPDQRWDG,7019.967889908256
YPWWFHLG,26231.27981651376
HHVWHYSG,8248.477064220184
HKWVQAG,2381.4770642201834
QDEFHLFEYV,14302.105504587156
GGHAFDG,3157.6422018348626
APGKHWVASG,1730.5412844036698
KGSHGDAG,939.894495412844
PQNFSGPVLS,4147.963302752293
FNKPLGFALYW,26770.949541284404
QFRYGRDEWAHA,6494.922018348624
AWKWNQHVS,3572.848623853211
GSFNQVLSG,2926.0963302752293
KYQGPHG,1896.6880733944954
AWQGRAG,3606.47247706422
YKRPQFGYWKHV,6558.9908256880735
SKVWFPVALS,15507.536697247706
NRYRKALPKDS,1438.3256880733945
DPWQVRNVLS,5368.899082568807
EAYSNLQFYNH,8850.142201834862
VYQRRHSG,3246.064220183486
KVRNPDEYVS,2012.2064220183486
KLEKFYDWKDLS,3326.1009174311926
FPRFFNKDVL,9719.087155963303
LSLNGDSG,1837.8532110091744
VQFFNLYWHDS,23157.325688073393
YELHQHAS,3078.8440366972477
RLVDWASG,4767.848623853211
QQVWHSHVL,7087.972477064221
PENEHQYWKL,4214.90366972477
RGHNDLSGLG,2419.587155963303
RLNDEHESG,1434.2155963302753
HQFKFHAFVALS,23022.89908256881
NHAFEQYLFKD,10116.990825688074
SQEYSYVRPWDA,12077.61009174312
QPDFHSQLPYH,7658.642201834862
EEDYSASG,1743.3853211009175
PKEFAEPYWKVL,7211.087155963302
LQYGDSQNHVA,2589.288990825688
KDNYNFWNHG,4666.334862385321
EFFHLESG,5685.688073394495
EQPADVGEYWG,2495.6330275229357
PSHGAEPWHDLG,4042.8990825688074
FSPNWKLRAL,7283.967889908256
YGQGHREPNHS,2190.935779816514
GYFEDHG,4084.9311926605506
PNEFNDQRPYHA,5948.95871559633
RHNKSQRFNK,1090.6146788990825
FAPPDHDALS,2350.6880733944954
SWGQLHG,5075.270642201835
VRPPHEPWKV,2986.545871559633
KHVHDQDGPD,1238.4449541284403
SLSEGDSG,1071.5412844036698
GHPARNAL,3112.862385321101
YWPKHGWSWVL,23207.1376146789
VNVRLYDLS,17559.977064220184
PSDRRWVALG,5843.756880733945
QGQWLPARKS,3607.4174311926604
SAGLDSG,1383.7522935779816
YDYDDASFVA,5903.866972477064
AKGDPKSG,686.1559633027523
SGLAHAS,1799.4633027522937
RQYYHEWKDLS,5243.532110091744
KRWLQDENVA,2080.559633027523
PNAPVPYDGEPY,4192.995412844037
KWNLEDQEYDV,2625.6009174311926
KFLSQKEYNDSG,1520.0412844036698
VSWDRHSENV,2854.4816513761466
VPFNWKVASG,3150.564220183486
HDSNKQFQFPS,2721.4862385321103
ASEVDEYWALG,4392.688073394495
FNELNYKALS,5184.853211009175
DFLDEYAS,3346.123853211009
EPDYARWQAG,3445.4174311926604
PQLLSQHVAG,2906.9908256880735
PYGWPWHYHLG,24231.669724770643
YLQSSPWHAL,11014.80733944954
SPYKVPAQEPKH,1271.5871559633028
QAKVLPESG,872.0412844036697
GNRQRALSG,1837.6605504587155
FASSHSFRDVAG,3644.935779816514
WWFVEDSG,13484.43119266055
VFFNDWLSG,13679.54128440367
WKFGSGFPKHD,5195.747706422018
RVFERYDVPK,5638.752293577982
PRPHGSEYHL,4132.477064220184
LNSDSFLS,3776.6330275229357
RLYKPAYWKHAS,4827.183486238532
KPQWPNG,1878.4770642201836
WFKFPFRWAL,21256.357798165136
VGYWRYDAFPDV,20027.009174311926
HAVVLNLS,18432.981651376147
YNKGHSGHGEKH,1379.5688073394494
ELWGGKLSG,2992.8715596330276
GWVNKEWDVL,7157.3899082568805
AARVPDVASG,1272.6605504587155
VFSGLSNHDAG,2850.169724770642
VLNDSPAQEW,2863.4862385321103
SDEYKNSG,957.0779816513761
GYLHLRASG,7101.90366972477
YDEDWENKALS,2954.678899082569
EDQDNHAEPDS,860.8302752293578
QAEDNHNKDL,1011.802752293578
SQLLEYSG,4160.692660550459
ERFHLNLS,5560.55504587156
NGANELSG,1168.059633027523
FGHPRHDLG,4516.857798165138
FYEGVAQPDS,2358.5550458715597
SGERVGEYNKS,1604.8715596330276
YDLFNRWKHRVG,6124.582568807339
HKYADALSG,1747.2660550458716
WVLVHWDVAS,22428.128440366974
FYPFGRNKDL,4736.472477064221
QWWHGDLGFNK,9440.426605504586
KKQHYDVLSG,1594.6559633027523
EWWWEPWKHDS,11247.183486238531
SYFRDEVALSG,4985.298165137615
KRDYNEYWKDS,1964.1284403669724
FSNKEPANHA,1393.697247706422
WWHHNHG,6539.761467889908
EDGAPDFRWKD,2578.52752293578
HPRHQEWNVS,2794.412844036697
RVNNNHAS,1823.9036697247707
VQVRYSRPKS,2715.3440366972477
YYHDVRGKHA,2932.1651376146788
ALGKNVLFPYA,10512.871559633028
NHDQPHLDGDG,1817.8577981651376
DSKWWVAL,8576.811926605504
VARKYFWHDVL,9358.032110091743
RDVKLQYEWDAG,4553.706422018348
KRKEKRYNKVLG,748.1146788990826
QPDNYWSQENKL,3248.454128440367
HQVAVWSG,6551.724770642202
PPFSPVLG,3578.362385321101
DFLRYLEYNHS,9763.495412844037
APHPYGQKHASG,1728.7844036697247
QSSREVQFYNDA,3482.5183486238534
YAHWYVSG,9728.683486238531
QQFHHVAQPKG,2108.9495412844035
QPRFELFHSG,9746.58256880734
YSVDSQLS,2400.348623853211
QRYWEDLSRLD,11538.29357798165
RLWEVLFPNVA,18542.302752293577
YWYPKQPWHLG,11972.050458715596
KVNWSFPVAG,5846.417431192661
APAWSKAL,2277.711009174312
FYEGDARWNLG,8102.082568807339
EWHAKDWGKHS,2456.591743119266
PDSADQYDV,1735.454128440367
QHWLAFWKDAG,9392.98623853211
YQFDVERKLSG,3756.4954128440368
RGSYAQKL,2179.0504587155965
NDLPFRPEPWNK,3587.2522935779816
GQLPVFWLS,29928.19266055046
YEYPNQNHDV,3374.0229357798166
VPNYWLREKL,6000.931192660551
NPAWENVLS,3158.3348623853212
AEEPSEHDAS,938.7660550458716
GNNFKVLS,3371.6605504587155
EKDRFKDQWS,1685.2568807339449
ALKWEPVS,2506.4036697247707
ESDNAQWNHL,2608.238532110092
VKPWAVG,3719.183486238532
ELPNSEWDREKD,1330.4036697247707
DDYDVWAG,3914.105504587156
HDASLPWLGHL,13324.08256880734
YGSVLQLSG,5124.146788990825
EKEAFVGWHLG,4600.036697247707
SDNDQNDLS,1211.2339449541284
RGRKQHAYWN,3323.4036697247707
LRNYDEWNKS,3145.353211009174
SEKSWHWALS,7428.54128440367
GWGNFWDVSG,10285.756880733945
ERQPNYAG,1783.3302752293578
GDQFEQVLSG,2173.545871559633
KVHDHVFPYVL,13165.243119266055
SFSYQKVLG,4813.6100917431195
KARAVSQWVSG,2834.0550458715597
FKKLNKRWS,2012.6697247706422
VLNKAWALEKHG,2544.7155963302753
NWSWWAS,15140.90366972477
PNFWHGYGEPWD,17583.56880733945
KDFEVSYLFWK,9238.848623853211
ERNNPKASG,1005.8256880733945
QAADNDG,1080.6238532110092
FAPVEDPASG,1129.0366972477063
GSPKNSG,902.0642201834862
HPFGDVG,2209.5688073394494
AYVHSKAS,1871.0504587155963
REDWVRAWNL,10631.853211009175
WFEDEPYASWH,17201.660550458717
GALVDAG,2093.064220183486
HSGKHQHQPNS,1402.380733944954
SHQPKAKVLG,1603.4724770642201
VAPVRWDAFDS,5461.9908256880735
LHPLHDAS,3234.922018348624
FYDKKSGYWLS,4718.266055045871
GPPGDAG,1031.6697247706422
FNNVHAFRPWK,8676.426605504586
WWFNEHALSG,10509.504587155963
LFFEAELSG,9195.256880733945
YEAAHDALG,2983.362385321101
WRLHVKG,5548.165137614679
YYGVDVG,4228.729357798165
VAYVLWDYDA,28609.454128440368
KGWLPVAYNK,5475.573394495413
DGWPAWHDLS,9102.559633027522
PLQRQVGQRNH,3138.0504587155965
DGPASYQREKA,1178.3990825688074
ELYVRYVGYWG,39690.61467889908
EDHNQRPWNG,3085.0045871559632
GPFDQWSG,4001.9174311926604
YSYEQKDVL,2090.4908256880735
WHPWEKEPYL,8170.880733944954
PQPVYWPYVS,14660.114678899083
APDGKGFPHL,2158.394495412844
LRVGPQEPHG,2221.935779816514
NKHARWKLPQRH,2980.288990825688
DKHNPKLS,1006.3669724770642
DQFKNDLGQLG,1869.5412844036698
SDSQDPSG,831.1192660550458
SDWKYNKHDL,2246.802752293578
WAEQRFYDLG,14554.064220183487
LQQNRPDG,1943.545871559633
QLVVLRHLS,24189.784403669724
QSFADLGWDAG,5339.678899082569
VQVGHPYWN,9107.261467889908
EEVSQLRLG,2238.6651376146788
APNFRFYDS,8722.633027522936
YNHRGQRSPNHG,2765.7247706422017
QSEKKLSQRHVA,1217.394495412844
FVVWFPASG,17968.133027522937
DEFPQKG,1263.48623853211
QWYVDQREYWN,13658.43119266055
PWPESRYWDG,10357.41743119266
SEAYSSG,1920.9954128440368
DHAKPALS,964.0642201834862
FLQKDPRWKV,3786.137614678899
WWKQWKQKHD,2652.9954128440368
SPSYYDSG,2667.97247706422
FWVGSGPKAYDA,4261.0504587155965
GRDSVAGNDA,1342.9174311926606
NYDPVYNKHA,2793.0412844036696
QKSQNVRQPNVS,1363.0045871559632
ADGKNHLG,1412.1697247706422
HAGNHASQFDLD,4043.298165137615
QRVPNGEKPYV,1501.9816513761468
PGPSDGFPN,1739.0366972477063
RVEDNAPWNASG,2784.862385321101
WVQWQFSPYWDA,30766.674311926607
FAPSLGNKALS,2124.9908256880735
VPRKDQLSG,958.5504587155963
EGGKHQNVS,1011.6926605504588
VYWLSWHQRL,14743.155963302752
NQNEQRKDG,1006.1192660550458
HNGVGLSG,1698.5504587155963
WRSYFKSG,5709.591743119266
NNAKGPKHG,1060.7155963302753
QGKEVLRWNKDV,1620.7844036697247
ADVDPWSG,2472.9954128440368
FPQSAQFYNDG,6136.288990825688
RHSHGPKHQREP,1354.4495412844037
HPDEHEKHDS,857.802752293578
SASVSAG,1199.2614678899083
PERYARLG,4230.522935779816
QLKFDSNKVAS,1683.7981651376147
FPKWNVGALPW,15004.58256880734
AHFEVYSG,8136.926605504587
HYVYEYKHDL,9419.426605504586
DPLEDQDLS,907.8853211009174
QPHHPNHNVL,3108.770642201835
YGSESKHAL,1696.545871559633
VNKDPSFPKVS,1348.0183486238532
AGFYFENALPSG,11830.619266055046
KRQRQLSG,1064.1284403669724
RVSGDDSQDA,1042.7293577981652
PEAYQASG,1722.4311926605506
AWKVNSPNKHVA,1893.0229357798164
HGALAFPKS,3076.206422018349
SVEWWLG,12174.215596330276
NRDAHAHDVLSG,2137.9587155963304
AGDNPLSG,1637.2018348623853
FHGAHLSWHDA,6924.082568807339
YEHAPWNKSEYV,4822.977064220184
KFSKDAFRYWDS,5208.802752293578
FASPRPHVNKVA,2145.9587155963304
DFVESKDLS,1733.7477064220184
RKLQYLEDVLHD,4767.032110091744
NAFQYAGYL,13447.522935779816
VYRVFDALSG,9778.834862385322
ASVVEPLSG,1349.0183486238532
LSRWPGQREPYD,6937.04128440367
VASFELNARWD,13539.38990825688
FHVPYQDVPYL,12764.408256880733
HAKYQPDVAS,1508.6834862385322
QNVNVSVRYW,24121.97247706422
EYDAASRKLEVG,1444.619266055046
WRKAFGWAG,8047.385321100917
RDQRVSNYKHL,3234.064220183486
HDDEFHSG,1914.7981651376147
WDVHPLVSG,7117.082568807339
HQLAYASG,3372.032110091743
SRSGALSGNKA,1586.8990825688074
PLDYREVSG,2998.4311926605506
EAYHFRNRWDAG,6592.077981651376
LNGKKDAG,911.0091743119266
QNAYNLVFPHS,11598.935779816513
EKYGLSQPWNS,3099.637614678899
VSLSNVENAG,1601.2935779816514
SYLNFHG,6307.807339449541
PWSSAGRNKHA,2544.8990825688074
VEYWPENHLSG,6107.431192660551
KPYKGKAGRHAL,1318.7293577981652
YWNKYWHEALPA,5413.142201834862
EGDWDVPWKHD,3385.321100917431
HDRHFAPNDG,3150.9266055045873
FHWDLSFYQNH,11881.784403669724
KDNRHYKVSG,1642.7155963302753
YSEPWKSKFYND,5115.844036697248
WHYVHAQRWKDA,5922.715596330275
RHGRRVREPK,916.3532110091743
NPGAGWG,2755.743119266055
QQPNNHSYWL,7050.55504587156
SENVQHHDASG,1727.9220183486239
WHNYYWVASG,11080.073394495414
KAHRHLSYKL,3342.362385321101
FNREHGEVFYHV,17729.967889908257
WWELALS,19687.908256880735
KEVQNGYWDVLG,4843.311926605505
RSVGWRYWVALS,17355.92660550459
YAGAEVAQNLS,1772.51376146789
QQVPHQEPHA,1370.3394495412845
FAPPRHDALS,2745.4862385321103
NQSNFYVASG,4559.201834862385
YPRWPKALG,5085.954128440367
KFQPVNVSG,2159.8899082568805
HEKRSQALSG,1289.1146788990825
VVQEEKG,881.940366972477
HVWHAYNPKV,6453.51376146789
VLALLSQPWHDS,13620.504587155963
NVAEKPYAPHDS,1905.3899082568807
VGPQAGYWNKG,1899.1238532110092
DFYPYGQEPND,3838.9174311926604
WLAPDAPYWHVS,17804.564220183485
FGRNSFFYKVL,16428.770642201835
FWKVHFEVNKAS,6103.733944954129
EKYPEHLG,1359.1788990825687
DFERGQPYKDL,3658.0688073394494
NYNNGQYWNDG,5940.036697247707
GQLWREPG,4150.522935779816
RFYANGEDG,2957.816513761468
ESYPEPDVAS,1511.51376146789
EHQNLGKGYG,2159.293577981651
RAYQAFPYKL,9652.51376146789
FSQAHLSFPYW,20440.88532110092
GYKLVFKDVS,12361.146788990825
KFVGQHFSG,4069.5183486238534
RPREDEWLSQEW,6474.90366972477
WFAFLFPHDA,19001.711009174312
EAPQSEKHDLS,905.9174311926605
NGHADAYKHDLS,2110.6100917431195
WSNVPSGPYH,8637.761467889908
GPWPGFENDA,3064.853211009174
WAESWSQYNV,11254.178899082568
LSWWLGWAL,23652.036697247706
FLSLQWQFKALS,14682.325688073395
SRQKQHLSG,1648.8302752293578
EGQSNQRWDG,2366.2798165137615
DLADLFHLSG,5303.678899082569
VVEHHSG,1600.7568807339449
EVESEVYKVA,1802.6605504587155
RYGEGKDVFLS,5950.591743119266
DGFPWHKDRD,3343.5
KAGWGRYREWD,9438.004587155963
YHSNEWSWNKHV,5316.233944954129
VGHLAYHG,5726.224770642202
DQHEHEWHL,3088.4266055045873
FWVRRWNKRPV,6807.252293577982
VGGKQDSG,869.440366972477
QHLALFRSQVA,10389.055045871559
YSADEPALS,1624.1834862385322
SQQGHDS,1115.9908256880733
EYKYNGYHQFWS,12803.52752293578
SVFYQELG,10540.165137614678
KKNRNSG,823.3073394495412
NVAFLDVFPDA,25449.27981651376
VDFSYVSG,5490.380733944954
AVLAGDG,2033.9770642201836
GNDAGPSNALS,1519.954128440367
SKGGFNKHV,2064.8899082568805
GQYHGDLFRNL,9073.967889908257
WAAAHDVLS,5629.605504587156
YVENGVFKDA,4346.880733944954
FWLQWFALEHVL,29511.55504587156
VPARLQRSG,2297.5229357798166
RDYRLPYSG,5837.307339449541
ANVDHVG,1620.5183486238532
FYDKHAGHDRY,4275.091743119266
NSFKNGQYWL,10004.720183486239
DAESNGRPKSG,1036.8302752293578
PKYFEPENLG,2508.0366972477063
HRQNWHLG,6152.165137614679
FDEKLFSHDV,3740.2752293577983
LPDWPKVLSG,3499.0091743119265
EQQSPALSG,997.1559633027523
QHANVPLSEHA,1693.5779816513761
DRPHYNSGVAG,2045.4311926605506
AFQKYKVALS,4884.665137614679
DFDWFKHG,5311.334862385321
KQKSDASQWKG,918.7339449541284
QGWKWDYWNKH,6251.720183486239
PVNQWSQDVL,4072.2844036697247
RVASNLYWGNDS,6256.114678899083
AFSYGPDV,4828.229357798165
GRSAGFALG,4988.266055045871
HDFLKHDAQESG,1577.467889908257
WPGVLAS,6221.344036697248
AKERVLSG,1107.7660550458716
YDEYNSDYAL,5194.270642201835
DLQKQRDSFNDS,1276.4724770642201
VYLNKKHSG,2077.6009174311926
PEVKHQVG,1340.4587155963302
WVKQDAREPYWA,8875.995412844037
HLRNVGVLQKSG,3370.802752293578
FENWNHQKFPW,12236.422018348623
KNQDGKAS,745.3623853211009
YWKNKHAVLSQF,7370.3899082568805
SWAEYEYHLSG,9577.114678899083
HNPAYALSG,3940.4954128440368
NDNYQEHAL,2624.183486238532
YVPHHSFEPNA,3020.669724770642
APSADVG,780.1100917431193
FNFHGQYHRPHA,6836.862385321101
NNLPNWDG,4805.821100917431
QFHARLNFPDA,6644.233944954129
DFKKWVSG,2152.0366972477063
SEHNLHVAG,2396.912844036697
ASKESQFPNKL,1166.0275229357799
DWVPDQKVLS,2514.0504587155965
KVNRFPDAL,3237.3715596330276
ELAREAPYLG,2731.6422018348626
WDNLPDVLD,7014.064220183486
HNGRKRYDVG,2005.01376146789
KGQSHDAFPNG,1573.4587155963302
PKQVKDVKDVS,596.151376146789
FFENGHRKHDAS,2534.9908256880735
KWFPGDG,4122.133027522936
DSSFKVFHDS,3739.6100917431195
HVLPEPNVSYWS,8684.018348623853
AGLGQQYKASG,1851.8990825688074
NLQNRWLYLS,20676.922018348625
KEYDRVLQLSG,3941.9174311926604
YLYHNQYDALS,6229.912844036698
PNNPRNVSG,1899.2339449541284
YFYLEFWHASG,18041.330275229357
GYQELFSG,5035.077981651376
SYYWNYG,4744.40366972477
GQAHPKHDV,1252.866972477064
QLQDWLGEWKG,4150.426605504587
SHEKAHAG,1028.1559633027523
PLRLKAGFVASG,9580.270642201835
GRGEVNSG,1171.532110091743
NSAEVPNKHDV,1004.9266055045872
QVSAWDGHG,3286.619266055046
LHDNWVASG,4449.536697247707
YFRKAWPYWAS,11957.628440366972
HQNGWVLPHDG,5985.087155963302
RGHQAFRWHD,7790.885321100917
AWPVPDG,3247.064220183486
HQFYYNVQDA,7774.256880733945
PDGEALFYANVS,19015.903669724772
APFHFKASG,2709.353211009174
PFEQRNLGHVS,5133.151376146789
QFLEYHDNLRND,5781.54128440367
AHAVHVASG,2288.7844036697247
YLARSGWNS,5517.931192660551
RGAKHGNHDVL,1970.4495412844037
RVDPWHYSG,8047.834862385321
YYWSHQREKVAL,5069.174311926606
NHDAYVSKLWVL,18152.596330275228
QNWASQDQYWNV,8206.830275229358
GPSEVEHDAG,1086.3990825688074
HVFDENPNDVLG,3169.440366972477
PRHHFRKDALS,2617.5229357798166
KKQYPVALSG,1403.848623853211
RSQHYHQNASG,2097.733944954128
QVLNLEKLGNS,2419.9036697247707
WGWVKHLYNDL,14746.798165137614
GQQNHRLS,2233.848623853211
YQGWVRNKD,3396.669724770642
GPRGKASG,1148.51376146789
VGWFFEYKHVL,24504.27981651376
KDHLVSFHVAG,5550.284403669725
RGVEYLPKHG,2772.0137614678897
NVPVDAGNKDSG,899.3807339449542
PYFRKVAGWNKV,4954.95871559633
NGDYVFKVL,17249.339449541283
RFLKARKG,1782.3532110091744
LYGAPWG,9206.545871559632
LWFEQALG,9213.243119266055
LRFNFPALG,11448.077981651377
EKGVVQFNAG,2187.4770642201834
HGEPSFNYWNG,6481.188073394495
HSPEWSEDALS,1789.8899082568807
NNANFPVLS,3425.064220183486
LKHVFRPQKAL,2935.201834862385
WVGQAGWLKDV,6935.1100917431195
SNYQHSG,1909.9770642201836
QKPSFWVNAL,5948.940366972477
LALKLHLSG,8494.366972477064
SRFPVFVS,24672.532110091743
YEYLNKLFRDVG,4954.54128440367
AEWQLQPYWK,10496.678899082568
HANNYNHVAS,2449.0137614678897
HLNWWNLSG,9887.467889908257
DYSADLSG,1791.4036697247707
AGWPALEWNDA,5610.688073394495
LNLHVYLG,19621.463302752294
DARSDAGFHAG,2148.238532110092
YKGYEYWEDVS,5448.628440366972
PSRYALFDSEAS,5148.582568807339
VEFLFDG,11582.211009174312
SQGWLGNKHA,2676.435779816514
KLHAVRNHLG,2942.201834862385
FEHFQENHLFEN,5153.720183486239
FEPVFRGWNVD,13975.853211009175
QPEWFYQHLG,16886.38532110092
RASVGQDQPKH,1567.2752293577983
KFNDEQNHDG,1459.2477064220184
ALSLEPLFYHV,20656.24770642202
WNLWWFEPNG,16105.022935779816
DARKQFKAKHV,1152.665137614679
HQADFWG,5362.192660550459
RDGRVQPNLPL,4148.752293577982
KGGANLG,1128.5504587155963
HASNYWNPHVA,5408.775229357798
ELYYRENALS,7758.311926605505
VFGKYKVAG,2643.2247706422017
ASHDPKDFKALG,1161.0963302752293
PLLRGQLSG,4035.059633027523
DVHKWAG,1957.2247706422017
RDYALKSGPWA,4986.380733944954
VKFYFSG,16924.93119266055
HHLKQVG,1669.2018348623853
SFAWNDHG,4450.435779816514
YSSAGYVLSG,5434.279816513761
FVYYKPWNVSG,6777.743119266055
YNDFFWKASQEP,3491.564220183486
HPVNFVLG,7150.967889908256
PEFQFKSG,3775.045871559633
WNVGSEKDGQK,1145.6788990825687
FYHDLYQFERN,8796.426605504586
YKSYGEWHWHG,7669.311926605505
EEKWARHDVALG,2305.830275229358
KSFRHREYEYD,4996.761467889908
NDDEFRPYWHAL,9624.279816513761
LYHDRPFWKAG,6718.931192660551
LPRYLRG,5829.105504587156
WQFPKPGHLG,4472.954128440367
RNYNYWSGRHAG,6231.646788990825
RFLKYLSG,5380.8899082568805
EYGQFAGFYNAS,11360.674311926605
EHDEPGKKHVLG,1018.2064220183486
YKHAVQRSEWVS,3292.440366972477
RRHNHWHAS,4474.908256880734
NPDWAYHDVL,7325.857798165138
SHNLRSG,2333.5733944954127
EHANRNPYNDG,2334.1146788990827
NALDKLGRNKAG,1363.6559633027523
GWNARESYDS,3311.348623853211
RFHNEYHVALG,7681.412844036698
GQDKFHDLG,1637.073394495413
QQSASFHG,1986.7798165137615
KQKAEKREPN,571.0825688073395
NKWREDYALSG,3084.091743119266
VWNRANALSG,3751.706422018349
DPQHYKG,1160.5825688073394
NSDAYDGEWAG,2967.756880733945
ESVYHSYWHS,7496.623853211009
HNHSFVGPKAL,3962.077981651376
LLSDGHDVL,3595.9862385321103
QKSQRYLEKAFE,1934.7293577981652
PNYARWNSDL,7130.307339449541
PEHHREALSG,1603.0779816513761
HVPDKAEWVAG,1538.5
VFPQWDFKDA,4978.5504587155965
ENWNYHQFEWDV,11463.366972477064
ESGWRNKVEDA,1335.711009174312
PRWAFGEWVAG,12003.29357798165
YAYENGPNKDSG,1567.073394495413
FVAPLKDSFPH,3290.830275229358
PQFENFSPYKSG,7297.211009174312
RVPFVYWDVS,21660.160550458717
GRKFYGRPWDL,10855.036697247706
WGGAWKLG,7337.298165137615
KELHFHVG,3715.6100917431195
SKGWVRLSG,4777.559633027523
GNRNPASG,1604.5871559633028
GHGAEVG,1203.211009174312
YAEGRYGYDSG,4946.922018348624
RAFPRHGQPHDS,2496.0412844036696
PVPWRNLDVG,5353.40366972477
PKPGWHGQFNL,6129.197247706422
LEGADVSG,1645.1788990825687
QSVSNVRKG,1322.6376146788991
HGSENDEKHG,896.2477064220184
DSNHAREFHVAG,2163.912844036697
PHPEVGPYWNHA,3895.5183486238534
YDQNYVFPWN,13263.550458715596
AGLDQNVAS,1344.9587155963302
WASWNNKRYNL,8374.08256880734
GNQASKSG,927.2798165137615
ALQQFYSDVG,6982.642201834862
GRYWGFEGYNG,9766.981651376147
EHSVQFQYNDVA,4023.3394495412845
KNEYYVALS,8286.151376146789
HKEAGSG,741.9816513761468
WWAKLHVSG,8471.752293577982
RFGFRYSDSG,6697.752293577982
PPASNALGDG,1279.8211009174313
PGRQKDEWDVG,1677.4816513761468
VEPPAGYLG,2904.6100917431195
PQPAVGQRYWK,3716.045871559633
RDRHLVLPWDL,16771.775229357798
SWNHGLFEPWHD,13855.256880733945
WLWWLGNKHDG,8866.62385321101
QSEPQRDENDAL,1046.4954128440368
HGESGHKAG,1140.665137614679
DSRWNGPVQKHS,1983.7660550458716
NVDNVLFEWHG,11521.830275229358
HSKNENVL,1154.133027522936
NPWRPHVSDV,3956.412844036697
LGDEDKHVL,1482.6284403669724
FNDDFRPYPWDG,14312.93119266055
YEYYKGNVS,2736.353211009174
FHSPSENHDEHA,1385.940366972477
WFVPVPNKHA,5106.467889908256
QHLVWDVGHDSG,5041.022935779816
PDKNWLSG,2023.2706422018348
GQEWALPKFPHD,5995.302752293578
ANRKPKAL,822.4174311926605
RSGQAQYNRWHG,5766.545871559633
QLSLPYVGYKV,11626.738532110092
FFASRFWVG,14463.926605504586
PDEADRHVG,1569.9587155963302
RYHEEWGRNLG,5897.155963302752
LHLHQDSG,2494.770642201835
NENQSKDLSG,903.6651376146789
PNGSSGEPYVA,1758.7798165137615
PQERDSYNKSG,1362.5504587155963
LGGKNHG,1707.1238532110092
WNPSGVSDVSG,1972.5642201834862
HFYSENKLGDV,2851.105504587156
AVQSYDLSG,2293.6422018348626
ARRSRLSG,1643.0091743119267
GQNAESWDVAG,1948.2339449541284
LNFNRWSG,8597.325688073395
EWKNFYVFLS,39442.25688073395
FSPYVFSRPG,12661.440366972478
QWLGSQESRWND,5502.495412844037
QKLRRDAFLG,3154.5045871559632
HQVPENG,1133.6697247706422
VPSPFRDVSG,1918.711009174312
NANQRQHVG,2137.3715596330276
HWLDGEALSG,3826.5183486238534
KWLDFHLG,8143.192660550459
VFFEWGNKD,6343.5504587155965
LEQHGQVG,1983.0963302752293
KWDALGVPLSG,3322.178899082569
HQVDDAG,1236.440366972477
YWLRNGYKQDL,4704.174311926606
DVKVYSRAG,3974.302752293578
PHWPFWKHDAL,13648.844036697248
EDYSPNNAG,1475.9311926605506
HYKHAFAQRHG,4020.380733944954
HGVDPYLS,4952.211009174312
YEVLPAGNHDL,4669.165137614679
REWNNDLQQRY,6491.174311926606
EWDLNALYDEK,3850.0963302752293
FSDDPYDLSG,3662.376146788991
DQGSKDVSG,792.4816513761468
HQNEWQREYVAG,3720.0504587155965
GKDKQNDLG,788.802752293578
FDVWFRDGEPDL,10231.211009174312
RNNLSLGKDVS,1764.5871559633028
GFGYDHLS,7927.192660550459
KNGREFLG,1924.366972477064
YSSLPDG,2608.3715596330276
KNLVGPASG,1375.394495412844
GHSVDASG,1290.5504587155963
VEVHVQLG,4219.54128440367
PNQENVGKGWKV,2157.651376146789
LGPYPYKHYKHA,4711.683486238532
GQRVRSYWG,8285.674311926605
PALEHGWAPWHL,25214.0
FSFYVQEFPKL,26161.408256880735
PSEHLVAFREPG,5102.146788990825
DVALSEKSVEKH,1000.3761467889908
LSRLKAQKHVL,3039.2522935779816
ENDYVLQKAYKA,2665.47247706422
PENVKLSPYDAS,2447.206422018349
AWDANLKVS,2934.0963302752293
YNDSLSRWRHAL,10573.862385321101
APWRFNKHVS,4927.564220183486
YLWAEPFNKHDV,6296.5
QKQKVWHFNKA,1911.2431192660551
DGHVDVLYNDV,6129.655963302752
ELELRYSFWDV,28010.096330275228
AQGHPWAS,3680.862385321101
FQFKYNKGKVG,2332.6743119266057
SPHFKRWHVS,5645.064220183486
KAYAWAQPVLG,6073.95871559633
WYANPNLS,7226.183486238532
GWKHHGFWKHD,6001.256880733945
EPFWAQYQFRE,14614.518348623853
HHFVFREWHDV,12719.79357798165
PAHWAFYNHDVA,9184.495412844037
RWWEPNSAL,9058.995412844037
FWDWPYVLSHLS,20168.44495412844
AQWERPKHVLS,3522.8119266055046
GQYSVQFRYNS,20109.92660550459
PRWWNYWDVS,21518.045871559632
EHRRKVGFAL,4885.587155963302
FFYRFYHG,4060.238532110092
QVQHYHFRYWK,8940.426605504586
WRSPANASG,3482.1651376146788
FPEYALYVGEW,36642.84862385321
KDSFEGAFNK,2331.816513761468
QFAEDVAYLSRW,20011.967889908257
HFHYQKLSG,4162.412844036698
GHYVAELS,3811.5733944954127
RQWNKLYSGNS,3711.0045871559632
YRWYEKLG,6158.743119266055
GDEDPHS,1010.0504587155963
KHQYRPNVRHDA,2656.1605504587155
PLLHHDSG,3011.201834862385
EEVKQPAG,730.3669724770642
GNDAPGEYG,1507.926605504587
QPKLYLQPHVSP,6205.44495412844
NHNEWVALHVS,8302.169724770642
SVWSQFPYKSG,7396.380733944954
LKSQDFWS,4455.899082568807
KNSHYVG,2244.0366972477063
PWYSFPGELG,13989.688073394496
LQRVAGEYNAQR,3970.0412844036696
FDSFDGVSYN,6851.733944954129
HHANENG,1215.6880733944954
HHSSHALSG,1915.151376146789
NNRWGYLG,10622.394495412844
DESNARVLSG,1646.7293577981652
ALHGLRKDVAL,3770.146788990826
SPWSSQPNHD,3062.8256880733943
WLSYQNDLNH,7706.573394495413
RKPNDAFHYKHL,3250.7477064220184
NDVDYEPLSG,2447.848623853211
EKSGDAPKQFYW,3670.6605504587155
ADHAYVSG,2517.0963302752293
WENKFKYVSG,4962.995412844037
SNWSQVG,2962.0091743119265
NAEYSGFKHGNA,2481.9495412844035
SGGQKDLPKVA,959.1651376146789
SQPNAHRNAL,2086.3256880733943
LDGEKGSG,1002.2935779816514
HDWLQEASHG,3007.2798165137615
PDNARPFEWG,7355.839449541284
VEFYEWALG,13614.559633027522
KSKNYNKHD,920.9036697247707
FYLGDSRPDFDV,6025.821100917431
SKHVWGQPDV,2916.3440366972477
WEAYWFKG,10420.880733944954
VGFLKQFEPHV,7195.559633027523
NYDHKLG,1986.3899082568807
YEDYAEDAL,3099.4036697247707
VHQGQHVALG,2412.4174311926604
LFQAFHDASG,4669.573394495413
YHQLWHSFRYHD,13291.935779816513
VKSYPHSG,1963.0183486238532
WFKWAYHASG,7808.252293577982
FWHFFHVSHVA,13174.834862385322
VGVFYWGHVAL,28040.096330275228
QHHKFRKG,1444.9220183486239
YEVFDLKHDVLS,7382.784403669725
RYHLSAKSFNA,5197.59633027523
ENFELPKFYKD,4770.1100917431195
HSLKGFHVLG,5468.527522935779
EEAWLFWLSG,22213.633027522937
NGPPSGKG,1108.848623853211
PFAWQKG,4670.935779816514
SYLDPVG,3463.6009174311926
PSHLDLHDVS,2885.0
RRAARYHDAS,2289.577981651376
WKDKQFYGPWHV,10916.880733944954
NAHAQEVSQKG,1064.5642201834862
ALQGQWAPVG,3960.6146788990827
HLVEHVPNHVS,2879.2201834862385
HPQWAKLSG,2513.591743119266
SKHEYSVG,1837.7568807339449
HQPWLVLFG,43915.91743119266
APNPVQPYHLS,4060.288990825688
GSRESLG,1174.5871559633028
YPPVKHG,1812.8211009174313
YHRAVASPWDVG,5981.821100917431
YDNNGELG,1816.348623853211
GWYQYALSG,11058.37614678899
GEHLVLEWND,11683.45871559633
KVRVLSYLSWH,17820.82110091743
DFYDWVQYWVG,20075.449541284404
KLNYGRNKHDVA,1878.6559633027523
RRQAASG,1083.6834862385322
YSYRREPYNKDA,2664.408256880734
QPADRNKREKL,830.7522935779816
FHWLHARPVG,8414.954128440368
RSSYEHALG,2644.701834862385
DYVYAHDLG,6964.1697247706425
KAVDQVSG,969.7247706422019
NEYPWLPWHASG,13254.183486238531
VSEGLGRPWDV,5628.665137614679
SNELNLSG,1632.7247706422017
PWVFKEPRENHL,6080.701834862385
VEGVNHLSG,1970.940366972477
HAEAKHEPWN,2150.9449541284403
VFNPVEPKALG,2121.7522935779816
HGELYGKAG,2683.9311926605506
NLAAPDLG,2120.623853211009
RYNWQAQNKS,2588.330275229358
NLKRDVYKVLS,4238.747706422018
WADFNVQKHAL,5667.775229357798
GQEQHEWKDALS,1599.2431192660551
YKVWAQASGQEH,2057.8119266055046
PAKHHFEDLS,2143.293577981651
SALPRWLG,8061.917431192661
AVFADAG,2678.3256880733943
PKFHRPFKHVL,6478.371559633028
FVLAPYLEDAG,8782.38990825688
EDARYLRFYWH,16901.435779816515
LPWYSEKHSG,4038.206422018349
DFNQYRNKSG,2156.97247706422
AVPGQLSG,1243.697247706422
LPQAVSG,1355.4220183486239
SFAKFRALS,5062.559633027523
KRVHHVLS,2512.0091743119265
WAFYAFPVYHAL,25961.825688073393
KANHYAPHS,2277.1651376146788
RLQQQEPYWD,7348.90366972477
NWNPREYNKHA,3223.47247706422
QVQKREAFVAS,1677.211009174312
HGRPVQRGPDG,1670.5963302752293
YENRQESG,1384.1926605504586
GPWGVFHDVG,7036.3302752293575
YHLHLGLEWK,8146.711009174312
HVGPKFAKHSG,1526.8577981651376
HFPQRSRKS,1606.1605504587155
KNYSFVG,4135.165137614679
WPKAWKWKHDSG,2993.1009174311926
RNLDNKDEG,1118.197247706422
QSQLHLGQYV,6509.275229357798
PALKAESFKDV,1203.5229357798164
SARPHVLDASG,2764.059633027523
NPLEFPDG,1985.633027522936
SHEWANG,2360.032110091743
HWKPDFPYHLS,9746.536697247706
SVAWSESG,2581.119266055046
NYSNRPG,2378.2201834862385
VGGFQEG,1806.4770642201836
FGRRAYWNKG,3860.201834862385
GHSHSVG,1833.9220183486239
RLNSFKLPKG,2280.6284403669724
RSYRPHKASG,1849.0366972477063
SDSQPGPYAL,3526.394495412844
HWGFSDG,7890.417431192661
GEFKRKHALS,1995.559633027523
LYKGLYAS,4604.243119266055
RGRSWAKDVLS,2864.6009174311926
LKSLEDG,1057.802752293578
KFQPHRVG,2701.2844036697247
LEWLLPHDAG,9685.885321100917
NEKRPQEYWHD,4860.48623853211
AVFEEPSG,1726.5275229357799
NPVYQPDG,2272.9036697247707
LWVHSWASG,9872.660550458715
SSQFESVG,1863.4770642201836
GKWVKAG,1712.0091743119267
REKFKVAGGQRY,2282.091743119266
HEFKEYG,2644.0963302752293
DHEYHREALG,1915.0642201834862
FEVAKQPYHDRY,6207.839449541284
AGLQQWLG,5234.238532110092
NSFAGPWGPNDG,5139.587155963302
NAERVAEPWNK,2089.3256880733943
QYKLHAGGFRKS,2735.3073394495414
QPEPALQFNKHV,2740.8440366972477
DSNLDAKHDVG,1059.651376146789
SQHHNHLG,2472.6880733944954
EESYKGWKDG,1607.9908256880733
FEFPNKRDQEN,1295.2522935779816
DVKNGWSG,1875.7477064220184
YWVRWFKHVFW,18846.688073394496
EPVWGQKDFWNS,4765.95871559633
NFYNNLQPKHG,3351.1330275229357
GFEDSDFNG,3651.8990825688074
YFWHEDPHLSG,5826.582568807339
GWLYEALG,12956.09633027523
VPRPRYSG,3237.5733944954127
HSVQDLENHDL,2015.0871559633028
EWPRDAGHAL,3313.4908256880735
SPKDHLQFPD,2070.137614678899
RRPSYQYWDL,10917.449541284404
WLYWQPDGWNL,21629.174311926607
KYFWNNG,4377.793577981652
SHFHRHDALG,3993.5091743119265
LFPDEKARWLS,3934.9311926605506
VQRWQRYDSQNH,5233.811926605505
NSKDHGFWV,5873.0504587155965
KKHAREQHAL,1198.3990825688074
AVADAHVG,1307.3853211009175
RWDRHVAQNKKA,1202.7018348623853
QYNKQDKVQEWG,1643.9449541284403
GQDQVLWNKS,1751.3761467889908
WRNRGNKDS,1832.605504587156
EVKDVLFYKAEY,16001.454128440368
HWAYVDVSG,10160.628440366972
KAVSNDAEKHS,729.7018348623853
NVQLEHVWHDS,4702.045871559633
HVPYGFQNALS,6663.073394495413
LKAAHVASG,1772.3165137614678
DRFWHFSG,11819.660550458715
FGWFPLSEPWV,27373.133027522937
YNWYRNKHS,4404.724770642202
YEWHEGQREW,6886.577981651376
RQSELFHDA,2711.0229357798166
GEGFRQPYKVL,8091.8302752293575
QQHGDPYALG,2861.243119266055
QEAKGNDVYNV,1237.6376146788991
KKNGVLSG,851.651376146789
DPHLQPDFNLS,3415.967889908257
QVGWFENYNS,9600.009174311926
PLAWPWSG,13204.545871559632
SGQKSFHRWKL,3805.4174311926604
HYLPWKWAS,8890.885321100917
ARQFWSNALSG,6709.348623853211
YPNESRNKHAL,1912.408256880734
VEVRYQPKHDLG,3745.683486238532
PWDDAKVPNSG,1813.4587155963302
KAKWQPNKHVS,1241.9770642201836
PKLQNQNGPHL,2324.3348623853212
QLAPRWHDA,5296.857798165138
GRLYHRYNDVLG,7370.619266055046
ENSLDLQYWDLG,6279.256880733945
QGPFDGREYKSG,2149.0
WDELHAQRPNG,3856.5504587155965
WRFPHQFLG,17360.110091743118
KLEQKDAHDVA,998.4357798165138
NGRWKWAYKHVG,5770.5091743119265
APVWWDLG,9363.29357798165
DFVLKDQRNVL,4361.160550458716
WWDQNRPG,5950.743119266055
DANQWLKDA,2174.848623853211
RLDSGYDYALG,7070.894495412844
DQWSWGRYWHA,17965.33486238532
NGRGWHQPWVAG,9485.178899082568
LNQEWRLSG,5482.454128440367
RFKQWLRELG,5670.09633027523
FQNWEALSG,5347.128440366972
NLWRPHWLSG,16161.660550458715
SWKRRPHS,2803.243119266055
NPNWDPDALS,2959.8853211009173
SGAFFRNKDA,2996.2155963302753
LQKWSQKALG,2726.321100917431
LWVHAEDVA,4003.2247706422017
ENHANEWDRPDG,2254.330275229358
HVAVWKQNLS,3681.8440366972477
DYEKFRPDVLG,2633.3348623853212
HVSEHEHLRHG,2963.0825688073396
VNEWAHG,3310.467889908257
PSKNSKHAL,977.9633027522935
QWLNALRFRHL,17466.311926605504
PWENEWFYKHV,18538.990825688074
GDSAQLSG,1274.2018348623853
FRAGEDKFYWD,9658.738532110092
EKFGPDEYWSG,3497.6743119266057
SQWPVGNDVAG,2669.229357798165
QWLYREWEPDA,9746.344036697248
RLVAYSNKVLG,8211.550458715596
FWSLLSPYWKL,8606.270642201835
APDWDYHVG,4141.394495412844
LAWDLWKVSG,8084.01376146789
LRDPQPVAL,3033.2844036697247
FEHRRPWPLG,10761.995412844037
QESLNVSFREPG,2472.97247706422
HSWKGLWSG,6079.472477064221
AKPNGEG,817.8394495412844
PYWLKVHPASG,9803.899082568807
HSLARYSG,4676.807339449541
HKQAWDSG,1998.3899082568807
GHYKQEPYKA,1733.2477064220184
LHQYHDVNV,3813.6605504587155
GLEYLHG,5163.545871559633
HLRAQFALQPHL,14606.114678899083
LKDKEKHG,840.4036697247707
WVPFSRYNVSG,12756.619266055046
PPGRKRDVAL,1455.7339449541284
QKNFRPFYKH,4422.642201834862
QALGVEVSKVA,1788.834862385321
ERSRSKLG,1031.4495412844037
WDRLAQPNHDLS,5293.357798165138
FGFPLPAFEHVG,7414.045871559633
YSRHAQDKHVL,2682.4036697247707
DKHWEPVG,1923.3899082568807
KHPNKREQRVLS,1083.926605504587
WFFDYKSG,5043.5504587155965
YQKNAQYDVAL,4002.756880733945
SGPGEFYWG,6384.435779816514
AAEKKAG,614.0963302752293
WKGGKSFYNH,4013.5229357798166
KLAELSPWKVA,2940.816513761468
WKLYNPKDQE,1637.9449541284403
KSDQNGQRLG,1369.5045871559632
PAFAKHFPVG,5690.0504587155965
YERHDQSG,1974.9954128440368
VRHVWSRPAL,8341.37614678899
LKLPQWSG,4136.8302752293575
FNYVNASENKVS,2207.316513761468
WQEDLDSHDAL,4472.701834862385
RWKPWYDLSNKS,5250.467889908256
WDFYELQYNDV,17531.60091743119
NGRFLSEPWH,12162.105504587156
RPKLSFVPSGA,3244.5
ERYGHFEPYH,8561.394495412844
KRFGWDLS,4843.3899082568805
SEHVNVAEHV,2052.4908256880735
GYSDFYNS,6217.192660550459
FPDKDRYFPL,9408.059633027522
QQNLENRWHD,4205.894495412844
WFPQSWNKHA,5117.623853211009
HVDPYHEWHASG,5019.261467889908
ASKVYLRNHALS,5071.802752293578
HFQFQPSG,6137.045871559633
NSRDEDLQRPL,1860.6559633027523
HSEPEWKVQPD,1693.788990825688
YQAKNDSG,996.7155963302753
WGDEHQREYHAL,5725.646788990825
FLSHYKARVLSG,5065.09633027523
HWPGYAG,6770.665137614679
QFALSVDLPD,11174.628440366972
LGLKPVLG,4239.018348623853
QDLQNPLRENKH,1660.5229357798164
FFRYDKAQRNAL,4221.0
PHFEPDWKQPD,2960.1422018348626
SWEYHKLG,4906.0504587155965
QLVGVLNHSG,4479.05504587156
VKAQHNALSG,1370.8899082568807
QYANDFGWDG,8630.711009174312
RFRDDQYKG,2804.3073394495414
WGYAEDSQFYHV,15727.19266055046
AKLRKVVALG,2547.766055045872
SVYLYKLSG,16170.11009174312
KSSGQRKHKVLG,991.5550458715596
YSLSRWEYWV,22346.60091743119
SYLPPHALS,5522.431192660551
VQDHWALG,3728.298165137615
SRRKYDSG,1290.0229357798164
EYKNRLSQEPG,1177.908256880734
LSAGDSEKAG,937.394495412844
WLKGRLFHSG,8142.724770642202
NRALFVLPVG,29779.788990825688
LHKHLYALG,6344.197247706422
LAYDGEVLSG,3081.651376146789
DQSNVYLG,3297.532110091743
VANNWAG,3182.1009174311926
YGLQAFHG,6800.394495412844
HEENNHLG,2065.2477064220184
WRRSHVALG,7335.183486238532
AEKWHEPDV,1762.619266055046
VLVVSPHSG,10405.201834862386
EDPNPKAQRVS,1018.9678899082569
GWNWWHSG,13392.444954128441
VGGYWDHG,6927.495412844037
VADNNKHALS,1284.334862385321
WYDFFNDVLG,14196.885321100917
ESVGVRWKHL,4145.628440366972
LGYKQEVLSRPA,2912.733944954128
RRPLEPREWN,2622.3899082568805
FVSARKFNKH,2517.394495412844
VHPGQHVALG,2905.394495412844
EYEYNDVKEWN,3318.7522935779816
QPFFASFEWVA,41269.05963302752
YSFQNHDWKAL,6314.637614678899
VLHGGYWKH,6117.01376146789
PDAAFGPWKV,5192.697247706422
KWKYPKDVLG,2121.646788990826
AQHVVLWKHV,11450.981651376147
PPDRDRYVAL,3807.440366972477
WAFSYVSHVAS,17530.660550458717
YDVAFQYDVFHS,26987.229357798165
KSLSAEPNLG,1342.7752293577983
FVWNLQQRPWL,22843.467889908257
LYWFAQPLG,11001.871559633028
WAHGNSEYWHSG,7741.871559633028
ENHHWAQPAS,2263.8119266055046
DLFYHEKQFDG,5392.793577981652
LHWVQSG,4778.724770642202
YYYLASG,4445.224770642202
SGADHLS,1564.4174311926606
AHSKWALS,2814.408256880734
YNYDLNLREKL,4968.348623853211
DNRPGPSG,1216.01376146789
WVNSGKFPNVA,3967.197247706422
WSVQALPNKLG,5197.435779816514
SQAKRYVG,2062.683486238532
FVKYHDQFKDL,3866.8853211009173
RPVYQRYQPHV,8314.178899082568
LWNSEGRKLS,2972.197247706422
KLVGGQWDASG,2409.4174311926604
PFQNGWSG,5562.95871559633
HRGVQRLSG,2929.912844036697
QDHWKREPNVLG,2025.9954128440368
GYDRNYDG,4177.183486238532
DFEVNHVRVG,4897.4495412844035
VGHVWDSYNH,6958.133027522936
LYKEHFWVA,7887.206422018348
HVQEAESQRE,967.4816513761468
RFLRWDQNDV,5782.142201834862
YHVVSYWVFHG,29077.371559633026
KAHPPKVS,1168.4036697247707
NNYAVALSG,3564.1284403669724
AEVRAEKVAL,1724.5550458715597
EHLHALFWKPYW,18302.0
NKSVLNALPVG,2215.619266055046
WGPQVAGALS,2801.5688073394494
YHASNGDEYAS,2069.3348623853212
AVLANKDSG,1129.133027522936
SRVRPNRVALS,4382.036697247707
FQHPAEYWHDG,8602.90366972477
RLFASFWYLS,21726.788990825688
AASNNDLG,1252.1009174311926
HAVWHGEYH,6494.729357798165
PSHPVLNKHVS,2305.206422018349
KSWVVRNA,3501.229357798165
AREQLRPYNDA,3169.376146788991
FFGYEWG,8004.05504587156
FEELLGPKLS,3340.8073394495414
YSLRSRDG,3258.6422018348626
SEFNFWAG,7884.4908256880735
SKFQNAG,1392.1788990825687
KERPKDWALG,2116.7155963302753
FNDPYAQEPFPK,2804.8577981651374
WRQRKQLG,2384.9816513761466
HPQLWNVLSG,4367.284403669725
RFSAPWALSG,7968.472477064221
GHRKYWKALG,2942.798165137615
WYKLVRNKHDG,3909.2247706422017
RPQWFDVQYDVA,14553.743119266055
QDHRDGWNDV,2662.1330275229357
QHQEHEFVALG,3234.1926605504586
YNVFELGFRRPA,14328.128440366972
SEEDLRHVLS,2270.201834862385
KWVSYRNDVLG,6014.40366972477
FLLVPDG,8810.449541284404
EVNGNDFRNV,2397.798165137615
FEKNEYHFWHG,7121.4495412844035
RLEKEWAQWAL,7815.183486238532
ALSHVQEFRKH,2568.0183486238534
PKAVSYWFEWDS,13905.949541284404
SERHSDG,1424.4954128440368
PLKSHGRYKVG,2160.206422018349
KYNSPSFPKHS,2072.1330275229357
WEPGGFRYWKD,10463.802752293577
VHVPVNDA,1581.908256880734
DHGEQDVAG,925.6009174311927
DAPHRENDFL,2232.761467889908
VAPGWHDWAL,10648.908256880733
LSYHPYDWDG,11905.348623853211
KYLSYKHVWHL,8054.862385321101
NQDENYSG,1453.6743119266055
KNKVFYSYWAG,9387.834862385322
WLPVKGPYKHA,4278.128440366972
YNFLHAFEYG,12824.073394495414
FPPGEWKQD,1986.5779816513761
PNVDASGNAEYH,1967.5871559633028
AWREPKES,1006.2935779816514
KAALSNENHD,1148.1009174311926
SRPRYAFNVL,11117.61009174312
YGNFWLKLS,12308.62385321101
QGEGNRPWKHSG,2345.6880733944954
LWENEHVAG,2990.8440366972477
NVFKDFAEPWA,7980.380733944954
FDKFDLFREP,3696.454128440367
QQPDQNVPHLG,1646.7844036697247
WFQAFLSG,11929.422018348623
QSKHNDNDG,1163.2431192660551
GWEVQEYWVA,11203.160550458715
WKRLHDLQNKAL,3150.770642201835
RLADEPVG,1545.045871559633
YDWQGYDG,5362.362385321101
FLLEKGDG,2450.5963302752293
HRGAEYLG,2879.7522935779816
SGRQKQFPHDLS,2436.6743119266057
FDSKEYVLHV,7278.931192660551
QHSRWFWHAGPL,18634.275229357798
SEAPEYHDALS,2522.3899082568805
KLLQFNKENDG,1602.0412844036698
KNLREENKVA,799.045871559633
ENQFYDPAQEK,1367.8211009174313
PEARNGEYHA,2331.5550458715597
PRYVPGQPALG,3829.376146788991
YSKKDVRPNKVA,1150.165137614679
EPEVGEEYWVA,2767.651376146789
FRPAQEYVEKVL,6294.743119266055
LPHYQDVL,4449.454128440367
LRSSYKDVALG,3286.6422018348626
FEFVWKHLRHDA,6894.224770642202
QHKQYHDWHS,3613.788990825688
QQGQLRENKHS,1126.7981651376147
QVRKVRARNL,1650.3073394495414
GFWGGQDLSG,4866.848623853211
NWNESYHDL,6763.711009174312
WAPGDFPYNH,7768.298165137615
AEKYYWDVA,4764.683486238532
RQWHNHLYDALG,9153.564220183487
VFQGPNKHVAS,2259.238532110092
FADAVARNKHDS,1561.7798165137615
WYDLLEPNAS,5986.073394495413
DHQKPNAS,878.8669724770642
KPWNQLFKVL,8281.88990825688
NDDQEANKVA,908.2660550458716
QQKLWYWDA,9608.798165137614
WRAKVNHG,3351.5733944954127
KDQPSYKGRYKV,1512.7706422018348
WPNWHREWA,13015.5
RLNDVFKRKDL,2660.8394495412845
VLFPRWALPHDL,18000.160550458717
VWPAGHVALG,6546.362385321101
QRYLKVFRVFPN,23284.642201834864
AGNKNHDNLS,1376.0183486238532
QWAFLRVFRPY,31689.435779816515
HAGVQRKRKAS,940.5321100917431
RKYKLQAPWKLG,2349.0
PNWSQRQYVAL,14671.119266055046
VNKSNQRWKVLS,2593.6926605504586
WWFFRVASG,17022.798165137614
PPYDGYNARKDV,2696.0963302752293
VALHWASGRKSG,3318.183486238532
DFEYYRNVG,6166.981651376147
ANGKPAG,1017.6284403669724
NQVLHALWNL,13836.334862385322
YYVADGQEWNG,4528.09633027523
NLFNEHVRPDVA,3373.261467889908
NQSYQKDALS,1411.3623853211009
YRLQHESG,2405.1100917431195
QHDPWSEVAQKV,1770.2568807339449
SHSNKRWDVLS,3255.0229357798166
FHQANVQEYHL,5145.880733944954
FAPYSHKLSG,3584.183486238532
PFDFVYHDVS,15246.967889908257
EVSHGRDVKVG,1308.5504587155963
QLLYRPASG,5716.316513761468
DVNAWSEVAS,2207.288990825688
LPVVWDG,5567.178899082569
ANLHQKLS,1725.7660550458716
HEWDASNENVA,2068.6100917431195
NGGNSRDLS,1459.1834862385322
PALHHRPWSG,7345.963302752293
LDHVHALS,3706.321100917431
PDFLRNHNDLS,3934.435779816514
SFHSYKPHDV,3218.435779816514
KFLNPKSG,1639.0642201834862
VNGFYKQDVAL,4257.683486238532
DSYPSGFPWLS,13980.91743119266
ESWFVYVALS,47643.14220183486
FDQVPNFHVA,5600.4495412844035
VRPFSRWNKA,3711.8348623853212
ARHLENWKDV,2410.8577981651374
APKDFDVLQYWK,3619.348623853211
AKAEWQWHVL,6820.834862385321
KPVFLRNKDA,1950.8211009174313
AHEKYHVALG,2203.1605504587155
VFFFDVALG,35220.7752293578
DKKDHVLS,1009.3532110091743
WHDGVAAGFRPK,4394.073394495413
RARHESEYKDAG,1602.4311926605506
FFVLVQWHVLG,32710.967889908257
KARSPNQVG,1299.9449541284403
FYEVFKSGREPG,4292.004587155963
PNRFVLQPHS,6129.642201834862
KEHAFYQNKD,1963.2064220183486
SQPAQHSFPYS,3619.1605504587155
DAYFSREHDA,3348.201834862385
WPSAVAG,3022.4266055045873
ENQPYVREFEHA,2570.3577981651374
YEPWWLSPNDA,10797.802752293577
LQYQGQEWKH,3121.876146788991
NNFLRHVASG,5028.01376146789
ASRKWNDSNSG,1519.926605504587
HYDRYHRDAG,3539.5550458715597
ENWRQPWNAS,4989.1697247706425
ANAQLHLSG,2140.087155963303
PKYVQNHGDS,1500.559633027523
WYYSYLG,4287.6100917431195
QHRNFFREYWS,13277.743119266055
LAQFFPDAL,13184.79357798165
KHDDNAQPYNH,2046.6238532110092
QVWEAGEPSG,1845.9174311926606
SGRKGDREPYN,1663.8394495412845
NAVLVPHDG,3350.876146788991
RDFAKNDALS,1770.6834862385322
VAEDENGQNHA,1348.3119266055046
NKWLKVRWAS,7632.252293577982
QYVPKFHPNHA,3251.793577981651
EHPQGYHDVALG,2171.3440366972477
FESHHAWKDV,2722.6422018348626
RHRKGFRHEPNS,1590.573394495413
LALEENDVAL,2199.0366972477063
LWFRYDRVS,9013.11009174312
VVRNNVSG,2042.0
EVDNWDVG,2561.4862385321103
KNGVWHLS,3945.5733944954127
FASGLFNSFWN,12648.408256880733
NQNAREDQFWD,5435.229357798165
LWHPGPNG,4235.325688073394
EDLHREVQYKVS,2965.577981651376
NVEDVYVRVLS,47307.04587155963
YPDNPWVS,6255.90366972477
WSFLVAYNHDAL,28826.38532110092
KAPKNVPYWVL,6877.701834862385
WWYLEDSG,11015.399082568807
HKGRFELSG,2299.8899082568805
HASLWVEKDSG,2581.853211009174
HQVFDYWVA,14519.646788990825
RRFKNKLSG,1141.0963302752293
NPDYPSG,1446.7339449541284
APSKHDHSG,840.7981651376147
NSHKLRKHDV,1417.9449541284403
DHWGASG,3032.8990825688074
WWRFDVLS,22455.876146788993
PSQRDVDVFEKV,2020.0
NEASKWNKHLG,2002.7293577981652
QVNKHDEYNGWV,4133.311926605505
EVQSNAFNALG,1869.2431192660551
QYSHWHLFEHV,12321.747706422018
DGHNNHLG,2078.47247706422
HKNVNHG,1407.197247706422
VYFRAQVSG,5970.871559633028
PRPFNSQDVG,2034.3119266055046
FFFDLFSG,6116.825688073394
KQLAVSG,1491.5229357798164
KKESQLSG,653.1238532110092
HKQAVSG,1015.9174311926605
VQLKHYHG,3180.0504587155965
QSERSFPWKHDV,3489.1284403669724
WPSKDRYNKVLG,3568.3073394495414
QSYYDQPG,3176.7477064220184
DEWSNLWKVS,5806.435779816514
PGWSKVLQWK,6599.600917431193
HGGGHLSG,1983.0
SERAPSG,1367.9357798165138
PVDVEDARPYVL,4836.440366972477
PEGRSFYNKVL,5754.871559633028
SPQSHLSG,1336.119266055046
SGELRSWAG,5040.816513761468
PNDSSFSQFEH,2844.5504587155965
YVEPAGWNAQN,2880.8119266055046
YYHGYPKHVS,4484.972477064221
LNHQPPKDALG,1852.2981651376147
DADHDYKVL,1771.8119266055046
DLPNHVNGFPN,3073.9266055045873
HQVAQLKVL,4258.44495412844
PKWFDFWNKDLS,7442.931192660551
EFPSGQVEKAS,902.0871559633027
AALDPVSG,1300.073394495413
QLYNRWFEPYN,15142.105504587156
HLRRASQYWHV,10799.894495412844
RWPKNQPHALG,3661.5183486238534
VFAGDVEYHG,4287.582568807339
FQPSLGKALG,2142.729357798165
SRNPLGPWNVG,7054.087155963302
YWNSHSEKYWAL,9755.183486238531
HKWDASLS,2325.2798165137615
RFWFAQPWNKSG,8745.766055045871
SFFAWNLSG,10125.146788990825
YYPKQVALS,4188.674311926606
KRSAVALG,1389.51376146789
ENDGHFEVPNK,1489.2706422018348
FSQVLVFRWKS,29831.701834862386
QKGDVFPRWNA,3633.756880733945
SQQYNEALSG,1978.6100917431193
RELNVSWNFELG,12466.87614678899
ERYFWLQPKDL,11244.802752293577
WRYDFVQFPHLS,25821.449541284404
DGDRVSVAG,1521.7660550458716
QFENSFNSQSND,2132.816513761468
ESGPWFYDYNDA,8448.174311926605
DEPPGQRPNS,1155.0550458715597
RGKRPRPYWHVL,10076.298165137614
KYAPYGPHV,4950.082568807339
FYSEALGKGRS,2950.9816513761466
PPVHWHVSG,3646.6605504587155
KQWFWFRPNKHL,8851.733944954129
HLEREKPDG,1266.3761467889908
ADSLALSG,1684.4174311926606
EEHFALNHDS,2655.802752293578
SQSVPSG,1057.2706422018348
KEGLNASG,1156.1009174311926
RNGNQEDVHVS,1466.1788990825687
HPHVRLQPKL,3349.912844036697
WARGQNEDL,2617.697247706422
SFPNGFDQYH,6979.325688073394
YAKAYQEHLS,2421.137614678899
VQFLWDVQREV,9607.444954128441
HERFWASG,6020.059633027523
VHAVPKSG,1213.4724770642201
PVGPFPYKLGPD,4882.880733944954
AQSKAEVSG,768.5550458715596
RFREVWLGEN,8430.555045871559
FDPWLFLGFRWG,29870.229357798165
YSGAWHDVEV,4586.431192660551
LWEKYNALSG,3892.064220183486
FSFADPYKVG,4304.027522935779
VLWWWNHVALG,19881.119266055044
YHPPRYWHDA,8514.48623853211
NDPYEVQPWDG,5010.366972477064
PHDQALSYLRPN,4614.935779816514
DKLQGDSG,924.7981651376147
EVRDRVFYWKV,12398.444954128441
RVQSNDLKLG,1630.2201834862385
WGYYKSPNDA,3736.087155963303
GNARLWNS,4263.972477064221
NPWGGFVSG,7935.912844036698
HSHKWDVASG,1919.5366972477063
RQKDFELEPNAL,1714.9908256880733
HLWGWNQNVA,6339.316513761468
QVREVLALNKVA,8953.233944954129
DGAHFWSG,5796.229357798165
EKYKVEDQEWVA,1449.6467889908256
RHPWVLANHDLS,8457.087155963303
SRNFGFEHDS,3975.1559633027523
SPFRVPSG,2287.967889908257
GPARYSWL,10295.995412844037
RLYFFPKHLG,13630.591743119267
KDYAQLNVG,1818.6605504587155
DQGLHSG,1584.8853211009175
WGDFAKLG,4987.655963302752
EKRKSWAQFHA,2558.4036697247707
PQQRHRHDVLG,2597.3348623853212
WQYNPKHQHLS,4343.587155963302
QPSWFDVFREKD,6580.440366972477
WASNSNHPNKA,2014.532110091743
ESFEEYHGPHS,3341.5183486238534
SPLGGFWVSG,7664.747706422018
QHVRSQNEHS,1343.133027522936
LRWLSYKDAFPG,8173.518348623853
HNSQFKDWV,3911.330275229358
RELDDVEYNDV,1801.9220183486239
VGLGHGYWNHD,6374.266055045871
WAGSKDVSFEDV,2724.940366972477
ASDYSKVG,1034.8990825688074
NYVKDYAG,2207.711009174312
YAKPPKALSG,1482.8211009174313
DGSPWNEAS,1569.9311926605506
NSSSGPDALG,1117.5825688073394
RWHDSENNQED,1459.0688073394494
ADYGKVALS,1716.9174311926606
YANDVWFNHLS,11726.766055045871
QYRGWQEWHD,9961.839449541285
QGKEQRWLG,2522.3073394495414
YWGNWHRPYN,11947.711009174312
FVDQGEYAS,3352.3853211009173
YWDLHSRSPNG,4303.426605504587
KSVQVLKHD,1680.1376146788991
FHQRVNKSSG,1643.7385321100917
YNNLVAQENAL,2594.9266055045873
QKWPLEYWKLSG,6812.01376146789
NNWDWHDSG,5545.082568807339
KPPDYNHDVA,1233.8532110091744
FSNSEPNGNSG,1317.4587155963302
ADPDRHVLS,1667.2064220183486
DLSQQYHGFWG,9603.724770642202
KQDRSRASG,862.9633027522935
NPARHEKLSG,1099.7798165137615
GEARRKLS,1285.0091743119267
KRHNQWNDG,2054.2477064220184
DPVNGHSG,1132.7431192660551
KPKNDQDG,661.7247706422019
QDDYKGVG,1138.8899082568807
KNEWPAG,1685.4036697247707
PKALNRAGNS,1326.4495412844037
KYKGNREPWA,2341.6100917431195
LGPQASRNKHG,1509.2247706422017
PWYKRYKGRWNH,5731.293577981652
DGRAKVWKHAS,1884.9724770642201
GWYGFNKVG,7110.045871559633
AWDRGALG,4370.266055045871
GEYVWGNKVA,3779.793577981651
HSYRPKQPNS,1942.3532110091744
HWVHSPDVS,3741.2844036697247
PWLAFPEYNV,25626.711009174312
ARHPDEWHDA,3038.321100917431
HREKRALGNKDG,966.0275229357799
VWWADSG,7915.440366972477
QPAFYGFWKVAK,11626.848623853211
LSWFRNYALS,10568.577981651377
EESWKRKHALS,1784.4816513761468
WVGAEHSPNHAG,3149.532110091743
NNWVLYG,16193.756880733945
LFLSFGRNL,13288.880733944954
HNDYHWHVALS,8651.577981651377
NKPEENAL,745.105504587156
YKDERDVASKG,991.9220183486239
HNGNVHALG,2369.4954128440368
NWFKEVLG,5654.073394495413
QHQVQNLQYLSG,4185.261467889908
LHSNYALG,4267.321100917431
PHRQWNFPNHV,7583.894495412844
VGGWAEYWKHAG,4988.334862385321
DYQPFPSG,3288.623853211009
NESQWSPASG,2242.316513761468
NNGVKSG,1108.2752293577983
DHQYYLSG,5942.655963302752
NKFHNGQPYG,4206.54128440367
WPAYFDAG,12819.87614678899
VLERHGYWNHA,7141.142201834862
RFDRHQFYA,9917.344036697248
LNYKDPG,1691.1238532110092
DLRGEGDVS,1204.5504587155963
YNYQHAQEYDS,3139.8440366972477
DSKEKDVAAS,481.197247706422
KNGPSPSG,993.4266055045872
LEVDAHSG,1784.1284403669724
GHPLHSG,2656.2477064220184
RQHNREVL,1934.8899082568807
QGAGVANKHL,1730.4449541284403
KSNVKFWDVS,2858.4862385321103
AFRAQYHWV,13112.311926605504
FPPPWVGYWNHD,17480.311926605504
FNDYKLSSQPW,7957.862385321101
NKAKFWDGKDA,1696.3165137614678
WKVHVLSDRHLG,7103.307339449541
DLNYYLSG,6572.151376146789
GRWNQREGQYHD,4416.412844036698
NQPWDVLQKDVL,3408.9633027522937
YVGQLYKPNAS,3851.5366972477063
LSGQVYHLRPV,9513.87614678899
SWKVDQEHVAS,1626.5183486238532
EHRADFRYWNK,3636.5
SQDAKGWVLG,2965.4862385321103
PEKHRQFWVASG,5945.284403669725
DSARHDLPYVL,7328.688073394495
PDQYDQDAYG,2991.761467889908
WSWQHFEYKAL,13975.394495412844
ENPVPYHRKDG,1793.8577981651376
HGEEWGPYKG,3454.1605504587155
WQPRQWHLS,10031.321100917432
GHREFAG,2165.422018348624
REAKLQVGFEK,1538.8853211009175
KGFGPSEHG,1616.4724770642201
DWKPSEWALSG,3511.587155963303
AKSARSG,724.0688073394496
VQSKDVDG,784.7110091743119
QGVESGPYKVLS,2755.848623853211
YLNLGWNHKHL,7718.591743119266
ARSLKLG,1638.8761467889908
VVFASHSG,5597.8899082568805
VNEVQHG,1619.01376146789
VFHEKHFKG,2393.669724770642
KEFGNHASG,1703.8440366972477
SGNFGQFEPNG,2876.7798165137615
SVANVFSG,3637.1100917431195
VPKNNVLSG,1029.2201834862385
KPGQEASLS,726.6926605504588
PAWELRNKHAG,3096.3394495412845
LFQNKFHVLSG,6082.504587155963
GHVNHKDG,1341.7293577981652
RHAAWHDKS,2186.091743119266
KLWGSPKHD,2429.9036697247707
LQRNEPLQES,1216.8119266055046
PKVAVAYHSRKS,1901.0871559633028
SHAHPVSG,1770.6559633027523
FKKQVSHDG,1312.1146788990825
ERGHPKG,1046.3440366972477
YPPHHDSG,2292.229357798165
QFLLWLSREKG,8845.669724770642
YLPHKDRPYH,4806.380733944954
ASPDPVEWKAS,1139.4633027522937
DKSFFKSG,1699.954128440367
LDQWGHAG,4224.729357798165
WLPFEDFRPA,9456.5
RNDDRWKHAWHD,4928.94495412844
FGASEGFNHVSG,3008.798165137615
QLWNPYDQHSG,5552.564220183486
PPRNPSG,1324.3990825688074
FHDSWLSWKNHL,10776.651376146789
HQEEKQWHV,2320.3990825688074
ARPPSRWA,3694.9174311926604
AKSYSKSG,989.8532110091743
YKGGGQFRNVA,2713.766055045872
ERLDGPDG,1634.1238532110092
ASRLNVEPNVA,1717.5963302752293
AHAYDYWNKDV,3288.119266055046
HFYALGQYYS,9263.064220183487
LRFPLNSG,6572.922018348624
KVRYYVASNKG,3478.3394495412845
YHPNGYFNKDAG,2920.2798165137615
FADAKQFKDV,1750.7477064220184
YRVYHQKVALG,5783.119266055046
AEPKSQLRKDG,829.7844036697247
FNSQLEREHDV,1784.0045871559632
PRNNEKVG,1078.073394495413
QFHKGEDQVAS,1080.6009174311926
FHAQNLQVEWV,11541.922018348623
NHWQREFHAG,5438.802752293578
HHNQVAG,1528.2935779816514
FKHRPYNLQHA,3771.8899082568805
QVEWKEHQRVL,3609.302752293578
RKALSLFYDRNV,8262.922018348623
QEWNGWPYAHDA,10041.454128440368
YYGSGRSG,3083.5733944954127
DPYGHRPWDVA,5330.862385321101
HYNSYWGEA,4990.940366972477
NSHFHGDLSG,3269.5412844036696
SWVGDHAG,3265.238532110092
FNHVYVQPHPYH,13777.353211009175
KWFYYVG,15355.119266055046
YKYHQARHASG,2804.0504587155965
KFRENEWAQPYL,9755.316513761469
YPFWNPDVS,7297.201834862385
PYNEKGPKAHDV,1502.2798165137615
SFHQEEWVLG,5304.623853211009
EKWVSQLDLG,3149.8990825688074
QKSDWVSHDSG,1867.711009174312
LFNWVRPWVSG,15314.399082568807
FRPYQGQRNREV,3361.183486238532
KFSGPAEKS,979.3899082568807
VRKDFNNAS,1503.5412844036698
EQFQKHVPKH,1449.0229357798164
AWFPRNASG,5693.651376146789
NENKDELQYKL,1750.6743119266055
KLPWNEVQRYH,6864.261467889908
KRGRHALGYNKD,1571.7201834862385
HVFWPWKPKD,7280.325688073394
LFKDREFPVAS,2571.646788990826
HNWVPLG,5969.48623853211
HQRKDRYDWKG,1953.7844036697247
WEVPDFNLSG,8601.844036697248
PQPRRHLG,2348.922018348624
QDDSGDSPNS,1034.9724770642201
WARPVQFSRWL,26694.977064220184
APAPEWASG,1695.5963302752293
LAHLNSG,2750.454128440367
HEDPGPYWKHDG,3471.798165137615
DENKARDLRDAS,1133.366972477064
GELSQASPNVLG,2348.9495412844035
RGPLLYWDSG,11427.912844036697
RLRDVRVRYN,7712.770642201835
YVHPHAFRNVS,7101.353211009175
QWVHNDGQYNV,6621.481651376147
AGLDFALG,5442.04128440367
VGYKDLQRVWN,5575.48623853211
EHEVWSPKD,2175.816513761468
WAQDDVEHASG,1962.894495412844
NAKHVWFEPV,7549.568807339449
FVGRDQDRPS,2252.6330275229357
YVLENEQWKD,3536.8899082568805
LSGGHSEHSG,1354.3761467889908
AFHPSPWNVS,7139.197247706422
RDEVWPYALG,11270.247706422018
DDEKQFPKHS,947.8853211009174
QQSGSQWG,2324.5
EQVLVYKDA,8147.9908256880735
WSPEGPWG,6404.6697247706425
RPRRALYWL,16339.316513761469
KWYRPKHDAG,2692.6009174311926
KKEDPHDAL,704.2064220183486
VLEWNEAYNHS,5382.073394495413
VEAGHDQPS,1335.6697247706422
EERKVHG,1152.8073394495414
RWRRDGQPND,3333.8348623853212
VPPSHSG,1194.7477064220184
LQQLPKDL,1673.8165137614678
FLAFVRWNHV,19168.550458715596
LHKGPVG,1783.073394495413
VFDNQYLG,6564.201834862385
KKVRVPLG,1245.8715596330276
SSFLQPHDAS,2877.564220183486
GPKNYNSG,1144.7935779816514
RNYPGASG,2275.6422018348626
YNWSPNDFKVAG,5119.701834862385
EPKPQFPHFYNK,2586.256880733945
NFLNLFWKDLS,9695.032110091743
SPDPEYDVA,1198.334862385321
QWPGWVEYNHA,10521.151376146789
ANKVHLQRPAG,1905.4220183486239
VWHQLYWG,17587.201834862386
PRSDDVSG,1410.6376146788991
VFHNQFHLS,8325.91743119266
EEEHLPALS,1324.0366972477063
ASVGHSQWDV,3524.52752293578
NDYWGRVFREND,7377.087155963302
DWQHLYG,8458.133027522936
FRKYHDWKEDA,1967.5963302752293
KSKLEHPHG,1198.0275229357799
VFFWLEHDVA,15318.788990825688
RQYFASFALS,24792.724770642202
AHKFVSG,2091.1100917431195
LHLADLSG,3264.8394495412845
YRFEGRALS,4958.091743119266
EYGVRESGHALS,2161.798165137615
NGAPAYVG,2568.5229357798166
NWVVSYG,18743.995412844037
HAHKSEYWNHL,4778.298165137615
LEQDWALS,4755.027522935779
SRYYYWDALG,12037.564220183487
YVGNWLEKHD,4387.087155963302
PENRYSPWHV,9247.853211009175
AQALQNRYWVG,7776.522935779816
NGKYEPKHDAG,1104.0963302752293
EYWKPAGVLRYK,6173.894495412844
AVQKVDAG,1105.3623853211009
WVSQFQVRKDS,6072.6697247706425
NPDVWGRDVG,3064.0963302752293
LSHEHFYWKVSG,6802.339449541284
GNKEFYNL,3099.3348623853212
PHYSKVLEDL,2537.3899082568805
KFYYRYHALSG,7938.243119266055
NFENKWHFRKV,5188.1100917431195
QELPYKVYDSNV,2831.9816513761466
YNWLDVPYVAS,13558.940366972478
HLHRYSVLG,8667.678899082568
KKLFGKLSG,1364.8532110091744
SKSSHDL,1103.5275229357799
RNKWNFPYLGN,8707.871559633028
FYHDHVEPGPNL,3818.5733944954127
APAKGRDSG,745.3990825688073
QLKKSEHVLS,1066.2064220183486
SNKAREFREWDA,2460.761467889908
RNRGGEWALS,3729.3394495412845
DFYDLAREPWAG,6680.720183486239
NWYKYLSG,6113.0504587155965
RASGHSKAQDV,1011.8440366972477
LYKRNREYWDA,5655.605504587156
YLLNLKLG,8243.449541284404
QNGRVAQWYHAS,7558.642201834862
FHNKARDYNV,2714.816513761468
HFVFVWASG,31198.74770642202
NWQNEWSG,5193.816513761468
FVLKFEKYKALG,11010.587155963303
QRKSWGELWVA,6923.032110091744
GFHYGDLS,5566.362385321101
ALEHWVRYDVAS,10754.29357798165
NYDWFWAG,13660.344036697248
ARQENPDG,1210.9311926605506
SYGYAWDALS,8063.174311926606
ALEDGQARHD,1947.3990825688074
YYEHWNLSG,5805.784403669725
YNGKQYLFPHV,7603.577981651376
ASEGEYQWHDL,4716.431192660551
KPFNFHLS,4287.1100917431195
YADEDFNKH,1812.7522935779816
HDWWPNDG,6411.293577981652
EDHARVPVS,1423.8211009174313
KWAHKHAG,1854.9495412844037
LWKHSYHNKSG,2656.6284403669724
ESSPYKDHSG,993.2752293577981
SHRYKEYSG,2361.0733944954127
AWEHPSG,2166.059633027523
PDRQAWDVALS,3349.3715596330276
YDDDSWLSG,4678.894495412844
ASDRGENDS,766.3348623853211
AKLHGNKDSG,789.8532110091743
QRRLNKSYNVS,2214.206422018349
PLAYLEKVAG,4363.912844036698
QDGLDFENHAG,2047.4908256880733
FDYSLRNKHD,2836.7752293577983
AYEPKNASG,1105.9174311926606
HALDYHGPNKG,2335.137614678899
QALVFYLPYDLS,38547.252293577985
RSARPVLSHS,3127.646788990826
VFQAYKVAL,9523.697247706423
WPYLHWNDVA,12186.08256880734
FDKQPNNVS,1471.926605504587
PAWQYHVGNVG,5846.743119266055
GFHKFRVLG,7276.004587155963
HYKGHQDVLSG,1811.605504587156
LYRALASG,4572.178899082569
RGHDRDFPALS,3688.0137614678897
PGLGARPAS,2110.3394495412845
PAPKQPHRYVS,2734.321100917431
KVSWVSWEPWNA,12692.600917431193
WWFVHVALG,24660.174311926607
LSPLQDSVAS,1336.6605504587155
LVFKADG,4226.564220183486
NAYFEEYDASG,5889.0504587155965
LYASKLSWNDS,4500.01376146789
KEVLLGPWHAL,11788.229357798165
KFEPVLAFRN,7156.087155963302
RSAGKALDVLSG,1694.0871559633028
FRWNLQWHVSRQ,10739.573394495414
LWQYDPHSG,5591.467889908256
RWALLSASYWG,21166.339449541283
RDYKWNLYWNS,8108.128440366972
QRSHVLYNDWDA,8731.536697247706
EVSSNHEPYNHG,2142.0963302752293
NWSELWSG,7829.614678899083
NPGRRAG,1767.6880733944954
LSRYSPVSEKVS,2318.0137614678897
HLDQYAQFEWG,10156.151376146789
SNPSYAL,3972.3577981651374
FRQRGRYDYWDS,9951.899082568807
FNWGNHFAG,8958.344036697248
HHERVSG,1416.6788990825687
WEYDWQENVAL,10797.371559633028
FGFSFPEYHVL,21775.06880733945
NDPFWNQKG,2668.0412844036696
HFLDKLSG,3254.908256880734
HDYADAQPYWS,9451.628440366972
QESWRPDVNG,2548.077981651376
HGDAHDQPWDV,3896.087155963303
EPWPNLEKGEDG,1343.454128440367
QWLRAYKSFND,8302.302752293577
LPVPREALSG,1395.2339449541284
EGGYQDAG,1711.9495412844037
FEPYYFEWVWV,45540.44036697248
KGVKHAKVSG,1043.073394495413
NGWSQAPKA,1868.8073394495414
GDGDAYSG,1680.119266055046
WHQVGQGRYNG,5352.922018348624
VESAWALS,5163.467889908256
FWWSAGWNL,14921.11009174312
LLRKAHG,2465.7155963302753
NEAKFNSG,1436.0504587155963
HYHQKFYKVG,4112.573394495413
HEAFVHDL,7339.256880733945
RLVPSFYNKVAS,5761.729357798165
PVDENSRENL,1452.8990825688074
LEPSQPGYVA,2709.619266055046
KLVPLGWNKHDA,2954.7752293577983
YEANHHAG,2529.8853211009173
YQFVENAEKHAL,3159.3073394495414
NRLVKASG,2374.7844036697247
ANHVLRYRWVS,13896.02752293578
SPFAHDVALG,3168.7247706422017
WHLQNDDGNSG,2164.876146788991
RPDASPVWNGE,1628.9220183486239
RHQHHAGNHLSG,2305.8715596330276
KRVSPQPWALSG,4108.862385321101
FPRPWQVASS,5353.224770642202
RWQKGNHYKLS,2998.169724770642
VRLWSRDVAL,9264.449541284404
QPHGQYRYHEHD,5176.821100917431
NYSQFWRALSG,9764.550458715596
FRFARPYQEH,6481.119266055046
RPRAQHEKVS,1095.7477064220184
WGEKRHSGPD,2805.876146788991
WYWWLFWHS,10743.715596330276
LNLQSYLG,6291.853211009175
YKFALGKQENH,2019.073394495413
DDRHGWG,3434.6559633027523
KHLDHFRPNKG,1770.1009174311926
YKHALVFWVPLG,30788.422018348625
KFYQWNHAYKDV,4706.577981651376
EQGAKHDL,929.8073394495412
REANKGQRHGPH,1891.8394495412845
ELRVLPKPVAL,5774.123853211009
HRREPGRLG,2557.316513761468
GPGVYVAL,15685.738532110092
WSKYSQPVAS,3324.183486238532
SFSPFPDSG,4245.54128440367
EFYWENSQFN,12148.61009174312
HYANRDLG,3173.9816513761466
QRHKQEVGRPDL,1524.0779816513761
WYWHSSEWKVG,8420.04128440367
QVAFWSRLKHV,11479.646788990825
NKPDFKLNVS,1682.9495412844037
YAHYPKVALS,5270.522935779816
AWHYHEYKD,5126.339449541284
NAARDSEYKS,1209.651376146789
KQVEVQVG,1289.6284403669724
HRLGEAEYNHA,2523.4954128440368
HAHNGRVS,2375.4954128440368
VHQRKFSG,1909.2752293577983
PSKAKAQWNH,1678.5550458715597
EYKYWPHSKAL,4333.522935779816
DENHHVRKHDS,1349.866972477064
YFDNYWAG,7121.412844036698
DGANLNASG,1294.8990825688074
ASKWHVYNKVS,2831.9862385321103
GYSFEYSEKSG,4942.573394495413
VKHQKRDVG,795.6422018348624
APDPFWHDS,3362.316513761468
FKKDRDWNHS,1984.0275229357799
PWYPEWNDVL,16024.29357798165
GREGSPYWKHAG,4047.5183486238534
FYQQGREYHL,6983.123853211009
HSSEREVLS,1436.0688073394494
QARYHAQDPKVL,2389.2477064220184
LKVWSQSG,3506.4862385321103
EHPEEWHDVLS,1834.619266055046
EFQAFYALSG,19814.366972477063
GEVNLQEG,1640.7522935779816
VPNSKGRPND,1292.4449541284403
WHFHLEAPWVS,21037.95871559633
PRVVEYALS,10383.559633027522
AYDAQAQFPVL,5757.376146788991
ESPPEVSG,834.8211009174312
ANSRNKQEYWDL,4061.151376146789
YARQWQYKVG,6676.366972477064
KQRANASNAG,963.1009174311927
YSQEGFEWRNDS,5411.215596330275
NRLKFWLS,11240.600917431193
SAGNSALG,1610.3623853211009
WDQVNASQFNLS,7395.288990825688
KFKLWLGFRKAG,5703.0091743119265
EVWPPYNKHDL,5549.977064220184
FSWLKRDALS,4975.995412844037
HDQYPSREPDS,1675.1697247706422
LGPYALPHENLS,3768.5229357798166
FHHYGWHDAS,7019.798165137615
AYDYVRNLSG,4662.752293577982
VKQENRLG,1233.573394495413
RVRSQKLRWKS,1665.8761467889908
GPYLENGWNSG,4405.821100917431
YLWNVHSFREV,12239.981651376147
DGALDSNKHLS,1690.334862385321
QFHYEWAHVAL,17184.97247706422
FQDQELYDG,3770.5733944954127
RHQDNKAFHG,2077.408256880734
VAHSEVEYKH,1826.5779816513761
QWFPFPHFRHL,24132.866972477063
DAFWYNQYKHV,10239.467889908257
PQNHWAQYWKDA,5086.94495412844
NNPHRLS,3318.862385321101
NEQFVPWLSG,11921.633027522936
DHDESYKL,1558.4174311926606
PHFWWNASPWDA,19689.711009174312
EGRPNQYSQDG,1646.4495412844037
LGADNDSG,1285.940366972477
EEFADLSG,2549.591743119266
VFVLYDFKDV,28714.711009174312
NGKHRSEVAS,1279.6238532110092
EAEGGYNKVA,1172.105504587156
PAWQSGEPYASG,3502.6284403669724
NFSKVRVLSG,6947.036697247707
LPHYEYLS,7720.142201834862
FVNWWNHDVLSG,10013.880733944954
RVDFNVAFYWHS,31996.330275229357
PRLWVFRYHL,29103.330275229357
DRSQFSASG,2035.9633027522937
RWLPPGENLSG,2971.229357798165
QPGEFREPKGRD,1822.5779816513761
DYRAPNASG,1660.5229357798164
YKYWDQKLRPNK,2477.4174311926604
NKNWVGQRND,2680.422018348624
YENKKLSSG,1168.9174311926606
EKSWREVFNVLS,5797.747706422018
QDYKAENGNHV,1278.7981651376147
QVLKAEWKLEYL,11424.43119266055
KHVFRWENLFNG,10725.211009174312
GPYEDFPYWKG,5964.197247706422
REANLRVRHLS,4651.935779816514
PVEDLQFDYWN,15630.41743119266
QRKFVFEQRYA,10092.435779816513
NAGWAFFREHV,16365.61009174312
LSHFFWNDV,12168.045871559632
VYGQNQLSG,2344.9908256880735
QAYFPSPVG,4621.431192660551
WALQVQHEPNG,3733.821100917431
VRDAVFHG,3587.5963302752293
VFKRYLREHDA,3687.0366972477063
PYDHESWHDL,6073.307339449541
SGNEDLFEWHA,3975.064220183486
KGENYDRNG,1550.6422018348624
KPEAQAG,589.3761467889908
RNEQQKVL,1343.2247706422017
DAEFPRPLS,3321.362385321101
PFDNSYKHV,4668.261467889908
ERDNAQFPDA,1608.467889908257
HFLVQHDL,10465.555045871559
KWNQVYDVL,7906.967889908256
QLRKHLNSFNL,6421.252293577982
QHDFEVQFDAK,3414.3440366972477
LRPNVEAKHLS,1652.2844036697247
AQGADALSG,1133.788990825688
QKVAHSNLQRN,1918.3532110091744
FDHSALQFPV,8906.30733944954
ENQKPPNHVS,1049.3990825688074
DFSSEHVL,2980.605504587156
KVGNYDVQEPL,1738.7798165137615
ERHKHEYWKV,2291.454128440367
QHGWQSDVAG,2413.4954128440368
DNRGWAG,3282.288990825688
SKLLVALSG,9598.490825688074
DYHELYHVLG,6808.426605504587
QGYREFEDV,3225.1146788990827
AKPWPHAS,2450.7752293577983
VEWDFLEKG,4826.623853211009
NVWASHFPNDL,10627.477064220184
VAQHGHVWNHS,4044.243119266055
HKEKSRSG,739.7935779816514
GVSFHFWG,19639.211009174312
QAKKFEDLS,1150.7614678899083
LRYLWQFLG,13796.665137614678
RSKAHQFYVS,5390.334862385321
EQADVQDL,960.2889908256881
PNVKKHVRENHA,1203.8211009174313
KPFFWDALSG,5925.431192660551
KYPYLELG,4739.298165137615
KQLEWDPWDLG,5602.95871559633
EYLDRWSPHS,6680.522935779816
PRKRSHDLG,1149.6743119266055
ENHFGVASWLSG,8131.963302752293
KEWSFFHDASG,5490.05504587156
DADSPNPWNS,2023.3853211009175
FRPLEAPKDRPH,2876.697247706422
YNVFHLEDQYK,5638.779816513761
VQVEYLQRNKD,2909.6422018348626
VWSPEVG,2801.440366972477
KYEEWHVLSG,2924.876146788991
QYQRWSWLGFP,22548.16513761468
RVGADQFYNHG,4587.798165137615
YLRLWDVEWVG,18592.091743119265
GFGQNEHG,2019.3990825688074
PDNHLNRYDSG,3081.288990825688
RKGSQRWRKVA,1368.9724770642201
VAAPLKHDVG,1472.0688073394494
PLGYSRWSFYNG,15984.385321100917
FHFPGFPFEPVG,11207.426605504586
VSGDGYNHFKSG,2759.4816513761466
LVYVGPG,10334.238532110092
RYNVFVPNHLFN,18380.633027522937
FKVNSQVENG,1356.4036697247707
GPVPWKQLSG,1835.2201834862385
YKHQQREVQVL,2077.440366972477
QEVEQFNGENA,1233.5183486238532
RQEGHLQEAG,1193.6422018348624
GYVGHGRPNH,3296.853211009174
EYGQLPDVEYVS,4011.5229357798166
ELFPFDVENKAS,2649.6100917431195
WLHHQYDG,6912.871559633028
RFFVFESG,30252.16513761468
SNARSWAS,3283.7155963302753
LVSFKEPDALG,2823.9587155963304
PSHEDSEPYHDG,1821.4724770642201
FWNPWLPDGKV,8330.58256880734
YLNSDLSPKAG,1811.591743119266
AVQFNDEAS,1639.348623853211
KEGGRPHVASG,1302.4816513761468
KLDQWVEKLSG,1863.7981651376147
ELGGQPNWHLG,4908.8899082568805
DSPHYFWKHS,4020.1880733944954
FPGVSQKWNA,3833.045871559633
HEGAPVASG,1401.3119266055046
DYPVNASG,1591.01376146789
EPRVNDFDSG,1780.8853211009175
HWHWDRSG,6797.362385321101
HDAYNYVFYK,14644.238532110092
YRKLQHRPG,2843.623853211009
EQQQPKSG,668.3211009174312
ASWGQRFWKDL,8503.018348623853
HFVPNQPDAL,3157.8119266055046
NVWPSRHVAS,5599.981651376147
FWQSKDVFPG,4430.8302752293575
GPDHSWAG,2199.683486238532
DPNDDAFRNKV,1311.6605504587155
LFGFNVEYKVS,17871.30733944954
VAEAQSFKHVA,1913.1284403669724
NSHARHDVNS,1628.0366972477063
HVRVNGEKDG,1171.9724770642201
VSAQNKHPWKHL,3200.1330275229357
EPWKAYWSFLEK,10902.270642201835
LFWKNVQFYG,13177.12385321101
LRADFPSG,2796.733944954128
EWEQFLGHVAG,7433.211009174312
KRYVPDGKDAS,1032.5779816513761
QKYNKRHSWNA,2306.5825688073396
RYEEFYHAL,10467.105504587156
KGLAVSG,1568.6100917431193
FKGELSGHQRN,2458.954128440367
FVEYPYVSQWA,11375.490825688074
SYLSDFRDVSG,3821.623853211009
YFRYKRNKDSDS,1397.8577981651376
DEVHGYLG,3670.137614678899
YYNESENG,2031.2568807339449
QQKVSQGQWD,2181.105504587156
AYDEVRNS,1843.2798165137615
RNNVDSQNKVA,1132.9816513761468
APQPGYLSG,1977.045871559633
RPWHAQAEEKDS,1104.4954128440368
DVLVNSGQRPY,7494.536697247707
APSHHDALS,1438.7247706422017
EQLFKRYHDVA,3545.52752293578
RSSLKHG,1457.7981651376147
WEALDPYAG,10233.38990825688
YSHPDLQPWVS,8990.701834862386
DNEHWVLSG,3414.9908256880735
KGGDFDG,1314.0963302752293
FWVLQNLSGYEW,19110.669724770643
PDWKVHDENVS,1779.0091743119267
NVSLKHSPG,1633.7431192660551
NYWRLPHDAG,7140.238532110092
NQEHPDVADV,1624.366972477064
YRVAWYWHLS,18308.954128440368
YSRQWKGRDL,3641.3899082568805
KWRDEPSG,1469.4449541284403
HLQENDANQRKV,1593.1100917431193
RVFEYAAWNH,14520.830275229358
RHKRFRDAG,1366.894495412844
QNEPPNLEHLS,1766.6422018348624
ELREHNRWASG,3692.6100917431195
VRQAGVG,1690.165137614679
FEPGPVFHRYDG,8114.995412844037
LGPYSDAWNHDS,3738.353211009174
LKYDYHVALS,5140.399082568807
GHFKDPALS,1756.9816513761468
VKGRGVSG,988.0045871559633
NRLAKSG,1514.5091743119267
VKEKFDVALS,1407.197247706422
RPLYHEPAPYSG,6604.683486238532
DVESEAEHALG,1089.1009174311926
YRPNKENSFEHD,1691.6238532110092
DLQRNYVRNKH,2907.3577981651374
LPFKYHALSG,4541.802752293578
PFYNLKDLSRWH,12699.56880733945
VAYSYDFHVAL,23293.55504587156
HVRAYLSFNL,26528.29357798165
ESFSFHWVG,13190.798165137614
FKADLSGGNKD,1302.3899082568807
FKERLHDVS,2377.454128440367
KQKVEDFSG,801.5642201834862
WYKGVREYDAG,4245.394495412844
QSGAKVGREHV,1516.3073394495414
QLLLVAG,27704.94495412844
HQVAKHHDAL,1831.302752293578
VDSRGPKDVAS,1314.119266055046
WKVWPDLVAL,17646.004587155963
QGLYRYHAS,6862.935779816514
YWWHYHGEPD,7206.068807339449
NDEGYHLWNKA,3878.412844036697
PNKAGHARHQPD,1715.1238532110092
SPKDYWQYHSG,3319.8256880733943
YFHGFAQKDALS,3777.532110091743
YLWWYNDVASG,8419.61009174312
FFAFDQELSG,5913.94495412844
PPGNSRLSG,1728.5642201834862
WGFWWGFWNKHG,15774.97247706422
SKFAEYDLSG,2667.4816513761466
LAWAKVG,4228.633027522936
EWLFDAFVGNV,21216.522935779816
GKHRDVAYVG,2501.3853211009173
ENHEDFYSNKDS,1603.4954128440368
YLEAWEPHLSG,9063.064220183487
KNYGYASG,2462.793577981651
LKAKAVLG,1567.4311926605506
QEKLHLHLFYVL,25189.146788990827
GVAFREVEVG,4471.614678899083
WSAQYVQRVLG,11641.059633027522
WSQYENKRYKA,3978.738532110092
GPDFPFPDAL,3747.908256880734
NFWQESQDVSG,2555.032110091743
QDGPNRDQKV,925.6697247706422
HLAWGNDLG,5647.495412844037
ALPAGEDSFPNL,1918.5504587155963
EWDDDVLFPWKD,8508.701834862386
DVHRLRHALSG,3632.3899082568805
QEEEHVEWVA,1645.3761467889908
HQFSQGKVA,1978.4357798165138
PFWYHSEPYVS,19103.059633027522
WQKGLREAG,2246.408256880734
GNPGYHDSG,2326.3715596330276
NEKWWKDVA,2327.545871559633
PQDAGESGLSG,1035.9449541284403
VYSWGVLG,9820.243119266055
YKVFKQNHANV,2663.0183486238534
PHDSPLGDVFH,3095.4174311926604
SWLEDKLG,2697.637614678899
QQLNAFDG,3493.178899082569
PVKYVGFEYKL,16652.22018348624
DEKPREPNKHVG,1039.8853211009175
RDDLEGNHG,1746.5688073394494
FFRWVLKVQWD,26126.605504587154
NKSDFYHRHAG,2861.908256880734
SGFWRWLRPDVA,12301.697247706423
NASKPKDREL,853.6651376146789
WHNFHANKHDG,3574.3073394495414
FEDYAFPSEND,3374.6880733944954
FLSFFEKVWNV,11728.47247706422
ASQAKLSEWNHV,2202.7522935779816
DRGYWFRALS,11129.169724770642
SFHNSDASG,1861.9954128440368
VNNRNVLG,2404.1422018348626
PANWLFYDALSG,15354.105504587156
EAPPGRENVS,1060.6743119266055
VLQSYASDVLG,4118.954128440367
PHKLRVQDLG,2222.146788990826
PHSVDRENKV,1027.0504587155963
ANFKVNLSG,2826.8577981651374
WHAKNHVNKAS,1629.8577981651376
RESKKASQFSG,961.2660550458716
KSVEDYDAG,1033.7155963302753
QVNQRHEDVAS,1288.802752293578
PDYVNVQPYKDG,3364.454128440367
ALDKFHLSG,2787.5504587155965
PLGFYAFKFKV,29197.518348623853
HWFDGKALSG,5428.422018348624
HQNGFLQSG,3144.5091743119265
APGGYNDVS,1396.7247706422017
VGAEEHSG,999.3853211009174
HQWEEYVALSG,6442.082568807339
VARRLGEPWKHA,3721.605504587156
KQNGSREYV,1586.9174311926606
FANPKVANKVG,1783.7981651376147
FNFYLFPDRYHG,15241.894495412844
WERGHLG,7011.752293577982
PVSSSQFEVLG,3177.743119266055
EPVNASHQHLS,1892.633027522936
EYWKVRLYQRNG,11776.243119266055
FYDSNARPKFDG,4075.0045871559632
KSQPYVNLQFWD,15237.788990825688
LESWRWASG,8701.284403669724
VFPARLEHAS,2898.9816513761466
KYFFEDASG,3214.8899082568805
FSKWVGVG,4558.40366972477
SRRHEASG,1548.5550458715597
LFKQSYLSG,4075.105504587156
LERKVVSG,2316.169724770642
QGHRKDFRPS,1635.151376146789
LWQESESG,1810.1146788990825
SWQKEYHV,4050.0504587155965
LSWVNGYWKH,9981.08256880734
PLSQRVFFYWD,42509.68807339449
HSDGGFWHDL,10104.454128440368
EHFAALGNALG,3540.6422018348626
VSFGFSGAG,5879.357798165138
LELKGWVS,5397.899082568807
QDNDQFYQYD,8020.743119266055
VFVWKAYNAL,12670.761467889908
QNKEEYHRWK,1882.4816513761468
WVWAKFWNG,13086.298165137614
GQVYWYHG,15171.52752293578
RYQWWHVFRNG,13039.357798165138
DQQEQYVL,2628.770642201835
GYEVHLG,4201.545871559633
LEESKDAL,1021.1284403669724
ERFEPNLGRENH,2325.6009174311926
NFPWREHVGRDG,5880.518348623853
PWYDGYFALSG,24486.876146788993
KEVWYHSG,4998.371559633028
FDLKFVGEYKVA,8990.995412844037
NHEYYNVGNVA,4102.100917431193
GFVNQEVS,2131.9862385321103
NHEVGRDLFEYN,7363.614678899083
RHQKWSYNSG,3497.619266055046
GDAGPQVS,1082.6146788990825
ANFHGNG,2367.4449541284403
KQQPWGHDG,2697.802752293578
VQQEYQNG,1530.3853211009175
EVNKPWLYKHG,3781.348623853211
WWASSKDLSG,4728.917431192661
LGPHYHDQWKH,4695.798165137615
SWFHYLG,10942.087155963303
VLLPKVFYDAL,20034.06880733945
NNSGARDG,1569.4449541284403
AGQFHQDGNLS,2327.9908256880735
KYQNSKSG,977.8256880733945
VSKKKHSG,632.8073394495412
FFKRNQWNHD,4517.100917431193
FPQKHLWAGWS,13070.183486238531
YFVPEYKS,3798.3853211009173
FQHELPASG,1944.619266055046
NSVSVRYHA,6245.614678899083
LGSPHSNKH,1882.5275229357799
NHHELPKASG,1076.8899082568807
KARWGPQWKDVA,2961.0
RKKEQPKSG,543.3119266055046
RFYRYGEYNDL,11483.357798165138
DFESRARNKS,1657.165137614679
SVWNAHVA,4240.045871559633
VLFQYKQVG,6658.692660550459
SVGNRWASG,4020.316513761468
VHFYAEALS,8481.935779816513
HGDEPSPKHL,1287.7385321100917
QNRWDSQLGHD,3915.2155963302753
NEGEYWLSD,8842.114678899083
QDEYVSRYEDL,4953.6100917431195
ALWPFYKD,12397.660550458715
VELANKG,1459.0550458715597
AADQFPYWKD,5017.321100917431
DQQNDFKHAS,1149.7568807339449
NPSWNVNG,2428.6009174311926
WFRAFFPYG,16125.58256880734
ARHRVRWHVAL,9461.165137614678
SKNGHALG,1497.9908256880733
NALGNGPHSYHV,5613.807339449541
AFKSEKYKHDL,1578.880733944954
FLHLYKSKAS,3160.0091743119265
ENLNWHLEPNAS,2928.1605504587155
GPKYLQPYNVS,3468.577981651376
WQHQEGEVL,2234.651376146789
WRWLPFRYK,14214.885321100917
NPENENSG,910.3577981651376
EAYNKQWLEKD,1913.2431192660551
KDFYALPWYKA,8986.233944954129
GDEKQNDVAG,893.3073394495412
PWQSYWQREL,12475.550458715596
VFVLDENDV,6309.325688073394
HDNLHFYWNAL,14154.79357798165
DLRSRHDDG,2466.077981651376
KPALVSFWASG,8154.298165137615
RADFVGPYNV,6059.853211009175
LYAPAYHSG,4975.353211009175
RYPKAFSEDAS,1539.5412844036698
WRDHDFALG,9981.701834862386
YKDVGSQEFHDV,1834.532110091743
VANDGPKEHA,922.3211009174312
QNPQASQRPYNS,1955.6743119266055
DGLGDGRDAG,1528.6238532110092
AHEKFLSG,1417.334862385321
SHSLALG,2910.738532110092
EASHFKFPYNH,4232.701834862385
PVRRKGEKH,783.440366972477
GEQVQWG,3360.862385321101
VGLSFDQRASG,3594.3348623853212
WNGVEPHGPNDV,2454.302752293578
DPSKYDSG,861.3853211009174
LEWRPRPYKDS,4451.839449541284
VGPSWAFPKHDV,3522.0137614678897
APLNSRKG,1071.98623853211
NYAEKNKHDVL,1416.2798165137615
HNDDNVAG,1246.5091743119267
FKRNVNSPYDA,3308.9495412844035
HGFHLDQNDG,3170.454128440367
RGGYKGNKHLG,1641.7431192660551
VGHPKVYAS,2773.623853211009
DNGVKVALSG,2073.435779816514
RPDSNDGRGRAG,1519.7660550458716
LDYKHNG,1770.4954128440368
YLFLAREPYHS,13044.981651376147
ASFRLFARNVSG,9477.275229357798
FERKDWSEDG,1757.9587155963302
APEPDESG,671.8899082568807
EFAVLDVG,7614.073394495413
QKDDYWNYKA,2272.9174311926604
GEGPNPLSG,1895.9816513761468
SEDKRWDAG,1657.119266055046
NRDNLYALG,5759.339449541284
FWFWRASFRVA,16518.532110091743
AEDWGALSG,3363.9587155963304
YVGPDFELGKH,2853.288990825688
PESEPEVLSG,1185.7064220183486
FSAKSKSG,974.2935779816514
KDNGNLFELS,3007.646788990826
YPHHPDSG,2008.2018348623853
PEYAEPSRW,6969.972477064221
QGDWVWVLSG,14416.41743119266
PPPPVSG,1168.4816513761468
VGNDANDARVL,1820.559633027523
EPKEYNGYAGA,1855.8302752293578
EEWYENHVSG,4368.885321100917
DGQEYEYLYHV,13938.91743119266
FAKRDLYHDLS,4134.655963302752
VKRNKYG,1094.0366972477063
QWFHHGRWNS,8974.646788990825
QANGKVFEYKV,3074.1651376146788
QDFKFDEWALG,4334.321100917431
EQNWYDALSG,3538.0688073394494
VNKKKAG,593.7201834862385
DVGNHDSYNHLF,7054.032110091744
PPEVAKSG,658.8715596330276
RHESRLSRNL,3289.105504587156
WNHVFPRNVASK,3909.1926605504586
LYSQRPNRHDA,3005.238532110092
YFKVWKYWSG,7797.394495412844
AYGKQYSG,2297.7247706422017
NKNYSPDAS,1035.6467889908256
GNLGWWNDVG,6751.481651376147
HYDHYVLSG,6856.844036697248
RFSHDNVALSG,3463.9908256880735
ANHSSYKHDSG,1285.926605504587
QLDFFRALG,8857.128440366972
GLENGRSG,1524.151376146789
YRQARWNKDVA,2478.105504587156
RGGEDGPLG,1343.908256880734
LEFQNALG,3248.0412844036696
QLDNFEDG,2084.793577981651
QLKFALPDVLS,6698.376146788991
QFEYYWKWDAN,8996.51376146789
HHALKWNVLS,4852.481651376147
HYAKNKG,1235.4174311926606
KWQVFNSG,3959.587155963303
EHFQQRKDVG,1646.9633027522937
FSGHQYARENG,2864.3715596330276
QYLWHAEGHVG,5248.004587155963
RFGAWNALS,6480.59633027523
LNFFRSG,5300.174311926606
AGGNPASG,1126.5229357798164
SQSHWHSG,2943.178899082569
YFYHRVRYAL,12446.174311926605
HVKSDRPVLSG,1740.4495412844037
QKYFVGPYWHL,17149.509174311926
GYSGRVEALS,3186.8899082568805
AQFELDFPHA,7040.366972477064
PKRPSQNAYWVS,3819.9862385321103
DSAQVLRVAS,3166.321100917431
HQKWFNSG,3316.967889908257
RRYGLKVSG,2923.169724770642
KQARPRPKDSG,899.3990825688073
ARVFPLGWV,18472.619266055044
RQEHVYKFEWLG,12641.97247706422
YYSDLDLG,5396.940366972477
PSKPEDVLS,846.3990825688073
QWWPPKDVAS,3838.8119266055046
EGEGKVQWNKG,1280.105504587156
KAPQFRDRNDS,1525.2844036697247
GSEKHWSG,1686.8761467889908
VPFSNDVASG,1836.0275229357799
YGDPDGYKHA,2663.119266055046
QQLNQFASG,2463.137614678899
AQSVGEDLS,907.440366972477
GKLGSQAG,1046.7293577981652
WEAEDEWG,4509.655963302752
YNNQVENHDAS,1651.334862385321
NSAKPDG,886.1422018348624
HDVPDFDVWKG,3033.701834862385
WLVPPWKHDAL,12109.220183486239
YDYPRWAS,5636.018348623853
WANAKSPYVL,8778.798165137614
AFWDDGNKDVL,4267.0091743119265
AFQYSNVS,4498.422018348624
QEKSSGEKPW,1160.105504587156
YDHSPLHLG,5298.293577981652
WVKSWDQPWA,11257.80733944954
NHHSRVRSG,2572.816513761468
GYKLGVWNHSG,4601.477064220184
HNWLKLG,5604.472477064221
SPNPKRNDVSG,1038.0871559633028
HPLYHNASG,3413.5825688073396
VQLSESWHL,5336.3899082568805
YASVLWAQYWK,11543.09633027523
WYPVKDLS,6215.770642201835
PPPKPYLG,2096.587155963303
KRWFDPWHVL,16099.788990825688
YAVAWLEPND,8624.862385321101
HWPFDALSG,9169.564220183487
SQDLAFYHALSG,6520.027522935779
LWLGQRPEDVL,4553.752293577982
PKWQKLPNKVA,1431.0045871559632
QAGPPDVKVS,950.6009174311927
QWYAKLEWNVG,9647.949541284404
DGPQKGYWNG,1980.834862385321
PRFGRNAL,4455.807339449541
LELFFEVG,31545.788990825688
LDPDQKALG,1349.0366972477063
GPSHQWVAL,5014.188073394495
KEWVANSGFS,4818.178899082569
QRYVQPVQFYAD,17032.61467889908
NGHKKSG,797.0688073394496
FQDQDPKSG,997.4036697247707
VSSFSFRSG,7334.967889908256
YGYEGQEPNH,2920.3119266055046
RHDGSYDEYWKS,4381.564220183486
NPNSFLWVG,12647.509174311926
QVYASFWQALG,16056.114678899083
EAEKVYWVEAL,10974.48623853211
HGWDGYGRWNVL,17271.88532110092
KKNDNSG,688.8853211009174
QQHEPLNLG,1763.0642201834862
NWERHSG,3269.701834862385
NKQNFPGPKVA,1535.8073394495414
QFFSPHSVSG,4346.440366972477
ALPNHSKGDV,1015.9128440366973
VDRNKYLG,2561.701834862385
VAKEHRWNDA,1521.651376146789
SLGQKFWSG,5182.738532110092
DNFNWKLSG,3285.9862385321103
QEYYASYHGRYA,11528.435779816513
AGQFSQFHAENV,4037.637614678899
SASLPKVASG,1213.2201834862385
QPAGQNHLVASN,2214.802752293578
FGRFYKSEPYS,6074.495412844037
DNKAQANDLSG,832.605504587156
NHWVEVFPKG,7516.435779816514
KDEDVEDRPNA,881.4449541284404
YFLFRSRDLS,9175.752293577982
HRYDNDSWVS,5997.935779816514
AKGYWDELSG,2730.201834862385
KQQKDWVG,1197.6238532110092
NDYVNSFNALS,5054.426605504587
AKSVLHSG,1355.3302752293578
AEDKDHSG,717.1467889908257
NSHHKVLS,1939.0963302752293
DKWDAWLS,5487.334862385321
HAQHGPWGAL,7361.1697247706425
FKDVPHSWQDAS,2554.9862385321103
SDQKHNG,965.4036697247707
FKDVFSWHARPH,7180.325688073394
AHYDENVASG,1793.8853211009175
DRFHEDLSG,2386.330275229358
VWAYLHDS,10184.784403669724
WGEVPFYHSG,16145.399082568807
EQNWWLG,8401.09633027523
KLRNQAPWNK,2035.6559633027523
GDLDGHASG,1570.426605504587
ANSYLEDALG,2566.8119266055046
NQGNVFEKS,1440.8990825688074
KAAWWLG,8516.288990825688
GQWEEWHVL,8316.064220183487
EKEVRPWLHVL,11088.477064220184
YHLEYKHERPDV,2845.761467889908
EHYAYNFRHA,7094.233944954129
KPSSVAG,993.6146788990826
FSNRFPLS,7339.866972477064
SRRESEAG,1045.01376146789
PDDVSNARNS,1281.366972477064
RLQRWRYASWNA,11280.477064220184
VQKEEASG,710.4587155963303
QVPQVSFNG,2209.8394495412845
QYSKVSEADS,868.4908256880734
DRHFPHDWKDSG,2753.3394495412845
KDVHQYWVHSG,4942.068807339449
DANQNASEYNVA,1617.7568807339449
GKSQLFDAS,1616.5183486238532
VGESSFNKALS,2501.2155963302753
ARFLFRHDASG,6773.206422018348
QLLLWNHVA,10889.866972477064
KLQGEDLPYDSG,1645.1467889908256
DGLHEYLS,4000.637614678899
SPAFWRVAS,10271.825688073395
GQGENFKHSG,1281.165137614679
KGDDQRLS,1094.2064220183486
VVSYLYASG,18345.201834862386
KPLYKNLS,1690.0642201834862
HWLKAYDLSG,6426.431192660551
WRLADAG,6193.674311926606
NPGPVQHDVLS,1919.2064220183486
NVFYENVEKHL,7658.678899082569
YVPSSRPYHAG,4120.408256880734
DLQYSNHSFNK,3142.2844036697247
EKRLEWVAQFW,13859.408256880733
WLSPAKYNDVAG,2900.743119266055
GWHVLHNHG,5448.380733944954
FDPQNKFHAG,2004.6100917431193
LWEDDSG,2960.7522935779816
DENKNNKDG,690.743119266055
YQKRPALSHDVG,2166.619266055046
KGNAQRPYGYKH,3388.1146788990827
EWFPSNDNKHA,2606.761467889908
SWVDEASG,2452.5412844036696
FFWFVEPYWNDA,16340.288990825688
RQAKYWASG,3195.5
LEPKDNHSRKHL,1722.651376146789
FLPFLSPHDV,9572.09633027523
QSVEDSEPHLG,1236.1238532110092
PGRDAPVWNHL,5262.137614678899
VGQHEPGEYLG,2312.206422018349
DGDRAWDL,3864.591743119266
NDSVGNQWHAG,3163.9862385321103
YQKDGLNHDVL,3163.940366972477
KSQGEWVEDV,1563.5
NYFYVVSG,27267.440366972478
GENDNEPLG,1407.2293577981652
WRHEPFYNSG,10563.174311926605
EFWPPDVAS,4230.844036697248
RQLFDPDS,3031.1926605504586
ADFFEYDVAS,6980.334862385321
APFAPYVLS,10291.816513761469
DNNHKVLS,1264.8073394495414
FRRLALWKHVA,7463.54128440367
HELSRQPKHVG,2288.798165137615
DLWANVYNHAG,6523.766055045871
FDESNFYNKDLG,3149.4770642201834
FFGVDALSG,5377.4908256880735
QWRRLFPYND,13147.788990825688
DDDGYSG,2295.045871559633
DGWRAGQFPNK,3975.201834862385
ASWWKSNS,3135.3394495412845
EYQQKVQKDS,856.8119266055046
PAYLSPSWA,12329.128440366972
EAYEPWNGQEYN,3532.0091743119265
LSREAPDGPNAL,2711.591743119266
AGFDGDVSEG,1486.5642201834862
GDWNPVLG,4241.165137614679
FLNNGRLG,4811.032110091744
PSNQWHWKHVG,5413.077981651376
ESYHQFHLWNVG,9903.646788990825
RESHYNLSPWNK,3563.087155963303
PSHPQEVG,1159.5688073394494
KFEQNVQRHSG,2160.637614678899
PVVDWDG,4541.334862385321
REDKHSASEKAG,669.3211009174312
PFYVHENKVG,4927.348623853211
QKLAQRPAPHDS,1356.059633027523
RKWFSHDLG,5689.779816513761
RHWGRYNQEH,4304.357798165138
YVKHDSFNVKDL,3298.211009174312
VSYNNHENDVL,2548.7247706422017
KFHAWLYWNHL,15327.449541284404
KAKHEHLQYDAS,1483.366972477064
PALEEKVLYK,3894.2752293577983
VYKHEGYSG,2440.298165137615
AFYYWGRPKAS,6419.908256880734
DEVRQRVALG,2887.8394495412845
FHVPNLFKQEYH,6925.5504587155965
VPADKDLG,866.0550458715596
QWYGDLEPWH,15260.160550458715
FQLGAGAS,2438.123853211009
RFGQPFYAS,13426.922018348623
LRYVYVEPYDA,33969.19724770642
SNHEWNAHLG,4014.532110091743
EGWHKDQRNLG,2198.4816513761466
EGHRALNKH,1607.4724770642201
YEQRQDG,2137.6100917431195
RNWKVEVLYWS,33356.266055045875
RHNHPWEYHVL,13448.518348623853
KWHKLPKSG,1566.940366972477
GFRFVGQFPDVG,13597.633027522936
NPRENQRG,1404.6284403669724
KAYPVAQPWALG,6097.188073394495
APVGKQKDL,847.9449541284404
FPYGKDLRVYKG,7269.518348623853
KYHYAKVALS,4060.8899082568805
NPDAPLYAG,2570.7477064220184
EWPQGPHSG,2246.4816513761466
HKDVQYPYAG,3084.651376146789
RPYNQKLQRPWH,7852.036697247707
VDSLSVSG,1795.6605504587155
RYEEALEYNHV,5552.55504587156
WSWKDRVPYNS,6478.95871559633
HLKKRKLG,933.7155963302753
KKWAHVLG,2671.7798165137615
VRLSHEKDVA,1311.440366972477
SQHDQQRLS,1463.8440366972477
EEPARQKHSG,748.5504587155963
PQWHVGKAGKD,1904.1146788990825
EVSPPYWDRYV,9810.52752293578
RRDGWQRPYWS,14108.165137614678
AFSNPWSG,6502.807339449541
VGDDLVAG,1404.2477064220184
ANGHEKDVSG,919.5871559633027
YGFLLSFYKDVS,13710.032110091743
FSDVPSKDS,1209.032110091743
PEYYWEYWVS,28828.467889908257
NFNRHPWKL,8682.885321100917
VYNKKHQEKVAL,1373.0229357798164
EGWWPVAS,7669.44495412844
NSSPLRVAL,5956.623853211009
SYNYYHSG,3695.6330275229357
RKWVWQPWHDV,11070.779816513761
WPRHDYLSG,7519.834862385321
FARPKNQYAS,2294.256880733945
WEPPLWALG,17181.97247706422
WNNYKHDVHVA,3948.559633027523
VYFPHPDVASG,3907.770642201835
ALDKWLG,3286.8256880733943
RWHQWNHYLGFE,16364.848623853211
PSRHNASPDSG,1368.651376146789
WFLQQYWNKHS,6846.0091743119265
RKEYRDYDASG,1846.7660550458716
PKQSSFEKA,957.8073394495412
PEVSVFNHDAG,2957.2155963302753
HPKPDWALSG,2224.669724770642
EPPNFWLWNHDS,6862.45871559633
FSVRFEAG,12466.238532110092
HPAFPNQFNK,2415.9816513761466
APAFQNSG,1313.9311926605506
LGQDLRVQRKDS,1681.2706422018348
AKPKDHG,784.2247706422019
ANWSFHDAG,5282.802752293578
EKRRASRPHAG,1190.545871559633
QDHSFHAGPDA,2061.637614678899
VNDDHDALSG,1370.1376146788991
DNANLWSG,3130.587155963303
YNHEKVAQAGPN,1370.1834862385322
NPDQNAQEHV,1095.8119266055046
HAEKGDSREY,1215.3073394495414
HSRNKYKRYWS,3344.123853211009
EADLEHYDG,1641.8119266055046
NFHDRHWNKA,3182.1330275229357
AVQHGNSG,1174.8211009174313
AASPDKAG,638.1788990825688
KYYKHESG,1297.2293577981652
HEWKNQFWVL,17337.91743119266
YRDQAGYS,3414.4495412844035
HNHKNKHDV,1249.48623853211
WEHVGPGYWAL,21251.54128440367
HSHFKPYKLG,3841.9311926605506
NPRLQENV,1434.8073394495414
NQSPHGYSG,2673.266055045872
QDHADGFDSG,1875.7018348623853
RGPDVPDRALS,1394.532110091743
APGQAFSG,1359.9220183486239
AYNNHYHDG,3836.0091743119265
DSDNQDAG,866.5366972477065
EDAAPYWDFYND,9409.362385321101
QWAFNSEKHPVG,2894.4633027522937
RHPRAGFPYH,7447.688073394495
HKRAQRYNVAS,2604.045871559633
LWVVLKLSG,29833.25229357798
RYFLLSGQEWDG,13997.440366972478
GRPSSGPNKDSG,908.605504587156
GRPYGDAQHALG,2587.1651376146788
FQYLEKWDAS,4253.275229357798
QYKKVGKPHDV,1320.9816513761468
HQVPKGQFPHA,2029.7064220183486
NQKESPWNHG,1629.8302752293578
PSFKRPRYNHVL,6891.261467889908
DRAKFRDVS,1654.2844036697247
QPFNSREYYKVS,7518.642201834862
QKSDYSYHLSG,2019.2385321100917
VQDAYVFPWHA,12222.545871559632
PLPDEPQNKHDV,1344.9908256880733
NFGAFRWG,10838.100917431193
FDAWDLPKLDA,4768.032110091744
HVYEEVSG,2606.435779816514
SWLFLRYG,18712.440366972478
PQFDVWGVSG,6901.743119266055
DKEPPVL,912.6651376146789
FHSPVWHVPNH,6153.077981651376
LQASLSPWNHVL,9661.550458715596
FLFFPSGWHDLG,15122.633027522936
HHWSASG,4296.087155963302
AFSAWNKDAS,2207.293577981651
RAYKGPAEWAL,5149.688073394495
WKPWSYHAYKH,8616.866972477064
AEYADASGQPYK,2479.8256880733943
EVREHGWKAENK,1346.802752293578
RLDRASLS,2726.238532110092
AWVAWSGPYA,17519.711009174312
RWAFVSEVKAL,15512.752293577982
YSNGRNEPG,1813.4495412844037
YRSNQKVLSG,2399.52752293578
FRFSPHAEYKV,6434.366972477064
WEFQFHVSG,12389.238532110092
EYVANLALSNS,4344.720183486239
PGVNLHVALS,7312.912844036698
NFLQWFVSG,15299.995412844037
NLHWQYASG,7641.963302752293
FWWDGSEPHDVG,5606.908256880734
VDFYVYLSG,37832.71559633027
YGLLQVLSG,9681.422018348623
LQFQDQWKHD,3899.7522935779816
DRQNWLG,3934.7798165137615
FAVQYFWLG,24789.871559633026
VSYFWHWLSG,13986.532110091743
NDKSQERVS,1046.1146788990825
QAHYLFEWNVS,11887.449541284404
VKELQFKLSG,3889.0688073394494
FRYNQPAYDQRE,3179.032110091743
LDLAQNAL,2439.5504587155965
LDSKDWG,2237.330275229358
LDNKYVALG,3247.032110091743
AWSFEGPLG,6615.431192660551
ARQAFNLG,3676.408256880734
SPYNYDVWHDA,7899.862385321101
QSGLQPDEVAG,1091.8899082568807
AEKKPLSG,692.4449541284404
VAGDSRHLQEKG,1212.3532110091744
PVPEKAQREG,770.651376146789
EFVARDPDG,1990.4220183486239
VHYRVLG,7338.623853211009
REAWEVLKAS,2666.683486238532
DAHLPHAWNVG,4188.600917431193
HWPGNVAS,3462.8394495412845
KANDRLGPDLG,1566.0045871559632
LSPNSAYKAS,1279.7798165137615
FFEQELYWVG,17195.077981651375
FEDAFANVLHA,5739.233944954129
QWHAARYVENDS,4082.922018348624
RLQDDQWNDA,2341.4311926605506
PSKPSFHDS,1564.4816513761468
KWRWHKG,2450.293577981651
NVRHRAWKAL,4244.261467889908
EQFAHQYDG,3113.183486238532
QSSPPNLSG,1206.1009174311926
ELHESYHG,2345.1422018348626
HNPYWYSG,13190.871559633028
ASWAALQKVL,5929.761467889908
WSYEHDRWLSG,12040.266055045871
HKHGKPKSG,825.7798165137615
FYYWQRLFPYDL,8864.747706422018
YGEPENHGFEPH,3223.6880733944954
SFQSKVG,2089.9311926605506
AQWAQKFVLSG,8139.98623853211
VFVNNKSG,2460.440366972477
WNYLGFWKNKAS,5553.01376146789
VWPVYNG,8962.339449541285
VSDYQDVLS,2322.5366972477063
RQFWYWRPAG,13544.90366972477
RPRPSYNQRVG,3404.729357798165
YNEDEYWAHL,11185.885321100917
NKSEQREVEPDL,954.0917431192661
PDDSHAPDS,1102.6467889908256
EPSHSVANAG,986.1238532110092
NLHVDVSRHVA,4216.880733944954
YKAYVGRQRPG,3730.9449541284403
EEQNFPASG,1239.1284403669724
DFGVEYAS,4117.6697247706425
PFDHLHLS,7613.816513761468
AQKKEWLS,1246.4770642201836
RPSSWHAFPWNG,11438.995412844037
HNKKNHDVASG,981.6743119266055
DSVKNAG,817.4174311926605
HPNEGYLSG,2136.123853211009
PKALQHGRYAS,3048.059633027523
VQKDLQPPWNH,3217.6100917431195
WFFWPAG,12078.050458715596
QNLEGEVLNHS,2615.559633027523
DVLEFLEPYWHL,36906.036697247706
SKLSFFKG,4941.98623853211
QGYHYNAPHD,4589.568807339449
EVNPNDGHDAL,1847.1146788990825
NGQHAEYEHVL,3266.9266055045873
VNHVSSRAG,2384.3348623853212
WSFYENVGPW,25467.646788990827
RVFLRASNALS,11278.587155963303
DVDKDSRENK,787.5550458715596
WLPVANGQRYWL,22545.69266055046
AERESYVAS,1844.1422018348624
SRWGAQEPWDL,9362.97247706422
NHDFSGQDGPYD,4621.779816513761
NRNQWLWHDV,12248.821100917432
RYFQRWVNLS,13444.811926605504
FLPLKDLSDVL,3956.394495412844
SKHADNKDVS,833.1559633027523
ANQRSWSG,3304.8715596330276
GRWREAYKASG,3234.3256880733943
HLKNAQFRNLS,3882.766055045872
NEHNNAG,1584.8211009174313
FDNAHVGRYNV,7167.637614678899
WEAFNSWNLSG,11824.633027522936
PNKDAHQGPWHD,3099.5183486238534
KSAYALEYDLS,4686.6697247706425
PRFAKDVALG,3126.6926605504586
RDESEDGVAL,1411.2981651376147
EFANAPAG,1628.7431192660551
RAHGDWKHVG,2679.3440366972477
VRLSWHNDAL,8048.3302752293575
QNQKDARSQAS,931.5733944954128
KAPGNFNVLG,2015.6422018348624
YGRSVFPDLS,6972.266055045871
KQRRLSNVASG,1151.802752293578
AYKKYDSG,1334.633027522936
YQSDWNVS,3374.848623853211
FRVRKVSHSQPD,2972.711009174312
QHHRQPKHDL,2072.5504587155965
SHQKHRVLSG,2141.802752293578
FQVPSNHAL,3766.6880733944954
HSNDVYHEDS,1972.5229357798164
SELWDYLSG,7525.972477064221
GPSGWWAS,6686.678899082569
NHSYRHDKVS,2264.4587155963304
FWWSWKFYKH,8430.642201834862
GHQRLRPAL,5027.279816513761
SQHQAREYKL,2190.697247706422
WKWANKNKDVL,2384.3073394495414
YKFRWNFPNSQY,10417.394495412844
RHQLSFLRYAS,14435.174311926605
RGGNEPLG,1621.605504587156
PGDAASPVL,1475.7614678899083
RRKFGPAG,1642.7201834862385
GLPWQHVLSG,8685.302752293577
HLHKQDSG,1438.802752293578
GQYQDQWHVL,7999.628440366972
FYPWQFALFPWK,30097.02752293578
GEHERDSG,1261.9770642201836
PHAGRHDQAGRL,2620.8669724770643
HGQNREALVLG,3223.394495412844
FWFLEVQWSG,28249.70642201835
WWVDWKLSG,11870.077981651377
DKHWPWLG,8173.399082568807
VFNFDNHDLS,5604.711009174312
WPSPRELSG,2961.4036697247707
RFDAQHDREPDL,2370.3394495412845
PDFERVLSPNSG,3746.816513761468
EWWYNANDVSG,6649.59633027523
FSNWQRNDVLSG,5258.495412844037
FHPSSYWNHL,8618.30733944954
RSLGVLDVS,3631.4954128440368
FDYWEARYVAG,11840.37614678899
WNHVGLGKFPWS,14757.238532110092
ELVGWLKHG,5724.747706422018
DPHVSEGQHDG,1248.2981651376147
PPPVAPKHDSG,1004.5412844036697
WPKQAEWNKHD,2205.105504587156
RHQWDSKFPYVL,12143.522935779816
NWHNKEAL,2134.9036697247707
LHADVNLG,2920.8715596330276
APVKAYKS,1053.4908256880733
HPLYAEVAG,3227.678899082569
LFHPHKDLS,3220.302752293578
EKSWPHLFHAL,8289.862385321101
KSYGGRYWNK,2578.8715596330276
ELLYVQWNDVAS,19302.018348623853
LHEYNRASG,2641.7844036697247
YDHAKVAEPKS,973.7981651376147
SFSNWKG,3477.7798165137615
QQSQDVEWNG,1940.5366972477063
QFAGLPNHGPNG,3021.559633027523
LQLNNDLG,2722.353211009174
NKGDEYLPLSG,1591.6834862385322
HLQSALQYNKV,3703.197247706422
PEAHLRWSG,5780.114678899083
YQSYKNVALS,3535.770642201835
DSDNPNG,1118.6926605504586
WLLPVYKDVA,12116.69266055046
WREQFYRG,12642.155963302752
VRNAEGFDLS,2827.908256880734
AYFVNVALSG,21612.0
RGWPWSQRVAS,7686.073394495413
LNYSWVASG,5626.59633027523
EEHNGRHDVAS,1380.4954128440368
LDGDFWSG,6795.238532110092
DYSAGKVAS,1252.4633027522937
RKAKHSLQPWD,2559.422018348624
QAYAVYNKSG,3432.0045871559632
SVFSVLSG,13480.215596330276
WAKDYDSGNVS,2450.545871559633
FHVNPWRNVSG,7685.417431192661
WHRGKHEKHAS,1500.9174311926606
DQRWESGRG,2922.733944954128
NPGYDRHSG,2135.2844036697247
GFWSFWSYKDA,12102.19266055046
DQHWNEHVLS,3734.637614678899
FWSSVQPYNAG,5757.467889908256
YVNDPKNDG,1243.1009174311926
QYFWQLGREYS,10793.426605504586
RLLWLQHALG,13393.880733944954
FDNKNHLFWND,7738.463302752293
RALSQFGFYYKV,22402.52752293578
QYWKGNLGDEY,5137.059633027523
APKVFSRYKALS,3497.183486238532
HDPVHAFRPD,3280.0366972477063
HSQHVKDVAYAL,4282.0504587155965
ADWQEDLG,2274.266055045872
EGFQNPYWNL,11691.197247706423
FQSQWSDL,6842.518348623853
VLFGPAFNVA,13443.729357798165
QYHSLEPGWNKD,3135.5366972477063
VQPFPVANDV,1845.7706422018348
AHNLHDVG,2086.5183486238534
HDYFYSPLG,10249.504587155963
FYQRYDKVRHVS,4673.01376146789
GWNHQERWDA,4319.48623853211
GKLKEVASG,819.7981651376147
EVLHNKVDAG,1147.7477064220184
NDYPALQELS,2551.6146788990827
RFPKQYNDRPV,2855.422018348624
DNREAPG,1119.348623853211
FVVAQRVWALS,19095.330275229357
WWWASPG,12359.444954128441
ASFYRDGPYNDL,11011.5
WDVPGKHAKDVL,2176.348623853211
ELWNKSVGQYKG,2782.6284403669724
HNKYYKSG,1895.1834862385322
KGKWQRHDALG,2010.8899082568807
KRANAASG,750.651376146789
DPERNDLSG,935.4954128440367
YKHDEQWKDPDL,1820.0366972477063
AGGQDWLSG,2393.669724770642
ASSYYAG,3496.5550458715597
YNKLELPAGHVL,5745.321100917431
DDRDQLSG,1222.0229357798164
FSAWQNAG,3436.270642201835
PGGQFLVLG,26396.93119266055
FDKDNHAHDLS,2024.6697247706422
NVVWSRVL,15722.56880733945
EDYQVYDVSG,3286.178899082569
WKEQRKSQRPKV,1263.6009174311926
YGASPHQSG,1952.573394495413
VGKFDLQWVSG,5756.188073394495
PVDKVFAG,2212.1422018348626
YPSQKSYNHA,1866.7935779816514
GQLKVPLG,2035.4724770642201
QQRKAQHFEPKV,1670.4449541284403
WSLRNVFPWDL,26913.610091743118
PYEKYLSQRHVS,5327.532110091744
AVAFEKAHLG,2169.954128440367
RYWEVSNGPYKV,9276.701834862386
HSLNWSG,4513.48623853211
YQYPGKSG,2141.793577981651
QALQKQHAQWN,2390.2522935779816
KSDVFNKQKDVS,840.0642201834862
LYREGHAG,2339.7798165137615
VHRHFNHVSG,3521.4587155963304
QYAGNEYVFEPS,6232.119266055046
PGHYAASG,2337.330275229358
VHVVNALSG,2929.5229357798166
ADQRHDRDALS,1592.1376146788991
EPDHYQPKDV,1276.834862385321
EAVYQHDV,2090.587155963303
LDFWVWLS,22260.83486238532
DVVWEWDG,7750.036697247707
NSHSAEYKHDL,1930.7706422018348
QLKAHLQWNHA,3805.743119266055
YAFFHDFHLG,12830.380733944954
WSFSDLQFNKH,8572.58256880734
YADDLWLSG,7052.816513761468
SGSNWHDVA,2460.02752293578
QFYYAGRSEWH,9273.683486238531
VHSQFEKEHDG,1319.9128440366972
AHFDHLS,3440.743119266055
WDGPNNPYWS,12437.862385321101
VQVYVNASG,7031.334862385321
VYPHLKLG,4760.766055045871
RFDPARSG,2615.0091743119265
QEHWKARLPWA,6959.266055045871
AKYWRVSG,3861.4587155963304
VSVNGKDAG,1009.3119266055046
HQDNEPVASG,1111.9036697247707
WPNWFYALSG,24316.04128440367
DRSVSRSG,1913.3302752293578
VREPLSYLQYNK,5102.311926605505
NFDWWSG,11500.426605504586
HWSWKPYS,8976.288990825688
DALSQKFAGWHA,4285.600917431193
PRPSDGYHAG,2353.270642201835
WREPEGFREK,2312.770642201835
YYHLVSWNDAL,12366.885321100917
WEAEWFNKDL,8954.761467889908
FDSSPNVWNVL,7058.963302752293
WNWEYNHNDSG,5411.371559633028
QPAKLRPFREV,3610.298165137615
HYFKQDAS,1811.4128440366972
NKQGNDALDVL,1429.5045871559632
NSWWWVSG,15720.816513761469
DSGVRHDHSG,1626.394495412844
LYLQFLEHALS,17658.922018348625
GWFVYWLG,26694.009174311926
WEYRVRWNAG,10098.954128440368
DLQEYFVPNA,6640.399082568807
YYYNNLSG,2763.6926605504586
NKAQLQWKGNHV,2339.077981651376
AFLAALSG,8499.98623853211
APPSKVG,933.4128440366973
VWHEHQREWVG,5566.183486238532
EPDNHASKVSNK,865.6926605504588
SEDGPQEHDL,1606.4954128440368
YGFPANEPYWD,12322.073394495414
SAQQFYWNLG,9544.47247706422
WFKYFWDSG,7722.605504587156
GDKFDAG,1162.8211009174313
GFENVFNAREL,9743.5
HEVLPGPNKAG,1729.7385321100917
ANLLHALSG,3578.894495412844
VPSRHSVG,1524.9036697247707
GYGKAKHVLS,2522.1743119266057
YLFKSEFNKHLS,3981.032110091743
SKRWSWSG,5282.325688073394
LENNLEDLSG,2141.064220183486
YFAVEDAG,3291.376146788991
KKYDNALSG,1146.2339449541284
QGFPNVYDLWD,14660.362385321101
SQDRKRKVLG,1256.394495412844
WAFQFFYSG,19672.756880733945
LSRWKFQPYAL,12759.688073394496
RSDKGYALG,2173.853211009174
SFYSGWLEHD,10100.160550458715
EAKLVQRHSG,1474.4724770642201
RESKSFSFENHS,1805.4357798165138
VEKQARNLG,1251.091743119266
PVRFDAPYDLS,10195.555045871559
NGQQENEKL,838.5504587155963
FFHPKRYKHA,3500.0963302752293
WNLVNDSYWVAL,29309.02752293578
KRHVAVNKSG,991.9036697247707
WSEYKSDARAG,2593.711009174312
QLLHVRLG,12957.47247706422
HGQVPAPNVAS,1406.0275229357799
DGQVFHPWG,8770.614678899083
WKLYHQFDLGN,9595.41743119266
VWGSDLG,4295.862385321101
GDNKAKG,711.9954128440367
VAWNQKVPNH,2404.4770642201834
RQDEPPDVLG,1174.6834862385322
QDPHRWDPNKA,1678.6743119266055
VFQYNKRG,3091.894495412844
VHYNDNVG,2592.7201834862385
YSLSSEWNLG,6169.45871559633
WQNQQFKASG,2809.623853211009
HQSVAPG,1207.7477064220184
QVQFHGNFNDVA,4581.931192660551
KGHDFNSEYDAL,2995.178899082569
NKKQEYNAFEK,1116.6559633027523
DHEGRSG,1223.2385321100917
VKYNLWSG,5811.045871559633
AQHKLVALSG,2380.853211009174
ALDAYKEKG,1072.6743119266055
VNKLAWLG,5509.243119266055
LGSRDVQDG,1434.5045871559632
GHGFYQDSG,4211.55504587156
GKERYVSG,1418.6376146788991
EAPGYWVEPN,2962.9862385321103
GFKDQYDAEWS,3950.761467889908
NPKAELVAS,950.9495412844037
WGFGPQPWNLG,18698.353211009173
HLEHASGWGYW,19314.01376146789
YFFVDSG,9446.637614678899
LYWNKWAHSG,5430.614678899083
EDERSGQYNS,1659.894495412844
EGWSEFNAS,3120.7844036697247
GGPWNDYG,6165.238532110092
KFPFAFPNKDV,3041.3990825688074
LPYKDVHRNKA,1544.4908256880733
EDQGSEPWNHS,1774.2477064220184
EPWKEPLGSFPK,2411.298165137615
SSYKLDAS,1660.866972477064
WKKGLFWAS,7966.559633027523
EWPLARWALSG,11417.564220183487
LPVAGEHKALSG,1289.6009174311926
PEHVKAEPDAG,1166.0504587155963
GRDGWVWNHLG,10189.344036697248
QRHRPYLASFNH,8255.19266055046
AWLNKKVG,2369.5229357798166
WGSSGWG,7688.229357798165
KVFNSPPWDAG,4119.146788990825
DKSVWLSG,2317.587155963303
FSARFRSG,6337.880733944954
RPELFYKSFNV,15394.995412844037
PLYSEPLGVLG,7453.600917431193
APKPYEHDVL,1887.467889908257
KRWHAFVYNHVA,10470.880733944954
FRRLWVRKHDA,5734.266055045871
YNNWSGPYKH,6898.40366972477
GPWDNLSEYSG,4624.55504587156
HPSNKFAG,1349.0825688073394
EDVLRQKAQRNV,1648.211009174312
QLVNENVAS,1556.0825688073394
NHQKWNKSFWKH,3091.8990825688074
HKFALLSG,5600.600917431193
ANRLWVALG,11097.660550458715
SDWNQLSG,2625.5733944954127
QHYLYDSQLS,6681.243119266055
FHLFGQKALRK,3802.9587155963304
AVREYYVG,10951.270642201835
FYGYWLEVALW,30043.857798165136
HDWWAQEYWG,15470.142201834862
EEFPSYVG,3669.619266055046
ASYSHANKHDA,1438.454128440367
PHKPHGNKHA,1200.151376146789
QRPPQRKVANL,1657.334862385321
PPKFSGQWKHV,2685.105504587156
VGDAFVKVS,3800.880733944954
DAVYRKDS,1446.9908256880733
QQSQSALS,1049.0
FPEFAGFEPKG,5253.252293577982
GKVKRLSG,960.6605504587156
RHPDRSPVS,1365.6559633027523
PWKQRSKDQPVS,1307.651376146789
GDLKVHSG,1285.165137614679
HYLNDWDLG,9166.591743119267
HVPDNLGRWVLG,9351.550458715596
YWWDRPPYSG,13423.151376146789
GKDRFWALG,5547.591743119266
NNFSNHG,3079.756880733945
APENNKG,714.5229357798165
VEPNEQFWVLG,7740.766055045871
DELWFPLG,16830.298165137614
RVLRPHAVLYKS,9455.51376146789
PVNHAYNWVAG,7006.408256880734
VLKPFRVSG,4733.954128440367
RDSHDRYYNAS,3659.238532110092
EQAVNSG,945.0
AQYWSWGFPND,14055.853211009175
SLSGYNRHLSG,4423.192660550459
SPVVYKLS,6695.6100917431195
HFVLPSQALG,7341.105504587156
QKHQHLGLWNHS,4530.371559633028
VAELVRPYWG,19329.83486238532
NRDERDALSG,1387.7752293577983
FGSVSSG,2213.9770642201834
GHSNWHG,4277.788990825688
EDYENVRNDVG,1729.0871559633028
NSGFSRDEHVA,2548.059633027523
YWDPHDGFYWEK,14703.481651376147
WYNHFRGKVLG,7245.6697247706425
VLYDRNSEWHLS,8249.288990825688
APREYGAG,1630.3761467889908
FWFWSRWENDL,16423.72018348624
WVAHYHLQHAG,8196.426605504586
HADKHQALG,1199.834862385321
EEGESYSG,1013.2752293577981
EEVGRLSPWH,6682.105504587156
VWSDQRDS,2920.3577981651374
AGDQLGWNKHA,2004.633027522936
YLLAWKDAL,9125.316513761469
LGLLPYWHASG,12445.105504587156
WNFHDAEDFKH,4270.600917431193
WYLYPDSG,7380.59633027523
PFYRPPYKHVG,7951.133027522936
LSLHDFEYNKG,4036.3394495412845
FLEFRSNAG,3978.293577981651
ESVRWSPWNA,6610.422018348624
YGPVKHQRYG,3732.0412844036696
WHWFWFWHA,20799.07339449541
ALKGKAQFWS,4867.435779816514
PHRSLSYKHDG,2973.362385321101
YEASASSG,1509.3853211009175
ENYRQRWNDVS,3577.105504587156
DFVWAFDSG,14511.98623853211
FSEPVDLGEPG,2023.1284403669724
HFVQGQHVAS,2922.2477064220184
WQVLFSFYALG,32497.146788990827
RQWGPRKVLG,4459.022935779816
EALLALFKHVS,16777.55504587156
QRRDVSNRENS,1327.802752293578
REWVHWARENH,5926.839449541284
WEDQLRHG,6233.55504587156
DPNPHAPHDA,1634.8761467889908
SKGQGPLG,1404.01376146789
EFYGLENAS,3234.9770642201834
EKLYKFNAQHLG,3034.5183486238534
ANVSKQYHDSG,1452.4128440366972
KSHAHVAKALG,1477.2155963302753
VLEDHDGFYND,7019.683486238532
YVKKALQWDVG,3670.9495412844035
YLFGQRYLNAS,6328.45871559633
PSYEQEYNKH,2058.0412844036696
VHFVVSG,11967.08256880734
WDRSDLFPNKH,5297.0091743119265
NDWRHSEPKVL,3512.4908256880735
GYLGKRPYW,11646.880733944954
RHSHYNGFKAL,5169.068807339449
ANAQYWNQHG,4034.408256880734
YKGGALQFRYH,9154.215596330276
PHFYRPNLWLG,21125.33486238532
KKWGRKG,1029.6238532110092
NQYEGREPYWHG,7422.435779816514
KVGQYSNGFRWL,12534.018348623853
SQYVLQPDHG,3419.229357798165
GDGPRDSG,1320.6788990825687
YHQRLHARYV,8849.302752293577
WLNQNAFYNKL,9930.619266055046
DLFYWAKVPHD,9948.54128440367
WLKQRNDLSWHV,10672.52752293578
GRYFGQWHDVAL,13890.899082568807
ELNRDVQREHVL,2456.4311926605506
FFESLFEYNVA,11108.97247706422
PKPLGPKVLSFH,5553.01376146789
PEPQPDLGAL,2075.908256880734
WLDLYGQRWDG,13367.720183486239
YVEWRYWKSKVA,5549.307339449541
KQYGWQYDVA,5854.05504587156
WLWRVAQYWHAS,17389.72018348624
LEDYHVANKDAL,2404.2155963302753
FLLRPDYNKAG,3733.1651376146788
PNDSFFRSFPW,20506.07339449541
QYENQRPYALYL,26557.357798165136
PVDWFNVLSG,10211.197247706423
KFRDWLQNDA,3013.706422018349
WNFQNDSREPY,7431.628440366972
VWLNFWALG,23381.770642201835
KAAGGFNKHLS,1992.1238532110092
QFYLPVEPKWKL,6948.715596330275
YYVKKVAL,6849.908256880734
DLYHEAQFSG,4330.311926605505
ANVGQKQEHAG,919.7385321100918
AYFPNNASG,3120.3119266055046
YGAWRWLG,14709.01376146789
DGPWQVQYWKAS,7397.133027522936
DVFVNDLSFLSG,18475.48623853211
YPKFDFEPDASG,2517.646788990826
FHHDAWGEWKH,5365.701834862385
EFRWKELYHVG,5945.357798165138
YHVKAQNPKSG,1390.1788990825687
RLGKNASRYWA,5666.701834862385
EGFHDPAGFWNH,6396.266055045871
RDGYNKRLFRED,3758.6605504587155
HGDKGNVG,1079.0
PVQHHLFPYKVG,7490.95871559633
ERLYSWDSG,5554.545871559633
EQNVWHRKG,2086.7752293577983
NWNDQDFESG,2668.3394495412845
YDDLWHLNLSG,8830.477064220184
DHFKSYSG,2653.087155963303
NWADYVLSG,8949.449541284404
WQWWAQFRPAL,25068.504587155963
DQFQPDSRVALG,3224.6422018348626
EHNGPWHEYKHV,4278.165137614679
AGSWPWLSG,10049.04128440367
YDPAHSQEHVL,2377.256880733945
WHVAHWLSPWL,30754.655963302754
NGQWSKKHLG,2644.4266055045873
NVWDQEHEKHDS,1608.6697247706422
FVHKHVRPDLG,3521.4954128440368
EGDRNVQFNHA,2157.9266055045873
AKVPRNDVLS,1611.1926605504586
AGYENLPKHDA,1631.848623853211
RSHSPSREPKA,968.8256880733945
QEDFAYNKSPK,1178.4036697247707
PRHVVYWNHSG,7267.577981651376
EELKQNVG,1368.0412844036698
FYLVWVAEPKL,21697.02752293578
NLPASFGPNHL,5583.091743119266
RFRRESFEYHA,5720.90366972477
GYSYVPNSG,3186.821100917431
SWDGAFVLSG,16463.344036697246
EWYHQWHDVPK,4593.752293577982
HGFGFQYNL,15577.399082568807
RPYLSQSQHLG,4324.0091743119265
QDRWQNFPNA,4163.655963302752
SESLVLG,3083.802752293578
FGWWRYWNKVAS,8120.866972477064
RPYPGQNKYVS,2799.238532110092
YKLYLHGQFYD,17821.26605504587
PNVKPNSWKAG,1884.211009174312
QGPKWAREKVAL,1854.3623853211009
YNWHARAGYN,6836.004587155963
QDYNLGKFYDS,4401.366972477064
DRFEHLQPNDS,2191.6926605504586
NGLWENVLG,6142.5
YEERVLS,3121.440366972477
LEPLLQYWKA,9161.91743119266
AHLGKKVLS,1564.1788990825687
WHPSESGNAG,1697.8990825688074
RSQWFYSHVL,18036.522935779816
QKARQRYVLHAG,3450.5229357798166
YREWNFNSNHG,5944.362385321101
ENRFKVAPWHDV,4768.128440366972
ERYWNVDGPHSG,4146.779816513761
RVQRYRNASKHS,1909.467889908257
QSWRQRYWNLG,10333.59633027523
GKHLANKHAL,1943.2844036697247
HGKGASQFEWD,3511.4266055045873
GQPDNLEHDV,1368.4357798165138
HFHNPNVG,3541.7752293577983
LHAARVSG,2472.4816513761466
RRSDRNDLG,1597.9633027522937
LGHQLPHSG,2708.330275229358
EPQVAFRQEAG,1546.0871559633028
EHAQQNLYWVA,6873.729357798165
HRHLQPLGPLS,5826.435779816514
EQKHNHEWVG,1752.4908256880733
ELNHNDEDAS,1032.7706422018348
NAYLNKRKHDSG,1625.2431192660551
DAVPNDAPVL,1736.0779816513761
HVNSLSRYWHD,10068.036697247706
FPSKEYQFREHS,2945.743119266055
SGEFNLHAL,7920.8899082568805
NFKGSGKVA,1531.288990825688
NLVPAQPVAL,3920.6146788990827
HQLKAVLG,2547.4449541284403
DVPPPKDAS,713.8669724770642
ANFYPASG,3871.802752293578
QSDEFREYND,2105.5412844036696
FVKNWNLSG,3934.211009174312
KYPKHDWG,2550.5825688073396
NQRKKGRYHDAL,1670.9633027522937
YLLLSYAS,16318.58256880734
PWWQRWALGHAG,14837.004587155963
RLKHNLWDALG,5700.334862385321
FNWPYDLNDVA,8980.770642201835
KSNLGKRYHV,1974.1100917431193
AFRPKADFRH,2467.5
NFWPQRWG,13441.871559633028
FLWWKLREWNLS,11555.848623853211
RNQWKGQAEWKV,2752.4770642201834
ADVQFYHQWNKH,5514.284403669725
KQFEFNVLEKHL,5591.972477064221
FYSLRYGVS,6377.788990825688
VSKEFYHLS,3043.146788990826
LGWDSFLGFDAS,16332.064220183487
YKPGLFPDLSG,3584.876146788991
NRLHLALG,7296.188073394495
LQHLWSQALG,7785.816513761468
ARALYLFRS,23582.532110091743
DFQEDQFG,2699.408256880734
PSFNDAVENKG,1366.2477064220184
YDQDGEKNLS,1283.105504587156
FVAVDAFPVA,8767.399082568807
EEDWGHAG,2545.678899082569
PKDNVEKGRDA,849.5412844036697
LAQVKVLG,4210.068807339449
DSGLDFYVLS,23190.091743119265
ESPYYDSFYNSG,5977.1100917431195
WSHFVGEPYNK,6267.04128440367
AHYVFEPNHSG,3799.848623853211
SPFVSKLSG,2754.7798165137615
PWQWFNDPKDV,7079.665137614679
LEWNLWGYND,11964.100917431193
SRFLKVG,5076.8302752293575
LGSVQFSG,4498.559633027523
VRHSVEPKDAL,1567.4220183486239
QYWALRHDEAPN,3766.894495412844
ESRPDQWFPYNS,5459.733944954129
KNLRWGFPWKD,7545.100917431193
QLGFEGHAWKG,5954.678899082569
ANLASWLSG,5414.366972477064
FHALWAQDSPV,5785.605504587156
SHVHNVSG,1948.3256880733945
QAFKYNDFRPY,9044.646788990825
YQKHGLSPWH,7063.5
DLLADVSG,1820.1788990825687
SDDQASG,963.7064220183486
EQPPAFNVAL,2548.288990825688
EVGKQFWEYKS,2972.197247706422
DQEDFEDWHA,2627.591743119266
RRADYNALS,2724.711009174312
ALEYPVENAG,2647.711009174312
NYQFNKFS,5876.770642201835
FLYDKVLNVLS,6652.522935779816
WSHPNAHAL,5677.747706422018
FQPLYWYHVALS,27289.80733944954
EWLKEWSQFDV,8020.577981651376
WAYWENQPYDL,19010.903669724772
ANQGEDALS,997.3715596330276
SPHELQDVSG,1190.8073394495414
YQFSAQFRPWKD,10458.839449541285
HLGSEWDSFKV,5993.087155963302
KAPKGKWHVA,1293.1743119266055
AYQVKVLSG,5291.44495412844
EHLKDLHGNHSG,1641.4770642201836
YGNVQERYHLS,6092.1697247706425
RDHFVFYNKVL,13591.839449541285
RYSRHSPHLSQS,4591.435779816514
REHLRFYVFYK,23452.201834862386
WDHKLSYWNAS,7469.440366972477
DKNHKDG,857.6697247706422
QNLGNRHVVS,3120.545871559633
YLDEFNVG,5119.935779816514
LQLAVLG,10386.325688073395
NAKLLPDG,1837.7431192660551
HPLWDPAG,3312.316513761468
EKAQRYPWQPDL,4394.885321100917
RWSSKGQNALS,2350.830275229358
VDAYQWLG,7931.963302752293
ARPWWVGRPW,20717.211009174312
PNLEFRYAENKG,4186.188073394495
RSAGNVNKV,1154.7018348623853
EASSFHLFEWK,6541.224770642202
RAYVRVPHG,5341.674311926606
LQKEEVAG,745.697247706422
VKVAYRPNHAS,2961.47247706422
FQPKFKDEYHA,2091.8715596330276
NWDHSNKLG,2712.2752293577983
SRKLWSEYNK,3092.8899082568805
QQWSFHAWSG,13841.142201834862
QGEPLWVFLG,36449.18807339449
HAYNYWLGYND,11243.142201834862
VGRNSEHFEND,1997.8073394495414
RGHLEVNKG,1581.967889908257
GQANDDSG,875.683486238532
QHGWPVSKHG,3649.6605504587155
GWPHAHV,5841.908256880734
PADQNQWNKLS,1933.1284403669724
PRSSPKSG,825.7981651376147
VAQQYDLSHVSG,2684.8073394495414
PVLQLHLSQLG,15011.70642201835
QWGPAQWNSFPW,22663.76605504587
LEWWGREPN,5875.582568807339
LNKDQFASYDG,3381.2844036697247
PAAQDLWNK,1839.2064220183486
AYSKKHSG,1149.0825688073394
PLGAPVKHDVG,1793.1697247706422
YDPSSGQYNDS,1965.4357798165138
NFHFRLNDG,7781.637614678899
HGWFLYHVS,20904.30733944954
VHDPWHPHDVL,6827.922018348624
HQQKYKG,1321.894495412844
VARYDEVYVAL,27701.724770642202
GVLHVYSG,12832.490825688074
YNPEYALSHVS,4690.779816513761
WYVNVFDSG,16343.481651376147
NNVQNRKG,1225.1697247706422
PGDHSPVAG,1470.8119266055046
KVKLQKQPYWV,4661.894495412844
FVGVWASQVS,6439.770642201835
RSNNLYKLSG,3120.7477064220184
QYNLHQNKVLWN,6948.779816513761
WRAKLFDSG,6257.339449541284
NEAVLKDAL,2143.8073394495414
SQRFVFPYKHL,13335.853211009175
KEFPHEAG,1258.394495412844
PHPQLEWNKALS,2173.8669724770643
NNFPHHALG,4586.426605504587
FFSWNWAS,8165.302752293578
RNGRHHVGWNHL,8413.288990825688
ESPFPYLQYWD,14893.477064220184
YQSKLGQFEDS,2414.1422018348626
PVLYHDFDLQFE,18947.26605504587
GYKRFWDSG,5562.435779816514
VLLAPWLSG,18602.449541284404
LYQFKQVLG,6402.454128440367
EKQVYDSEWG,2081.0
HPAKVKALSG,933.4816513761468
KDLHDAGDEPY,1695.591743119266
WQPYRWGRPWA,22218.95871559633
VYDPQKVALS,2126.619266055046
PYKRPYLEVLQ,6430.399082568807
WYQNKRLSG,4105.866972477064
PHPYEWKDPWHV,7125.215596330275
GYVQAPDAS,1767.9770642201836
QAKAYFNHS,3058.0688073394494
YWHYSQFANDL,11661.380733944954
DFGDPNDVAG,2086.4495412844035
KHQQDARKG,688.3532110091743
DVNKHGPWDPD,3242.9862385321103
KGSWGQKHDVAS,1389.3990825688074
EDHYYNSG,2720.619266055046
NFHHHVSG,3627.5366972477063
NVKFVSPWHDA,8114.316513761468
KEKFPPYHDV,2459.3394495412845
EHFNQRYAHDL,6291.857798165138
HSYQVASRWAS,6732.376146788991
KSREYAWGWVG,9071.155963302752
WPPDGKLG,2836.243119266055
FGQQYQPYHD,7538.316513761468
FDGSNKGPLS,1909.7293577981652
SVWRKHDVAS,3002.8348623853212
WSQVDVAPYLS,11781.059633027522
FRAQSKQRWVA,4557.729357798165
AWQFKFPYWA,21419.8623853211
RFWELEYWH,23434.80733944954
NPALVLYWKHG,20622.610091743118
EAYDGHRWNKHV,3188.229357798165
KQWLLSPYHDVG,9115.37614678899
RQPDVHQWND,2694.435779816514
QFFRPQGWNHDV,5555.344036697248
QNGVNKLGYHLG,4291.440366972477
EVDHLFAG,2958.6926605504586
YVPGKQNHG,1773.2339449541284
RWDRVLKFRKA,3963.091743119266
QYRHDGVQPLG,3969.646788990826
DRLRDPALG,2017.366972477064
VWPGHLS,6424.408256880734
WKDVSSNASQPV,1649.559633027523
QGKHRNWVG,3094.848623853211
VLSGSQQYWHVA,6737.481651376147
DEQPWFDG,9035.88990825688
HRHPKRKHDVSG,1172.6422018348624
VNVRWRASG,5447.816513761468
HRVYHWDVLSG,9495.169724770642
QVDDVGLG,1766.5091743119267
EQYVGVAEWNV,4500.98623853211
FGVKEPSG,1397.1100917431193
KNKDANQFWNH,2743.7247706422017
PLFQVLKDG,9219.155963302752
RSDEYSFPNA,2644.9862385321103
EFEYGYVFWNAL,33832.9128440367
NEFSHDASG,2487.894495412844
KVDEHAFYKHDA,2046.605504587156
FSRYRYNASGKV,4241.128440366972
GLFRHELS,5050.775229357798
RGHRAGFRPWG,8432.977064220184
HPEANAG,1055.0412844036698
SDYHLYG,4569.917431192661
PNHYHDLPVFH,11915.481651376147
LWGWHAHLG,11978.481651376147
GDWDWAG,6200.591743119266
VAREDAYNSGP,2350.4908256880735
EDKVDASPDVS,694.4266055045872
EGDLLQLG,1998.440366972477
KRKYHYWKLG,2173.6880733944954
LGGGHVLSG,2748.8119266055046
QWGSNFEYWG,16489.04128440367
PYENWNVGYWVS,21416.58256880734
WLVWRDLG,17729.559633027522
RPPDWEWNG,4367.532110091744
GEKRLFRYWSG,6601.908256880734
SFREFWKQFDS,7251.275229357798
SWQDSELG,2273.206422018349
VNWHFLG,13026.394495412844
VNGQWFSG,7850.0504587155965
EYLYSFEWQPNV,20255.059633027522
NHGRKDERNDV,1129.573394495413
VGERAQYWHS,6657.064220183486
ELRSNVAGFNA,3148.266055045872
LSHNNKLG,1967.5229357798164
QQHVSWVEHG,3549.1100917431195
RGVYEWLG,9314.188073394496
DWVQLFDSG,10152.834862385322
WALFVSNQYNS,20207.58256880734
YFDQSQRYHDVL,7970.857798165138
EKSGSPLGFKL,2247.8119266055046
SHFGASG,2445.7201834862385
VASDYKHLEPWS,3947.077981651376
DKHNVRYWHVA,5047.454128440367
PEFYRWVLS,21753.655963302754
NGPAFVFHLS,25779.711009174312
GHGPAWSG,4097.197247706422
YWENHGVGWNAL,11026.678899082568
RWADRKHYNHL,5454.963302752293
VHFLELSG,7483.220183486239
QYSWGQFWQP,13510.651376146789
KRVRRDSG,975.5871559633027
LKAGNGYAS,2059.564220183486
WKSSKDALYD,2925.9174311926604
NDGAHSQFYKV,4996.229357798165
QWHNSGPREHL,3943.706422018349
GHLNWASG,4435.522935779816
FDYYLYWHS,7972.788990825688
SAQFPYPSG,3949.729357798165
FKNQEVLHDSG,1790.8394495412845
FPRQDPWDVA,5593.912844036698
QHLKRHGQKLG,1707.9587155963302
GEYVESWKSG,2722.0688073394494
NDHFSYWNKS,3775.743119266055
HGGWNWASG,5263.45871559633
NWHRREYKHDVG,3137.1743119266057
EEHREEYHAG,1544.9174311926606
FGPKQWKDRPDS,1345.5550458715597
HHDNHYNKDS,1344.0825688073394
KELLYNDALS,2989.7522935779816
KSQVEDEYVSG,996.8577981651376
HQYPRALSG,3345.669724770642
EQVDKDAL,689.545871559633
RVYEKGRPDSG,1642.6788990825687
LGDNNALG,1607.3577981651376
LHGPNRKALS,2408.5412844036696
YWNLLYNEYD,12186.811926605504
GWVVYLG,38492.706422018346
AALVWSG,6390.876146788991
QLAWVNKDVA,2912.467889908257
NKLPENNHDVS,1398.5183486238532
RFQRSYSG,4981.825688073394
YFYWKQYAYWLS,7155.637614678899
LHSPNGVLSG,2905.5183486238534
AREKFGQVLSG,2077.7201834862385
QKQESYDRNHAS,1373.2752293577983
LGVPGFASG,4096.215596330275
HWEYVFLS,41567.94036697248
DANRLSEPYDG,2774.261467889908
HDWLWKRWNV,9800.229357798165
FYRVAGWQNV,8666.62385321101
ADQFLSHG,3391.4908256880735
HAYNVVLEYNA,34222.279816513765
NLLRPEHG,2927.238532110092
HQWNAGPSGQEW,4265.123853211009
YWRWEKAWHVAL,13603.169724770642
VYQKKAG,1196.98623853211
YFHHWLG,9868.155963302752
WFAFRWHQHLS,13907.912844036697
GQLHNAG,1908.7477064220184
FKLHAQNHQNHV,2961.619266055046
GFSLHVLSG,11769.729357798165
RQLAALG,3089.9311926605506
NVRYGWDSVS,8074.637614678899
HYELVAG,3588.3990825688074
QHARSEPHRNDV,1648.926605504587
KWHSPLEHL,4682.6697247706425
WHWKHEKQRKS,1273.802752293578
NLHAPNPDG,2310.087155963303
PAPFFWHS,13438.467889908257
WFLLENVG,15027.871559633028
EPFKNKHLGEHG,1543.2935779816514
QFYVQWHHYASG,11116.784403669724
QLGLVRKVAG,4107.137614678899
PHYHRYHFPYK,8142.5091743119265
HQFHQFNGNHG,4231.733944954129
VDAADVSG,1038.3623853211009
YGRHDGLGFENG,4155.224770642202
EKYDWHKLS,2294.5412844036696
YKDLEVQKASRY,3459.97247706422
NGRNQRGKDSG,959.1926605504588
AHASNFNKAL,2281.3853211009173
WRGLHALS,8451.055045871559
YLGVHAGPHLS,5609.522935779816
HRVRSEALS,1900.7431192660551
RAAGHRPHDA,2187.087155963303
SGYSQEFYWAG,11943.362385321101
QAQPEKAPSG,765.3899082568807
KFYGKVFRYNKA,3330.348623853211
RPSWSYDHDS,6141.720183486239
QVPKYQEPKHAL,1304.9633027522937
EHWRFHLG,10266.454128440368
RFHAHAEKDV,1889.8165137614678
DERWGWDLS,8936.160550458715
ESQVSGKSKDVA,697.0275229357799
PHHHPKLG,1873.3256880733945
PFGWSEVSG,5557.614678899083
VLEKSFEKGKAG,1265.5229357798164
FLFSDRPKSG,2823.922018348624
EYEFSPNKAL,3572.5412844036696
SRRWWKG,4164.252293577982
HYLYWVRG,12151.155963302752
PWQYKDLDWNL,11458.614678899083
AEHFLEKHS,2271.9633027522937
KRVFKQYWNV,4735.261467889908
DNAEHQWNDL,2567.545871559633
AFVLQGYDS,10828.908256880733
AHLQLRAG,3872.394495412844
NPRHQKG,1084.7293577981652
VNRPRHG,2541.0229357798166
WWEAWNKDVA,5394.224770642202
FPYYYKVQEHV,8939.69266055046
RLEWHAFHYNA,11647.137614678899
NLYRLGKHDL,5693.633027522936
RRRQDVLSG,1593.5366972477063
WKDGWHKAFYD,10437.766055045871
QLQPALFAQYNV,9915.133027522936
HAKLYWAQEG,3443.761467889908
GQDDYDLG,1834.9770642201836
DQFDQSFSG,2833.5183486238534
GQVEYYKHDL,4301.422018348624
VSANAPDVALS,1567.059633027523
EHSQEQKVLYA,2330.4587155963304
WLDEKFNG,3625.646788990826
RRPHKGRYNDL,2262.151376146789
NWLEDWKDLSG,4489.05504587156
GPQVQPG,1224.6880733944954
HNQEVEHVALG,1676.3302752293578
QWARPEPHNHV,3150.1559633027523
LHDSWREPNKDA,1936.1009174311926
NKSFGFLPWKD,8057.123853211009
KLHGFWPKSG,4229.426605504587
ASVRQEPWDV,2928.270642201835
AHPVVAG,1687.9220183486239
NEKSGLSRPNKS,1027.4357798165138
HFKQLSLSG,3225.105504587156
EVHKYWVLG,5368.293577981652
NWQEFWNHVALS,11730.628440366972
AQKGYLQEPYV,3206.105504587156
PGSEEPALG,925.2385321100918
NKGAGKLEVSG,892.3623853211009
EEFFHSG,4081.8394495412845
DQEKKAGRALG,931.0045871559633
RWSFHDELSWHD,12873.412844036697
NFKSNAYWHD,7485.683486238532
GFPRKFEPLG,3197.5045871559632
DVSWLPAFKHA,9651.348623853211
KSYEGYLG,2872.6009174311926
ALFYFPVYVLS,30115.1376146789
PDHFQYKALG,4285.733944954129
HFPDHLFYWHLS,17362.83486238532
RVFVGFLGEYVS,34509.74311926605
QNWERNDS,2457.788990825688
WWVFASASG,16593.155963302754
GKDVVAHDA,1111.0
PYSLWKFEHG,8501.325688073395
AKPGEKHDV,941.9633027522935
FHRWVWDVPVAL,25561.004587155963
FDNGPARKL,3120.5091743119265
KEYRYAFREDV,3574.3669724770643
NHDDPNSDVS,1226.467889908257
YQKYYNVLS,6120.98623853211
SSNKVNLS,1549.6743119266055
AFQRWWDVLS,17411.504587155963
LGLFGWNVL,18748.3623853211
FLHGESNVG,2838.6605504587155
VNGHRLSG,2496.02752293578
FQDPRPWSG,6124.477064220184
YPGNNKASG,1432.5963302752293
DLKHHLFRYALG,8026.59633027523
PHSAFYWADV,17243.41743119266
GAFDDLSG,2671.3394495412845
WVARHYHGWAS,11735.848623853211
RKLGRVEKGYVA,1726.8577981651376
HVGDWVGRPYG,9862.990825688074
HSGKSVLGQRYH,3631.6422018348626
VRQLVAG,2621.3119266055046
ERAGWLPASG,3237.376146788991
EPASFARKGNVS,1524.7935779816514
ADESKVALSG,900.4633027522935
KNSGGNAG,909.7889908256881
VHWADSG,3361.091743119266
QWNFQEDEKHA,1925.0275229357799
FEANSWKRYS,5294.724770642202
KPFKWHVLG,3808.3715596330276
DSALPKDFVLS,2513.1651376146788
KQEFRVEPYNA,3153.1100917431195
QVGLVPYHLS,10129.577981651377
YDWPNKKDVA,1690.1605504587155
YSVKDRLG,2410.059633027523
PVPLRDGPNKA,1727.926605504587
KHKARDANSG,750.256880733945
WPVFEREWNAL,14543.467889908257
HPHSFRWHGHVA,6855.527522935779
QFPPKVAWHAEW,7909.926605504587
VVFLDVAG,23081.380733944956
PYQKVANAEYV,3097.821100917431
FWYGDSRPKS,2864.0366972477063
FPEYWHDPYGQF,26777.830275229357
KWPYVEWND,9319.47247706422
KLRNNRNKD,972.1192660550458
EVKKGQHG,936.8532110091743
PRHDRLHAG,2899.9816513761466
VSNWYNALG,6996.316513761468
LGALGRVWKDLS,5626.481651376147
VRGSVALSG,2316.9816513761466
FARNASQESYKG,1943.7385321100917
DHEWLEVLSG,4023.848623853211
QAYVHDRNSG,2315.1146788990827
NKKNEDLG,663.7293577981651
QNASNHREWYKH,4078.532110091743
SVGWDPVG,3770.178899082569
DFVFYAKVS,26768.54128440367
PHDWPYDSRNH,6624.146788990825
LRQEVVASG,1571.940366972477
KDDYDSWNKDG,1361.3073394495414
EVHSLGPNALG,2250.5
EYVRWEYFYNKD,20981.380733944956
AEGSDALG,1211.7981651376147
FLQPSEDEPKDA,970.0229357798165
VSPNFPYKNHG,2601.362385321101
SYSPQRVS,2685.637614678899
SQAGASPYWNG,3719.1880733944954
FEPSDRPRHAS,2011.7844036697247
LQPLRYWWHV,23605.261467889908
YAHEWKVFVG,16181.004587155963
EWRFALRNKL,9147.146788990825
YREWAPNAYAL,15321.619266055046
PRYEAFYWDLG,22808.036697247706
NNQDLAG,1664.6146788990825
WEYQSRWNLG,12512.58256880734
HGLSFHALEKVS,4230.967889908256
NQKRQRELSG,1041.133027522936
KGLFHAQNHDL,2848.3577981651374
HDEWNSAPYLS,8008.298165137615
LYRLQFNDLSG,11509.394495412844
LWGPAWLSG,15063.412844036697
DPEALPG,952.1697247706422
EWVKSFKPKHS,2225.105504587156
LSKDNSQEWAS,1452.619266055046
DVQGEHLDVG,1482.532110091743
QNRSDVAVSG,1471.4174311926606
DWGAKVLG,3026.0963302752293
NWDKQEVALS,1851.6834862385322
NYREYYLG,13216.142201834862
FNDDDAGEYWS,6160.275229357798
VPWNEKDGYVG,2630.380733944954
RPVWQPAKVLG,5333.894495412844
EDYLQQEHG,1734.2018348623853
RNDPLNSYWAL,9143.761467889908
HQNKNAQFPAG,1904.1788990825687
WYFYSWSG,7515.908256880734
VHWPVLG,8765.188073394496
LQNDSQWFEAS,4537.573394495413
YGESWHSEYW,15758.844036697248
YWKGHLQRKAYN,3898.0229357798166
LHAWVKLG,8197.08256880734
GWKSEQFRPHVS,3082.077981651376
HASEKEVLYDG,2222.830275229358
SDSRSDLSG,1145.1238532110092
VKQEPWLDVAG,2594.266055045872
SPKWPDSG,1747.605504587156
EFVGRLFLG,31760.830275229357
YQSSYNKVG,2569.0366972477063
WDSDWKLDAS,4140.98623853211
RDNRPYGDLSG,3254.321100917431
AYNRPSEWNA,3047.197247706422
VSEWHFSGEPWG,12350.61009174312
YHNGGQRDL,2725.353211009174
WSSNHYHAL,9373.137614678899
RWQHFRWEPYHV,20062.091743119265
GEQEDRYG,1548.454128440367
FLQAEAEYHA,2742.3119266055046
VPGQSPKHDA,1101.7385321100917
GFLQRAHDSG,3616.6422018348626
AFPPNLFWDL,20342.032110091743
PGLVGEHLSG,2239.6422018348626
KHFFHFEWHDS,8799.69266055046
DNKYNWLSG,3072.6651376146788
WQEKWVLALG,18585.05504587156
FSYYWHVSHSG,6310.9495412844035
HARFSEYWNL,12673.142201834862
HDNEQWHALG,3358.1880733944954
QEHRLSGEQEHV,1199.6146788990825
VQWFAGQFED,10265.422018348623
DKVGDPVALG,1133.6605504587155
WDDWALPYWNHL,23072.4128440367
EAQEVWNFEHD,3547.683486238532
FVQLSNDRYDL,8355.935779816513
AKSYWKPSG,1767.967889908257
LGYVWHDYK,7700.577981651376
EKVARDGVEKH,989.6467889908257
AAQYFWNHV,8953.422018348623
KKWHYDL,3320.9954128440368
YKPRQEPDAG,1145.5412844036698
FFVSYSYDV,14902.747706422018
HLPDHFYNG,5653.321100917431
SDYLDASG,1925.288990825688
RALPSRPLSEAL,2161.5688073394494
WRSNLNSG,4028.9495412844035
HGYVPSGEPYH,5341.045871559633
FWYFWDRVG,7882.344036697248
WGKHNVSQEPV,1820.2339449541284
VRAPSRYKHA,2264.256880733945
KNASFSGNASG,1415.3256880733945
SQAGVRVLS,3942.266055045872
PVSPDGLPVS,1928.426605504587
KENYQYAG,2522.0183486238534
NEFSGYLSG,4607.279816513761
NDSRHSGAFRNK,1951.6009174311926
HGRRDALEYHD,4110.45871559633
GAGRKVYL,5519.339449541284
QRQFRDGQVLDS,3016.7247706422017
NEWQVQPHLS,5696.894495412844
RLDDSLSG,1862.954128440367
DFAFGDSG,3087.5963302752293
YSWFHAWKHD,7986.48623853211
VEGQWPSG,2916.4174311926604
WDWKSQSPNV,2546.8715596330276
FVKNPASG,1732.9449541284403
WHNVPQEWG,5169.201834862385
NSAHWVG,3632.545871559633
PFWKDPKDLGQY,4336.44495412844
WGSYGFDG,10412.08256880734
VFELSHDGFPL,19139.89908256881
VHQKHEDALSG,1292.8394495412845
EVPFVFEPYKVS,9106.788990825688
DNSLQREYNDL,2508.3853211009173
AVFAQFRKV,10266.821100917432
PHDPWKVVGKA,1897.9587155963302
WVDHHDAL,5219.114678899083
YNSDNVALGKVG,1988.197247706422
SKEHEALSG,855.7477064220184
VDFRVFWG,14315.288990825688
NFHKPNDG,1819.711009174312
EDQYAFKHAYW,8921.697247706423
VWALRSGWAS,11468.88990825688
FAAPLSEPNKD,1409.8577981651376
FQLPKSKDVS,1285.8302752293578
SYKAPGEDALG,1164.3623853211009
WYKYFWSG,8377.114678899083
DGNYKDEWKDV,1545.9587155963302
GLRHYDVSG,3439.1100917431195
VWDYDFHASG,6910.660550458716
VVEDQREPWD,2605.105504587156
FHWRHDQPKL,4844.174311926606
DPGDLLG,1537.3532110091744
LNWSNSG,3620.743119266055
VPLVKVS,1877.697247706422
RLEGLFRYWNVS,11120.674311926605
KSGDKAREG,670.9908256880734
REAAVAGQVA,1083.7293577981652
KGRQLGFYNA,5115.321100917431
FYWAWVWKVEWV,25091.738532110092
DAKHARDLVLG,2055.2844036697247
QWNRHVEVFPK,5470.119266055046
HFWEDGEYNH,6610.683486238532
GQLLASG,2701.4174311926604
QEKFSRNLKVA,1507.7660550458716
NAYSQFSNHS,3996.0412844036696
SQWPKSQYND,2876.830275229358
EAHSGSQHVG,1251.9724770642201
FKGSQEVRKD,1032.0275229357799
FYRGALEWG,8822.311926605504
RNFDVKVQEAG,1547.454128440367
NSQYWQKRPG,3686.816513761468
WFWYRYAG,8045.380733944954
SFSEKSQRKHL,1908.4311926605506
YNKSVAYNPWK,4962.068807339449
YWNVFNLDFYWH,22233.07339449541
YDEWWNDANKVG,3878.5183486238534
PKQYKVWLGK,2751.802752293578
QENYLQYGFEKA,4779.967889908256
NANAFRFRPVAL,11481.747706422018
KAYSLQPNKDV,1481.4036697247707
VALWWKDRKVAG,4240.472477064221
DNNEKASG,710.8623853211009
KPRNGRVS,1218.8073394495414
QQLQYQSG,2326.243119266055
ERQAFEG,1638.467889908257
LRDGFLEWDG,12528.266055045871
KRERNDEWVG,1953.0779816513761
SQAVKHDALS,1283.8119266055046
EGDAQKWHG,1578.866972477064
RSVYWLFREYWV,22975.261467889908
VWWNWHVAL,23780.44495412844
ALKQHAEPNDA,1226.5871559633028
EYFQFRKDHDS,3431.440366972477
SPGAHVALS,1719.6788990825687
DNLRWNGEASG,2065.880733944954
KGNRPHPYDLS,3918.201834862385
FSGLWAGEPWV,15475.922018348623
VKHFFWALS,11459.830275229358
ENEEREHG,1058.8532110091744
HEEAFWVG,6727.472477064221
FNANWNQENKS,1736.9908256880733
ADSDQLG,1127.3899082568807
WADQVSQFWNAL,15850.802752293577
PVREHPFEYV,11831.922018348623
PKYRDSQYAG,2547.8348623853212
EDGVKHRPSG,1184.7798165137615
SGEYVADFRWHV,14671.591743119267
LLRFHSG,7014.706422018348
EVLLSGWVRKV,15112.334862385322
VYWDWQRNSG,6676.633027522936
YDERDSEPKHV,1552.4908256880733
PKYLDLGHDA,2696.266055045872
FEWKDAVLHLKD,4766.885321100917
FRVVFRARPL,26966.674311926607
VLKRWRYLSG,7506.064220183486
YDQALYDQRL,6923.339449541284
AGNHHDGWHLS,5539.6100917431195
RWHPHEDPKS,1473.2935779816514
PELGNFKHVG,3240.816513761468
GYVLSDKLG,4217.344036697248
WHAKGEYWVHDV,8230.967889908257
NVYEKDREPKVL,1648.059633027523
RQDLSHPWSG,4737.761467889908
VQPSSPWHAG,2226.408256880734
VKFQYSG,3944.0137614678897
YSWQGQASG,2708.435779816514
HHAEQYKDVSG,1307.5366972477063
ERYNAQQRDVAS,1496.2201834862385
QNPAGRKRNHAG,1318.4770642201836
QSRKYDAYWD,6192.917431192661
NYSEAKG,1120.3256880733945
VANDQVNKDAL,954.6009174311927
PHYNVKVEAS,2119.1146788990827
NLDNFYDLG,8284.97247706422
EHHSFNGDVAL,2708.9587155963304
KLYGDENKDVA,1217.2660550458716
KDDFYHGVALG,4026.876146788991
QNGKLQQFPVA,2590.2201834862385
VKGGELG,888.0963302752293
VLNHRSQYAL,6704.821100917431
LSYAHDSPWNVG,6525.587155963302
WKYHASHWKHD,4234.623853211009
FDFHPWVDSG,9904.788990825688
HKDPNSHSG,1021.5321100917431
LRGDNDLSG,2268.4449541284403
EENVQFVALWHG,19537.07339449541
PHEHWKGRND,2277.8853211009173
SDLEQYSG,1834.2064220183486
HKAEDWSG,1483.3532110091744
QSRNYVSFWNA,11474.54128440367
PESFFPSG,5920.4908256880735
WVQLPNDKHSG,3095.651376146789
LQLYFYVLS,29571.389908256882
EPPLNKSNHVL,1602.8899082568807
RENPQRYNRHL,4209.045871559633
EPAENLEVSQEN,1167.9724770642201
GWYRPASG,5963.885321100917
VYHLKELG,2742.1100917431195
YPNSNSPWKDSG,1800.880733944954
ARPVSDNDAG,1036.8440366972477
RSVPLPAG,2023.9495412844037
AGSEKAEWS,1101.954128440367
EYYPQEVLS,3870.5229357798166
RKAVFYKSPYWS,10138.279816513761
YENHKDFRWHVA,5985.408256880734
KVAPLFRLRPL,9881.105504587156
DQLFRVQPNKG,2671.169724770642
SDGRQWHDVSG,3090.123853211009
VQWLYDRWL,25410.711009174312
NNDAWPVAS,3486.4770642201834
YVLPFDVSFH,24402.32110091743
VRKWWSG,5523.954128440367
VRHFKREPDVS,1875.4908256880733
WVFDLFFEHAS,23581.366972477063
VEWKKLKVG,1835.5871559633028
PHRGRNEYHA,3182.738532110092
RQWFDLVG,14848.165137614678
VWKHYAEHDL,4746.633027522936
RLEFPLRPYWL,25086.922018348625
PKNEGDALSG,1067.0412844036698
KNEYSRG,1489.894495412844
EALEKPNKVQKH,885.5871559633027
NVAYHGWHSYK,7915.059633027523
HERWKWSG,4898.238532110092
ADRNSNSG,1218.1422018348624
ENYSHDGYDALS,3698.270642201835
QQFVEREKDV,1405.4633027522937
NRYSESPNKVLG,2502.908256880734
EYQNKQASQPWD,2957.5137614678897
YHLWNSWGYNH,12879.775229357798
NPEFVSG,2745.1559633027523
SNLYYVALS,25421.75229357798
KWFKARS,2651.940366972477
RESNRDQEYNDS,1447.5091743119267
DLPARPWKNSG,2252.298165137615
FSKNRPNSG,1778.591743119266
VGLSEDSYNKAG,1512.591743119266
LYWVAWDPKLG,12590.183486238531
VAVLSVWAL,37916.293577981654
HPHFGRKG,3101.422018348624
AFNFVFPYWL,28148.669724770643
SHYVQSG,3443.940366972477
HDLPSRHVQWKL,5380.146788990825
HAYEYHSWALG,11016.422018348623
AQAWVPHLSG,4112.123853211009
NDFAEDENDSG,1322.6559633027523
VDWEKALSG,2112.2522935779816
WFGRLRYAL,16306.178899082568
YGGLVLSG,8616.738532110092
YFLAFPASG,9645.545871559632
FRAFLGNLRPLG,12616.40366972477
QGVKFDLG,2593.4587155963304
RQARSELG,1318.0688073394494
NRWPRKDVLSG,3763.729357798165
FNAVREDKLG,1688.7568807339449
QPKKVQFNRHD,1893.0412844036698
PRRYGPSG,2460.6330275229357
VPDNFRAG,1975.4036697247707
RRQQNDVLG,1803.7064220183486
EARNNKDVRAL,1321.0045871559632
DDVRNEYDALS,1987.532110091743
VRFRWEDLG,7342.44495412844
WQQENGPALSG,2644.880733944954
FWAHGKHENKHL,2908.697247706422
FAHEFRWVLG,16267.09633027523
YDPFASRDVSG,3206.5550458715597
ALNNGQHAL,2460.532110091743
PNNFPAQKL,2509.6330275229357
RKHADAQEHVSW,2537.077981651376
SSQKRDVLSG,1270.1009174311926
FHNRYDEWLS,10910.38990825688
EYRAQPGYKV,3610.206422018349
QRELLENDFRL,5354.935779816514
EKFQFPVYKS,5164.1697247706425
HGSLHASG,2137.1605504587155
DDQFGFRLS,8987.729357798165
RFQLNHVG,4856.711009174312
RAHEWLWNKLG,6221.619266055046
ESYDKNDVA,918.4770642201835
GRSLENDVAS,1293.454128440367
VNPKWDG,2653.3256880733943
KVRGKGQKDA,617.7660550458716
PKSRRYALSEDS,1493.334862385321
PNEGQWLSYHS,8905.715596330276
EWHAYDLQYHPY,20582.82110091743
REVSNVQKRALG,1476.7798165137615
ESHEEKG,664.3761467889908
WRDKDKAG,1416.0229357798164
ARYDLVQFHVL,26977.504587155963
HSYFSGFRYWNK,8584.995412844037
LASPYRENKHL,3872.412844036697
VGLAASG,1789.5
RRYVLVSFRPNG,18043.80733944954
YHWDSDLQFPH,9114.151376146789
WEWEVQEYVG,11264.660550458715
PEHNHSWNKASG,1874.2706422018348
NSPNEHFWL,7099.793577981652
VNHHLRDLG,3880.798165137615
QYARFWSGWKD,9710.151376146789
YVKADRPNKD,1341.1238532110092
YNADSWKNKDA,1531.8532110091744
QNLYFWNPYKA,10873.995412844037
GDGEGNG,1152.7752293577983
RAGWVAWLSGE,7106.371559633028
WHFPQEDNDV,2581.47247706422
YESARDLS,2639.261467889908
FHYLWKDGPVG,6433.715596330275
RYSDLPVQDL,3400.3577981651374
QEWDFHAPYHDA,7067.816513761468
KGYAHGYWKDVS,3541.4908256880735
VWKFGPYS,10072.922018348623
RSEGDGEYNG,1984.5229357798164
FFWLPEWVS,16316.944954128441
LRGNAKASG,1468.3853211009175
QPAEGWNVLHDS,4721.40366972477
EHYHLRDNKVL,3198.4495412844035
KPVFNFSG,3238.1100917431195
GHRPNPDAL,2450.798165137615
DFRNWSRPG,5146.321100917431
AGGQAENVA,903.3669724770642
HRSDSYAG,2222.151376146789
SWNHFFWKG,9511.545871559632
GYWNWLPWDA,22170.032110091743
FGHESYNKHDL,3171.02752293578
FAVDDVALG,3591.6100917431195
HSWGPARYHDAG,6564.064220183486
HYNNDQYNDA,2465.091743119266
KRQNKNLG,890.7247706422019
AHSVGNSG,1223.1559633027523
KLHQAGNA,1434.4311926605506
PRQAEPNVA,1221.6284403669724
YDWGEYKVHVSG,5289.9495412844035
QKRLAGEYWNH,3896.206422018349
SNNLDVALSG,2284.770642201835
LVLAVASG,19254.72018348624
AQWPHQYWHD,11273.816513761469
NEDNQRLG,2270.0045871559632
QSKHWNDSDVS,1758.51376146789
SVLGAESG,1151.8211009174313
SEGDAWSG,2127.454128440367
SPALFEWEKHAL,4712.660550458716
AAKVFALS,5762.816513761468
SFWAPAASG,3840.119266055046
RHWLLSNKHLS,6645.816513761468
QVYYNAPNAG,3525.2201834862385
YRDLFGWLG,12236.490825688074
QGERAEYHA,1963.6605504587155
RGSWQHVSG,3420.4587155963304
APLASRPG,1534.3623853211009
YVLGGYKVLPW,19922.963302752294
ADEHAHDS,1201.1926605504586
ELRAPAGFEDLS,2429.4908256880735
DASEREWNAWDL,5773.683486238532
RALGDSENVFEK,1569.98623853211
PWVGPGDVGYWV,15023.536697247706
WHALQLFRFYWG,22508.532110091743
WFNPADVSG,4784.275229357798
ERSHKVLS,1348.834862385321
ARLQAEPVSG,1524.3990825688074
VEGYNFRG,5284.784403669725
GLRDFVLS,9037.784403669724
WPAQHFKSG,3694.0366972477063
WRVLLYNG,25851.128440366974
DFAWGYASG,7037.646788990825
YDGHDPDEKDVL,1578.045871559633
NHHVWVLRDLS,17140.61467889908
PKQNWAGQHDAS,1719.6880733944954
VNPSQAG,1103.6238532110092
NKNQDSRPWSG,2301.5366972477063
DWYNGYSG,6252.706422018348
YQNAHVQKG,1836.1605504587155
EDPYGRALNV,2989.5504587155965
ERVYAKVS,3438.1926605504586
PNAVEYGQYSG,3628.729357798165
WFWNGDGEYDG,7561.811926605505
SEYAFGRHL,8384.848623853211
NSVSAYAG,2173.348623853211
RHVHEHAKVA,1206.711009174312
HPADDSG,918.4036697247707
VPVLRDRLG,3075.802752293578
VEYKYRPWDVSG,5450.665137614679
SPKPWNYG,3806.4587155963304
WHWHFWVSWKG,16247.784403669724
WRHGEREDG,1897.5871559633028
WGKEWDDALS,3731.9954128440368
DFNRWLFRPAS,8180.316513761468
DQYQASRALG,2604.032110091743
EPVWVPNENLS,2772.908256880734
YDVSHLQHEPK,1621.8394495412845
NFAWDFENSG,5638.527522935779
HWFEVGKG,3670.321100917431
DAVSKGKHDG,907.3761467889908
LWYPALG,8359.37614678899
PPYVNEYWKDG,4023.137614678899
WHSAHSGNHL,4012.178899082569
KEQWNGDSG,1519.0550458715597
NLANFNLS,4917.862385321101
ENPHSQSYVL,3306.8669724770643
QYAVKQRPYNK,2622.206422018349
NFAYSRVG,6940.747706422018
ENQWPASFPVS,4236.44495412844
DSRALFDQPKLG,2952.146788990826
APQFFPG,3769.3440366972477
RWYEPKGQKL,2511.211009174312
KDADKDVQEVL,757.0504587155963
NPVLSWNKDGHA,2327.770642201835
ELSEPVQKAGD,876.5137614678899
HWFLFREDS,11876.19266055046
EVESKHDLPNL,1334.6376146788991
RSQSEWYVSG,5213.605504587156
FFSDEWSG,5474.821100917431
DLRYQNFPKS,3835.637614678899
SALQQHASG,1498.9128440366972
GRQWSLG,5336.756880733945
KGFSEARHS,1577.5504587155963
YAYADQYHDVL,8363.944954128441
HQESSEHLS,1394.0504587155963
NVSDQEPDAWKG,1373.302752293578
HFVAWGQKHDS,3452.798165137615
LSRDVEFNHAG,2444.47247706422
NDQKPFEHLS,1658.48623853211
KSPDGELRKVS,953.697247706422
LGLQFRYHSYWK,13623.160550458715
QEPNVHSDQPKD,995.2339449541284
DRKKKSG,517.7155963302753
DSAYSKLG,1686.288990825688
EHQEFHVQFYV,42889.22935779816
HEDGSFPYWKH,7330.582568807339
DKHQPYNWLG,6498.206422018348
VHLNHWVLS,11015.637614678899
LAQFLGDG,5840.614678899083
EGWLNGWNG,6150.917431192661
EEVDFVLSG,4847.09633027523
KKGVHAG,850.2889908256881
QLPDNVNHVAG,1685.288990825688
RRWPEHVLS,5537.238532110092
ESYNRYFWAG,11001.62385321101
PDKLEVPDS,827.454128440367
EFGGFDALS,4510.637614678899
QRNEYWPWGQEW,14845.779816513761
NFGHSRVG,3659.8990825688074
YYVNKWVALSG,7529.825688073394
FLFRAYKDPNKD,2765.4174311926604
DSHRPGFPWH,10154.954128440368
RHGDENFYVS,6385.935779816514
ANGQALHAL,2580.087155963303
NPLHNLG,2363.201834862385
RHFYNYGQVG,6282.885321100917
FEAAFEAEWDA,4129.967889908256
FNQYSRDRAL,5930.559633027523
DRLHRKSG,1294.8165137614678
GQGLQRG,2081.123853211009
PGVVEPASG,1203.5642201834862
KSENWVAFYWS,19609.596330275228
GFKSGSFKDLG,2994.1422018348626
WQKEENLSG,1341.1009174311926
AHQAPSG,1205.1009174311926
SPEKRSG,673.5229357798165
LAPLQRPKDVLG,2934.233944954128
QNFWLSERNKG,4409.422018348624
ERDHEPVAS,1072.4495412844037
HLVDEYLS,5176.311926605505
KQQQFALSG,1883.7431192660551
AFSRPLEPWVA,10326.43119266055
VGDPRKDLG,1261.7247706422017
SVRWQEYWKHA,6681.98623853211
EVYVPNVVAS,3264.02752293578
QGGARWG,3793.362385321101
DFGYVNLG,8064.087155963302
GHRKELSG,1208.059633027523
DENWAQHVAL,5366.293577981652
RKDSNGPLFPHL,4748.926605504587
HRWGLGFPNKDV,5034.917431192661
KAADPHALG,1041.3899082568807
EWDKHDQGFHLG,3944.7522935779816
LYPKVRPKH,2561.4633027522937
DWQWWVG,16416.977064220184
YVDYAEHALSG,4190.633027522936
RWVGAHDLQDA,3722.3853211009173
PKVQFQRNRNK,1276.665137614679
PEKNWHVAL,4210.587155963302
RNKFSGEGRLG,2067.6146788990827
WVGVLELYDS,32398.490825688074
REVWWKHSFH,9733.01376146789
VYSRWQEPWKHL,10722.766055045871
YGYVQQRDS,3158.298165137615
NRWNYHEPYNHA,8057.316513761468
ASHDRWFPVLG,12058.229357798165
AFHQNSQYDV,3675.821100917431
GWWHYWLG,20381.316513761467
QVVLNRYKDV,5264.678899082569
NLYVQFVYVSG,38713.83027522936
DNQEHHDSG,1431.0688073394494
WDQEFDSPWKHS,7329.59633027523
YRQFQKSG,2795.8440366972477
FYKHKREDFEN,1490.334862385321
QHHNWKDAL,2439.853211009174
FAFSEHSRPAS,3068.770642201835
NQEFGWNKLS,4485.224770642202
QKLYWVVFEPS,39957.09633027523
DHDEGQHVLS,1867.7247706422017
KQSGFGFRNK,1741.105504587156
VFDFHDWHAL,13560.97247706422
YKSVRAQFRWH,8146.518348623853
HLSQKNLWHLG,5865.747706422018
QRHQNDSYGQNV,2015.0229357798164
FEDWSGYQEYHD,7646.0091743119265
FHAYLGKGWHA,8002.5091743119265
YFRRNPKVAG,3089.908256880734
VPPYRKDVA,1776.5412844036698
AVGSHDVL,2031.98623853211
KEREHFASG,1358.0091743119267
HHEWVRG,4423.591743119266
KKRSYKHVS,834.6651376146789
DPKYEWDVAL,2923.302752293578
FDPLQVQNHV,3070.8348623853212
DQWKLWWNVAG,8500.348623853211
DARGVLPWHL,12160.339449541285
RVEPPQFRENK,2034.8715596330276
ELAQGEPSG,963.0091743119266
QDSYVQEGNDA,1237.2844036697247
RYKNSQFGNH,3524.706422018349
PSVPPDG,1255.926605504587
KNPVYNALS,2491.761467889908
HKSGALHG,1734.4954128440368
YAKHSWVNDVS,3313.3669724770643
AYQYWQASG,6024.3899082568805
YDGDLKQFHDL,4596.334862385321
NNAVFDSG,2547.3577981651374
AQLRQNALS,2384.238532110092
HNVVVLSG,15910.495412844037
GVSYLLSG,15099.963302752294
LWQDGDLS,4102.651376146789
FNQWVRRDLG,10244.967889908257
YYQFQYG,6655.45871559633
FGSKKDLG,1497.5504587155963
RRVFHHDALSG,4429.605504587156
EWVQPDALFVQY,29393.05504587156
PDPQRPGQHASG,1591.8853211009175
SWQNVHLG,5568.894495412844
SHQWENG,3108.8440366972477
DSRFFWHDVAL,15731.467889908257
KKAGSFHLS,1854.4220183486239
RFLYDSRENHAL,6876.201834862385
EHRGNKHHDLS,1428.0229357798164
DVFELQKEYHS,4908.114678899083
WSLVLNLSG,28716.477064220184
GWADEDALG,3031.2201834862385
NNQLFWG,9994.798165137614
HVESFYVNDASG,12949.522935779816
NKLLWKAWNHG,4535.954128440367
NYPKHRAG,2000.6926605504586
HEDFVAKDVG,1821.4587155963302
VVQVRVG,6312.123853211009
QEFGVALWHV,14800.5
NRPLQGREYVS,2911.435779816514
YNKAVGFDEVG,2425.3853211009173
HGSLNHLSG,2617.9266055045873
YAHLYVQEPKA,3439.0963302752293
FDRDYNHAHVS,4079.587155963303
LQDLFLKSG,5299.646788990825
FVYDWHYNHL,13548.41743119266
DLPRKFRHDG,2456.4266055045873
LKREAPSG,961.6788990825688
YYDDPNVALG,4661.733944954129
FHGRVQLGYHA,9452.151376146789
FLLRHQVG,5554.752293577982
DHLQKFRALS,3335.293577981651
YLLFEAFKV,26034.830275229357
NPHLLVAS,5299.422018348624
PSKEHAYNKHL,1490.032110091743
WQVGENNHL,4069.9311926605506
DAPLARENHDG,1554.9724770642201
VQPRDFYWNHG,5681.220183486239
DQDFVRNKDS,1169.5871559633028
AEARLFDLG,5908.302752293578
EKYHRPNSYAL,4002.8256880733943
GASSNLSG,1298.940366972477
YSFFSRYWNAS,7004.752293577982
DSYPWFEVAG,7706.756880733945
KLGDAFEWEPKL,3855.8577981651374
VLPDAYLSQKDL,2838.711009174312
WRGPYESG,6422.600917431193
VEANRALS,2505.5045871559632
HKANEVG,934.4266055045872
KYPKNVLS,1653.408256880734
NRWFGEPWS,16334.266055045871
HALVPYAPNKS,3419.6559633027523
RDANDLNSGNV,1506.1467889908256
LPGVDVG,1423.1100917431193
GPFWDQLG,6155.642201834862
PQFWPNSKVAL,8461.573394495414
RNFGASWLSG,8264.215596330276
FYWHAEFNVRNK,6244.0
SWFNFDG,10044.784403669724
HVPNKQGYHG,1895.3990825688074
PEKLRLEWNKHD,2843.9816513761466
DANSKVQPWN,1990.105504587156
PYGAGGFEYNKA,3687.321100917431
SHHLALSG,3301.559633027523
GHVERNHG,1693.1788990825687
KDEDNSGQFRV,2153.743119266055
NPAQDNKG,762.0321100917431
DPHGQLWDSG,2985.545871559633
SHEVSHLS,1793.151376146789
ELNNPVLS,2069.293577981651
QVRPWANFRKH,5116.811926605505
DRNPPVSG,1477.6559633027523
ADVNSWVALG,4093.4495412844035
WHWEWLREDVA,8599.577981651377
KRLWLELG,6772.623853211009
VKGGRNHVA,1541.2339449541284
GKHSEFPYWHVA,5774.655963302752
WQVEFNAG,7052.394495412844
DAHDRNEPKHA,1254.4220183486239
HVVRFVLSG,37404.022935779816
WPVLVGWG,22363.545871559632
AYVQRGFPHDVG,5114.880733944954
RSHRALFDLSG,5523.8302752293575
LPYVWQRKLG,7959.697247706422
GEGNQPG,1557.1743119266055
AQFLLGENVAS,4315.582568807339
FPDFNAQNPDS,2324.1743119266057
FSNWEHASG,3614.1880733944954
LHLVWHG,10550.600917431193
RASDSNSYDL,1984.7201834862385
YQPAFREGRDVL,4052.6880733944954
KDQLVQRNDAS,1257.3623853211009
LWQDQVG,3608.8073394495414
YGSSFKALSG,3163.256880733945
QWNLQVAKASP,2485.798165137615
VFKGDPDSG,1389.711009174312
LPNQYAFRYWH,17672.403669724772
EVVWYKHDVSG,4439.188073394495
RVVSLGRYNL,11643.761467889908
RGHYARNHD,3261.97247706422
QHQNRWKLFYWH,15426.51376146789
NVDAVEWLS,4282.825688073394
NPLVHASG,2055.0229357798166
LNVNQYLG,5133.577981651376
VQERSWHDAG,3074.5825688073396
WDFDWHQYWHVA,16743.155963302754
AYLPGFWDVLG,16080.298165137614
ELNEPKHPASG,1383.0504587155963
EGPNDELGDA,865.7385321100918
VLAKVQDS,1350.5825688073394
PLNWLFHG,15436.30733944954
RRYNSAPKG,1503.2522935779816
NRYASLEKL,3473.064220183486
RWPWWKLSYG,17667.146788990827
NLVAHFEHLS,7183.440366972477
GSREKPNDVAS,834.6330275229358
SQHSFDDVG,2199.967889908257
RFRLGDYSG,4920.90366972477
GLSYHHDLSG,4115.591743119266
WQGRPYKPLG,6568.188073394495
NDAENQRYYKHA,3405.467889908257
KHDGQWALLEWS,13246.756880733945
FRFQRAQASG,3608.5733944954127
RYSQWAFDSQPK,5310.545871559633
DPDYRNVSG,1418.1697247706422
PHDFDSFKQYNH,4473.784403669725
PLKRKAWNHLS,2891.435779816514
QHNFLGRWNAS,5952.880733944954
LPSDNKG,843.8302752293578
KDKGQVWSG,1507.7339449541284
NVEYWYLQNKHD,7869.215596330275
WKNRPKRNVL,2349.440366972477
LVYFYSG,18223.353211009173
PYLQHAEGQPV,2574.862385321101
EQKFRRHLG,2175.9495412844035
NVQKYLSEDL,1883.4220183486239
GNSKLPSG,1233.7247706422017
VLQHREWAGQWN,7032.908256880734
EWGQPGQWLNDV,4630.4908256880735
LLFRPHWG,10561.004587155963
QSFHAQHSRYD,5084.665137614679
HEPFALFYHLS,25589.610091743118
NVWLSDSPWHD,13842.614678899083
YSRSWVRENAG,4006.3440366972477
DLHLWNAEYW,15272.366972477064
HYRVDSG,3204.380733944954
LQDDFPKDVS,1342.2247706422017
KYWRKFENKLG,2363.3440366972477
DYDFWLRYNDSG,8649.20642201835
GRYRFWDAG,8223.866972477064
QRRHGNFPVLS,5845.894495412844
EAFGEFPDVLS,2937.146788990826
YYPQFPNKHVA,3915.6100917431195
DSWGAFPHA,5403.880733944954
WRPFEVFRWNLS,27044.701834862386
HWYAQKVALG,5843.1100917431195
FRQVYKDSPYD,5405.908256880734
FNHRWEDRKVA,3349.6880733944954
WPVEQRHVA,3183.211009174312
WEYAHGFPAL,15010.674311926605
HLALRDRKLG,3522.6009174311926
SKHKGWNL,2312.5550458715597
GQSVEKG,670.4678899082569
PPRVRHAS,2092.123853211009
HKEPQKDVAL,994.651376146789
FLEAYHGYNL,9100.353211009175
LHFEDFDVG,4834.9495412844035
LHPHWVAL,12553.40366972477
GAVQEDSG,933.2614678899082
GPLKFESG,1463.5
PVDNNVSG,1411.651376146789
WGHGVLGEDS,2570.454128440367
DVEYYWVSNKHV,13198.628440366972
NFGQWFDG,13075.660550458715
VAELEYSQPY,7686.385321100917
LYEVNASG,2612.678899082569
KEKADLALSG,1092.8715596330276
VEGVWHVALSG,6307.802752293578
KEQQRAG,988.0045871559633
QLQNGFPRNL,6196.655963302752
RSAKGWDVG,2053.766055045872
EVWNGKQRYS,3232.059633027523
SPGNLHSG,1752.559633027523
RDEHSKLYNS,1982.8440366972477
FSKRAGPYW,8647.587155963303
DVGDEKHEVG,880.5321100917431
GVAVFAG,8564.220183486239
SYKEALDSG,1148.6834862385322
DRDRPDFRKDL,2048.091743119266
RWDGHSEYPYKD,6025.5504587155965
DRHYEYDLG,5014.197247706422
ESVESGHSG,967.0
AQKRLSEWNVA,2356.5091743119265
NQDKRALSG,1189.7568807339449
DPAPKWKLSG,1184.2706422018348
SQNWRKSG,2140.0825688073396
QDQFELKARDLS,2772.4449541284403
KSWLGWPNHAL,9695.394495412844
VHEQKLSG,969.394495412844
ASSRESREPWG,2210.293577981651
QPNGYHPKHGKV,2171.7522935779816
VNVWKFSG,6845.366972477064
LQQLELSG,2004.940366972477
QPKDKVAEGEWL,1605.532110091743
RYQFYSEGYDLS,15629.394495412844
LPLDFEHG,2631.353211009174
HRVNEPAS,1386.2339449541284
KQPGHLYNVL,3833.435779816514
NNAHSKSG,1073.9954128440368
PYKSVQRPEKVA,1314.045871559633
PHALASQPRKDV,1626.133027522936
VQHENDWNV,2370.6100917431195
VGHVDEPYS,2296.3440366972477
HFGQNVSGPKLG,2620.5229357798166
GNLARKG,1658.8302752293578
KPSDARHVG,1023.8211009174312
DDVRWRWDG,8769.600917431193
PAWAKQRNKHA,1596.4449541284403
EVQAAQFALS,2911.5412844036696
VLVPQYNHA,4217.454128440367
FEVLSVGRAQRV,10187.334862385322
SNSSNSG,1083.6697247706422
RKWGRQRKG,1234.1376146788991
YGWHRVAYWHG,16436.70642201835
RVVQHLPNKL,3383.8990825688074
QYWSFAQNRWH,15025.266055045871
HRRDRENLG,2131.5550458715597
WVAFYVQKSPWN,29603.481651376147
HRLFNFVS,12759.857798165138
RLEQHLFRKV,5440.633027522936
HGVGNRYWHVS,8173.600917431193
YHWVLHQREW,14475.967889908257
DGERGWKASG,2023.1559633027523
DLHYRNLS,4862.229357798165
VADDAHDSG,1157.0275229357799
WQHNKEHDVLG,2216.376146788991
QVPFGFEPWDL,12258.155963302752
YQPEYHLWKVLS,11087.532110091743
PDAGHGYNQFWL,19266.577981651375
RYRVHALPYWG,16288.30733944954
EQNRKDPWKA,1247.4908256880733
FDSPRKAPSG,1143.4495412844037
WPAEKRVS,1639.8165137614678
PASYDAVSFNG,4314.05504587156
ALAQVWKDALS,3466.440366972477
LHPGVSG,2184.5504587155965
AFAEFKVLG,9237.69266055046
WRYHFKDNSG,4598.51376146789
NAAENKVPDVLG,1183.0688073394494
REWHGWSRQRKH,4100.059633027523
EPAKEVLWKL,2351.376146788991
GLYNYVAG,6836.114678899083
HWVLRWKWNAL,15211.940366972478
ESWGKLEWNHA,3307.2752293577983
SEEPDPLG,1199.032110091743
NVELYDYWKV,11821.142201834862
SWVVSKLG,8449.59633027523
RVLRLFWQPNK,11464.853211009175
SVYHHLG,4691.908256880734
YGFDREDWHA,6015.192660550459
GRRKWDG,2032.7064220183486
WSAFYHPLG,15639.61009174312
FYRDWAQVASG,4783.853211009175
PPNDGYYKVG,3438.761467889908
YEWEREHDVG,3598.7477064220184
WYEANDG,4509.665137614679
DRSEFEKAS,1030.9128440366972
PNSKQDREYDV,1239.3073394495414
QLGKVWVEDLG,4863.137614678899
NFQYEKG,2238.793577981651
DHQAGKHVA,1124.5504587155963
QHSAQWVQENKS,1404.8440366972477
AWRHAALS,4823.701834862385
NYLEKQHSG,1654.9449541284403
FLAEGQVG,2436.6559633027523
YVQFSVLPALG,27402.844036697246
DWWLWHVA,21336.54128440367
NKAYHFESFNA,5382.412844036698
SSPHQEWHDVL,4235.266055045871
PSEHEDFEWDV,3382.197247706422
FSQEVGFLRYKH,12031.614678899083
KFELEQRWLSG,5668.5504587155965
QFYDQGRYDFPA,10780.01376146789
WPNEWWHG,12382.954128440368
QPFRDAHPYWHV,16243.747706422018
PHHYRNHVLS,5317.091743119266
ARFPPDL,4243.963302752293
AWRYSALG,8472.587155963303
LHEAASG,1416.6743119266055
NDQKRHGYWNL,6040.325688073394
RPAEEAFRVSG,3001.9266055045873
PGHKPNASG,1238.2981651376147
FHQVHVRHLG,6354.536697247707
SRWPVEPHDVS,3480.422018348624
LLEPFSG,4328.380733944954
WNKALPGQHQW,5203.077981651376
FHKWDLNHVSG,4357.5504587155965
QFWAPYARKSNA,4823.926605504587
HELGQKRAS,1424.2018348623853
RYPRVLQFWKV,16242.51376146789
KEEWVESG,1333.6926605504586
VNSPRHSG,1660.3899082568807
RSNNWLSG,4208.701834862385
RAEFSQRENHD,2217.4266055045873
NQDNSESG,1234.591743119266
LSQRWFALFDAS,21560.077981651375
SARAENLSG,1530.7477064220184
NDEWRPEPDS,2649.756880733945
LALRPFLG,15131.045871559632
VFSQRASPYH,7447.1100917431195
QEFYVSESWNKV,7858.0
FLDVEHNSG,2225.0229357798166
RWGEVKEPNASG,1710.5688073394494
WEYQPREPHDG,4849.100917431193
KEGAWNG,1937.6697247706422
FDLYVEDPWNH,9969.926605504586
LQANDKSG,898.7293577981651
SKFSYKVALG,5802.95871559633
SFDLVSKHAS,2758.935779816514
HYREWSKSG,2803.422018348624
QGLVDVAS,1883.7844036697247
HQNVYAYWG,13628.944954128441
KAFGYDSYWNHS,6626.628440366972
EKSESPWSYV,3337.9311926605506
KVPADQPYNVG,1587.1284403669724
FQPNHFDQHAG,3671.9954128440368
VSAKYHSG,1660.3990825688074
QPKRKDVRYSYW,6113.738532110092
DNFSDAG,1836.926605504587
RFNGLRNHDVLS,5012.866972477064
YFPAKHSRNHL,3861.146788990826
YLPGAQEHDALS,2070.853211009174
SEWNAGQEVFYA,15311.58256880734
LPRGVAG,1904.591743119266
PAARWSWNHAG,5447.798165137615
VDAWRDSG,3197.0229357798166
YQNWRYWNKDLG,7649.077981651376
FSFQQRPYWNKD,6625.646788990825
ELKGEEYSG,1079.5871559633028
SGADWDLSG,2803.6605504587155
NENYFHSG,4505.692660550459
RYFWFDYWDL,25513.646788990827
DPKRNGWDVL,2749.7752293577983
SWKVLWGEAG,4634.279816513761
HNAHWNLSG,3887.3715596330276
HRHAKHLKDA,1172.9449541284403
VVWKHAQG,2128.229357798165
PPNKARHRWKLG,1993.880733944954
YSGDAAWNS,2722.9770642201834
NPWGHFREWNL,14579.720183486239
ANLFDDVG,3597.077981651376
EVNFFPSG,5016.623853211009
GYGWRWLS,16922.215596330276
KYYSRVS,3879.8073394495414
QRAQRQWGQFDV,7016.293577981652
AGWSPSNAG,2941.105504587156
SSNHQYKHVA,1987.5504587155963
QADNWKASG,1400.834862385321
QNNWQNSG,2115.3990825688074
EDAGPEGWDLG,2028.334862385321
PYWNNLGYLWHS,19752.74770642202
LLPHLKVLSG,6617.385321100917
DGKEWSWLS,4496.752293577982
WKYEDLQPNV,2889.6100917431195
RQSGPAFREHV,2766.4495412844035
PDGGDVGEVAG,1115.894495412844
DFQRLSDS,2122.256880733945
NHHHAGEPKDL,1447.9633027522937
NFGYHQPWAS,10566.155963302752
AQHWGQKDS,1506.4036697247707
HLAGHSWALSG,6275.697247706422
YHAYSQNFPYD,11259.536697247706
EYAPEKAFVL,3224.330275229358
DLAAFPDVL,4383.288990825688
VDEAVAG,1123.0963302752293
KWQWAYG,10345.660550458715
DEYANEWKVLS,3359.4633027522937
SGHQGQPSG,1270.0366972477063
SLWNQRYNHD,5660.362385321101
YQYHDQDKHAL,2617.233944954128
RKHLSNQKHWHA,2969.9495412844035
YHFEHPKGWKDG,3634.9449541284403
YPSRYRWKHS,4882.04128440367
HWHVGFQYDS,14057.655963302752
HHYAKALS,2903.52752293578
SWVVEVG,10793.724770642202
LKLVRWSG,9641.311926605504
HNANYSG,2133.733944954128
RNVEKLGLSGFY,12342.0
HDDAQWLGYKHL,8077.95871559633
KNPYNHNSG,1845.7155963302753
KHDPSFNLQDVS,1640.3761467889908
YWQKWNQFAS,7484.243119266055
FAVWARYNKALG,8017.316513761468
LFPWLHFPNL,25066.344036697246
RFNWEYWHDVS,13431.97247706422
FEARVLELPWKL,17289.344036697246
KRAPNADG,1019.9954128440367
SVQEVDVSG,1449.5688073394494
PRVHGRAG,2074.059633027523
WFFDRASG,6817.756880733945
AGAASDLG,1173.5412844036698
KDEDPWHSWSG,4140.362385321101
VPWYHQEYWDG,14289.564220183487
FFKEGKHDAG,1455.01376146789
ELYPFHALG,9628.545871559632
WDSVKLEALSG,3889.2844036697247
YDERFYLG,7723.201834862385
QHYWLPSQKV,5897.01376146789
LWDHVQEPYWA,13558.577981651377
RYAKFNVKVSG,3999.422018348624
QARNQRENDASG,1335.2614678899083
VFVFLFRPW,37230.28899082569
YEFLDVAS,6352.366972477064
GKAHFVSG,2495.440366972477
PNYQYVFENKV,9983.155963302752
DQEAARWNKLS,1895.0504587155963
NGLFKGREWNVA,4406.48623853211
WALFGQERKHA,4045.137614678899
AERENVWVAG,3091.454128440367
FYPQKVRNKA,1660.5183486238532
VELHQRSG,2543.321100917431
QFRKHFLWPYNK,6888.977064220184
WSSNWASG,5585.724770642202
QEFKNGPAG,1226.559633027523
PKLPLPDFNG,2172.0733944954127
RKRVYVSRENA,2164.0412844036696
LVRYEYG,10717.399082568807
PREFKEPWVAL,8736.747706422018
RAASEENASG,856.2339449541284
SFDWAWNDVG,7115.821100917431
PGLHVDLG,3656.97247706422
NPDAKRWVASG,1667.288990825688
NLRPENDGFA,2633.3394495412845
GPAVGEWG,2030.7798165137615
FVGQDEWKFEVG,3993.798165137615
FWNLGRWEKVWK,8468.412844036697
GAYGFLG,8202.467889908257
NQRNWNDNKDA,1819.7064220183486
FVLHGPQFKL,13002.128440366972
DLSDGQANHAS,1331.467889908257
VGYSSGRYNVAL,8843.022935779816
EGQLPYAWVL,14665.02752293578
NYESHVSG,2335.8394495412845
WKVRFPDQRKDG,2833.8394495412845
PHQWYNAQHSG,4695.123853211009
EWVFYRYAQEH,21946.963302752294
VFYPRPKHDS,2891.8669724770643
SWPNWVG,8002.6697247706425
DASKLEVYDAG,1852.0275229357799
YLVNFVAG,12208.619266055046
YKRKNDAQKHS,940.7660550458716
LSNGKVPYKHG,2072.211009174312
DQWLVSPYWNKH,10565.899082568807
WNPQLEYNKHVS,3866.52752293578
RAWLYVQEYWN,24906.60091743119
HLGQERAPNHG,2519.683486238532
SWSYFHDSG,6856.087155963302
PWVYVYQFRWD,44345.036697247706
NDVEDEHVFWNH,4838.922018348624
FEFFALFRWNAS,23812.761467889908
PPQGQNG,1105.866972477064
AHVHPNG,1754.7798165137615
YYEWGPALS,7880.573394495413
FSDFNVPNHDV,3309.238532110092
PYHKVSQHGDAL,2260.862385321101
SHQLFVAL,24508.045871559632
EDKWGRYG,2991.0366972477063
GYKQLHDG,2076.646788990826
YEEHYLSG,4646.729357798165
VWKGVEVALG,3538.266055045872
KWNEQWVAG,3183.862385321101
DSKPHLWNHDSG,2019.426605504587
YYYQKHG,2255.4862385321103
NLAKQFDASG,2154.651376146789
QPSVFELGWH,13082.490825688074
WQLLEPLG,9780.798165137614
SQQSQHLSG,1511.6146788990825
VWRKANASG,2102.6330275229357
WPLWEPG,8208.93119266055
SLGQAGEHVAS,1394.9724770642201
KEFAPHAS,1769.0045871559632
QPFFDGFRWVG,22999.16513761468
ELYQEPHDGQNH,2586.7798165137615
EQYSAGFWDLS,8803.385321100917
YRKYQKVG,1907.7018348623853
FNSPQNHEPYS,2775.5412844036696
QDPEHVFEYNS,3395.954128440367
EFEEVLFRWN,27607.559633027522
HPPSDSG,1223.3256880733945
FYPNHAPSFNS,4869.655963302752
FSSYPDALS,4107.0091743119265
ASDWVRHS,3354.169724770642
AAGEVADS,863.5321100917431
KHVFYDDAQNL,4924.09633027523
RWRSAPWNKHLS,5834.995412844037
KENVNDFSG,1549.880733944954
QLKVRRYDSG,3627.1559633027523
QYQLHVQYVL,33185.4128440367
WKWVRQPYNAS,7650.275229357798
RQSAHLSG,1780.1009174311926
SRKQAREYKVG,1157.2660550458716
SGHLRNGPWKD,4246.885321100917
PKKSFYALQYNH,5197.036697247707
KEDVGSPASG,821.5963302752293
SKYPHSG,1660.2798165137615
RFFVRWSG,16619.701834862386
SYQALPG,2945.6422018348626
NYAKAPKDLG,1757.9357798165138
FWPNNHVYDV,11628.229357798165
KNVPKWKHVLS,1849.5963302752293
DEQYQRHLS,2834.9266055045873
YKFWEYDFHG,11831.724770642202
RAEWFEAGPWHS,14042.165137614678
KGYVKRHLSG,1875.0825688073394
HGAYENVLG,3509.619266055046
ARVWQNSG,2943.9770642201834
KWLGKRDS,1356.6834862385322
SHQEEALS,964.651376146789
HENSGSHSG,1390.2844036697247
FWEVDFPWHLG,22063.69266055046
HWNGGKSG,2061.238532110092
WHAEYVAHEDL,6238.376146788991
FWVERPGWKAG,6783.408256880734
ENKGKVNGRYDA,1341.6788990825687
VFPVPQRYNKDV,2813.353211009174
NRYYRYAL,11640.344036697248
WKVKSYWYKDV,6186.532110091744
KEGGYVALS,3513.532110091743
EEGFGQHLSG,2266.8348623853212
GEAEWGKALG,2078.954128440367
FEYYPVALDV,18996.215596330276
AENSKLFDLG,2871.1330275229357
QNDQDGRGEYV,2299.940366972477
KVYLQHFEWND,9921.105504587156
RFFPGEG,4123.54128440367
EAKSQVGEDS,612.9220183486239
QVVSQFPENKA,1472.3211009174313
GRWGRWHDFYWN,21924.04128440367
YWVHVLNGYLS,17966.435779816515
WWVSPDSGEWKD,5906.559633027523
NQNDHDGHG,1878.1880733944954
PSGYFDFYDS,14638.990825688074
ASLFDLAS,4652.844036697248
NVLRLRREDVA,4698.348623853211
LEPEVFPYWND,8025.866972477064
NKAHDNHFNA,2119.6743119266057
VKNKFKHALS,1126.059633027523
HKPDVESG,726.9816513761468
HYAYPLSG,6392.642201834862
EALQLQWSYKHV,9000.298165137614
EYHYLKRYKDAG,3189.853211009174
GGYHWLSG,7745.605504587156
YVSLWNAYNALG,10390.678899082568
FDKQGFEYWKD,3824.545871559633
GPKRDQDVLS,967.151376146789
AYWLHVSNVAS,8935.56880733945
QASNFRVSEHS,2146.5504587155965
FESRENSKPWK,2004.545871559633
GPGSFPSG,1808.3532110091744
DGYQRSGYKV,3667.2844036697247
RNWESFYWNK,9298.669724770642
ANPDHVALG,2161.3899082568805
DSGLVFEYNKDL,9241.036697247706
HSDSGRVYKHD,2114.7155963302753
APLQQELG,1034.6009174311926
KDDAQRGQHS,1117.408256880734
VGGKKVLG,1046.7385321100917
HADKENASG,715.2889908256881
QPLYSGWQKDLS,5461.5
VNYWSNKVAL,6348.454128440367
WVDHSFRKDG,4567.711009174312
LEWGSEWAL,11766.311926605504
SGAPPNAG,1369.98623853211
KHDFWVHVGYA,15937.454128440368
NGVEKLQWKHS,2070.798165137615
NGHVAYRNS,3760.266055045872
KEPNQDEPLG,789.9633027522935
YLWWKQPKVAS,4396.045871559633
ANSNKLWKH,1981.0275229357799
DRVRDHDALS,1764.1834862385322
AWHKYHG,3733.637614678899
EAYFGQYWKHAL,10161.188073394496
VNQPNDHAS,1378.2935779816514
PEQRPYENK,2145.5733944954127
NQWNEHRYDAL,6601.481651376147
AYRWSPASG,4785.5
EPPARYYKALG,3184.967889908257
GRYGKGRYWVL,11014.288990825688
YKQRNFALVAG,6906.472477064221
FAAWLGQRYLS,11957.224770642202
WVPNDQQWVG,5300.697247706422
LKPNNVALS,2102.6605504587155
QEPGQHKENKH,860.8394495412844
VRREGWSG,3360.454128440367
QNQWKQNDVALW,6894.077981651376
LASYDQLG,3689.532110091743
QSNYPKVALS,2579.4266055045873
GDGNRYSG,3042.9816513761466
HWAGQGWASG,5103.94495412844
WYNAAEPKV,3070.0963302752293
NDSEQRVKDVG,1190.2798165137615
SFSFNYNKG,4466.344036697248
HFHAHEYWVL,19629.866972477063
EHQAGFVEVAG,2783.8990825688074
FHGEWNVASVLP,9012.330275229358
EANSLFRPKAS,1755.045871559633
NPWEQEHDAG,2120.4633027522937
FNPYPWSKDVS,5279.9908256880735
NRSSNDVASG,1507.2798165137615
FVVFEVFRYNLS,43143.92660550459
HGNYVGFRDG,6434.004587155963
WNHANDLGLGRH,6606.1697247706425
RWSHYKFEHVL,9137.802752293577
QLWSARNHDAL,6584.706422018348
PYVKVSQWRHDL,12322.91743119266
HYRENDDG,1965.1100917431193
YRPPPYDVAL,6012.665137614679
VAPDVEHSVSG,1166.467889908257
YKLNSGQHLSFW,14235.857798165138
DRWQGWNLG,7517.788990825688
KQHEGEALS,857.3119266055046
PEQYHGAG,2406.7522935779816
WFYDNKGRWKG,4622.807339449541
HFFRAPDVG,4690.376146788991
VSENWHVKG,2897.711009174312
RGLKPYLG,4572.811926605505
YYYWRNG,4930.197247706422
RRWKWKFRDVL,4053.7844036697247
HVFHKFNKDLS,3314.2752293577983
PLHQLQYDLG,6970.316513761468
GGNAYLG,3569.940366972477
FNAPNGYPNKA,2041.6467889908256
DRSGNGAG,1186.6834862385322
RGDQHLFEDAG,2411.1743119266057
RKVRSGQDLFPN,1982.5366972477063
GNHFVAKLG,5738.642201834862
VPVREYDHDA,1935.2798165137615
VQFRNFVQFNHD,13352.045871559632
SYPVNHALSG,3349.922018348624
VLHEKGPKG,1134.1146788990825
RWDLKGHLLSG,5899.587155963302
DFEPVVQFWDV,15362.440366972478
KRDPFWALG,5148.880733944954
NKQAGFAPWH,6818.876146788991
ALEESQFPYVG,5195.51376146789
REVQEWANLPK,2619.119266055046
QQGDNVG,1064.788990825688
HRLDDALS,2685.4862385321103
ELSPHAWSEYLS,5485.922018348624
QHHWDSRPVAL,6521.348623853211
RKKEVFWNASG,1554.0275229357799
FKRHVHFRKSG,2374.266055045872
KHRGEHQKLS,874.9816513761468
QPNFNYNKQG,2664.6330275229357
PAQNPVFYWKV,15772.385321100917
EPAHGDGYDLG,2484.3669724770643
NESFPHEHSG,2096.5733944954127
HKLGGENHVG,1428.5504587155963
PHNLQWRKVLS,6682.256880733945
QNEDRAEHG,1305.9357798165138
PGFDFNAWVLS,21298.91743119266
WVHGPASFEDG,5046.646788990825
WPWNQALQEVG,4097.788990825688
PAVQPSGEDVG,1172.894495412844
WHWRQRWG,12554.944954128441
VKRRNSG,979.9954128440367
NRVNPWHDS,5310.577981651376
VNLGYWKPLG,7482.619266055046
LRHSSQKDVSG,1466.3623853211009
HDADEYAFRWA,9266.880733944954
FRLDVAFHKHG,8838.688073394496
KQGHDYAG,1543.0963302752293
HLEWDSWNVGWL,28375.477064220184
KSYQLYWKHAL,6348.885321100917
NYFWSRASG,6541.133027522936
HVEHFLFNAG,15725.059633027522
YAQEEPHEPSG,1551.3853211009175
AALHSLG,2491.5
SWEKPWHDLS,5283.362385321101
APYRQKHALS,2465.8577981651374
PSFLRENLPWNV,11877.587155963303
AQVKFRSG,1962.6009174311926
RDKEYGEPDVA,1040.5504587155963
SYQHAYSG,3218.8119266055046
QEFVKQRKG,1234.1880733944954
WVFGWDQWVG,22481.633027522937
WVYPSGEPDL,6477.743119266055
EWYWYNGQFR,19792.19266055046
FGHGLRLG,6872.651376146789
AAGFWFNG,12441.435779816513
DRHPWENDAS,2723.4908256880735
ADVRFYAS,11919.11009174312
DKGLQEHDA,923.7981651376147
VAQQDLPYNVA,2468.5550458715597
VPHNRPSG,1638.6284403669724
WPYVHVPKG,5352.738532110092
DKDLVGVG,1104.151376146789
WHDGPALGWGQF,15739.743119266055
ASQDGQRGND,1448.6834862385322
FHYHRERYNVL,7983.591743119266
QWKQFYSWNLQ,12920.62385321101
QKWLLEYDVLS,14317.018348623853
YVNVNKSYWKA,4899.302752293578
AFALFRFPHVG,22260.160550458717
PSKHSLPHAG,1822.01376146789
PWDEPYQDASWA,9009.032110091743
WDEWSGFAREKL,8193.724770642202
RASRSKSGKLG,866.9724770642201
VKQWNWLSG,5411.394495412844
QNQRQKVGENAS,1342.8073394495414
KGWQANVAL,4267.834862385321
AQDAFGRWH,6742.981651376147
AGEKPSQEHDS,814.059633027523
PEQWLKLSG,5072.311926605505
ALLSKSGWNKA,2528.02752293578
VNVHYHSG,3811.440366972477
FRGWFPHLNKAS,6845.252293577982
RLNAPHAFAS,4919.082568807339
GAELPSG,1468.5504587155963
FHAYYVGEPYD,15158.06880733945
KGWEFPYWNKH,5627.022935779816
HVDPEHSG,1268.7018348623853
FDLANSGYWLS,11404.050458715596
ADSYSVLSG,2831.8119266055046
QGVVLKALSG,4950.380733944954
DEPQKGREPW,1816.2935779816514
RFWNYDGQVLG,10024.155963302752
PLFWQWEDAS,11788.701834862386
FSDDLELS,2419.2844036697247
LSGVQFRVPNL,9243.536697247706
QSLYNVRDVLG,6071.270642201835
QWFDFRFRVS,22986.54128440367
HSFDVEPYLWH,15565.825688073395
KAPWEPNRVSG,2067.894495412844
VYGNFYG,6835.183486238532
PWWWHRPYNALS,20019.697247706423
FAHNEYKHA,2613.646788990826
LLQHAPLS,3934.5091743119265
NWHSGQVPDAG,2226.5137614678897
SDWNHGVALSG,3248.02752293578
LYQPLRYS,9783.0
VAYFGPYKDVL,10482.674311926605
YRRYYKDL,5605.967889908256
HYWKEQFREP,2923.362385321101
VHHVPDS,1733.8165137614678
LSHQSWDSG,3059.770642201835
HQHFYLRPNKHD,4792.348623853211
YWSVYVSQFYH,21217.018348623853
EPFSGFQRENH,3804.697247706422
RLWSFVWVLS,40205.98623853211
YQRKFHQLS,4014.798165137615
VVLNKNSG,1760.454128440367
EHKYYHDALS,2364.408256880734
EFRLSNWAG,7302.01376146789
WWENPHLS,10374.490825688074
KPHLAWVSG,3954.6284403669724
YVGFARAGRASG,5207.334862385321
NAVDSGKSG,925.5733944954128
YNKQNDGGQRW,3881.766055045872
LVNHRHASG,2342.3577981651374
DGHFQYWHDS,7762.146788990825
WHKPWKLYAG,7715.646788990825
FLEVAQLEYHD,17748.48623853211
DLPKRGYNKHDS,1267.3990825688074
FSHDSYDRKS,1981.0825688073394
EEEEWVG,1394.2155963302753
SVPLYASG,3938.646788990826
NFNNEYHDVASG,3161.2752293577983
FGWVHLSGQES,3583.1330275229357
SQWSLSEYNVG,5493.100917431193
NRHRQPDAS,1576.967889908257
AGAAKDSG,651.7385321100918
NVVRKSKASG,1025.697247706422
HLLHHALSG,5042.481651376147
FDGFSGQKLDG,3168.766055045872
AHFQWHG,6362.564220183486
LSGKAPRPNDAL,1566.8302752293578
NADDNALSG,1286.48623853211
YARFLQPVASG,5597.545871559633
GYSQREHWKAL,4364.545871559633
HVKVKQKDVA,881.5825688073395
RSWFSRYKHA,6115.027522935779
RKYWELEPWKLS,6929.174311926606
QWPNPWKAPDAS,2991.4862385321103
LPQKHFDVLSG,2517.52752293578
YQDADAKDL,1129.7477064220184
KFKDPKRYWKVL,2190.9495412844035
QAPGVQFRKH,2331.2798165137615
HEHSYLFPYWHD,14785.490825688074
YYGQYSELSG,4132.587155963302
KDYNGEYEDV,1575.0183486238532
WLYNFYKGWN,6789.931192660551
GQWYEPNKDS,2339.422018348624
WRRWRHDVSG,6601.183486238532
WEQHKVLSG,4007.623853211009
QHLELGFPVRKV,9971.711009174312
KANNYWSG,3355.587155963303
FEGFKVGWVPD,10106.619266055046
KPVKNDAG,724.816513761468
GHLSWQHLSG,6602.0
QWDQQFRWSQEN,5397.366972477064
WWFKDQAG,5076.220183486239
GDYDYDG,3170.4954128440368
QWESARYKVL,9903.238532110092
YNPRVSRPKS,1947.8761467889908
RYKGQFFKSQHS,3149.3853211009173
PVSNYSGYNKH,3161.7844036697247
HFHKQYLSG,4024.4770642201834
DWSNGFESG,3224.848623853211
NEDFYDRDL,5930.0091743119265
EYQNVAQHQFY,9527.334862385322
EDWAVLWKDVL,10194.711009174312
KVQFARLFWD,19607.38532110092
QWPLSGPHSPL,6440.582568807339
HRQKVEALS,1231.3715596330276
PNADQEDKDV,683.1284403669724
VAKQFPGWNVS,3642.6146788990827
SRYYKGQEPWLG,7516.784403669725
LFKPYGEPNK,2455.0137614678897
EPKGGLQRYWN,3837.298165137615
ESRHGEYHSEYK,1984.197247706422
EEDNANASG,885.8348623853211
PVEPQEKSYWH,2521.5688073394494
PKGADAQVSG,821.2981651376147
GDANFDSG,1581.788990825688
LSDNRYLS,3850.9770642201834
DQGLVALS,2776.9449541284403
KHWANLEKDV,1608.0045871559632
LVSHHLG,3867.032110091743
QRFQWNRALSG,7321.752293577982
VKHSGVWNHS,2686.380733944954
LYLASNVG,6203.5504587155965
KQEVRYLRLG,7111.435779816514
QDFDNHSPHDLG,2930.6422018348626
VWAKSDVLSG,3385.6009174311926
KFKDWSFKLS,3932.802752293578
VQHVWASYVSG,10332.990825688074
RELNLPYLGHV,9046.894495412844
QYDHEWHGQWDS,6476.192660550459
YLHHFNLSG,5959.192660550459
NPSGYQALG,2245.532110091743
PWEHFVANKG,5863.967889908256
DESGGYKSG,1255.1880733944954
WDDVALVPVALS,20035.655963302754
EVGVFDVARLS,7702.142201834862
QKYLASPNHVG,2580.0688073394494
RHAWWDGWNK,7410.133027522936
NPWVPGPYKAG,3703.4908256880735
EHGYSGWSQNS,2931.298165137615
GFLNYNSG,5647.481651376147
NWRDYNHVASG,4654.275229357798
KVGVPDYNKL,1874.0
RGWAWNKGRHG,3870.5688073394494
VPRQEDVAS,949.4220183486239
VDSWYNALS,5721.128440366972
PSLDQPDG,1474.9128440366972
QSDNSRDG,1203.3761467889908
YEPPGYDG,4083.9770642201834
EEWSHAEHDVLG,2754.8990825688074
LAHAKAG,1421.8532110091744
PPELGVAG,1048.0550458715597
HRKVQAWHSG,3036.9816513761466
RYSHPYRPLG,7783.779816513761
ANPYYKDVSG,3099.105504587156
RRWNFVSVS,14321.133027522936
PKWKDVEKENLG,1201.4220183486239
EGYVFALPALG,27895.77981651376
HGNRYLQPWVS,11445.683486238531
GNELPLSG,1756.9036697247707
VVDGQEYDVG,1983.3990825688074
DDLENEYWVG,3766.206422018349
NVQNYHQNHS,2543.9862385321103
DVGDPKLHDL,1391.1467889908256
WNASGHVQDGNH,2697.701834862385
KDHQEWKQNKS,906.0137614678899
KGYRPNPHLG,3674.7844036697247
KESDQEVALG,808.4495412844037
HHSVSDLSG,1631.967889908257
KLPWHPKSQFHD,4578.399082568807
LHRFALSG,6396.417431192661
VAWHFRYQNVS,10438.38990825688
WLHVQDRKASG,2932.394495412844
EEPALDNVG,1042.6697247706422
PLFKVNEYWHA,13299.256880733945
YLNAGRFYVAG,13834.871559633028
PDDGPKLHAS,1508.848623853211
FFHQDVYKV,5433.229357798165
FRAKWNKEKV,1190.1238532110092
GSGLVSG,2083.940366972477
VLFLLQFPYV,36718.89908256881
EHLSSQQFYKDL,3796.5550458715597
AWNGALFKAG,5454.288990825688
YGNDRHSRWHD,6329.302752293578
HKASLPDG,1242.573394495413
RLWGVPVASG,4818.344036697248
EFKSWWKLG,4894.018348623853
RDHPVGWG,5508.619266055046
ELKWAGFPNDG,3356.5412844036696
KLPQFYNFELS,15146.940366972478
RLDGDQRYAL,6749.316513761468
HNLGYDEWNASG,4332.417431192661
WGFQDRYWAL,24218.56880733945
PWQQRESNALS,2787.7844036697247
WKKFYHVWNS,7804.977064220184
QYQKNKGQPVL,2275.8577981651374
NPNVFLFPG,22061.674311926607
DFNYDWKHAL,6312.064220183486
FRWAKHPYWKGF,11824.880733944954
LAYLVLG,25339.724770642202
YPFNHRSG,4359.339449541284
DGFGKWKDAS,2022.5
HGQRVFHVRYA,18067.142201834864
WVFVKFYWLS,28637.80733944954
YPYWKNPYHVA,9933.5
SESVDVG,1555.073394495413
KGKQPDHLG,1150.834862385321
SVLRQPSG,2750.637614678899
RWSKDAHEYVL,5489.637614678899
NPHWFYDALS,13678.830275229358
DVHYDVWG,7276.972477064221
ELLSKAYKVAG,2345.467889908257
HLWFHVRKD,9012.0
YSPFEAQYNHG,4448.807339449541
DSNLEPWKLHDV,3252.5366972477063
VHLKVNVLG,4949.582568807339
DAAAQNSG,1005.683486238532
GWVWQVSG,10995.357798165138
KAYFLYNG,10282.311926605504
YWREDREKYHDA,3317.605504587156
YHLWAEYRPKA,5441.894495412844
DPNVGYRPAL,3763.440366972477
ELRHYHSPYG,8242.651376146789
SRLLWDVLSG,9148.435779816513
NYHAREHGLG,2772.8348623853212
RWEHVSPARVA,6183.862385321101
AKENDEG,724.9082568807339
WYWWAVASG,13298.004587155963
NPGQQPDLS,1290.091743119266
DYSGHSQHALG,2495.802752293578
HEHDLRWEALS,5832.655963302752
PFKPLENVLSG,3192.9311926605506
PANKQSFYSG,3370.412844036697
RSARALDSG,1777.7935779816514
RWENFDLGVS,10312.775229357798
LDQSHASG,1511.3211009174313
AVGFLEASG,4948.954128440367
FNAWWVRPVSG,12724.11009174312
WDRGFFREVA,10779.798165137614
QNDKDVEDQFKH,1059.0504587155963
YSEYSRNHVFKL,9698.674311926605
ALWAAQYKVS,8228.701834862386
WNAWYDALQS,12177.559633027522
DPFEPHHG,2066.821100917431
GKDYNKFV,1958.9770642201836
HVWQLSGQWNVA,8994.87614678899
DLYQKGYNKHD,2010.2247706422017
HGHLHAQEWNA,3326.4908256880735
VAPVQHASYHVA,3030.564220183486
SQLNAENAL,1618.032110091743
WPWDFGYKSG,14330.366972477064
KYLHNKHDS,1556.5275229357799
QPRGFPFKVA,7192.100917431193
EWLPVLSKHDRE,2660.6146788990827
AGQPPLSEWKD,1586.7431192660551
NQRDWNDQHAS,2240.321100917431
QKAWEYKFDVA,3730.7201834862385
RYRDPDSQRHV,2833.706422018349
AKVEHPHDAS,991.6146788990826
ADSGKNSG,838.7844036697247
QWVQSGRPNLQW,12837.830275229358
WRARYYWDLSG,14223.073394495414
HKWHEDASG,1834.9816513761468
PYSELGFNFHDL,23369.174311926607
REDLDRKHEKDA,875.7155963302753
RKLGSEYDFRDL,4287.628440366972
EVPVSWYNKHV,3674.9908256880735
EVDWKSPYVS,2986.6330275229357
AQLGDVSPAS,1257.5642201834862
AQLSLNVSG,2457.178899082569
ASQVRKGFYWDL,10012.821100917432
RLSRFEHDQEHS,2135.256880733945
AYLQADASG,1897.1697247706422
NRLLHALSG,5309.371559633028
EFHVHQFYNHSG,6077.348623853211
YDFEENHDYKHG,2946.4266055045873
NEKAPYKFPWN,4774.293577981652
FRNSGEDQYVP,3040.0091743119265
YAAQEWSNKASG,1849.894495412844
AALGANALSG,1647.133027522936
KFAAKHG,1312.9128440366972
RYRQNLSNKHDS,2260.087155963303
SKREFEPYLSG,2733.52752293578
AGFYQVLQFEKD,19221.20642201835
FFEWFDLFHDS,8309.30733944954
FALQLRPGEWV,13122.160550458715
HPSQHQKHVSG,1420.5550458715597
DNKYEYVG,2262.766055045872
NWHVRFVAS,21596.770642201835
VWWEYVSG,15072.37614678899
FYEHAKDAQKVA,1770.6926605504586
HVLFVLVPWKG,31112.743119266055
FHAYGRHFHV,10496.197247706423
LFYNLNGEVG,3552.564220183486
FYQEYKQQFKDV,3232.954128440367
WDKGNKLHG,2321.669724770642
YSWSNDWVLG,12398.811926605504
NNADVFNHDS,2159.6330275229357
LLGNHKSG,1780.7018348623853
PLFQWKGVALS,9659.70642201835
SEVFAPWNH,8231.48623853211
HEQHNHS,1799.940366972477
WGESENWNLG,6425.880733944954
HSAAFYLG,12836.279816513761
KVDRVQFRPSG,2226.5091743119265
ERKHQEQASG,732.683486238532
SPEPANVSG,1010.4678899082569
QWFAYGQNHDLG,9003.940366972478
KNHFALYDV,7694.077981651376
VLPSHAQFRN,3202.1146788990827
EQLAPVALSG,1454.4770642201836
VAFQVSEPKHG,2401.766055045872
GKEKKDALSG,631.9220183486239
YHSFDSEKPWH,4854.270642201835
QPSQVLQHGEKD,1063.9954128440368
HHVQHEVG,2010.4357798165138
EHYLYVSFYWH,37289.61467889908
VVSNYLSG,3451.9495412844035
DFSQHANDAG,1545.3073394495414
ELHAENDVRWHA,3441.770642201835
KHPGEALGDVS,1018.183486238532
ADADGWLG,3623.9816513761466
KGVHFRPYNKH,2730.4495412844035
KVHGNKPNKHAS,903.3119266055046
FSPVPHAFWKA,6502.9908256880735
FFAHVYHLS,9149.059633027522
YPRAVLG,3623.2201834862385
GNDLNPYKAS,2004.3532110091744
LQYLLGNVAG,6419.683486238532
YWKYYKVWHV,9823.587155963303
WHSYFRPDPNHA,5090.256880733945
WVHKNASG,2170.091743119266
QDRFSRYKHVA,3517.4908256880735
WAFWRNHYAS,12113.261467889908
AGWHGAWDAG,5626.408256880734
HDSEQHVALYKS,3604.353211009174
HLKKLGWG,4055.4174311926604
NHEKFWDADVAG,2885.5825688073396
LYFHEWG,9260.761467889908
SHFQYVSG,4986.064220183486
KHYGYQFHDVA,5231.724770642202
HYAEVYHG,5454.188073394495
DLSARVGWKHL,5554.545871559633
ALEVGYHHDVLG,6759.568807339449
DHSKNLG,975.9266055045872
YVVYSGNKVAG,5569.651376146789
HQPQLGYWKHD,3782.651376146789
NDEEWDQYLS,4307.123853211009
HQRDAPGRHV,2451.077981651376
QHYEWGQFWND,11984.967889908257
APYSQWSYVALS,16778.724770642202
WFWPFYWG,15305.385321100917
NNGFQHDLSG,3157.6284403669724
PQRFNEWVL,12090.30733944954
VYPFPHSG,5243.733944954129
FPSEYALPDGRG,6317.756880733945
LPGEVDAG,1187.9587155963302
SFAHEHSG,2101.238532110092
EDWFPWGQEPV,5121.032110091744
LFYHADGNAG,2847.7752293577983
QSVVKVLS,4899.724770642202
NQHLLGEPWG,5597.467889908256
LKSNHYVG,2650.146788990826
REFALRNNHDLS,3745.238532110092
DYYLRAG,5256.743119266055
LVYFDSG,12805.743119266055
AKNHKSG,824.6192660550458
PEEARYALSG,2506.623853211009
LPPPWSG,3796.6100917431195
SKRLHVSG,1870.7844036697247
ENFAASQYWD,9349.949541284404
FFYVNREDG,4437.0
EHPVREQVAS,1016.0412844036697
YWWYRPVS,8877.816513761469
EAYSELKDG,1291.665137614679
DQFPNSVLRYNH,5688.385321100917
RFLDAHALS,5611.743119266055
LVSGFLRDLG,10848.481651376147
VRSQFFWKDVAL,10562.215596330276
QGEGHGREWNAL,3332.697247706422
KFDAKHREWN,2316.3394495412845
ENAAHVKAG,948.8348623853211
EKGFRLHVQL,9522.504587155963
DRRWYVLSG,10788.729357798165
AQGGQHALS,1592.7522935779816
AKLYEHLSG,2347.619266055046
SKYDDALG,1487.380733944954
YHNHSRGQHVSG,2327.5366972477063
FDEGSGDLSG,1860.954128440367
SKHNGHVG,1554.1238532110092
KRNWFNKS,1998.1743119266055
YGQAYNQYWNV,9300.316513761469
PFDLSSKASG,2338.1651376146788
PVGDVRPAYDL,4050.3899082568805
AAGRSKVLSG,1487.2981651376147
DLFDPWNLVG,11391.064220183487
NEHPVHVG,2770.545871559633
RFSWVWNKVL,11281.47247706422
NVAKDRRVALS,2009.908256880734
VHGPNFRALS,6052.068807339449
PHLKVEYLGNKS,4253.417431192661
LRGRDESG,1612.302752293578
HDDSDRWDVALS,3912.321100917431
FLKHRHLFKH,4996.591743119266
YDYVGEWHGNKD,3053.738532110092
RGLESFEG,2258.4770642201834
HLGQLFKGWHD,7946.848623853211
YGDFSRHG,4507.90366972477
DDQWKQFSG,2271.412844036697
ESDSKSNHVLS,935.1330275229358
QYFKFPWHDSPG,7126.6100917431195
VVAKYNHDVG,1890.7431192660551
YVNDKVPYHVSG,3297.8440366972477
FLHLFEAQLG,9228.747706422018
GKPWHWG,7752.522935779816
PFQQNDSG,1859.5183486238532
ANSSWDLSG,2504.298165137615
ASGKPAPYNHS,1875.302752293578
YDYEKAQFPNDA,2001.8990825688074
DNRLDVLSG,2395.5550458715597
PAQVDVLREA,1713.6697247706422
GRPQYHVEAS,1869.0504587155963
SHAWHEASG,2400.151376146789
EGLRVGHDVG,2139.5412844036696
EKHQNDESEYWG,1827.2018348623853
DLQYPRYSG,5817.522935779816
RHYADVGDVLS,3465.1651376146788
DHFPYFSG,10910.04128440367
FKRGVGYKVAS,2594.0688073394494
RNALVAWHVGEG,4937.839449541284
YLVYNGFKHDS,6777.224770642202
RHYRAQEPYNS,3364.169724770642
FYLPGVAQVG,3525.8990825688074
EDDSYHYNLSG,2802.3394495412845
GWHVFSRHVS,11697.449541284404
RAESDASKAL,1115.7247706422017
LYVRHHSG,4006.766055045872
PDGVKDSFHS,1848.954128440367
KEWSLNHDLS,3600.8394495412845
HNQRPQWKDV,2264.119266055046
RFKQFVEHS,3248.9816513761466
PFGHENG,2244.830275229358
HSHGKSGPKG,996.4633027522935
YLNNVAREYNDG,3744.3669724770643
ASAPELSG,1063.1467889908256
LGRLLEYKHVA,5624.532110091744
WWHQHFNHDVA,7562.422018348624
FFVSSGAL,7172.01376146789
ERLLNDG,2002.6788990825687
FFLGSNLG,4645.394495412844
YEKLGKNDVA,1404.2385321100917
ASLQRHQEVS,1418.0275229357799
FGFGDQRPWKDG,5733.866972477064
NHSYNAFHFWV,21787.52752293578
AQSYPWHDVG,4233.366972477064
QPSVQPSQHD,1690.7935779816514
PRYFFRWNK,8554.54128440367
NLGWRHAQFD,12351.628440366972
QVPYWQYSYALG,21156.711009174312
VDLRSYVAG,4254.114678899083
NDAFPNDGRNNH,2785.119266055046
NQEWSLRWDVLS,16413.688073394496
HKQYWQEASG,2007.573394495413
KWEPWVFS,17930.536697247706
SPFPGYSG,4074.2201834862385
AQKFYVQPYNA,7044.105504587156
WWENRHSG,6519.293577981652
NDHDHARNHA,1922.4357798165138
RVFRSFKHYDVS,7763.146788990825
FFYQEAFDG,5918.307339449541
LFEHKVSPYNDV,5058.747706422018
QDGPSPNDEG,903.5733944954128
GPDGPYHNVLG,3737.8669724770643
GNSNHNLSG,1583.2614678899083
FQSPPYSG,4152.339449541284
AKEHAHAG,910.2660550458716
GHSQASSG,1023.6146788990826
KRDDLKLG,884.348623853211
LPRSRDAL,2400.1284403669724
AVLSLKLG,11873.844036697248
SAGEWKYSG,2282.0091743119265
YPSEGYAG,2066.5366972477063
VPFPLHSG,3763.922018348624
NKDLRKNSYVA,1763.9036697247707
GDVVQHAS,1417.3761467889908
HHSNKSNALS,1349.2385321100917
SEGKYWALS,4466.004587155963
FKWHSRPHAGQK,2141.7201834862385
PLNAGPDQKHDL,1794.2935779816514
SFEWWNQYLS,12536.944954128441
ARVQAGPNHVL,3134.8577981651374
KRFKFWHDVSG,2920.7155963302753
AWYNDFRG,9580.188073394496
QQFDGGQFAS,3892.802752293578
QYWNRDALVNAS,5834.1100917431195
YKEPLRFNHLG,5842.577981651376
AHLLVSG,8815.0
YVVPALPG,4452.293577981652
VLHFKQRYN,6083.9908256880735
NPKALGDHDL,1495.3211009174313
VWHRAFYKDL,9993.995412844037
VYSNKPG,2212.5825688073396
KAERPGPLS,1686.6605504587155
SHDHVVAG,1664.5504587155963
PPYLVQNHDVL,5458.077981651376
APQWGWLS,9705.532110091743
GVPVSYLG,6800.857798165138
NKWYDVFRYHAS,10249.61009174312
DWFPFVAG,17553.481651376147
VAHLVAQFND,7346.40366972477
HGHNFPNHVLS,4908.174311926606
VQPREDWHVAL,3184.362385321101
NHFKVAWKVGK,2772.4036697247707
ARPELRPNDSG,1185.4036697247707
KGLWFPHLSG,8234.697247706423
QYFSSGRDV,3729.880733944954
VFVKQNDVL,3611.770642201835
HSFNYKLEWG,8539.559633027522
VWPKHSESG,1544.7018348623853
QQRWGWKQFEY,11511.724770642202
RPQGFWAYWNHV,17826.894495412846
ESVKDSDSG,1010.5229357798165
QWQYHFAYKVLG,18980.61467889908
VEHNYVAS,3641.8119266055046
DHFQHVLS,4499.325688073394
PHSEFEYSFPD,10850.908256880733
VAWRKLNDVL,5671.426605504587
PDRRLREPNKD,1384.2064220183486
NHFAVAQYLG,11308.995412844037
EKDKNKSRYW,1453.4724770642201
NAYYYWASG,10410.600917431193
WDLFRVGRDNKD,4641.738532110092
RALKDFYLEDA,4629.683486238532
QRVDNVAQWKG,2440.8073394495414
HQLEGYLG,4204.747706422018
NGFGKLEDAL,2290.169724770642
RPNSFQAGNHAL,3881.0504587155965
QRNKFWPWLFKL,15632.073394495414
SEVPDPVG,1428.48623853211
LSLYVGKDLG,8505.394495412844
KPNKSPSREHDS,826.0
KLGEVVASFWH,14712.165137614678
PQKWGPWKH,3838.6605504587155
WLRVYHSQRPYH,16022.779816513761
EAFERPWAPKA,3938.766055045872
RFQAPYSG,5887.899082568807
YLGPWQYDQPS,7186.307339449541
ALALGVHSG,3907.353211009174
VSVKQNHVALG,1931.1238532110092
LPHQSYWNKHVG,3640.5733944954127
LVGSGKLS,2103.266055045872
NRESDLWDVL,7406.711009174312
GRKSRKREPG,819.3577981651376
YFVKVWLG,22500.532110091743
LKFGWKVASG,4455.706422018348
AWESELSG,2013.6788990825687
SVFSNHAS,3109.8119266055046
HVRLLGNVLS,10403.119266055046
GEQDDVALS,1411.8990825688074
ESEHVPWRKA,2713.701834862385
PVSKNGRYAS,2190.3256880733943
ARADVKLSG,1121.7064220183486
FLPLHDVWKHG,5890.018348623853
NADAQKYVAS,1468.1834862385322
QYLVGQGFPYK,8924.0
PFNKGHYLG,4621.298165137615
APGWWKDALS,3408.8990825688074
VQQQDAG,990.4724770642201
VLNRSFEPNHL,5736.467889908256
NPWPYAQFRPD,10270.866972477064
DELDSQVSG,1252.3715596330276
YEYGRGQFPYS,9488.779816513761
YPSASKVSG,1421.532110091743
REDWRNFNDAG,3627.0550458715597
RGASAYHDVA,2375.091743119266
PGVYEPVSG,2279.330275229358
HPAHDWVS,3517.47247706422
AQWVKFPNG,4180.866972477064
SRLVYVAS,24105.02752293578
EGVESKVALSG,1231.288990825688
NKQWYWHVRNA,7799.935779816514
FYPSVGPVAG,3266.137614678899
PYSAENDFPH,3852.6284403669724
VSNESYNKDG,1321.591743119266
PFFDDVL,13604.697247706423
KYHSEGRWDAL,4078.8440366972477
DKRKFWG,2197.0366972477063
DPDSDYDLS,1313.4357798165138
GEYWDSGPNANK,2372.9816513761466
FQVRGWVLG,14701.600917431193
GLFSQSG,3803.105504587156
HVHRFPVLG,7951.587155963302
QLQLEVLRWDG,20211.669724770643
ELPVWLNVSG,6277.247706422018
ALRVFPNSEDL,4563.256880733945
YNLWKVRNAGR,4296.01376146789
FERPPWGQPWNS,7236.344036697248
QDYFNDLPYN,7179.133027522936
LGHAKHEWKHV,2416.7247706422017
KLLDDVG,1410.6422018348624
LHELDAG,1835.532110091743
WHQEFDQEWNG,6395.0504587155965
DQWYQNLSG,4614.834862385321
LQWHWNHQREWS,9889.055045871559
FFLHFRHDA,6951.95871559633
ARRAQVLG,1824.651376146789
GLENQWHVALG,5172.068807339449
DAQSENFPWK,1936.5825688073394
PFPDVREVQPK,1600.2844036697247
FEVNWVLEWK,18843.577981651375
NSPVGYVFRKAL,11721.490825688074
KAYFSHVG,4512.688073394495
NGLQWDPNDVA,3126.293577981651
HQNREDNALSG,1245.2155963302753
SHLENRLSG,2157.9266055045873
SHWHNKHASG,2251.412844036697
KQKLNHGWHDV,2733.077981651376
AWPEPASG,1885.105504587156
AGNANKGRPDVL,1513.51376146789
KLLAYKALSG,4674.972477064221
HADEEVLG,1100.9311926605506
QPSYEPDKHSG,1292.532110091743
VANRDSEKVAG,887.1376146788991
SGGSGWLSG,3425.211009174312
QKWPVQEWNDG,3184.1146788990827
HAFRVPQWHDA,7057.981651376147
PNLNSQPRPNH,2602.6559633027523
FHWVFNPNDG,9766.669724770642
QDVKDLEGFYA,3101.8440366972477
AKGLVLSG,2299.5550458715597
FVRPDEPLFDV,4492.545871559633
PNYFEWGHVG,9550.871559633028
RLVGDFWHS,10462.935779816513
KQPDPHSKVAL,1064.8899082568807
WNGENLDFEPNL,6842.224770642202
RNNGGENSG,1203.3623853211009
RSFGQNLYL,10605.545871559632
SRYHEVEPHDA,2297.201834862385
NEDHYNSG,1927.834862385321
KRKVYSQHG,1397.6605504587155
AQFQKQYWNV,5789.678899082569
LQWRLQYWKH,12158.80733944954
DGYEYEYKHV,5192.027522935779
NSPGYLFDL,10385.215596330276
EFEQGQPHDL,2929.954128440367
QFGYASHEYVS,6401.192660550459
NHARSFYLPNKL,8088.633027522936
YPPKRLS,2068.738532110092
WLRFSREWDVAL,21407.894495412846
QNVKGEHSFW,4291.087155963302
QPYKRAQQRP,1932.9174311926606
NPGFGHLG,3571.0550458715597
NLVRVAEPHS,3466.830275229358
NRGQQHAS,1559.4036697247707
LELENQKHDALG,1661.1788990825687
QLYLKHQWKDVL,7171.715596330275
QWRFYKLWDA,14534.87614678899
PHVYKQFAGYN,7630.532110091744
GFNWVFDG,17074.76605504587
HYWRHNVALG,7507.922018348624
ARQWYDLSG,6425.105504587156
AWELYALSG,12408.559633027522
HGPGAYWKVA,3586.3394495412845
QYFAPWQYNV,12476.330275229358
YEWQSWKHDLS,6373.366972477064
WNVWDWDLSQKH,8743.279816513761
EYPNEKHGQREY,1818.967889908257
LKHHRKVLG,1863.073394495413
LQPAPVFEPYNS,3498.697247706422
YSLPVALQL,12615.073394495414
EEFHFRVLG,9587.743119266055
EFAPQEWS,3207.9495412844035
WYDRDDVSG,3959.6559633027523
LKQSVLSG,1607.8623853211009
QDAEWQPVFKD,5397.922018348624
KSNANHVPWKVL,4144.977064220184
KSPDWGPLS,2705.0366972477063
KFDFRKFNDA,2639.1330275229357
RDGPEKVSWLS,2706.3990825688074
PHPHQNLEHA,1800.0825688073394
SVPKFNKHVS,1791.7706422018348
RQHLSEDSHDV,1605.8532110091744
RFFGRSG,4684.683486238532
NDQRPANVFPN,2164.623853211009
APAFNREPDV,1538.2247706422017
NLYSDSYHDL,8002.247706422018
HGNKLFSPKH,2941.1146788990827
VWGSYKDVSG,2863.151376146789
PKKSSPNKS,693.0733944954128
DGEPQNDFRYWL,11317.52752293578
RVYQNRYVL,12066.243119266055
YWKNDAGWDSNH,4290.701834862385
DRHHQHAG,1706.5275229357799
ADQQNSG,928.2660550458716
VVWHDHALG,5884.165137614679
NNRKKVG,903.5045871559633
GHGQFYNSGDVG,3415.229357798165
FWWPRWDVSG,14347.385321100917
LQWNPNDEPHG,2917.0688073394494
ELFDNKGFYKVS,5826.394495412844
AGPVQAQEPK,723.0871559633027
QQQRRWG,3992.087155963303
SLWSGASG,3301.6422018348626
AGFEVQHVGYSG,7061.5091743119265
FQHQYGNDLS,4092.5
LSHPVSYWHAL,15725.79357798165
REDAPAQYHLHD,2743.077981651376
QFVDYNVQYDA,7558.733944954129
PWVSGEWWKDES,5810.178899082569
PFPARGPWG,8064.0
RWYKDRNFYAS,8702.95871559633
VFNENSWNHVL,7720.5
AHLYEAG,3270.4633027522937
YGYKEVARYLG,6158.655963302752
GYKKYKSG,1161.1743119266055
QKARGQDFPDLG,1597.848623853211
WLRPGPDWKHS,4747.045871559633
FANNHAPYKG,3202.0733944954127
SRVGDYWKVAL,7028.504587155963
KFSVHVALS,8884.857798165138
VWSWKEDG,2852.2798165137615
RGPYYWHLAL,19823.17889908257
HPQPVRASG,1733.8073394495414
SRHVYQYNVAL,12839.055045871559
YLFGHARYWKHV,8887.30733944954
WHPYHAQYDGVS,8119.201834862385
WEPVKDAELG,1800.7522935779816
ALSAQNVYNAS,2560.1559633027523
QNDWGQYSRYH,10745.298165137614
ARSNWDAL,4279.857798165138
PDEEARPNDV,1133.0045871559632
KRWKHQGYHLS,3635.440366972477
PRKKKAG,563.2752293577981
YPPGRDALS,2245.2247706422017
SDKRHAL,1444.8577981651376
WLHNLEYG,11125.133027522936
NKNDPVFWNKAS,1881.1880733944954
VYQRDKLSG,2203.9908256880735
DQRADGQWAL,3962.362385321101
AYLYSYHSG,8542.371559633028
FPGQYENDKHV,2994.5550458715597
QFKGHQEYREYD,4085.2844036697247
EVLKSQHGQPKA,1111.0366972477063
RWHWLNKGFDV,11038.591743119267
HKDKPHSG,915.3623853211009
VYVDYVLG,15266.252293577982
AKSWDHAG,1944.4174311926606
DLDDYKAG,1261.380733944954
GYEGNDLSG,1955.5183486238532
EWNWDVEDLFRS,9900.142201834862
DDSQSKDVA,779.9311926605504
PGSHPWG,4848.408256880734
YEYGGFDVL,10371.288990825688
QGFSRFPDSG,4577.3302752293575
NVDAWDFYA,12885.816513761469
YFFPYWREYG,8375.605504587156
FWHPEPYVYHD,14821.788990825688
PGKWWVG,6727.068807339449
NDAPLKVGRND,1493.8073394495414
KVEWALHGKAS,2827.6100917431195
WQRGEQRNKHG,2146.064220183486
HGHKHSHDVL,1892.6467889908256
HPPFKVSG,2023.1743119266055
YAGSQPENLG,1687.605504587156
VKDGEAEAS,701.1467889908257
WNLDFVGKHS,5964.334862385321
QLWWREDG,8076.885321100917
WGVLEEPVG,3554.0
EHERKHVQFLG,3906.7477064220184
YFLRQVLG,7958.793577981652
DQERLSFREKVA,2048.123853211009
DEHKVNASG,891.6009174311927
FFHDGVEVL,8912.454128440368
ADYNVRLSG,3666.1651376146788
QYGFDSYSFVA,22075.889908256882
GFKVPQDLG,2095.7844036697247
EGYKGAQPWSG,2703.059633027523
RRDAEHDAQA,1221.2201834862385
AQDELYHG,1973.788990825688
QVNNPWDLSG,3984.435779816514
KVQWEVGQREWA,4037.9174311926604
SGNYGEDL,2086.8853211009173
APFVYHG,6051.981651376147
EFSNEYVG,2988.6605504587155
KSLHHVSG,1624.1880733944954
NQFQFEKNVLG,3773.6100917431195
PYPHSQHEWHL,6779.6100917431195
YRNFNQYKG,3940.0825688073396
YPWEDNALS,4885.784403669725
PDFPYYDRPDVA,5309.9908256880735
NYNVHSPYKDV,3491.3394495412845
NVRANKLKSG,1156.7201834862385
VYHPKKHLG,2038.3119266055046
QFFEKHKAQKS,1421.1605504587155
ALFDERNHG,2941.9449541284403
LGEGQLQHG,2664.9587155963304
YDLYDFPWVYA,21516.715596330276
DQKKPYNKHAG,1202.7798165137615
WPFFDLSG,19578.935779816515
LFEVVQFREKA,21898.88532110092
QVYLLEPYWVS,39537.02752293578
DWHKWNG,3770.743119266055
YHDAQHLFRGL,9124.954128440368
QHRLVPYWNAL,14490.711009174312
EHFYPHVGWDA,10394.100917431193
GPGVSPG,1403.1605504587155
AYKAHEVAS,1163.4311926605506
HLDRGKLS,1961.633027522936
KSALFRYEKL,4152.247706422018
FPNDHDLAQPWN,5474.701834862385
KVDNQRNKDA,895.559633027523
RNWEAFPYHL,18634.880733944956
VVEWKPYG,4302.885321100917
NYQQASG,1478.5091743119267
FSRGLSPNDSG,2145.619266055046
SKAHRWSG,2835.816513761468
VLDGEQVLG,2094.3119266055046
VHNRKSG,1096.4954128440368
HPWPWSEYHG,11069.93119266055
QALLAQEYKDA,1800.119266055046
AGHLKAQRDASG,1355.4449541284403
KPGHNKSG,921.316513761468
RHHHHDG,2181.1009174311926
NFEFQFYWNHD,13390.977064220184
WERKYWLSG,8060.587155963302
RWREYVYFWAL,29804.123853211007
YFAWQLSG,8381.256880733945
PVQSRDKHAS,1171.0412844036698
SKNVSDVAL,1333.9724770642201
AGSGPSREPYWV,7049.5091743119265
EGDHKVSG,845.3394495412844
AGLYGRKVAS,3010.6009174311926
LPLHAVLG,4106.623853211009
YQERYSPNVSG,4020.0045871559632
ASQWGYGNSG,4219.04128440367
KRPARFHSG,1938.954128440367
DWWAWSG,14799.183486238531
GRRHFRVG,4176.564220183486
HKAPAPDG,978.0137614678899
EPNVRKYNKHRG,1276.5642201834862
LNLSSFHS,6235.518348623853
QLQPEVASFY,4687.0504587155965
LEHGSFNG,3939.3669724770643
VVQRGNG,2039.0825688073394
EGKGQKWSG,1316.348623853211
PHKGAFEWKVL,4192.316513761468
KLDDENLSG,1019.5733944954128
VAVFSYKLSG,21807.169724770643
HAVHLSKDVL,3378.532110091743
QKLWKGWGWHDG,7670.4495412844035
GRYESGKHDA,1777.8623853211009
GQWFEVQFHVS,41315.279816513765
VFRWYKARDSG,5085.4908256880735
EPQHWVAQYWLS,19040.756880733945
KDKKGREYNVA,980.0183486238532
YYYLKHALSG,4053.683486238532
HFYFWLYNKLSG,7990.032110091744
EARGKVQRNAS,1164.1559633027523
SRVEEWASG,2021.4724770642201
FDWAKQEHAL,2691.2752293577983
RLSYYWKVPKHS,4822.211009174312
LSYYVSHASG,6672.100917431193
PNDPNHYQYWV,10896.215596330276
YPESKLS,1263.6743119266055
QSAPQFLSG,3224.256880733945
YHRRWNLGFHV,14204.720183486239
AFYPSWHSG,8897.981651376147
RFHFAEYDA,8148.018348623853
GSEKQEPYS,961.9954128440367
FFEPHPVSRHA,4857.4908256880735
WEDYQYKHA,4210.036697247707
YLWEDVYWNDA,11927.256880733945
RYQRHFNHAPD,4608.477064220184
RVNNFRHVAS,3887.9862385321103
DEHWWLSG,9274.720183486239
WFPDWHQWL,26708.495412844037
DWPQRDA,2866.5137614678897
PVPKPKYWDAS,2158.321100917431
NRFPSYS,5933.577981651376
DQGQHVKHDSG,1129.5366972477063
NGHNVARG,1939.5504587155963
GYDARHVGYHDV,6216.834862385321
FQLQVGFEVS,32793.4128440367
SQYFGQRWNG,7547.087155963302
LYKGQGRYHVA,4406.802752293578
HGEYQFPHALSR,9215.06880733945
FQKAVSRPWK,3394.197247706422
PAKRFEHG,1509.5275229357799
KDKKASNKVLS,737.6651376146789
PWVWQRYRYWD,25569.697247706423
PDQNSQPNYWH,5543.642201834862
AVQNKHADVLG,1318.0091743119267
NFPYVPASNKG,2330.0825688073396
HELRHKDVLG,2336.229357798165
WEFFWSG,10612.311926605504
DLAAKDG,1180.3256880733945
RDLPEWKFYNK,4040.1422018348626
FKYKLLFEYKA,12545.40366972477
AFPGLDALS,2849.922018348624
RPLVNHLRPHS,5000.344036697248
QYFQNDAFVS,7214.146788990825
HAYSHLEYWHS,11859.29357798165
EEENAPDVG,953.5137614678899
EGSHAEVALG,1196.4495412844037
ERANQRNALSG,1556.1009174311926
ASPDESGPNKHV,895.6192660550458
HVQPEQNKDAG,808.4357798165138
DAPNSGYWRA,4989.128440366972
PVYPNGEPYKG,2893.412844036697
KAEWPHVGQKAL,2759.5688073394494
QWVNSNDVQWHD,7036.123853211009
HVQKFYNAFPN,7108.623853211009
WDAYHQHDWVG,9616.614678899083
HWDLPPNLSG,5156.665137614679
VGDGRYKSYNHD,3263.146788990826
LEDYAYVAS,5329.931192660551
FDKLEYFKV,5757.98623853211
NYWGVGEYK,4221.853211009175
DSWVDAREKV,2009.3165137614678
YFVDDVLS,8076.243119266055
FKQGWHDQKHL,3313.0137614678897
SHEGRLG,1836.4128440366972
RKVFNKGRKSKH,881.4495412844037
DHEWPALG,3122.821100917431
YDVQKAPLEND,1276.3990825688074
RSPNKRKYAL,1335.0412844036698
NKRPDEAPYWAG,2450.123853211009
PFGPKYSG,4241.09633027523
RFLASRLS,7584.532110091744
QDGLEPYVENA,2745.52752293578
EKYDSFWLFWA,18268.477064220184
DRAGPSRSG,1610.711009174312
LRVVSNDALG,3710.0688073394494
YPDWQEPYWNS,9219.830275229358
LHPWGPSG,5886.4908256880735
QKENRWQEHL,2742.059633027523
NVHGSWNKHD,2434.151376146789
PPKVSAQDG,940.0412844036697
YQQFSEWG,7020.068807339449
ERYAAWKDVAG,2426.2752293577983
WHGQEFNGNVA,3905.8669724770643
KNFPDQESG,1105.302752293578
SELFPVEWNS,7148.922018348624
RKVKKVAPWNA,1168.9770642201836
RLPQSGQNKAL,1883.7477064220184
QYYEQFYWNK,7493.912844036698
PLHNYVG,4458.853211009175
AVKSDLG,909.6697247706422
GKNKKVASG,611.9587155963303
APFALNG,2577.0504587155965
EPPFAQNHDVA,1436.5504587155963
ELDDDSG,1087.8119266055046
NNAFSDLS,2828.6146788990827
DNFSVAG,1952.967889908257
NGKWRYNKDAS,1915.5
SKLHNAG,1392.6788990825687
RGLQFFNKHV,6778.426605504587
PAVREFRWA,7513.568807339449
RPYRLFDVFYN,21722.344036697246
KYQEEPG,1072.9036697247707
FWAGGFDVQDV,6405.871559633028
DLKYEWALSG,3713.798165137615
GENADVNKAL,1144.6146788990825
SLEYSLG,4309.848623853211
AVFRSVLG,7093.738532110092
FPQLYWNWHVL,26892.784403669724
KKNSVLSG,1024.7614678899083
PWKGWLAPYNA,10794.463302752294
HYQWLDASG,5855.816513761468
KWHSWPNVA,4870.839449541284
WYAFKSHVLSG,8069.417431192661
ASDPEWLG,2007.6880733944954
WKWRLSHDLS,7522.678899082569
VRGFDSKS,1811.7201834862385
FWLQDAFYDGDV,12936.770642201835
DHFHAVAG,3022.6330275229357
FNNPLFWHD,17756.34862385321
FWSVDSGQYA,6873.899082568807
QNDEQPKYWD,3925.178899082569
GYDASPHRWV,8591.720183486239
HFNFPVHALG,9877.752293577982
AQQLYNG,2429.701834862385
YQWGFPYGRPWD,25143.330275229357
PDDHNDVAL,1804.3761467889908
PNGLEKNHS,1015.1100917431193
DAQAARYDAG,1585.2477064220184
YDLNPNKHPYN,3968.678899082569
PAAYFYHVLSG,15716.912844036697
AKDSGQQRHSG,1296.8302752293578
LVYVWVSG,31111.201834862386
HFGKKDLSG,1606.2752293577983
EEYERVALG,2315.178899082569
PNHWPEWDVG,6588.068807339449
NDGKNLGQEKDS,825.0366972477065
WVKWQEAG,3445.7247706422017
WEWQQFYG,15612.532110091743
QRFPKEWFYNVA,9021.91743119266
FRWPEKALHA,3576.119266055046
EDLDFNDQWHS,3564.238532110092
WHLKFRNLQFHG,11263.91743119266
VVLFKKHSG,6968.4495412844035
EKKHNKQPYWS,2311.6605504587155
GNEVHVLSG,2170.4587155963304
AQSWGQHG,2766.954128440367
PEFNAQENHL,2947.467889908257
NGKEDLPKHAS,790.802752293578
VVGWGAG,3976.564220183486
KNPDSWVALG,3035.4770642201834
YANFYVNKHAL,7999.811926605505
HWAPLQWNKS,5482.963302752293
WHHPGEHVL,5184.788990825688
HQWQLSFYNDL,24331.811926605504
WLHGLYWDVL,22458.844036697246
SYKVREQREPG,1537.3302752293578
QSEARWDYWG,11317.724770642202
YGKVQNLYNVA,4132.435779816514
RVKDKLWNHS,1779.6467889908256
VDEYSVAS,1741.151376146789
FVNDDVYNDLG,4284.637614678899
PSQWLKHRNKHV,2998.766055045872
PHQNWNKDWLS,5355.917431192661
VWDSFFEYALS,22927.903669724772
SEHVQDPKDS,1059.4724770642201
KRKYRPKSG,760.5917431192661
FYLYQESRPVAG,4970.032110091744
YEKVRLGRKS,1820.711009174312
NLPYWPDAPWLG,21527.0
SRNEPRPNA,1722.1009174311926
NESPSNHLSG,2039.366972477064
QRGRWDQASRYD,7234.747706422018
QGSKWKLSG,1687.9770642201836
KVKGLQPKG,842.9908256880734
NLDGGFYWKAL,13748.752293577982
RQLYPHLG,6336.912844036698
EPFHVGVPHDG,3350.0
DFWGARYWVA,18564.064220183485
NWNHELSPKAS,2003.4724770642201
AYKVSAPNHDLS,2340.087155963303
FRVVYKVQRVLG,20847.98623853211
VPEDFYNDAL,2745.6880733944954
KDSWKFLREDS,2009.848623853211
AHESQRKDVAS,850.9908256880734
WFVKHFKASG,5658.59633027523
DAASKLFKVASG,2155.4174311926604
VQKRNLFPYWNA,8809.151376146789
NEGLWLG,8938.587155963303
RNYHLRWGRES,5133.518348623853
RSQYWEAFDVA,8552.188073394496
QPVDWHSGYDS,5898.188073394495
GVRLSKALS,3271.5504587155965
QEKWQEYSEPKH,1554.7522935779816
QHLWYQEDLS,7351.091743119266
YARKRPEWNVG,3478.9587155963304
ELDVVYWKL,16831.42660550459
KFSFAYHSG,6617.697247706422
VHGPSHG,2276.229357798165
WLWGQNNVG,6336.266055045871
DGHKKAG,820.940366972477
GKAVGRWKHDLS,2100.454128440367
VYPEHSG,2042.1834862385322
PSQAQKHLGKV,1387.045871559633
QLHNRALG,3482.9174311926604
LSFKSRNSPNAS,2297.0550458715597
DFNKQHDRDLG,1644.9495412844037
KLFEDRFEPV,4320.206422018348
PKQDWRENKL,1493.8761467889908
NYNDAVKLS,1994.0091743119267
AVPWVDG,5278.54128440367
RYLSHGDLNDL,5011.807339449541
PKVNAGFPLRYS,9755.665137614678
KSNQDGWHDVLS,2860.9174311926604
GLYLWSG,15328.11009174312
DLPHHSGEHAS,1488.348623853211
LWALWRKVG,9494.532110091743
FKVVQWDAQFED,7073.238532110092
LRHNPNKDVA,1618.7247706422017
QQVFLPHVG,6925.912844036698
YDNLNALGQKDA,1611.0183486238532
SDLEYNEG,1723.3853211009175
RRKPVSNSG,851.848623853211
RGGQSPLSG,1626.4220183486239
KNARRKVAG,699.545871559633
VVGVGVSG,2271.3440366972477
KYRHVWLG,8095.325688073394
LDLVGYLG,8784.426605504586
YVWSVEHAS,6501.142201834862
GDDAASG,924.816513761468
GKHLKRLG,1209.8623853211009
KGPGKGPVALG,1094.9449541284403
WSWNQDQPYKD,5483.798165137615
WDQVAQYAGPV,6537.678899082569
KSYQSQKHALS,1552.5229357798164
WQKALHFSG,7293.844036697248
QSSESEAG,904.9174311926605
QPAFLGFEYDVF,36358.81192660551
LNGHKLG,2277.4816513761466
FYNRAQHREHD,2877.1651376146788
VYLKRLSG,5672.344036697248
WAPQVREPKS,1831.0229357798164
DFYWVYVLQHL,36874.40366972477
DNEKLFRLS,3222.4311926605506
HQRNWVFPHDVA,8048.091743119266
QKEAHFYHAL,5118.802752293578
NKNAHFNHVLG,3359.0688073394494
PFPFPYRHDVA,10063.98623853211
RADLWYWKDS,6003.477064220184
VEDKREDVAS,827.7935779816514
WARAQVQPALS,4434.100917431193
DGLWDQVALSG,4916.261467889908
ERRLSEALSG,1422.6238532110092
YGRDHDLNDVLG,3793.077981651376
AFYVGYQFRG,24187.697247706423
YLPHAKAQNKLG,1895.5045871559632
VVQPVPAS,1597.4587155963302
VQHVHLQPNDA,2109.045871559633
YEHPQFWNKD,5154.729357798165
GYLVEKLSG,4586.788990825688
PGRLFREDQPNL,3711.408256880734
HPGYKYVSG,3182.4633027522937
SQNPENKHDL,1205.545871559633
QRVLGSEHRPVA,2217.6605504587155
ENGVRAWALG,4850.422018348624
ERKVLYAFPYA,18516.197247706423
PEHESNVSG,1182.1743119266055
PEADSPALG,1458.045871559633
HAPDDRPYVSG,2487.821100917431
WDHHHDVALG,4838.527522935779
HAFWFWVQYHV,30813.1376146789
HYSWLRSG,7053.247706422018
PDKERKDSG,649.4587155963303
SQQGWHDAG,2576.1146788990827
VGAFYWDSREWH,15966.733944954129
FDNKQRRYWHAS,4658.073394495413
RYLVAQKDRWNS,5329.348623853211
HQRWDSVFYHV,21937.05504587156
KRHAYNDVAGPV,2081.6880733944954
GKGNYKHAG,1198.105504587156
FFQGHDVALSG,5086.256880733945
KELQHFDSG,2093.683486238532
WAHVEKSNALSG,2209.298165137615
ELRRQPHDAL,2977.151376146789
AWSFQASG,5076.834862385321
VANLVFRENKH,4211.105504587156
NHQRQEYVNHL,4568.0504587155965
YWKSDVEVLRE,3261.422018348624
WWKLLNVS,10961.642201834862
FDPRVGQFYALG,18017.628440366974
LVAVAHLSG,7357.293577981652
AHSFFPALG,9123.022935779816
FLEAFWDLPYHV,22524.490825688074
HVLKFKHSVLG,5784.678899082569
RDFLQKPWVAG,5285.128440366972
VKVYENDASG,1489.7064220183486
KVQDFRPSHV,2113.211009174312
EPLGKGFASFH,5707.619266055046
PKEQYAEVS,1299.848623853211
KHEKEWLYND,2741.9449541284403
YRLANHVLS,6259.422018348624
AVSRLYALG,9817.674311926605
SQEPRKVGWVS,3138.559633027523
HQFREFLEYKH,10903.522935779816
NHGWPYNFKS,8890.940366972478
SWVLESRYND,11325.715596330276
ESNFAFYG,11513.853211009175
DKHPNREYNG,1623.1376146788991
WKKAQYKGWDLS,3783.302752293578
EEYVWNGFRDS,7586.582568807339
NDDSKRHDL,1246.5504587155963
FDSKVFEFNKS,3585.3440366972477
NSGSALEYWAS,5069.082568807339
QHYWYWLSEKLG,10878.908256880733
WKWLSRLQWKHV,8942.41743119266
GWYHGKG,3814.3256880733943
LGWGNHNHDA,3777.7201834862385
FRWDVRYKDRPK,3172.1330275229357
ERWKPDRVAG,1784.105504587156
RDDDRDALSG,1706.8715596330276
GDPYAPVSG,1822.9495412844037
RRDNRNDG,1362.151376146789
WVPRWSFNKV,12696.779816513761
AKSNVDSG,833.3256880733945
KWSQHLYS,6192.197247706422
WLPYGNHEWAS,9208.105504587156
WSVANLPNDVLG,5824.866972477064
KQDSFSGQAS,1295.866972477064
WVYDVGYDGRWN,17407.3623853211
VPSRDGKG,994.2018348623853
QYADSFQRWAG,7837.045871559633
SEQQFVSG,2362.729357798165
PVGKDRDRHDA,1231.6788990825687
EQNVHRNHDLS,1888.5229357798164
EWVKAHDQEWK,2252.1926605504586
GHVENQVG,1490.0275229357799
ADPDVQG,1128.4174311926606
YWDWKQEARPWH,9124.188073394496
PQRLWKSVG,4004.967889908257
WHPWSVGYHV,20562.536697247706
KRNGHGREPVS,1240.1926605504586
KDKKRPYNKL,796.8807339449542
DHGNVYLSG,4448.123853211009
NRDDNVLG,1789.605504587156
PNEQKGPVALG,1601.5871559633028
DNPAGVAG,1255.0642201834862
FGVYLVALG,29811.174311926607
AKSFWVRLSG,12538.743119266055
RVLFRAPGRL,10817.105504587156
NQQRQRSG,1570.7706422018348
APYAGWALFHD,15657.009174311926
AFKKPKSG,935.4220183486239
NFVPQRVSG,3355.0504587155965
NFDWDFRYN,12523.88990825688
PPHPGYSG,2336.6146788990827
AGLRVSNHDV,2834.2798165137615
WDNLSNQDLS,3771.087155963303
HEHSGLGRVS,2973.3348623853212
HQVLSYREHDV,4869.811926605505
PFYSGRQYLS,12667.022935779816
FEHVAWLKAGYH,12518.646788990825
WDNQRAFWS,14578.830275229358
NWVWAPALG,13670.688073394496
QWSYQWHVEYDA,14192.70642201835
GFFELRLS,37020.11467889908
LEYGQPKNDS,1776.1788990825687
FPWKPSRPAQR,3525.151376146789
KSWNKNSFEDLS,1861.98623853211
YVHNSDSG,1875.133027522936
EPARSGFVQWK,4079.2844036697247
WPLQLRSG,8988.045871559632
YNDPPYHGQHV,4121.559633027523
WDVHKAQRPWS,7954.422018348624
RALSFGHSFWH,17690.22018348624
GKEPQFENDS,1138.5183486238532
YEHVVQWNKG,3920.1422018348626
DNWVKVAL,7344.623853211009
KLFAQRPDAKHD,1883.6146788990825
VPYFRYGWH,18381.44495412844
FNLPAFARLSG,11143.839449541285
EQLRSFWG,7680.495412844037
NFEKLRAGKA,1884.0275229357799
PSVEVPKHVLG,1699.98623853211
VNANLLSG,2355.4633027522937
LNHYAWNKDA,3174.8577981651374
YDHWAGYWNH,11127.47247706422
YNNWHDQEYD,5964.733944954129
NAKDLRDEYK,1251.7568807339449
QFHPSGYAYWA,14631.087155963303
HFQFDFRDVAS,9743.174311926605
WYFNGVSG,5169.825688073394
ANFAQALS,2750.5733944954127
YKSEASWVWA,10026.839449541285
LESEVFKHVL,4958.05504587156
YENVNGEWKH,3171.7844036697247
YWWFKHAFWKL,12204.747706422018
RFSWFRWLS,14960.633027522936
YRSAPAG,2584.266055045872
AKQLASG,914.3669724770642
ASKFNDRPKG,1041.2201834862385
KYWHWQFKHSG,5871.307339449541
EKNGDVPKHVS,894.6926605504588
PSYQLSREWNL,8970.729357798165
YEDRWYWALG,13482.683486238531
DRVQGASG,1169.633027522936
GFRLDQRYWNAG,9176.201834862386
HAGVLFFNKDS,12784.59633027523
KDGAPGWDLG,2922.8899082568805
GKSFHVHDLSG,2805.564220183486
KYALHWHVG,5977.45871559633
RNRALSNRDLS,2249.077981651376
EEKHVQPQNAG,1030.591743119266
DHHQFDVSG,2418.6100917431195
RFKEWLSYLSG,7739.183486238532
WGYGHLFPDVLS,15950.715596330276
AERVNKHALG,1643.9311926605506
LKWQYVLSG,8326.045871559632
SYWVESGNDAG,2790.2201834862385
VGLHAQESG,1308.4174311926606
VWDGLHDL,8632.440366972478
FVQYKDYDWA,7475.371559633028
NPLNSPLS,1655.8256880733945
DVKVKLEYNH,4115.229357798165
RLNGEWYVAG,8533.88990825688
YAVHENLSG,2407.3990825688074
DSVLRSGEKD,943.4174311926605
QGHSYVEYDG,5610.151376146789
YGDAWRHVLSG,7790.98623853211
KDFEARSFAS,3269.0137614678897
HHGDFPAG,2126.9036697247707
PWGDVARGREWH,7935.192660550459
KAQEKLRPHVRH,2273.8577981651374
KQWGDEPNHAL,2436.7798165137615
GNGKWDSG,1637.6100917431193
KHKPWDEPKHD,1341.8623853211009
GVRLPSG,2401.211009174312
YVKWVAEWV,12363.279816513761
YHRPYHRWSYN,11073.09633027523
FKPKDNRPALG,1603.5688073394494
HGDNASDLG,1362.3761467889908
QQARKGVSG,1099.6009174311926
ANVRNDKALS,1324.7706422018348
VVSFAFRG,23164.183486238533
YENWDGFEPLS,9364.022935779816
PAHFDLSFYKSG,9397.738532110092
ELPYVDLGQWNS,5054.188073394495
PYSPSNKHLQRD,2634.711009174312
GEAHHLG,2384.967889908257
KQVPADSG,866.6559633027523
AGLHGQSG,1599.0045871559632
PYVLFGSWDVA,34408.28899082569
DWNYAEDVALG,4480.376146788991
WFGNARALSG,7229.004587155963
PFPEPLQLSG,2699.3853211009173
ANGWGKVASG,2071.064220183486
ARNYEWNHD,4063.0229357798166
GDQKQKLSG,864.6376146788991
YPQLNLSG,2618.422018348624
NVHESRPASG,1610.9036697247707
YHNNVEYWHDV,8833.944954128441
KHEVNLEPWNV,3603.123853211009
DEELHDSG,1134.0688073394494
KVQQREKQWKV,1031.4724770642201
ENYVFRNDASKH,2617.697247706422
LQRGLPNHSG,2463.1100917431195
HPKEQPYLG,1784.8211009174313
ENKNFWVLSGWA,11882.169724770642
QDWKSEVGDSG,1128.366972477064
FDGGPKSWKVA,2800.733944954128
WNRHEYLGYHVA,12401.591743119267
LFSLGRVS,6004.825688073394
PGDQNDNVL,1502.151376146789
SNVYWDHALSG,8383.660550458715
LPHHEHLSG,2245.412844036697
VLVLVPNVG,24656.55504587156
QYFPASYKEPKA,1828.0
DSWDAGRNRHV,3878.894495412844
GGWKQFRWNSG,5880.665137614679
SFYWDPGFNKDS,6015.600917431193
RRPPNSQFWA,7556.032110091744
EKRELEKPYHV,1626.4128440366972
KAVPSQNKLSG,1056.059633027523
NWVYFKVL,30863.050458715596
SWKLYEWNSG,6991.899082568807
FSSQRRNKHALG,2665.2155963302753
PWHYWFEKAPVL,17131.65137614679
SEPHGSRYG,3135.697247706422
WYKSYLGPNG,5319.518348623853
QKSADVEDLG,715.183486238532
QELGRHQNAPH,2104.706422018349
YDRNAFQPYN,6695.151376146789
LPKHQKHLEWHD,3074.408256880734
YVNKKAFEYNHG,3175.6422018348626
WHVLAFKDVVA,18015.22018348624
QPPESRPYNL,2893.876146788991
DVHRREWNHL,4856.660550458716
DWAVYWDALG,16469.146788990827
WSQNQRPFKSG,5035.926605504587
YSWYRYVLG,11554.399082568807
PWLRHAEWDPWD,20183.270642201835
WKGLYHSENKV,2734.8119266055046
GRYVAHEKHDVA,1899.0504587155963
WGEAPNAQNHVA,3225.0504587155965
DHKAYSG,1206.5
EGSGLQELSG,1251.2293577981652
PHPYWAWLRPY,26566.788990825688
YDKHFFYKASG,5176.165137614679
FVYQPLQFRD,15451.816513761469
DAEPSEHAEYHD,1571.1467889908256
HKRQFRWSG,3968.5504587155965
NPYNQKFPYKL,5623.871559633028
FPHGWGRPQFYW,32237.940366972478
VHEYWVYSG,15604.848623853211
RGFPGEDLRKHL,2657.0550458715597
WHQQSPWHDALS,7110.926605504587
DQSALEALS,1413.9495412844037
RFDRPPWNDV,6326.40366972477
VFDYQKLSG,2943.6743119266057
NDYPQYDSG,2566.394495412844
KWPADLSG,2290.6100917431195
QFHDVNGFKLYW,20309.123853211007
PANVLQAFED,2936.52752293578
YQKESQNG,1115.5963302752293
FVVLYVRKHDV,26529.711009174312
PGYYPALG,7959.279816513761
EASHEALRKH,1255.2660550458716
ARENFKGRHAS,1667.6422018348624
HPENRDS,974.7889908256881
NQDYVSPKALS,2105.243119266055
WRDYKDEYNA,3797.9816513761466
EKPNHYAYKSG,1633.4495412844037
ANQPQDG,1231.48623853211
GRKWPWG,6999.366972477064
VLFYPYLSDVG,15615.29357798165
KRDLWFRPYDS,7129.137614678899
KGAFYAGHDL,4810.614678899083
AREDKVEDLS,840.3211009174312
GQKRKSRPKLS,730.1788990825688
REKLQYQNVKLG,2000.0779816513761
QKLLYHSYG,6464.48623853211
EVWKYNGFAL,11523.087155963303
FFGRHRNASG,3588.1422018348626
LGNSLSKS,1845.6743119266055
QAGHFPDQEVS,1756.1009174311926
FHYNLFPWNRNV,12851.151376146789
PDHFGEWNKS,2391.2201834862385
GHANGWLSG,4384.692660550459
DNPDVLLS,2603.880733944954
FVESRANDVS,2418.1651376146788
DRGVVASG,1889.2064220183486
YAERFENSG,3307.0733944954127
YFQWVAKSG,4643.51376146789
DYFLKALS,6166.256880733945
KWPDKDVLSG,1667.8211009174313
APFEKHQSG,1129.1880733944954
FYNDHVNHQPNV,3506.123853211009
LFVNDEKHDVA,2027.0045871559632
VSDLAFRENHA,2317.3669724770643
RVRHQKEPWAS,2335.233944954128
PYERKAQREPV,1625.8073394495414
DRQWPYSG,5513.577981651376
QQRSFKPLG,2332.9587155963304
VHPVHAL,4300.256880733945
PFQWSYSG,13329.243119266055
GDAHWSG,3352.8715596330276
RHLSLQKYKSG,2205.467889908257
YNGAEHVWKH,3319.8899082568805
EARQVGYKHLS,2586.0963302752293
YNHVSLENYWN,9887.270642201835
QEDAHDWNGEVA,1684.573394495413
HSGAVRYWNV,8487.54128440367
LSADGFAG,3307.2477064220184
AYNALASPDVA,2034.2844036697247
NSFKAHFRNHG,3613.830275229358
SGYPAGFPYDSG,7171.408256880734
WEYQRVHVASG,7207.114678899083
QAESKEPWKAS,1220.3073394495414
FGVSPHWKHS,4197.784403669725
RWLKVASDFDA,7113.224770642202
NNGFELFEPAL,8293.399082568807
PDVQYENSGNDL,2160.348623853211
EARKKADSG,697.3394495412844
YWQHQFKHDYWD,13192.5
VPLHYNDVL,4373.527522935779
PWHKNDVGPND,2100.5825688073396
SFGREQDG,1753.6376146788991
YRYYWFPSG,11549.20642201835
NNFFVAG,8503.784403669724
ERRRDLSG,1492.0825688073394
GSEHFPHVS,2667.3256880733943
FYGSNDENKDA,1331.5688073394494
FWYEQFVASG,12565.30733944954
KYFRLAG,5277.477064220184
WWLHNDAL,14810.47247706422
QRDVYASNGPV,3478.802752293578
ELLVWVSG,36245.2752293578
NDVVDLSFAG,5678.784403669725
DRDLLSKHG,1541.6422018348624
FKDFFWDLRHS,8462.032110091743
RNWPENDG,2751.559633027523
RADNDRKHDL,1422.3119266055046
WKKWVRNKHS,1825.4633027522937
VNSELHAG,1346.866972477064
QANWDSYLS,6247.926605504587
KLVWPNAG,3773.545871559633
EGGWQWDLSG,4834.376146788991
GHNSQSG,1075.9220183486239
QHAYKHQNGQK,1335.3165137614678
GPRWKARG,2011.6284403669724
DWNPNGWAL,9336.587155963303
AYSEYRSG,3782.293577981651
EPNYSYVHVSG,5314.775229357798
SKPHPHASG,1525.2522935779816
DVGWNQEALNHS,2830.5229357798166
FYQWSEVLFPYW,28567.532110091743
PDLPGQYRKVS,2520.8853211009173
SNVAFWKYHV,11920.220183486239
ELPEASGRWG,2381.669724770642
VFWLSGNDAEKH,2939.545871559633
LRQNENDAS,1409.1697247706422
QSDGRHYHVA,3238.798165137615
NAAHQWALG,4355.119266055046
AQEFEYDEYDAS,3390.967889908257
KGKPHLREPA,1068.151376146789
PFVFPKDWVA,11919.105504587156
VVQDNHVAS,1490.454128440367
LKVNKQVG,1394.2018348623853
NGSHWVG,4071.8119266055046
LRHWKPKA,1960.3440366972477
EGYQAYDALSG,2600.9266055045873
NLDVYHREPNVG,3431.261467889908
LQEWNSRLYHL,15746.79357798165
RPLEEWGFVLS,30902.532110091743
KHEGSEPHVS,1346.7477064220184
EQDDQEDG,803.7018348623853
DWFHEWLSG,11535.967889908257
PKYSPFPWNAS,5945.426605504587
YYEAPHVA,3899.5504587155965
DRWWWLG,21193.394495412846
ELKKEKVAL,897.5412844036697
KDNWWKLG,4102.325688073394
WWASWYWKD,15241.830275229358
VEQYAKDAL,2819.816513761468
YVSGWLFDFRWH,23761.371559633026
AYVGQDAEKDVL,1540.0871559633028
ELHQEHQNS,1290.5412844036698
AFQGDLG,2557.5137614678897
KLKPKEYVA,1227.9357798165138
QPNNYLEYS,6935.908256880734
FNFPWFKAEWNK,9650.811926605504
YNWRKVEHDVS,2597.6284403669724
RRYGAEPYNDA,3170.8990825688074
YFAQSRVG,4256.871559633028
SHGEGHALG,1714.6467889908256
LGRLWEPNDV,5410.275229357798
FYYGPWFEAL,15315.720183486239
FQKRAQWNKDS,1790.848623853211
YQDSWVAWND,8267.614678899083
YDRENHWEKDAL,3433.7155963302753
EDYSDGPYKA,1860.4587155963302
LGRFAQFYKHVA,9085.467889908257
QNWLHLFYKH,11783.577981651377
KFREGWFRNVG,6017.54128440367
NKGPHYFYNH,6560.825688073394
WLYEGFPDVL,16149.298165137614
SNFRQLS,4240.027522935779
GPVFKQFAS,3906.6926605504586
RHLYNENDLWK,4861.642201834862
AQGFGEDVG,1699.9036697247707
RFYEFVLG,28578.688073394496
QNKENFDVAFWG,10758.756880733945
HAYNRVKHG,2727.9266055045873
RGVVRWLG,10275.100917431193
VEKLVQEWA,3389.0183486238534
RSHYSGKG,1529.1238532110092
NFEFNSQPYDAG,4983.614678899083
HESHRWALS,5507.238532110092
SRFDAYLS,8036.275229357798
PKKESGWNLG,1388.2568807339449
HDSSSFRPNVAG,1938.211009174312
FYGYRWHSRKAL,6497.082568807339
KSGWSRPHRNKS,1647.165137614679
EQENAQPPNVL,1485.802752293578
DGEYPGPNL,3173.0963302752293
SEGWYWVS,14579.720183486239
FWQAFEAQEHS,3543.270642201835
HGELSWAEYNVA,6468.100917431193
PQVWYNVLSG,10326.481651376147
FVSKAFWREHD,6183.733944954129
HEFHRWLG,9172.422018348623
DQPASFSRNDS,1363.8532110091744
HNRDVWHALG,5681.064220183486
HPVGYLSPALSG,4748.261467889908
FGSWAFVLG,23365.02752293578
EAEARPVWNKHD,1946.908256880734
QYRALGEGFPHA,4901.064220183486
KLSVVASWNL,9656.422018348623
SYHNGASG,2076.0091743119265
VWDYSWKLS,9155.394495412844
GQLEWHQFKS,4705.454128440367
AFKNSRENDLS,1452.0550458715597
ENSLGWHYWKV,8790.270642201835
KLNYLQEKHASG,1776.2798165137615
REAADLGPG,1220.697247706422
WAWLDYWNDALG,17701.05504587156
EKHNRWHQYS,4218.660550458716
HVEGKARYNS,2395.8394495412845
NFRLAREPYSG,7136.9908256880735
NSKRSDASG,955.954128440367
LRKDQWLGQAG,2872.5045871559632
HVKNLDVG,1580.5550458715597
WVADQEWYNDLG,9493.770642201835
LALQLWSG,13643.954128440368
WGLSWAGYKVL,16540.408256880735
DWNRGQHG,2645.729357798165
LSWRLSEWAS,9867.655963302752
ALEQFNVKHDL,5493.05504587156
QPNKLKVYKVDG,2553.545871559633
EKWEGRYNH,2824.0045871559632
LGSKLALS,2417.8348623853212
FVLYRENSQPWN,13451.775229357798
YLPHQNKVPAS,1677.3440366972477
KGVPFALS,4008.908256880734
YWLRAGAPKDV,3382.8394495412845
LSHWYWSG,11421.756880733945
RWGNPLSGYDA,6766.04128440367
HHDVFFRENHS,4829.394495412844
SQGGRVALG,2021.4357798165138
SPNEDFWKLS,2374.0137614678897
SQNLSAYHDVG,2751.1651376146788
GPYEYFRWNVSG,8899.055045871559
RYWHYWAPGPK,7712.472477064221
DYWHVAKSFYVL,26921.344036697246
KRAFQRKLS,1614.4908256880733
VPHHARKLSG,1807.7614678899083
LWWNHQFG,11895.009174311926
YDENGQLSQRH,3410.821100917431
RPERHSFRNHL,5609.431192660551
PLSKPARPDL,2018.6605504587155
HWQQYVALS,11697.087155963303
DSDDEYDG,1302.8394495412845
VQSNEWAG,1883.9128440366972
HQRFRHRLSG,4042.1330275229357
RGRKDWHYVS,4214.339449541284
PDSARKGRHS,1116.380733944954
AFELWDRYLG,15084.38990825688
SWFRPGEHLG,5231.876146788991
QQQYHWLG,7092.59633027523
YSNYKVEPNVG,2079.7247706422017
LRRGNVSG,2302.9587155963304
DEGGKDG,848.1146788990826
FWLRVFKALQEH,9700.40366972477
KALADVLRYKSG,3313.940366972477
QDVQFNSEFPYW,14594.633027522936
HNDNENDALSG,1375.9816513761468
LEVVEASG,2585.0825688073396
PFNNHEAS,1925.0825688073394
HSLNSFVG,4928.614678899083
HNGQKSHALG,1504.9174311926606
QQFHFRPAEWND,6837.724770642202
VLWESGWSG,8927.977064220184
LFKLWVKHDA,6655.646788990825
NAVDYKALS,1868.5871559633028
PLAHWHVLSG,8333.756880733945
YVQVSHVRWKA,8293.160550458715
GEGSESG,928.5642201834862
LRLANVLSG,5234.665137614679
WVKAFKEVSG,3018.7155963302753
PEQVGVAG,1507.0275229357799
PDNYEPDG,2013.4311926605506
PDQRYWQVNHD,6388.467889908256
FNWSNKRYKS,3184.5045871559632
GASKDDAG,749.197247706422
ERKPENDG,803.9587155963303
KGGSKDLS,764.5366972477065
VREGKDAFALG,2679.8440366972477
EYQKSNDSGWKL,2411.0091743119265
VQKSGFLEYDLG,5575.252293577982
FGPAWNQPKDLS,2789.0688073394494
WDHRENRNLG,3874.1926605504586
DFHYGRKSG,2468.5
PPQPKKLS,808.9954128440367
DVFGHQFRKHVL,7907.568807339449
EDFLLREPYWVS,15262.91743119266
FWSHVGELSFY,28437.339449541283
PLQGYASRDAL,4925.279816513761
PYSSKVQPKA,1679.0779816513761
GYVNGRKVL,4049.880733944954
RQLDQNLG,1979.2981651376147
HEAPDSEYKDA,1253.2339449541284
GQWSWKLNG,5390.022935779816
WQEYFKHLRKG,4978.48623853211
WPRWEKSG,3767.298165137615
NPRSKAS,927.8394495412844
DDPWWDVAG,5242.077981651376
DFLAEKDVALG,2279.330275229358
NKHNDSGYAVSG,1646.2201834862385
DGWFGFNG,13466.756880733945
NAAEGRALS,1420.9311926605506
PKFWLFGKHVA,11272.467889908257
SHDPSWLS,4179.0504587155965
VQWHNKVGEWAL,6557.899082568807
YNQHYVSKDL,3625.5
QEVDKVGEWD,1551.133027522936
DPPFRNSG,1575.467889908257
LYGEAALG,2841.848623853211
SKDKFYVLS,5197.440366972477
SDQESEDALS,875.7660550458716
SEQGFVLG,4952.394495412844
YPNNENDV,1651.7155963302753
LEQLGKG,2024.1880733944954
RRSPEYG,2134.02752293578
PYNDGPYRALRE,4774.454128440367
EDSKWKAWDSG,1549.1743119266055
GFAFHDAYKAS,5780.775229357798
FYNVLPSVSRYK,6076.0504587155965
LYHDAYGYNLG,7224.954128440367
SYNAHSFHDSG,3567.9633027522937
PKSSGPNNKHDS,909.2889908256881
YYWQWSWKHVS,10077.532110091743
QLQWREKVQYLS,8456.467889908257
HGSRFPSG,3665.5504587155965
LQVKYKVLS,7417.775229357798
YSFAPDEHVASG,2742.256880733945
FQWKQLRNKHVA,3113.1880733944954
RVPSEHYAS,2058.908256880734
SYQEVLDG,2559.8853211009173
WNNQYKEWNVL,7700.4908256880735
DSQFYQDKHG,2248.7798165137615
HFEPVPQWLS,10648.926605504586
LSWLYSQWKLG,10153.80733944954
KVEEYDQRY,3309.5412844036696
WFYFLQPNHVS,11726.238532110092
GHNKYKHVL,2515.940366972477
VLEFGRYWKAG,6664.935779816514
ERFKLFHS,5277.954128440367
FFYYQFNKHLS,3547.201834862385
NQPHKDYWVLS,4743.05504587156
WGSFWDSENKL,7382.119266055046
QWDLWKGVAEHA,3245.761467889908
WADLAGEPWG,8337.380733944954
SNHQGWHG,3828.9633027522937
GNGPVFAG,3877.2522935779816
VGLWQYKHVAS,6314.114678899083
GWWPKLSG,7287.963302752293
KPFQYSG,2488.591743119266
WDNFAQYVS,11077.183486238531
HAEQHVSRYWAS,8328.954128440368
FVSVNQHDVL,4956.311926605505
WGLQEQNHVA,2907.8899082568805
PAYVNLSHDVL,9093.321100917432
GGRVQRYDVLG,5431.40366972477
REEGARYWKAG,2587.623853211009
YFWVFLHVG,19469.32110091743
LFHFQHAG,5710.926605504587
YQPWYVSPAG,10822.559633027522
ELKPHDLHV,2170.206422018349
FWELQNVSQFEH,9609.37614678899
YQLWLNLSG,16890.261467889908
KHWFWAQFNKHV,8972.490825688074
ASPSNDEYAG,1167.9449541284403
LFNKLYFRDSG,6098.839449541284
PWKYLGPSGPWA,13638.678899082568
RYWSDREPKDFE,2606.1146788990827
RKNRRYNDASG,1123.1743119266055
SHFPVNLSG,4983.706422018348
NERAFHVALS,7196.8302752293575
WVEVHSQEHG,3478.9449541284403
LEQVGFLG,12374.555045871559
REAWWQYNLSG,9718.752293577982
FNDLVGKDPKV,1595.4587155963302
GQYDFVSGFPVG,10211.509174311926
HWRWLVG,17041.133027522937
DNSSNVA,1231.5091743119267
FAWQVRWHVAL,25066.44495412844
VPKQELWNALG,2118.559633027523
DDGNPWLG,4946.9495412844035
SFEQRKQPWNDG,3686.701834862385
LAYVDALSG,5033.293577981652
HVRAHSPNDLS,2185.330275229358
NDVSEDVRKLEP,1078.5825688073394
RQFLNREPYHG,6905.825688073394
FDKHKFPWHDG,3858.3119266055046
PWFYHRNYHDL,16354.238532110092
SRESNQFREWHL,8389.58256880734
VFVAEYFPSG,23502.903669724772
NYLLQPALG,7263.3899082568805
QNYRRYNVASG,3911.302752293578
KLHGSGVG,1501.1605504587155
KKQWFHLS,4116.591743119266
SQNSRNHAQRKD,1196.7385321100917
QVEWQKVREPYK,3070.1926605504586
FYVQYVRKSYNA,10164.871559633028
RPARQPYLLSG,9392.477064220184
ENRHRWVAPS,4071.2201834862385
GKAYYNAG,2911.8073394495414
AYFHYWAG,10909.665137614678
WAVRNLQFEH,11625.967889908257
YSWVFWLYVLS,20047.55504587156
FVSLSGLEPWDL,14887.146788990825
AGNVAQNNASG,1197.6559633027523
PPWYGRYKHA,6815.298165137615
DWSGVLHG,5116.747706422018
LPYESKASG,1535.6743119266055
FPWDEVYNAFW,34882.62385321101
LFLHNKG,3521.8715596330276
DYPHFDVALSG,5676.701834862385
NAHKPYHDVS,1987.2935779816514
YDDHHSG,2172.302752293578
YWPSHVQFRYN,16632.89908256881
KNRAQPYHDVG,2233.1605504587155
KGDPGKSG,885.6559633027523
HDFYQWLFPH,16782.27981651376
RSWFYGQAG,7763.188073394495
DALLQRDQNHVA,2196.201834862385
WQDPLDVLS,4600.894495412844
HVEWKGKFRWG,5894.311926605505
PKKRKDQEPYVA,929.9266055045872
QQVLEYYVG,18679.701834862386
EHGRHSEYNFKS,2678.8348623853212
KHHPRKDVA,1004.1192660550458
RKRNNARALG,1137.467889908257
LGVVEWG,5986.5504587155965
NVAQQWWNAG,5100.0
WYQPNEDSG,3194.4311926605506
WFWEYFPWALSG,23830.224770642202
DARSHQWND,2898.9311926605506
LSYEWVSHDVL,11412.348623853211
KRSVPNALSG,1263.408256880734
EDADVANEYKL,1169.7431192660551
KFDHAHDVLG,2373.876146788991
ELPQLREDVLS,1686.01376146789
GEFYVFALSG,32916.5871559633
FEGPVALLYKHS,12795.674311926605
LVFDQFG,10469.802752293577
SNENAKVSG,887.2477064220184
ASWYFYNKHA,7299.646788990825
LRENGFGRPAS,3774.1651376146788
WDHNREAG,2287.545871559633
VQLWSHLG,9983.215596330276
SYDHLNLG,4060.788990825688
ANEDWVG,1961.2568807339449
SNSNVPVAS,1248.7385321100917
YSQNPYALRYVS,15969.050458715596
YQYRRHALS,6322.972477064221
NNVVRDG,2030.059633027523
QGNPWALYNKA,5572.692660550459
AEYQFLWKALS,10057.353211009175
SQLLKLS,3824.894495412844
ESEERWHDVA,1890.2201834862385
RFWWYWHDVA,19508.660550458717
FSVLSNLLG,8745.798165137614
KLREWAQVGFAL,18249.467889908257
DFPRAQRKDV,1486.7981651376147
FLQASNKWHLS,5238.279816513761
AGSAVALG,1712.0229357798164
WERSQYLG,9086.224770642202
EPAEALWAVG,4471.743119266055
RWDLWLRHGQAS,7809.201834862385
RWYSARNKHVS,4361.770642201835
WYQPYFDLSG,15367.834862385322
VLQAEDRKLG,1301.6880733944954
PPEADALSG,846.6284403669724
YDPFKEYVLSG,5832.440366972477
REAVRPNDQNHG,1558.2339449541284
KFVLSHPNHLG,5129.467889908256
YELEWWVSG,13245.518348623853
NQNSASQFEAS,1485.1422018348624
NWSGQGVLSG,3751.830275229358
DWDAPFHLSG,7388.711009174312
LRAFYQRYWVLS,21639.52752293578
EFDGSEYWNAG,4163.711009174312
PKYQLYKLS,6084.4495412844035
LVFYNQYKHVS,7850.743119266055
ADFYHDYG,5872.298165137615
QVFNYVLFYND,37082.793577981654
WHFQDAGPYAG,8485.330275229358
WWFGKLG,9023.077981651377
RWVRQYDPNHV,7720.045871559633
PWLKDEDQNKHG,1690.288990825688
QRREGFKLRKV,2034.5688073394494
ALNEFRDSG,2083.3256880733943
VPQARWDVL,4225.307339449541
LGFADGFNVG,8786.79357798165
LDVNAYSG,2886.3899082568805
KSVHVYVG,6369.288990825688
GDLADSG,1297.5825688073394
AQYSRAEPNVL,3237.97247706422
WFYDPRKHG,5410.967889908256
AWNGEQREKHS,1191.6880733944954
RPKDPKHDFGQY,2257.1100917431195
WNHAQDSKLKL,2002.3119266055046
RERNEPKPWNV,1959.1376146788991
VDVVQKLG,1858.4816513761468
YPWHPSFYHDV,17332.67889908257
WPKFKRPYKAG,3528.3440366972477
KVRDFNRPDV,2056.206422018349
RESKRWVSGRWG,4862.573394495413
NNVAPWSEYDS,5098.770642201835
RYGNRKLSFK,2890.7477064220184
NRAYEDSG,1896.834862385321
QAVESHLSG,1264.1284403669724
VWSPDYSG,5621.954128440367
YAFQHLGYVL,15471.449541284404
QSHPRVSG,2228.4770642201834
YNGVGKHAGVAL,2668.770642201835
NQDHHALSG,1891.2844036697247
YWPKKDAFHAL,4318.09633027523
SPYPWWKHAL,11046.29357798165
VEPENQRPYLS,2669.302752293578
YFEHEDQKSG,1603.7660550458716
PRQHLQVG,2390.0504587155965
RPKFAGREPYWA,9522.633027522936
PNENYWPVAL,12616.197247706423
FKKVVGPYHLG,4983.316513761468
GDFEQHSG,1664.7477064220184
NQYVYSPNLS,7718.591743119266
DRRAWNASG,2650.422018348624
DLLPGDLSG,1922.4220183486239
FKNEYDPKHV,1877.1284403669724
DLQHWNGPNHDS,2752.821100917431
ADNKWVLSG,2378.119266055046
KKDWHPWDV,4083.4036697247707
ALVNNHLG,3443.4174311926604
PGHLENAENHVL,2276.1605504587155
PAEASENDSEK,622.4220183486239
PERLRKHDAL,2005.4357798165138
PRLNVALGYWKA,11247.51376146789
HLQFSEWAFYN,23957.89908256881
VSYSYKRPWKV,5876.431192660551
GNPSFVAG,2693.9036697247707
QHEKFELGHVS,2009.7477064220184
DSNWALRPWDG,8984.766055045871
QDQFWEGHDAS,3326.830275229358
KWFPYRDLG,8932.316513761469
FDEASWNSFRS,7523.766055045871
ADEDQKAS,740.5733944954128
YHPEDVFREYD,4660.98623853211
KAGYEVSFRYS,16289.045871559632
QPGASFGQWKAG,3638.1743119266057
YGFHSDGQPKS,2169.9311926605506
LSHRNSFPDL,5122.683486238532
ARGRQFES,2040.1880733944954
LLQEQRPNKDL,1477.4174311926606
VAVYSEVG,4451.738532110092
PVNQASFDASG,1928.059633027523
EPPKQEQKHVSG,695.7660550458716
RFWDGNRDAS,4135.142201834862
VVNRPSG,1629.573394495413
RNKEDRRPASG,900.7935779816514
LFYFDQKHSG,3480.3899082568805
LRAEARNHDL,2384.348623853211
QHLFQNQNDAG,2327.151376146789
NWDFNRDS,5140.298165137615
NHNFALFRYNDA,12064.545871559632
NDSDREDQND,1132.633027522936
DGADYKLSG,1417.8623853211009
LGYFWRYNKHS,6471.477064220184
FVKQYASHDV,3274.619266055046
AWKLSHGEPYHL,6992.3899082568805
EGVYQWHDVG,4067.7798165137615
KQEYDVVSRNV,2375.330275229358
DERVWDVLS,4807.683486238532
VRPWVQLENDV,3865.2477064220184
HQLFHYWNHDA,8196.224770642202
HDVGHFKASENK,1490.651376146789
HDNFKSQYNHS,2420.7247706422017
KPNNWHG,2274.4862385321103
KWDDVWVLS,11490.80733944954
GNWDFKHVS,4413.655963302752
SDVNDWHDVG,2813.853211009174
SWAGHENVSG,2330.4174311926604
WRHYFDALSG,10210.885321100917
DPHADLGKHDAL,1547.9311926605506
AHLKNVALG,2335.766055045872
WLRYKKDSWSG,4868.94495412844
LNDSEYVGFEL,7684.605504587156
FKQQWDWAG,6789.394495412844
KWNHAPGPHDG,2608.1330275229357
HQWPSFRWKHA,7933.357798165138
FKSFRWPAFYWK,14072.830275229358
VRESYFRHS,5736.908256880734
WAALALREWDV,17159.756880733945
EKGWNQPGFDG,3157.816513761468
LHSQVEKHVL,2439.0688073394494
APESVSG,762.348623853211
QAESNHPYNKAG,2029.1697247706422
EHWLLFWHALS,22305.738532110092
RSHEGPWNKVG,2494.2247706422017
GAGKVNALG,1632.3302752293578
KHVKFDVSQR,1913.1743119266055
HDSHEWSHVLS,4879.532110091744
HYYNGFG,5748.6100917431195
PDYDQKQYKAG,1588.4770642201836
QKFEGKDDVAL,1294.7798165137615
AWDRSNDG,2522.5
VGLVDALSG,2801.9587155963304
DEGFHELSG,2654.0229357798166
YHWQPHWNVAG,7551.371559633028
NDNKPQRNDA,1083.1834862385322
GGELELSG,1232.6605504587155
PQQNKRDG,847.545871559633
RGWYGVLS,10996.79357798165
FEYRPNENHAKH,2076.922018348624
NYFDVKG,3169.967889908257
QPRSWREKVS,2374.9908256880735
VFSDRNDLSG,2784.8899082568805
GFLASWALS,15980.949541284404
NESEKRKLS,876.8211009174312
YEDYLYAL,5905.339449541284
WEDKKHG,1925.133027522936
NELNHPKDVA,1443.0
SQPNHLHNKA,1476.7431192660551
SKYDGHG,1985.5045871559632
SHNKSYG,1958.7522935779816
SFANHKVSG,1952.3853211009175
NLNFSNVSG,3686.761467889908
NRSEAEWAL,3227.651376146789
QLWNHNSGQWKD,3901.7477064220184
YPFKKLSG,2731.362385321101
LGAHHSG,2079.862385321101
PRVYHENALSG,3569.6651376146788
GVLYGYG,12341.29357798165
GWFAFDLSG,23033.55504587156
FPQEHLFNLYN,16543.302752293577
SGWYWEYNHLSG,14683.940366972478
DEDKLNKHDAG,1082.6834862385322
EYNFVLFHRNVA,26083.477064220184
QEPDNDVPYFP,4026.348623853211
YRYWLSRKGYWG,10611.678899082568
NHAKQPKDAPDG,905.3348623853211
AWYNGASG,3613.2247706422017
DKNAQPWHAG,2223.045871559633
YHEYGFFYWVAS,11738.912844036697
WVHSSNAG,3405.3073394495414
NERWLHALS,9765.018348623853
NFQDAYLG,5854.637614678899
DVHNQFWKDL,4540.48623853211
HSVRRKSG,1396.7660550458716
NVLQHSNSGWSG,4230.422018348624
NGDQQFNG,1608.2614678899083
ERQKGEHAS,746.5642201834862
LAGQLNVG,2504.3715596330276
LDGSEALG,1703.619266055046
PAFPVSNQWDVS,4062.6284403669724
DVYPLSFHVG,15185.660550458715
DHEHQYLSG,2258.47247706422
RFHRDSNG,2590.3715596330276
FEYQNAGDFKVL,5476.206422018348
PVLGYAYVFWKS,30014.69266055046
HYNEGPHDVL,3965.4311926605506
AEYFQDVSG,3503.064220183486
SFDSDQKHDAS,1241.6743119266055
WYWVGGRHAS,8258.37614678899
FQGKVPVAG,1643.6605504587155
EKRGENFPHDV,1392.1788990825687
VKNLVASG,1816.8853211009175
RHRPSFESPWD,5405.619266055046
GWLDNSG,4152.0
VYWFVENKAG,8767.642201834862
HRAAGPLG,2407.766055045872
NAKAWRYVAL,10399.518348623853
DRRGHLSG,2114.6559633027523
NPRPEHDVALG,1610.8623853211009
GAGWHYASG,5866.954128440367
AKDFRQYLS,3492.729357798165
APSYDNDLG,1670.9036697247707
APEKGDLSG,738.8256880733945
LYPAFNVALG,10776.477064220184
KSPKGWSNKDV,1294.7568807339449
FQRNYWNLRVA,12882.894495412844
HLHFVAEYN,15535.105504587156
VYANRKLG,3064.8669724770643
DQSWLSFSG,8815.02752293578
SFGQFDLQKASG,3437.146788990826
AVQVDSG,1120.866972477064
LHDWEALG,5223.247706422018
WWKDDLNDVLS,4940.752293577982
HPVRVYWDALG,14822.665137614678
SYDKGKVAG,1191.2844036697247
KRSLHDSG,1041.3440366972477
QKYDYAGKHVLS,2268.348623853211
DNRWDELG,2859.256880733945
DSQSVANHDS,990.2064220183486
SQARVLYWN,13868.137614678899
HLHEVFVSG,8491.58256880734
QWSRYWSKHYHS,8031.816513761468
AWNNQRYNKH,3079.4908256880735
RLERDSQEPWHS,3947.9862385321103
PRWLVLRWSG,26240.339449541283
KVHQYGFKDAS,2392.266055045872
EPQRQFEVLPDS,2120.4633027522937
HVNHYWFWKHS,10739.853211009175
PGGYAFSG,6330.01376146789
GPWEGDVLSG,2503.1559633027523
YNKFNQKSQKG,1047.2339449541284
SKHSQKVYL,3018.697247706422
ARHHLRYNKS,2313.2477064220184
NDQFSGQRLQEV,2415.330275229358
LDWVAVG,6292.229357798165
AGENWHAPNK,2152.059633027523
FEVKRYPNDG,2700.5366972477063
RLQNWLQREDA,3005.380733944954
PVPHDYAQRVAS,2400.770642201835
HGFWSHAWDVA,12947.62385321101
QGQYFREKFPN,3846.52752293578
KENAAGFHG,1996.2201834862385
YYLSFHYHALS,9150.178899082568
QLHAVFRPKDA,2784.8853211009173
DEPDPDYNLS,1238.2798165137615
RAFNDPWNPNVG,5305.188073394495
WQYYEKDV,5878.311926605505
WGWDDLSKDS,4535.252293577982
QRPQDSPNQRD,1460.7339449541284
AFYSYAGPYLG,15298.504587155963
QALQQYNKSKA,1452.7752293577983
ARVPYSDG,3037.119266055046
DEPAWASQYVS,4008.52752293578
GFAEVNAG,2061.243119266055
PPAWQRDG,2805.5137614678897
QHWLGFELEDG,7071.568807339449
KLEDDGFEKSG,1095.119266055046
YQQKAVASG,1304.1009174311926
ESPNRYKEWKHA,1372.7201834862385
QRQDDQRENAG,954.9954128440367
VDWVGAS,3067.9449541284403
ARAKQHSG,970.0366972477065
DQYWPYSQPWVG,17403.84862385321
AQLVRESG,1538.5963302752293
YWAPHYKRPHS,4734.94495412844
RFEYESQYL,11465.614678899083
RKSHQFSPDV,1921.9174311926606
RVVKGRDSG,1184.894495412844
WFYEKFPLG,10245.477064220184
WFGWQKLSG,8339.97247706422
YDAKPYVQRDG,2971.0412844036696
PAGASGWASDV,2559.793577981651
EVNSFGFNLS,6661.536697247707
AAQWPVLS,5171.518348623853
NQGLQEG,1226.2064220183486
NHLRGFYREKA,4367.435779816514
GLQHGAG,1785.7522935779816
VLNFSWALS,14514.545871559632
AFARRVAG,3884.701834862385
RHVGQPRDGEV,1244.605504587156
DFANPNALG,2622.3256880733943
KSKHPWHVAGFP,6018.633027522936
RALRWLYDWKV,11720.614678899083
VKHDEAFPWK,2333.683486238532
QAFSASQPHVS,2810.830275229358
AKKAPWDVG,1451.9724770642201
NQPDVWVPYN,5718.770642201835
YVVRQDSG,2879.4036697247707
YYWRGWKALG,7138.720183486239
YGPDDSQRHDL,2266.4266055045873
QAALKDYNHVLG,2475.862385321101
VLKWRYLG,9030.325688073395
FGQSLREPNA,2060.8577981651374
LLQPHKLSG,2986.0183486238534
DVEAFNFEWKDL,11637.490825688074
RPLFWARKVPD,7743.408256880734
YKLQSEDQEDG,1121.7339449541284
SYAQHQNVA,1876.197247706422
SLFYSDSG,5595.385321100917
DWRWVYLSG,21446.522935779816
DLSYLHALDASG,4380.8302752293575
SARNNASG,1408.5275229357799
AASPANSG,916.7752293577981
HPSEQKSG,847.4908256880734
LYVWWNKALG,9578.940366972478
QWKASPDAYQFY,10668.380733944954
RSVWVSENDVG,3191.5550458715597
RRFWYLS,13833.69266055046
KNQGRDSG,1113.2201834862385
REVFKAPNGPA,1927.7614678899083
PNGQQRSRHAL,2651.816513761468
KNKDKFEWVL,1984.3302752293578
YSPESQEKHD,1116.1559633027523
PDRYLYQNHA,5462.752293577982
QLNFDSFPWDG,13089.256880733945
VRLDYNG,4324.293577981652
HNNVQEPWHVS,4009.4266055045873
KWPLNHDVLS,4493.05504587156
QLLPAHDVLG,3915.5504587155965
NYNAPQFEWHSG,6654.376146788991
LAYKQYNVG,4340.894495412844
PLKLKGEVL,1908.6880733944954
DDLKKLSG,788.7889908256881
SLGPHHAS,2391.5688073394494
HSGPHKREWNH,2220.853211009174
NGFQWFNASG,8645.95871559633
VFVLAGFVLS,32442.394495412846
HPEFALSG,2510.8348623853212
EFDQWAGFHDVA,6626.472477064221
NLQDAWAEPWL,12346.899082568807
DLWRHDLRENS,4150.206422018348
RPLPDANKGED,916.0963302752293
KGHAEHFYVA,4874.6697247706425
NEHSYWFWNHS,11164.678899082568
AKGSWAG,1980.866972477064
LWWSEHG,7378.027522935779
KSKWFEWAL,6584.711009174312
WSWELFEPNVG,10518.922018348623
DAYWQYHYKDAL,8868.660550458715
ALNFQYNG,5417.399082568807
PWLWENAYNHD,14317.19266055046
EGQFGWKFYHG,10208.784403669724
LVQFANSG,4879.325688073394
SPDNVWLS,3887.2247706422017
FEKDYKEHENA,1033.6559633027523
YDQFPSLWVAG,9923.990825688074
HPLDRELG,1566.2155963302753
NHRKSYWWDS,6597.412844036698
AKQDQPNKG,888.5688073394496
VYNGDREYWN,5541.133027522936
AFQQWNKDVA,2266.935779816514
NWFQALG,8582.412844036697
WKLKYNHPNAS,3003.4862385321103
LEDEDYHG,2190.0412844036696
FWHHPHVSWNS,9651.183486238531
RVPFDGEYNVL,7504.9908256880735
PKWGLFRWDVL,18293.45871559633
EAHPHGNVLG,2190.032110091743
FGEKYWKFYALG,9392.720183486239
EVLLPDLFEY,11476.178899082568
ANKWDFYWNDL,11680.866972477064
SKVEEWLG,1911.8899082568807
AEVGFFWVASG,25345.55504587156
EEVHQHLS,1830.2064220183486
WEKHDVKFNH,3192.770642201835
VYPKDEG,1160.151376146789
NKVVAEVQYA,3403.4449541284403
AWNAVLKVAS,6355.536697247707
QRDSHSGQYYVS,5886.582568807339
EKRAELRNDA,877.2614678899082
SHDGLEKVSG,1220.619266055046
VPLYFLSG,21498.642201834864
RDWEDQYNHSG,3566.2752293577983
FSKYPWSG,4888.068807339449
LGSLPNALSG,2304.8577981651374
LSEWQPKGQNHA,2575.2247706422017
YQQPEHVLSG,2519.802752293578
ANEKWALS,2087.0366972477063
WYYVLNSG,8481.711009174312
FHNVAPLHDSG,3272.256880733945
VSQQNHDNS,1071.073394495413
SKANGYLG,2161.270642201835
EANYWDQHVS,3499.894495412844
EEYGPGPNALS,2406.9311926605506
NYEHSNALSG,2152.908256880734
SRSYARDSG,2505.0183486238534
PWHNPYHGWD,17913.57339449541
NAQGKHLEWH,3449.3119266055046
KPNVGLEVG,1232.5412844036698
YRSLHVAG,4156.678899082569
QAQLEWPWNDVA,4363.344036697248
SKSARNSG,1024.0871559633028
RHPVDYWKHVL,5493.004587155963
DSKGWHYVG,3648.201834862385
NGEQFVRAG,4296.6100917431195
NLPRQYDLSG,3445.8577981651374
LKSRHNVS,1856.0825688073394
LKANWHALG,4346.45871559633
WHAALGHFKVA,8111.573394495413
RPPQVLFPHDG,4913.995412844037
QGLLDALSG,2765.4862385321103
PAGRQRLPWKVS,3572.908256880734
VAALVGQKDVS,1534.7568807339449
EKALVPNEVG,883.8623853211009
LNQYHELS,3798.880733944954
YKHPDGKHDYS,1651.619266055046
GPYLWDSRWNVL,19613.408256880735
PSHNEASG,1220.467889908257
ALHEEPSG,1235.4633027522937
FPNSDAEKVSEN,939.2706422018349
NKVYRNAGQWG,5408.568807339449
FEGAPDSFED,1939.8761467889908
QQSKKHASG,706.0275229357799
NGPAEGRWNVL,3399.733944954128
FYVYPWKGDVS,5363.321100917431
WGVFFRHDVLSG,21094.922018348625
NRKWGFEPKDG,2205.605504587156
VREDGPAPYNH,3811.5091743119265
HKSFPYVQSG,3101.0091743119265
QLKWGWLSG,8800.866972477064
LRKSVQEKSG,903.3256880733945
DGVFFEDLS,10299.944954128441
GQRLAQNVALG,2934.146788990826
RNAKLEPDGWL,4938.876146788991
QVHPSGRPNKH,2036.197247706422
LPHFHASWVA,10315.665137614678
ARSGPGWG,4054.706422018349
EGWPKFPYDSG,4722.577981651376
PWVQDGEYWEKD,6351.133027522936
AEHEWRWG,7200.1697247706425
LWDWFEAS,10966.155963302752
HFYNSPHSRYWA,13067.19266055046
REPVGFLQFEPS,9404.61009174312
PNKWQRWEWAS,8205.279816513761
HGKKSNDVAS,876.7935779816514
FLPEYLQFPAL,14752.339449541285
FPLKHRSFKG,4000.2752293577983
YQRFWQEHVA,7262.142201834862
LEDHKVS,1434.6834862385322
VYFEQRS,4559.587155963302
WENKRPGRYHDG,5213.857798165138
YHVDFPNVENHL,5527.068807339449
YKRNDEHGQPN,1500.6743119266055
RNNKVDGKHV,991.9266055045872
PSFVSPKPKHD,2102.5183486238534
SNLYNFVSG,7387.628440366972
WQASDLYNVG,6341.733944954129
HVKHYLFPWK,8584.651376146789
VALARWVQWKS,9495.087155963303
KYEAHDALG,1433.651376146789
QGEQLPYNKVS,2074.683486238532
GAGPEKDALS,918.8302752293578
AELWSHDVLG,7075.105504587156
WNHEYHPHGFA,11828.683486238531
SFHRNFYNKVG,5046.270642201835
RVENWVFWNK,10408.252293577982
DNSLFKG,1950.4908256880733
DLPYNFSGDS,3744.5412844036696
PQAHEWSG,2328.137614678899
WFQFAWALG,20369.98623853211
HYPAKHLSG,2761.059633027523
SFPYYGQRWH,13718.188073394496
EGEVQWQEYVA,3576.532110091743
KFWQDAEWHVS,6072.665137614679
RHSRSFRWDPK,3274.298165137615
SLSDRVSG,1621.2339449541284
WGRSHLWNDVL,14153.93119266055
FQFWSRYSPKS,6888.793577981652
KVSQDFRVSRYW,9108.275229357798
WRSWNGNG,4964.165137614679
YFGRQPALG,4629.733944954129
ERRNDHG,1477.091743119266
LRDRVLSRYNVA,6223.692660550459
NQLAPKLS,1634.6788990825687
GYGEFWSG,7980.834862385321
VYLRKGLG,4540.954128440367
ERNDYDWHDG,3793.256880733945
ENVQPLFNLFH,10786.550458715596
SHNHGWSG,3840.3440366972477
REPYKNYSQPNH,2991.380733944954
NVAFYKYVRYWD,25001.123853211007
NRGVRNG,2318.1559633027523
NEVVSPDS,1315.0045871559632
YKHGWNFRDQP,5926.270642201835
KAGAPDAEYWNK,1597.908256880734
EGFGSYDLS,3988.1284403669724
EQASSPWDVLS,2247.4174311926604
DRWRAEPNDAL,3150.3348623853212
EGWNNHDRWHL,8776.944954128441
RRDKPALSG,1030.6422018348624
FQYNNLFYNKHA,6706.816513761468
FDNLKDAQHLG,2334.6100917431195
YVEKSRLEYWHS,7632.6697247706425
PRGFFHLG,10717.912844036697
ENPHNEYWNDL,3321.9266055045873
ASQPPKDEWKDA,881.3623853211009
PYLKNGRWASG,4828.270642201835
ENPRWNNKVLSG,2117.3577981651374
YLQSYDLRHL,10072.275229357798
HLHFHAQFPWDL,25907.591743119265
ERHNVQWNKVS,2070.4449541284403
HQVAPEPVSG,1326.8577981651376
LWGFFYSG,12813.481651376147
RAKGQEGKVS,777.3532110091743
YKPWRLGRYNKA,3996.6422018348626
AFQRPHLSDLSG,3884.316513761468
RNKDNGVLQVA,1515.697247706422
QLDWYASG,6718.522935779816
QFFPWHHENVA,5890.935779816514
FAVYKHVPWDV,13590.784403669724
HGYNWKQHS,3215.0504587155965
DLYAGPHGPKDG,2422.0412844036696
RLAEYDFEYL,13107.275229357798
ALNQHVPYDV,4305.339449541284
HRDFGFKVLS,8161.8302752293575
NFARNQYWNG,7654.05504587156
GNFPGNG,2329.8073394495414
KYNWFNLG,7857.834862385321
AALDHVG,1855.6238532110092
RNARAYDLYVG,9443.178899082568
VKKSVLG,1101.788990825688
AGWGWQKHDLG,5509.229357798165
HENQFFYHDVG,11084.018348623853
PAELWKQNG,2427.3853211009173
HQEPSDSGEKG,670.894495412844
PYPVFPVGEKA,2427.701834862385
WGGEYAKG,2687.5504587155965
HRSGKKLS,870.9311926605504
LFWQRKHHDVA,3934.5733944954127
PWLFNLGQHAFH,17340.146788990827
RGDYSQRSG,2193.348623853211
HPSAPYG,2105.5825688073396
WHLQFNSNSFHL,20640.146788990827
YWPHVWLSQPKH,9446.885321100917
YRQSNVLS,3506.1100917431195
PVVNQFNLS,5982.54128440367
ELVNLQFEHVA,9050.19266055046
KDVEVGRASEPV,990.4174311926605
KGDHGNKDA,809.7110091743119
VLVEFEVG,24173.83486238532
FRSWNGKHWHDV,6294.380733944954
EQQVAYSG,1501.0275229357799
WVKKAFWNDVA,5711.146788990825
PQPKQASGYNLG,1719.573394495413
KENSAFEPYSG,2200.201834862385
SWHGHQKAL,3183.02752293578
WDRKNQKHLG,2050.6422018348626
QVHKKHG,1033.394495412844
RVADWRYWNHL,12482.995412844037
KEGWKDGEYDG,1855.2247706422017
LEEPLDLG,2057.9036697247707
EESQWKAAS,1111.4587155963302
PGAFNWNKDSG,2244.6880733944954
QDYHRVGYNKG,2849.3348623853212
GQEDDAQFYKLG,3131.0825688073396
YNKKQPWFHDV,6375.032110091744
HWRYWHKG,6152.1697247706425
LEPNVLRQYN,5515.142201834862
DVSLHPYKHL,5107.165137614679
WWLDHALG,14807.490825688074
NRQLDVG,2378.935779816514
RVDLFWPLSG,16857.183486238533
ERLQLQYVA,11060.600917431193
DVSYSNANVS,1940.3440366972477
RQQGDLSG,1195.9587155963302
ESGNDESWKH,1133.6467889908256
EQRQGNDL,1074.7660550458716
SRLNEPVALG,2546.137614678899
VDGEAKLG,1313.6467889908256
FEYSYGVAGFLG,24437.34862385321
VRVHDHDVLS,2871.0137614678897
LHAEFRAG,3118.1330275229357
YNNHHAEYVS,3694.683486238532
HYHNFPDG,4462.197247706422
RNARWASYPHDA,6405.9495412844035
DEYPHSDALG,2508.5366972477063
FYGAYLQPWNV,10864.119266055046
WVVFGRHSG,12732.729357798165
GRDWWDSG,6748.064220183486
DPPVVLS,2012.2477064220184
LGLDRESG,1582.3302752293578
SWALPEWSG,7404.798165137615
ANVQSWVSG,2819.3256880733943
QSSLGYDAS,1835.0963302752293
YSVPVSEWKLG,4364.344036697248
VSEKWKDGFH,3283.1651376146788
VGSDYVS,1978.7155963302753
YYDEVPDLSG,3062.9633027522937
VDFGHVLSG,3669.9954128440368
DWKWEPYNKD,2898.876146788991
VVHDNVA,1902.1926605504586
NDASVQHDWHDL,4409.917431192661
VASHLPNSGEPL,1859.967889908257
QELDDGQKVSG,855.105504587156
HDANLPLYKHV,5066.51376146789
YLLQSRWALSG,10723.018348623853
VNDHKHDVS,1234.1743119266055
HNRYHLNG,4486.866972477064
KAERKSYVS,1175.4587155963302
YPRDVEALSG,1836.9128440366972
FWYAVLQASG,9795.834862385322
NHSERPVFRWAG,10822.756880733945
ADLGNFHS,3096.151376146789
EYGGWLGWG,12962.678899082568
LRQQHVG,2723.330275229358
DDWKQYWNHL,6063.018348623853
HDSSRHNHG,1999.7477064220184
KPLGNEHG,1103.4220183486239
DHQVYVAG,3421.5688073394494
HLVVDLSG,13569.087155963303
KLAREPFYWKLG,6978.165137614679
KRANYWSG,3069.4449541284403
YAEPFDSLG,4130.591743119266
EYPHELQWNHG,3504.0504587155965
VWYLPDLG,14310.105504587156
GYWQVFYNH,18504.036697247706
NEVFRLPALG,10625.761467889908
WKYRQRPWNG,6237.3302752293575
NVYAAWHAS,7035.605504587156
SFLVWKLG,16204.055045871559
FHYLDAWHAS,9170.348623853211
YKFRGRNVES,2005.8302752293578
EGEFVGYHVL,10356.399082568807
WNPRQNASG,2307.0825688073396
SEGFQWAG,5856.1100917431195
QWRGEAFAG,4538.853211009175
QNAEWQDVFYAL,31234.940366972478
KVLGWGAFAL,19531.169724770643
REEVPNPKG,1196.7477064220184
DLSPDLYQWNV,5279.128440366972
EYVQKLGDYHG,3063.105504587156
KFPSALQENG,1356.7614678899083
GYPWQVLG,12047.018348623853
VNRHGKG,1516.467889908257
FELDLYDQYLS,10249.761467889908
QWFKQRPDRPKD,2831.3256880733943
RVFVVFREYG,41396.27064220184
FGWASKEVSG,2417.9816513761466
SYDADRPYWNAL,9160.766055045871
EVNPHQFRYWND,9140.839449541285
HPGFAQHG,2679.0825688073396
EAYENKYWNA,2497.1100917431195
DNHSWKVRYKA,3097.1009174311926
DDLSWGREPN,2325.0733944954127
PGDHRYLG,3548.5412844036696
QKHRHFRAQRK,1331.6009174311926
KRLAALG,1990.8761467889908
GLYKFVG,8469.45871559633
DNFAFRWASG,7848.426605504587
HFGPVRNHDL,5841.573394495413
KSKPFEVLS,1751.9816513761468
PYFLSRAQFY,28105.160550458717
YPEFELSG,2783.47247706422
NKVSPNDSPPH,1301.3119266055046
WSNAYLFLG,24709.908256880735
RAEFFPKHVG,4735.591743119266
WYAEVNKHDALS,4581.01376146789
HLPHNKAWDV,3067.1559633027523
KHYSWKQWVS,5108.967889908256
RSGFSEPRNHA,2820.4495412844035
YWKPQAWKDS,2028.3440366972477
SRWPDSFPDLG,6899.256880733945
FEVEDAGYWLGD,10827.362385321101
EHHWKAQFPAG,2723.9311926605506
GARGFKG,1910.6697247706422
KSFAKRKHDL,1218.394495412844
HLNHNSFVS,4532.316513761468
HAVQQYDVLG,3248.7477064220184
PNNDVSYAPKG,1479.2935779816514
PLNFRGREK,1923.3899082568807
NYHANEVSG,1905.802752293578
FGKQLWKLG,4657.793577981652
AHWVAPWNKVG,5291.073394495413
PQDEALSESG,889.045871559633
NWKWSDVAG,3413.798165137615
KAHQKHQRVS,1065.4587155963302
NWESRLSG,3799.8715596330276
PPKRWFWG,9650.70642201835
QYEEYDDLG,3395.6009174311926
LSGKPNVKAL,1527.5091743119267
HWADKSG,1661.9724770642201
LYAESEASG,1800.4770642201836
KFNAPGFVSG,4289.995412844037
PNLHHVLYHL,15516.821100917432
SDAENYHDVS,1891.348623853211
HFAAALS,3891.8715596330276
PKQEDYNGRPDS,1268.3761467889908
QPKSHFYVAQKL,5273.454128440367
HQANEHG,1342.1605504587155
FKWYVFREYN,16642.922018348625
SSEHQLSG,1555.7752293577983
WQDAVLDLG,6693.683486238532
AWWNNDVAG,4222.995412844037
RAFSWKDLNG,3766.6146788990827
QDYVLRQRPKHG,3363.0963302752293
YQVWNGHG,4697.0
KWEAEASG,1190.3394495412845
NNGFRQYNS,4644.288990825688
LQDFENEHLG,2425.197247706422
ENGYPWHDHAG,4053.9770642201834
YFLWNKDDLG,4746.90366972477
AKFEARES,1010.6238532110092
ARKWHFDLS,5468.54128440367
SKAKHWLG,2460.064220183486
ANDRAPALSG,1448.4311926605506
WPNRLRWDLG,14359.06880733945
VYLPHHAL,7350.293577981652
FHDGFGNKLWA,9540.80733944954
NQNFYSQHAG,3792.9633027522937
FDDKQYHASG,2035.7844036697247
NLSYNFRKQPWA,9659.788990825688
QFNFDADSRNK,2171.5183486238534
EGYEFNAG,2570.821100917431
ALGPDDLYWDV,6539.834862385321
SYNKQPLFPL,9267.848623853211
WQSAEPAG,2022.6100917431193
LDAVYLG,8980.90366972477
SWHRQHDVA,3173.6926605504586
KEFEKDESG,729.197247706422
VQHWNDREYNHV,4996.807339449541
SHRVEVLG,2811.935779816514
KSGLLSQEPLG,1538.7798165137615
NRQKRASG,979.7614678899082
GWNAHSPNG,2585.1284403669724
RWSDHASREPS,2162.9266055045873
HEWERNVG,3328.6605504587155
KENPPHVLSG,1979.2431192660551
NEARFASG,3254.954128440367
APEQKLG,678.1651376146789
SRHDKSQREW,2509.8899082568805
WFNPWRHDLSG,14498.077981651377
YVPAKGYNKVS,1926.926605504587
LKHWSHDSG,3019.8119266055046
EKPLKDEWNH,1166.408256880734
EDFALPDGVL,3776.321100917431
NEVPNQAG,1333.5963302752293
NGDEFALG,2249.0229357798166
FARLRKQPDVL,4073.793577981651
NEGKRDVAG,1022.3348623853211
APQKDPAG,655.545871559633
HSYGWRKDVA,3511.5688073394494
GSQHLFKL,5803.022935779816
FLYLDRYVALG,13398.02752293578
FHYFYWDKDVA,7376.05504587156
HYQNKYAG,2415.770642201835
ADLKKVLG,1343.5275229357799
AKGQNRHG,1228.0779816513761
YPFHVEG,4275.366972477064
SGAWSNLSG,3288.756880733945
WPRVKDLG,3612.6146788990827
KQYYNFDAG,4482.155963302752
VAENDRSQEWV,2673.1926605504586
DDRSESG,1227.8990825688074
PAASHVNKHDL,1816.6284403669724
ENNYEDLG,1665.8440366972477
YRRGPNG,2750.9311926605506
GVPNVLWG,8838.967889908257
YEADAFRPNHDV,4114.779816513761
WRGSYWDALS,13074.261467889908
NHRPLSYQDLG,3764.2752293577983
RDGRKPNKFHDV,1682.6697247706422
GDAANALSG,1859.4954128440368
SNFGFHVAS,6895.614678899083
YVPAYWGFRVG,17839.298165137614
RRNNAKLG,1289.4311926605506
SAYHWVSG,5699.642201834862
EWNVPDGHGFE,3383.293577981651
YQYPFWVG,17222.596330275228
GKSERYVASG,1525.3073394495414
QAHHKHVAL,2128.697247706422
PAASALSHSG,1413.0045871559632
PHNLPWEDSG,3415.756880733945
NGNWLFNVAL,20501.077981651375
KRQPAKAS,872.8807339449542
RDPHPKQKG,931.1880733944954
KGHVWVEKG,2053.729357798165
FAGQPQRPARNS,1956.0688073394494
GELHQYVG,4636.8899082568805
RQSEYGYDLS,4232.724770642202
NSAGVEDS,871.6284403669724
YDPGEWWHS,7806.288990825688
GPGFAFWKHSG,6315.628440366972
FQFSWPYNG,12684.151376146789
VNHWHEHAS,3068.97247706422
HDWFFRKHDAS,5299.674311926606
RRDVAVPWNV,5126.068807339449
YYANKFNKHVL,4822.435779816514
PQYPVLFENDL,10779.188073394496
DQHPHLPVS,2529.256880733945
NLGGYVLPYHV,18930.44495412844
LFYSHLQYKHA,4930.922018348624
LQRDKAQHDS,1063.0504587155963
KRRNFWSG,3031.940366972477
YPFDDSG,3324.256880733945
AGAGGEPAL,1054.3302752293578
PHKVNKPYHS,2032.5504587155963
LRWVARNFLS,14569.995412844037
ARWLHQNKA,2631.206422018349
VAPPGESG,802.9724770642201
HPHRWHEVAG,3332.4174311926604
KENKGFNEKAL,951.6238532110092
RVFAGEPFDA,4717.811926605505
KPPSRKSG,716.4495412844037
WREQGEYS,4870.821100917431
SNDYAHLSG,2429.0733944954127
WDFGSREYDS,5436.114678899083
WEFPQEHDAG,4404.316513761468
EDQSYWFNS,6165.293577981652
ESLESFSG,1655.1880733944954
GHAPKFNS,1880.045871559633
GAFPNNKSG,1619.591743119266
WQFPGNEWNS,6053.853211009175
QDELVSREHG,1479.7064220183486
AGKLFAHLG,4519.188073394495
VLSFYFKDAHLG,17942.844036697246
NWFWFLSG,18382.756880733945
RHPRQFNLS,4227.724770642202
WNELAFREVAL,23565.729357798165
NPHWNSQRDVS,2576.587155963303
PAEVWVEHDA,4121.426605504587
QVKVFAGKHDL,3467.6651376146788
EVDKHARPYVS,2259.1743119266057
VWPLEVLS,10411.93119266055
KVFGQWNDGFNH,7189.600917431193
FSDNQWVG,4918.366972477064
ELYPYDRYNKV,6348.821100917431
NSELFRDLGYVG,9211.298165137614
SEGVKDVASG,1075.1788990825687
AQRNQHEWDL,3322.0
VYRPRPG,4143.174311926606
YPKAASYNHA,1924.940366972477
VWNRYGEASG,3349.876146788991
PHWQQRYHDAL,9214.51376146789
SSPYFKSG,3182.045871559633
RQFVDRWKDAL,5191.44495412844
HLPVHDREDAS,1371.880733944954
WYHDRGWKVS,6680.582568807339
FVHELQRYHVG,7146.05504587156
FFQVDVS,6749.876146788991
RRVFDHASG,3357.2155963302753
YSLKARLSG,3573.97247706422
HDKLVLFRWLG,19087.76605504587
FQQQNLSG,2112.967889908257
SRRGKDLS,1165.288990825688
VPNGKEPWHVAL,3111.7522935779816
WAAAFNASG,5265.784403669725
NSLKNALSG,1432.591743119266
WSSDWKHDV,4209.40366972477
YFKLHLFLG,13731.091743119267
NFNQWKRYWNS,8643.353211009175
SVPSFWVSG,9415.211009174312
HRYNFDLRWNHV,12130.40366972477
SAPDFDG,2142.6009174311926
HVFNVAYEWKAG,11729.683486238531
VLWGYKYDSG,6533.344036697248
GVREPYFSG,6530.036697247707
EVFDQDQKVLG,1580.4908256880733
SFSVEHG,2781.3899082568805
DQWDYNFRPKDS,2938.123853211009
KHAAALQWDG,3575.8440366972477
KPQRDYHSG,1294.2293577981652
LSPDAEGNDAS,841.4036697247707
GDELPALSG,1263.5963302752293
QWDAHASDYHD,4303.6697247706425
RWHPQYGRVAS,5668.243119266055
DFEGKGEPWNKL,2384.454128440367
YAGHYDLFPWH,18003.967889908257
QPYEVRPWGPW,27646.39908256881
LPQNNLG,1824.4449541284403
NQYRSYWLS,13029.348623853211
SQDKWDLG,1761.2614678899083
AQGLSLG,1761.3761467889908
VQPNVDPYNKV,1508.2935779816514
YNPQFLKAG,4314.467889908256
DYYHAPG,3845.651376146789
YHFAFVEYVG,38076.92660550459
WQRSRGQVS,3385.1284403669724
SNKSELEVG,845.940366972477
WGYGRYKYHD,7614.779816513761
VNYGHDAS,2043.7018348623853
NNHFKENHDAS,1423.288990825688
SDSDKVALSG,928.9220183486239
VYVEENASG,1859.5504587155963
RRRGRKLSG,1017.5688073394496
QLKLSQEQHDVS,1168.633027522936
EDWFVLPYNDG,14041.922018348623
GLRPYFDSG,9883.036697247706
RHKHGPGFRV,3605.5183486238534
NQQAFYG,5069.752293577982
RRALAQYKHA,2410.256880733945
AHGYAYSG,5376.344036697248
NVPHPNDRYWKG,3934.4954128440368
FEEGRWKQEWND,3693.6009174311926
PQHEFNLG,2690.8073394495414
LSPRDLRKDL,1920.2477064220184
FSAKRKASG,1136.0045871559632
EFDHNHLG,2603.321100917431
ENDGKAQWWNHL,5125.481651376147
QPVQWGYDGYDS,11471.963302752294
GDPDHDVASG,1084.6743119266055
QQFDVAQKARHA,2005.5183486238532
RRPYAEPNFYAG,7867.564220183486
LYDHHLSG,3693.8440366972477
LGEWLEREPWL,17677.389908256882
DADFASYWHLS,8035.665137614679
PRRYWEASG,4644.651376146789
NDVYDGFNWKH,6220.440366972477
DYLLNDVAL,6762.146788990825
DHRQNDALSG,1405.3165137614678
VKEWSDG,1561.1467889908256
NDRAHQFYNKL,4676.899082568807
RQENDREVKHA,1060.1467889908256
WKFRNSNAWVS,7203.866972477064
HWAYDNVLG,8735.834862385322
WKNLDRPHDVG,2818.52752293578
NVAWKWALRNS,6978.385321100917
VGDGPNKDNDV,995.0688073394496
RDKDAPREWHSG,1746.926605504587
KQDKRVSG,634.7981651376147
YRQWHDNSG,3914.105504587156
VLQLGWDPYWK,16994.839449541283
EFEHVHEYHD,4337.380733944954
WEEPFYWHSG,19069.88532110092
ADRKDDG,961.197247706422
HRYDVHSPWVA,9094.11009174312
VKRKGDLG,920.5825688073395
ERQGVLSG,1354.894495412844
GQFSPLGPDA,3130.9311926605506
DRHKNVLSG,1491.1009174311926
FDYGVPALSG,3430.7477064220184
GQREHLWKGFH,7360.733944954129
RNPSGRDGQENK,1146.7385321100917
NWYWFVALS,26931.633027522937
PKDLLSQGEYG,2424.0229357798166
GFNLRHGEWDL,9878.729357798165
FHWNFRVEWKDG,11934.724770642202
AYKLSKPHA,2022.8073394495414
YKLKQRPLGHV,3755.770642201835
GNVWFHVAG,11050.01376146789
YAEHEPYQFALG,11535.52752293578
DYSRRWALSG,5438.133027522936
DANKSQAQEVA,705.4954128440367
KRPYKKDGNHL,1207.6422018348624
DDADAHDLS,1270.2614678899083
YHWEKSREHS,2033.3440366972477
PVVGQWSNDAL,4259.027522935779
KVGGHVLRDAS,2114.876146788991
YKNEYNRWDAL,6583.114678899083
EWPESYALSG,3619.6100917431195
WHSLWGFHDVAS,12198.58256880734
LEEKNHDAL,1328.3211009174313
NQLWKEDVALS,2423.4036697247707
QSALWSKHVL,6141.247706422018
WHASPFGYALS,15471.444954128441
RVRFLEWNHD,10021.80733944954
HRWEPAFEDA,4193.908256880734
QQWFNWNLS,13684.252293577982
RYNDRWSENFYN,12141.233944954129
HGKRASEYKS,1141.894495412844
YQREDPNKDFRE,1856.2477064220184
EHNDHDEPNS,1024.091743119266
EQEFVLQPWKAL,8398.183486238531
DQYPEVAG,1465.7844036697247
LRGPYSYNKHS,4475.701834862385
WWPRDVALSG,10437.834862385322
HVWPGFRYWVS,23985.72018348624
WESDFYLG,14714.88990825688
DFDKPYKHDSG,1580.7844036697247
RVRANHLGRH,3947.3715596330276
YGHDSDQENH,1711.4357798165138
PLFDNGYWKHL,11997.201834862386
VSQFFRHYHSG,7622.857798165138
YKVPNVFPHSPY,9657.550458715596
YEHKGQKAG,1064.0045871559632
AVAPYEYHDG,3964.435779816514
GKEHQYWG,2946.4816513761466
DPKFHNVG,1415.6146788990825
KWKFEFNHVL,7270.862385321101
AYYQKAG,2432.8990825688074
VQVFQRHLS,6856.674311926606
APKHVESQEHLS,1078.1605504587155
PNQNVFNLWKD,6299.605504587156
RKAHVGVREKH,1196.4357798165138
NLEHYHQEYWH,11720.142201834862
VSHKAWHDLG,3067.8715596330276
RFQNGVLS,3806.1330275229357
WQYSAQPYNDG,6693.087155963302
ANHEHEYSG,1599.3761467889908
VKYQHDLSG,2257.729357798165
EGYYYNDAL,8683.334862385322
HFAVSLSG,9196.233944954129
YERNAPLG,3596.2155963302753
HPGEDQDVLG,1182.165137614679
LNVGHEWHG,4926.266055045871
KHEGQKLALSG,1301.3761467889908
KYNNYKVG,1992.7431192660551
PVLNFLSFYKA,25401.490825688074
KSLKSVAS,1044.4357798165138
GWGWKVPSG,4240.931192660551
PSQSLSREKVLS,1420.0871559633028
KDVWYKAGENS,1527.7752293577983
WVNAQAYKSG,3512.5183486238534
YYGENFPG,4535.481651376147
FWNYHNKVAQNV,3646.637614678899
FDGPVAAPWKLG,4762.655963302752
PLKAEHEKS,851.3256880733945
FRLDPNHGFWVL,29660.84862385321
LEPWEDEYWNAS,5638.266055045871
FQKEGPHVS,1581.8990825688074
GHPLKLG,2818.7477064220184
WQAYWEYKHD,11154.98623853211
ESGERNSFKDLS,1631.711009174312
SQDVAYARWHG,6667.018348623853
KDSNEWRDAG,1647.2660550458716
WPKADQNKHV,1643.5871559633028
HESFYWWDA,15650.073394495414
WPHGLFNLG,13835.509174311926
EKFVREQEDL,1372.4633027522937
ENDRWDPDYAS,3168.1743119266057
PHAEWGWNWNHG,10059.56880733945
FELHHLFWKG,9051.435779816513
DSSFNDGFPKSG,2172.7752293577983
NHNVKLFPWAG,8515.247706422018
DEHYQPHSG,2579.059633027523
DAFLQRSPWNK,5162.4495412844035
PFVSQQKAG,1884.467889908257
SVAGDLPHDG,1887.2844036697247
FGWWDSEPYNH,12519.97247706422
EWAHWFYKVA,14187.788990825688
RYQDEWQEHD,3366.7522935779816
VASEVENALEHD,1833.3073394495414
KLQRFPNLSEKS,2011.7293577981652
KFALFVSGKVAL,21523.032110091743
GEYYYKDVASG,4117.01376146789
KSGDEHDHDG,1031.1834862385322
NLYPFPYWNS,16093.834862385322
RNNKHDYFPNHS,3009.353211009174
AQGDFELG,1698.5412844036698
PYGKRNFYWAS,9998.54128440367
SPPYGESG,1477.1697247706422
KNDSPRHLS,1445.3440366972477
PAWSSQRWKVA,5522.133027522936
VYWLEDRPYWNA,16121.11009174312
HVWDAGFKANHL,7225.536697247707
LPYGAQDAS,2027.7522935779816
AFRSWQPLSG,6641.633027522936
PVKSRNKWHA,1937.105504587156
QPRHQDGYKA,2226.743119266055
DANVYGRYAL,8369.174311926605
ASWDFPSYWAS,16134.032110091743
FNDDHVRPWKG,4225.899082568807
NHWSPWSRPNHV,10356.619266055046
NPQESFG,1599.8532110091744
NYLEAVLSG,7012.197247706422
QFPRALDENKV,2174.6605504587155
PLKHASRYHAFN,6442.077981651376
WRVFLGPVG,27403.229357798165
QVKRVFPDLS,4168.9495412844035
GDVLERYWAG,6684.422018348624
AKGRHKASG,894.8119266055046
NVAAYVLREP,11385.344036697248
LSHKVYAG,3222.261467889908
DENVYAFDG,7550.408256880734
QWFFVALQEL,43717.33944954129
FPEKNLYDVAG,4444.674311926606
RHYGGPYKHA,3907.1009174311926
QDEDFWDEKAS,2407.454128440367
FQYFGFWG,16195.555045871559
SPLKEHLG,1228.6834862385322
LPVNFPSG,2979.229357798165
ANRWAYSG,6245.215596330275
YGGFQRES,2701.848623853211
DHAPLHLS,2898.178899082569
VQLANASG,1519.2385321100917
KLRVDLSRYWD,11213.701834862386
ADWHPASG,2724.146788990826
EAFKQHDASEPN,1057.926605504587
WKPLYNLGSG,5365.894495412844
GFPAGEVLPLG,2748.619266055046
GNWALWHVS,13966.651376146789
GFPQQFYWNK,8244.605504587156
YNKSEFPWRYL,12870.440366972478
VSALKDHDALG,1546.454128440367
KLRYHQSGWNG,4904.151376146789
HFQWFKVLG,13769.325688073395
DKEAALG,788.5366972477065
EHYDPWSFNVL,15228.02752293578
WHYALLPYNHAL,17290.1376146789
VFHKSFLG,5579.963302752293
EGWPPYAG,5948.091743119266
QRRAWKNDVL,2520.3715596330276
LSVRFASG,10182.866972477064
PEKADVRWVL,6041.454128440367
ELRENREGNKDG,1185.073394495413
NAGGPAGRYDL,4078.853211009174
DLYWFRKEPKDL,4607.0
VYYGDLS,5211.371559633028
LNKNWHASG,2567.4816513761466
VGAGVSEHDAS,1122.1559633027523
FYAPGQRGEYDL,4464.279816513761
RDSRNWKGEKV,1508.4128440366972
RSFAAGPWDVAL,12264.564220183487
EWSLYVARYNS,29764.30733944954
SEEAVASG,1010.2614678899082
AGHKFEAG,1236.133027522936
AFDHWSG,5137.807339449541
DNLNEWHALS,3797.587155963303
FNPQDGQRKD,1557.091743119266
WLQSQNSWNKS,4111.339449541284
FEWGQDHFWND,10424.339449541285
DVAYREVAFEPK,3524.5412844036696
EPAVHLRAS,1941.2614678899083
PYRSRGWHAL,9768.5
SWRSHVLS,7651.646788990825
EYASPRWNLYKV,9354.155963302752
NYADAPHSG,2137.302752293578
LYVSEKDNAL,2120.206422018349
LEYHSFFRVAL,19862.43119266055
WLPNDSRPKQPK,2045.133027522936
HHSFGNHG,3054.706422018349
VDYNFNKHVAS,2440.422018348624
EDNSLGASG,1058.7155963302753
EPYNDRVEHGRP,2417.4036697247707
QQVVVSG,1841.3302752293578
ASDVVFRYVSG,20814.449541284404
AQPADFEDAL,1422.711009174312
FWAEQHWKDVS,5909.302752293578
AFWHSLSQFN,11965.40366972477
KAVQALWNDAG,2056.7477064220184
PVLKAQHPYK,2977.229357798165
HLLLKASG,5475.55504587156
EPERVLGDAL,2124.256880733945
KNKDSNYNVAS,951.4082568807339
SLFRWAAG,8629.188073394496
VSYPVWKALSG,6275.51376146789
FAPFAGFWNLS,18031.01376146789
NEPDYREPWK,2563.316513761468
GHEGFSG,1936.8256880733945
VEPVHDLEHDL,1822.8440366972477
FKHQVSNVLFKD,6428.591743119266
VQPVNSEWKHDV,1510.133027522936
KPRPGESG,732.8119266055046
VVPHQNHVSG,1879.1605504587155
FWPPWHFDG,22612.94495412844
AKKLELSG,1098.1376146788991
RWYAFNPWS,22233.683486238533
YAPPQKDLSG,1428.6009174311926
VEFNQVASG,2235.940366972477
WSPVHGPYNKL,6697.51376146789
AKLFPYELS,6017.348623853211
RHSAYKRPNH,2445.798165137615
LENVSYNQYS,6593.688073394495
DPLVYDVLG,4366.073394495413
VAGEDASGVSQY,2121.5825688073396
HFKRHDLSNDS,2134.9862385321103
FPFYYWVEVALG,42440.84403669725
SEQWPWHDVL,12818.06880733945
LPYFWREYKHD,10360.935779816513
YYKASNDEDS,1178.3302752293578
FQYSSPYSG,5856.522935779816
PEVLEAYLS,10754.811926605504
NWVLPRPKHLS,7197.027522935779
QLVQKDNKG,989.4816513761468
KAVEYDQFRS,2382.3853211009173
AYNSVREYNKD,2586.8899082568805
DAFFRVAKDL,8758.440366972478
AQFWVWVQNKDA,13349.926605504586
NHGEVEDSQYL,2588.7155963302753
RPKKDVAFSRWK,1569.7981651376147
PGGPPDLG,1803.6926605504586
PVRFSFEYNHG,20991.798165137614
SGGARKAS,1149.2981651376147
GPYRRPYWKD,6897.981651376147
PRLSRVPYKA,2913.5504587155965
ELPLHQREPNH,1966.6880733944954
YDFGVQDVA,2753.678899082569
QKWLASWNK,3702.178899082569
LGKKNVASG,907.559633027523
DLPKHFGFRVG,6507.252293577982
WFAQRLRLG,14523.894495412844
NESPYKRYWKG,3722.587155963303
PDGWYKRDVAG,4189.98623853211
HNNLKDVALG,1814.619266055046
VNSYSEAS,1357.3577981651376
HNWSKVLSG,3381.6743119266057
DPLHPKHVAS,1316.380733944954
RSFLDVPNHDS,3015.587155963303
AAQVGVG,1172.4311926605506
FLRPKAKHGYN,2608.233944954128
WHFGNAQPYKS,5403.807339449541
LVASKKDSG,989.2385321100918
AKAQEWHKDG,1268.1605504587155
AEFVEKHDVS,1795.697247706422
SGWEEHDVL,3390.97247706422
LEYLYLSEPNS,18627.357798165136
FQVEHRVLG,5280.518348623853
WWLHFWSG,18020.816513761467
VAGYEHDSRLG,2827.293577981651
GRWAASRWAS,8707.784403669724
LHSPHYSG,4417.477064220184
PPLEWFAG,6907.954128440367
NVVWWHSG,12654.050458715596
FVQLNKVRVSG,6107.032110091744
WVRARPKHSKS,1734.7385321100917
YRFWQKG,4673.848623853211
GKVPDDLSG,1018.6467889908257
WSNKGNAEKV,1376.211009174312
EYAWDWDGWNS,12408.302752293577
VWLYFELSG,41859.98623853211
PRPHNAQFKVL,4385.4908256880735
GPDHVFKLS,2989.711009174312
VENPAQHDAG,1405.9633027522937
HDNAKDHLG,1237.3302752293578
GPLDSKASG,863.8623853211009
FQNYYNSG,4458.192660550459
RRPKNHSGEWND,2126.077981651376
EQGDHDALG,1054.6788990825687
KKPPHLG,1143.6926605504586
EVYPEDVAS,1423.2201834862385
EPGFDLEWVK,4733.807339449541
VQQKPALSG,1082.9174311926606
KRPAPRPKA,752.3394495412844
KVDWPNG,2087.298165137615
FLSNGLPKG,2758.316513761468
AKALLEKSG,1078.894495412844
FNREQYASVG,4823.5504587155965
KWFNRHAS,4154.454128440367
HLAPVGNLSG,2763.3669724770643
LPLWADASG,3906.316513761468
PFLHPNSG,4299.091743119266
YGDVAYHEPYHV,8783.247706422018
QKRLRNKRWHD,1930.348623853211
ARNQLWAG,4469.146788990825
ERLKYVLG,4456.8302752293575
WKKNRHALS,2146.2155963302753
NFAVAWVASG,14986.454128440368
GVAGKHWALS,3977.738532110092
KAHVPSFRVALG,6685.522935779816
YKVNLGEENHA,1777.9954128440368
DYPWQFSG,9030.160550458715
YYSFVQEKHV,4620.04128440367
HAERRHVLSG,3250.7798165137615
EFKDLFSQDAL,2716.1743119266057
GASADLSG,1151.211009174312
RVLFEEARNA,7699.1697247706425
HNKVNKWNKHD,1370.1284403669724
WFKSDSEKV,1861.3761467889908
DVWYFEYWKAS,20444.4128440367
VQWEYDEVASG,3790.967889908257
WAHLPYVKAS,8826.61009174312
SPYAAPWASG,4502.720183486239
KFNSNAFHVALG,5412.151376146789
QKDNVSKDAWKD,1067.7660550458716
NHHSHAQFDV,3545.9587155963304
EDLEWKSVQWH,5109.05504587156
YELPKAQFRPN,3560.894495412844
LWFWFNG,12363.243119266055
QFRNKLDDVKV,2233.6651376146788
VKFLPVG,4939.802752293578
FDLEDPHWDVSG,4534.036697247707
RHQRQFHDAQFW,13094.683486238531
KRYEYQREPNH,2350.261467889908
RQHPLEWNHS,3731.293577981651
QKSWSFRQHSG,3370.4633027522937
KGVDDVLSG,1010.651376146789
DANGYNENSG,1445.151376146789
RWWALGNEWALS,17940.54128440367
LEQWSYAS,8172.894495412844
NVADPVAEYWN,3798.798165137615
HVFKRVEKLS,2889.6009174311926
WHYDGRLEWNK,6732.600917431193
VPQLHVALG,2864.261467889908
FNVRPFRREKH,3459.876146788991
NRSFNASQS,2463.146788990826
FFKNRYKLS,3839.47247706422
RDGPFKHQNK,1513.2844036697247
HARRWNRVG,4303.266055045871
PFDGVFPYKHS,7990.651376146789
KNSVFSG,1962.6422018348624
YVPEYNSEL,2432.738532110092
PPHRLEDVASG,1480.4770642201836
RGLAPVASG,1843.4449541284403
LFQERKG,1762.7339449541284
RGVKFNKSG,1238.4174311926606
WDPQWNAQHS,4150.357798165138
NYEFEVG,4405.94495412844
QEYVPFDAFYN,11027.091743119267
QQRQLQFPYHA,8030.834862385321
HGEAWHWNKV,5292.243119266055
VYDEGYLS,5104.293577981652
AFVNFWDSG,11773.43119266055
ENNSKVFPYDL,3240.0183486238534
QQDPWWNHASG,3462.9908256880735
RFYKAFNKFPYH,9063.366972477064
AHPAHASG,1486.302752293578
WRQWYWDALSG,15950.701834862386
GDRNPLG,2469.0412844036696
SGHVVAWKHLG,5284.123853211009
SFYSRENDPWV,9175.504587155963
QEKFGFPNREKV,1764.3256880733945
WLSRQEASGKL,2885.5045871559632
WVQNVQSREPV,2617.8853211009173
WVDRGRYHDVG,7170.344036697248
WQWSNEKHLSG,4320.899082568807
FKQKKHLSYK,1301.2201834862385
QQRHALPNWVAS,6228.077981651376
VDRQYLSG,3160.380733944954
SRNKVGDAQD,949.7293577981651
HAPSYKHSVG,1770.7752293577983
DHRWVHLG,7418.472477064221
LQVLSESEKHS,1510.2660550458716
DAFKNAFYWNH,8419.467889908257
FLRGFGVSG,6487.4908256880735
DHQDEPG,1010.0091743119266
ANFGKLG,2690.729357798165
FHPQHDYWNK,3397.467889908257
PSRHYDGPHS,3548.0137614678897
NQVADVHDAL,1990.0779816513761
LGPQEYFKSG,2373.880733944954
NREYRYSGFHV,11286.733944954129
YALLFASWLG,22745.10091743119
FGFQDSFRD,8973.288990825688
YKQYLGFNSQEK,2311.7201834862385
DPQKYWLSG,2800.6880733944954
EHWFRKRDSG,2631.935779816514
KGNWGFWS,11276.178899082568
QKYSSREYWHVG,4653.188073394495
FQEGPWKYDS,5702.5
LFAGGYVSG,5640.394495412844
QARLPKHEWG,2911.032110091743
KKQHHASG,1000.9266055045872
WNSVDLFEWNSG,10622.899082568807
YSNYSQWNK,3610.238532110092
RFNKPVNKSG,1329.394495412844
DKQPFVG,1900.3990825688074
ARNDVRGASG,1391.5550458715597
WSHQGWVASG,6901.931192660551
FSPLYLRYLS,20513.967889908257
YKHSFLWQWKHL,11367.69266055046
AEPYGQDGFRPV,4630.440366972477
LVGDYNALG,3743.3853211009173
AASVPHVASG,1467.2660550458716
EFQLPHG,3022.4174311926604
KRHQAQPDAS,1031.3715596330276
DAGKEKVSGL,780.0871559633027
NYVPNFNSG,3996.678899082569
EGKVHREKH,885.0550458715596
NRGQNGALG,2101.623853211009
NFNGYDFEALG,6722.238532110092
HLFAVRNKDA,3744.738532110092
ELKEKYNKD,777.5504587155963
RRESWSRKDA,1506.197247706422
KRQYYVALG,7770.697247706422
WENKDKQEWDLS,2352.0229357798166
LNRLYHALG,7738.229357798165
YFQGNLS,3796.1743119266057
LGSFKVEKHDSG,1887.5412844036698
LSPKKDQWHAL,2262.169724770642
YGSQHNAG,2165.0091743119265
RFGFWHFEYKS,11309.119266055046
EPRWRHLEWNHG,7900.477064220184
QFAYEPALYWL,24970.889908256882
QWKNRHGRNAS,2238.8394495412845
QDRNEKVREHVG,1175.7201834862385
PYGPNVEQFPNV,3048.587155963303
PKFLPDSYVSG,4134.211009174312
NYHYHYHLG,8875.660550458715
SNNHELG,1769.8302752293578
VYPWVPLS,12582.247706422018
SLSHEAL,1938.211009174312
YHERPNGYDVG,3870.678899082569
ASWPNLYKHDG,4822.688073394495
SLEWPLS,5991.623853211009
QNWFHDQFKHA,6734.105504587156
FPSSQEPVFEHA,2978.146788990826
WSSWLSFEKHG,9014.628440366972
EEDSEWQYHLS,3770.5412844036696
PLWFQRHDVLS,17924.229357798165
AEEQNLSG,1164.573394495413
FDVPSFHDGQFD,6778.917431192661
RHQWEDRENL,3026.4495412844035
GPHKWKG,1456.8394495412845
YKLHKDQWDVA,2653.7798165137615
KDQSSYKHVAL,1601.9770642201836
GVEAEALSG,1080.1009174311926
SYYFEYNG,10831.334862385322
GVHDFSG,2761.6605504587155
LRHQPDRPY,5768.412844036698
LWHHGRKDL,4004.8899082568805
FGFVHQFRNVA,11490.064220183487
FDNYYDALS,5880.472477064221
DQFYLENAYWL,33352.1376146789
KPLYQPHDA,2105.412844036697
RNNLNKQPWKD,2126.678899082569
ALRQHVHVG,3379.5366972477063
FWEYHPLPYKS,7386.192660550459
SDWHDQPYKHS,3297.5504587155965
PLPFWASDVL,12325.944954128441
FLWQHGPDVSG,5303.353211009175
FPFVNQYNG,9620.949541284404
PWYRHAFVALG,24214.022935779816
RLYDDSQFRV,7354.114678899083
KNVPPDASG,1004.7889908256881
PHFKLRSGNLG,4017.5825688073396
RADWLFDVAL,15283.463302752294
DNKFAWSG,3155.8394495412845
AGRRLGNKHAS,1350.7568807339449
WSYQELWHS,12285.522935779816
AYYSALSG,5947.091743119266
QPVSENLFVEKD,5165.848623853211
LSKHVKLENVL,2788.7477064220184
HSWDHYWHDG,10091.270642201835
LQGRYKWDVAS,4096.752293577982
LPVDQNLSG,1825.2752293577983
LGWPYVPYWVS,28424.032110091743
REGQFAYREYWN,12801.045871559632
LKKARVASG,1054.2798165137615
AGEYQQRWNKG,2603.348623853211
QAHAREGKHDV,1006.4036697247707
SEGAYDSG,1681.9449541284403
DQSDLFLSG,2761.587155963303
FQKKSNKG,731.0825688073395
YKFWKANQPHVA,3354.954128440367
DNQEPGQYNH,1968.7339449541284
KPNDSYNKYNVL,1874.8853211009175
NKPWWKHRNLS,4196.151376146789
HAWNRDGQNV,2923.802752293578
PFPFYDQVSG,8205.261467889908
DGAVHDALSG,1860.440366972477
FDWWWDLSG,14798.54128440367
KEDNGVASG,1070.7798165137615
QQHFLEPYHDVS,5589.711009174312
VAFSVGQRPWN,10141.532110091743
YDHYNAFPWL,19804.077981651375
GKSVSRVLS,2251.0963302752293
EKNSEQEHDSG,666.7844036697247
LKPWAWG,9378.894495412844
AKFHNHDVA,1684.440366972477
RFWHPAEWHVAS,9710.669724770642
ELVPEYLG,3338.5504587155965
PPDLWKWLG,7147.738532110092
PGARHSQFVS,5062.270642201835
NFDDVRKLG,2937.0137614678897
QWVNRKGRNHDL,3921.3440366972477
EEKESQRPNDVS,828.3211009174312
VKVKPLSG,959.0871559633027
AEHEHEPYW,5375.032110091744
ELSFKNHAQVA,1751.8302752293578
KKDRFVLG,1430.9036697247707
FANLQAQDG,1896.9770642201836
SYHQHALYDVLS,8280.422018348623
QAYDHGFPYKAG,3929.9174311926604
VLASAYKDS,2119.2752293577983
NWLWDKHALSG,7559.51376146789
DRGSPLSG,1674.4036697247707
SGGWDGEYHG,4674.142201834862
LQWYAHDLS,12503.247706422018
QNDFSFVPYNS,9936.825688073395
QGRQAPHDA,1448.7431192660551
LWDNENAG,2698.032110091743
SNHDRPRYKHL,3927.545871559633
NFQSYALS,6680.564220183486
QFVNPKDRYLS,4646.798165137615
RPPHSFHVNH,4137.738532110092
SPEALYLG,3730.4816513761466
PEGWEPSG,2659.0688073394494
EFNKQAPVLS,1393.5412844036698
ANPFVSG,3170.3348623853212
NERLEVLSG,3194.5963302752293
PHFWANSFPNKA,6357.536697247707
PWYGLSPWNH,19206.311926605504
VSHVNGNHDV,2043.866972477064
HFRWRLFRAL,13733.151376146789
QRAYDVLRLAS,10439.844036697248
YPRVGWDVSG,5133.1697247706425
YQVAQKGQPWS,4090.256880733945
WQEYQWRWHV,22508.353211009173
SHVHYHG,4091.559633027523
VGEGNQFKHL,2994.316513761468
EYNYNDGSQRG,2580.02752293578
HEDHFNLG,3647.0733944954127
NYVKLALSG,8705.98623853211
QEYWVRVWKNH,12766.30733944954
PWPVKDEKS,1341.9449541284403
YDRPSQWDPAG,3089.5504587155965
WSVHSFAG,9047.449541284404
HYYWYWDVS,14327.284403669724
QAWFWQPWNVA,18788.72018348624
PYGHYKDGEPHA,2736.7155963302753
QSLSPGKDAS,876.4266055045872
EHRFPKPNLS,2439.2752293577983
NRGNDEVG,1148.6009174311926
QRWLASRDEPYK,4941.05504587156
HWPKSEG,1382.3119266055046
LRSQQNVG,1946.9633027522937
DFYLPKQNDVLS,3334.4036697247707
EFGDSRSG,1585.4449541284403
WKRFWLQEHV,8966.788990825688
FNSEWLELGPVA,9637.06880733945
PFKNGFWNDA,5286.9908256880735
FNNLLSHLG,6628.201834862385
WVAVYQFWHVA,34634.71559633027
LQVRPSNG,2344.862385321101
WHYEKDQPNDG,2239.6559633027523
SWDGSFVAL,22821.646788990827
FLDKRYVAL,7619.5091743119265
VSQVAFDAASG,2596.669724770642
YAHASYQFHLG,10819.449541284404
AWWDKHVLS,7851.211009174312
VKFDDVL,2363.4036697247707
PDPFALEPWS,6348.504587155963
KRQDRYSG,1513.1697247706422
LEHPRYASG,4950.188073394495
AYAADVALS,2762.559633027523
PVWDNQYWAG,12439.325688073395
AVGWDKDG,2124.6330275229357
NEVHFHSG,4260.807339449541
EGYKQKHSYKH,1533.8990825688074
QNSQSQFPPYD,3925.422018348624
YWLFDNDADVS,6901.688073394495
SQAFRDNDVG,2440.5366972477063
AQWLRQFYHD,15805.160550458715
WEHDQAPVG,3143.853211009174
NFSSYDVAS,4226.825688073394
NGSHYKG,1885.440366972477
KLFWQQFRNK,4676.752293577982
DNSHKVG,1139.51376146789
DQPKSFRYKFPD,2921.8073394495414
RHHGPNYHALG,4895.298165137615
SWWDHLG,11899.073394495414
YDSWPNHWKSG,5062.380733944954
GFNSFQRDS,4418.353211009175
RVGYKAFRDASR,3270.146788990826
LKLQDFPG,2665.683486238532
AGHKWHG,2436.940366972477
SQREPLFQPYD,8280.344036697248
QLDVELPNA,1639.6146788990825
PKQVVREVAS,1221.366972477064
LRSEEPYNHDAL,2865.233944954128
FDPSQRALFNDV,5275.256880733945
PAFGFAGHDVL,10772.885321100917
WWVDLWDALS,20028.403669724772
AHWHDPSG,3094.4495412844035
LEQYAFALSG,17104.545871559632
NRQPWYLG,14680.944954128441
LKEVESG,1085.3211009174313
FDEAWQRYHVL,14299.79357798165
AGRKFWKPHSG,2313.1743119266057
NVVNASWSG,4577.082568807339
FFDQAQVLG,4511.95871559633
WPQEENALS,2244.5229357798166
EVQFNADAPWHS,4970.440366972477
RHLFWGDLGRG,9026.93119266055
GAEKQHG,1056.51376146789
FDLHHDLYHALG,7772.440366972477
LHAHFLSG,7031.334862385321
VFGLALG,8791.114678899083
EGYNNSQEYDG,2249.7844036697247
FESQFDWHVEHD,5153.068807339449
KFQWPNLG,4720.935779816514
DARWPNHVRNK,2686.1651376146788
VPFDKSG,1376.3073394495414
NPSVRVSG,1584.408256880734
PQEHFRYVPVLS,13909.788990825688
HLHWFKVALS,15276.940366972478
KEHFAQKHVAS,1658.091743119266
DQYKEPEPYG,1525.5
AFKKQWASG,2145.577981651376
EWPHYDEDG,3046.9311926605506
PVFYAQEWEYA,22052.711009174312
RNQSPASPYKL,2858.1743119266057
EDKQVEHAL,1069.394495412844
DFQFVYASG,24128.08256880734
HPSDSVALG,1420.8990825688074
DWHWSKDAL,4792.862385321101
EWRAFPDRDSG,4236.6697247706425
AQQPFPLSG,2842.9816513761466
KRAEKNHG,837.4908256880734
VHPVRALG,3829.376146788991
AGNAHVYWSG,7247.178899082569
GNVPPYLG,4431.637614678899
EAFRYRRPWNS,8085.307339449541
SEEWEDALG,2317.47247706422
WFPPWSFRPDS,13212.798165137614
KWRDGWSG,4949.522935779816
AVKAVLG,1859.3715596330276
ENVLPQFDGQYW,11816.688073394496
YDAYEPDAEPAG,1861.954128440367
EPGYEKDFRA,1714.0779816513761
EYKEALSRAVAL,3988.9174311926604
KDPNQRPHDKVL,1250.7568807339449
HQVNAQVLG,2188.0550458715597
RLYHKDFEAL,4498.165137614679
DPNLFLFYWVLG,31661.75229357798
LGFHSKNKLG,2787.3899082568805
FPENPYWRHLSG,14162.30733944954
NYKQFPWRAS,7580.133027522936
DEFWGPAG,4066.6926605504586
WAHWKSQEYK,3238.8348623853212
VFFAEWDVAL,20279.339449541283
RHKSFNHQNDV,1978.197247706422
ALPKWNHSFWS,10752.766055045871
NWAWVYNAS,11261.532110091743
NYKYAYKDL,4104.197247706422
PVFEEYAFNHL,27458.403669724772
PENYNLEWHASG,5308.036697247707
QSWPVARPWNKH,5919.821100917431
QAAQDGQKAL,1115.9311926605506
HLGFWWKPWVA,19869.642201834864
HPNLERPYNK,2205.3073394495414
WFELFLPYNDA,14186.128440366972
WFPKSRFYALG,12863.119266055046
QPAAAQFRNSG,2364.651376146789
SVEHVKSG,1091.9036697247707
PYAVVLGRPLS,22608.298165137614
RLSKHAFYGQE,3508.5504587155965
SVYKFRWS,10270.059633027522
EGWFDGHDLSG,6297.211009174312
PNDADFDGPHL,3421.8073394495414
VQYLKANHVA,3012.183486238532
HLKVAQYGPWV,13809.87614678899
QFDFRVYQYSG,17058.74770642202
FKENVQRFDVS,4563.793577981652
KFLEPFEWAS,6613.077981651376
RAARNRNG,1598.5412844036698
FNAGAGQWRNHL,8426.366972477064
KWVHHVL,5997.362385321101
LYVVWKVALS,26467.43119266055
HDDLYKQHSG,1964.5366972477063
QFLWHQPWGFR,20175.77981651376
EEREDVKVAG,920.8807339449542
FSSNKQVAG,1665.3211009174313
HEQRRESG,1604.2660550458716
EWHFWAYDVFPN,27952.142201834864
YLQPAQPWQES,3056.1605504587155
DSWLHREYWNLS,12816.41743119266
GPPHKDVAL,1362.591743119266
WNSAKDRNHDG,2111.853211009174
KQNKRVGPWKL,1651.2431192660551
GNVLVHLSG,7957.357798165138
GWVSGFQRNAL,11184.215596330276
AEGKLKDSG,926.0642201834862
KLVVFWLG,29381.871559633026
EGGHREPG,1444.8715596330276
FDEHPHQFREPS,3259.47247706422
EVWHQRYLGWKA,9515.738532110092
GGKHLNL,2378.9495412844035
DSPWPNFEYHS,6873.733944954129
NQHLGQQWKV,3633.454128440367
KESNWVG,2498.651376146789
PRELRQRHL,4240.545871559633
HHQPSHLSG,2310.2752293577983
RQPFQENVS,1702.8119266055046
FQYRAQYNH,7222.376146788991
WEEPHRDLS,5497.385321100917
RYRNFKHGYHVS,5718.431192660551
LQNWYKHDVG,4591.880733944954
SDAVRPHASG,1596.559633027523
YRSQNWLSG,5972.211009174312
DYLQRGALSG,3097.908256880734
QWYQEVYWVS,34703.15596330275
RPQENLDAFPY,10387.243119266055
YWLSSFEAEYWG,19432.577981651375
HSKHFAGFENV,3624.6605504587155
VSFNDAWNSEYW,13710.660550458715
NPLAWHAG,3881.4174311926604
PVPAWSEWHLG,6900.857798165138
QSNRDRYKDVLG,2215.793577981651
RDWHEHLSFHDV,8617.733944954129
NFHWKSEPYLG,7363.752293577982
ERPDDAGPKAG,971.7064220183486
DDSGAEVG,1284.9036697247707
QKVEKGWYLSG,5007.183486238532
EEVGYLYKHASG,4175.4908256880735
YPVPFEVSG,3634.1880733944954
QGYQESKSG,973.7064220183486
SGGRFEAG,1884.6880733944954
EWENAQFEQFAS,6433.018348623853
DAFLWKRPYALG,11504.697247706423
AVEPRNVSG,1288.2477064220184
KYKHEDQNAG,1129.7798165137615
YHGLVLKDSG,4042.646788990826
DKSNNALSG,869.5550458715596
WELQGKLS,4174.211009174312
FEARNFRAEWHS,7660.582568807339
KAVHVPSG,1371.1238532110092
NRDGPVFRWVS,14173.128440366972
VEHFPQKVA,2376.788990825688
YAYWQREYGRNH,8253.463302752294
AVPVADLG,1507.3761467889908
KFKKDWAS,1297.073394495413
KVPSPKENKV,610.0412844036697
GNVEWEVG,2808.5
KLLQAGEYKHLS,2302.243119266055
KAGAAPYWS,4409.211009174312
KRAFPYFNVLG,8319.80733944954
AGGFHSREVAL,3607.1926605504586
VASYNFEVFHL,31688.93119266055
WGKDNREYNVL,4916.45871559633
HYAVAHASG,2832.435779816514
DVNGQDFVG,1776.3899082568807
RYAKVFVPHDAS,4813.01376146789
QKDDDALNG,850.7522935779816
AGGWPVG,3925.201834862385
YDSWVGFQRPLS,11643.59633027523
EEPQHFEPNDSG,1276.6743119266055
PRWWHAQRHDV,6356.385321100917
VASANHSFAG,2629.770642201835
EVGHEVLFLG,15116.752293577982
PHDSNLSFRSK,3297.5688073394494
FHWEDAFRYWG,17816.477064220184
LNELFDASG,3135.4770642201834
ALHPPHAS,2647.770642201835
QRLYADVRKVL,7498.54128440367
PYYDFWQHVS,16207.605504587156
PHWSSGYNKH,4395.798165137615
WLKENQFEPVL,6629.353211009175
EAKYNLYWHVLS,9547.12385321101
PRDWKRDVALG,2680.1926605504586
EDVEWAENYV,4082.711009174312
NDEHFESEYWHS,6477.614678899083
LFVNNDSG,3214.733944954128
ENLHWDSFHALS,8492.97247706422
FWAFEGPPHDVG,9691.09633027523
KELPVGPNKV,1413.288990825688
YKHSYDGPGYAS,4145.931192660551
ERKERYALSG,1417.0550458715597
WKWDHLQRK,3319.3256880733943
DADWSHASG,2284.119266055046
GQEKGREHENDL,946.2889908256881
YFQEWEAG,4411.137614678899
RRGDYNLS,2939.706422018349
WKDVQWPVWNKS,5574.623853211009
PKKDNVQNVLG,968.7981651376147
PALSNDVLFQHG,5597.623853211009
WLPVENDWHALG,7316.155963302752
NRNFDWHS,7225.339449541284
LQNRNLFYWKS,10205.481651376147
RSSNEVLS,1492.6467889908256
LENRKGQFWD,7150.798165137615
GVSWEWVSG,7706.821100917431
AEADKAG,750.302752293578
WDVHAEWLQFNA,14993.133027522936
EARDDASALG,1191.3073394495414
KYNKDWVQWG,5164.697247706422
KHEWWKFEALS,5670.90366972477
PHQVHFYVSG,17973.784403669724
RWEVGEDVQWNL,8212.587155963303
AKSFRPFAL,7944.4495412844035
RESWNAALWNK,4288.151376146789
PNVFVEYWASW,41650.65137614679
NQPPQNDSG,1224.2385321100917
AFDKQYDALSG,2036.573394495413
SAEAQPNHSG,1187.1146788990825
QYYEYHSYHL,11111.47247706422
PPRWEPSG,2632.7798165137615
KEDNNHDVAS,888.4311926605504
GHENVHASG,1344.880733944954
LYNHGVQNHVLS,4056.1146788990827
FHYFRQFNKG,4583.045871559633
NYWLVNDVSG,9168.5
KENEPYNQDVG,1325.4495412844037
RESYLPKVENDS,1349.5550458715597
DQKVRQWVAG,2390.798165137615
NLSWVEAPNV,4738.385321100917
VLSWHAVAFNDG,11507.944954128441
VEHYARKLSG,2990.380733944954
SEKHEDRWALSG,2233.1422018348626
VGGHFRVAG,3712.6422018348626
QEYYGFQENKVA,3528.2522935779816
QWQYLSQPRWV,21533.981651376147
PAQRDLSWKGW,6621.871559633028
EVDQNDFHAG,1597.6697247706422
ADPSNHDVA,997.0
VGEQPYYNG,5450.1100917431195
KFRVSYKGQPY,5588.802752293578
PNARREPDYKVA,1618.7385321100917
YQQVAWLSG,7895.463302752293
PDKRGFNKHG,1385.1559633027523
HAEKNSYWNKV,2739.064220183486
FKKRFPDVALSG,2249.3119266055046
YRWENGWNL,12324.747706422018
GYYNFNKHVL,7888.454128440367
WKDNSEYKLEPA,1747.440366972477
KDEEFHSG,1059.0183486238532
SFSNKKLG,1643.0091743119267
EHKPKDQPWNKV,1427.4587155963302
NVKAYWPWL,18231.623853211007
RRERLSGFRPWL,12479.853211009175
PVAYKLFRNAGN,5731.412844036698
KWNQGFASG,3522.293577981651
FVFNVYFNHDS,19006.93119266055
KYVPLYKDAL,4127.114678899083
NKEHAGDFKLG,1519.1788990825687
YKGHRPDWKALS,3571.4311926605506
YNPGQPSFRPNA,3322.6330275229357
WAFHYGQFYWHD,21351.853211009173
QFELSKEPWLRE,3666.47247706422
SRFNNLSG,3667.3256880733943
YQNEDWKG,1962.7247706422017
WAKHEYGRPYAS,6505.178899082569
ALYQHFREKDV,3261.697247706422
YNDYQNHGQYKD,3388.4449541284403
YQVKGKLG,1592.7385321100917
EVGFALDSQED,2123.619266055046
WRPPYVRVG,12334.243119266055
YNQALRVGKDS,2587.7844036697247
DALRYHDRPGRN,3652.940366972477
DPLSSRYS,2125.6559633027523
VPWRAFNKVA,5363.908256880734
KAGHHLQPWNA,4280.692660550459
SWAFAFYLG,21677.133027522937
HYLHYDAS,5232.504587155963
KGHQSGPYKH,1587.0871559633028
AGRPSKDQYG,1317.0229357798164
ELAADLS,1636.5183486238532
FWVSNGFPDFW,30949.830275229357
RELSNLDFPYW,15239.146788990825
VRNVSFNVQPWN,11878.238532110092
KWSQEKYVAS,2391.798165137615
FGRADLFPWVS,15967.912844036697
AKRPYRELG,2603.169724770642
RDNGASPHVLG,2470.4862385321103
WPLGDEWLG,7869.155963302752
HHLQWDVGNKA,2859.6284403669724
EHLSDLYVLFRH,19957.88532110092
WKVENLWFPWH,28350.95871559633
FPHPKGRAPVG,2099.3669724770643
HYWPPHASG,5378.275229357798
LGRVQALFRVA,15784.02752293578
VFKQWVGEPNKH,2806.1880733944954
FEVYNKRKDFRV,3702.256880733945
RWERFPNHALSG,7443.798165137615
FEEWRPYFPKHS,9555.591743119267
FKHWSQYVPSG,5756.266055045871
NQAFGFPYWS,21668.89908256881
YHLSYSKLRG,5633.165137614679
KDFDWDQRWG,6679.738532110092
PPEVNDLG,1076.6834862385322
RKFEVRHQPKVG,1548.5963302752293
NRFAEKHDSG,1617.3165137614678
HVVEVRWNH,9933.29357798165
QAQLVALYKDLS,15494.775229357798
YRWRHLKVLS,8985.495412844037
EVYDQPSPYHS,4219.44495412844
YWSGYHVFDFVL,28356.188073394496
PQDRSWSG,3142.183486238532
ADAKLKVLG,1488.8119266055046
SFGAHLG,3765.1100917431195
EYNLQARWGWNA,10085.88990825688
YNKNDARREWG,3048.3715596330276
FNPDLFELWHS,10069.926605504586
EQVSSQHS,1000.1467889908257
SAQNPNG,1468.151376146789
FGFEEPWSGFYS,25850.577981651375
RHGGNKYLG,2829.733944954128
FYFPKFHFESG,7770.220183486239
PSFLPKLNLSG,5507.1697247706425
FPVGNHRPNGQF,6788.243119266055
QPFPRENDYWAS,5391.940366972477
LVWDHSG,4629.321100917431
FKDVYAFEPLKD,4663.4908256880735
WGKFSRHSG,4158.894495412844
PFKHYLNKDL,4242.316513761468
LDQESWLSG,3394.862385321101
DKLRQPDVAS,1084.9495412844037
KDEFSGRYH,3036.1009174311926
VHPYNFRLSG,9203.848623853211
LRNFPGEVG,2782.408256880734
VWSVFWHSG,15587.463302752294
LQDQRDADAG,1398.3394495412845
DNRYPASG,1851.51376146789
PVHGAGEWKVA,2208.3899082568805
WKKNHEDVLG,1546.211009174312
WGAPPYASG,5872.316513761468
KNPLFDVALG,4355.674311926606
PRRRYKLSG,1786.5642201834862
KDPFWVWNDV,7510.981651376147
HAWDWHQFYKG,10776.688073394496
GQLRKENVLS,1736.6559633027523
WRGLGRG,5302.371559633028
SRYPYKEPYDVA,4037.8394495412845
VFQYSVSG,5688.853211009175
AHGLWSG,4985.270642201835
RYDPRYDSGWKH,5442.032110091744
AHGKPHLG,1882.2339449541284
AWNSYLRPKDAL,4964.128440366972
DKQFKQNKHL,1336.1009174311926
KWNWVRLG,9587.04128440367
QFPLKVLRKVRN,4903.738532110092
QPQEKRENENKG,825.7247706422019
DWPAFHDL,10613.40366972477
ARYWWDLQPAS,8344.816513761469
RVWLPQFNLS,18646.389908256882
QGWFVEWKDS,9136.022935779816
ENWESGRHVA,2667.02752293578
RYESNDWKDL,3810.229357798165
YWKFHSFHGREY,9646.481651376147
SQEYNYVLSY,20450.871559633026
YAEPRKRPNHG,2176.7798165137615
PNVYRYNHSVLG,8891.614678899083
DAYPRNKAL,2076.0229357798166
ASVGLQLG,2366.1422018348626
EYSFSRWNHRND,5869.866972477064
LEWKYPWKAG,4771.027522935779
KQWPWSFEWNVG,11268.770642201835
WSNYRYVLS,15595.880733944954
HVHAHLPKDVL,3227.5045871559632
RHGGKDLEWDV,2948.302752293578
WPDYKFWNHG,8303.816513761469
KFDHEHVLS,2103.9311926605506
KQRNPHSGFNLG,3688.467889908257
SPKERHVS,1162.8532110091744
PLRDRYNFNDVG,5341.408256880734
QLQVERWALSG,5240.536697247707
EDPLRNVYLS,5986.646788990825
HYYAEHSG,3575.2155963302753
YWFSDGEYKV,6160.279816513761
KAHRARPWKA,1872.0550458715597
KKEVGRSG,676.3119266055046
RKKWQHSG,1240.5045871559632
LHDRDKLG,1506.6880733944954
VSGYQRVPYAS,5886.775229357798
HVVQYEWNVS,8984.509174311926
RHYPLENDA,2348.2201834862385
SSQWAEVG,2240.761467889908
FKNWGNALS,3842.0412844036696
PSSNNKHDAG,1060.9633027522937
EWNVKDPNREDL,1461.6743119266055
DKAYDPDAL,1261.6009174311926
YKADGYLWVS,12551.298165137614
QGNPFYDVA,5792.788990825688
ANPFWDVLS,10373.183486238531
ELVHAQPWNDG,3410.3440366972477
SGGSASG,1034.5550458715597
NWRVAWG,11828.018348623853
NWKNGYALSG,4418.073394495413
QFSEVRVLLSG,38393.678899082566
RPHQLSPNPDA,2360.0504587155965
LRNFYAEKHL,5813.701834862385
LGYGKDKLS,1841.2752293577983
LLRWNWAG,11281.229357798165
KPYSVPNKHG,1598.4036697247707
RPNEDSWLWNV,11706.545871559632
AQDGLSENKL,1080.545871559633
ASDEAFEPAS,1012.3348623853211
HKRAHVLS,2134.559633027523
ERSPDQNKHAS,956.1743119266055
REEHQSGRNHA,1636.633027522936
FAFKFPDLQY,11755.243119266055
YPWPYSPKHS,6337.426605504587
NLFDRASPYA,7246.587155963302
EWLESQLPHAS,4720.651376146789
GQKFDYVG,2782.3348623853212
WPVPYFSG,21181.770642201835
EYDRYLHDLGRP,7730.605504587156
EVDYNDRPWL,7512.660550458716
ERGREENSG,863.4266055045872
EDSLQDAYWKDG,2188.233944954128
VGGAFALG,5048.417431192661
DNRNPWVSG,3811.1100917431195
KDLWHDRNALEP,2962.256880733945
LRSVNHVAL,5297.073394495413
EEEFNSG,1283.334862385321
SKQPVWAG,2846.9311926605506
ASLSRDAEHG,1332.073394495413
KVDHRNVALG,1814.591743119266
VPPDFWLSG,5976.628440366972
NNVPRHVSG,2225.9266055045873
GQYRSPNDVLG,3135.894495412844
YNQAQENDHALS,1553.697247706422
RNSGRKLNFPNV,2913.729357798165
HGASRGHDAL,2268.4587155963304
GKASEPEYHLS,1351.3990825688074
HYNLRQKHLS,3792.9311926605506
EPVRLSNGQRP,2366.697247706422
KWLDYNG,4093.4633027522937
DWKSKSWKHLG,2602.7201834862385
WELQFWANA,15273.165137614678
EQFKVSDQPDS,1472.967889908257
GFDHHSG,2956.862385321101
LPEVQNSG,1212.9357798165138
PKEKEYDVWNV,2123.0366972477063
DNKKAVASG,682.0229357798165
RYQNWNAGKS,2793.733944954128
SVQKFNHALS,2356.669724770642
NNEVDSG,1301.651376146789
QWSFNKQLSHG,4433.899082568807
LVRNSRSG,2314.6880733944954
PQRHQREGWKVL,3774.045871559633
LRYNLHSQKHL,4587.885321100917
PGVSDGRPWKA,3010.8119266055046
HNDAPYENKVA,1579.5412844036698
VPVFDVYS,9515.146788990825
WGSYVGFRPAL,18846.3623853211
KGSVHVLSG,1878.6605504587155
RPHGDASVGKLG,1440.9633027522937
DPVEPNPYG,1977.1926605504586
GAPVEVLS,1712.1146788990825
REYQAPNLHDL,3518.651376146789
QHFNHVAPSQNK,1686.7385321100917
FNANNWKHVG,3737.4770642201834
ELHAWDYWHDG,10244.733944954129
QKHLHLEWLYHG,9921.261467889908
WDRVSAGRPWSG,9800.59633027523
EPSRPDGEHQYW,3455.9036697247707
DPHLSNAFES,2277.0550458715597
DAPYFRDFNHG,5533.935779816514
GSRHLDG,2576.256880733945
NKEQHDWNV,2116.243119266055
NHSKAPAEDVA,729.3302752293578
ENVSHSRKPYD,1974.1788990825687
APDHVEVLS,1773.6422018348624
QHVLWHQHPWVG,14750.178899082568
FESYRNSGNA,2601.6926605504586
DYAFRGVLS,9211.178899082568
SEDEYLFRYKG,5087.779816513761
FLREGALPHV,7657.027522935779
YPNPFWLG,19382.24770642202
HLYKALFGRVAL,12038.128440366972
LGYLYLFNKDV,12702.197247706423
FVPSDGRKG,1497.7155963302753
PYKAKEWLHAL,5057.311926605505
WQHFVFNG,18312.802752293577
NQPNSKLQENHG,1223.8302752293578
FVKYVSNDA,3515.6100917431195
EEYEAFWDVLG,7007.660550458716
PFWSVLRNLSG,12764.62385321101
KRHKYVAL,1534.3165137614678
GDFDKVG,1465.532110091743
ERHFSGYWKHA,4836.302752293578
FESPFWNRVLS,10798.01376146789
AGYSEAHDG,1664.366972477064
KEQHLRSG,1281.059633027523
YPDRAGEYWAS,5255.454128440367
NRPHRFEAG,2443.4036697247707
SEKKAASG,601.5871559633027
NHKGKAFNKA,855.0871559633027
FFYEEPVALS,6675.137614678899
QEGDHVAGKDG,927.1788990825688
KHNYNAEWKDAG,1456.8715596330276
NDHSVLEKAG,1242.2706422018348
DFGAENSG,1515.7201834862385
FEYPAFRDGRY,10919.69266055046
QQFEWVLWSPHA,29753.169724770643
HNARSPAS,1673.0045871559632
PPPKVFLS,4642.165137614679
NFPHANLEWKL,6296.100917431193
FHHRKSREYSG,2577.9633027522937
RQHPEYNKDVS,1339.9449541284403
FHFWQRNARNHA,6125.275229357798
WHFVRKLQFY,21717.022935779816
QWRAYHSWNH,10358.954128440368
DHDNLPKVALS,2014.0504587155963
SSHDGKVLSG,1321.1009174311926
ASSLWHLSG,4412.334862385321
PENGWQYHG,6584.376146788991
EVHRAFKDL,2460.091743119266
DWVLYHDKHVA,6622.577981651376
YLFDSRAEHDV,3314.788990825688
PPNGKVAWVAS,2253.6743119266057
RYRFPVSFDVLS,19499.619266055044
QYQLNDFWG,11277.04128440367
WQDYRYSG,9587.559633027522
VSFSHVGQRAS,3318.270642201835
LPEQVAG,1012.0229357798165
SPHYWFRPNDS,4902.646788990825
PFYYLRPYKLG,17711.183486238533
FYERVQEYWNG,8982.743119266055
REFRWVRPYSPL,17614.032110091743
YQGYLQSG,4250.422018348624
DNFHFKSG,2729.532110091743
PYVEWNAKAYAS,7085.802752293578
DWNWHYHDG,9987.284403669724
RWQDLSYRWVG,16778.490825688074
HADSENAQAG,1017.2752293577981
FNNEVEWKALS,3125.9266055045873
SNWNHRLG,5118.619266055046
RYFSVSRHV,9602.811926605504
QNQVVGQNG,1217.2201834862385
WEDLKKDSG,1472.5412844036698
DDRYFHDVL,6055.967889908256
YLFSYENVALSG,10844.770642201835
NRGEAYNKHLS,2132.6330275229357
KQESKHQYHDG,1450.908256880734
HRPAHLGEPYHV,4506.646788990825
NFEVYWSNKHG,8495.435779816513
NGFPHDAFYLFY,42250.37155963303
PQYEDVQPKS,1436.8440366972477
PFHHDREPHS,2603.9816513761466
WGYYNQFRD,11922.321100917432
FVHLHGEAL,4548.766055045871
WVRHWGPWKD,11246.339449541285
SPSPNYHASG,1810.8302752293578
NKWHQHQRNHLS,3521.6330275229357
SRFAYKALSG,5148.922018348624
PLRFLQWKDVA,8196.477064220184
PHGPPNGNKDS,1079.8440366972477
WPFRNQVS,6767.720183486239
ASQWSFDEYHA,7462.729357798165
QDSFKGQQRDG,1444.348623853211
GEWAEPVSAL,3956.6146788990827
KFNAVFWNKD,4730.174311926606
FKWGGRYWDVLS,12542.605504587156
AYSNSLSG,2279.591743119266
FGLAHDVLS,5789.825688073394
QNLHYWSEHVG,7203.899082568807
GEVWVPSG,4473.54128440367
YFNQWQNKAG,3331.4449541284403
DAWLYQEYHLG,16126.266055045871
QAFGYVSPYWNH,15535.669724770642
KNKEVEKS,666.5825688073395
QWGHREGFNKL,5202.885321100917
AHYHNHASG,2621.4036697247707
AEYFVFEVA,50368.1376146789
AHEYPDVALG,2539.3669724770643
YLDNLQASG,2675.940366972477
KKAFPYVYLSG,9281.646788990825
PKWRGYDAS,3788.3256880733943
QAEEPQPYNS,1347.8577981651376
YQNQQNDAG,1362.6376146788991
SGRWKYWGLG,9322.091743119267
RYDPFWGPYKVA,11780.573394495414
RWPQEPVAGRPS,2330.0550458715597
KRAAFHSG,1700.788990825688
HFLGFQEVG,6874.692660550459
QFQYKLLGWA,13992.93119266055
PKKHAVAQFYWH,9043.183486238531
AWNVLYDPWN,20142.325688073393
YQSGKLRDVS,2196.4587155963304
RLPQNQFENHV,2876.206422018349
SHVGRFASG,4082.316513761468
YVVDYWAG,14366.018348623853
GYKEFWHLSG,5333.995412844037
WQDGPHDEVAL,3736.5091743119265
VAFQKSGPDVAS,1461.8990825688074
HGKWQEPLSG,1842.697247706422
GKDVQRHPND,1526.2660550458716
HEHWPNASG,3435.798165137615
FGSFENRVLSG,5146.307339449541
NLAKGKVAG,1407.454128440367
EHQHDLWGNLG,4016.211009174312
FERSFRPWPYV,20869.389908256882
DLRWFHGFKDL,12738.70642201835
YDRSGRGPHDG,2929.408256880734
RPEQFKYKDLS,2865.5825688073396
EEGAGELSG,915.8623853211009
PWADEPHDQWVG,6038.160550458716
VAVYKGEPKVL,2762.7155963302753
PPGKHQYG,1741.9816513761468
KFAVREASG,1670.5688073394494
DAYSHAQEPK,1247.9816513761468
YALFERHHLG,8869.935779816513
KRSHRPLG,1623.408256880734
GRGEHSLG,1636.651376146789
SNPHRPLSG,2449.8073394495414
RYFVEKVYWNK,10218.752293577982
QLRYVRHSEWA,9110.591743119267
WFRQLGQFNL,17113.623853211007
LNGRVQDSG,1732.6743119266055
EAEDFHREWKA,1929.165137614679
LSAQQRALG,2296.793577981651
DLFEAEAGRNL,3669.912844036697
LSPRHQRPYG,4993.077981651376
YGDNQFHVAL,8635.059633027522
APWRQRHG,3926.848623853211
YHSNDRKAGQPK,1248.3165137614678
PVNAEAWKDA,1377.211009174312
PQQSENSG,978.6697247706422
AEKSPRYWDSG,2987.197247706422
EYNENVLENWH,6640.027522935779
PHVAGSFGEVAG,2181.5412844036696
KKLKNSG,598.2247706422019
FFWQQRHSG,4765.619266055046
WEHHVQKHVA,3012.353211009174
QHHVLKHSYVAS,4833.018348623853
LPHHVYVALS,20397.174311926607
FVQWYLSRYV,16331.321100917432
RFVYPDAG,5874.174311926606
HASWWALEYVG,18669.091743119265
LQVAAEPYDVL,4885.188073394495
PDREYKPNGWN,3634.3899082568805
NHRVSGPDVGND,1577.0091743119267
YFVKLPDG,5098.981651376147
ASYHDFWLWD,19152.481651376147
KPDDPKVA,715.1376146788991
EYNQANLGHLG,3158.738532110092
SPRRNSG,1451.5366972477063
RDEKWGWKDV,2628.7201834862385
FSSSKHSG,1458.3899082568807
RKSFSEGYNHAL,3193.2201834862385
GAEWRLG,4490.54128440367
GKWKFVSG,3211.256880733945
QGASDALKDLS,1098.633027522936
AYYVYVG,24988.238532110092
QGGWSKDVAG,2026.2431192660551
LVLPQVSG,2926.302752293578
RRLFWHDSDALG,6910.665137614679
HFDFFHSG,7671.09633027523
WRDAVRNKDVG,2462.6880733944954
YWKWQFKVRWND,11839.80733944954
AREWWGFEPKS,4863.243119266055
YSDYFESG,4681.165137614679
WPWSKDNHVLG,6366.821100917431
RHEEPNPDLS,1491.2247706422017
PNGKNKHFYVLG,5437.8302752293575
KADRRNKDVS,776.197247706422
HNRLFYSG,8369.683486238531
YYAALAG,4029.7247706422017
EPGLLEWKHVG,2808.4954128440368
PAYKANAFEDAL,2699.1559633027523
VWGPLESG,2985.940366972477
YVSKSGYEPKG,1623.073394495413
AFAPDQEPWS,3965.293577981651
WRLRQPHVSG,6007.844036697248
FQGHGFLSG,6895.564220183486
ERVKQWLSG,2632.756880733945
YEHYWENKHDG,3400.9816513761466
RDLFAEHWNVAG,5027.1697247706425
YAQFSEHDFPHG,5491.59633027523
VYHNAHASG,2439.422018348624
RRRNPWLG,5705.55504587156
WVNRVRYDVAL,18701.009174311926
KFQHHVLS,3304.4449541284403
NPAGAWLG,3750.229357798165
PDLYFYWHQYK,14171.022935779816
SEFQRVLSG,5042.633027522936
YEDEHQYKAS,1804.834862385321
LEDYEALSG,2362.9633027522937
GYSNARHDVSG,2462.559633027523
LRNNVEKDA,1386.2339449541284
PYRVYVQKDVA,10171.977064220184
DNVRQHVAS,1589.2935779816514
LVEAQVASG,1398.8211009174313
EQWRAEWHAG,4536.284403669725
NVGGEYNFPNKS,2186.8394495412845
HFDEEYLSG,3563.6100917431195
HNRKDQG,1043.2706422018348
KHQPFRPKYKD,1345.5412844036698
YEQAASG,1565.9036697247707
QELSLQRWEPVS,4135.756880733945
AGSQAYVG,1853.3532110091744
PFFRNQSG,4669.706422018348
DAVEDLEPKVS,1015.651376146789
FDNFGFWVAS,14929.738532110092
DGNRVSPYWH,9498.990825688074
HHFNANG,2752.6284403669724
GWYVNLSG,12080.0
WPRGYDLS,8239.87614678899
EGHFSFEYWNKG,6197.155963302752
RVWYHLWNDVA,13582.440366972478
FEPPDVDLGRKV,1644.165137614679
GPLQAENS,975.0229357798165
QNYYEPVAS,3740.6559633027523
FFDELEYVALG,12337.87614678899
WSDQWSRHSG,6351.422018348624
GPWAFQEPYN,8504.422018348623
SSPVDSG,1128.4587155963302
QSKAAGRKHV,936.2064220183486
EWPHHVQPYDS,5175.481651376147
YLFFSPWNDAG,10838.009174311926
AELGVWKG,3594.4036697247707
LSDAYALRW,12326.050458715596
GQKVFKPYVG,4776.9495412844035
EYFDKDSENSG,1479.2201834862385
AFYLSNQEPWH,14286.316513761469
KFPGFGPHG,3508.4633027522937
NKWRPNKPWKS,2167.8394495412845
LPRYKVPWKH,4330.899082568807
PGAQPKPYS,2335.362385321101
WKDSGDYWHSW,11351.555045871559
NKNLHYHDVG,3017.408256880734
NPNRSFPYNSG,3519.9816513761466
KLYSKSYKHDG,2085.7798165137615
ASYKAEAFNDG,1812.4220183486239
GGEKSKALG,754.1100917431193
WEQEDSASG,1804.8577981651376
WPVKPHG,2908.206422018349
GQVGWGQWNKL,6233.793577981652
PRGKLNLSG,1519.5550458715597
VSQNDSGEDSQE,851.0733944954128
RNLNLVLQELG,12611.724770642202
SLEKSNLS,1216.7339449541284
PQYWHSNQREYN,6556.908256880734
DFFQEDALG,3914.302752293578
SGKGWSFEPVL,5997.637614678899
KPRLYDG,2813.876146788991
FRDPLRSQRNSG,3147.853211009174
PVARVRPVLQYK,8124.853211009175
ENGQDRPFPHD,2934.045871559633
ADAYPYALG,5331.293577981652
SYELHALS,4997.477064220184
FDPEEKAG,901.848623853211
SVQAHVG,1972.0550458715597
WWNKGSFPVALS,11486.977064220184
ELRALLGREPS,3302.298165137615
SFSFVRYDVG,25042.119266055044
WPGYRESG,4198.325688073394
DEFQPDG,2125.4174311926604
QGFQGRNHDVL,3931.6926605504586
NFKKWHG,2998.8577981651374
RWKRHFEQKVA,2084.9174311926604
FARDKLQWVAS,4874.5091743119265
PWQDALPQPNKS,2169.5366972477063
WVYHYDQDALG,9145.215596330276
GDAGEFKG,1214.8532110091744
LDGQAPLG,2138.4862385321103
VWDKNDLSG,1974.105504587156
ASLKVLYVAG,22320.5
NEDSFYAWDG,9699.37614678899
VLWARHFRKHG,5258.431192660551
YAWKFDRSG,4628.9495412844035
KHFDDFEWKHSG,2544.0366972477063
LQPPNSPYWAL,10506.56880733945
AELHHDG,2102.6284403669724
WNRYKQNVAEWN,4842.4908256880735
HWRNFRWKAL,9029.93119266055
DFAWEKALS,3263.6926605504586
EAHHHVLS,2406.4036697247707
KNHSPQFYVAG,5305.252293577982
LNRVYVG,9661.032110091743
KYSKRPVAL,1975.1422018348624
WKVYALRLPYKH,15503.188073394496
NLWWNLEHLSG,12163.09633027523
PASGPWVGGFYK,10922.674311926605
GKVEDYLG,1514.2247706422017
WHNWLQYKH,9466.243119266055
HDEPAGKLREKH,1035.467889908257
GHHDRDG,1719.3532110091744
HYFKYWNKHA,3901.7201834862385
LQRVQKAREV,1348.8165137614678
WSDRQPALS,3656.3899082568805
FKQNDAWQFHVG,7060.376146788991
NVYVQNAYWH,16009.463302752294
PAERDAQKDL,1128.1788990825687
WEFEQFG,12486.119266055046
HWVHDNDG,3963.408256880734
REAPASDGFHAS,1576.4954128440368
PLHVKVSNVA,3765.256880733945
WPEPDRG,2565.6100917431195
NVKELGLG,1475.454128440367
ARAANVLS,2004.8302752293578
QWFDNDVSPKVA,4567.655963302752
QFKDEQKVSRNL,1632.3165137614678
EGGFFEDS,2884.0688073394494
KVWPWEYWNHVS,13289.270642201835
LKEPSEG,911.4311926605504
FYGWSRAFPYD,12924.935779816513
FHERWKVSQL,5957.495412844037
FPPEDSFENDL,1945.3302752293578
KSKLWKQAG,1019.4770642201835
ELNERKLG,1178.9311926605506
KVLHVEHSFVG,5800.9908256880735
GEVEFVSG,3369.729357798165
LWHHRWALSG,10702.655963302752
HEKKGHDG,843.3348623853211
FQKKQHVL,2076.8899082568805
HAVWVGKLSG,5208.527522935779
FNQNQVSFESG,3301.4174311926604
VSRWWNHGFYNK,9719.802752293577
GSWKLDG,3152.4036697247707
QAVSKLEYV,2980.4770642201834
LFDAPHFEKVA,3496.137614678899
SYHRDEHLS,2497.637614678899
AYVVQDVS,4053.1743119266057
EGHSNLRYAS,3131.3899082568805
SDWNWDG,6223.802752293578
YGWPFYHALS,15406.325688073395
DNARFRVSG,3500.6009174311926
AFKHPEPHDVA,1523.711009174312
GASKGHAG,1011.954128440367
VKYLKVLSG,5715.784403669725
DSHNDGVSG,1121.2522935779816
SELAFHSG,4056.408256880734
EWDDHDHVAS,2336.0688073394494
RHAWHVDVRNH,5072.252293577982
NHFSAYWNKDS,3365.4954128440368
RWWDLEGQAS,4334.307339449541
YKPLSQGYWHS,6028.339449541284
QLEELQFENG,3721.4954128440368
QLPWRSDVL,7352.935779816514
AYSESHDALS,1844.165137614679
PEKWSHDLSG,2378.97247706422
LNKKWHVS,2192.8853211009173
KDHYWEWHDG,5806.967889908256
KADKRENVS,639.3348623853211
ANPYSQG,2341.733944954128
PNKWDRGEDVG,1600.3623853211009
QGYQWAWHDVLS,12539.183486238531
QYGKSEDVNVAL,1762.9724770642201
WYPNGWLSG,14599.577981651377
HLGANQYDVL,5225.192660550459
WARKLPVGFNV,11025.009174311926
YNGWSEPEHL,4353.174311926606
KHNLRKEPYKAG,1068.5
LPEGQKHVL,1601.3256880733945
QKRQPYYALS,5283.045871559633
FFFYYKDLG,3123.5825688073396
LQAFWSQPG,8578.467889908257
LFREKKHWAG,3563.7201834862385
DKDKSWHG,1217.6559633027523
LVALSFNQKVG,10815.761467889908
AGLRPQRPWH,8149.807339449541
RFKGQFWKFWH,11944.545871559632
NPLFQFRG,10086.252293577982
FLPSNLFVSG,10551.050458715596
QEVDEPKSHDG,816.6009174311927
NPNSRLHVS,2285.298165137615
ARNPGFEPYAG,4264.720183486239
ARSPWHKSG,2203.756880733945
RLWNSPGRKV,3270.935779816514
KSDLVSHLS,1457.605504587156
KWVWYVLSG,21039.97247706422
SRLAEPSG,1732.3256880733945
QQVFEVENSG,2098.3348623853212
WYVDRWDG,14391.311926605504
DVAAPHDSRKG,1140.2614678899083
WLGYRYWSHA,12163.233944954129
DSEGPSPKLSG,1133.6146788990825
YASYPYRWHV,13081.334862385322
NFRVDVVAL,38506.880733944956
ANHPQRVSG,1931.0366972477063
LFQHGLSG,3660.646788990826
WYYDYHL,8427.325688073395
FYPHWKGFPWN,14486.633027522936
NRHRSWLSG,5269.04128440367
DKSAEWAS,1238.3532110091744
YQPNNFRPKHA,2685.623853211009
RFENVVGFEYWA,31301.105504587154
KYRNNAG,1639.619266055046
DASEDVEKAEHD,749.5779816513761
WELASHG,5814.8302752293575
QFGVLQAGRNDV,3311.3853211009173
HNGFHDHASG,2670.5963302752293
PFWFDGPNHV,16500.47247706422
AHEFPLSG,2462.6100917431195
WSNHHVLRHAS,6372.325688073394
PFWVEQPNHDG,5413.417431192661
SAPDHALG,1632.3302752293578
YEEPAFVLG,9508.545871559632
RHYRHDFEHSG,3598.412844036697
YAALKRYHVG,5421.98623853211
PAELENSQKV,972.1467889908257
QEAVNEDVALS,1053.0963302752293
QLFGGFEYNH,10140.784403669724
WQSFLWDSG,16099.100917431193
WLPGLGEDLG,3650.440366972477
GFAGYWVAQYNH,13693.591743119267
AKEFRSG,1206.0642201834862
SFWLKHVAHVS,8661.614678899083
EDDGGWAG,2337.8990825688074
PNDQEPYEARWK,2519.587155963303
HLFKPDQFKG,3184.605504587156
HGRHPAQHLG,3422.137614678899
DFNQHLRYA,7693.1697247706425
QRLLASGKALS,3268.408256880734
HPGKWLG,2658.5412844036696
ADYLQLG,3198.151376146789
YPFKQFLG,9204.894495412844
NSRPFWNALQYH,13181.51376146789
PGRYHYSQPV,6318.738532110092
AQVYAWDG,7515.45871559633
HNDEHPDG,1528.6788990825687
EAWDWGFYHDLG,14572.51376146789
GNDHSWDVA,2764.706422018349
GLFAWHG,10525.545871559632
SPFQRVASG,2654.440366972477
NWAGREDPYWK,6038.926605504587
GNKLKRKDA,727.5779816513761
WNEWDAHHDVG,5108.522935779816
HFGGWLS,9524.04128440367
HVLAHQWNKHG,3404.321100917431
PQQWVQFEYNKH,6636.399082568807
AWNYLHVASG,7118.972477064221
RYVWKEHDPYND,5658.559633027523
NFLYFWHSG,13517.40366972477
YYLKDRSG,2624.270642201835
SRYPFVLSG,12189.729357798165
HPKNRNHLSG,1688.01376146789
SEGANKVLG,1271.3761467889908
RHYHRDQYDA,3512.1743119266057
EKNEASFPNS,922.7752293577981
QVVDLWVAS,9308.311926605504
WDWAVQPHVAS,6842.729357798165
HLQGFPYFDVAL,26026.380733944956
YPDKYHSG,1947.1880733944954
QGGDDALSG,1152.4954128440368
GWSFEKVHLG,5982.3899082568805
EKLYYHDSQEKH,1796.6926605504586
DEGHVDAG,1389.4449541284403
NVEQEDGDALS,1090.1559633027523
KRNEKGENKS,598.9954128440367
REVGQVQYSGN,2541.6926605504586
RPNRKFNLRNVL,4757.738532110092
DRYYEYWKHVAG,5897.220183486239
KDVLVQNSWA,3623.729357798165
YEVRNGELSG,2071.0045871559632
YWVSKQELQDL,2755.9311926605506
SEKLFLQNKHDV,2529.8348623853212
WAHVSYHAKHVS,5900.784403669725
KGDRYHVQALS,2465.1743119266057
PGSNYKLSG,2170.0183486238534
VYNDRHRHVLS,4624.839449541284
QQEDSRVEKS,861.243119266055
HQLQPHFHSG,4916.522935779816
RHFPPAGQPW,6352.866972477064
HGEFWDGHVS,7288.9495412844035
NVVSDVFENSG,2834.9633027522937
LRDVQPGQPWKD,3344.5091743119265
NFAPFPHG,6333.564220183486
EQQFEEPYNKG,1406.0091743119267
VFQAVAG,2393.0137614678897
FDYAQENGSG,1400.0366972477063
FFQKWKSG,3100.7798165137615
HDDRSYHDVSG,2256.408256880734
RDERWQFREVG,4741.811926605505
EPLWSGDFREDS,3456.532110091743
ALSSHDLYHALS,5278.284403669725
GKFYAASG,3230.4266055045873
SDFDSVSG,1719.8532110091744
KQKSLSEPAG,786.7201834862385
DRLHGRLG,3503.032110091743
KVWHHRVLSG,4759.532110091744
HAQPRDVLYDVS,4223.077981651376
FDRQKDAKDLG,1145.380733944954
KRHRAQDVAG,1226.967889908257
NELWRKLG,5416.05504587156
ARDPNQDG,1406.2522935779816
EGPRNHDQFS,1903.4724770642201
ESEFRALGALSG,3091.0229357798166
PAWSGNDGFEN,3688.935779816514
LQKRNAPYWVSG,6699.123853211009
PERENPVASG,1473.7339449541284
ENAWEPNAGYWH,9632.87614678899
RVSVWDNHSG,4362.238532110092
PYNHLRWNEQAG,3768.4862385321103
HQFDYLSEWN,8993.922018348623
YNYPWDQFYWKD,15461.95871559633
PKYYGVSG,3566.6743119266057
ADFDVHSG,2314.3853211009173
LDYHNVSG,2637.440366972477
SGYHNHPDAS,2089.087155963303
RRADQNHS,1519.2522935779816
NKGDQEARDVG,860.9266055045872
WVPVYVRHG,15494.862385321101
WAWNVWNQESG,5104.720183486239
HNEAGWASG,2476.3073394495414
FLQYHFEAHVA,11154.655963302752
QREPYRDEKSYV,2246.229357798165
RRNSHFYNVA,4898.761467889908
HNLSVYSG,5937.481651376147
RRGWWLSG,9386.926605504586
QWHSNGYKFNK,3550.0733944954127
PNQRVRWAYHDV,9358.151376146789
SDSFEAHSG,1882.5779816513761
PGQWSRWSEPNV,6069.715596330275
RPALQPPLQEWG,3587.8256880733943
AQNDPDFWHV,4552.220183486239
FGLNYKSG,3495.6146788990827
NNDQWHQHDLS,3839.761467889908
WKEDSWGFRDS,6027.426605504587
RNSDHDLPYKG,2068.830275229358
YPFPGNSG,2980.266055045872
SFWSPQFNDV,9971.059633027522
WVFASPSKVA,5956.821100917431
KEVSSWLG,3384.362385321101
LWYKSHSG,3589.238532110092
FGPRYHSPYWK,10338.51376146789
NNYAKHAL,2702.348623853211
RDHKGEVLSG,1362.0
VSYYRWVLSG,13971.88990825688
EPEYKPENKDV,1091.5779816513761
PKHFVSQWYNKL,8228.587155963303
VWQHNVSG,3295.816513761468
NRPKGVEDG,856.9036697247707
GHKQEHDG,927.7247706422019
KRGKVWSG,1417.9954128440368
APKRLWDSG,2107.605504587156
YYGLGNSG,3080.293577981651
AGLVGQSG,1601.7935779816514
HYVHVVAL,21135.697247706423
PFYYEPKHDLS,8848.339449541285
FLRPDHALDSG,2764.9495412844035
EQWGVAQRKHD,2391.587155963303
EHHARDAQHSG,1335.954128440367
RFRDHEWNDVA,3989.3853211009173
AKPNSFG,1706.366972477064
QVWDDSEYNHG,4311.0504587155965
VKFLQLSG,5217.146788990825
YLGEGALGFRD,8317.371559633028
EPLDAQYYWKHV,6394.4908256880735
DWSEFDVLSG,5217.614678899083
RRHVANQFKS,2042.5642201834862
DYGVEWG,5005.633027522936
PKSYFPWRPKL,6758.885321100917
EQVGYNLYVLG,24321.302752293577
NEKLDSYWH,5291.752293577982
QYLFWREQPNH,9877.550458715596
NVVWVLQFVL,55087.8623853211
ADGKRPSG,1567.8623853211009
DRWRWEYAG,10563.509174311926
SKPWLRSG,4422.339449541284
QRFSGNEWKL,5400.922018348624
NYAPWSPYWG,19423.77981651376
PKHNPALGPDSG,1408.0642201834862
HSYKFLGNG,3617.880733944954
WFWRNVHVA,12338.738532110092
YVYPGQREWHS,7372.353211009175
ARADQWVLG,5135.477064220184
HWYKDDVAS,2619.8899082568805
WLGKYARNHVS,5085.238532110092
HEFPENLS,2828.4495412844035
NGFFAQNKDL,4029.330275229358
WSNKFSNKG,2327.669724770642
APGQESNG,967.348623853211
DLAVLQFYHS,29821.963302752294
WFPWRDSGPNH,10045.642201834862
KYSNQRSG,1470.5504587155963
RHNHEKGEYVLS,2374.5229357798166
LNKVQAPNKHVG,1681.454128440367
EGGHLQFRWAS,7011.128440366972
YESHSAG,1820.7981651376147
GKHAWLRKHG,2767.532110091743
PWPEYNHDNH,4637.45871559633
WNVVSKQWNDA,3834.256880733945
LGRLHVFREWK,8636.885321100917
NHEGNVYHG,3916.683486238532
FADLQQFHDV,5281.821100917431
ALDVQHLEKVL,2517.6926605504586
APRAFSG,2109.353211009174
DKLQLYLSG,10965.885321100917
LYGLWVSG,11125.715596330276
DEANDFVALSG,3265.880733944954
PPYHHFYWVLG,20363.24770642202
KYDSRRPYD,3808.178899082569
RQHGGQWNHDVG,3020.651376146789
YDYLDWNKLG,4595.4495412844035
NAGLVSFNKHS,3748.412844036697
PPENVQEG,887.7018348623853
ARGYVWASG,6123.674311926606
YEKWLEKDA,2005.440366972477
LRKAYFPHDLS,5848.793577981652
EPLSQWFRLRNG,10127.871559633028
QHNDFVASRVL,7618.229357798165
KRQKVKALG,743.8394495412844
VNRLWNVAL,10758.339449541285
EPEGVQFYNA,3988.646788990826
QDSDRHAQHDA,1456.1834862385322
NNFNYHG,5059.9908256880735
PHQAWVQRAG,3850.3256880733943
PASHPWDSALS,4463.54128440367
PKFDEPHYKL,2721.954128440367
LVSWAHSG,5620.357798165138
LDSDNHDLG,1990.0779816513761
PLHYEKLG,3163.0366972477063
KAEVDFRWKG,1902.3623853211009
KWPGRHAL,4212.027522935779
NDLEPFKYWKDA,3723.6559633027523
NNKWVAYG,6101.105504587156
FFARFHVLSG,11730.834862385322
EANQSQNALSG,1172.5963302752293
SGWWGWVAS,15567.857798165138
WSSPSVAS,3704.816513761468
VWEYWWS,24538.440366972478
YKHNDGEWYWHV,12805.220183486239
VPPYSPLG,2846.4266055045873
KFPHHGQPKV,1628.1284403669724
SQRENYDYLG,5564.532110091744
LPHKAPWNVL,4584.353211009175
DYHNKDWSG,2309.0963302752293
APEEASG,705.954128440367
QLGFQFENYDL,17982.518348623853
SPHRGEKVL,1596.7614678899083
AFFGEWNLG,10412.357798165138
PPAVEPDS,895.5
LKSWDYAG,3920.8715596330276
KKSVHDALSG,846.7155963302753
GKDNSYVG,1485.3623853211009
SQLVPNG,1733.1743119266055
EPHFKNKENLS,1126.834862385321
HQDPEWALS,2824.6009174311926
KHKRRWAS,1254.1376146788991
KGSRYHQHVSG,1964.7935779816514
QGQLEFEKG,1203.3440366972477
NNDRDEHVAG,1392.2201834862385
YVLWLQGEWH,25735.536697247706
GNSKHKLSG,1268.5229357798164
KVQQDVGFENH,1705.2201834862385
QAEWGFRLREKL,7188.821100917431
RAGERDARYKL,2274.4633027522937
FHNPDYNKDL,2426.1284403669724
PDAPFNDAHALS,2114.770642201835
KVGREGPNEYNV,2334.770642201835
LPSEWFVALSG,12963.495412844037
PFVKPHLS,5217.091743119266
HEWYVLEPVS,16453.871559633026
EFSKWNVSG,2606.293577981651
YLLPHHDVS,4410.711009174312
WRKWKAPS,2247.077981651376
GDAFGVSG,2081.4449541284403
GSFLKHSG,2499.1743119266057
YQQDKHG,1413.848623853211
YFFNVRYNHV,9982.651376146789
WSDSPSWNDL,7215.651376146789
KQRDQFKDDVAS,1046.0045871559632
GNSGWWLG,12710.977064220184
HGRPQKDAPYVL,2630.348623853211
WQFGLRYNKA,8999.811926605504
QQSSDALG,1083.5045871559632
YKSSAGQFPVLS,4017.1284403669724
DNKQPREYNS,1546.5504587155963
PLPWEFWVAS,16481.38532110092
FQSNHWHDLS,6650.582568807339
PLFHAWKQYDVA,7731.399082568807
WHNRNAQRNALG,4190.573394495413
YHEDQHDYNG,2666.045871559633
QSFNKSHGFEKH,1874.926605504587
DSSNVQAL,1218.5963302752293
RGQHWKLSQHS,2826.683486238532
ERVYNFEHS,4193.5091743119265
RDKYDALEHA,1473.7752293577983
QVQDQFGYNAG,2982.5412844036696
DVNWHRKVAL,4726.522935779816
DEYAAWDAS,3384.9266055045873
HKWNVPSG,1936.559633027523
QYSALWHREDAG,3646.1743119266057
QLWFLQRPHVAL,21680.04128440367
HDPEQFDG,1891.4128440366972
AWNAAGKDLS,1818.788990825688
DASVREWSNHA,2713.678899082569
QGFDHFEKLS,2886.8853211009173
GQKNVENVAS,1241.6009174311926
HFAWGWHAL,19037.79357798165
WPLHLPDS,5481.44495412844
FYDYHFDGWNG,9075.839449541285
HVEGVAEPKL,1702.211009174312
KQLNFYHVG,6466.623853211009
RKQALYFPKHS,2960.394495412844
YAFNVAKHQFR,7198.94495412844
LQPLQWVGWKHD,7266.220183486239
DAESALQNKDVG,969.5550458715596
HFFYGFRG,10795.467889908257
LSYLWLQEKHA,5577.706422018348
GNYWNRSG,5151.114678899083
SLNVPVSG,2046.880733944954
FHGENEYFPNHV,7316.811926605505
AYGGWASG,4367.495412844037
SDSRWHFSG,7119.720183486239
VWLKEHASG,2582.619266055046
AWFDSPG,6898.665137614679
EQNHRGFYALG,8596.885321100917
EPGPLGEYSQH,1942.0550458715597
YYGSYHDLG,5214.729357798165
EVSSEPKLNDLS,955.697247706422
PSSGWWHS,8048.160550458716
YPNFYQEPVS,5416.275229357798
GGHVPALSG,2138.5183486238534
NKFSRPDYNVSG,2881.3577981651374
YNDVYLYQPWV,32695.839449541283
KGFQFKSRPYDV,6040.655963302752
GKESYNHLSG,1357.0642201834862
QLKQKDPDA,714.0733944954128
YHGWYKHGFEAG,6315.912844036698
GKNLVSG,1357.5229357798164
NQDAAQFPWKDA,2223.766055045872
WHEWNVNAPY,14224.215596330276
NLPGQWVPLG,6180.885321100917
QYLLWDSYHVAL,19799.05504587156
NGPKFNANHD,1995.7477064220184
RFAPNWVALSG,9577.779816513761
NVFPLQHEYN,4801.266055045871
FEPLDGRLRWH,11899.935779816513
YLVENAYLS,10853.243119266055
WQARFRNHDVS,5475.5504587155965
RLLHDFAS,5824.522935779816
NAQHRHQYNKD,2282.2247706422017
NNGPGKAG,1071.48623853211
KPSEAWLSG,1347.1743119266055
FLHNWHSG,6385.977064220184
FGSFLQFEYWND,27210.995412844037
VQPEEKDVLS,1044.3440366972477
SSEKHNSG,815.5642201834862
NHYGVQPASG,2106.52752293578
YWDVLLQNWKG,9829.298165137614
SSGLESG,1084.1376146788991
PSAENVYNHSG,2034.6422018348624
FHLVNKVFRKVS,7163.270642201835
PDNVFLEPWLG,18227.605504587154
HHGGDLSG,1701.8623853211009
NRALEWQNKL,3268.4633027522937
LSWRHLFENHDV,7176.614678899083
HREGEEWDVSG,2245.646788990826
FYEHNWKHAS,3667.9587155963304
RWGEWVGFHLSN,19004.844036697246
QHESVREYHALG,3681.894495412844
PAPPKHAPNVA,1495.3761467889908
SYSYRHAG,3882.637614678899
PYWRNLGFYSGF,24357.183486238533
NDDWPWVG,8889.45871559633
DKLHDYG,1576.059633027523
NAPGPGRYDLS,3118.623853211009
FPANPWHGRNVA,7397.761467889908
HHQEHHLS,2014.9724770642201
PNKGKSFRAQG,1154.4036697247707
KEPEGQEPYVS,1108.0642201834862
NHRWKVWKQHS,3157.532110091743
PGPDRWNWKALG,4158.40366972477
SLEKDSALSG,1089.4128440366972
NDFRNGLPYW,15487.844036697248
SGEHNHVYVAL,16080.316513761469
SQLPEPASG,1144.967889908257
PFHPENASG,2058.922018348624
AQYWFPNSPYH,16701.825688073393
KYDLWHNKLG,3330.1146788990827
WASPLEKSEKL,1345.440366972477
ELFDDLQNHAL,3964.545871559633
DGRHGKVSEDL,1075.1697247706422
AEKGEQEAG,621.2110091743119
NHQFEGFLRWKA,10218.940366972478
PQVQDFVSG,1990.6605504587155
WVRLEKQYWVAS,13113.444954128441
NRWVEPAWNDL,8207.220183486239
HLHDHLYHVAG,5248.018348623853
FFKKGPDVSG,1618.954128440367
HNLNPKHDVA,1729.2752293577983
LHLFSWLSG,10557.88990825688
NGSQPSFHAL,4739.133027522936
EWDRDSQSDVS,1851.440366972477
SDLYKYALG,4278.472477064221
VKHAYREYKVS,2904.9174311926604
HDVLFVSFYLSR,28737.697247706423
WHKFSPYWNHG,8827.169724770642
LRPNAFSYDVA,6103.747706422018
PVGRAFSPYNG,7237.733944954129
KDQPVSFELQFP,13644.151376146789
RHSRWQFNRYL,13313.977064220184
GWNQGEPYKLS,4180.114678899083
LEESHVG,1750.7064220183486
VQWKLHVWVA,17029.05504587156
HADGYHEDG,2373.97247706422
RPRDWLPWNKL,9354.146788990825
GPKWQFLG,6303.137614678899
QQYQDLRPYA,6094.871559633028
FEAWSLREYAS,9927.233944954129
HLRWKFNHGPHL,8609.045871559632
VQNDLKEPYHSG,1668.0550458715597
APHLWLKSG,4707.472477064221
NNRWQPG,4112.522935779816
VLEWLKARPHA,7405.01376146789
HVEKDWVFALG,12519.490825688074
RYFAEYAEWHG,11690.146788990825
DYQFYWWKLS,13418.19266055046
FNNRQYSG,3906.848623853211
YAKSEPKLDAG,1079.133027522936
NEKKQWKDVLS,1343.1880733944954
PFKGLGFPYKG,5386.94495412844
FGKQKSRDS,973.5963302752293
FVSGWEVSWKH,9550.495412844037
VHQWPVALSG,6108.123853211009
YHVNLRWENHVA,9510.321100917432
DWGYKPKLS,2829.729357798165
YKDWDVRSQEK,1725.2247706422017
WRGPRHLS,7736.775229357798
AEVGWKFHL,8505.394495412844
QVHHWHDLSG,4424.073394495413
FKRNRLFRPNG,3405.7798165137615
WDHYGKALG,4302.894495412844
AVPDYSG,1626.3761467889908
NVDSFRPQHDA,2157.0183486238534
EDNWSGWNHL,7077.412844036698
HSPESGPNLG,1305.4816513761468
EFPPPNKHVL,2283.316513761468
EREVHEYDVA,1946.3119266055046
FRQWVLPHLYN,19752.811926605504
KQAHWHALSG,2891.577981651376
FLFQAGWHDAL,13222.669724770642
NDSRGQFNVEYD,7819.811926605505
LRKGYHEPLSG,2531.766055045872
PEALHGWNKAS,2531.6330275229357
GQQWNGYASG,4228.302752293578
PRDSRSHAG,1705.8302752293578
LGNARVKLG,2954.3715596330276
QSWRSYKAG,4187.688073394495
RHAKNKVQNVL,1175.6697247706422
SDQEEDG,796.0321100917431
GRPVESGQFPG,1717.9220183486239
DVHQDFREHVSG,2145.7522935779816
YQWHLPDVYWNL,28314.366972477063
YPDNDWAG,4004.8715596330276
GVLFHEHLG,7143.082568807339
RVGGQAPYDS,2628.6926605504586
ESNSGFQPNG,1523.0963302752293
GHSANKVA,1056.2339449541284
HAFKKALPYNKH,2600.4495412844035
NRFEAAS,1983.6422018348624
QAHGNFEPND,1761.091743119266
KDRDNVALPA,1396.5412844036698
PALVGFHHS,7473.701834862385
EYRFYEPYKHA,8656.481651376147
DAWLPQYHAG,7179.6697247706425
EHNQLYSG,2868.5091743119265
FQEGKDRWAL,5658.536697247707
DKDWGWAG,3769.8853211009173
WEKDEPKDVQKD,1222.1467889908256
HNEQKVS,1122.6009174311926
ALPNGKALKHVS,1442.8853211009175
FGYAFNAGYWKV,11429.435779816513
AKHRYRKVS,1168.032110091743
SAVLASG,2403.6100917431195
VEHGEWAPHVG,3703.8440366972477
ERNWWKSG,3197.394495412844
NYDVKLGALSG,2845.238532110092
YDSGYFWFRPWD,18647.83486238532
PVSHASRFEKD,2026.3990825688074
EKPALLFPWN,5403.605504587156
LPANWNHDVG,2974.5688073394494
GLFKVWSG,9786.339449541285
GYGAGNAG,1860.6284403669724
FEFKSAGNHAL,2772.454128440367
HYVENQAL,2788.9954128440368
SYGGYLG,4683.6100917431195
EQGLRVSG,1473.7247706422017
KGVFPWASDAL,6334.376146788991
WHLFFWNHGYV,20576.183486238533
KDDHSPDSG,907.9220183486239
SWHLYKEKDV,2339.733944954128
GHFNSLSG,3612.1651376146788
FFEGPGFDS,6914.6100917431195
RYKDPAESPALS,1118.1788990825687
YPPNWVLS,8875.93119266055
SPYRPNFRLS,8407.142201834862
KQHFKGRPKAS,891.5321100917431
VAVSFHNDG,4599.146788990825
ANAGQFKRKDL,1516.5642201834862
PWSVAFRHVFDV,31855.403669724772
SWPYFWLG,18669.009174311926
DAAFYHWASG,8585.848623853211
AVEWYNSG,4562.435779816514
QFRKNSFNDPLS,2986.564220183486
EGKFLRYAL,7269.155963302752
KRVFYKEPNKHD,1583.1559633027523
VALDNKVSYL,5095.123853211009
SQRAFPFPNG,5300.844036697248
NGPPGEHALSG,1399.0
LLDAQEPYWDG,7523.279816513761
PFAWREASG,4998.752293577982
LFKLPSGWKHD,4629.756880733945
WAGQYAHSQFY,15983.20642201835
WPEQEHDVS,2005.7201834862385
NVHGYDFRNKLS,4302.01376146789
EDEHKDPWDV,2036.440366972477
FDVHFNVQFPWH,30310.110091743118
QPVQYKDSRYPN,3394.233944954128
NPHVAGEDEHV,1177.3853211009175
FAKEQYDVALS,2731.577981651376
SNAAPNSG,1149.7431192660551
VGKDEYHLKS,1150.7981651376147
HDKKHQNKDVS,685.7798165137615
SKAGPNYNH,1939.0229357798164
AHHLHSG,2190.032110091743
NHKYDEPASG,1138.926605504587
GRAFAWKDSG,3264.206422018349
NARGQASQFY,6990.568807339449
FFGVWSG,8258.018348623853
HYVNLFEYNAS,11891.353211009175
DQNFYLQPKHG,3537.697247706422
DNDPSDLG,1094.2293577981652
GRWPKLRWNDA,5469.279816513761
FDKEDPYWHLG,4208.004587155963
SFNRPLPYDL,12114.853211009175
AKAKNDG,627.1330275229358
HDNQVSREPYN,2646.4587155963304
DVYWVNDSREYV,13812.674311926605
FNVWWDVEPKL,13332.605504587156
DEVAALFHDV,5030.821100917431
SGVPEYSG,1908.0183486238532
RREGYWGQYW,14935.018348623853
RKKGLQFEWA,2953.532110091743
GWSWPNALS,9575.022935779816
DFVLENLQNHL,7639.004587155963
FWGRPFKRPNG,4594.201834862385
GPWHNLQYA,8361.683486238531
NLAKWVLSG,5945.05504587156
QKWERYWNHVG,5435.385321100917
YNHHHDLFAS,6643.472477064221
NQARWLPYWHV,21863.440366972478
QSHFQPHG,3250.545871559633
EYKAAREDFH,1736.1605504587155
PYDPGQRWAGNK,3277.454128440367
HQLLSPLS,5363.197247706422
GFGFGHASG,5328.811926605505
WNYLDFWNKVG,9727.233944954129
WHRPWQKFYHAG,11247.160550458715
HQPAGEYYNG,2639.211009174312
QREVAPYHPSEH,1840.6788990825687
LRRERESG,1263.1605504587155
NSQGQEDSGLG,942.4816513761468
YSSHSKVS,1675.9495412844037
VWLQRGWKAL,10093.091743119267
RWFDHVFEVG,15004.605504587156
WFHNFRYWKD,10044.454128440368
SEFWYHG,8424.646788990825
LRPADQEPG,1065.9724770642201
APKVLDLNG,1227.532110091743
NDKRHDRKDVL,1173.2981651376147
NDPESGFRNKA,1159.9587155963302
SAFQFEKVA,3299.733944954128
YGEWGALYKHL,10738.288990825688
KENQGFPG,1766.9036697247707
SNKHNVWDVAG,2378.733944954128
FFLYPASG,3962.5412844036696
AQLPVQRWG,5467.091743119266
EVLLQEHANDSG,1795.2568807339449
EGKRQRVLS,1181.954128440367
AYYWKRLS,6386.004587155963
FYQEDLYRPNH,6870.036697247707
EYLYFEYPNHL,37807.90366972477
ALPYDWNEPKV,3546.6605504587155
NRVLHWDVASG,5320.353211009175
YGFGSQRKDVAS,2293.288990825688
SHDWYDSG,5301.114678899083
QKHWWNKQENK,1390.591743119266
NPALDKHVAS,1106.1834862385322
PSAGPLNKHVG,1733.3761467889908
QFDWPNHGRPVG,5258.435779816514
RHYFPYFVAG,15149.990825688074
WNGKYVSQFKHV,6291.912844036698
LFHNREHALSG,3632.591743119266
VQASWVGPWD,12492.848623853211
VWYSNDVAG,5316.522935779816
AYAVSKHALS,3382.8853211009173
HQFVDAGPDVA,2558.9174311926604
YENEGWHLSG,5110.082568807339
FDNFYKQHAL,5043.756880733945
GEYWGALFRHS,11740.922018348623
PENQLQWNDL,4210.747706422018
AEKARHQHDAL,1610.1467889908256
PDQVQWAHVAG,3264.766055045872
QRQWQFFEWSG,19920.761467889908
HRHVQDLGQPG,2555.1009174311926
DYQSEHALG,1870.665137614679
VAHDQKSFYV,5504.733944954129
DRYFRVAPVAL,15856.61009174312
AGFEADGWDLG,8003.729357798165
FAKLLQKLS,3166.1422018348626
QPHRGNVGKLS,1757.7155963302753
ERHVVLEKDV,2656.233944954128
RWVGFLWVLW,36323.31192660551
VYSQENADALS,2090.151376146789
LEWLQYLSEL,17027.133027522937
PRRVVALG,3908.1651376146788
PARSWLFKLG,11749.651376146789
NESYYNLSG,3988.1880733944954
FSHELPVALS,4565.747706422018
DNDAKFPYDS,2010.4816513761468
FYYYYNLS,1706.2385321100917
HGGRNVLPWAL,14264.270642201835
VVGVDLG,2724.4449541284403
GWHVWHQYWDVA,19626.059633027522
FPSFSPVSYDAS,9152.43119266055
GLGEWRHAG,3911.3577981651374
NSEQNHDVWNSG,2431.8715596330276
WDKLWDPHAL,8728.504587155963
RSPWGFSQYKHL,10531.178899082568
YEEQFKHALS,2954.261467889908
YHHGHDFWNKV,5028.5504587155965
LNDRNVWVLG,11407.119266055046
VSGDPHDREPN,1359.8761467889908
PNSGDGQPWKAS,1968.2798165137615
REFKVAEQWL,4707.243119266055
HNAEEWASG,1765.8577981651376
PREAVHVALG,3982.376146788991
HRNLAFKLG,6306.01376146789
SDGEHWKS,1589.6238532110092
APRAKVASG,1039.0183486238532
RHAYDFYHWNH,10460.344036697248
VFSRKSWKHAL,4645.394495412844
PLLEKFNDA,2730.862385321101
SPAYDNDVS,1520.5504587155963
LGEGKLRYKDLG,3018.605504587156
QVQDPHDFKHVG,1784.573394495413
GHDYLKAG,2641.1743119266057
RLFFLFRKVLSG,20050.79357798165
WDSHQDLGRDVA,3280.169724770642
DLEAERNKDA,1065.532110091743
QPVAYWEDFYW,28643.059633027522
NDKDLYNSFKV,2740.5137614678897
WAYDFNVGHAL,14337.628440366972
SEVLYVGPNA,13645.788990825688
LYRVYNKVAS,5831.9908256880735
RWALDGFAYWH,24915.967889908257
AGEVYQEPKDVA,1455.288990825688
QFAWFPHPYNG,14279.949541284404
LFQPFKSG,4883.077981651376
GFNASYAKLSG,4245.692660550459
SKDLKAFHDVL,1962.6788990825687
EELYGNDVLG,2880.0091743119265
HLLYANHVLSG,8810.146788990825
LRNGKHDVPYWL,11832.711009174312
KAASFYDSFHDG,4451.5
FYLLEHSYNK,4363.0091743119265
FNQQLQFPNKLS,4479.591743119266
KLRNVRDEPWVL,7125.642201834862
WQSWDFKHDS,6747.174311926606
SRVNKQYWNVLS,5613.9908256880735
RLPFHSQEKLS,2093.1330275229357
GENRQKVSG,1042.6422018348624
YLQFAYHDLN,11610.711009174312
RGRYEVRALG,5394.01376146789
NDHEESG,979.5917431192661
WHRLSRASYN,6923.545871559633
KFYSKLKLG,3313.623853211009
EQLWNHYSG,5048.01376146789
WPRQVSG,3328.853211009174
NLFDEHDQYNVL,6882.665137614679
GLKQFEPKHDA,1380.0871559633028
YPEGVAG,1568.3899082568807
YADLAFEWNV,11587.279816513761
QRKHNASYGYH,4414.931192660551
PSPANYWNHA,2897.97247706422
RLHRGQPG,2809.6743119266057
RAHYYNLSG,5168.770642201835
PDWKDPLEYVL,6985.09633027523
HSSVDLSG,1627.2385321100917
RNKHRKAQVLHA,1631.8211009174313
GRLYNSASG,2885.4908256880735
ANADRKSG,825.756880733945
VWADGHG,3529.178899082569
DSNLGRWGKASG,2324.8899082568805
DFWNSGSPNKHG,2346.4908256880735
DKHYPVAG,1338.4770642201836
SFEWHQFLQEK,4619.087155963302
VPNRPLGWNHAG,3793.9587155963304
QKNERNLSG,1106.7844036697247
KAKKWNHDVAS,1056.7844036697247
GKYQHVG,2118.701834862385
PDQVDVSQYG,2011.7844036697247
VEAPAKVSG,1070.1238532110092
FEDPSEPYSYHS,2991.967889908257
SYNNLPSG,2363.4908256880735
SADLQRYAS,2964.532110091743
YVLEASQVQEKS,1762.4128440366972
KNDSGSYKG,940.9128440366973
EVFDDASRPNKA,1517.4311926605506
NHAWLFESFV,26369.949541284404
YKFAWDGEDG,3258.770642201835
ALFNARVALWK,12149.298165137614
GHDPREALSG,1491.5688073394494
PRDQNPKHDVLS,1779.1422018348624
APWKNVYWLS,13235.09633027523
ALFRYLERPKVG,6035.252293577982
WWVQGDLG,7945.463302752293
NWEPVHLSG,5202.440366972477
HQNQDREPWDS,2556.683486238532
EDLKASPVLQNV,1306.6376146788991
GKLWREVALS,4494.04128440367
AVLWPAG,7356.8899082568805
EEVESQVL,1131.9128440366972
QEFPSQDREKG,871.1651376146789
SFLHKHALS,4215.426605504587
FSGDAKVFKDG,2161.908256880734
RALSEGQSWDA,3425.4311926605506
NAFGWHLGKLS,7783.871559633028
KYAHKDSG,1065.6100917431193
QAVRHSGVLG,2818.4495412844035
HDWSSQFRKHSG,3854.330275229358
EQNPDAWHL,3424.0733944954127
PVHDADRWNKL,3066.6100917431195
PRGHEKDVAS,1064.7431192660551
WRHDSLFALG,13095.197247706423
EAVQVQWDASG,2430.6743119266057
DYDNQKDLS,1367.6880733944954
HAPAGEHVQFND,2230.669724770642
AKVERPVG,1029.0825688073394
RNQNADVSYK,1827.940366972477
LNGNQDG,1449.467889908257
DPREHPLSG,1342.3119266055046
EWFYYWKVWAS,21386.70642201835
VRSGWANHAG,3679.1009174311926
GYRVFNVAG,8894.036697247706
KLHHSQNHVAG,1937.9357798165138
EVHDSGSQRPKL,1390.4724770642201
WKPQEFESG,1592.5091743119267
YKDAYVYDLEWG,11476.674311926605
PQPYYWSFRVL,34506.80275229358
QGFGPDGASG,2337.52752293578
WGLASRNKH,4089.3990825688074
ELNNQEWVALG,3933.087155963303
YHQKAFNFRPH,5197.655963302752
KPNDGSFSG,1484.4311926605506
SSYWYALG,9298.302752293577
FHQWDQDSWKHS,4760.577981651376
RANVRKRLS,1224.2798165137615
AGPWELGRDVAL,4848.40366972477
WESQELGRVS,4407.775229357798
YRWAVSQYWNL,18174.229357798165
EDFFHQFRAS,5941.582568807339
LAQSKLSG,1868.5871559633028
FFNHHVQFNDL,10750.155963302752
SPEPKVDLS,817.4220183486239
LFWKKRNKV,2002.1880733944954
QRYWANKLYHW,14030.463302752294
EPKLFRWKPNVA,3464.8853211009173
FYQGSQKHV,2652.908256880734
KANFPYWQEHDV,4555.95871559633
QDFHPVPYDV,5718.311926605505
RENNAGRHQPL,2750.8669724770643
RHGYYVRHAG,6743.706422018348
RWNSEQGQRWS,6718.394495412844
AYWRRWDVS,10294.756880733945
RQNKAEVQNDL,1343.4724770642201
YVPEHPWKASG,2817.1880733944954
EVFDYNHYDS,6374.018348623853
VPNQQKHDVG,1070.834862385321
KGPKNQREPYD,1293.1422018348624
GNQEPELSG,920.302752293578
AFLQYFHAS,11798.408256880733
WEDLQKRVAG,3308.2477064220184
HDRQPDGEYWG,5476.922018348624
HRQWAEPG,2660.243119266055
DLEDWEPYHAG,5437.715596330275
HRVVKLG,3121.376146788991
FHPEWQHDLSG,4099.853211009175
WESFGWVLG,18673.596330275228
FLRSEYYWG,11765.366972477064
QRNVPKDQAEYW,2959.288990825688
FDDSWEPNHL,6517.09633027523
FERRVAEPYKG,2693.8073394495414
LSVSENFVLG,7756.981651376147
KNHDSVPNVS,1082.894495412844
PRAQFHVPYDAG,5991.54128440367
SWWKGDVALG,4675.917431192661
KKERASG,624.4266055045872
PFAHARLSG,5204.866972477064
RALHSHSFWN,9201.5
GPSWFNHG,5256.220183486239
QPRAWHDSGPYH,9516.29357798165
SVGRSNLSG,2193.032110091743
NQDARPFRKVG,2793.0137614678897
EWAWKAVSGVG,3738.9449541284403
WQNVLVSEG,5981.825688073394
VGENPDPWSG,3492.761467889908
YRQVDVG,2629.238532110092
DESFDRDG,1911.8119266055046
AHLAFYSG,11167.564220183487
YNSAAGFYNVL,10103.422018348623
PKKQQWKHVG,1065.4220183486239
PGPWYYNDVG,10168.01376146789
SRSKYNG,1622.348623853211
DEDNAREPYWH,5678.6100917431195
GVRHNHG,2282.169724770642
HEWEAQWNV,6607.628440366972
ENGNSQHQREL,1152.9036697247707
RNRFPQELG,2665.0229357798166
QDESLSREYKHS,1330.8073394495414
YNEVKHREKAG,1196.8853211009175
VYNWVREYND,8436.509174311926
FKVYKASDYDVG,3471.376146788991
AGLRFELSG,9371.90366972477
VSKERKVLG,1051.4495412844037
GAKVQFPNKSG,1591.7293577981652
ELLGLQRLS,5996.51376146789
NLQSLQFEYWA,22504.38532110092
LKHGYSYWDG,9074.697247706423
LWEPSPDVSG,2742.146788990826
KEYFRLNHG,3764.233944954128
YEFHNVASG,3318.559633027523
KEQHQNG,1163.9036697247707
YGFVRFWKHAS,10140.61009174312
YWGWHQEEYWDL,14947.091743119267
GYSPVNLS,4102.380733944954
EHFGREASWHVG,4118.821100917431
FLVEEKAG,2165.1100917431195
NRDFVKDSG,1597.4633027522937
FPHQYLSGFDEN,6727.233944954129
HEVKLNKHV,1757.045871559633
GKGVDSG,761.7935779816514
GYPQASG,1769.7935779816514
ADPQDAG,1016.8302752293578
WDFFSGPWKVLG,17373.67889908257
ALFFLSEPNDG,23373.3623853211
AYGNFVS,5306.284403669725
YGLPSQVS,2583.0504587155965
KVFQQFEYDS,5460.54128440367
PWQSVGRYNSG,6053.059633027523
FHVKSFYRNHD,6330.270642201835
WEPKYAFKVLG,12262.51376146789
SPLPAPHDSG,1348.1834862385322
EEHQQRKHDV,1099.802752293578
FHARASEYVPHS,3706.669724770642
GEWVLGHHDLS,7358.977064220184
NSNKYDLFALG,4422.229357798165
AEWLYSEPWKG,9526.233944954129
PYSKGPHAQPH,2657.591743119266
RVAWFREVPHD,7484.077981651376
NQRQWVSPWND,8621.091743119267
LRDFDQWNH,6496.522935779816
EYLFYKVAPVWH,28657.729357798165
KPPQHLSG,1358.4220183486239
ESYYFWVG,28980.05504587156
RWLNWNKWHVA,9115.559633027522
NDEFEADVSG,1594.8715596330276
QAGNGFHQVG,2520.678899082569
DYRPNVNSG,1769.2798165137615
HDNPREKHD,1105.5
GKPVPVLSG,1565.2706422018348
VSVLGEPGYL,6325.284403669725
DFQWVQFG,15799.811926605504
YALLHASQNKG,2881.4770642201834
RRNPSQYWND,5349.01376146789
WKPDQEAGWKDG,1678.1009174311926
DNAASKVASG,755.8119266055046
WWYAASG,7630.256880733945
PANSQKPHVG,1384.0366972477063
KEWDRNHVYHS,5005.353211009175
FYDDWHNLSG,6293.623853211009
QYHAYLQEDNKL,2873.380733944954
PVYRASQEWKDG,3416.2247706422017
KKPAVLSG,855.6192660550458
YRFDRAG,4443.1100917431195
NQGYAHLG,3517.0366972477063
YFPNQNFNVALS,6991.188073394495
GWSYDWG,12396.949541284404
GYHLFPHRHVA,7836.238532110092
RGGDHVS,1498.9587155963302
VQLKSDASG,1199.1100917431193
YKVGRPLFYRYH,15203.58256880734
EGPSWVQRYKDL,3469.1605504587155
RSNLPHPASG,2024.6697247706422
HEVKQHALG,1726.0504587155963
HAHAAREPYKH,2381.293577981651
VYGKWKDVALG,2887.697247706422
DEHPNENKHDVG,1083.2431192660551
QEFQQFPYNV,5947.252293577982
ASYWNRAQFEV,8562.52752293578
HQLSQWALRYNV,14383.90366972477
NRFYSEYWKDA,7364.747706422018
YLNKWLSYAG,7242.032110091744
YEEGFVG,4965.885321100917
FVDEKVPYWVA,7309.59633027523
SRENFVQNKLG,2955.559633027523
EAHLNVLYHLS,12009.38990825688
SRGDANALG,1792.7660550458716
VRRPQHSG,1893.4311926605506
HQREAFKLREDV,2578.756880733945
LRSWFKLSG,7223.564220183486
GFLPNEDG,2630.876146788991
FRQKWNWDVA,5572.633027522936
YANLVAPYNKLG,5526.967889908256
HWRWKFYLSG,14919.220183486239
QQYWKQRAYND,4393.775229357798
QGWDPAQPDS,2045.7798165137615
KRLLVLS,11943.779816513761
GNVYVPDS,3385.9036697247707
FAFRDRWVGHDL,11759.80733944954
LAGVFDLSG,5769.302752293578
ERGNPYVAG,2514.97247706422
ENVPVASWAKA,1771.1238532110092
RRLYYDG,7927.399082568807
AHAVRDAS,1409.5366972477063
DFSFRVLNDL,18062.302752293577
WEANSVASG,2904.032110091743
EQWNFRKEYWNK,4028.243119266055
HYARRHSG,3280.0504587155965
HYDLSLFLS,18078.88532110092
GNHYSEPG,2013.1559633027523
DQVGHDQREND,1365.6880733944954
EAQESFEYALSN,4385.8302752293575
DEWLALRNLG,10019.252293577982
KWKDYNVEHDA,1581.711009174312
RKPQNFKHA,1253.6146788990825
DWASKFVG,4052.5733944954127
LEFHPSG,3857.8348623853212
GWVRVFRDVG,18387.697247706423
QSPALPWRVS,6457.463302752293
EEYFYSYKHVS,11303.88990825688
RSNDAPKEKDS,691.3899082568807
HSRDNDSGEL,1287.48623853211
NSAFDQKAL,1716.8761467889908
QDLNYWVSEPDG,4304.371559633028
KLYNKWHGNV,3367.3899082568805
VRSAYWSG,5704.357798165138
HQRLLFREYA,12534.435779816513
EGWPQWKHL,5764.422018348624
YEYSKRHDVSG,2348.564220183486
LQNQGPWNKVS,2527.5
RNDAWHDQAFPV,6685.90366972477
EYRFGQFPDL,10685.967889908257
WNVDQYWNHPNV,8263.504587155963
RPPVWNALSFND,9788.61009174312
RHRKVLDQWNKL,2888.6880733944954
WLPLAQRPSG,4667.266055045871
HPRDHVG,1666.8715596330276
REPVASHRNAE,1212.711009174312
FPAYGNLSNH,6027.834862385321
FVWKQKLQFPVL,13290.54128440367
KWYDAALSG,3881.454128440367
HGLAQNSG,1622.802752293578
RYFPYAFPKWH,13942.550458715596
SYLRGYAG,5020.114678899083
VKQPPVG,1342.9954128440368
WYDDKDALG,3924.412844036697
FAGGFWKGQSG,3279.577981651376
FLNKQGWDAS,2993.669724770642
VAASDAQREHL,1510.3532110091744
VQLQGHVSG,2080.298165137615
WRWYSEYHG,14881.646788990825
YWPQASNKHLG,3527.8577981651374
DSRVQNDQSG,1345.697247706422
FKLDPWHQYDLS,9768.279816513761
EVQHGEYEWVS,3728.577981651376
AAPKSAG,745.4587155963303
DPSVGDAG,923.0366972477065
SFAKLNVLSG,4788.45871559633
VGQPFWNSEPYN,5963.279816513761
AQEVRASQEYS,1746.5642201834862
PQPRHFRPKL,2959.8394495412845
EWWGDVQPKVL,7100.743119266055
FHPKWFRPNHVL,10045.128440366972
PGRRNSEPHLS,2243.7522935779816
WGSDHSG,2735.293577981651
HGVEGRHDVLG,2165.183486238532
DEWWHFEYNA,13124.032110091743
VHFFDVASG,6038.729357798165
VYVAHRPWDAL,13002.866972477064
DSSRVYKS,1773.1743119266055
SKAGYAYKVAS,3347.0688073394494
LGDAHRYNHSG,2990.821100917431
YDWSYKDQFRKG,3495.756880733945
SDVAWRYHDL,9435.022935779816
ESDGPYQFKVL,7215.09633027523
EQDVEKSELG,685.183486238532
RYDPAGWWDA,9157.233944954129
WDWHSKAHAL,5268.779816513761
QSYFWFEYKSG,14601.321100917432
FQQLYVAG,8146.885321100917
VDQANDASG,1044.605504587156
VHPGNDL,1893.3394495412845
VYNFYSEYWKS,7597.660550458716
PKPEGFEPYKG,1645.2614678899083
AYVNPSG,2782.0137614678897
RPSQVQPHDFY,9315.155963302752
FEFAKVSQPKV,2377.5045871559632
LHGKSWSG,2841.6009174311926
FNFKFYRENKVA,4783.706422018348
WALDFHDPWND,14433.555045871559
DHVYEYAG,4594.940366972477
HFPSQYSPNHS,3581.793577981651
DEVVDVLS,1935.1605504587155
EHNHHLGND,1894.1788990825687
KKNAWDSG,1221.940366972477
EKWSQARDLSG,1620.834862385321
VKVLSVPWNKS,3916.8394495412845
ASYYFPNVAG,7116.871559633028
NKLYNGYLEPHG,4911.183486238532
VSPQVFEYNH,4369.04128440367
YSYPNHFSG,5353.678899082569
GRDHVPHDVL,3266.454128440367
PEVDPDSG,1152.8761467889908
KVYGNDFEPH,3201.4587155963304
VNNKFVSG,2251.848623853211
FKEWPKDPVLG,2589.5183486238534
HAERYHDGQREY,4994.298165137615
VADHFPVG,2829.380733944954
YLAQQFASG,4239.605504587156
EFWLSANLG,13237.41743119266
NYAYKWSG,5212.6100917431195
NSYKPWGHASG,3439.0733944954127
FLKFGNHAS,3553.105504587156
YDDLLFRWKA,6532.412844036698
ASVFAFWKVS,17997.45871559633
DLEGVGEPNH,2156.2155963302753
SGWPWARPLG,14804.490825688074
EQAAWVASG,1692.1376146788991
RWDVVLREQENK,3051.376146788991
HSFNVRYSGWV,18784.683486238533
SQSFALYWNHLG,17021.059633027522
RSNFPKEDG,1462.0688073394494
HGNYYKAG,2803.087155963303
PLYYLPHDLS,20681.811926605504
SYLNRASG,3407.321100917431
PEVEGFEAL,2517.123853211009
RVNSSGPWND,3404.6284403669724
EGSGFVFRKA,6479.5091743119265
NQGAYDG,2020.2064220183486
EYWPPNHGWLS,13122.41743119266
KYHQHEYWS,6257.275229357798
GHEPSKVS,955.6926605504588
QNHRYNAYSWN,8662.100917431193
SFYWNQLSEPN,4488.114678899083
ASPKEKHVFVAG,1442.5412844036698
PLNWNGPYNSG,6154.243119266055
AWLQGRPG,4887.536697247707
DQVLVPDG,1953.1284403669724
GFGFPPNVS,5849.220183486239
KRVLGKHRVS,1292.119266055046
YKVSQKFYYNKH,4112.844036697248
NQKEALEPYVLG,2349.5963302752293
ALPKSFSGEWS,2835.045871559633
NWNKRSNHS,2008.1743119266055
PGSFQWSG,5575.4908256880735
YPAYQDSG,2391.6100917431195
RENFALGERWS,6032.105504587156
HYYDNHG,3989.123853211009
EPKSGNGNVFR,2104.5137614678897
PPYLSEAPYA,4612.151376146789
NEDVSWFWALS,18522.633027522937
GPDRDFEKAG,1285.9220183486239
LFKHSSYWV,8766.224770642202
SNHDGHFRYNKS,3051.0963302752293
WNQDDLSGAS,2216.394495412844
WPPLHSG,4761.518348623853
FRQFGEKVQHL,4188.045871559633
HQSFYFDG,14553.073394495414
LLFWNEG,8077.95871559633
SNQFQPG,3052.908256880734
KGQDVRFRHG,2700.243119266055
WGKHPARPSG,3048.876146788991
ASKRAQPYKHDL,1734.211009174312
FHGWFWDNHV,17580.93119266055
DSKNVGNKDS,818.316513761468
APGPYWRVAG,7547.252293577982
VSVNKLPNLG,2083.316513761468
EQGHYAG,1654.8211009174313
YVEEGRNKL,2360.9770642201834
WFRLDSEHLG,8959.605504587156
YAVVHDAS,3732.151376146789
YDAYQPYWQFRD,16543.82110091743
NEWVNLQYDAG,7600.733944954129
NESANSG,1138.9816513761468
FAWPWVWKVAS,16120.646788990825
PQHRYFPYHDVA,8266.591743119267
ENNKGNVARLS,1366.7431192660551
FSHEARYWND,7362.605504587156
PGKQWAEYWKH,4200.142201834862
DDWGQRNHALG,3517.1284403669724
LFAPFNLG,11083.536697247706
QFAPNFALLG,11548.862385321101
PHQWGEKFNVS,3017.2798165137615
HDWSDLNHVLS,7260.922018348624
WPSYENVLSG,6162.220183486239
GEVAQHVFVL,27815.577981651375
NHRAPWGEVA,3323.6284403669724
QHELRVQEVL,3498.243119266055
FVLYEPNGPWKA,10937.825688073395
PGQGEHDVKHG,1091.2614678899083
WHFLWVAQKLS,13648.683486238531
SEWYKWHVA,7062.848623853211
FANRVSEPYLG,6327.270642201835
HQWWQENG,4314.724770642202
VHYPNVLS,4241.6100917431195
APLHEHVSG,1597.9908256880733
WDVGDRENQFRH,5519.692660550459
SPDHSNVALG,1438.3899082568807
KLFSALRWKDVG,4502.431192660551
EYNVPNGHDRHV,2830.577981651376
HSQRRPGPWKLS,4630.651376146789
VVSADLG,1698.8532110091744
HRQEGPVAG,1283.4770642201836
EEWGGQVG,2702.669724770642
YYQADALSG,2787.1284403669724
KPLFHRWKDSG,2338.137614678899
YVPDRPENG,1462.9908256880733
GKFHPWKVLS,5654.477064220184
QDENFWDGRYA,12024.362385321101
FEFGPWFALS,28568.825688073393
ELALAEYL,6460.380733944954
SPNYSKAG,1370.711009174312
SRWAYREPYDA,9722.871559633028
PLRANKSQRG,1455.394495412844
YQQSGEDLG,1576.8761467889908
FNNSPYWSFYDL,22773.564220183485
VWLAGHG,6443.307339449541
HDHEFASG,2109.5688073394494
ALDVAPSFHDAS,2724.105504587156
FLLLALSG,20613.623853211007
QVSNYNKVHDS,1618.4908256880733
PEEFVLSG,4275.151376146789
APWRASPWKHVG,5654.105504587156
QEYARDAKPHD,1436.9495412844037
ASSRGEPL,1290.9770642201836
ARKGENGPDL,1048.408256880734
YQYQKQWVAS,4386.527522935779
KFFSRWDVSG,5807.165137614679
GEQYDHLG,2651.0412844036696
GFKWKEKHLSG,2014.6284403669724
DEHKLWKS,1942.4954128440368
GWKNPHASG,2376.2522935779816
NSSAKVG,1065.454128440367
HRPGDQPYWAS,6161.688073394495
LKAVFEWG,7451.857798165138
KDQHVPVRPWK,2740.9311926605506
GSWHGNVALS,4778.261467889908
ASKPLNHG,1546.4036697247707
RLLSFKKAS,4277.711009174312
YWWYNFNKVAS,5876.692660550459
DEVEKHQPNDA,874.2477064220184
GANAQFEWA,4125.582568807339
KSPWWFPNKDS,3582.729357798165
LYHYQPDG,4648.371559633028
YVFEGNLSEWV,14009.380733944954
FDSAALGPYWV,14321.29357798165
PAGNWRNVAG,3447.678899082569
NVNLPFENKDSG,1885.3623853211009
DVGFEGQYKQKG,1799.9036697247707
ASANPDSG,870.0366972477065
HFNPNAKLSG,2166.821100917431
VHAVGVSG,1903.1880733944954
KDKNQYKHDL,964.0779816513761
WGGPVNASG,3442.619266055046
YNLDPKFPKH,2572.7752293577983
WRGFNKFL,11923.454128440368
PYQNPYVAFWVL,41416.477064220184
QSSLRNG,1835.8302752293578
NHKVGRNRPKH,1292.2568807339449
GKANAQHALSG,1271.2064220183486
ESDQVPAS,768.9770642201835
QNKRFHDRENS,1646.9495412844037
FPRNQYSPVL,9699.495412844037
LKAAEPLG,1243.5550458715597
REEKNKGHVAG,775.2798165137615
YYPQHAG,3719.9174311926604
SPLALEVG,1985.0825688073394
QPSELKYNKA,1546.6100917431193
NGYPLGREYVSG,5308.54128440367
YKQPQRNKLQEK,960.4495412844037
YYFLHLG,6492.720183486239
NQSYDNAG,1647.2660550458716
WRGKRYG,3418.3394495412845
ENLPFHDAPLS,2882.954128440367
DSVADGFHV,2869.5504587155965
HDSWASYLPYN,11252.43119266055
VAPFEYQHA,3132.591743119266
FWRSPKAHAG,3387.330275229358
GPPVGNKHAG,1122.8532110091744
YLEQVSEWKHA,4471.174311926606
SWVYWFDLS,25589.238532110092
FQKHHSGNVG,2043.2935779816514
HAEHPDQNKHS,1227.51376146789
GQHALDFLSG,4842.183486238532
LLRNKYSG,3165.577981651376
PRAEFDVG,2335.646788990826
DFFHAFWNKAL,9258.224770642202
HPYKHRGQEP,1595.2247706422017
PWYQWAQEYNV,15201.366972477064
QKRKAYKHSPV,943.940366972477
VNKAESQKS,631.756880733945
KDKEENVA,654.440366972477
PDLFHFPPHVA,9268.128440366972
LRGNRESG,1567.8211009174313
QYGLLEDVLS,4960.582568807339
YFHQRWKSNVSG,4037.380733944954
KWSKWDG,3239.4174311926604
HDWEHVEYNS,5080.577981651376
WSKPASWALSG,5810.068807339449
WRQNRYALSG,7174.995412844037
WSSVRNSG,3710.197247706422
QPAFHDPHDWAS,5740.321100917431
KYHQLQREYWH,7895.738532110092
LGWVQFVSQYKL,31691.688073394496
SRLKEKDAG,1077.5779816513761
PHYSYDEKHV,3072.8990825688074
LSGHSKPDLSG,1330.7614678899083
PKRYLGPHGEKG,1574.3165137614678
PWDLPLNVAYS,14893.743119266055
DYGPEASG,1520.7431192660551
PYGHNKLQNDS,1561.3394495412845
VNHSSQVAS,1163.3394495412845
YRPHFNDNKAL,3654.2201834862385
FHYSAGRWHVAG,7297.087155963302
NRGWRESG,2788.3394495412845
PGPQPEDVG,1225.105504587156
WYPWFWAL,26200.91743119266
WSVLASHSG,7646.45871559633
QVLLLEPYHL,38686.28899082569
KEDPVGRPKDG,1109.8211009174313
SPWDHFRPNVLS,7209.04128440367
NRPQWQFREL,7637.98623853211
DAHSARWHDVA,2832.793577981651
VWPDYHALG,8317.30733944954
GQKVLFHSPDV,4110.678899082569
NYDSKEAL,1473.4449541284403
GAFAVASG,3399.9954128440368
KRQWDPVLG,3004.422018348624
NLEFGQPG,4233.068807339449
GNSSVAL,1885.2201834862385
HPQNNDS,1119.9587155963302
FVQPEDQPNH,1737.1697247706422
NAYWDWHRNVG,9251.752293577982
FQFPWKNQENA,2528.669724770642
VYRHELSG,3000.394495412844
QAPDLHQPHVL,2945.467889908257
ALNWYWHDVL,18259.761467889908
PQHWEPASG,2568.3669724770643
GNGFPLHVAS,5280.729357798165
WNEKDGWNQWLG,11742.37614678899
QNVGPNLFWSNK,6205.137614678899
KGVYWKNHDVLG,3060.032110091743
GRHGWSNHDL,6053.44495412844
NFNLYQFNKDA,5195.454128440367
SNDGWAFHASG,5372.582568807339
PNEVRWAEYDL,8880.62385321101
YLKDVQFREWFK,8824.5
KHVHSQKSWHG,2313.0183486238534
KASAKHQPWKG,1243.3715596330276
ARSNPYWG,7381.431192660551
WPLLVAG,14333.091743119267
EKKAEDYKG,670.3853211009174
FWNDYQRPGKL,5039.261467889908
WAFLDGFHVAS,17196.84862385321
RNSVFRWQNHA,6104.885321100917
EWWFAPWKAL,22557.123853211007
PRRLQYS,4207.467889908256
NVSSVPYWKDA,3303.288990825688
NFQPDPVS,2614.8853211009173
ANKEWEWNKDL,1848.9770642201836
VPDVQLEYNDVG,2581.559633027523
GQGNFWSG,5197.064220183486
WSDFFRKG,5693.59633027523
PLGFGQSWNDA,5318.472477064221
YHKFDAWNKDL,3333.330275229358
VKLKKVLS,1586.8899082568807
VVYVFSG,34779.33027522936
EKFSQVFPYWA,11948.275229357798
QQVALYGPYNKL,10304.243119266055
RHRDARKVEAS,1068.334862385321
EKNDFGNKG,890.0871559633027
WVLNQWVLNHA,15054.37614678899
VHRSNVG,1957.4587155963302
AQDWRWAG,5631.05504587156
AVSPRNLS,2075.412844036697
EVLPREYVFVG,20996.376146788993
QLKFRWKAPWL,12863.137614678899
GRPHRLDAS,1927.440366972477
VYKWNESG,1893.8899082568807
RGSSALSG,1725.6100917431193
RAKKLYHDVA,1373.5412844036698
YPNAYVPNG,2836.545871559633
PADRVLEPYKD,2122.8073394495414
QRFYRPNSPDS,2794.3119266055046
PQPPVSASG,1058.9220183486239
PVRVFWPKDS,7671.160550458716
EEPEEHDVAS,753.0229357798165
QGWKDADSNKL,1310.9128440366972
WAHYVQWKHG,7859.692660550459
LYLRRNLS,6669.151376146789
YRGESEKVAG,1240.8119266055046
HKRAFLSG,3329.9266055045873
WLQRPLPNSHA,3593.6559633027523
QEVNLSYEPKV,2201.151376146789
PLEQNDWNLG,4375.201834862385
KRQHFHASG,2354.7201834862385
HSRPNLKVGEK,1089.7477064220184
FHSAPDGYNDG,3442.798165137615
RQNHLRLGEND,2298.3669724770643
FEPSKGHLWKHL,4217.95871559633
YRLKSPKVALG,3026.6100917431195
YGPQKRPWNKAL,3329.3669724770643
GRWGWLPWHVL,29876.389908256882
SKHSAWVLS,4520.380733944954
WYLKYHG,5950.926605504587
HSYVNAFEYNKS,4845.711009174312
NDFSQRWQFWH,19513.949541284404
RRSKPSG,1072.2522935779816
FWGEGEVEWKL,7673.4495412844035
KLNPHDFRYNG,5134.660550458716
DSFHVLEQYHL,9921.178899082568
EQDHKHSG,973.8073394495412
LFGVVLG,13693.821100917432
FRFNSGQDEKHG,1860.5504587155963
ERDYHAPWKHDV,2700.288990825688
AVSAASG,994.8623853211009
KHWEGWDLG,5462.178899082569
QLHREKQWDA,2558.9311926605506
RFNLPQFRYDG,12201.247706422018
FSLPPNALSG,3477.5045871559632
WPKLWGFRNK,5723.197247706422
ARAWPVALG,6784.1697247706425
NVQKHVDWLG,4332.853211009175
EFEEQREPND,1378.5275229357799
RKRHRYDAQPND,1574.0412844036698
EKEVNSGYHG,1435.4908256880733
QNLLLGFPNKL,10271.674311926605
KWADWVLG,6761.90366972477
VNEAKDLSG,976.4862385321101
VLFWPKLQNH,8643.747706422018
NHLHHSGYWNV,8776.169724770642
SGWWWDASG,11107.169724770642
PEGHHDG,2027.2614678899083
WLYWAEDFRYA,20098.816513761467
YDGEYGPKGYNS,3659.412844036697
KNAFGDASG,1470.4311926605506
NKKVLLGEYWL,9818.839449541285
HSAEEPYKDALG,1495.4128440366972
WDDLNLFYKDSG,7101.931192660551
WHNDDFEPWKD,6196.821100917431
RWHPNALKRPKH,2442.4036697247707
LGPWVKDLRNK,3224.380733944954
NEAWFHVG,10577.5
ANHHHVSG,2100.862385321101
LAQERSG,1202.3577981651376
PLNQEYKPHLS,2760.9449541284403
HVAVENQRDAS,1545.7981651376147
YDLQQPNDFPHD,4109.178899082569
RYLQPKVNGQPK,1631.908256880734
GAGSNSG,1145.6284403669724
KKLNVFKHVAG,1599.6834862385322
YRGAYVSG,4904.380733944954
QWYRQFRPYNG,11414.357798165138
KDHYNGQFWHD,6816.431192660551
FAKSEGHALS,1729.954128440367
SWRWPNHVL,14158.146788990825
GAQDPYAG,1941.9587155963302
DVVEWHVAWVS,13605.633027522936
FYDLLGQDRNV,3425.045871559633
EWKPPDSQRG,1309.6100917431193
PKWAPNWNDVS,3945.2477064220184
QEGDAALSENV,1126.4036697247707
EQYHWFWKHVL,13822.330275229358
DHSKQKG,750.7064220183486
FFPRFRPKHAG,3884.4311926605506
YVWWKSWKHVG,7497.192660550459
VFNYWLHSG,10330.325688073395
WEHGVPVLS,8915.665137614678
KPASAKALG,870.2522935779816
RSPFRGYWHVS,9689.949541284404
RAKLLRWNHVL,6928.660550458716
YPVKWLG,5283.128440366972
HPSYWELG,6129.288990825688
SSFSRSG,2772.848623853211
YKVFENLENPSG,3726.422018348624
WSGAAYWHLS,13021.330275229358
RKVGEQFWSYD,10335.43119266055
QNEQFPKRYWH,7515.302752293578
EKELDFRYKD,1955.0871559633028
YSGNEYHQEYVS,4876.935779816514
NKFQPWYKVALG,9041.316513761469
WSRKGPNFWNG,7342.04128440367
LGSVEPLS,2031.3715596330276
FGAHVNLG,4448.5504587155965
WGWLRYGKHSG,7260.481651376147
KDQDQRYNFYWH,9276.954128440368
GFDPGQDSG,1621.1697247706422
RNYNFRWLENKG,4759.564220183486
RLKLVSDVAS,3254.1146788990827
HSSFALQRPW,13796.43119266055
PGQGGRPNAL,2017.532110091743
WDGKHRPGEKA,1425.366972477064
NHVKPHEPLG,1496.5550458715597
WVWLDVFRPKD,13127.834862385322
FKRYWDVHEPAG,3816.9633027522937
HGSEEHAG,1039.802752293578
RFRVNVWHDVS,8659.788990825688
NGDYGFHG,4290.5504587155965
NQWHEWEPG,4780.591743119266
QLRPKWKHSPL,2706.605504587156
PSSDAFHDASG,1838.0412844036698
RSELYFREPWVL,19871.119266055044
AFYPEDALG,4458.059633027523
YESHREVSG,1972.894495412844
LRAEVPSG,1286.3211009174313
PWVHQRDQYHV,7934.880733944954
SERNGEASG,1052.9724770642201
VGSPSWLG,5215.1697247706425
LPGRNQNHVSG,2314.816513761468
EVPYQFQFYWN,27858.866972477063
VLKVVQYNKASG,5802.614678899083
DPGQYLWNS,4447.871559633028
HLDGKLRPNKVA,2081.3119266055046
KDYPAFYNHA,3751.6559633027523
WVQRNWKHWNL,12206.0
WHEQHSQWHD,6496.917431192661
ESSFRNGALS,2050.766055045872
NHLAWNGEWG,6632.431192660551
LGNGWKEPNHL,3612.0733944954127
FFSSGYDAL,5178.142201834862
GFVWPKG,7161.545871559633
EKWKPKQFPYWL,9761.600917431193
YQPLVRPHVG,4428.848623853211
LRNDFAPNVLG,4955.311926605505
ALSEHHDRWDV,5187.738532110092
FEYGELEWFRVL,26736.105504587154
QYWGAQPYLEYD,18697.19266055046
KRVGRHVEALG,1702.940366972477
KFSPRKLS,1543.5963302752293
QDSHQFKLYDV,5791.133027522936
AEVQPFHALG,4922.224770642202
VGRLDGYKHDL,4625.518348623853
WSDPWHDPNKSG,3448.729357798165
HAADQNLSG,1232.408256880734
GNRNRNKDAS,954.7935779816514
AHFAWLG,10242.233944954129
ELQWGFWLEYKL,35236.83486238532
HEHGWSQWL,15233.509174311926
LYHAHWDG,7962.894495412844
RQGFDFVALS,14261.600917431193
EVLPQEYDVGHG,2054.435779816514
PLLPKDYHDV,2913.4587155963304
ALWLRGEYWNK,9088.545871559632
WLRKSRHQPVA,3594.5963302752293
DRWVSKLGEKAL,2532.229357798165
YYVYHFEWKS,10913.655963302752
DPLQDEKG,742.697247706422
QNNDYAPWNHS,3918.211009174312
PAFLEHLFG,13196.169724770642
KRHQRGNLG,1429.3532110091744
YRWRKEPYHAS,4706.711009174312
PLWYNLREPYSG,15577.38990825688
YPYHANQRALS,4600.972477064221
KQFRFAEYWVAS,13083.316513761469
NKQYGRKGEDA,992.1559633027523
DGNFDASVS,1678.366972477064
GYSEKEKDVSG,832.7018348623853
NVLNWVFRNA,13064.967889908257
HDRRNGEVLG,1910.788990825688
DGRLFNVLRPYN,13083.61009174312
NLVVPVG,4410.839449541284
VRDWLFWS,17408.967889908257
KSGADRPYHS,1905.6788990825687
NFWHDKQNKA,1843.8532110091744
DGVWYKG,4371.477064220184
FPGPPWNKASEY,4491.422018348624
DEWPSEDAL,2438.261467889908
AFDGFPWYVAS,22893.376146788993
HEPFWREKHDL,5101.871559633028
HYAEWRVSG,6172.233944954129
QYWKWHHGQEKV,2404.848623853211
QLRRFRLG,6662.733944954129
EYAQSRPGNKHG,1780.5688073394494
SPQHHVASG,1569.711009174312
YHLLEWNRWKA,9070.58256880734
SNDSDYWNKAS,1605.151376146789
LHVWEDSG,3876.729357798165
GFFDLKSG,4639.720183486239
PAEPAFGNKD,1371.559633027523
REYVSHLKENA,1696.0504587155963
HHFKANVLS,3183.711009174312
LNADPKG,907.5733944954128
AYPSQREYHDA,3237.380733944954
ASGPEKHGKL,794.2844036697247
QSKVPHRHDA,1657.8532110091744
GELDVHALG,3201.3348623853212
EALDDALRKALG,1755.711009174312
QHGSKDLQHDG,1364.9036697247707
EGQVGLQPYNA,2458.8715596330276
KQPRAGYWHDL,4773.032110091744
QFFKWDLEPWKG,7147.174311926606
WHWNVAHPYDV,11711.559633027522
VRHFSWHSG,7192.8899082568805
VPRYHHAG,2839.3990825688074
YSQYSNALQNL,4773.8899082568805
SYRDQWLG,7473.825688073394
FDGRRKDSFRE,2351.3990825688074
KPSYRKDS,1025.3302752293578
GFFGPYVLG,21390.119266055044
DNKDHNVLG,1205.440366972477
LHQLKHDAG,1847.1009174311926
EYRFNDEHDVLG,3706.1559633027523
LHVGSRWNHALG,6746.339449541284
WASESFHSFRE,10342.47247706422
NHSHEYSFYNS,7423.655963302752
SNPDRNALG,1688.6100917431193
RWADGNDQDLS,2311.0733944954127
NLGEKDFPQEW,3407.1743119266057
QLWWASRENSG,4696.628440366972
YNSRHGFKGKAL,2870.6146788990827
QQPSWEWKVA,2702.3577981651374
VGKRGPYWNKHG,2476.1146788990827
ADAGNFALG,2722.3073394495414
FFNNNKHVA,2765.733944954128
QLEAQRDYKLG,2696.5825688073396
HDGFLEDSFPN,5204.183486238532
ERLHWKLSG,3267.9311926605506
KANVQAQYNA,1540.834862385321
SEDYVNKHDV,1723.7706422018348
KAEDDALWAL,4384.798165137615
KLSWSQALFKG,6672.3899082568805
LEVGESGDS,1196.1238532110092
QGQNGWDLRYVL,18658.26605504587
ASHGWDEYWNL,10206.545871559632
FFGHFKLSG,5136.95871559633
NKHDDLRWAYAL,10282.215596330276
ARFSPVG,4094.8256880733943
GPNFLEHSG,2696.3715596330276
VLFDLEAFRPYD,14662.555045871559
QFRRSQSFRNKS,2145.922018348624
AGFDRNSGWNH,5184.90366972477
WSFFLDVALG,33894.81651376147
RDKGNHDPNL,1521.7477064220184
FQPALEYKDGNH,2582.6605504587155
PAFLHAGPNVG,5419.243119266055
KAEKPWWVAL,9380.844036697248
NYDWPWALSG,11871.229357798165
LKHLNGNKHS,1484.2293577981652
FANDDREPNS,1443.665137614679
ALNWFYDSG,10495.151376146789
NRDHWDLS,4410.211009174312
SYDQHGYHAG,3333.591743119266
KYGQSASG,1437.6100917431193
VNPWVFG,15643.38990825688
ESLHFESG,1937.467889908257
AKFGFAG,3728.669724770642
SLSFKYLSG,7845.811926605505
GEEWEAG,2292.1100917431195
PVWDVFLFEDG,38864.98623853211
KSFFNAEYD,5101.192660550459
DHSWRHVS,4062.1559633027523
DFDDPLSG,1978.1467889908256
SRWEEKDVLG,2079.0412844036696
QARGPFENVS,2330.591743119266
RWLFSGLYSG,14822.51376146789
HVDYQFDG,5233.463302752293
AENHDNQEVL,1526.032110091743
YDYLVSRYWNHL,10621.926605504586
DNENWHG,2667.119266055046
GQHHHASG,1660.5275229357799
QFPGGQEFRYNG,5441.422018348624
DFQWWVLSG,15154.229357798165
GPGKSELSG,1051.1559633027523
PGFVLALHAG,25860.302752293577
WGYNSPKQKHV,3318.4311926605506
VGHLSLWHS,9659.247706422018
PAQQEKLYHV,2138.8577981651374
EVYFEVGELG,16371.018348623853
LANVWSG,4884.298165137615
PRNNRWKG,1904.5366972477063
EDRYPVSHDASG,1840.7614678899083
EHAYPWLNSG,5776.811926605505
AYQPRPLG,3712.211009174312
GEAGGPDSG,1234.5183486238532
DEHAKGKHS,767.5045871559633
KQWWKHDSQYKA,2499.798165137615
KSLRHLREPWNL,5832.261467889908
FLYHAEGDS,2427.577981651376
FNVYNKPQFA,5146.426605504587
PQWKKRYKLS,1902.4036697247707
VPWRYGQEYS,6832.5
ELANNDLSG,1338.3577981651376
YWYPPNLG,7057.752293577982
KRHNFYHG,4128.151376146789
GVPSQEPKLG,1033.5
NAQQDQRPYNA,2074.256880733945
QKNLQRHDYWL,8178.188073394495
PNLWHGEKASYH,4219.032110091744
GFVHVFAG,17421.435779816515
DGHENEPKHD,1087.073394495413
PYPDPYRDLS,5027.435779816514
VDVLGFKYKA,5586.371559633028
KGNESQYNHVSG,1361.619266055046
NPQYPLG,2272.3715596330276
KYSVYWG,7139.339449541284
DDSRNHYLS,3427.880733944954
QWVASKDPLSG,2117.211009174312
PLQKSRPYVGND,3620.8577981651374
LGWKFNALFWA,18988.20642201835
VSRGGFNVSG,3423.3394495412845
YDSFKKVFRAS,4290.788990825688
WWLGRYELG,13889.844036697248
SELEPWWLG,15444.284403669724
GVAYFKLG,16113.151376146789
KQQKFRHASG,1195.454128440367
WADNYDASG,4310.174311926606
QEGAAPWVG,2313.770642201835
GWNWQYDG,10892.247706422018
WENEYEVALS,10692.58256880734
YWRWQYWLGRKD,8749.481651376147
ADKVLSSG,1213.5
RERKAVSFRNK,1008.7844036697247
GYRYLFRG,10947.142201834862
NQHADAEPWDL,3562.5963302752293
WRWFKYNDLG,10337.619266055046
LEHVVAENKH,2127.045871559633
RLFFNSEHLG,9652.077981651377
DKYGQAS,1134.5550458715597
FNFSPNREWAS,6600.683486238532
QVEQSGPYNKD,1546.940366972477
SRDVGKLRWNHV,4339.678899082569
EPNKFESEPPNV,1190.467889908257
GKYKKDLSG,921.4266055045872
HPFRGVG,3262.0229357798166
AYFPLPVALS,16823.92660550459
QWVVDASWAL,21047.93119266055
LEKLWNQVG,3912.270642201835
YGHWRPKSG,3310.6880733944954
LQNSDQRYWNH,5130.697247706422
ERLYDYDVLG,5786.417431192661
NANRPDLYNHAS,3190.4266055045873
HPNYDQFRPAG,3299.8119266055046
SGHDAYRENKD,1388.3073394495414
AQALALWNHDSG,3733.6743119266057
FDSSENSNDL,1462.2660550458716
NHDEDFYGQFK,5349.247706422018
EQFVYREPKL,5750.651376146789
FENEEKVRNHA,1612.6743119266055
SQYFWDNDG,8244.073394495414
RSFDSYHAFKVL,10489.302752293577
PVFNDYAQFDLS,13635.220183486239
PAPSRLSDV,1724.5091743119267
AQKFRYLRHSG,3635.4862385321103
HSQDGWDGFKS,4694.504587155963
VFSFDGREKVA,2855.47247706422
QAPREFEYWNK,2407.394495412844
WWNQRAALG,6953.224770642202
KEDLWQELSG,2234.8256880733943
GREYRDRENKD,1509.9036697247707
EVHPKGPAL,1664.7247706422017
ARGNVVLG,2860.2752293577983
EEPYKEGFYKS,1956.1697247706422
KLLFVPKDA,5503.688073394495
PEVESFWDVAL,10183.09633027523
ASGRQEYKVVL,6249.48623853211
FRHGQEPWEALQ,5140.545871559633
FLNWFPNVA,9356.266055045871
EEQFDSKG,1092.7844036697247
HPHKWLG,3118.7477064220184
NPPVWLG,5696.133027522936
WVNLFPKSQPVL,11110.422018348623
WSSVGQVAG,3166.288990825688
DFSLHALG,5356.165137614679
LSYLGQQEYHA,4355.655963302752
ANEAASG,798.8807339449542
EGDWYNAG,3209.678899082569
HAHFFNDLG,8055.683486238532
NWLFQVSG,13237.862385321101
PQAYFRG,6132.614678899083
KSFQAQPYNDAS,1948.3761467889908
VLKDRKAWDVS,1922.151376146789
PVELWHREKG,2976.651376146789
KWVVNHLG,4887.94495412844
NHDYLRGREPYD,6022.614678899083
SFDYGRVSG,3758.9816513761466
FVSGYREDGFR,7515.811926605505
NADQSGWNHDSG,1927.7339449541284
LAVAPSG,1585.2431192660551
GEWPQDALG,3902.9816513761466
EWWDYNEHL,10499.816513761469
VFHEQPVSG,2359.032110091743
RQSYYNG,3701.5183486238534
GYDKVQHG,1701.8761467889908
FLKQWQPYDVG,6854.348623853211
WYQFAQLS,10838.08256880734
EYRPWHQALFWH,22328.22018348624
FFKRARYWK,4295.467889908256
KADVQRREPNA,1033.2201834862385
DLSGFLGRKSQW,6545.614678899083
FLNFYQWNKHLG,6483.90366972477
AHRSQEG,1212.8899082568807
YSYKNGQHVS,2244.5
VRPDWRHDAG,3126.3073394495414
LQDARDYDSG,2049.105504587156
LPLNHHLSG,3133.848623853211
EPNFNSGENPWD,3952.6880733944954
KFSDDVLS,1766.1238532110092
EDERFWKHDVG,2267.4633027522937
DSADSYHVASG,1376.1238532110092
VYKDNKQFVLSG,4205.357798165138
KEWWSYNG,6503.807339449541
ESLGVQYHVLS,5690.137614678899
QDDYHSENK,1059.1238532110092
WHPRDGYHALG,7292.724770642202
SDAHGHVLSG,2182.9954128440368
WYLSVHALSG,11731.5
KAYNDRAWKDS,1959.7752293577983
SAYAWSG,4411.027522935779
VQEEGQFEWKG,1761.8119266055046
EHSAASENKDSG,661.0137614678899
HDFNKGWLQKS,3307.1559633027523
KFLRFRKLSG,3953.7844036697247
PRVARPQPDG,2208.9908256880735
HPVFLYVALSG,42559.54128440367
DVWADQNKHLG,2934.8577981651374
EALRAQLFPYAS,10799.311926605504
RFWSAFPDSG,9384.133027522936
HHFYDHVLG,8524.600917431193
NFWEKYDLSG,5122.940366972477
DLWLEHYVS,12162.385321100917
FFGDWNVSG,5008.036697247707
QADPSGPYWDS,4028.798165137615
PPKRYQFYNKH,3071.8256880733943
EWWAQKLGFH,12550.752293577982
EQPDFAGNAS,1389.605504587156
HWFWLPLG,22339.93119266055
RYAFSGRLQVL,16783.302752293577
YVRYKEDPWLS,8132.8302752293575
LRDWYHDS,7019.243119266055
ADGWPDG,3546.059633027523
RPQFNQKDWHG,3685.967889908257
SLHDAYHAG,2864.7155963302753
RGGSYKALSG,2024.1422018348624
KFGYSFSG,5885.206422018348
KFWAASHDVL,6495.766055045871
EYSSALGAG,1733.105504587156
VPFRYWRLS,14879.133027522936
FHNPHDESG,1730.559633027523
AHERHLG,1737.334862385321
LLGYHPYAG,8412.339449541285
QYAQRAGDSKLS,1658.6926605504586
YSAPREDALG,1715.8623853211009
PAHPREPYKVAL,3807.123853211009
RKSPLEAWKHL,1970.880733944954
DWGEFEHS,3105.137614678899
PDPDFWAHLS,5492.821100917431
LDRLKALG,3144.8073394495414
FGKEDQYWKLS,2830.711009174312
HQPFELQVG,3025.5550458715597
RNPSRKVREWA,2196.3715596330276
KVLSRAKVKS,788.4449541284404
RPDSRKEVWVA,2616.4311926605506
HPHFWLYWKHA,13621.178899082568
QQRWWLSGDV,8377.97247706422
AKHHPKSG,870.8073394495412
LSYVQPYGQNLS,5964.967889908256
NYHGFENNV,3757.4770642201834
RHGSAGREWDV,3224.8348623853212
SPWALGKSEWAS,3572.5963302752293
YNPHDSFPGYHG,5822.183486238532
VSSDKDLG,938.8669724770642
VRPHNSRPASG,1624.6788990825687
QHLAYVARSG,6622.114678899083
YNQGLSNKHVA,2492.032110091743
HKHRWYDL,7652.422018348624
GQSRHYNG,2600.577981651376
SENRHQWHV,5356.027522935779
PRAEQWHSG,2608.211009174312
RNAGFVLYAKHA,17433.34862385321
LNDKQYVG,1805.6284403669724
QLEDPQEPDG,1047.7385321100917
FGGDVDSG,1630.8577981651376
DWFREWWSG,15083.09633027523
HLYHRHEPWLG,12074.697247706423
LYSYEHSG,4001.802752293578
NWDVNLQNKDVA,2417.8669724770643
ARAQNVEYHSG,2158.5412844036696
EGFESVLGFPDL,14488.036697247706
KRWFPSQFEH,6447.623853211009
YFLEPVGPVLG,9823.077981651377
QDNWWHA,8204.334862385322
WRKRKYKHVL,2148.5045871559632
DNWLGYAG,6701.591743119266
DQSRVKALG,1416.467889908257
PNVQGFKARKDS,1255.0412844036698
DKYLYSG,2876.9770642201834
GVAPDVPG,1303.2522935779816
WWWHLYLS,17309.188073394496
QLWRPVQEPG,3520.862385321101
WEQHVRVAL,17711.5871559633
RKQFHGWKDYW,8124.091743119266
SRLWQNHG,4720.114678899083
EHYLAFEYWHV,24074.201834862386
EPPVSFRFRKVS,6673.01376146789
GPWEAQYNKA,2250.766055045872
QFNPDEPDDVL,1513.0871559633028
DDQKDQKG,612.7798165137615
YFFRLSQEWNH,9285.288990825688
PVAQVSGASDV,1198.0045871559632
SQRVNRKDG,1162.7155963302753
SRLDSHLG,2856.756880733945
LPGVWKHDALS,3061.8348623853212
NFKDQDVWNL,4129.229357798165
KWQYQPAL,5632.912844036698
WLGYPSQNVG,5974.142201834862
KYNDSSQHL,1751.8073394495414
HGLVSPVSG,3300.3990825688074
VEFRHYNASG,3500.559633027523
FEHQNANHGVL,2961.178899082569
YFSQPKFLG,6237.206422018348
FEGGEPKEWDAL,2192.8577981651374
NFVHSPVSG,3485.211009174312
WKNHNPNHVAG,2495.0963302752293
RGDLWARPYV,12084.605504587156
NVKWPKAG,2150.1009174311926
NSQVPYLFREH,7508.784403669725
RENEQFRVGNK,1932.665137614679
YERHKALSG,2319.862385321101
VRHQNGRWNDAS,2798.7201834862385
SQLDRAG,1637.2568807339449
KFDPRALSG,2205.422018348624
YYPKVWG,7006.536697247707
FVYKDQENKDPW,2943.5
AYQRGYLG,6693.45871559633
YPGQLFVG,9028.174311926605
SYFYKVKALG,8639.137614678899
KFGSEKHDLS,1628.7155963302753
YKNPEPSG,1061.633027522936
YVQDYYWNDVG,8441.587155963303
LAGVSKG,1645.3623853211009
PPNYFASG,3741.4174311926604
NLEPFYAYWDG,22036.105504587154
FLLHYHG,7765.394495412844
YKGEDLKGRPK,1072.0779816513761
PYYSEWKPASG,4973.422018348624
REQDSRWPWNVS,4985.197247706422
NENYHVQRENHS,2199.6009174311926
HESSEYKDA,1097.7477064220184
HGDPQEAG,1007.2660550458716
WFDPRKLSG,5793.440366972477
YEKFHGWKDVL,5323.188073394495
VLVAVGRNKL,8330.821100917432
FRAKLRHNHL,4130.339449541284
LPVEQEKSG,813.7614678899082
LYPKYKDVG,2365.467889908257
VKENFEYNV,2204.316513761468
NKEENKLNDL,871.5229357798165
NYLKQNHLG,3160.9862385321103
PYNHHFRWKQKH,3212.2201834862385
AAVAKSG,1041.834862385321
FRADEWQFHSG,6617.44495412844
GWRPEYHAL,9834.509174311926
SGHWVHLS,7924.674311926606
WELLVLSG,30639.922018348625
KPKSLQHG,1207.8119266055046
PLEFWSRNDAL,11690.298165137614
QQNPQEPKVG,923.6422018348624
RLGHHGFPASG,3994.678899082569
KYSVLVLSG,21361.288990825688
QFELYNESNLSG,3903.8440366972477
KWWFDSG,8562.660550458715
AKHGDQPWNHS,2395.5045871559632
EYKHGENWVEYN,5001.711009174312
FYVWYREWKAL,11528.454128440368
LFNRFPNKDAG,3112.711009174312
HNGNRNDVA,1616.2752293577983
FQEERPYWDA,8091.5504587155965
GWLQDVHLG,6814.165137614679
RWSFVEPQPYL,19603.80733944954
NGPQHLQYWV,10369.651376146789
PYYFDSPYWN,22787.036697247706
HQYYWEWDSG,12650.834862385322
PDRLWVASYWNS,17581.04128440367
HEDFRSPVG,2871.3577981651374
PDVVSQKRYK,1461.9587155963302
WGSYHNHALS,7094.472477064221
AYWEAWKL,9145.064220183487
YHAEAEKAQHVL,1834.1422018348624
VSQRSRVSQEKV,1186.5275229357799
QEEHFWAWNKHL,7438.422018348624
DHASYFDVS,4725.59633027523
HPNFDPAG,1956.366972477064
VLLKDNLSG,2277.6605504587155
NDPGFHGNSG,1970.7385321100917
YKWYARWNKDG,4265.559633027523
FWNQAYNHKAG,3259.6559633027523
YPLHSNSG,2175.532110091743
QLVENHQFWNK,4233.353211009175
VHANLHLG,3480.6284403669724
RNYKFKDYHL,3724.0733944954127
PANVQRYKARNL,2871.770642201835
DKHDPGFEWS,3009.0733944954127
REYYEKAPLSG,2282.1422018348626
KHVVGFRLKHV,7335.811926605505
VAKLNPWKHVA,3388.9174311926604
FPPWWVKVASG,13094.591743119267
QEPWSSEDGRK,1475.8440366972477
EPQNWKFWKLG,5504.477064220184
DLRYNWHSNDG,5137.247706422018
KLNWKLEPNDAG,1669.0963302752293
QPFPALQWGYK,9148.665137614678
NHAWGQFSENH,5742.3899082568805
PLWANAPWKV,10047.48623853211
YAWDQYGFYNS,12103.142201834862
HGEENEYNHS,2072.5550458715597
PDQGPHYWLS,9125.380733944954
YGSPRWAG,5970.779816513761
FRSPLQALKAL,4075.408256880734
HLFQRPKLPDLS,3893.064220183486
DKHFDYWG,5536.105504587156
HWSVQFG,13362.022935779816
VGEFYGYALSG,12367.422018348623
RNFWNDKSREWA,4846.642201834862
NKKHSPWKLQYK,1676.5366972477063
FAQWHRQPNDL,5842.931192660551
RNYKRPGQWDAG,3641.376146788991
DYGSFLSG,4144.0
QFKHLHGQNVYV,8121.027522935779
KRSADVASG,878.848623853211
QQDSPGFYKHS,2229.206422018349
HQPQSGNLSG,1372.7798165137615
AELDHDVALS,2100.9954128440368
VRAPFDVLS,6252.825688073394
YPALVFAG,16613.064220183485
HDHPQFSG,3204.408256880734
HQYAPDLLS,4411.926605504587
EDVNNAREWHS,2540.577981651376
AEEVDVLG,1402.032110091743
KFKSLFPKVAS,1836.7522935779816
KSSVYNG,1545.4311926605506
VVAFYGEPHL,16073.454128440368
PWLKQELFDA,8997.348623853211
HAVHHDALS,2444.266055045872
NEPNDFEDSQNL,1647.0275229357799
RNNGRNRAS,1379.8899082568807
EQLGWAGVS,3006.5412844036696
GKQKWHDVAL,2242.1880733944954
YEVAWVLYWHG,25202.646788990827
PRSYKKHG,1272.5550458715597
PNWKHLYSPHV,8533.743119266055
RPKDVDSKHQAL,1132.1697247706422
LFLPWRLS,15529.62385321101
VAEWFRHQYNH,8744.518348623853
LRQLYHDVL,9751.422018348623
FSNSVQWHDLS,5913.605504587156
HNSFAGLG,3883.2155963302753
DVGSLSQRWSG,3987.045871559633
YVSFHYDVPALG,14393.325688073395
DDVFGALS,3131.0963302752293
DYHHWKVALS,5355.545871559633
SHRPSHG,2044.4816513761468
RHNNFEYWKH,5327.477064220184
PQGEQDLG,1118.3394495412845
WNNGVSFRYASG,13107.055045871559
KHQFSWKVWHV,8948.316513761469
FARWRLSFWAS,19964.857798165136
YVNGGQPWHDG,6247.600917431193
DVVLEDFRWDV,9407.481651376147
DPYQQFNHD,3271.270642201835
ELVSVPAS,1640.5642201834862
LSQLDAPWHD,6174.178899082569
FAEYKYAQFLS,8135.857798165138
LFVEHGPYWHD,15284.967889908257
RYSPSGEQKDA,1042.7431192660551
DLDHSGQWAL,4947.339449541284
PEERNLG,1363.894495412844
QQKGAEYSG,1039.9357798165138
YLNWHPYHDV,11821.454128440368
RNSGFLKSYHV,6762.4495412844035
NVLFELQDWKVG,18814.729357798165
YLVHSRVALG,9547.233944954129
EHQDKLWHDL,2526.5963302752293
VFRRQEPYNG,4190.862385321101
RKAAVRNHDG,1067.5091743119267
WRHDHQEVSG,2283.6605504587155
GLYHKLSG,3503.183486238532
RVEEVYWNHG,7825.201834862385
RQLVQNG,2129.348623853211
WDLHNDRYHS,7259.614678899083
FRHYVASHSGRH,4768.270642201835
VLRNRKAPYWV,9133.224770642202
VSLVSEHALG,2693.9954128440368
HYQDAAG,1886.2064220183486
HEKLPALGYLS,6830.495412844037
RQGENHKVAG,1079.8211009174313
PDAQGFYLGQD,5485.545871559633
ARQFALDG,4622.95871559633
KLEAFNVGQK,2024.3302752293578
EQKKEPALS,595.2889908256881
YRAWAYKDVS,4594.435779816514
SKSDQDSG,659.151376146789
VNKDLKRYVA,1824.4311926605506
WRGYVHDG,8413.04128440367
VFPAFFDSG,10893.95871559633
RFGNGRLSG,4073.802752293578
LRVVWLSG,26321.990825688074
RKNNRYDAL,2112.0550458715597
HPHFVWHLS,13921.80733944954
EVNRLQWKDL,3105.7798165137615
PWDFRLEDAQND,4294.064220183486
DGFPQRWKASFN,5433.091743119266
SWSASEAG,1782.9174311926606
REEQNDENKHD,853.9449541284404
NVSNHFSRWK,5594.376146788991
SFHHRWLG,9632.353211009175
YHPDSQSNSG,1361.3073394495414
WDWAYKQYVL,13492.252293577982
GPFKSKG,1593.7018348623853
PVWVKDYNVA,5534.660550458716
ALWLEGNDVAS,3835.9174311926604
KNHERYDLS,1759.7798165137615
SYWPEWNKV,5471.633027522936
NFSSPAL,4077.577981651376
KDKNVLREKSG,848.8761467889908
WLFVNVLYWNV,25832.522935779816
DGPPQENHAG,1294.9724770642201
QVSEAKAQPW,2966.848623853211
KQKKPWVG,1123.5
LFFPPAL,11493.298165137614
FQGWKLGFRWHL,18162.19266055046
DVHLQNGEKL,1307.545871559633
DPYPDDALSG,1678.880733944954
PPSYVEVALG,5327.6697247706425
PSFHPKLQYHG,5888.09633027523
RLESLSPKHVLS,4774.633027522936
AFVFSFWNK,21435.628440366974
DDRLNHVLS,2987.821100917431
WEFQYSG,7212.779816513761
QERDESGRKHVG,1031.0825688073394
PKYDLYSQYVL,12339.701834862386
EYVDSWAQESG,2490.5688073394494
GWGQKHWG,5132.628440366972
PQRGGFYNHVL,8876.779816513761
LPLDVHDSG,1819.380733944954
AFDDNDLS,2111.243119266055
YDPVLPHSFLG,9275.963302752294
QLNHKVLRES,1711.7431192660551
YVQGQLNLG,3783.408256880734
EDFEWQWVGYHA,14224.316513761469
YHRPEPRYAG,3179.3073394495414
VPNNDRKHVAG,1175.6880733944954
WGVYGRES,5126.793577981652
PKYFPHDQYWD,12728.197247706423
KSGPDENQPD,1196.5366972477063
GFLVLWHLG,32878.077981651375
PQAVFEKS,1688.2385321100917
QQANRYALG,3887.467889908257
PHPDVFDPYWK,6280.761467889908
WDKLRHPVG,3982.2798165137615
VGNNSFWNKV,3929.3348623853212
DHAYRLSG,3349.0688073394494
EQPFEHEHDLG,1489.6559633027523
PSFDFRLSFPN,24815.3623853211
PLEDAHRWNKSG,2839.2522935779816
PLALRNEWHLG,9968.09633027523
PGPRFNDVAG,2050.293577981651
NKRFGQNAS,1530.1559633027523
YEWRRNSG,4369.522935779816
FWEPVQVEPKHG,3330.853211009174
ALSKNALPYS,3556.0412844036696
FKYYSGPYWKDG,6242.9495412844035
EQVERPYWKH,2712.9311926605506
QLEKFKGEKD,1007.1697247706422
SEWNVGVGFDVG,8572.747706422018
GGRGYSG,2924.637614678899
VYQRAQLG,3329.7844036697247
HHNVYDLSG,3559.6100917431195
FWYPYDQEKVS,3368.52752293578
YKYHDFSRYH,6104.325688073394
YSANRYLSG,4588.4495412844035
NELDPNAG,1499.7660550458716
ESQKFRVEWL,6706.995412844037
DGQEFQFEHS,3421.756880733945
DVDEWSKHVS,1922.5688073394494
RNNDSLEYHLSG,3259.3853211009173
VHSEYWWLSG,12562.348623853211
RHAEHAGRVYN,4478.678899082569
QEFPDSNREAL,1187.7752293577983
DPDFKHFVG,2339.8577981651374
DFKASHQKDVA,1093.559633027523
VELDYNSG,2185.1009174311926
KARYRSQRHAG,1785.426605504587
FAVEEWHDVAL,6092.09633027523
ASFGSYWKHL,7542.605504587156
ELYNPARNDV,2634.7752293577983
WHQQPHVYVAL,28579.642201834864
NVAVQWRYSG,11828.018348623853
KYDSHRNHV,2270.912844036697
PGAGHQREHDS,1203.711009174312
HVDAYANASG,2128.3394495412845
GYVHGYKHDL,5420.0091743119265
HSDYWGPG,5365.559633027523
NAFDWDAEKDA,2067.032110091743
NSYQPQNKHDSG,1431.8394495412845
NGLNPKSG,1547.2247706422017
WYDRQYVG,8532.279816513761
AYLGNHAYWDS,9492.02752293578
KKFAFLS,3946.0229357798166
KKRRALSG,718.6284403669724
DVAYQRDAWKD,2929.559633027523
NKPEPHDNKG,811.5550458715596
SWFHWKG,7142.678899082569
WHDKEALQYNK,2011.5642201834862
WQERYVQREYW,20543.715596330276
VENWNEKHVG,2177.9816513761466
KWKAHVKHDG,1374.9449541284403
NVPLFVASNKG,4714.51376146789
LQYVPVPKG,2862.1330275229357
HEFVQFRNDVG,6042.766055045871
PHNWFEPYKDSG,4376.614678899083
RFSEQFDV,4377.380733944954
QSDFPWKQNKHV,2306.683486238532
PQVSRHLYHV,7888.266055045871
WVNDVAWGFREG,10458.06880733945
VVFYPKDALS,7762.5504587155965
KRAGASENKD,706.3119266055046
EGGAGYVL,3045.5963302752293
WQSNWHASG,5812.752293577982
KQFEVPQPYHV,5376.376146788991
FKNKFPGPYKV,3579.8669724770643
AKDSNFWNS,2175.532110091743
EADYNSGHD,1494.2798165137615
NPLYYNLSG,7810.385321100917
YNYYALFEYKLS,13226.770642201835
GQRNAQEVLFW,15846.233944954129
YYDQYHPHDV,5492.8302752293575
AVFNQVSG,2463.9495412844035
AHSKPYVLG,3488.077981651376
GHAHQKSG,1188.1559633027523
RAQWEVLEHSG,3300.9587155963304
FAHLREGQDVG,2056.178899082569
SFVKYWVLG,16081.114678899083
KWWLQNHAG,4607.9908256880735
WLEQRKLWVLS,17375.894495412846
KVDLSFHGFDG,6414.027522935779
DDPFNAS,1561.8715596330276
GQFESDAGRPD,2545.6743119266057
QGFVWKDWKDVS,3843.5229357798166
KDAARDVVG,946.1788990825688
QKNASNLWKVG,1972.802752293578
YWYFPNKNKH,3654.137614678899
LPYAQRSRNVA,3557.087155963303
HFFYFNALG,13401.165137614678
GHFAKVLS,4268.247706422018
YPRDENSG,1314.2706422018348
VNVKLNSG,1797.2201834862385
YQFNNKDFWG,7672.821100917431
FSHQNKDEVL,1437.665137614679
PVGFQPHGKV,3704.591743119266
GQRQVRYWHASG,5634.270642201835
LDSEEHSG,1149.9770642201836
SYVHPYSG,6057.435779816514
PKKHKDPKG,507.3761467889908
RHEKQELKDLS,831.5275229357799
QSGHEKLGKHVA,1089.6788990825687
YKHWYKHFWNA,8409.550458715596
DQPGVGRPWNAS,2648.577981651376
DLASWVPNKHVA,2755.233944954128
GEALGVKVS,2036.0779816513761
GPLVEPLG,1457.6100917431193
GVSEVDLSG,1349.440366972477
HVASGSRKWH,3387.293577981651
DGKEAQYNKVG,981.4633027522935
GLQDHVS,1668.3853211009175
QSPFFEKDV,2011.0045871559632
PDFDGEPFAS,3363.105504587156
VVGFWHWDL,21340.69266055046
KSGSSPYKHA,1522.0412844036698
FFWFASENLS,8529.091743119267
HYDNPVLS,3936.532110091743
RNFHKHDQRPYS,4443.871559633028
SNSGGDVLS,1320.5871559633028
PVSLFVQRND,14022.715596330276
YVRFAGQFYAS,21048.73394495413
ARAHLQNSG,2037.3302752293578
LWPLFYLSG,17740.389908256882
EHPVEVRKLG,1373.5
RVDFHALSNKVL,5100.160550458716
FVFPSKVVAL,9111.357798165138
FFHLRLYND,8349.146788990825
EPNQQFLSKVLS,3589.6926605504586
LQGPKENHDLG,1387.545871559633
SFPWHYDFDAL,14711.37614678899
ARRPDKDVLG,1370.8302752293578
WPQEKQAG,1237.9495412844037
RHPQGFKLS,3103.02752293578
RYQFWNSPDVSP,5351.05504587156
ESLLSWDG,4209.853211009175
FEFGYFNVSG,14643.770642201835
GESDYLG,2105.9908256880735
GPQVEAS,864.4495412844037
KNGEDEASG,659.2201834862385
LRKVSKSPKL,1230.7064220183486
WDRGLGFWLSG,18066.440366972478
EWAPGNASRVS,2240.8853211009173
PSPLLFEPYNDL,7487.311926605505
PKPERYNHDV,1514.3899082568807
WKLFWFWDSKHA,11256.908256880733
VLGAGYSWKHD,5428.940366972477
ADLFSPSG,2568.4311926605506
ESKGRKHYHVG,1589.4449541284403
PLELYKWLS,13828.91743119266
QNHEWVSRQENL,3971.701834862385
HEWVPWPWDL,26351.522935779816
DLPVNPKVAG,1562.6788990825687
YLSGLFDARKL,5249.316513761468
YKRKEWLREPW,5965.802752293578
WAFGSGPYNKH,6580.068807339449
YRPFEGEVG,2290.9954128440368
WKGKGSFEKSG,1497.4357798165138
QWNRLGQHPKA,2803.9266055045873
RPSDVAQEDQEP,1010.0
QYHFKGYSQHAS,3367.422018348624
SVDAQFYDAL,6486.917431192661
QARYEAPWG,5049.559633027523
NLDWSQDVLS,4407.95871559633
GGQVLVSG,3198.646788990826
QAGGDLQPWG,3841.1743119266057
KDNLWQKLG,2491.454128440367
HYNHELQNG,2193.9036697247707
GDEDAHVSG,1051.165137614679
KHGRELENARH,2571.2247706422017
ARAPPDSG,1227.3165137614678
RRRYWYSG,6682.032110091744
QGEDAQSRKAS,1000.183486238532
NYDADAWDA,3993.559633027523
YHLQEVELSPL,21103.128440366974
FWLLSRSREYAG,8961.426605504586
NFRYVGNVFKVS,16530.77981651376
KHAQEAASSG,1000.2522935779816
LQEALVFHDVG,16403.642201834864
DPHDEAEWKASG,1281.8623853211009
GYPAYNHDLS,4748.642201834862
EELPWHVHALS,6950.376146788991
PGFRRHDLYWNS,10929.174311926605
ESYYDGEPYW,11838.412844036697
GGKHGESG,867.605504587156
VNFEKADG,1180.380733944954
VHVEYKRHDG,2611.743119266055
VRFFVALSG,29394.839449541283
EYQPVGPSRYNK,2402.440366972477
RSPAALRYHD,4026.467889908257
QNFKKANHVA,1584.2798165137615
VWYNHYNKHA,4938.981651376147
AHGQSFLG,4064.9633027522937
AFEEVRHDAL,4165.733944954129
WKQDKSRPYN,2687.9770642201834
PDGNRPSQHLS,2351.8394495412845
FDNDDGPWHL,9466.816513761469
QRADKALFYLG,9238.077981651377
VKGHLHSG,1800.9174311926606
RYEPFPYVLPWN,25850.288990825688
PSFNPDSGRP,3180.2477064220184
WNRGWVLSFYK,24232.908256880735
NDFLEWGQENS,3137.4311926605506
PHGYKQFDAQWN,5163.233944954129
WSVQVNHAS,4275.366972477064
DKVLHLFPDVG,4282.5
PVLKPYVSNHDV,4054.9587155963304
AVLPNDWSG,3852.0504587155965
NQHRVLYHALG,8954.165137614678
PAGNSGVWHASG,2784.47247706422
YPKEYYNKV,2245.591743119266
EPEFQYKG,2373.169724770642
DRLSNDQRHD,2088.243119266055
FANVRDYHG,4469.651376146789
SWAHGRAS,3963.733944954128
WHVKQFDVKHA,3307.821100917431
YWGSKHANVAG,2570.3394495412845
WVWHYHDGRYAL,17599.123853211007
ARGRVKVALSG,2219.3577981651374
DKYSYLG,2912.5229357798166
AAFEDVHG,2010.6788990825687
SRADYWASG,3932.7201834862385
DRNWYLSG,7205.082568807339
PWNPQRNNSG,2189.3577981651374
HSRQQEYWNVSG,3421.4174311926604
FKRERPVQNAL,3018.2522935779816
RNKHWNGESYW,7121.073394495413
DQGRKENLSG,984.4311926605504
DDYWWDASG,5931.334862385321
PRVQYVAYHA,14628.348623853211
LVYHEHDVLS,5200.743119266055
SRYKYQRDLS,3257.853211009174
AFYHDWDASYNH,10097.628440366972
GKDGKHFDLG,1670.045871559633
KLYYGFHLS,10202.380733944954
SHPHGASG,1770.2660550458716
VWLLRDLSG,13738.059633027522
EDPFFYDVASG,7205.678899082569
VFKPWREPSG,3898.5412844036696
FGGERASG,1715.8211009174313
LNYDRKVAG,2288.270642201835
WLWYGFREWHDG,18339.79357798165
WSDRFKLG,5740.866972477064
FRLFYDGEKLEA,4577.206422018348
PREQKVEWNG,1731.2844036697247
DWVQAALG,3680.105504587156
NRFYENDVL,7278.3302752293575
LHHDKLSG,1669.866972477064
GERYHLHG,4659.853211009175
HAPFQPKHVG,2484.683486238532
QVYYDAWALSG,12026.908256880733
FLHSNFWAG,9836.380733944954
QSFPKSRHGQYH,3149.6284403669724
KASVWHAGNDV,1963.0366972477063
NNSWQHSG,3102.321100917431
FRHVREHHEWHV,7379.119266055046
ELNEYDQFD,3397.7522935779816
AKFENYVG,2804.848623853211
VFRKAQRLPYG,5411.834862385321
VVPKFWDSG,3955.880733944954
KWHGYAQFWG,13322.697247706423
YWGNPWVQKS,6374.54128440367
NPQHQRSG,1448.2844036697247
VWVAQKLRHVG,5622.848623853211
RYYDKDQPHVA,3040.256880733945
KYLWEYVLG,10996.839449541285
WQWRLNKDVA,5601.197247706422
FPYHYNHQPWNN,9642.41743119266
ERLLPYAG,4979.082568807339
SGDVLPSYWK,4188.885321100917
WVENASGGPAL,4158.536697247707
FPGGRVGVSG,3817.5137614678897
LKSGVPAG,1321.9495412844037
FGWSYGRPNAS,5743.027522935779
NAAHDSWNKH,1861.788990825688
VQNGLWKHS,2777.9587155963304
PKAESGFEFKL,3734.302752293578
FHKSHDPNKVG,1269.2706422018348
QQSYAQAG,1542.7844036697247
DNVFWEYDVLS,15064.853211009175
QVADPGQHVSG,1261.9357798165138
LNQGEHDASG,1454.665137614679
HGFAHLFYWDL,21810.830275229357
LWNVDRYNDL,9889.146788990825
QWVNHDSWKHNK,2863.197247706422
NDQWYVGFWNDS,15343.628440366972
KDFDYAGFRPA,3229.876146788991
EPFVHDQVLS,3339.197247706422
QNHDPYWDLEPD,4308.064220183486
EYVVEHGHVG,2955.3715596330276
YVFRFHNHDA,7618.339449541284
WWVEEPLS,7081.59633027523
GQLHHDASG,1853.7798165137615
KEPGWGFEWHV,8923.784403669724
VRVDLWHVSG,7859.224770642202
VWRNRWAL,13012.54128440367
GRSRSWAG,3342.954128440367
LNLFNLWKHDL,9985.62385321101
RNYKKDRKLG,1087.3623853211009
LFAKAWVLG,10052.646788990825
PRGDPHVALS,2560.830275229358
FLNYFNSG,3415.6284403669724
EALEFHSYWAS,10422.949541284404
SENSPSQKVAL,1645.394495412844
QLKYQPVLS,3783.8853211009173
QNNWFVAG,7922.834862385321
VGLFFNG,14634.564220183487
HGKGPLEKV,1050.9587155963302
PPANGYAG,1528.8761467889908
VPQQFKDALG,1499.394495412844
VKFWAHSG,4544.5091743119265
KDEAYHLSKALS,1859.51376146789
PPYASHSRHS,2591.6009174311926
HWEHLSASG,3579.2844036697247
VLLFWHFDVL,33560.408256880735
AQAEYPYG,2893.4266055045873
NRGYRNVLS,4753.8302752293575
LNPGHALG,2934.321100917431
RPQASVLEHL,2528.1880733944954
PGVQWSKALG,3260.651376146789
PYPRYHQLSG,5520.123853211009
EEGAHAG,1081.2614678899083
GKAAPKAL,843.3853211009174
EGAAWVLS,4062.238532110092
NGQDLPKWHDVA,2385.5733944954127
VPESDLG,903.605504587156
FPVEREPVQWVL,17714.38532110092
EGKAWVWVS,7370.284403669725
FNWKPYHQPLS,7379.091743119266
YGLNAYLG,6963.266055045871
APGEAASG,732.4311926605504
VEHSEPLGFSG,3502.8899082568805
NHRQLSRPYWLG,13111.821100917432
HARNLSKHSEWK,2070.4266055045873
EQDKVELG,708.3807339449542
HENEENKDVA,717.6146788990826
PLYNPVGRSG,4592.591743119266
KYVGPAPYNHAG,3129.197247706422
EENDYKQFSG,1613.8577981651376
SGNWLSQYLS,8122.01376146789
DLAYEVLG,4493.834862385321
FNPQPWWHG,14112.178899082568
WNQFRLALSDS,14711.30733944954
QYSSKHSGYWS,5276.344036697248
EESWGNDVAS,1755.4311926605506
AGRYQPGWHL,10433.738532110092
NRHQFAYASG,6299.40366972477
KQRVVLFEPD,9153.963302752294
DESHRNVG,1361.9311926605506
YHHVDSQFEWA,7305.834862385321
QQGVNLG,1458.5412844036698
KFLNKWVG,4053.5963302752293
SAFYLKLSG,18109.628440366974
RQFEHEPNQFEW,9004.220183486239
RENEPHSDSHS,1148.4311926605506
WQNGRYNLENH,6104.747706422018
AVQNSPLG,1530.5504587155963
LHGPLHAG,3513.8577981651374
PAQLDAEPYKA,1430.802752293578
DRWGGFKALG,5612.40366972477
NKYAGSEDVS,1084.6422018348624
HYWSWDRDVA,8245.09633027523
RLYGNDENHA,2370.9816513761466
VQEQVQFRKG,2280.848623853211
NALHKDSEHA,1070.1788990825687
VHQGELG,1221.6009174311926
AHAEHNSG,1105.1743119266055
WRPYAYKDEDA,3260.266055045872
REQAWGQNDV,1831.2522935779816
VQYRHFPNHV,6534.288990825688
YNQYWNGKDFDA,4161.178899082569
RHKNQPWVL,6325.334862385321
RKAWSFRSQNVG,3608.123853211009
RDQRHSRPDNHV,2291.032110091743
VYPQDAG,1952.01376146789
YKAVQPRKALG,1882.5550458715597
RGLGSNHALS,2748.967889908257
AFQSGYSG,3887.8394495412845
SEKNSGNLS,1305.9770642201836
GFFEREG,3493.380733944954
GYQAVLSG,4208.307339449541
QNPSKDLPYWD,3882.5045871559632
DGAHQNDS,1167.6146788990825
SKSDGPALS,1028.9587155963302
VNNKEDG,756.7752293577981
HSVWRDAS,4321.211009174312
YAEPYENPHA,3465.5183486238534
DYQPSDAG,1541.073394495413
KLADPYG,2178.321100917431
PWWEEKHLSG,5760.775229357798
WKPLKAGVS,1727.7706422018348
EHEDNEWNKH,1413.8532110091744
PYSSFPEWALG,11495.52752293578
QASRVSYSHVG,4173.94495412844
HSQDDLQENKL,1076.0275229357799
HRWPKRNKVSG,1650.4633027522937
NNYLDASG,2624.8440366972477
HVHWFNKG,5189.752293577982
SHANFVASG,2587.8853211009173
EHEGGPNHL,2070.362385321101
EWWLLGFYWND,30988.743119266055
EPNRSQNYNAS,2026.8302752293578
VGHHNSG,1719.591743119266
GFKAFNRWA,9968.30733944954
YRNNGDAS,1759.788990825688
SYLASKSG,1900.7752293577983
HGRKVGDSWDS,2435.8119266055046
HVRVHGQFYSG,11703.243119266055
LYFHSYS,4519.619266055046
AWWNGPSG,4881.935779816514
SHAKSDSG,947.605504587156
ENDVLLSNEKHD,1584.1834862385322
AWYAHLSG,8128.325688073394
QVWLKVRHG,7374.518348623853
RNQRKAGFYHPK,2365.7247706422017
WGWDRELDVLG,9739.30733944954
KKRVHDLSG,996.2477064220184
YFHRGRDVLSG,4786.95871559633
GRYGFAHVSG,6236.963302752293
FPNWHDSVYWN,17019.045871559632
YKAYKLAGPDS,2446.7844036697247
DPEDGRVSG,906.0
RHLWQREGRNK,2128.105504587156
NNSSHDG,1314.9036697247707
QWSKFNKVWNDG,4789.376146788991
VKPYWFDAS,8752.394495412844
YNADFRDQWKV,4954.339449541284
EVSKPNDQRK,814.4724770642201
DDENHFLG,2546.5504587155965
PFLPFELSG,14264.697247706423
SQQQWSG,2025.5871559633028
KVNGEHYKDLS,1248.3119266055046
DAEYRYEPYKVL,8443.119266055046
SVSFGQSG,2298.0504587155965
FNNSDLQEWKG,2334.6743119266057
REKFLGQLDVA,2280.1284403669724
NQVAENQWASG,2125.564220183486
NPVFFWALS,32867.62385321101
WKQHYHAKL,3983.5366972477063
NHGEFEKVEKVG,1159.2064220183486
EHDVGSWLSRD,3782.119266055046
WHQSNHENHVA,2356.362385321101
EHYAWGQYWHSG,10159.655963302752
PYVYKDHVLQNH,4305.376146788991
RLYGKDFPHS,3694.229357798165
GYAPEWVG,5009.784403669725
EYKLQASALGRG,2829.2798165137615
AWGRNVPLSG,4203.5091743119265
FEVADYHRWKDG,3946.756880733945
PSYSKDSRYWL,7877.637614678899
FFVQFYHYAS,7805.128440366972
DVSANDYVS,1648.2752293577983
HGFAEPHKHL,3209.3256880733943
EAVWPLG,4276.472477064221
VQWSNAFPNA,4557.435779816514
YGHLKVPWSG,6132.834862385321
QEYAFYNFYGH,18337.738532110092
NDQFVLKQWKD,5202.087155963302
FFKAELNAG,2338.270642201835
PLRHGWDNHA,4802.394495412844
ASFQAYWKVS,6750.362385321101
SLQFNWDSG,6660.325688073394
YDPQYNEDS,2476.532110091743
RAPDRYDGYH,5326.4908256880735
PPNSLWASG,2759.394495412844
LPLNQDALS,1937.3165137614678
NGGQNQAG,1066.954128440367
VSWLAQLG,7800.48623853211
SNRLHDAL,3378.52752293578
FKLGDLAQYWG,8197.20642201835
DSGEVFEKSPN,1257.532110091743
DPYPYWDVASGW,13359.348623853211
YKKKVRHDVLS,1495.5366972477063
QPNKWAWHFPYD,17804.495412844037
SGHYGQKS,1725.9908256880733
ASRHDYNLNDS,2719.5183486238534
RFRSVQRYWNV,10331.981651376147
SRALDQFPNLS,4358.715596330275
DFADLKVLSG,3136.3990825688074
EWNAQSDGYHLG,4334.715596330275
HVWDWSRYG,13967.51376146789
QAARDREHDA,1127.9954128440368
QHASNHYNSNH,2799.137614678899
EGFKDWPHAG,2675.380733944954
AKGHPLSG,1427.3623853211009
KQNGNLQYK,1471.8302752293578
GPDKVEKHD,711.6284403669724
NLSSERKDLS,1112.532110091743
VDRGNKDAS,970.7935779816514
GRGASNSG,1552.9908256880733
PWADAFKWSG,8412.711009174312
LWNGQHSHAG,2936.8669724770643
GPHVPGRYG,3509.0091743119265
KDYKLHGPYSG,2667.4770642201834
ASYKKSQWHS,2286.137614678899
QKYFQRPYNVS,5348.357798165138
PDSFQFWEWSG,14948.408256880733
SFAQWVGNKDVG,3271.6743119266057
DSVGRKEHLG,1103.8761467889908
FYKNSGPLRWVG,8630.871559633028
FSNYSNDSG,2122.619266055046
HGGFYNYHAS,7103.591743119266
NDHENDLKHDG,1302.9311926605506
NYSENFAG,2978.6422018348626
WKWGEFYHALS,11320.573394495414
KGHFAGEWKVG,2468.9311926605506
GVREAPVG,1149.9449541284403
NAGDQEKHLGYH,2272.711009174312
NYVRFPAG,6884.137614678899
DHLNHKASG,1232.2293577981652
HHWGHVG,4745.348623853211
PYGQVSQVLSFN,15393.298165137614
PRPKKQPYHA,1565.9587155963302
SGLSSGSG,1379.926605504587
QPLDYKLQNKV,2280.678899082569
HEKERWASG,1750.6880733944954
DLDQYFVSG,6646.3899082568805
DGYPHLPWHAL,14898.697247706423
DGKKDSDAS,651.1422018348624
ENFAWKSYWG,8486.779816513761
QDGQPAHGQPNK,990.0733944954128
YNPQVYKDVG,2254.105504587156
GWSARASG,3415.4862385321103
VNALPNRPNAS,1884.8532110091744
YAKAVSPVL,3418.302752293578
PSGHGQDEYLG,2058.2752293577983
NPQQASG,851.1330275229358
WQDSSGWLSG,6939.683486238532
DNSLNKDAL,1010.4174311926605
PAPEEPWKDLG,1368.7018348623853
GQGKVSDSG,883.9220183486239
PNFRKVEVGWLG,8766.564220183487
PDRNGRPAGQDV,1605.4128440366972
HNLHFLG,8747.422018348623
VRDFVQVLS,9362.518348623853
PALFELDQEVA,7549.564220183486
DQKESGQYHVL,1671.619266055046
KQDVLLRSG,2694.848623853211
KPRFNKVLSG,1544.6146788990825
QENPAGQESEW,1308.1100917431193
RNDYPKHSFH,3812.348623853211
YYPHSYASG,4640.963302752293
PAHEGQWKDS,1499.3623853211009
GLFLALG,26749.4128440367
FASHFENGEWVS,6071.995412844037
FEDHQFDGFWL,20507.422018348625
NQRRSGFPYSG,5604.573394495413
YLDEENVG,1780.3899082568807
PSQHGPWKGFKG,2980.3990825688074
KNLQASYG,2116.52752293578
SNAPQNASG,1008.5779816513761
LNQEGPG,1218.4128440366972
RQPQKLWKHA,1828.0091743119267
GYVFGKVSG,5662.073394495413
PRNNGEALG,1681.3211009174313
LQQPKSQREYVL,3524.298165137615
PQFWLFSPNLS,35333.963302752294
WVGVYWSRVSG,17939.47247706422
WAQWEWKSKHLS,6231.922018348624
WVAKAEKAYHDV,2249.6146788990827
EFSHNDSG,1588.348623853211
FQYKFLSYWNKS,9029.577981651377
VSLWWVG,17788.353211009173
QNNHKASEKVG,1028.9357798165138
LFWGGQFRPL,13598.399082568807
RHANPHVPNK,1492.2568807339449
QYWGNAQNAQAS,1810.5091743119267
SHEHAFDASG,1758.2293577981652
PEAKNLG,1105.5963302752293
LHAKFHSG,2497.743119266055
EGFSNSQALG,1803.5
FYSLPKREPKVL,2915.362385321101
DYVENRKSG,1221.2431192660551
DRHKGNDG,1015.954128440367
QGNFFEWNDVG,5553.880733944954
YQDAWLRWNDA,9235.43119266055
KVSNGHSFKDVA,1432.2155963302753
VQYHADSFRYN,8143.559633027523
QYVVVASYDVA,41278.87614678899
DNYNLYASG,4199.692660550459
QPLPKLRNDQH,2212.9449541284403
QQQVHALSG,1528.98623853211
NVQANDFWHD,5921.0091743119265
PGRAPKPKLG,1109.6880733944954
GWRDFDG,7441.371559633028
REHRARYWYNK,4034.394495412844
ERDQLGHDAL,1767.0688073394494
DEKFQEWNHVLS,3315.564220183486
WAFVFVLWHVAL,35280.192660550456
WKQYGEVFHV,8949.0
SPWANQWDALG,5963.247706422018
RPDGNKHVVAGN,1622.5229357798164
FWSELGKLFYN,6179.477064220184
REEYNAWKVPKG,1833.8577981651376
FKFVPNGPYH,7358.857798165138
YYEDQVG,2678.2798165137615
HAVDAASG,1100.7660550458716
LYGLNDVAG,2876.233944954128
EPQYALLQNLS,4925.1100917431195
FVGPYQYLFRLG,26924.188073394496
SNLRQPVG,2740.1330275229357
WYKGDQPWNH,5929.229357798165
DHAENGKSG,897.3807339449542
NHLRYHFRDRG,6548.917431192661
LEDGVYAL,10883.59633027523
LKLGDEVSG,1322.380733944954
HDVERYWHWV,18083.009174311926
AGLHEHSG,1689.5550458715597
YDLHSQEAGYH,3336.0
RWKGFRSFRLQY,15670.37614678899
PKDSNQPSRNH,1459.7981651376147
VHPHWDSG,3851.5183486238534
GQGFRWAHVAL,12651.587155963303
GPVELYSG,2715.9633027522937
QQSWSRVG,3784.137614678899
AYLHVQHDLSG,4215.348623853211
PRRVRHG,1996.1697247706422
HGRDGKLPKLS,1400.119266055046
AKKENLSG,569.1605504587156
HNRQDAS,1234.894495412844
FEGGHDSFVAG,3264.5733944954127
DKAEVKLSG,652.0963302752293
WREVPYNREDAG,4120.504587155963
VLLANKG,3251.935779816514
RNPHQEVARWDL,4344.660550458716
QNVDGEHAASG,1131.9587155963302
LNKWQDSG,1908.3853211009175
RWLPYRVGQH,8716.197247706423
HLSWNSNRPHG,4593.628440366972
YVLLQRNAEHVS,6733.270642201835
HLFQGQRYWVAL,24152.004587155963
HADLQGDVG,1413.0642201834862
QDVRFWDVENVG,5173.912844036698
KHHRPNDPYN,2283.302752293578
EAWYNVYVG,20978.60091743119
QGYSVSRYNHD,5065.027522935779
KDSVYDFNS,2356.1926605504586
VGPHAFYHQRE,3659.52752293578
FEKYARPNSRNK,1454.3623853211009
NLENGDALSRN,2256.678899082569
ENGDEWSQFPWN,4698.256880733945
NVPAPKRWNDS,1645.1146788990825
NDQKNAENVAS,752.954128440367
PKNFDSYWNKAG,2397.8348623853212
EAFWYGRPYNV,16313.655963302752
EFALGQWYKH,8510.766055045871
ESKNAEDAG,691.8119266055046
LNAPKVDG,1310.967889908257
LWAFVEALG,18564.623853211007
ADWHFYKHG,5278.0
LHEQVAG,1551.8761467889908
DFSHEKLG,1656.4495412844037
FKNNNHDVALSG,1943.0091743119267
YALGDPKGQRYA,3646.4311926605506
SFHYYDSG,5355.105504587156
QGRGHFENDSG,1728.6376146788991
LQVQGKDSG,922.756880733945
VEQQRSG,1375.6238532110092
PWSGHEPKNVS,2049.532110091743
WANDPGEKDA,1253.6926605504586
QSNPAQFRYWK,6544.09633027523
SEPDLKARWNA,2157.6743119266057
HFHSLPWNKG,4787.798165137615
VAFRVKVQPHDL,10408.88990825688
QKPQPKFYNK,1253.0504587155963
QDDDGEVALS,1278.619266055046
YRASDGAG,1786.8761467889908
SQHFEHQFVA,4947.344036697248
WHHAEKFEVAG,2143.2798165137615
RHYWDHDEHD,3763.5963302752293
WSKHFHEHDVL,5834.697247706422
NAQKKFEYNSG,1398.8853211009175
RLAHAGEKHS,1416.3853211009175
RWGLHVLHS,11442.454128440368
YSVHAEALG,2541.9816513761466
FRDDWSEYWKV,9775.220183486239
RGNYWSHSG,4994.316513761468
LWEHQHDALS,4148.0504587155965
LWAPEYG,7385.995412844037
PEVWEDLG,4333.720183486239
GDQRDEASG,971.256880733945
PNWQGFWNDG,9722.628440366972
FKPWQLGFPKL,10761.412844036697
HYLPENALG,3469.261467889908
DNEWRVLS,4613.5504587155965
VFRWHYGFRNH,10570.284403669724
VRNGDFRPVSG,2608.954128440367
RAEVVLPYWNS,15641.788990825688
GKRNPAG,1224.619266055046
YGPWRWSWNVA,17417.261467889908
EHPRASPYKD,1462.4128440366972
QGKNNDLG,1223.802752293578
RPNAHGFPVFW,27350.435779816515
AYAPLALG,5740.316513761468
QYVWDPDGFDL,15368.142201834862
FAGKFYKEWHAL,7378.720183486239
ESFEKLWHRPW,13586.80733944954
PAHFEQEPYKLS,3079.5137614678897
AKNGKLSG,876.8211009174312
PVLQQYASNKS,2305.0045871559632
EQRFDREPKHAG,1487.3394495412845
AYRGHDG,2593.261467889908
NARFALEDL,5896.183486238532
SFGQHFVG,6639.733944954129
GDGVARAL,2857.9311926605506
NKDVPKAGWVH,2459.059633027523
KSDSHEPYWDS,2668.756880733945
WNNQDWNHVG,4555.344036697248
RFFVWDG,16483.270642201835
WENHLSWKARPN,5550.284403669725
RDVWVLGVEPVL,21385.724770642202
LQDELFKHDVL,3063.2201834862385
LKSDWNDG,1902.9357798165138
VFHELWHAL,13107.935779816513
EYPVVSRWNHA,4374.472477064221
AFFNHWASG,8050.261467889908
LNQAGSG,1627.6467889908256
PGWFYSWDLG,24274.34862385321
PHLLGWGFYAL,27032.56880733945
RSVPREKVL,1640.7798165137615
HSSQYLPYNDA,4523.839449541284
RDDSFKLEWHV,6726.463302752293
LFWLFRQRN,7927.600917431193
RALPEHFWNLS,7104.825688073394
FFRVELSGWNS,17825.610091743118
PLRQASQVAG,2218.4449541284403
QHDPENLDLS,1228.0
FKNVPWFPG,11637.862385321101
EAKNVSREWKG,1336.866972477064
RDEHFYHHAG,4760.151376146789
HVVDNVLG,3174.2477064220184
RWVYYKARPWG,14029.651376146789
PFGYGFHL,17006.298165137614
VFFGYNSG,5677.770642201835
PNWANKVSQPHV,3079.5825688073396
AWHVQAQWNKV,4332.293577981652
SGSVRYVAL,14526.087155963303
QESENDQAEKVS,671.5917431192661
PGPVRKQHS,1097.8899082568807
HGEAHDSKG,1012.0504587155963
QPVKHSEDVQHG,1247.9128440366972
YDKHHEYKLG,2199.6559633027523
DWHAFDEYWNAG,8862.646788990825
VYKERPNKVA,1291.7614678899083
HNENSQLG,1249.5366972477063
EFWVDGFES,8334.339449541285
RGDGQDDVG,1167.3761467889908
PERHESG,1165.6788990825687
SNASPEKAG,737.2935779816514
RPQVARYSQRKG,2091.422018348624
PVHKVGQNAS,1327.7614678899083
QWALWVRGRWN,17759.339449541283
SYDEHPKAL,1953.9495412844037
YYHKEHLG,2441.2844036697247
YWNQDFALPYHL,18664.866972477063
HHSHFYG,6444.747706422018
WKGWRYVFHVS,18122.32110091743
GEHPGFWDVG,7536.577981651376
KRLRHDPNKVS,1155.48623853211
PAEQDLQEWN,1992.1834862385322
LPLNFYSG,9151.133027522936
GWPSHDG,3695.201834862385
SYHKRNVG,1936.0871559633028
RFDNLYDSG,4448.238532110092
DGQQYSYNKVA,2020.834862385321
HDGAQYLSYNA,5431.385321100917
VDVDLASG,1388.9220183486239
SGDDDVSG,1074.3853211009175
RSVKKHVAL,1711.8256880733945
WLLQDLRWNHD,12902.97247706422
FWAAGKFPHS,5680.614678899083
GAFADLSG,2895.5688073394494
NKFFNLSENHLS,4515.178899082569
PGWDEPVREDG,2117.8440366972477
GFDAGHSPKVLG,2769.077981651376
YYVYEVSG,13282.495412844037
RAPFFNDVAS,4115.853211009175
PAGRVESQFKDV,1674.467889908257
FNRYRDVSWD,11704.98623853211
GRYFFWSG,16960.995412844037
LAWAFYNLS,12849.087155963303
LVQNHHG,2562.9449541284403
EDYGGFYNHDL,5773.064220183486
KVWPKAEPAL,2080.6284403669724
KEVWKHFS,3345.5963302752293
KWAGVFPWNVG,9934.724770642202
HQLWGQRG,5009.215596330275
ASNWPWHV,10372.233944954129
LRDDDASG,1520.3440366972477
WGVSGQASFNK,4056.169724770642
SQENSKHEWDL,2178.651376146789
QPVPEDSPWNA,1751.5183486238532
FGFADAGEPDVL,4036.1284403669724
QWHDEYEYVSNG,8243.174311926605
HVRLGQSNKVA,2353.362385321101
GPLVFRASG,6539.678899082569
WELFWSKVSG,7799.206422018348
PQQQEYVAG,1574.7431192660551
NHWYFVAG,16588.32110091743
SFLQQRAS,3654.4587155963304
SRLWLPHDVG,8494.178899082568
EQRQWSRYDVAS,4075.238532110092
WHDHNFWKDLG,7415.366972477064
FKGNEPWNYD,5821.247706422018
WHYFHDGDAL,9491.944954128441
DWPDPNHLG,3481.770642201835
WPRSNSG,2893.587155963303
PYVDAEKGNHDA,1371.7568807339449
SKYKWHDALG,2467.2522935779816
PWQKQYNSVL,5862.600917431193
YNEYWKYSWKD,5333.0
PAKKLPNDVAG,870.7798165137615
RPRLRDFRHVS,4794.087155963302
QSLVAPKVS,1480.1697247706422
DSVVDLG,1543.032110091743
GFVHAPHLS,6789.316513761468
LEPWFDRKHG,6179.0
DYKEKHAALSG,1077.2844036697247
ESQWLEYKANDL,3502.467889908257
LRKGNFLS,3598.2522935779816
WWKSRPLQKL,5437.5504587155965
WPYEGQWNDV,6961.01376146789
KNVRRHVLS,1957.2431192660551
NEPVPHREKV,1184.6926605504586
NSVYLGQNH,3471.288990825688
VHWSDAS,3129.7155963302753
GNWDKAG,1622.348623853211
KQVKVPVLSG,1376.8761467889908
VPYEVFEYNS,9365.587155963303
SPHRKKVALSG,1365.9220183486239
HPFENRYG,4995.334862385321
NHSKLDARPWH,4776.422018348624
EKVWGYWGKDL,5155.0504587155965
KEGLGKSG,887.2385321100918
LNYPYLG,7161.967889908256
DKDYHRYNKDS,1207.3211009174313
QQVWFEKLS,5133.238532110092
LSYGNFNKHL,4908.582568807339
RHVDNHSFWNKS,3765.940366972477
SQYLLFHVS,29133.825688073393
VKLKSYLS,3244.7798165137615
DGYVSGKYNK,2134.380733944954
YWEQQEALS,3760.4449541284403
PQAFQWALS,9486.45871559633
RHWGYWYVG,18027.69266055046
FYFGQFPGQPKD,3836.3256880733943
YVAHWQWNVLSG,12598.642201834862
WEFNPYVSG,9388.894495412844
HHRWQKALS,3341.9311926605506
DYVAEHPYG,3667.6146788990827
WERNYLSG,7693.568807339449
LWKSGEWGV,4228.077981651376
YLNRHDFWNS,8642.266055045871
KVWSLENKHDA,1979.01376146789
DPKGAYKG,848.0642201834862
FWEHGPQFPYH,16866.380733944956
NFHKAHDG,2002.133027522936
AYLNVPAS,2750.435779816514
PKNPWKHPA,1880.6926605504586
LQYRAYWKHA,7207.665137614679
EAYHEVGQYHG,3325.821100917431
FSLYALPYW,14882.174311926605
KWAKVNSG,1503.0963302752293
LGVQHDFRPYD,7631.646788990825
SWLAWKSG,5438.431192660551
KDASVAAREYA,1473.8302752293578
YKNYDGFRKDL,3515.4862385321103
ERWGVGKDG,2320.8119266055046
DGSQYAFNKLS,3275.059633027523
WFFGQYALSG,8356.935779816513
PNVEEYWHWND,9902.201834862386
QWQGHNKDLSG,2003.0366972477063
WRGDNSG,2875.3073394495414
DGSAGSG,950.5229357798165
VKPDGNG,1023.6146788990826
KLPGRHLFKHV,4108.922018348624
QYEYHSPYQEYG,7713.651376146789
ASANSEKG,714.7293577981651
HLFPRKVYKSG,3625.47247706422
DAARLSEVS,1582.665137614679
PRQVFELSG,4529.743119266055
RDHGGFHG,3262.353211009174
YKKNQWAL,3279.02752293578
GWARPRKG,1941.1009174311926
EQPEGKLSG,645.3623853211009
LHGQQWSG,3836.8577981651374
RFSALWALS,10914.06880733945
HKQRHSASG,1292.8853211009175
QWFYGFFEWK,17208.522935779816
LKYGVALSG,4353.467889908256
PGGVVAS,1489.0688073394494
YFDLFDGNHVG,5774.844036697248
FRDQYGEAQNA,2023.51376146789
SPSDGLG,1178.1697247706422
QNLSVAEKHRYV,3370.4587155963304
DYAWWNKHAG,3856.302752293578
EWRAGEGYLG,4347.376146788991
AGFQAGQNHDS,1652.6422018348624
LERSKDG,1221.1100917431193
PSKFDYKHALS,2182.1146788990827
KDQPLSFWDHD,5014.495412844037
LDVEQKVSG,1023.4495412844037
VFPFQEDVS,3225.178899082569
QDRAAFEPK,1310.0963302752293
RADKQWSG,1786.133027522936
WGPDNSQDVS,1713.2522935779816
SASPDWKG,1508.0229357798164
YWQARKGRWAL,8522.137614678899
PANELFEPHV,2715.697247706422
DLNYPKSG,1720.1467889908256
VAGVEKAYALG,2189.7247706422017
QHHNPDALS,1852.866972477064
LGGAKVG,1494.4954128440368
SSGVGKG,1184.0504587155963
DRHSFYWHVGPS,10258.0
RLWLRKAFALG,12039.940366972478
LQNSVLQKL,2634.5733944954127
LFRNSQQFEYD,6972.743119266055
SPDAQVKDG,775.3211009174312
VSESQFYHSPK,3091.3899082568805
FSLLHDVLG,7838.633027522936
LRPANEHDVS,1232.802752293578
HASARKHRWN,2916.756880733945
SNSNFREPNKAS,1283.6376146788991
VQVFWLQPKG,14597.816513761469
KAEVANRWNK,1318.2018348623853
NLPAAKHDLS,1444.8073394495414
GFSALNLS,6256.784403669725
VSVPHSEHVLG,2014.926605504587
LEKSWQEPNSG,2001.7385321100917
RPWYNGPHRLS,10537.58256880734
SRWYVYNKLS,9357.357798165138
PLPHWNDVNDS,2902.178899082569
HAAHQFVL,9131.862385321101
LFEHDPWLGFNK,11420.449541284404
AEFWFASG,12073.87614678899
SGHRVYNHSG,2977.8073394495414
ASVKEDG,704.9128440366973
KHQPSYDLSWA,4210.133027522936
PPADLNALSG,1301.591743119266
KKQAHDSG,707.2385321100918
PSDDKHSG,1038.4724770642201
KNWHDHVG,2626.270642201835
GYKFESQVG,2089.8990825688074
QQPWFLEPNKL,6621.334862385321
QAWERHLS,4447.018348623853
NKSQGQYWPKS,2617.077981651376
KPDPPALG,862.4816513761468
VPDHLDASG,1460.7935779816514
PGEAVAQHDLG,1654.1100917431193
RVNFNKHNALG,2840.605504587156
NQNDDFKDSG,1268.4311926605506
YFGHAWSG,7089.059633027523
FGEAPFPYAG,10304.43119266055
YSGGGFWHDVA,7299.137614678899
PDAGYDDAYHD,4266.215596330275
FESNLQWLEAL,7959.197247706422
RPLHRKDVGFN,3588.0229357798166
YFPLLSFRDVG,13183.683486238531
PVYRWHFENKVS,7297.504587155963
SGVHGKLS,1630.302752293578
KRWVDGRPNHAL,4618.834862385321
HFEWQRNVFDVA,12986.440366972478
FNDVFNAPHQFK,5957.793577981652
GVGADLSG,1605.711009174312
NAQYGEPGVL,2618.4954128440368
VNQFLQFPNVL,16202.536697247706
QKNWRDAG,2161.1559633027523
DLEVDFEYWG,9438.752293577982
KVSFFKVQYN,19435.816513761467
RHYKWLFEDAG,5130.720183486239
VSSSFNDLSG,1976.1146788990825
PFADPHVG,3496.912844036697
VNDSAREWHVS,2708.1330275229357
EGVHVEVG,1554.6467889908256
PYEPHVAQGDA,1743.6422018348624
EERWDNSG,2203.137614678899
DVLHKSYKHDV,1761.3532110091744
RKWQELREPY,4416.1697247706425
NEDSQSYNS,1416.5550458715597
AHAYWYVSG,11603.238532110092
YSLDWHG,6320.5091743119265
FRQSESQHG,1690.8302752293578
RLFAFKVQKHLS,12932.752293577982
EDPSDVYDVS,1268.9770642201836
GFSGFKPYHS,7326.288990825688
YRPFDEHDVAL,4477.247706422018
YSVLEFWALG,22419.0
YHNSNGPWG,5670.532110091744
QSNFVSREPKHV,2220.1926605504586
RNPKLLRYNG,3683.243119266055
KSQWRASRVA,2286.2752293577983
WPGAENLS,2851.201834862385
YQFVFRVQPKHL,26250.06880733945
QVVEAQFPYS,5190.784403669725
AVLSSQDVLSG,1947.2201834862385
SQQFFEG,3419.3119266055046
SPSPENASG,841.059633027523
HSAAQVLSG,1624.6743119266055
WYNWNPDVSG,5987.600917431193
HRFFDASG,5822.01376146789
DFHWEPLSG,5846.646788990825
EVDQWRYHDL,6659.045871559633
YLPRVEKHLG,2739.5229357798166
GVFHPHG,4246.059633027523
EEWLHQYNDVS,4639.064220183486
AYWSAWKVLS,11055.481651376147
PLPKNDFRPDS,1609.9770642201836
GEWNGDPVL,3441.52752293578
SKSWFKASG,2547.8440366972477
FSQQKLREYHDS,2435.4908256880735
EGYQNVGAS,1504.380733944954
RRELEPWHRNKV,3301.380733944954
LGWVHVPWVS,23019.06880733945
PVFDWNKHSWKH,6101.045871559633
QSDHEPKHVS,1084.9311926605506
LYGQDRHVLS,4393.545871559633
LNVEEVSG,1463.9311926605506
VRPPFEYWKH,6133.802752293578
HGNRNKSNLS,1278.6009174311926
AEHQQPVSG,1363.8394495412845
RSLNGVALS,3157.651376146789
EEGQAPKLSG,873.6743119266055
FVRQFDRVAG,6336.243119266055
FNSNVWRYNL,13974.669724770642
FRYYDLEHSFY,16534.408256880735
KEKVVSYNHDG,1591.6146788990825
YDHHANHVAL,3717.733944954128
PPFAPDALG,2411.298165137615
NFEWFSGFRED,13037.711009174312
HVSKDGESQVA,946.7660550458716
RRYQDYNDA,3078.559633027523
AQHNRNHAS,1589.1009174311926
QRQLHLYWKA,7622.922018348624
HGNKWHDNVAL,3468.5733944954127
WPVQDWDALG,6948.706422018348
YPYGYSYALG,13238.045871559632
WDEHQHFPNLG,7138.3899082568805
KAHWFDLG,6166.348623853211
PRQVWNKDV,2577.706422018349
SGSPDDSG,1214.0183486238532
RVLQSPYNSLS,5441.977064220184
HQSSHAG,1429.7201834862385
LLYHWSG,7288.715596330275
KPDQQESG,647.5229357798165
WGAQSRNVLG,4616.591743119266
VGKKPDSG,757.1651376146789
RFDWDWDALS,11909.555045871559
WWPGHVALSG,12143.97247706422
PAVGVLWHDA,7636.931192660551
LASFPRWSG,8724.894495412844
GRQDFPG,2013.0550458715597
EAHKEASG,601.3761467889908
RWPELGPDV,2877.348623853211
YVDVWAPYNS,9895.09633027523
YLHHDEYWNK,4661.94495412844
ENKGVLFPGFA,5687.105504587156
LEPLKQFRYHD,6092.876146788991
HFWKSDQPHVG,3387.087155963303
LVWDSSG,4068.587155963303
VQYGGYWALS,12146.463302752294
QKKDWSGWAL,4210.40366972477
LHREAFSG,3390.9587155963304
KVWADAQPNVAL,3226.8899082568805
AKLKRYSG,1529.302752293578
REWLPHQLGPKL,4849.091743119266
LRGFPSYLS,10170.073394495414
LGVAVSYNKDVS,3867.821100917431
HEQYRNDG,2386.4633027522937
FHPLKAFNAL,5546.683486238532
GAEWVVSG,3593.761467889908
YPGHANDSG,1428.1788990825687
KKRYFWG,3841.7752293577983
ALNHNHGQYG,3467.0091743119265
PGFNVQREKLPY,5245.399082568807
LFQFVEASG,8233.697247706423
KLEAVANHAG,1735.651376146789
FGSPHVYKHDA,3735.3577981651374
KDRGGFPVLS,3503.270642201835
NYVAEAWKAS,2598.9495412844035
LSWPVREWHA,10774.495412844037
LHAPPWNKHAG,2741.435779816514
LDGFRYGNDSG,4008.4036697247707
DFKVDGNKHG,1308.2522935779816
QSRSEKLEDL,817.559633027523
HWSNAKSG,1993.7385321100917
DLWYSFRENA,7830.142201834862
VHGALDLG,3255.293577981651
FRFEGQWKFEHS,5780.0504587155965
WDYHNLNKHDA,3323.321100917431
HYHRAPLG,4405.807339449541
RYQAEPSFWLG,13596.284403669724
PFSDRHG,3432.853211009174
NLDSVYKLS,4001.059633027523
GYYKNVAL,4856.770642201835
VFWRNSQPYV,12828.059633027522
FFPDSYWVPNK,5815.256880733945
DANYDLWS,5555.848623853211
QWWWLGEPKD,7222.885321100917
YPYESQDG,2338.1009174311926
AGRKWVQPKAL,2336.816513761468
YRWEKQEYWHL,10892.224770642202
KHPLGDRDLS,1395.9770642201836
ERLRLQRLSG,4606.298165137615
NVGSFASQNDG,2302.3394495412845
SWAGNDFHVS,5858.059633027523
YFFRVRELSG,10177.834862385322
YLQDFQWKDV,5253.715596330275
GRGQWKRDA,1779.5183486238532
NEWFHLEPYNV,14741.04128440367
SNLFDPSG,3051.02752293578
LRVERHASG,2529.5229357798166
QPPQHDAALS,1336.426605504587
PDWDSHGQWDAL,7155.724770642202
PRKPPHVSG,1445.2660550458716
QYAPREKGPDVS,1006.3348623853211
NPNRARPYVLS,6747.793577981652
GHDFQYDG,4072.146788990826
ESQDQDLQPLG,1113.4449541284403
QQLKVKVAG,1438.9174311926606
SQVHPVSG,1666.5642201834862
WNLVVQFPNKDG,17103.449541284404
SWPAYWDVA,12039.912844036697
WPLGPNWAS,9643.756880733945
GEYFRWNWDS,13464.477064220184
SWLKFHLSG,8328.908256880733
FVKFDSEYH,5567.165137614679
WWVKNKLSG,4193.967889908256
AKEWEHSG,1262.5642201834862
HRWSHFNKHDS,3794.821100917431
RNQLQRWDEW,9462.238532110092
KWKQAQDVLSG,1487.7568807339449
EYSPKAAGQHV,1318.802752293578
KVKAGHEDG,869.7614678899082
NHRQEWYASG,5099.931192660551
LLGDLKAG,1768.4633027522937
QWFHVQDFPAG,9769.715596330276
NEDFVWHDAL,9007.660550458715
SPFEQYVSG,2929.683486238532
QYQKYWDNKHLG,4415.412844036698
KAGWFRYDLENG,6063.844036697248
LGYGPVANKDL,2699.408256880734
HHLSHNHALG,3169.5
PLPWDSRRDVL,6742.348623853211
VSRVYDGENLSG,2954.7844036697247
RYYQQFPYNDS,8463.362385321101
KEHVENYWDLG,4404.95871559633
NFNSHVSREPA,2097.559633027523
PAHKPLG,1616.8715596330276
KDDLGDYWVA,3879.3073394495414
DRRGRVG,1568.467889908257
FYRLEHFPNVA,7542.220183486239
KYANYAG,2798.5366972477063
DFSPAQFLSG,6423.876146788991
RVSDLEHFDS,2863.0504587155965
YRWYRPNKHVS,5113.4495412844035
NKQHSFQPKD,1351.9587155963302
GFPRLEWHVA,7356.325688073394
NSSWVSSG,3590.591743119266
APFADLG,2325.0550458715597
QSWQEVALQWVL,21758.01376146789
YRPVAEKQNDG,1238.7568807339449
YKPQSFWKDG,2897.435779816514
ARQWDRVA,3770.7522935779816
LKDLRRYVSG,4001.7201834862385
YSFLASEPWN,9307.669724770642
EKKSHLQEKL,765.8211009174312
SGHNWVALSG,4561.123853211009
WYLWQYVA,10314.990825688074
FERKNVAPNAG,1487.032110091743
PQKSVLRYKS,1596.4816513761468
DRAEPGHG,1437.5504587155963
WWEGWLSG,15120.56880733945
DQKGDGYDLSG,1718.6100917431193
EWYPNVFRYWV,31025.32110091743
KLEWKWKQEP,1973.4128440366972
NGNFRGWALS,8354.37614678899
NNNSNSG,1153.9174311926606
DPPEYLSG,1493.4724770642201
GFQRDPALG,2895.206422018349
PGYLGLGKHAG,3612.935779816514
LRPPAQWNDVL,4083.9816513761466
QHPSKAQFYHD,2964.6743119266057
DYPWDEAS,2853.3394495412845
FQSALVLSG,11869.20642201835
YQLHDDG,3259.091743119266
SEYVFSWLG,18866.94495412844
QLHRPAEYDVL,5085.087155963302
NNWGDSG,2649.7798165137615
GNFDYNG,3389.211009174312
YGNRGQKG,1558.3394495412845
NNGQSRSG,1360.4587155963302
HHVFHEHS,3256.587155963303
PRRNQRESG,1003.0825688073395
ELQGNAQENHV,1464.6559633027523
APSQWKHPLSG,1927.105504587156
GHGVWVSG,5239.174311926606
AAKAQFREYHG,2515.6559633027523
FDPEQENHS,1255.4449541284403
FWDRGYSGPYLG,13481.93119266055
NWDKHFASG,3911.8073394495414
KQHLYHGNSG,2154.9816513761466
GNAQSRDSG,1043.8394495412845
WQDRNKGDSG,1372.1422018348624
DPDHQLSG,1011.651376146789
QQSEYAGKHLS,1346.4311926605506
WQWPGKDAG,3382.238532110092
DDADWDVS,1997.5045871559632
EFHNHPKLG,2244.2798165137615
HAYGGFWLG,15631.270642201835
HRVFPYWEDA,12299.036697247706
GSKVFRWHDLG,5930.876146788991
PNLGSRNEWDVG,3270.4266055045873
NHVRSYKHQAS,1945.2614678899083
WPDNVQFESG,4124.252293577982
YKWEHSFPHVS,5989.59633027523
FDSAFLGYKHG,4555.256880733945
RKWYFPYWNKL,9606.243119266055
GWGDGDG,3004.4036697247707
HRPQHVAPNDS,1489.3715596330276
DFPSKHFKHAL,2589.8440366972477
WRWPKSRPYN,7036.339449541284
NHNPHLESG,1776.573394495413
PRNHDVQAELSG,1230.0412844036698
RRYVADSFYKG,5109.577981651376
KQEHEWFRS,3791.940366972477
DNGQHFRHDVG,2659.6422018348626
YRSHDEVAS,1634.1834862385322
AQLNSDALG,1435.426605504587
EYLWGQYASRPY,16157.564220183487
YAPAQQFRPKDA,1803.2155963302753
AFRRYDEALG,4064.0229357798166
VNGSQFNLSG,3092.1743119266057
FPYAYVAQVLQE,12041.032110091743
YQKKLRKVG,1226.2706422018348
SVEYSPSG,1851.1605504587155
GVLRWWLSG,17017.596330275228
RPNNDGRDGRDS,1717.4036697247707
YRHRDWDA,5282.366972477064
AVPDSHLSG,1418.408256880734
LGWKWKAQEVLS,2866.454128440367
RRHNRWVALS,5604.940366972477
WHLKYWKAEWHD,8307.655963302752
QKSKQPHQYVS,1684.5229357798164
LYDGKRKHVG,1994.908256880734
FEAQLQFLRVAL,44496.05963302752
AYWSLGPKHDV,5799.5
KVARSYWEWL,12259.990825688074
WPFWLELG,25803.15137614679
HDSHGPWQWAL,13187.79357798165
WEKPFWKDAG,4964.6100917431195
GNFHYDSG,4166.8899082568805
SEFRFYVLSG,29591.9128440367
RQEHGSQFVALG,6171.229357798165
SYWNDDLGFN,8833.02752293578
RGRHFALFRYWG,15757.073394495414
WPPENLG,3759.5412844036696
YHDDSKAEYN,1734.5
WGFKFRNYWHV,15266.321100917432
QFWYVALAYWDG,18648.330275229357
PNVGWQFDEWN,10517.564220183487
WQHSHGRPNAL,5229.087155963302
DNPDFKG,1288.2385321100917
FNSLASREWNVG,4590.045871559633
AGRPYQYSEYK,4059.3073394495414
KAFLPGWHVS,7291.344036697248
ANYGVASG,2045.894495412844
PLFLPHDDLG,10329.169724770642
PYKFEGDGKL,3250.4495412844035
SGGKARASG,1075.8990825688074
QLAAKHG,1719.7706422018348
QHFPYQVLSHS,7588.752293577982
VSQHKDEVLG,1025.1743119266055
LLSKYHG,2958.1605504587155
PRRAASG,1026.8165137614678
FQRDVVLFPY,38007.678899082566
RYHWPYWNQRYK,9216.967889908257
GADSNAG,1046.8073394495414
AVWSALSG,5096.761467889908
AFHLRVNHG,5795.518348623853
DASFKSYVNHG,2886.0183486238534
WYVGLRPKVA,7339.077981651376
GEPGNSFHL,3354.362385321101
PVVENSQDAS,977.4082568807339
VHGNQWSG,3017.7477064220184
YLYAPKHKDG,2462.4449541284403
VHWHQNKHDA,2087.5183486238534
YSWDLLRWKA,8288.334862385322
DGDVGQFAPKHA,1867.4311926605506
PGSQQFKHDVSG,1615.2660550458716
DVHAHARKVAL,2279.8990825688074
GPKLFFWSG,17729.243119266055
PYYEGRWNDVG,7733.036697247707
YLDPFHALG,8204.69266055046
LVGPRPNKVG,2227.770642201835
GSPGEASG,1002.6697247706422
VGFHAHGQFYND,10498.252293577982
DSVAQHSEKG,862.8715596330276
RAEVWDAFPWNA,13001.339449541285
NFQNAALSG,2379.7247706422017
WANAAYHVA,6352.532110091744
VSAHDRALS,1911.9495412844037
RSEARSKDS,748.5366972477065
KVWGELHDVAS,2437.788990825688
EAVKWNVASG,1518.9357798165138
WHELLGQWNDVA,7853.422018348624
ELYARGQVLG,4610.963302752293
LFYLYVGYWH,9727.211009174312
WVPQQEYWNAS,5610.94495412844
DQWGGQPYN,4882.40366972477
WERPDELG,3476.3669724770643
NKSNKQNARWH,2455.729357798165
KFKLHDVPHVG,2394.577981651376
FQVARGNDVL,4105.98623853211
NQVHDYSG,2222.5412844036696
ADGWVFASG,10221.256880733945
ESWLLFNKH,9521.009174311926
HNSQRANHVG,2008.532110091743
FPQWKDQLSGNH,3067.1330275229357
HPWLFENFPWDL,23470.091743119265
SDYLHDVLG,3728.146788990826
PAGGEPVEWVG,2433.4954128440368
GRYHEFWNHAG,6005.697247706422
NYWWREKVALS,8246.0
PQPLKSQRYL,3206.119266055046
QGAVQKLG,1459.7614678899083
EYGQWPWHDYH,14225.344036697248
RSAGLGVLG,3479.3256880733943
NQAHQHLG,2267.1330275229357
DAASYKFYWV,15913.848623853211
ALHEDQRYW,7638.394495412844
FHSHGEYRPWD,10415.08256880734
YVPKQFDQYNSG,2894.9311926605506
DYNGQQPKG,1069.8853211009175
SHPNPALS,2040.8532110091744
SFWHGAKAL,4739.848623853211
QNDQELPGWNH,3364.619266055046
DSGKDEFRNHL,1351.440366972477
PYEVDLQPNG,3531.6009174311926
VNSDDVLSG,1362.4036697247707
YEPVHFNKVLG,4780.201834862385
QDAGWAQWSFWS,22159.669724770643
WWLYLQALG,13779.08256880734
QVYWKSWAFEWK,12588.43119266055
NQHPEKDVLS,1366.2385321100917
WSWFPSFYVL,29724.27981651376
QDFQFNFVAL,42861.977064220184
HLNDWKGRPNS,2627.4587155963304
HLSAYKHLFPYA,9453.229357798165
DDQSPHVG,1338.7522935779816
DVLPELSGRED,1171.3899082568807
WYSPEHLG,6578.279816513761
VDNSNVLSG,1589.7706422018348
HDNLVFDALS,7999.766055045871
WNYYFYWLSG,8228.29357798165
KAKRGFWVA,3440.5688073394494
DDGWKKASG,1159.6146788990825
NASDSPDEYG,1250.073394495413
FAEHKVGKVA,2068.967889908257
FPWKRPDSVQRW,6754.963302752293
DQSNHKDVALG,1431.7247706422017
NFGHYWLG,11934.577981651377
GPPWGESG,2010.6100917431193
GLPDPSG,1313.5183486238532
GEHRFEPS,2295.8853211009173
YWDNGNAFEAL,7961.848623853211
LHLYSNKHVAG,3740.0366972477063
GPEHVDSG,1071.4816513761468
RKYYYWVG,9437.348623853211
RNNSSRWKHLG,2899.623853211009
QRQPKLPWFWH,14551.412844036697
PFNQKGQFEKH,1824.105504587156
YKSPKSNWKDS,1187.3440366972477
RAKWFYLSG,10476.229357798165
EDSYDSSGEPWV,2788.2522935779816
NPQDENVAS,898.4311926605504
FKVPGPSFDLS,3961.2522935779816
VENYEKVSG,1438.573394495413
VFKNPNVLS,3252.201834862385
DRWHVNSREL,3886.4908256880735
NSLNQWHAL,6127.743119266055
LRKQNGWHALS,4545.472477064221
AKFPAHS,1992.4816513761468
RWDPQRNFPHS,5486.091743119266
PNHEFREGQKG,1576.091743119266
AFKEDFYNKSG,1733.0688073394494
GKAFWLREYL,11298.853211009175
VNDEFLSG,2195.5825688073396
WLLYRELG,15276.087155963303
FKQVSPAQWALG,5332.04128440367
YQGDPASG,1427.6834862385322
PRASKKHVAL,1203.0871559633028
FGHDGEVPKDV,1527.5045871559632
ASNFDVFPYH,11234.522935779816
RWWRPGYAS,11007.022935779816
RNWDQDLEPVL,4630.142201834862
ESYDASVLRVL,9353.128440366972
KSSLEPDVG,839.9908256880734
DNFKYHG,2311.6100917431195
ARLWYLG,13672.522935779816
HAVEAGWKDAS,1652.5642201834862
SRADNVSG,1402.2935779816514
PDGWREYAEHL,7069.40366972477
GNAYGNKAL,2192.7247706422017
DSSDENLSG,957.2706422018349
HDQQPWKFHDLS,4935.922018348624
YQVNHENKHVAG,1916.7522935779816
RGGPQPHVL,3728.5412844036696
QSDYREAS,1356.651376146789
LPLQWGEPHG,3992.229357798165
SEVLLWDG,15442.550458715596
VAGFVPDFRPV,6957.036697247707
PVEHHDYWKVAS,4400.371559633028
DPHAQRLWVA,5762.426605504587
KAWHARFNKDVL,4274.3302752293575
VSDPVLNKHVS,1457.7247706422017
WWGAWHS,13976.967889908257
WNPPLGFRNV,10605.940366972478
KWLLDLSG,6209.362385321101
DERLFNHDALG,3892.5825688073396
QVGPPWLRYVS,18261.169724770643
SQPPHWLG,4989.527522935779
PKHAYLSNLWHD,8771.38990825688
EDDPDVWNKDAS,1146.1376146788991
EEYAKSPKDG,855.802752293578
GKSDLKDS,625.1605504587156
ANNHNKHDSG,1124.2155963302753
SQFALYQDG,10129.004587155963
NEYAAQWHG,5223.114678899083
DRGPENALS,1338.6834862385322
WYDLRGPWDVS,14389.275229357798
YPAEYEDVL,2688.0504587155965
NYSVHSG,2538.9816513761466
YHRYWQNRKA,3244.4174311926604
DNEPRHLSG,1486.6238532110092
AVYSQEWDALG,4827.816513761468
VHVWEYDVAS,7206.834862385321
QRWAYWDLNHVG,14703.88990825688
AFHQEQRLG,2641.9816513761466
GALRLVLG,21923.036697247706
PAAWQPLSG,3883.6284403669724
NDSKFHENKHSG,1108.1605504587155
RQLYYDG,7826.119266055046
FEYGNHSKVQY,3677.3899082568805
DVNFNDSKDS,1233.926605504587
DAEAFWLHSG,9880.646788990825
YNVFDSEGFYKD,8392.119266055046
WAYDESPNDVS,3394.5137614678897
ADVWKWHDA,3364.178899082569
EEAGERYLSG,1816.7339449541284
LHWVELSG,7084.995412844037
LKHLFGFEYHD,10882.532110091743
LSFQWDQVSG,5172.165137614679
KDPVAKLQPHD,1286.1605504587155
LFVASSYAG,10718.224770642202
PQQFRRVG,3636.266055045872
VYNSDLREKV,1641.7798165137615
DEFYKGREWKAG,2156.853211009174
SYLERHVAL,6344.8899082568805
EWRHPDQYVLG,8235.880733944954
WQRSGRLYKLS,8456.88990825688
KARAWSFEWG,7873.09633027523
DKRLGNSG,1098.0275229357799
AGHNAGNKVG,1409.8532110091744
WFYGAFYWVLS,11188.761467889908
GKRSWSG,2023.9770642201836
WGAPWRVG,13399.463302752294
SPWKNHLSHLS,3986.077981651376
FDWKWLEYSG,8488.440366972478
WFPRSRWG,12296.977064220184
PWQANHDYDVLG,6938.206422018348
FWDHNVGHVAS,5067.559633027523
RANPWGRPKG,2443.761467889908
GQKQKNDVSG,703.6651376146789
YYDNVQKHDVG,2193.9449541284403
WNNEFYWKDVA,8466.899082568807
QYGDVSQLNKD,1533.133027522936
HYHNLYWNHAL,11621.90366972477
WQAEYQNG,3992.0504587155965
YSGRHGVQFW,14659.01376146789
GNPNGNVASG,1342.334862385321
NPYPDEYDVG,2461.3256880733943
WADPEVLSG,3231.766055045872
NDAQHGQGWNDL,2952.766055045872
NVSERPNYDG,3222.376146788991
LSQSNVAWSG,3873.059633027523
LHWAEWHLS,12368.19266055046
AVYWNNSG,4689.532110091744
DWSVEPG,2437.4770642201834
ESKRGQYNVS,1439.8761467889908
GNKKRASG,689.7981651376147
LSYGEFKLG,4339.743119266055
EDYELFWNKS,3241.3440366972477
PHLHYWHLSWV,22272.811926605504
GEPNNSYWNH,3632.376146788991
EKGRAHLRPDVG,1647.9495412844037
WVRAEPHSQFHL,12384.922018348623
ADANVKVS,1228.1467889908256
PHWDPSRYS,8266.660550458715
KNKGDYVSG,1204.1284403669724
WAWWSYWG,21848.01376146789
YAKWGQASG,2592.02752293578
GPNWDWKDLS,3697.853211009174
QNVEWSPSQYK,5103.527522935779
YDASFGRDNHD,3655.408256880734
EDSQWESENG,1567.5550458715597
VAEHLWDYKLG,7789.344036697248
DKEHYDLSG,1203.2522935779816
NHKWYAG,4536.683486238532
QPQPKGKALHD,986.1192660550458
HSQVGQPLEN,1504.6146788990825
QDYLQSGPWDG,5609.261467889908
VWKKQFVAL,6883.6697247706425
QDDDHVSG,1163.6743119266055
SPDVGQVPWNK,1569.440366972477
EAQDQHDDVAL,1121.7660550458716
RVFWVAEKDSRE,3657.5091743119265
RSPELSGNS,1176.073394495413
NNEDVRASG,1022.1926605504588
QFFKGYWEPKDL,5456.495412844037
FWQAYHGEPWKS,7392.642201834862
HYRWYAL,13271.977064220184
YAPSLSGREHAS,1798.6880733944954
RVPSWQFKS,4582.633027522936
FYREGEDKHV,2147.6422018348626
FHHAKDFPYWN,8174.44495412844
HKQEGEG,660.4587155963303
HNQHNKDVSG,982.0917431192661
EAGNAFGVLS,2853.894495412844
LKYKKALS,1198.0412844036698
FFENYLGQRHS,4270.119266055046
KSHGDPNHDVS,1091.9311926605506
YKLWVSYAYKG,15864.509174311926
PQNEFHAG,1885.1009174311926
DFKKLLSG,1521.866972477064
HWAGWENKA,3131.435779816514
RLSWKHPQYNV,5503.802752293578
YLPPAPHDSG,2301.935779816514
QHAQYGRLFYA,18049.270642201835
DNDPNQNG,1243.302752293578
NRWYVFNKHLG,11782.036697247706
FQPVSDQDAL,1835.5642201834862
LREVGKPWS,4963.821100917431
EYHQRKEKVQPH,1389.0963302752293
NLWEWRPDAG,7631.724770642202
LRLNAKLG,3314.8394495412845
NSKQHDVYNDG,1573.6926605504586
SPKKNSG,613.651376146789
QSLNPDG,1458.4220183486239
AYRVPNSG,2229.756880733945
SDVKGDG,914.7293577981651
EHKAGFHPKS,1348.926605504587
RWKLDVQWEWDV,13222.20642201835
RGLDSWDVLS,5494.715596330275
YSYYSREPYDS,5400.775229357798
QHFAYGFNSG,7324.527522935779
SNWKPDVALG,2239.288990825688
LSASFNENVG,2614.4954128440368
NVSHREDESG,1025.7477064220184
NRLDRVLS,4075.912844036697
KAHDDEWHSG,1700.1284403669724
ENAQNKAKVQNA,983.1651376146789
RFLFVWALG,31868.504587155963
WERAWALSG,10290.995412844037
PNSLALGFNKG,3600.701834862385
FQKYAGWKHSG,2933.701834862385
LQSLPHDVS,2191.1100917431195
RAPNQRYSQYAL,7167.059633027523
HNRGKVLG,1928.0688073394494
RDSFRHESQNK,1442.0183486238532
FKFNVPHDFRHA,5386.022935779816
AGEQSQWNKHD,1759.1697247706422
EVGFGFNQHDVS,4329.233944954129
WWGPAKSG,4411.40366972477
PNFKQFSQEWH,6396.642201834862
FYLPQYDLLSG,9259.775229357798
NGFYQFLRALS,11302.600917431193
PGFHNPYKG,4566.266055045871
VQYDQEVYDLS,3936.8119266055046
ALAKQEKALS,899.848623853211
SAEADASG,841.6697247706422
FWGVRNHVSKH,4856.133027522936
YYARWYWNHVLS,12772.330275229358
NHDDWNQFYNG,6175.825688073394
HWFNNKVG,4612.981651376147
SWRSPSG,3755.2752293577983
FEPKQWEFEWVG,7875.481651376147
VQPRNQRPYVS,3909.3715596330276
YYGDARAG,2904.032110091743
EAKHGAGAG,998.0917431192661
LSELEDSNG,1462.1743119266055
QDNRHEKDV,934.4036697247707
RFGKSHLG,3121.238532110092
RHKLQEANAG,984.4770642201835
PEDDDAG,1065.940366972477
KDGGWKSPYG,3522.4770642201834
FKLDVSGLRWKL,9050.655963302752
DVFQYKEDASG,1998.2844036697247
PVWQAGHALG,4882.261467889908
DLSEKWASFVL,13854.600917431193
YGFKYHKDASG,2649.8715596330276
KEPLEKYVS,1221.4449541284403
QQNGVFWNL,10311.495412844037
PPYVKSRPVL,3798.0091743119265
FEKYNHQVQYD,4686.724770642202
KFRSYSFPHD,5696.068807339449
QGPDNDAPYKH,1519.1422018348624
WLNNWKAG,5231.059633027523
LFGYQNLG,5141.591743119266
EKANVPWVQHD,2630.967889908257
YNDSENEYWVEN,4877.582568807339
HVALQASFRSPN,8494.064220183487
KREWVDLGNKHV,2759.4587155963304
SWVWYKDVAG,7182.206422018348
QRGKANKQEDG,802.2935779816514
WFKGGQHDALS,3456.802752293578
WKKQSQPWNHG,3060.380733944954
PLGWGYKEKVL,5639.816513761468
PYDHRPWVRND,8526.371559633028
DHFKGSG,1286.651376146789
GKDVRLSQFDVL,5068.311926605505
PADLGRYRYKDG,4097.665137614679
KPVNAQNKHLG,1172.3623853211009
PYRQDFYWKDLG,9812.51376146789
FERANHSGVAS,1971.5412844036698
PQWEDSQFKSG,2353.4266055045873
WVFDEVRDVAS,6011.325688073394
QESYVAKAKDG,960.316513761468
DYWFDKHDVS,5144.261467889908
HERDLYG,4080.137614678899
VFHFWLQAG,13578.036697247706
APGESFRDG,1452.9449541284403
NHPVQPYYKVAL,11551.908256880733
RFYLVQFNG,29508.19266055046
EDNVSGFWHGRP,5674.463302752293
PHNSLGPNSG,1586.045871559633
RFAPHVKAS,2689.3715596330276
HGGAPKVLS,1838.1422018348624
QFHFFPWAGRNS,10357.733944954129
GFNRFWDVAS,9519.56880733945
FHQNEYGPKAG,1988.7064220183486
ENKKYWNHYNKD,1707.880733944954
FRPDWQSEYKD,3851.646788990826
YVEPHQYDWHS,7608.688073394495
VKQDGPVALS,1509.165137614679
DLHPQFDALSG,4010.6926605504586
GNFNYDVG,3989.0183486238534
PENNQVLG,1655.6100917431193
NSYDLDLQWKH,5196.9495412844035
HRGKLKLSG,1373.619266055046
QKQVREDWNDLS,1573.334862385321
FDYFPKHLKDA,2504.9311926605506
SVNGWSG,3291.5183486238534
NPVHLRKS,1822.4449541284403
LFDQHDQFEPHV,4398.954128440367
NSNNYVAG,1996.866972477064
APHNWKAG,1620.2064220183486
ELYAAQFVAS,16210.697247706423
FSGKQEHDFAG,1735.7431192660551
QKLNASWQEKD,1371.3302752293578
GWENAPVALSG,3158.770642201835
KFEKFWLQFRNH,8167.275229357798
DVEKGDQFNDV,1245.6605504587155
YVDNGNVLSG,2617.733944954128
QQFFFEHVLG,20524.06880733945
HYGNQNG,2309.619266055046
WDFLFVQFYL,23824.07339449541
WYVEYFKG,12305.5
ERYKYSPNVLG,3503.206422018349
AEDLGHFEHL,3947.5688073394494
GEFLKSG,3120.766055045872
VLELLFRWLS,26566.981651376147
FPHKQEFPVLSG,3085.683486238532
YEWQKFRPHAS,4333.756880733945
NYRVWVLG,18871.353211009173
RHSDAQELQYN,2408.3256880733943
PVFPKEVAQWND,2707.738532110092
SYWDVSAEHDS,2840.105504587156
LRDEPGREWKV,2205.169724770642
VDFKLWSG,4628.256880733945
PGPPARWNKVL,2943.5229357798166
WNEHNKRPWAS,5453.302752293578
HASWHFWEHVL,18688.146788990827
SLSQPSNHLG,2374.440366972477
LDSWPYVSG,7253.857798165138
YFQPWPAL,15054.188073394496
DQQKEHSG,828.3532110091743
NHVLNSFWYWKS,12645.885321100917
SLGEFYALS,10903.981651376147
QEFVRGQFRNG,4192.674311926606
YRGAPWALSG,7325.045871559633
APSPYQDVAG,1449.3211009174313
QAGWSVSWHLS,13567.12385321101
WREHHGRYKS,3487.8669724770643
HALRALYSGED,4036.0733944954127
FRVLAGKLSGWH,10238.967889908257
RREQHVFNDVLG,4805.816513761468
FAFFNWNDG,9562.298165137614
QYNAKAELGPWL,7199.807339449541
REWDLYWLHFE,20097.284403669724
WQSLWSG,9726.724770642202
PWQRERWAGRAL,9120.633027522936
SNAYKKDAL,1580.5183486238532
GHAVSKDG,1105.894495412844
HKQVRKSG,751.2110091743119
WHEYNDQKVPHA,2745.7477064220184
LEKWNFRYNVG,7118.807339449541
ASLWKHWSG,5575.646788990825
FEAYSQPWQFEN,7490.284403669725
QQGAYNLG,2273.922018348624
QWWKPYNGRV,8125.5091743119265
QNPVSHGWVG,3669.02752293578
VWQKFNLS,5867.3302752293575
NQGLPHDA,2041.2339449541284
NDFGEWGRNHSG,3958.454128440367
YVQDQNVNHAL,2929.7844036697247
DWLQFDRHVASG,6641.431192660551
RPEEWASNKA,1891.1422018348624
RYEWYWGFYWKA,12933.990825688074
PEYSWKGFEK,3307.97247706422
HVHYSPWNKH,5163.811926605505
HHQNDVSQAS,1200.9128440366972
FDQQSRPWHSG,4318.334862385321
PFKHGKQKHDL,1318.2568807339449
FVPQKGPKDG,1277.5825688073394
SFASPYWWKVG,11561.954128440368
QPANHLQYLRYK,8683.284403669724
AQAYFVLSG,31383.160550458717
PEGNGFS,2746.197247706422
DVKEQDVLG,804.9816513761468
WQDNLNDG,4193.839449541284
FDRVVGFEPNDA,4011.1009174311926
KWWEKAL,3608.9954128440368
SHELFVAL,20863.871559633026
WSKDFLYKSG,4703.059633027523
EDENDPFRPNK,1197.2522935779816
FPFKHVLNHALY,17003.839449541283
GRLQWWDG,12718.88990825688
KPYPNPKDV,1310.7706422018348
WYKWVDSG,6077.885321100917
VLSPNGQGRKHD,1511.559633027523
HNDNFNLG,2969.077981651376
RRFSASG,2472.1009174311926
KPDPHPWHDV,2369.2844036697247
SKNKRYNVLS,1624.5412844036698
DRRVNVALG,3308.0045871559632
WWDPWGEYLG,18646.211009174312
YGPEDVEWNDV,2405.908256880734
LPPNDQDVSG,1035.0504587155963
ERGKDRPSG,975.7293577981651
YENVLNAYKHD,4269.220183486239
EKEWGRALYG,6002.756880733945
HPKGFAPDLS,2179.756880733945
RVGFWANQYALG,14510.444954128441
NEGKGYSG,1830.788990825688
GNLGSFWS,11565.08256880734
EVVDWKHDAS,1662.6605504587155
AGNAGHRWDVL,5867.880733944954
YQVDESG,1408.665137614679
YPDRFPDLG,3880.0412844036696
APALRRHDG,2200.3073394495414
EGSHSASG,901.2844036697247
KWEDGYSG,2707.435779816514
AFFYWGAG,11618.761467889908
HNEPSSG,1088.3623853211009
WKDPPDRPYN,3349.52752293578
RDPAKHSYNKHL,1736.4954128440368
NDKVWALQDG,2863.0504587155965
LVSHGNLS,3136.0137614678897
NLELALWNKALS,8178.963302752293
PVVALWPAL,27892.133027522937
EEAQVPYNKVA,1302.926605504587
KHKNWHSG,1476.366972477064
FYADHDPYWKA,6755.862385321101
SRLYSREG,3295.0412844036696
HLLYLPLG,22003.76605504587
AFERRPWHDV,8083.201834862385
DWARWAEPKLS,4565.100917431193
YQDAHSFNL,5237.477064220184
QWENDVNFPLS,8978.11009174312
AGHYWGENKAG,1957.380733944954
PASNGEWHRHL,4952.821100917431
NVRQNVNKLS,1841.3211009174313
QGWFYQYNALSG,11202.256880733945
YLVFFWKHSG,14956.449541284404
DSGWREPNRDA,2169.6605504587155
YDGDYKVPKV,1820.6467889908256
GQKYKAQPYNDG,2005.2981651376147
AGAWGWLG,11788.316513761469
PLRNGDENKSG,1126.2339449541284
RPHEPKSDFRND,1471.467889908257
ARRAVALS,2084.5825688073396
FRAANLSVS,4404.211009174312
QHPWSSRPVLG,5327.431192660551
EEKWRVSG,2136.0733944954127
LQHSAFPWDVA,8215.362385321101
FEASSRKHAQWG,3105.8256880733943
PNRPWKSVSEV,1759.5275229357799
PHWLWHDEKHLG,6288.821100917431
LFRRDAREPND,2411.256880733945
VEPRQDVG,1089.119266055046
HENYYHG,4666.399082568807
ALAKSHSG,1467.380733944954
QDHDKFYKLG,2466.353211009174
HRHPEWSG,3474.5
NQKPFWSG,4667.275229357798
FWKLGKLLWNKV,5395.1697247706425
VRYFLSYKDG,14759.188073394496
SEPVPLGFRK,3210.7752293577983
RKLEYHAEWVSV,7877.628440366972
FHVKAFNHDEKH,1950.5779816513761
AEPFPVYDAL,5421.0504587155965
RQREPHEAWKH,2003.2201834862385
RGDNFDVSG,2146.733944954128
PREQPSQFVL,7943.036697247707
NEDAHLFEHVS,3760.302752293578
GWHGWENDVS,4657.298165137615
WRGNRNAG,3546.9174311926604
DLWPSGEWNKG,3015.348623853211
FDYPWLQNDAG,4656.426605504587
PKAAQWNLSNVS,2420.52752293578
QHDNWLSNHL,6745.545871559633
ENPAPARWVLSG,3209.5733944954127
ENFFVSQFRPYN,18657.435779816515
VKFKPDVAG,1445.3853211009175
EDWSLFNS,5096.885321100917
QAKQFNQDALG,1510.848623853211
VFVHRLSG,7361.683486238532
KNDDQNVLSG,1053.7155963302753
ENPRPKQLG,1083.3532110091744
NSAQWLKDVL,4742.729357798165
EKVYAGYVLKDV,8039.1100917431195
QPGSASKDVA,1052.9128440366972
RNQNVEVAYKVA,3117.7752293577983
NERVHDLSG,2386.743119266055
NFNVGPAEDSG,1614.2339449541284
PGDYLFALS,15747.481651376147
WKPNARDQNVG,1894.3211009174313
WQEKSEWGEL,2980.876146788991
HVPWSPHQEYNH,5578.275229357798
FSPEENHVLG,1823.454128440367
WGAFRSRAG,6349.004587155963
YWRYNGPLPKHG,5922.917431192661
ALGRELGFEHSG,3818.7522935779816
DYSWDELSG,3561.4816513761466
ASNQKDYNHDG,1178.697247706422
EKSLPNFAG,1443.1880733944954
PAWYVLFEHVG,36216.2247706422
YYKWKNKDAG,1707.7798165137615
KRKSKGRENKS,501.6330275229358
SGYKFGWNLS,7420.954128440367
GPEWDFG,3271.4449541284403
WHKQYSWDVLS,9746.243119266055
GHSAVAG,1275.9449541284403
ANEDAWVS,1788.3211009174313
WFDGDAPNG,4340.032110091744
GLFRQWG,9663.779816513761
FKVDDLRYKSG,2913.646788990826
FAWAWNLYSG,14127.853211009175
RNVQFDKDAQYS,2841.5733944954127
RANSKQYNKH,1141.366972477064
PKAVYNFRHV,5644.174311926606
PNHGSHALNKA,1681.151376146789
VGHPLQYHALS,6928.087155963302
PADERENDLS,1019.5
KYVKEWHS,2245.077981651376
HAPDYSFYS,7765.353211009175
QWHRWPYYNHG,13328.697247706423
SWHKHKDG,1708.848623853211
YRVWNQRNAG,3982.5229357798166
SFWDLVESG,6119.247706422018
EKGRREFRYHDA,2375.8853211009173
RDSVQFNFRHDS,5838.1697247706425
ENSPNFDFWKVG,3281.0366972477063
FYPAASQREYW,8650.064220183487
AERHQRWDAG,3283.9633027522937
VVYSEHG,2957.298165137615
EWDEQYWVYW,29560.10091743119
FVDRPLFPWHDG,15368.522935779816
NRRELQFLG,7005.98623853211
FHADSFDSHVL,6213.385321100917
PKKGGWDLSG,1541.4174311926606
QPPQWGKHAS,2046.7477064220184
DNAKVWDVAL,3257.9587155963304
DKVKGHDL,848.4266055045872
ERNLSHNLS,2008.9449541284403
FFGSHLSG,4280.711009174312
EAGENPAFWKG,2915.137614678899
KFSPLNAG,2264.3577981651374
GNVAARKVG,1529.0091743119267
WNGVVARPWK,7909.977064220184
WDKNRYSG,3427.3669724770643
HLPHPQKHG,1807.408256880734
SFNVAVFRWKA,19350.80733944954
VENNHVFHVA,5896.348623853211
DRGFWWVSG,14877.178899082568
YFSYLYKVAS,5100.302752293578
SNQWVELS,5297.321100917431
FELAYWLVLS,42845.550458715596
SGVNNSG,1710.2935779816514
KVELPDGPAG,1565.7981651376147
RRDHAWALS,5269.422018348624
SWLVRYSG,15378.954128440368
VSYRLEPNDG,3423.8715596330276
PFHVAHEPYKLG,5571.321100917431
HVQGFGREHDS,2345.8715596330276
HWGRSFRDLS,7329.761467889908
YKLYVQYKGKLS,10500.944954128441
LERGKALSG,1839.1238532110092
REALKDQLQFPH,2455.8073394495414
EPAYAFELFND,18549.018348623853
EDDGAYKHVLS,2082.798165137615
KFFAQVLSG,7989.426605504587
EWFSYQFAS,30556.201834862386
VEPFPAQNHDS,1879.3394495412845
QYAWYNAGYHG,9142.344036697248
DRDGYQWNKVG,2997.52752293578
YGLWYVASG,12266.944954128441
RHNRRPKHDAL,2082.9862385321103
KPFKRDG,1250.926605504587
WLPHYFRPYHV,18856.467889908257
DRFLSHSG,3311.853211009174
YAYGFVDSG,7118.40366972477
RFQQWLSG,7663.825688073394
LSFVVFNKVLG,32647.211009174312
EGPQQYSG,1428.302752293578
YWSGQSPHDNV,3078.1559633027523
GHGWKKVLSG,2650.798165137615
SVQYYALSG,11609.853211009175
HFDANQEKVLG,1822.0366972477063
AFRKNALQKAL,1860.9311926605506
AEPGRKQFPWG,4092.623853211009
KVPVQYAQYHL,5636.834862385321
NSKRYLSQASG,2027.3623853211009
HQGPNQKHVA,1393.334862385321
FLYDNALSGDL,5278.174311926606
ASFSSFYNKG,4247.371559633028
DHRLASG,2081.3669724770643
NLYQLFPKHDG,5976.197247706422
RHWRGRPYWK,6745.793577981652
AVLLSDSG,4115.206422018348
NYVLAEDAL,5847.926605504587
GRAKGFKVA,1516.9908256880733
NWKAGLFKAG,4505.573394495413
DFSAWASG,3324.178899082569
PHGYQEDASRND,1700.3623853211009
DYKPWEAG,2271.348623853211
PYQLSGYRWKH,8656.738532110092
RAQFSKDEPKD,1228.440366972477
GVRDNDG,1515.3211009174313
DLFQPNSLG,3597.4036697247707
KNAFAFWLS,14914.032110091743
VNKRDRWHASG,2295.2844036697247
QQDSRRHAG,1528.788990825688
QQLRYLKVLG,11740.399082568807
WNQVRVAFRND,12033.353211009175
ASPVSRNPWS,3862.9770642201834
KLYVYLFNVSG,22386.077981651375
WRSPVFRENVS,6867.807339449541
WYWGSWHDAL,15011.573394495414
LKSRAYSG,2487.3256880733943
VDVAVHVG,3133.4587155963304
SFKGVEWNKVL,3447.743119266055
GQSADVSG,991.9082568807339
WAEWVGALAS,12463.95871559633
NYHKFNDL,3548.4816513761466
FQRHDFHYVAS,8679.412844036697
FDSAENHAEYVA,2436.2844036697247
VGYWQRKDPYDA,4626.188073394495
GWPNRKDVLS,3273.376146788991
QWHAGDSNVPDS,1694.894495412844
SQRWGEGFWV,16176.064220183487
EYPALEPFREA,2145.9770642201834
GAGENQDASG,905.9587155963303
VKSPYDGREPHA,2043.6146788990825
NVVREGFRKHLG,3851.5412844036696
GRQGDLSG,1513.9128440366972
VHRLQREPYDLS,4365.674311926606
AQQVVLSG,1910.5825688073394
PYKDANLWVYKD,7821.435779816514
WAFSDGYWKHG,9613.784403669724
RAYDDEWDSG,3232.4770642201834
HYVEQWDLG,5913.339449541284
FEYSAFEYEDL,8672.288990825688
NVANKLRARPV,2679.0963302752293
GKDRQNHD,1126.4770642201836
HLYWVLQRDSEK,4819.477064220184
DRQVVLG,2582.064220183486
WPGHPDSG,2500.697247706422
KWGLQHVLS,5564.697247706422
AQNVSAPHVAL,2216.298165137615
FGRDENFEWKHL,5174.064220183486
HGYVDGRWKD,4733.591743119266
EFAWDDALG,4834.4495412844035
YWPGEKRNAL,2859.123853211009
EGFYFNHLEYWS,24223.522935779816
RPKFRQKHDRHG,2073.7798165137615
YGLKHQDLS,2545.5825688073396
VVEYNKDSEYHD,2247.261467889908
HYVRRKAG,1993.6100917431193
RYNPWWNLSDVG,10847.353211009175
QDSAAGQRKA,905.8302752293578
VLHNVLWKHVA,6621.926605504587
PYYSDSQHVLS,7028.623853211009
WFDFHSGDVSG,6021.142201834862
NAYWQDEPYWHG,12789.06880733945
NPKGQYSGDL,1459.3440366972477
NANGKQFRKHA,1439.0504587155963
FQKHASYLWKSG,5153.729357798165
GWRWFNLG,16964.270642201835
HSFVVGENVL,7565.091743119266
KPDFFKHDSG,1567.0412844036698
AYNEYQHVL,6086.357798165138
FNGVWDQDVSG,3845.380733944954
KFYGEPKQVL,2280.5
EVYHDPFEHS,3369.922018348624
VAKGQVAWNDVL,2856.706422018349
DWPNDRSG,2539.848623853211
QPNDKLNFRYHA,4792.90366972477
HYWFFEKG,7831.440366972477
FNVFGHASPWHG,12391.830275229358
DRGWEPVLG,4564.518348623853
SAFNHNG,2414.169724770642
HEHSSFEYKG,2749.266055045872
EPYQEVGKAWKS,2543.0091743119265
GRALFKHDGYKD,3946.3256880733943
DSPRASFRALS,3227.091743119266
YNSYALDFKVS,11512.743119266055
PWLDENVKDAS,2325.270642201835
NRRVVSG,2551.4816513761466
DWFNYDALS,10032.752293577982
DYGFPAHG,3998.1422018348626
WKYNKFSFHDA,5311.4495412844035
APRRPVALG,2026.3623853211009
WFDSHVEDSG,3685.9311926605506
FRPFEALKQKA,2839.2155963302753
YYNEQEDSG,1729.6697247706422
PAFEGFNFKVLG,20095.76605504587
RPEDVALEAPHL,2533.1330275229357
KPSPSEPG,664.3440366972477
VQKPGYLG,2410.8256880733943
YKLREHQENAFD,3599.059633027523
ANPEVSG,908.4128440366973
QQGQPAYWVA,5701.9908256880735
NHWLFERWVAS,16985.371559633026
PLAQHSGHVL,3569.559633027523
KYLVGHG,2933.4266055045873
LSDPNVNASG,1237.1238532110092
KQHENHVFNS,1969.1146788990825
NWSSRDVLS,5257.908256880734
DDFPWEYHVA,7939.784403669725
YFFRHVDSG,4874.192660550459
FFASVFWKHL,9896.440366972478
QNSGEHGLSEKG,1171.6834862385322
ENEFFPNVAL,6158.165137614679
YSSNDELG,1761.8073394495414
HRAWVFDAS,10400.339449541285
FKVFPGQHFDVS,4944.954128440367
GFDPAEPNKDG,1360.9724770642201
SRHRLEWNSG,3663.8715596330276
DFWFVSGEVAG,10476.45871559633
YHWWVEYKHDS,7828.908256880734
PSPLDVQPYAS,2593.3394495412845
NQSPFDVG,2489.876146788991
DSVDPVALG,1252.5550458715597
KPFWFYSG,15651.967889908257
KLGPPWHVKDVA,2667.091743119266
KLKYQWKHDS,1716.4770642201836
PFEDLSKQNDLS,2352.793577981651
QSHYPHSG,2384.169724770642
YAYHSPQWHL,12592.747706422018
WEELALG,10322.98623853211
NAQLAQFEKL,2327.4770642201834
RVDFPDQYWLS,14547.816513761469
FHLRQWALQY,16537.091743119265
GWVDQHDALS,3972.0688073394494
GLENDWG,3187.0550458715597
KYSAYKDAS,1546.197247706422
WFSYEWAG,12548.37614678899
LVEGQLSG,1683.0183486238532
NSYGFVAGKALG,4544.821100917431
QFNYWSKLPNVG,6405.628440366972
VEKHFLRYSG,6491.082568807339
DVWEQKALSG,1873.3119266055046
ENGAHDVPNL,1380.2706422018348
ERPHWDQRYKD,3269.756880733945
YPHYSQRYKDL,5263.380733944954
NPDHYHLG,2921.9908256880735
VSAEDEPASG,740.7064220183486
SYHHGWDSG,4409.3302752293575
GWQDFPSG,4620.045871559633
RQRDPVFRWNDV,5378.532110091744
YREFPSEHVLG,6007.770642201835
ENYPYDSWHG,6575.5091743119265
NPWLQLYDS,14265.619266055046
LLWNFLSG,9892.045871559632
ESNKVRSWAL,3145.743119266055
VRHLKHFASG,3806.7522935779816
PDLKRVLSGKH,1852.6146788990825
NWFKPSG,4734.876146788991
ASLQWVQEVA,2887.298165137615
NNYHYDVAL,7912.788990825688
QFENNLGVSPVS,2650.0091743119265
NHLWGQRLGPY,15443.830275229358
KPVYRHLG,2853.087155963303
EQPVKLGYKVLG,1997.3577981651376
KVSDDVLEWKS,1354.5
FKGQKLFAGYLG,8038.178899082569
RLPLVSFVL,42239.34862385321
KKQHWLG,2517.0688073394494
FWQVYNHSPYHD,11612.371559633028
EVLPNSRKSQDA,923.2935779816514
ALLVDASG,3867.3853211009173
FWGHHQPYLSG,10464.261467889908
DRYHNKHGEYWK,3361.9633027522937
VGHQLFPDG,4047.7247706422017
LFEHLDQRENKD,1957.711009174312
VSFQKVRKS,1633.467889908257
LFLVKDG,8011.123853211009
WHQGHQRYKVAS,3966.564220183486
EPNFLSPVENHV,3409.1926605504586
PVAYHQEGWKA,3393.233944954128
KHVHKDVSWNAL,2559.353211009174
SPQDAPSG,784.3623853211009
QGARDLFPKSG,2175.146788990826
FAQWQRYHASQK,4390.399082568807
HGAYNSFPVAG,4465.417431192661
DYKRNPYKVAL,3890.97247706422
QPSQQEHAFEWD,3626.169724770642
APNVWVEWHDS,5781.839449541284
DAKWHSHASG,1734.3532110091744
VLVDQPALG,3321.0504587155965
SYQWEYG,8355.399082568807
HNRPPWG,5854.431192660551
YKSLNKAYNLG,3261.422018348624
WYWSGAFSG,11051.362385321101
FDPQGQFYHAS,5423.770642201835
PYYVPNDGWG,11402.733944954129
ELPWNGVAEPWD,5527.1100917431195
SYVLVQYWNKD,20901.20642201835
SELLGDG,2583.422018348624
LWWSRNVLG,10779.977064220184
EYFGKSYWLS,10018.059633027522
KRFVEPG,1454.9954128440368
NKPYPSQPALG,1799.2522935779816
HEGLQYSG,3658.4862385321103
SQFSREWVSEHD,4234.885321100917
SRWFSFPNKDA,5849.784403669725
VLVKKHLSG,3122.6880733944954
SYLYGQYWAG,8547.261467889908
PSQWNVEGENKS,1330.7752293577983
YWPLPYEKG,5598.1100917431195
VEGWWDALG,9913.495412844037
QNSPDSKSYHS,1012.2752293577981
DPHEAEWASG,1475.6467889908256
FRHFSPYPVG,11342.79357798165
WVQVKVGNSG,4101.784403669725
EDELVLYNLS,13432.981651376147
KLGGLRKASG,1293.8715596330276
FVQERDASQEHG,1646.6238532110092
PQKGHAFRHVL,4407.09633027523
VAVRWDFEP,8907.211009174312
WANQARKLS,3120.8394495412845
NLVNAFDALG,6182.504587155963
FDKFLSPYWKS,5482.463302752293
QAYFLQNDAS,4245.311926605505
QAYWDFSNDAL,9664.59633027523
PRWYNYDVLG,14090.495412844037
QVSLVLYKDV,36037.1743119266
RYVNHDGQVAP,2402.201834862385
FDEWWQHVAS,8460.853211009175
NGHANKHKHS,1220.119266055046
DYHLWLSWVSG,16152.701834862386
VPFNSYVASG,4649.821100917431
DYWWGEVSG,5514.224770642202
FNHRFNHGRPS,4446.871559633028
SFAFHSVAS,6368.247706422018
QDKSLFWNDV,2827.5963302752293
VLDWNGRNDVA,2924.6743119266057
QGNNSGYNDVL,2579.2752293577983
NHLSRLGWHDKH,5253.032110091744
RRVLHPHDVAG,3170.5733944954127
RQYKRHEWLG,4101.146788990825
EWHQYEDREVA,2307.4036697247707
QRHVVWKGQKHL,3133.2201834862385
WRDADVYNAG,4703.967889908256
DLGRSHASGKAS,1567.2614678899083
AYHYQKDLS,2544.9862385321103
FVHRWKQWDA,6906.816513761468
DKYRHLG,2089.6284403669724
KAAGRHLPKAL,1513.6788990825687
WDFQWLGEWNKS,7783.940366972477
FPHSLWNHADV,5896.545871559633
GRFDSQG,2456.8394495412845
WARLQEAGRYW,14273.522935779816
WERRPASG,4044.467889908257
VRDGVAFRNHD,3818.0412844036696
QWKYGASFEHVA,4516.422018348624
NRYANPKDVS,1711.2477064220184
FLDNWASG,5126.623853211009
KYASSWNALS,3551.435779816514
GDRDQYNHDVL,2820.729357798165
KLHEVLYHLG,6900.426605504587
RPNDKDPYHGHG,2367.9311926605506
LSLLSFHALSG,12544.261467889908
PFKYPHVALG,6228.183486238532
GQWEPAQRWVS,7404.908256880734
WGVGHSYWNDAG,8005.935779816514
WGPRWLWKVLS,19076.5871559633
LAHANLG,2752.1743119266057
KKPDKALG,671.5137614678899
VSFKVKVQDLS,7057.899082568807
GKADYVG,1261.3761467889908
VRPRLGPWNKDG,2933.256880733945
SNPAWHS,3741.967889908257
KEWYPHVALS,7339.8899082568805
HHSWGHG,3973.954128440367
VYPYFYSG,8475.128440366972
GFRHDFPNGRDG,4412.1697247706425
ARLGNVAPH,2629.02752293578
EEFDRHASG,1786.697247706422
DKYWPWALS,8502.545871559632
WLSVFEQNLG,11257.366972477064
QFPWEGFSYVL,36052.15596330275
LLWQDVLSG,7347.128440366972
SRYGVQFKHS,4475.674311926606
RSGREDFLQFRD,7327.59633027523
YPREEPKSG,934.4174311926605
EWKKAFRKSPKV,1079.5825688073394
FESVYKHSNAL,3089.229357798165
NKGGHVAEHLS,1417.3715596330276
FNNNVQREYHG,4482.146788990825
LDLRGNLS,3404.2522935779816
QRNKQQYVADVS,1570.366972477064
QPEEFALG,2739.3440366972477
YEYGKEPDVL,2322.183486238532
DWSAFDG,6001.229357798165
QDKYHFVASG,2538.1422018348626
NHFAEPYQNAS,2965.376146788991
RNWFGWNDAS,8425.62385321101
WRWGDSGYWNS,13495.954128440368
LWHPSRHDS,4475.279816513761
QNSKGWPWLG,7624.706422018348
GFLFNHHDV,7993.715596330275
HEPSVSEPWDS,2089.605504587156
HDRSVEYWNDA,4052.2798165137615
KLLYPYVA,8628.04128440367
VALRYEWDSHD,9798.091743119267
VKLSWKYVLSG,9338.435779816513
AEKKQKVLG,674.4862385321101
EDPGNDRNDV,1018.8990825688073
PFYWKDYRPWNK,7690.362385321101
WDLAYVPWAG,14951.247706422018
HYRWNYVLS,15284.059633027522
EFHADEDVL,1963.908256880734
QKFWHVRLSYDS,15267.064220183487
LNVSSFRYHV,11407.435779816513
LSQQLEWKHDS,1984.9128440366972
QSQPVPNAGPNA,1332.4128440366972
AGWWFEHVAL,19826.47247706422
KENRPFREWNAG,3149.0183486238534
SYQFRQYASG,5735.660550458716
SRQAHAG,1591.3577981651376
NKSVKHRYALS,2066.6559633027523
DHNVPVLSG,2092.8899082568805
YWYNVAGRYDRP,7218.339449541284
SKFLVALG,11843.0
WEEWVFDVS,20504.74770642202
WNGVFPHENDG,4176.243119266055
VFNHVDLREYL,10746.665137614678
YVKHWSEPVG,3530.8899082568805
QRWWAQNQNHS,4278.09633027523
KNRYYDVALG,4145.270642201835
QVKGRNFPDVS,1996.6146788990825
HERQNKLSG,1401.8899082568807
VFGQQRNG,2514.6009174311926
DFKYGPKHA,1736.5504587155963
KNKGYSPDS,997.7660550458716
FRHKLSQEFEPK,1590.2844036697247
KYWLPYLGVL,15582.353211009175
HFHWHWNDL,13044.669724770642
SAWDDSG,2867.197247706422
FNVYPKHGQEN,2136.830275229358
PEDPHQYKHALG,2159.591743119266
YLPFPVLPWNK,11766.481651376147
WDHHYKVG,3993.059633027523
RRKSEAEDSG,772.7614678899082
HQVESPVALSG,1640.7981651376147
QFQQAREPYNAL,4363.98623853211
EPVFYWHPKASS,6198.1100917431195
RPLPPDAVSG,1534.0366972477063
EDWYQWNSG,5930.848623853211
KNDYVRKG,1156.4220183486239
ASQKLQWLYWD,14142.279816513761
WWVYREKLS,9064.169724770642
GRQYYKSG,3074.940366972477
PYAFHGHANH,4637.0504587155965
DDVWEKSG,1449.3302752293578
GFVDVWHAL,14892.504587155963
QEPQRNQEGEWK,1322.7935779816514
EFAKENLS,1308.211009174312
NPNHKAYWVA,4675.371559633028
EAGSNGPYHDL,2436.940366972477
LSDGLENKDV,1133.8623853211009
EVKYFRHDSG,2293.0183486238534
DAPKRDGHDG,934.5871559633027
VHREVNSG,1443.6697247706422
YQEYWWVSRYG,15648.412844036697
DGLYPHVG,4775.197247706422
HGAPASLSG,1448.9633027522937
ALNLEHAGKDAG,1387.7522935779816
QHFFLSREPK,5558.233944954129
YDRHANVEVLS,3914.302752293578
NWSHGLG,4697.477064220184
GRERSRPKVLS,1611.2660550458716
LHHVQPYDL,7553.90366972477
FVLHHVFPG,12069.357798165138
SYWQNQRPDS,2732.0045871559632
NNRHFDVG,3625.380733944954
SVLPVFRYKHV,12317.646788990825
FNDQFGNGQWK,5252.848623853211
FHLHFKLQYDLG,15645.366972477064
FHGRDEHDGKD,1541.2477064220184
RYPYFRSQHVA,7312.018348623853
SKYDAGSG,1097.4036697247707
WGYRDQNKAL,4353.674311926606
NVRHPNSREYL,5020.954128440367
LKREHNLG,1608.5
DQSLVLG,2144.238532110092
KLWLHGFPNVG,9249.12385321101
KYWLHQWNHLG,8272.454128440368
KAEQFGYNVAL,5752.600917431193
EKAFSFEPAYN,3406.9174311926604
QFAGAEWSRLSG,5532.224770642202
DRWFRSWVG,12812.752293577982
WQHYVPHVLS,12487.775229357798
DLQLLSRPWG,10831.619266055046
RQGAWHG,3371.0229357798166
SHVGYGQDA,2393.376146788991
RWENQFEHAYDA,7787.288990825688
DQVGASGSG,934.8761467889908
PQFARVLQPV,8036.564220183486
NLSRPSNDFHD,3006.087155963303
DPEQYVSG,1397.165137614679
VANVQPAQWKG,2682.169724770642
KPSDWHLS,1959.1926605504586
YQSVWDVS,5043.298165137615
QLEKEYAGEHVG,1466.6238532110092
EDWADSYKHDV,2614.1100917431195
PSGEPFLQNHDA,2765.123853211009
GQWFVFYNVG,38726.050458715596
PSSQQESG,1034.4633027522937
RNRNLEPYDWS,9139.316513761469
PHQSWAEWNKG,2646.637614678899
HGQLYLGQHG,5563.032110091744
EFHNPKALG,2126.4862385321103
RRQEQHALS,1838.5825688073394
GLRWHFLSG,12696.821100917432
YSHLNLYDALG,8028.775229357798
FQLGNEYDVAL,7143.655963302752
HFAYHEWNKHDL,6658.174311926606
EPVAYGQLGRHV,4815.545871559633
SFLLWNASG,8841.954128440368
NAGFSKDLSN,1765.1926605504586
WFWPKQWNHDVG,8345.495412844037
WLNLYARWNKG,7806.912844036698
KRGAFWNKDAS,1518.0045871559632
YHSFKWAGPNSG,3502.0137614678897
LVGFDWKVAG,5913.183486238532
FEHSQDRGYVG,3033.233944954128
KKSPGASG,632.3669724770642
QQSHGRVLG,2427.5825688073396
QLKDYLYHLS,5911.766055045871
KFNGLGQYWHV,9732.784403669724
WLFLKLYWNVG,15828.348623853211
WWNKSDKDS,1700.6100917431193
WYHSFLRLG,14430.848623853211
EPFWKLKAFPV,11332.857798165138
RSSHNSG,1366.9495412844037
KKKVPNSG,605.256880733945
NLFEDENLQD,3099.6743119266057
LNLDHSG,2242.064220183486
EVSYPKLSGPN,1751.4495412844037
FLLEHAKS,2546.467889908257
ANDWHQEDVS,1702.3532110091744
GKYKQVLSG,1378.6697247706422
NDNGEPHQKDA,1046.6834862385322
HQRNFYLSYWSG,18749.711009174312
HFRDKHLHVA,3191.3669724770643
PQNSVGYDLSG,2185.4036697247707
YYVKSPSG,2879.02752293578
AYRVLSLS,15791.688073394496
GSQWAHSG,3212.293577981651
APKLRYQRPDVS,2026.059633027523
VSRDKDSYG,1369.7247706422017
HNSPEWG,2814.651376146789
HAQVWVLHLG,26319.05504587156
PVLQVRYQYKD,21892.9128440367
HLWWQFNKL,13908.555045871559
FSQREHALNVFE,9268.467889908257
VFGFENKPDLS,2797.3394495412845
PLKEGRPYKVS,2046.866972477064
DVQFLRPSEDLS,3858.091743119266
NVRLKAWHVS,6105.637614678899
QWNRKADVWVS,6430.798165137615
AWGFYWYLG,16475.440366972478
RPSEFKAHASG,2137.6926605504586
FYHAVGRVSRH,6668.44495412844
QPEPYYWASVAS,11005.004587155963
VHVWDPVSG,4009.9449541284403
NDPHRNEPWDG,3396.105504587156
VSYPALSEKG,1559.7201834862385
RAAAKAG,808.183486238532
NPQGEDALG,1002.4816513761468
ESRAQWARG,2837.0963302752293
LFRHHFEPYKSG,4598.738532110092
ENPDEWPYASG,2372.261467889908
QQYQRLRKSG,2062.183486238532
EYLDQYEPHDS,2924.830275229358
AWEPFDL,8959.532110091743
HKPNVRPG,1772.5963302752293
EDENNAFELSG,2113.587155963303
YDGAVSQPNHS,2458.0412844036696
AQGNPHASG,1313.4954128440368
FWERNSNKS,2964.9816513761466
EDWGVAWNV,6412.064220183486
LYFRSWLS,10562.100917431193
ADAFRHVVAL,9568.619266055046
EDHQPLPYKAS,1895.9449541284403
KDHSRVPLSG,1519.8715596330276
QGVRWVQFNVLG,22229.93119266055
PPHAYRPYNHA,5263.339449541284
LSFFHPYWNDAS,10759.01376146789
YFDGNDRWKDG,3696.7201834862385
YEKDSVLQHDL,2379.8853211009173
SYEYPHAL,5495.082568807339
FKHQGRHLENG,1896.0
RFQSVSG,3482.756880733945
PVWPHARYWG,17146.24770642202
EYEHYARHSG,3798.4954128440368
QYKWENHWDG,6002.885321100917
RKSWHDKGPWHS,3389.9449541284403
EQAQFSRPNAL,2405.8348623853212
QYWRVLEPWGWH,27157.34862385321
DRSDRKLS,1208.0825688073394
ASKWQDVSG,1603.1605504587155
GDEYNVWSG,4547.967889908256
PFWHGWGYKHA,9754.380733944954
VPQKQPSG,817.7935779816514
VDENQVASG,1150.48623853211
FFESQYNRNVG,4079.3394495412845
WGWWYNVSG,16168.146788990825
VGYLLGQEYNS,6117.454128440367
NLPRPGQYKHD,2618.9587155963304
YKFYGYKRNL,5622.146788990825
NRQFHWKHDVA,3823.238532110092
AWFKPYSG,7381.899082568807
FDWGESWDSG,4702.087155963302
DVNVHVAPNHD,2258.059633027523
FPQYVGREKQNK,1594.6284403669724
NSNFKSYNKH,2348.348623853211
VYSPGHLG,3901.623853211009
DDPRDSG,912.2660550458716
YGGASYVASG,3094.087155963303
GNHADDVS,1104.1376146788991
QQQVQFSG,1969.4174311926606
VQNWQKDVL,2621.408256880734
HEVSEGQPHA,1660.302752293578
QNDSALEWVFPG,6820.743119266055
YFAVAKVAS,6776.899082568807
HEYYVREPYHL,13423.775229357798
ELWAKFRHSG,4300.325688073394
WKHQEAFRPYKH,4217.743119266055
FDKQHSREWVS,3040.243119266055
FDELKLFREK,2380.4174311926604
ASPHENSFREK,1023.5275229357799
WFQRNGVG,5679.711009174312
WFAQHDFLSG,11097.711009174312
SDWGQLG,3296.8669724770643
KPWQRGFNVL,7350.0
HDVDKLRYHDL,3796.9036697247707
QHVLQVGHGEPD,2308.5688073394494
KADVFEQEKD,775.7339449541284
HRGWSRDAS,3515.4954128440368
DSLLNKDALSG,1383.6146788990825
PNDLYDAEHNKH,1941.8990825688074
DGWHSWHFHVL,23888.376146788993
SDDLQRPWVAL,9493.862385321101
WNNHQRNSWDS,5118.380733944954
EHDNNDFNDG,1655.2660550458716
WLEDLNVARYNK,7306.770642201835
QYASWVKPNHA,3982.045871559633
NQNRDLFPVLS,6410.587155963302
WYGHGPLS,8724.908256880733
EGYFYKRKHG,3283.105504587156
LEWWRKSG,5679.1697247706425
YQKRRKHALG,1524.105504587156
FFQPYAPG,5613.394495412844
KLYNWVQEPYKL,8769.435779816513
REQYFHLGFG,13089.119266055046
WGEAQRHFYDG,11584.743119266055
FQFKNHSQRWNA,5054.821100917431
DKYLHSG,1711.408256880734
QRPDPKDGQAKD,711.3577981651376
ADAPPKSG,805.0137614678899
NEVANVVAG,1897.4311926605506
RQPEFVLSG,2596.0504587155965
HDQSKGNVLS,1255.6422018348624
WFYRVFHALG,12183.844036697248
SYWDFNVKHL,10449.949541284404
FYAFFYVGRDAS,11126.270642201835
HRDRQRYWKDLS,3641.935779816514
WKEGSGQFNDAL,3745.880733944954
WNLHVFWLFYH,18506.155963302754
WYRVPVLG,13557.064220183487
AYAYLRDLG,8592.788990825688
HLLHSFHDALS,8056.733944954129
WGAKYDASG,3200.330275229358
FARQSGFPKHD,3508.298165137615
VVLAGWG,10362.266055045871
NKEDDVSPYNK,1034.926605504587
QGEPNRYALESG,2201.532110091743
ELPDNKSEPYSG,1176.9357798165138
HENNHEWKHAG,2064.591743119266
RGSWVFDALG,10685.555045871559
AGRGPSPHS,1828.091743119266
NYSHARDLG,3145.330275229358
KYKHWDYHDSG,3307.288990825688
LEWLRVDSG,10298.055045871559
VGFGHRHDAG,3214.0412844036696
KLWYGQWNKH,5362.426605504587
SPWHHSFYNKS,5392.151376146789
KDQNVYDQEHDA,1450.3853211009175
SHGEVHSG,1322.1834862385322
EESKVKG,742.3669724770642
DSYHNPWKHVG,3647.52752293578
NHSENSEPFDV,1944.4587155963302
DQKYPVLSG,1594.165137614679
WFKLLQYNDAL,12792.114678899083
LEPGKGWNKV,1824.9220183486239
RGQGPWKQVSG,2366.353211009174
YQGNYVLSG,5339.848623853211
EFQVLPHVA,4562.90366972477
NFGYADLG,6110.0091743119265
HSQVSPKEPHS,1035.454128440367
KVGNLLQWDV,5623.582568807339
QFHQSPHSYN,3845.7201834862385
FDPPHQYWHV,9616.697247706423
RSDKENKDVL,847.2385321100918
RKVWSFDFVG,13139.834862385322
YQQNNASG,1490.9495412844037
EVVGGRDVAL,2154.4633027522937
QWSWYVGWNHD,16318.669724770642
VNDPGWVG,3312.5963302752293
FSVLYRWVLS,21499.077981651375
SWHHNKDLG,2601.353211009174
WLPPENKHDLS,2847.6009174311926
LGLAKALSG,2965.967889908257
RNHWRPYVWK,10296.963302752294
LEWNHARHDVFR,8329.422018348623
YEEAYWNHVALG,7637.821100917431
YGQGQFNHWNHV,7560.279816513761
LYSEYQWNHD,6321.472477064221
RHHDEDQYNG,1982.5963302752293
VASEYGRWSWH,13773.288990825688
PWNDLLGEDNA,2530.8256880733943
HRWVAKFWKVG,7246.431192660551
WARWLWNYWNKS,10838.270642201835
KWLPQPAG,2403.0963302752293
PHSPNLEYQEK,1291.711009174312
LYYGYVSG,4784.4908256880735
HHGAFYSG,6861.733944954129
YFGESPVLSG,3586.5825688073396
HSPKNRPYSG,1846.440366972477
WLNYEDAG,4527.674311926606
NLGQVSRNLGS,2757.298165137615
HFSHWAG,6625.09633027523
VESDEYDVALS,2110.238532110092
HQHDSVQEPV,1493.3853211009175
KQQWYWG,8484.862385321101
DAREGQWHPWD,11220.848623853211
KGENRYQRNA,1761.7568807339449
WVYEWKRDSG,4979.628440366972
VAVWQDSG,3007.7477064220184
YRHVKFRPHA,4124.701834862385
VKQGQHS,1211.394495412844
WSNGQNAYDV,4369.266055045871
SFPHSRWWKHDA,5988.123853211009
VKLWLREWVLS,17369.89908256881
WWGYWQHLG,16112.463302752294
VGLVGRVSG,4271.866972477064
NLVLPHFYVAG,20663.110091743118
KKFSQEYWHAG,2925.211009174312
YWFWWVASEWH,19540.440366972478
FQYHYGRYS,7532.155963302752
WKWFFRDVAL,15441.940366972478
QGWGHDEWS,5386.220183486239
PWPWHEPVGYNV,12052.224770642202
LRYLDSFRVL,14496.559633027522
HSSEHFHS,2473.3577981651374
HAKGDAEYWLS,3686.293577981651
EHVFARWGRYKH,7240.160550458716
QYYNKAQFNSGP,3383.7477064220184
DFWWRWDVAL,23054.19266055046
HLYERKDSG,1701.7522935779816
VQEVHALFEKVG,4347.775229357798
QKYKKHSGRPWK,1691.2293577981652
RADSAQKS,907.7385321100918
WSSGNSDVAL,3753.8853211009173
ESQLDYWKDAS,2032.3577981651376
EREDKDNKHA,670.9082568807339
EPYPFEPGDAS,1968.5045871559632
YGDESKHDVS,1220.9816513761468
EDDRASWLSG,2683.4174311926604
NVHVWKGFPV,10242.862385321101
PLFRFEVWDLS,39270.83944954129
KEDEKHKLS,840.1238532110092
LWADWKVALG,7800.766055045871
RNENPWAYWLG,17887.183486238533
ASNWSPYWHA,11835.229357798165
NGPEPSRYDLSG,1914.5
SYHLESQRPNVG,2813.7844036697247
LERVHALS,4661.027522935779
HVKHPNEPYKS,1602.0688073394494
PSHHHVSG,1976.573394495413
DKVLLPHSG,2023.0275229357799
SRHSNQEYWNLS,5261.651376146789
PDPYYVQEKL,3556.5091743119265
ANADKSG,713.6100917431193
PGHVKHFYKL,5573.48623853211
YPKGYNQYN,3363.3853211009173
RKGQNQESWKD,1114.7844036697247
LQWEGWKLS,6235.206422018348
SDYGYAG,2604.197247706422
FDPKKEYWNHDA,1824.0825688073394
VNPDRDSG,1232.6009174311926
SFWNSDQKDA,1627.4220183486239
GWSVKDALS,2953.4174311926604
EKVKFYDPVG,2004.6605504587155
RVHSFESKHAS,2041.6743119266055
RVFHWNREYDA,8758.788990825688
GNVGFGDG,3187.5688073394494
VHVALVKAS,6251.380733944954
GWVHPYG,10748.93119266055
AKPDAPSG,842.9266055045872
HFGDWHDVLG,7447.004587155963
RYKRWKVFHDSH,3756.435779816514
FYPASEADAG,1308.591743119266
FFAKSKVLG,3197.5229357798166
KFGDAWLS,5074.298165137615
PNYFRLEPWNDS,10479.830275229358
QFFFSFRYKLG,16366.802752293577
ALWGAGRPHVS,6224.688073394495
VPSGNVRVASG,1454.3623853211009
NRLYWRNKHVG,5408.275229357798
ESPVEPNRWLS,2713.6605504587155
GLSFAFRLSG,29114.325688073393
ELSNPNFRPNK,1932.967889908257
LVRKPLSG,2416.880733944954
NAPWLSFNYAL,30676.57339449541
ARNPRVAG,1914.3853211009175
PSPRFYWNVG,8983.591743119267
QASQFKWHGEYL,7881.165137614679
KVRSDFYKHVLS,3586.876146788991
NVKLQWSFYG,19696.422018348625
NEAGDSPWNLG,3447.9587155963304
FGDKVPHDSG,1574.8899082568807
SNKPAWHDV,2534.5412844036696
YYNVDAFPWNDL,14208.536697247706
DYGHSHLS,2866.545871559633
DQRRWAHDLS,4311.967889908256
FHQDYWNSDS,4282.293577981652
NSNSSQFALS,2697.3440366972477
YHDGDAFRQNKH,2417.435779816514
HHEWDQHSG,2471.302752293578
WNKFQRNDEKD,1582.3256880733945
HFQQDVSG,1974.2339449541284
PVQWWQREPDS,4615.926605504587
EEWNAYAQFENK,3233.9954128440368
YYLAGAG,3116.288990825688
LHGFPQVL,9379.637614678899
YRWAKVGYWKHA,6611.04128440367
FYQPYSDYWNS,10121.38990825688
NGSPFNSG,2434.059633027523
EFQHFWALG,11965.844036697248
WQWNEDEKLS,2442.47247706422
YGAFFPDSG,7312.880733944954
RFHFLQYNKDLS,6466.5504587155965
HSVWPNSG,3442.408256880734
AFAGWVEYHS,12241.587155963303
RQFPEGRVG,2102.0963302752293
ANYWFHG,10883.555045871559
SAQELSHSG,1240.848623853211
ELNDAYLELG,3744.3256880733943
PLSHWFYWNKS,9277.683486238531
GRASYASYNK,2832.321100917431
VSDDKVSG,775.1467889908257
HANWKHFREPL,5121.646788990825
NVLNHPWDLWDL,20279.683486238533
WWDVFPNRVG,15600.564220183487
VHWKYAG,4180.082568807339
PYHVYDPWQYDV,20008.110091743118
NLNVVAFRPNK,5584.435779816514
WDPSAFRYAS,10661.155963302752
AHWARLSG,5212.348623853211
EKVGPYEWVDA,2642.651376146789
AKSNPLG,1331.619266055046
HNVNYNAS,2167.6330275229357
GEWYQDSG,4757.279816513761
SFFQFWG,14065.45871559633
EFLEGEDVG,1419.8715596330276
EDWKHQHPVL,2712.6146788990827
HERYSWASG,5019.981651376147
VQSERLSG,1271.9449541284403
PNRAFPWLGRV,12675.935779816513
NLRSHQFYLG,13591.220183486239
GLQHHDALSG,2462.5137614678897
LVQWFKHDALS,8483.224770642202
RFLQSRPDVLG,5655.0504587155965
HNQEQFLS,2582.5688073394494
LWRHFKLSG,7038.091743119266
DLHYLKDVS,3107.4036697247707
WVEPDSDQRAG,2085.9036697247707
AHVPRWVSG,4921.518348623853
QPEDKAYWK,2233.577981651376
DLQNEKQYWNHG,2396.0091743119265
KDGPQFQDSG,1200.2706422018348
PFGWGQVA,6426.55504587156
QQALFSDLSG,3847.105504587156
QWWFLGRYKLSG,13571.912844036697
LAGRGSG,2269.0137614678897
NPNVWALFHLG,18356.628440366974
HKAVYKALSG,2023.302752293578
ERGKHQKHVLG,1350.665137614679
VNSPVKAG,1047.0779816513761
KSQYPDAEWNL,2789.830275229358
RAWERPHAS,3183.5137614678897
LGRYPHVNDASG,3002.7752293577983
GYFSVLSG,13059.724770642202
GRSQSASG,1296.6697247706422
FAPEALQREHL,2217.9174311926604
NVRVWHQNKA,3024.6605504587155
HYFPEPG,3449.3715596330276
PYKGRVENLEA,1506.6467889908256
GRVVFPALS,10205.394495412844
YVDNHFVLG,10045.009174311926
FVAEGRPFYAG,12745.5
KGFSSRWNKD,2244.830275229358
HVGAWVGWKH,8002.0504587155965
RHFAFVGKAS,6088.646788990825
AKDDQNHG,982.2064220183486
RAVQWVWNKDL,6542.711009174312
DAYYDVQPWHD,10525.055045871559
RVWLWDFEYWAS,27485.610091743118
QDKDEVEYWHS,2187.912844036697
ALHENKEYVASG,1649.48623853211
SWDYWAWALS,18577.27981651376
RQQFYDKVALS,5228.1697247706425
HYPNLPS,3520.8990825688074
YDHPLKHVL,5482.912844036698
KALSHEPGHLS,1835.5
SPEWVNG,2117.7752293577983
GWLYPKSG,5463.422018348624
KNAHQNLG,1334.7339449541284
WQNNPNHS,3065.577981651376
EDQSNLFYNS,2970.733944954128
GYVDEKSG,1337.1697247706422
NPYYGPVLG,7528.876146788991
KSGAFWHWHDV,8114.605504587156
LRNERYKHDAS,1938.6376146788991
SEVHDYDLSG,2985.697247706422
YHGVWSRNDV,5732.215596330275
NNHWQKDLG,2501.5366972477063
KELFDEYSG,2377.97247706422
SPYSHGQEWN,3337.8577981651374
PEDDVPAS,1037.0412844036698
FFDSQVWHLSG,8547.256880733945
AQVLWRKDLG,5492.036697247707
HDLWWKVDS,5848.912844036698
GKRVSWDA,2705.197247706422
HYAGQFKYWHAL,11395.697247706423
RQFQHEWNHVG,4614.298165137615
SKREENLSG,801.1284403669724
QWHPGFRSQPYV,12899.591743119267
NDPEEPKHVAG,993.5779816513761
HDHPNHQYAS,2919.605504587156
LPHNEKSG,1013.6788990825688
YWKWWDLFPD,17432.802752293577
HNVSWYVLG,18523.5
HYSPQVSG,2589.183486238532
LSVVDVALS,8393.151376146789
FSQWRGWNHD,9306.48623853211
PFDPNVREKD,1645.0642201834862
HNVGYVPWNH,8622.798165137614
DVKWVQFEHVL,9629.151376146789
VRVARVENVLG,4040.793577981651
WFNKDKGYD,2954.9266055045873
NEWVHFNHASG,6208.133027522936
DVLQASKVFYKG,7554.266055045871
RWQDFEGNVSG,3478.0137614678897
WHQYWRPGKDVL,8438.201834862386
AKDNADALSG,915.1330275229358
KGGAWHVLS,3367.9587155963304
GASEFPSG,1250.559633027523
GDFKDNG,1266.866972477064
NFNDSPQFKH,3286.435779816514
PNWEKLQPDAL,2870.330275229358
HSNDFRKQFEG,1851.9311926605506
NVPEHQEWDVS,1997.9357798165138
WVDFALWG,22904.97247706422
RHGHNVEKHDVL,2007.8302752293578
AWDYAPNHDVG,4098.6697247706425
KLVLLGKVLS,13560.362385321101
QFAVAGEGFNA,3301.454128440367
RNKGYPYHQNK,1703.954128440367
WWRVPKG,5342.981651376147
PNHFRHHSRPVL,6614.279816513761
FWYFSQYVALS,9529.178899082568
SWAQDSNG,2050.5963302752293
QSQQNKSYD,1310.866972477064
LRVSQKPDAL,2011.380733944954
QFNFPNVRWDGY,18798.119266055044
RPWNFADLSNDS,5831.8302752293575
SDGWQDG,2992.651376146789
LPFWKRVSG,5453.651376146789
RHWHQPDYVS,6244.600917431193
AARKFVALG,3466.9036697247707
FSRQSNHDLS,2696.5688073394494
FVGDPDLWVG,7008.325688073394
ALDPHSPWVS,5214.266055045871
QYYSNVFWS,11613.816513761469
WRHYAVSG,7810.233944954129
LHQNRYSG,3601.6605504587155
KSWSVLGDVS,3202.706422018349
KAQNWFEWVLSG,10183.949541284404
LALDVNG,2886.729357798165
ARPRFKVLS,3368.9816513761466
QRSWVLNLQEKS,4683.922018348624
EKYVGQHYKDA,1509.7201834862385
WGFLALQYKG,16994.55504587156
VSHEFKVS,2176.7477064220184
WLFGYSGPALS,9436.169724770642
EAVQQENKHDLS,964.4770642201835
PYPLHFENDVA,4029.0137614678897
YPYKWHVSQKH,4126.4908256880735
KYGNWKLSG,2617.1559633027523
ALVKDAQHAG,1435.9357798165138
RFDRFHVS,6532.1697247706425
WDHSQEGYWNDS,5279.591743119266
FNFASQPQYNDL,5931.6100917431195
WVYKPPYWVL,25627.6376146789
DKSRVKHVAS,1153.7201834862385
QNRPFNKVPWKL,5590.201834862385
NPEAVALG,1174.6697247706422
VQRVKHWNKHLG,2769.5688073394494
KEQVQYG,1733.7247706422017
NSEWGNAPKDVS,1729.5
YNYPRENDVA,2151.9770642201834
DAFYFNVQEAG,11792.0
GFDARDKSG,1426.3394495412845
WRLDHAG,5176.788990825688
WDNNDSEPWHAS,5173.4495412844035
SPAKWKSG,1205.545871559633
YLYQRQKVAS,3088.032110091743
PLEERYNKVG,2400.587155963303
VHRKNHVASG,1540.4174311926606
ELGWDVFNWDVL,16751.89908256881
RRVGYRNKHV,2428.3899082568805
YWAENKLHDPS,2660.788990825688
LPNFYGQRPYHD,9940.642201834862
VFGYVKAG,4130.853211009175
FVAHHVAREN,2561.330275229358
SKSSDVLSG,865.1192660550458
GRNNSPALG,1848.9816513761468
QDDNSGKDAG,780.7614678899082
HNFRNKKSG,996.6743119266055
QHPRREYWHDA,4135.412844036698
DDYFPLSG,3489.321100917431
VEAFHAPWHL,14425.614678899083
WLELQHKHDV,4765.302752293578
ELDKREASG,710.2844036697247
WREVWKARPKDA,2625.5229357798166
RHLVADVEYHL,8529.715596330276
SQNFNDAPNG,1954.6926605504586
PAGNFYWHWHL,20945.408256880735
GWRVFEYWLS,28612.26605504587
WVQAQFYVGNHL,23938.30733944954
NSPAWVYWDS,12548.197247706423
SGYYAYKAL,6829.311926605505
PLWDQHSWHVA,9453.660550458715
DAQHHLSNVAL,3202.3394495412845
VYAQYSWALSG,10559.348623853211
KHSQFLFYLVA,23127.550458715596
FDPPPWKDL,3884.605504587156
VKAQKPWS,1761.073394495413
WGAVVASG,3835.3073394495414
SQYKRWAYVG,7312.724770642202
VGWPDSYWAG,10895.165137614678
PDQRGRVSYWDL,9963.628440366972
QQEHDNFHDLSG,2306.183486238532
WRKFSYDASG,5111.160550458716
SGELSKNVAS,1148.01376146789
EFNARANVSG,1972.4220183486239
SLQHANSG,1426.2385321100917
GRDREGRLSG,1633.2981651376147
AQSNWKDLS,1500.48623853211
KAHYSHVASG,2047.9174311926606
DVLWVKDQALG,6267.114678899083
HKDDWASG,1719.1926605504586
SGVDVNLG,1843.5275229357799
NEPLDDVAS,1374.4357798165138
EVLDLVSWLG,10508.724770642202
PHASVQPKVGNA,1508.2752293577983
PSYEEPKHDL,2012.2155963302753
GKRHGWLG,4843.720183486239
WHSWLFYFEP,32080.97247706422
NVPGLSRPNKHV,2272.353211009174
ESLFRHRDLS,3317.3853211009173
SQASHLQPVSG,1804.4357798165138
PNPVRWGKVS,3058.4862385321103
HFEFEKRYHVL,7964.518348623853
WHFVQYVSPHDA,12977.243119266055
EPAGALGHVALD,2743.6422018348626
LNLQQDSG,1616.4587155963302
VAFSEKQSG,1179.5275229357799
EVPSRYHLRNG,2746.6284403669724
DSSPEPVLS,1083.6605504587155
VQPKLNRPHDVL,2282.1330275229357
GHLAKDVALG,1937.4357798165138
NFKRNSRYKDAS,1744.5871559633028
AESQSPLG,1202.211009174312
PHNKHWSGFDA,4638.600917431193
PQPSRVQYS,2706.211009174312
FNNQDGYNKG,2240.5183486238534
HFSKRPG,2530.756880733945
AWRHGDG,3611.876146788991
NFQHVPSG,2644.8853211009173
ESSHNVG,1129.8990825688074
DSQWGEASNS,1504.059633027523
AHWAQNALS,3331.5550458715597
EAWKDLWRPWNG,7678.40366972477
NVYWYKHPKVA,5269.0091743119265
HNENVQG,1245.5550458715597
GNDSQQEASG,800.1192660550458
FVKQLGFENLG,5026.224770642202
KEFLYHLG,5737.619266055046
PKAWHQRDLRWA,7732.197247706422
HSFVEVQNKHL,4905.646788990825
WWVWFPLSG,23649.619266055044
LWYVGEG,6209.972477064221
WAQRHNHVPV,3935.5825688073396
SKLLQDASG,1093.4220183486239
GPGNDKVA,816.8073394495412
VPPNYNLG,2616.362385321101
HNSWHFDLS,10136.963302752294
QASGRDAREVAY,2281.935779816514
PGGNYNLS,2883.045871559633
HWHPDFWNV,15214.380733944954
KSGQGYHARV,2768.1743119266057
VSDPAGNG,1022.9082568807339
YVEDAFVRVA,16924.591743119265
SRDYFVSG,5617.623853211009
YPGSHSG,1841.3623853211009
HNQFNENG,1927.7339449541284
HGYYPHDG,5581.995412844037
PWDDREKQLG,2093.798165137615
FHVKPKVSVAL,5187.151376146789
LVFSDLSG,8170.729357798165
VFKGKEWHLS,3054.467889908257
AYYFVAG,14147.100917431193
YHSDYLRPYWHG,11631.51376146789
FLKSSPVLG,3188.9036697247707
NWAPRWLSG,12678.587155963303
AVGHGHLSG,2385.229357798165
NDRLHVNHG,2973.8577981651374
LNKLNAFREKH,2493.0733944954127
VKPLGVG,1720.7844036697247
PQNWEWKHDVA,3275.1651376146788
YQLQHRYKDVL,5808.692660550459
QVQRVEVQFYKV,40285.71559633027
KGWGYDAGDS,2715.8394495412845
YKQSQRLRPYWL,13419.779816513761
RAGHLPNDEHG,1792.1559633027523
PNQLYWQEDA,3985.440366972477
APSHSEAL,1076.3990825688074
DALNNKAYWHG,3829.6146788990827
YFHNHFYG,7311.573394495413
RAKAWDEPKHS,1432.834862385321
PFYQEDVDAL,4584.022935779816
ELWLNDLPNVG,6003.582568807339
WLGKKSGQRND,2028.5963302752293
EYALFNKKHVSY,7112.431192660551
KSPLSPLRPWKV,3595.4449541284403
NQWAPLSNDVS,2790.0963302752293
HEVVAHSG,2011.5183486238532
ALVHYNG,4798.188073394495
NERNHHLG,2970.0366972477063
QHEDSGQAGYHV,2386.8853211009173
RNAGYPKGNDAG,1471.2155963302753
HSDEHDLFWKD,3504.059633027523
RQVRQRNS,1250.5412844036698
HHLRNDKSG,1406.3256880733945
YWGPNVFAEWNS,11642.371559633028
GYPGVSG,2349.5229357798166
GRPSAREHA,1152.1788990825687
FLREHYHGPYLS,11623.577981651377
VHGFGNVSG,3341.4266055045873
EHEQYHVLQEPN,1858.8302752293578
FRLNPVAEPNV,3132.243119266055
YKSGYAGFYYN,10677.720183486239
PLNLSGAELS,2119.266055045872
YSYWKHNWDLG,8324.197247706423
AWHLGEPEY,4558.233944954129
YENGHYNKHVG,3247.238532110092
KNYHQVL,2738.151376146789
SFESNAENS,1477.2660550458716
YLPHREASDG,1613.711009174312
DLAESENL,1211.6788990825687
APFYPVLS,8790.045871559632
WKDRLRPYLYH,12517.385321100917
FSQVYHWNDV,8029.848623853211
YLWNFESQWVG,13515.981651376147
LYFPAWSG,9025.165137614678
NWPAYVLG,15723.880733944954
YYQVAYKHLG,6662.266055045871
NLLLWHDAG,10620.422018348623
FWSWKYKFNLS,7554.720183486239
SKRYGPDALSG,2257.1559633027523
HKLGNLWDVS,4149.935779816514
GYQFEFASG,12228.151376146789
WYKFAPNKDA,3239.4587155963304
QFLQPGPYRPN,4900.981651376147
VEEQYNLG,2192.6743119266057
LDLEVGNVALG,3334.8669724770643
KQLSGWGPALG,4066.908256880734
FRRRPDFHG,5407.059633027523
YAVHSRDLS,3302.880733944954
DANPNKHANKA,915.8899082568807
LRPHFHLGQYSG,8218.665137614678
KWGSKSG,1311.6926605504586
LRNVNKNVLS,2346.3990825688074
WYDRRKDLG,3879.087155963303
QVHHLDVSG,2178.2522935779816
FSGRGNVQRKHL,3117.940366972477
LNQWEDVLG,4167.5504587155965
NDNQNHFPHVL,5953.981651376147
WWQQHVASG,5569.701834862385
RDYKEPYVNKDV,1858.1467889908256
PRHGGQYG,2913.7247706422017
HLRDVSQSQKG,1485.3715596330276
KWRNLPG,2830.701834862385
DWERESG,1758.6284403669724
QFHHEWKQVAG,2814.9587155963304
EPVYWVRHVSY,34449.27064220184
PARGYHYWNDL,10154.98623853211
NQPARQFYKAS,2810.105504587156
EYNSREFNHDNS,2740.0366972477063
LVLPFLS,22490.477064220184
RVWNSNPNKDV,2520.0183486238534
WLGWDRSFEYKL,18522.844036697246
WSVNVWDSG,9188.720183486239
NNKSRAPDS,1215.940366972477
QEDFGFRYQWHL,16470.6376146789
QFHSGHSGFKRW,7996.720183486239
DHAKRVG,1143.5
VLENVFWYNKA,11623.853211009175
NAWPNPKHDV,2658.2798165137615
EQLSSPVSG,1137.3853211009175
VESLNASG,1391.8256880733945
KHDYVEPDLEYS,2542.9449541284403
VPAERWSG,1841.440366972477
QNRVSQFAPYD,8112.536697247707
KRGKPSG,745.0642201834862
KPYQLREYHVS,3703.5963302752293
VLAHPYSG,5121.05504587156
HSFKFASFVLG,24721.19266055046
QVSVSNSFYVA,15637.88990825688
ARLGSWDLS,5688.637614678899
WWEGDALSG,6233.229357798165
HVPANKHVFDL,3592.3394495412845
PPVNDWKVAS,1735.9587155963302
VQLPSFSG,3801.348623853211
DYVLNFRYNH,15420.766055045871
HVVNVSYSG,14790.40366972477
VFEFAFRYWNH,17594.83486238532
KYRFDVALSG,5046.729357798165
QDAQDQRKELS,709.0688073394496
VVNDPSG,1225.2752293577983
QYFEKEVSGES,1314.2201834862385
SHVRPYSFG,10264.711009174312
EPSDLFRFHLS,9800.064220183487
VFDGGLSG,3015.408256880734
EQRFEYDRKAS,1964.0963302752293
QNYELGEPWHL,8688.105504587156
FVRQVLWNHAL,14277.651376146789
LESDWALG,4659.724770642202
DYFYRSG,6812.527522935779
FAVKDGVAG,1938.8165137614678
QQPLAFRPYNA,4458.977064220184
YVFEFLGFPWD,27458.559633027522
FHVEWDKVLKVA,7339.518348623853
LWNQLNHG,4300.279816513761
YDHYDSFEWVL,16375.59633027523
YFFRKYWDL,7002.01376146789
DAVASDWHALG,2883.912844036697
DGSRWGYWDALG,11979.509174311926
WFNALEVANDVL,11088.821100917432
SDYSEDVLG,2059.7155963302753
SQQSREKHDA,907.3211009174312
FRDPDAWPWNL,11765.56880733945
SPHYLALG,6329.697247706422
VFKVYDAYHA,9296.261467889908
FYWQPHGEHVD,3443.5733944954127
QVVWVQKHDG,4413.4908256880735
LRVVPHSG,3115.091743119266
EVHYDGEPNK,1279.2522935779816
RLQEKVRVRNK,1154.9036697247707
VWRKKVAG,1830.9587155963302
DRSEAKLG,916.1788990825688
FAKDWSQEVSG,2035.3577981651376
WFEGEWLSWDS,17649.38532110092
LYSFPEPYSG,7500.082568807339
NRHENEWKHVSG,2003.3394495412845
NHSDAGPYHPYN,5101.160550458716
WGLGPALPYV,23208.045871559632
EEAPSASG,1012.9862385321101
FKGVFVLFWKS,21631.94495412844
VPFHPVLG,5042.40366972477
GHNLYDLSG,3977.293577981651
QVPKLDGQPNK,939.9816513761468
ALREYYDGRYG,10426.95871559633
GEDAVFPWNLG,7426.9908256880735
FDLVAPDYWH,11809.665137614678
AWLNSRLG,8124.963302752293
NWHHKLG,3883.412844036697
RWASNQNKAWND,3508.1284403669724
EYSPDRVALVA,3144.137614678899
PFDKKLG,1781.651376146789
WVENFWKYWHA,13577.316513761469
HEDWYKDS,2840.922018348624
ADVYFPDSG,3557.9311926605506
PWGWENDKVAL,6255.701834862385
WFVPKHWAL,15441.715596330276
GRVKKVG,1037.7798165137615
ASNLQKQFALG,2930.302752293578
WFGPAPLG,10731.862385321101
QLENQYWQWG,13098.229357798165
HWLAVSG,8610.862385321101
YEDPKARPNS,1634.0412844036698
AFYLLGPLS,26401.463302752294
HADKNKDVL,1073.9495412844037
NHFNNDGNVAG,2114.9311926605506
QLSLDLSRNDAS,2253.3899082568805
NPYNNDFEPVSG,2529.97247706422
SQFQDAHDVLS,2928.1100917431195
VQYYNGEPNHDV,2970.8715596330276
QGVAGHEALSG,1307.6605504587155
NDAVPLYWKLG,9568.701834862386
AEFEAPAG,1570.1880733944954
YDWYNKEPDLS,2942.408256880734
FNYLQRWLRKH,8371.600917431193
LENLFRLQNKAL,6721.137614678899
YLNNPKLSG,2737.3853211009173
QRDHNHDEPKHS,1089.605504587156
HRHPQYHAS,3738.591743119266
FRHPKQESNKS,995.5871559633027
FHDYGYWFWHV,16468.022935779816
PFFPWGQNKD,5647.798165137615
WYYLEAS,10361.747706422018
ASQQVYWNKH,2747.5550458715597
DPFKVFKD,2942.4862385321103
VYQYHFHASG,6622.600917431193
DERSRLSG,1609.8165137614678
QVAKEDALKDLS,738.2614678899082
FKLSQPPSQPVA,1464.6788990825687
VAKQVFWDAS,4379.229357798165
PWAVNHQEWDA,5672.105504587156
GFVVLWSG,40266.30275229358
HDSEHLENQRKA,1562.0871559633028
VAGRWEWSFHD,16791.110091743118
GPHWGEHLSG,3198.0963302752293
LLSAHAS,2939.1926605504586
KKYLRHVA,1692.5
WSAWWHSG,12988.463302752294
PDPWQFKLAS,6082.642201834862
NKLGNDWVEL,4522.243119266055
VHQVHSG,1826.3990825688074
YQNWLGKG,3625.02752293578
KEQGKHLG,985.4311926605504
YGYADVSQWG,6817.5091743119265
VNADAYLG,2806.197247706422
SERYSQVAS,2524.8669724770643
SYNRFHLSG,5488.972477064221
PGAYLEYDVA,7490.261467889908
GRHSSREPWKL,3661.293577981651
FPLNGQWVFVG,39339.49082568807
PEKQVGYWNHL,5865.178899082569
KEFFVASG,4118.211009174312
NRYFDPNG,4485.05504587156
PFLWHWDL,24835.10091743119
SWYASNDG,3722.9449541284403
VPSVENG,1009.3119266055046
FDNGSFYKVAG,4708.972477064221
KKEYVAAG,1050.8165137614678
WPEGWKALS,4487.302752293578
EDARKEPPKVG,914.6284403669724
NFYPVFREYWD,23898.018348623853
GQESHAEYNS,2065.802752293578
RRFVAYLSG,16183.848623853211
RWDSAQNLFNKD,3983.3669724770643
DWLANAG,3291.651376146789
SPYHRGQYNDAG,2748.2201834862385
KDAFYAARWNDL,8780.633027522936
NWGFYLYWNKAG,11911.174311926605
YGRWAQLSQFL,15885.09633027523
YEFDRLSG,3669.9311926605506
EDLYLEALYWDL,16078.02752293578
AGSKAPHG,1248.3761467889908
LANAFHALSG,5088.472477064221
KLLRRELG,3232.7201834862385
VNWDWLSG,9084.12385321101
NLHFKWHVAS,6487.628440366972
PVDEQEKHALSG,1440.032110091743
SRGLNDVALG,2869.8990825688074
HESWVFRSG,9310.426605504586
SFGGFPLSG,6346.119266055046
NDNPEWNKHL,2506.564220183486
KLQEPANAWKV,1715.8623853211009
KWKNHKALG,1181.9633027522937
SENFFYKHDLG,6115.220183486239
EVNKLQYAYDLS,4791.137614678899
LDGPGNASG,1718.2431192660551
DAARFLSG,3638.3256880733943
LPLYLYASG,25013.830275229357
NQAYHAHVAS,2787.408256880734
LGSASPSG,1472.8761467889908
FWNKADSPHSQL,2329.623853211009
EFFLQWNKHSG,5670.724770642202
YWYSLGQPYWN,9796.885321100917
FQRVRVWDLSG,12412.866972477064
QWVANALLPVA,11173.045871559632
PSPNFYFRWDS,18149.394495412846
QYWPLSKFPKA,5021.426605504587
VRNRSFWAS,7176.6697247706425
AQHAAKHALG,1599.2064220183486
QGWRPVGREHA,3037.8394495412845
QVAQHFAGQHDG,2504.422018348624
KSSGASGNKH,835.2339449541284
DYLVNHDLSG,3975.729357798165
FFDKLKAL,3167.788990825688
SWNQWSREYS,8444.142201834862
FSHHAQFYD,9543.077981651377
RYNKFKDVDEHA,1485.6743119266055
FNKRYLPYLFEV,16015.729357798165
GWAQHYKDALG,3868.3073394495414
RWWQFPGYKL,16492.642201834864
LKPKHWVG,3282.5733944954127
EFSVEYDVLSG,9335.51376146789
GPPSALSG,1450.8853211009175
FAGKGWDFYKAS,6050.178899082569
QHFGQRQWDVAG,5269.027522935779
YSFFFYKVAL,15054.91743119266
GARAGALSG,2393.211009174312
SKGVADAG,795.5917431192661
EDWNSQQPWALG,5259.027522935779
DKEVNVLS,933.7522935779816
AWPWADG,8803.779816513761
PFLQYGPNAL,13303.729357798165
AGRGWLSFPNDV,7479.40366972477
KNVWPVAG,2947.045871559633
YPHAALRHDV,3628.9311926605506
DQEEVFNKHA,1291.105504587156
WGQSGRDAFNG,4360.399082568807
PLQHSKLFPS,3745.876146788991
WYKLYQNKHA,4230.045871559633
VFRQWKFNALG,7797.518348623853
KESSNHSG,1019.4357798165138
QPHQVASDQFY,5242.1100917431195
SGQPGWVQDVAG,2198.1009174311926
RPREKHWKVQYA,3139.4954128440368
RRFYQFPG,8314.619266055046
NHNHLQNKLFPV,5442.376146788991
AFYAFGPALS,17878.954128440368
YRHVEQFRPKAL,4556.866972477064
HRRPEPALG,1910.9311926605506
ADFRLRAG,4551.866972477064
RHSAWNRKHS,1964.7385321100917
LGDLPLKHSG,2261.2752293577983
RAQHVGRRPWD,7553.302752293578
EDSLVLSREWNH,4434.977064220184
QYGPPKDSDLG,1375.9724770642201
FRDYWHRSQPY,10684.036697247706
KAVKDESG,579.7110091743119
KAHQDLNKDVLS,1128.4357798165138
SGPWDFANDALS,4751.94495412844
GLQEAWLG,4022.440366972477
KHYYAQPSG,2456.52752293578
KNFPPWALSG,5783.642201834862
EFLNFEDVAG,3955.912844036697
YNDHHAGDVL,2702.954128440367
HLGHDSPDLGV,2392.362385321101
FAHEDQFEK,1884.880733944954
HLLYVLWNK,14544.29357798165
NDQSAEWKHD,1566.4770642201836
WFQEKPHG,3946.3669724770643
HQQKDPSG,789.6605504587156
FEGSAGYWKDA,2792.8440366972477
LKQEQNSG,830.0412844036697
NHLPQPWNVKL,6176.536697247707
HDSFYKDPLHDA,3330.5137614678897
QKESHVAQNHL,1830.4174311926606
YDVEASGDVFY,11107.848623853211
HFELQQRHVSG,4178.848623853211
RKELDVFYNSG,4868.44495412844
YPVNSKSG,1170.380733944954
FESKANVLGENH,1531.073394495413
HELRWFYKHVL,11537.100917431193
LQAQNSRHVA,2187.123853211009
YPHGFYNNVLG,10066.261467889908
VHVVRHG,3341.1330275229357
NESFEPLHVLG,5577.692660550459
WESRRYG,6877.605504587156
HLHEYDQEYNH,4096.779816513761
YHWEHVREYHVS,9544.08256880734
VAWLPKQFV,12404.366972477064
KWNQYYWKH,6163.40366972477
EYFDARSYNHA,5497.756880733945
NEEAKVG,764.7752293577981
WANPREVG,2647.7844036697247
YLKWRNASG,3559.935779816514
FLWGYWAGRYN,8427.146788990825
HDPPQFKG,1640.3623853211009
APPQHVG,1336.6422018348624
KGERDGPYHVSG,2506.4816513761466
VLLWEPDVALG,11624.54128440367
SEASQPGENHG,1346.045871559633
DQEDLKHEYWS,2731.4816513761466
PDKSLPNVALG,1316.559633027523
DSRESGNGEHA,1078.8532110091744
FFRSDSQRYS,5004.463302752293
DVLNSQYYWDSG,8922.743119266055
QDSKDRPARYN,1652.0045871559632
FDKDYWAQREKG,1622.4587155963302
PHRSGRAQNKL,1353.545871559633
YVNAQYVFKHV,14022.90366972477
VPVQVQAG,1190.5229357798164
HDFYEDSEPKV,2367.4908256880735
EGFEQFPWSGVS,9251.06880733945
RHDYKAYASREL,2888.0091743119265
WRNAHREPYKH,4462.532110091744
GRVEGREKVAG,1025.605504587156
WAEGENLEPHL,4713.5
LWSNRALG,6371.802752293578
VDKAQREPYWH,4805.733944954129
RNAERYVLFY,29615.802752293577
NYHAKNDSG,1566.619266055046
VWHGSWLG,12091.38990825688
QPQPPHVEDS,1316.2477064220184
KSHVSEWDQAG,1746.4128440366972
FGYDPSFELS,7698.266055045871
KPEGNKDSG,654.243119266055
SVSVDSG,1315.8073394495414
KFPVELPYKH,2579.3073394495414
QNHGGPWARG,4803.587155963302
FSKRYFPYKVG,5090.454128440367
HSWLKDQYNVL,7112.385321100917
WEDALDHLG,6700.770642201835
HASELSWWHD,12765.201834862386
ESWSSFPYAS,7678.688073394495
WEAHKDLG,3144.330275229358
NAWRWSPDG,8721.518348623853
FVDYKRWDAL,7092.871559633028
QSQWNQYGHAL,6542.940366972477
FEKYWSGHSQYL,8791.201834862386
NKPQEKGHSG,724.5733944954128
FHPFFEYWKDA,10517.545871559632
ADAYNHHG,2540.9311926605506
PVPHSNVQFYNH,5741.917431192661
KQFSDFRWDAS,4417.642201834862
HGFPAPDSKG,1142.7614678899083
KEPHNHRWND,2443.376146788991
PLANQALS,1970.8119266055046
FGAKHHLSG,2595.8669724770643
AAPHEASG,909.559633027523
GSPWEHLSG,3899.8073394495414
KRAKEWAS,1109.3394495412845
DLRGRGYVALS,8705.752293577982
GKDAAQPYWSG,3378.394495412844
ADFGQVLSG,3033.1880733944954
QRRYWVFKFYWA,26296.17889908257
RQGSWLSG,4292.275229357798
SPRHFYNVL,8675.366972477064
DHDWPDVSG,2723.2798165137615
WSDAPDFEWVL,14537.087155963303
SKADPNSG,859.3348623853211
DWKPPKHVA,1854.7706422018348
ESYQSGWNDV,2553.7477064220184
WASFGDLSGQR,7011.197247706422
QKHPWFPHRWG,10693.600917431193
DWKLKVFKDAL,4990.454128440367
VKPVWDLSG,3181.623853211009
GEGHPHLS,2687.591743119266
RRSYSKVALS,2368.183486238532
RPLFHEYWAEKS,6381.655963302752
KSPLWLFWDAS,11906.422018348623
VFQSDLSG,3001.0963302752293
KEYAPHPDVG,1654.9036697247707
LGWHLELREPN,5657.646788990825
HHYVARG,3571.793577981651
QHWAKFYWHDAS,8556.12385321101
PRPSLPYWKH,4852.963302752293
WRSDFNSG,4995.385321100917
DLWNYNLKHDV,5154.477064220184
APDSWQEPYWA,6556.756880733945
HNLPGHG,2561.2752293577983
FLAFSWHVAG,13205.825688073395
DYVYKQNDVAG,2037.7660550458716
QHAKPYWDQPWV,13277.467889908257
EGNAWAPYHVA,5712.238532110092
PVWKHVRDLVAG,4403.082568807339
QEKDHEPNDQH,1005.1422018348624
RGDGVGHDS,1653.1009174311926
YWPKYDVREG,3460.821100917431
NSYQAEWLS,5091.683486238532
VRNAFSQFYKDL,8141.064220183486
KFVWRNVAL,10016.614678899083
RYDAYAHDAPWL,15973.275229357798
FADWVFENDVAL,9831.862385321101
WHAKEKHLPKHV,2025.2568807339449
GWKNNKG,1334.0045871559632
NQDFSRNHL,3858.6100917431195
SKHDDWDAL,2454.422018348624
ELLNGWAG,4488.954128440367
ANYFVLG,13760.779816513761
PWHGLGRASKH,3557.788990825688
QKKEELSG,554.8853211009174
LRNRNSEPWNVG,4162.784403669725
VGRESPYNWA,9024.091743119267
RYLREEWLGPV,13437.47247706422
DPAFYFWVLSG,37904.04587155963
DSRLKFREWNL,6053.220183486239
FYVWWDGQYVG,15070.022935779816
PDPQWVEPWNHV,5521.495412844037
WRGFEDNKG,2729.2201834862385
RKHRYENHDGKD,1267.5412844036698
EWLSKLSYWGKD,6376.211009174312
YNAVRYHPNKV,4884.857798165138
EYKKVLQSFRY,7522.027522935779
KRKVVQFRWNA,3669.256880733945
YVQLRKGEPWK,3728.3394495412845
WQKADQRPYKAL,4130.807339449541
LSKVAPKPWSG,2837.105504587156
KQFYNYSFYNAS,9276.29357798165
HANSHVFWHAS,8495.357798165138
LDSHSKLSG,1401.1376146788991
EDRRAREPNKHA,1139.348623853211
FFFGKDSG,2310.233944954128
NKRQPSFWKSG,2617.9862385321103
KDDESGPS,711.8302752293578
PFNDERNAG,1853.7614678899083
AGFSRPHDFWNV,12506.720183486239
VHQLRAG,2463.7798165137615
ADKDNSG,662.6146788990826
KGRPNYASFS,4057.412844036697
KKPYVWHDALS,3902.816513761468
RKNHHARPHL,3292.2247706422017
HRDAGYKSFRK,1790.9220183486239
PPEHYHVALS,2810.766055045872
PSQKRSPWHS,2421.761467889908
KSHFSQKG,1329.9908256880733
SYVAHALYHLS,11006.880733944954
YNLSGKEHNHL,2233.348623853211
YHPEYHVWDAS,5861.270642201835
FYLERWKNKH,3728.6743119266057
DEKGNWNKHV,1663.3211009174313
EEQYKWG,2543.5183486238534
FPFRWVPYDAPY,31760.376146788993
SPDAKSQWG,1747.0275229357799
RPWQQPKDVSGE,1355.4311926605506
VFQNGYSG,3834.853211009174
KEDYGALG,1398.3853211009175
LLPGKLSG,2448.5091743119265
NEQFWAYKVL,14929.449541284404
LWAESYLSG,7862.711009174312
SWDRAYDG,5161.133027522936
WDGQALELSGQE,2221.3990825688074
SNFPRKG,2274.032110091743
FEAQQFLFVAS,50375.71100917431
WPYWRLSPSG,16430.07339449541
NEWWLPNL,16740.23394495413
AVQENPKG,983.4587155963303
LGHGFKLSEVS,3296.408256880734
AWFHPNHDAL,7417.082568807339
VNARNQNKDS,1100.9587155963302
ESFGENHLDL,2544.912844036697
AHAGVWNSG,2448.4954128440368
HVREVWDWKHVA,7992.247706422018
DWRGNVALG,4539.6100917431195
PEQSFVLSG,4944.522935779816
AVADQKLG,1018.1284403669724
KFKSNDEHAS,1166.9174311926606
VSVAFPVWVLG,31009.394495412846
PHKHKQYNVA,1576.4449541284403
AGPDEQENKAS,678.316513761468
EQPLFALPYN,6457.857798165138
YGQFNQNHYWNL,12175.018348623853
GEKQQYDG,1394.0
LYALLSSG,9500.059633027522
YKEVQVQYKAG,3952.1743119266057
VNLEHWLSG,5488.357798165138
DFRGLGQFYAS,10293.532110091743
AWFNGRVL,11452.788990825688
FKDEKLYGRDG,2488.5825688073396
WNVYVLFKEPVG,29215.564220183485
DHEDYKAG,1284.4724770642201
EPRALQDASPH,1598.1559633027523
KEEHDFSG,1022.9495412844037
QQHPNVYS,3025.8119266055046
AWSFPFDG,15608.160550458715
KVQQPQNVA,1214.2477064220184
HEFGKVLSG,2674.261467889908
DPLLDLSG,2326.6926605504586
QPVLHFEVEVL,32683.43119266055
QQHKWVG,2487.032110091743
DAWKALRDLWNK,3918.816513761468
ASHNPNLG,2194.47247706422
VWDVAGKPWHL,9989.197247706423
KNKQSWNDALG,1468.4770642201836
KSNLFPHSGRY,5931.472477064221
FWHHVGAQFVAL,24365.880733944956
DGWGDVFRKALG,5877.036697247707
DLEWSGWSFNH,13685.853211009175
RHGLWDVRKA,3827.5229357798166
GVGPSKG,1164.7844036697247
DQQFDQRKALS,1827.7568807339449
HLLKSRKVALG,2989.559633027523
FQDNREHDVA,1923.2660550458716
DVYLDRPNKDV,2478.3256880733943
NYYKYKDALG,2881.3990825688074
SDVVADASG,1333.394495412844
RAARQFNG,2671.169724770642
NHFKSFVNHG,3951.5550458715597
HFPSNLQEVSG,2010.2614678899083
VPFDEDG,1745.908256880734
FSAPEPLG,2092.5963302752293
NASVFNVVLSG,27987.532110091743
WFFNSFDSG,7615.522935779816
NSLEKPAS,944.9082568807339
WHVSSASFEYD,14191.894495412844
FDYYWVWNHDLS,12639.697247706423
SRDWPKAG,2507.5183486238534
GQGFEAHAL,2606.1605504587155
RHAVKASLG,1702.3394495412845
NWVGYNKEYNHG,4995.54128440367
WFERALQFRYK,14009.977064220184
GYPNGPSG,2221.733944954128
GAPAHVSG,1445.0963302752293
HWREAEALS,2490.1651376146788
GEYPASFPNV,4996.683486238532
PHVWNHGWDVSN,6553.261467889908
HLLYQFVAS,22263.871559633026
DDRAGDLG,1627.0642201834862
WPAFWPWKVS,21985.857798165136
DVFLLGYWNHS,25244.880733944956
EALDFPVSGFEL,5402.256880733945
VGALQKYNVLG,3408.853211009174
FWRQPDAFDV,9781.233944954129
VYGRFYSG,8448.288990825688
QSREWGENLGP,3636.0963302752293
VNGDNASG,1144.559633027523
YGVVWKVALS,15557.839449541285
EGGEDQFRG,1473.926605504587
AWDWSKLG,5462.284403669725
FHHESFRPWVLG,13679.275229357798
HYHWEVAG,4970.954128440367
KLHDELWNG,2732.1559633027523
HVFSQPYGKHVG,5315.908256880734
GPDHPWALG,4145.844036697248
KDANPVASNDS,834.2935779816514
HPSHHSG,1493.4770642201836
FDKGNARHAL,2802.954128440367
KDRQYHAPVLG,3014.5183486238534
NFGHWVSG,7948.091743119266
VKHNYDVLS,2314.1559633027523
EYHRGEPHSRD,2208.2247706422017
QDDEEPSG,756.0733944954128
WAPPGNASG,1951.9128440366972
FEKSQAFLSNHG,2465.316513761468
KHSRDWKSYKH,1508.5183486238532
FRNERPEPKHAL,2704.0733944954127
QNRGQEKAPNVL,1412.6422018348624
YWSYDQDFWNHL,16776.316513761467
LLRKDRG,1899.7706422018348
EWEHRPEWL,10503.545871559632
VAKPEPVLG,1240.3211009174313
PGNHHGFKVS,3515.6880733944954
ELWHLQHLFHG,11406.11009174312
WVVNWKHDVS,6457.059633027523
NDEVQRRNDVS,1378.9587155963302
DALGKFWDPKH,3096.412844036697
FLHEASYNKDLS,2825.619266055046
HSSGHWHALS,4995.8302752293575
FEVQAQLPHD,2677.201834862385
HSWQEFEPLG,4696.775229357798
DHGFNEYHAS,4223.385321100917
HEDPSQRPL,1940.4128440366972
YVHVNKVQYDS,4086.0412844036696
SLNVQFEWDLS,22994.045871559632
VGGPLPNKDAL,1734.9220183486239
NAGYYNHQDSG,2788.270642201835
HEVFFWVALSG,32079.743119266055
FNFLWHLDAS,11821.243119266055
HDYRDRNDA,1980.394495412844
HEYNESPNHDVG,1995.5825688073394
EPLPQPYREPVL,2951.2844036697247
LEPYQWPALSG,8275.48623853211
HEYGDFWDV,10045.261467889908
LQFNLWAQEKA,4100.573394495413
WKKEFWVAG,4456.366972477064
EQLFVLALS,48800.01834862385
QEKVQVKAQAG,1016.6376146788991
HDHNANKDVS,921.0504587155963
EQSRPFNLG,2666.256880733945
SELPQKAG,1099.908256880734
YYKPGPASG,1926.633027522936
NPYYREHS,4275.1697247706425
RALNGYHGVA,3903.6926605504586
FSSEEPG,1155.408256880734
HRRNADAG,1667.6284403669724
EELNWLSG,3866.0137614678897
FVAGYVGRFYWH,22961.61467889908
FNKNKGRQKAG,920.756880733945
EHDGQEKRPHLP,1668.0504587155963
KPSWPNG,1617.0779816513761
FGNAPDVKDVA,1297.802752293578
WDHAQDWKHA,3334.802752293578
FDDQAENKHG,1359.967889908257
EWSFKPGEYDL,4810.564220183486
GKFQFKLG,4288.256880733945
WWNFQWVG,20648.0
AAFEWWDS,9288.20642201835
ESLGSQPALG,1429.4633027522937
LDYAQHDASG,1902.4128440366972
KFPVGANHLS,1975.366972477064
QWEEALWHDA,8633.885321100917
QQWNQHPLS,3716.830275229358
DEYKVDRWNH,2968.97247706422
QEKPPNDWHDS,1312.5871559633028
DPVPPSG,901.197247706422
GDFQYNALS,4147.935779816514
DLPVWNKHKG,1630.1284403669724
LFWKAADSG,2527.1009174311926
LNQVYKALG,4246.752293577982
HDLYGWHQHVA,6937.188073394495
KDEYPAPYWNKS,2701.5183486238534
GRLQLGDG,2782.3715596330276
EDSESFVKDV,1604.7018348623853
KRNALPAPYWKA,3499.770642201835
NQYSFPRHLG,7752.284403669725
NQSWNPALS,3176.183486238532
VRRWPHG,5311.54128440367
FKDYLQPFEWDL,13358.59633027523
RDRRRYASG,2259.422018348624
NYWNVSLQFWDG,28357.463302752294
HSHLYWQSG,7763.431192660551
ELDWPDSG,2570.330275229358
RKSEQNKHGWKL,1475.366972477064
PLYVGSFRPNL,18988.5
LYQDEYSG,3249.2201834862385
PWFHFNQYDG,17690.463302752294
EGVELSNHDVAL,1921.5412844036698
PKWNGFAFRY,19249.669724770643
KWPLWAG,7822.573394495413
SNDKDWVG,1677.591743119266
YNWAWDEWNV,12767.761467889908
WWGHRASG,6049.279816513761
RDGWSDGNHLG,4714.747706422018
GQNGVSPWKHG,2408.5183486238534
WHQKDAFKGRWA,4722.6697247706425
PHHQHVREKDL,1386.954128440367
NFQKHKASG,1475.559633027523
PVAGSRKLDSG,1225.5871559633028
PDQRRNHAHL,3071.9633027522937
EFYHWVSWHLS,20981.688073394496
PAHEVEYNKHAS,1493.7752293577983
SPWSVLEHVAS,4850.5
KVESGDALYHS,2015.3761467889908
GESPSKDALSG,916.0963302752293
VELSLNLS,6599.536697247707
LQSYHFVSG,9292.642201834862
LHPLKVSG,3131.743119266055
PVHSWVSFPDVG,8333.371559633028
KHVYYAGFEYK,9753.963302752294
YVHANHDFKHA,3099.5
LSSVNKG,1623.697247706422
QNLDALRVQFRK,7657.211009174312
HFDRRKSG,1801.4770642201836
ERDDFRKVSG,1283.0183486238532
HDQRPYRPDENH,2152.706422018349
GVYARHALS,5168.4908256880735
KFPQAGKVAG,1259.1146788990825
QNNALSGLRYL,11433.798165137614
GPFYFPDVAL,16588.344036697246
PWPGDLKHVAG,2813.197247706422
LSKPSPYWNHS,4087.4816513761466
FRNWHSFHLRK,7748.495412844037
EYRVAEHQRWKD,3062.738532110092
QGFNRRNVS,3570.408256880734
YNLAWHDVANS,5053.564220183486
GYADNDVL,2948.646788990826
YAWVRESQYWDV,14609.06880733945
ALWSVFEYNK,12824.871559633028
FEPPYDLHVLV,14326.761467889908
WNAPQDASFRNH,3945.830275229358
PKDKRYGWAS,2206.293577981651
WWQFGQNDVS,6880.233944954129
RQDDHSG,1112.1376146788991
YDHYQKAS,1733.591743119266
DFGNGNAS,1664.3532110091744
PGQGPYLSYSG,8642.348623853211
AERDYVG,2262.321100917431
NNRPYQLS,4914.522935779816
LWRWHPLSG,11982.79357798165
GWSDDVALG,4372.5504587155965
AVAQKQYVLG,3020.8715596330276
LREGYWLPNLS,11884.19266055046
PFRSGLNKG,2593.788990825688
EQGQYGRAG,1724.3256880733945
QYKRYAPWLFA,16688.045871559632
KDQYRWVDLSG,5168.334862385321
ALAAWLG,9879.298165137614
EHEGENKWNAS,1415.8440366972477
ASRFKHQHVLG,3432.564220183486
GPLYWQKVALG,7130.885321100917
AESRYQEPKHSG,1488.7431192660551
SQQVGRLG,2106.5091743119265
NLSYPYAGYNKG,4797.399082568807
FQFRAQPVPYN,8873.050458715596
PSPVKDSWND,1669.8302752293578
RVEQFDGYASG,5828.766055045871
KAHPNLNKAL,1528.802752293578
KHWDLEDSQHDS,1902.059633027523
ALDEVFNG,2485.5504587155965
DRPGYVFPYV,15776.504587155963
PLAFDGFAL,25751.422018348625
NFKVFWLPWK,20122.633027522937
YGQQLGQYV,5166.082568807339
WNSRVFYEKS,10561.5
AYYNPWLSG,10447.137614678899
QDWRDPNKHA,2164.6422018348626
NSVAKAQFWK,3214.5183486238534
PQVQSDSG,1033.1880733944954
RREWFYWLYHVL,17269.261467889908
QFLFNKWNLFYS,10903.142201834862
KPLKFPLG,1886.6834862385322
NPHFAPKDAG,1720.2339449541284
AEERDLG,941.4770642201835
APEKVQLSG,882.4678899082569
KFDKVYSG,2064.5
FNVLNKDRLSFE,4968.912844036698
LPVGAREPYDAS,2036.5963302752293
YEEYKRLSG,2876.353211009174
RFYVESPWL,27911.711009174312
WNGQRGHREPAL,4508.711009174312
WWRAQNHDVAG,5106.412844036698
GVQVRDVLG,2974.293577981651
HHVFERPWHDG,7696.775229357798
FAPYQLQEDAS,2072.362385321101
EAYEAENKDAG,976.1100917431193
NHRWNSQYLEYL,17376.30733944954
HAFKEGRYNHD,3135.201834862385
YKKEFHVSG,1561.7935779816514
AKWKNLG,1518.6238532110092
KNNSFDVLG,2230.146788990826
SALQWHFLSG,12310.711009174312
WHVSFRPSDSYS,6647.027522935779
YHVNSQDVRPKL,2639.7522935779816
FEGFSEKRWA,4552.600917431193
AVFDVPLSG,3960.0091743119265
VRFDFWVL,30402.197247706423
HDRKLNHQFWS,7803.160550458716
NLPAQFEVAWG,7530.133027522936
RPVSVFRVNDV,12101.857798165138
SGSGHAPYDV,2853.1100917431195
YNYHDGPGRPL,7137.977064220184
VPEPLNVALG,1837.467889908257
HRKKWHG,1722.5779816513761
VHEQPSG,1145.5045871559632
LFHLFSRNG,5425.724770642202
NGEAAQWNKHD,1835.7706422018348
KDNLGWHNVG,3349.9036697247707
HVSFVWNVARH,15514.169724770642
KAKFLYWNKG,2690.619266055046
LSHAVQWKDV,2919.4770642201834
PQSFHYVLSG,9948.93119266055
ALKWYNG,5099.798165137615
DQQEKQWSG,1289.6926605504586
FNWGKAFPHVLS,10046.385321100917
LRNVVFNDVAL,14281.729357798165
RPWAFENGLQRE,6117.077981651376
PNEEHDQPK,901.9816513761468
SPYKKHLRDAL,2398.1651376146788
EQESNRPWHA,3067.8256880733943
FESNEPAFRNKA,1668.3990825688074
WWEFALSG,18738.69266055046
EVWWGYKDVL,9415.211009174312
ASPDYLEPYNH,3310.3715596330276
YLWQNVRDSG,4287.587155963302
HSHRDNHAS,1614.8119266055046
GKYLGLSG,2684.2798165137615
NSESWKAFKG,2453.422018348624
RVVVPVSG,3061.4036697247707
AQGRPQVG,1401.6605504587155
QRVRHYNKDYWD,6906.568807339449
FGWVSVLHDVA,14961.977064220184
KVGLGYEWA,5908.119266055046
DLRVAFEAFDS,21120.522935779816
WRVVHLSG,11816.344036697248
NQPKGRQHVL,1968.0504587155963
LYNNPHVL,7069.495412844037
HASWARYAWKS,7428.40366972477
WNPKPHRPWK,4501.591743119266
APGARNVASG,1037.0550458715597
QRFPVRPYQKDG,3400.7477064220184
AQWRGFVSG,8011.527522935779
WHQAQHDVPYLS,8335.38990825688
WEFPWFVS,25106.128440366974
YEKYKGRPYNS,3266.5229357798166
NRHPFPYNKLS,5901.243119266055
YKRNENEKDSG,1001.7660550458716
FGGKVVSG,2156.922018348624
DRYFGENDV,3682.5137614678897
ALKKFPSG,1533.3532110091744
FVPQWNDSRWHS,8717.688073394496
DRVLNSQHVLS,3156.9908256880735
PGWAPLYWSG,19630.26605504587
DLSYWAHVLWK,12919.004587155963
FVWVNKFRPAG,7243.5504587155965
EVGNQHAFVAS,2914.9036697247707
GRHQYLYWHVAS,11964.302752293577
LGHVRWDKVAG,3838.6009174311926
WDSHAQPGEPHL,3837.5045871559632
SKRQEVAL,1166.2385321100917
DGVEEYLSG,2188.087155963303
KEFWENLG,3796.243119266055
QSGNWVSEYKD,3254.637614678899
HNVPHAHVAS,2266.9954128440368
NARYGPKHLEHD,2791.816513761468
HQAGWDFRYWVG,18725.633027522937
HYNGAGVLSG,2853.077981651376
PGALVSNDV,2048.564220183486
LENLRAQNSG,2336.9449541284403
ENRWEDSGENAG,1536.697247706422
NWNRDEWHDLS,5957.146788990825
FSNAAFPWNAG,6117.756880733945
FRFHVALELQFV,52046.779816513765
EQKVRSPWSG,2583.5963302752293
PLENLAWKHDV,4829.665137614679
NRFQALG,4787.463302752293
DADPRHLG,1697.4449541284403
QRSQLFRKYNDV,3863.059633027523
LPKFEAKVL,1956.073394495413
YKDEHLQRRWKH,3078.8669724770643
AGYYQHDAG,3581.97247706422
VYSANALG,2661.532110091743
GGRHFEYWSG,9112.362385321101
ELPVVFRYNDS,10430.577981651377
LFFQPLSG,5971.04128440367
KSQNKSEDPNVL,785.2935779816514
SPGPEDLG,1107.105504587156
YLDAEGHAG,1966.7018348623853
WQPGHSQFHA,5750.834862385321
HQNKGWNHGFV,6181.518348623853
DAYPAGHALG,2721.243119266055
PRSFHQNHDG,2669.3073394495414
WVQWSRAEKDLG,4359.183486238532
QRYVFWGPSKH,10257.95871559633
ESSLYNSG,1792.0550458715597
EDQYHLVAWKDL,5945.160550458716
LRLQGQENHS,1953.7522935779816
NLLFKVAND,7898.288990825688
NVHLGDSNDS,1746.8532110091744
DGQWFWNHYWDL,27485.229357798165
DWSRVQAL,5401.059633027523
RHQVVAPKDSG,1408.3165137614678
QPFWPDVFYNK,18543.238532110092
FRLYAFRSGFYG,24243.94495412844
KYWVQVLGELG,6990.642201834862
KRGNYDALG,2050.3715596330276
PPDLQDFYALS,4742.045871559633
KNWSKHG,1724.5642201834862
LNEEDVG,1078.3302752293578
ANGKLEPSG,882.545871559633
SWVQPFRHDS,7173.275229357798
ELLSELRVAG,3142.5825688073396
DSSFVSGYVAS,6558.059633027523
KAYYHSRYHL,6801.522935779816
WNNGEYLQPV,5808.233944954129
VPAPLVLSG,2638.5688073394494
YYHAGAYDS,4398.6100917431195
HVSVFPYALQDL,20246.715596330276
KNKNNHDVG,1112.394495412844
HRWDWQFWSG,19351.23394495413
ESKALEKQKLG,957.7981651376147
QVVVVSG,15553.825688073395
GPNQRGFDSG,1967.697247706422
YLRKYAQWHVL,10472.133027522936
WVHNPHG,5171.311926605505
VSWRGFPYNG,10423.169724770642
NYDGYPYKHVL,9136.252293577982
KFEDPGFEKDLG,1863.6788990825687
ELKQQPKLS,1360.3394495412845
EWLGFRFWDYW,31768.376146788993
NWPVANASG,3153.5963302752293
RYKFGEGNAG,1769.711009174312
DLLKGYVSG,2819.412844036697
RLRLPAYDSG,4688.4908256880735
HLKQNDVEPL,1342.651376146789
NPHVSRFWKVA,6162.454128440367
NGLKFRASG,3143.532110091743
DAEARDARWKV,2325.183486238532
YPHKENASG,1120.3990825688074
LEWDHGQKDL,2507.1422018348626
ESQKAWDQSG,1238.3577981651376
RLYDWFPVG,14348.495412844037
ALQDGEFPHVL,4298.357798165138
HFPEHVEKSG,1289.3853211009175
KGRPWSNDLFS,5708.4495412844035
VDQNSYLSG,2322.238532110092
QDSKADSFKSG,848.0688073394496
YGEFEDYWDAS,8345.408256880733
FHLFDLQSGEPN,3753.1330275229357
WVRLNVQPKD,5715.321100917431
NYSWSWDSG,7948.077981651376
QNGRDSYAPNK,1685.3532110091744
PWKERWKEYWH,7467.9908256880735
APEGYDVAG,1302.0275229357799
FELGGHPNLS,3637.1422018348626
FHWASPPVA,4573.577981651376
VQVNFWAG,10051.188073394496
NNQHAYAG,2384.3577981651374
DRHLKLEPYWD,9464.344036697248
NAVWLKHG,5456.688073394495
PHSDVENAQRY,2727.954128440367
NNFWFEPWN,17744.123853211007
QPREKARPLQWH,5686.321100917431
FFDNHLQRPNG,4199.353211009175
RLQNKPLQFHV,6299.0091743119265
YAEYHEDVSQK,1701.1467889908256
FLHLQDQWDV,8062.646788990825
HPKQSRWHDAS,1893.165137614679
HEAPWPYKDLS,5172.206422018348
LQHQRQRENKD,1219.8394495412845
QNNVAYLFENK,6504.743119266055
RFKYNWNDG,4580.045871559633
FYYYKQPYWKA,4104.738532110092
VDSFSKAG,1664.7431192660551
YGSKSPHALG,2606.201834862385
NRPYWQNVPDV,4651.678899082569
PWSSWHRKHS,5211.848623853211
PWWELGFYWH,39241.14220183486
RFLSYNRVAG,6939.821100917431
VVAFHNAG,3659.376146788991
GQVSDSNHLSG,1402.6880733944954
KHLKHLSWFPW,15231.366972477064
NSQGRKQYKHL,1887.5963302752293
EAGKEVGFEKH,860.4495412844037
VYDFHKHDASG,2406.412844036697
LYNASVEYKS,3424.532110091743
WEAKPWAS,6334.0091743119265
RPQKQRYLFDS,5692.981651376147
WHSSRPSWNVL,12355.839449541285
PPASYAPNHA,1814.967889908257
DGLYYHAG,6989.206422018348
FVYNEKDQEVG,1387.0779816513761
PENYHYWKVAL,9762.045871559632
RDQWHFDAKVS,4015.077981651376
SRSYSRWDLG,6707.697247706422
NPNYQFPWNAS,5227.8302752293575
PPLDPAG,1028.7522935779816
AVYGPSG,2780.270642201835
AESASPLS,1267.7844036697247
NDNAWHKDAG,1861.2155963302753
EDLELWGFKG,5016.940366972477
RERWVGRYVFPA,14321.51376146789
HEWEQEYNKHG,2670.587155963303
LQWYKDFRKAG,4342.45871559633
LRVVVASG,16761.830275229357
GDVQNQRPL,2016.651376146789
FDWVWKHRHAL,8621.536697247706
PYNNKGYLPKD,2975.0183486238534
KNKKRVLG,689.9036697247707
RSGSHDPYAL,3701.6100917431195
PDYNGFVYDG,10822.885321100917
QGFDWHEPYNH,7635.09633027523
DVGEEWANKD,1410.8073394495414
FHWRPQREND,3273.256880733945
QDSYFEHLQYS,8927.844036697248
GFYFKPHVALG,12379.279816513761
FLFRGRWHQKV,6605.743119266055
WSEKFPVLSRKL,7435.54128440367
QAFDKGFPWNDS,3698.5045871559632
AKDHPYSG,1623.967889908257
GLHAHLSG,3172.3899082568805
LVGWSNLG,7618.871559633028
EPQWKLVSEWAL,8990.940366972478
FQKVAVFPYNV,19150.394495412846
QAWRSREDVLS,3609.4036697247707
RDHPKYWASG,3619.4587155963304
KEFNGKLG,1249.954128440367
GHDNRPKD,1330.7752293577983
WGQVWVFALG,46934.81651376147
QEKLNHFNSQWS,4233.045871559633
LGVAKKSG,1135.5504587155963
DWPHFNSG,5298.729357798165
HPDDWKDVLS,1912.9724770642201
KEYFLPWAL,13689.394495412844
NFSLKHALG,4632.738532110092
AGFHQNVANSG,1828.073394495413
WNRRFKLG,5823.385321100917
FQVQLPYG,12340.69266055046
HKDAPLQFNDAG,1837.0963302752293
GKLNWSG,2981.1743119266057
KDLFWSESGEN,2233.922018348624
PFSHRKLSG,3126.5229357798166
HFHWQKALG,4877.6100917431195
YRHSWVAQWDAL,14067.385321100917
NRFFHDSG,5143.160550458716
QFEVEYWHELYK,16908.408256880735
QGPFKGFDAL,3152.922018348624
NNLKWKDVLS,2409.7522935779816
SVPAKLS,1345.619266055046
PYNGYNGYYNKL,8628.58256880734
DFEQWKHRYKSG,3203.669724770642
PSGYLGFVQFKL,36396.53211009174
NWVYKGFPNHAL,11633.54128440367
RPNHYDQKEWHL,4562.233944954129
AGGWYNALS,7125.481651376147
RLSGPLSLSRHS,4201.8899082568805
YHHPGNALS,3126.853211009174
RVSNRYHFYA,11057.633027522936
QKERKHLLG,1372.7935779816514
GFNVVPYWHVL,27875.26605504587
PAWRDRYWKHA,6114.857798165138
EALPLHVPSG,1848.059633027523
VEWKYVLFEWLS,30153.761467889908
HEYGWQFRKDV,5996.633027522936
GPNGHFHAL,4476.655963302752
PGQNYSGWKHS,3307.967889908257
RRAAFWLSG,8340.311926605504
ERHWGKDSG,1528.8623853211009
NRHLRSHDS,2549.1146788990827
DKLRPKYDAL,1979.408256880734
QGFKEKSFKS,1368.1697247706422
PNGKLRVVLSG,8335.238532110092
QVDNARYNH,2829.9954128440368
RQHNDLKHDSG,1213.3761467889908
ESNEDYWHVA,2448.0550458715597
FKNQPKRWSG,2692.02752293578
NGDLYKAFNHL,5418.165137614679
DEGVLKLS,3065.261467889908
AQQEGESG,776.1926605504588
RDYEDFREYWS,9109.518348623853
KHWYEWKHVSG,4422.073394495413
GDVLKRYKHAL,3045.733944954128
QVKHQWREVS,2512.0091743119265
LYWRVPWNKSG,6269.137614678899
RDAAQWKVAYDV,4932.238532110092
HDFYFPAGRYWL,20652.467889908257
WQSRDGQYSG,5514.256880733945
WREFQFNKA,7325.972477064221
VDANQDSG,1063.3256880733945
LKNDSNG,979.4311926605504
YSKKWNLSG,2510.077981651376
DKALKHNDVL,1202.454128440367
ANHYQHLG,3730.97247706422
WKVDREKWNDS,1813.1376146788991
DKWGYLSG,3620.0229357798166
HWDPPYAS,6872.178899082569
QEKLWGEYKPW,6026.866972477064
HEHEVQKDA,914.2889908256881
FWEEVQPYKD,6827.922018348624
KDFSRPPAG,1579.8577981651376
NVQGLFPYKA,5440.197247706422
LKAEGRLG,1821.5963302752293
HGSNLEHG,1878.9036697247707
WENVSVGFRAL,24093.435779816515
QVVQDSWHVAG,2984.637614678899
HLNHSFGFRAS,8424.944954128441
VAASEKVFWH,4699.174311926606
QEAPREHDWVS,1921.7431192660551
NFAYGKVL,6093.504587155963
YHYGVYDLS,7151.027522935779
WFDKRVASG,3752.3119266055046
WASALPNQFYV,24412.57339449541
AQEYFENVQKAL,3260.577981651376
RFREYKNGRKHD,1676.954128440367
RWHEGPNVSEKH,2452.591743119266
NDHVWNQALSG,2945.7155963302753
FKYKWKRYKDV,1894.908256880734
LQRSAEPYWHL,10453.330275229358
GKFNQYLS,3761.7477064220184
YKFHFRWHAGEP,4876.738532110092
APLPDPHLG,1570.9816513761468
YRHWYSG,8414.261467889908
VDGQFNEPVSG,1917.7522935779816
HLEGESQRVS,1693.0642201834862
YRGRFHSG,4915.165137614679
SYFWEPYALS,14715.871559633028
SPQRGWSG,2751.8256880733943
GQVFSPYHLSG,9104.894495412844
QSNWYVASG,5530.114678899083
SFLLRAL,12901.98623853211
WGLLPVG,10848.477064220184
EQPWPVASGV,2168.862385321101
SPRLRVASG,2318.8394495412845
DSAKWAG,1318.9128440366972
QVSGNGFNHQRS,2657.912844036697
YWQGVSNKA,2730.440366972477
KHLFFNAQYWH,14513.371559633028
HSHLLFVSG,20625.33486238532
VQHRLEPWDG,5711.0091743119265
LRVWRHSG,5819.573394495413
NGFEPVLFRNDR,10784.045871559632
AALNELG,1586.4908256880733
KEDVSRLPWNL,4896.243119266055
NLFQDARYDVS,6294.073394495413
AGQAKARPVAL,1701.908256880734
EANYYKDAS,1447.1880733944954
YGEWWNLGQNDV,5986.6697247706425
DLSPPYHPNVLS,3491.619266055046
GNKLQLRWVS,7887.926605504587
GFVRVAKALS,8448.229357798165
KWDQWLHDALG,6662.839449541284
QEFWLFHANHVA,11076.97247706422
PRYSSFKLSG,5786.495412844037
DAYDQVLDL,4423.399082568807
NSQAHAFRYNL,7889.059633027523
LHVWHHSG,5755.651376146789
EDEEWKHEWL,2973.197247706422
HPRYNDKG,1411.0229357798164
VVLRYWPKDA,8458.366972477064
KHNFAGVLS,3168.559633027523
LVFRYVQLSG,29690.48623853211
APFVGVSG,2362.8348623853212
QPALLHDVAKDL,2909.077981651376
YKNVEWREHG,2868.408256880734
FEADHDAEPNHL,2068.683486238532
WEPDAYARPKLS,5015.633027522936
LYGYQSG,3602.9908256880735
YDYYPNLG,4474.431192660551
GYANARWHV,8867.669724770642
NNDWNKFEPKVL,2945.3119266055046
QFLDPYFRYKDS,5338.724770642202
YFWWKDQPWALS,12828.90366972477
RQPGPLEWNL,4338.871559633028
NWAHPNALS,4419.440366972477
YDYASPKFWDS,5150.738532110092
AGHQSYHALS,3072.6880733944954
HFNQAENAG,1618.0366972477063
YWVFNHRLFRS,12982.95871559633
LHHDNVG,2340.059633027523
VPSWAPDVLG,3756.6651376146788
EWYWDEPKALFW,25765.288990825688
QNGLVPWNVS,5077.880733944954
QVAEHDVYVSFA,37208.807339449544
HDLVDVQWNKAG,2838.2844036697247
PKNWEPALG,2632.0183486238534
QLLVDLSG,9635.862385321101
FFYHSALHG,4722.01376146789
NPDRVRKVLG,1956.0
RSHLAGQNHDA,1755.0688073394494
DNYSQPKVG,1383.7018348623853
HAWENKELG,1648.3577981651376
WNFKSDAGALG,2759.0091743119265
PQNNKYNKHDVL,1679.3302752293578
YDFGEPFYDLG,10083.69266055046
SREAVLEAL,3082.4862385321103
YRDFAQWLG,10967.275229357798
SSWNFAS,5615.183486238532
GVQVLWG,12715.325688073395
PSYVLGHSENDA,2608.9862385321103
DAYDHSFEYNS,4760.298165137615
YHGQGYNHQWD,7626.380733944954
WQFQFSQEPYVS,18355.0871559633
QFRFNVSQVSEW,11164.88990825688
DHSHVQNALSG,1832.3256880733945
RGNHFRWPWHLS,15253.733944954129
AFLLRDG,10144.761467889908
FWLRLGQDFKV,10055.348623853211
AEQYNPHAG,2479.6605504587155
ENRLHVLYV,29292.123853211007
KDLRYQWPHDV,6131.733944954129
VYSYQNG,3403.3119266055046
DWDNSPDG,2866.6100917431195
VLRDYLSWAL,12098.91743119266
GPDKKALSG,715.954128440367
AYKSPFRNLG,4000.802752293578
DNLHRHLG,3299.119266055046
HFEASRWGEDG,4103.224770642202
NSAKKDVAS,671.5550458715596
HKHVHFENHS,2390.5045871559632
ADYHNASG,1543.7752293577983
PFGSDVSG,2353.3440366972477
YWRQLRPWHSG,10855.56880733945
AQFLQYNVAQKH,4840.256880733945
HVSYLSQYDSYW,19163.839449541283
LYFNEHLSG,5684.3302752293575
ELNNAFHDAL,3829.935779816514
GREHWVAYWKS,9205.775229357798
PLWPLWHDVL,27373.270642201835
YQEVPNEYKAL,3520.701834862385
FSKEVPWNKV,2326.201834862385
KWDVAQHDEHV,1765.8623853211009
NNPKRVG,1410.5550458715597
VEKQDGQRPDG,1140.0963302752293
YQNLPLEAS,2505.4954128440368
VRAFRAPYWSG,12526.963302752294
FHGEPRGFYW,18954.41743119266
YVRRAGREYHDV,4824.325688073394
QLRWARGYNS,7207.284403669725
EDRHQVQREND,1184.5550458715597
ARKYPNAG,1409.073394495413
PDNNEYVALSG,3062.738532110092
DQEKWLGQNG,1744.6238532110092
QPRWLEPFEHD,7819.752293577982
QFVRPKSNHAFL,5313.022935779816
VFQGYDVLG,6221.40366972477
FRFDAFNGRPHV,8755.0
GVAHSVALSG,2359.894495412844
NEPAHAQWKHVG,2239.8669724770643
QWAKVAGPSPW,8119.064220183486
SFKHWLWNS,8569.252293577982
NVLSLENKDR,1820.7522935779816
YNPERPHDALG,2158.4633027522937
GPNSAFYWKHSG,3777.123853211009
WDDLQHALVAS,7183.559633027523
YSGKWALFYA,16913.97247706422
NFGDQFG,4694.683486238532
NQGKDDLG,908.302752293578
WEGNSPSG,2746.697247706422
KRVQLFAG,3887.862385321101
KVSDWAPYWL,15250.532110091743
LNHDPNGYWS,8497.866972477064
QLWADRWVL,20515.408256880735
YQQDVESG,1205.7064220183486
EHGKFENEDLG,1077.380733944954
AVGKENLS,973.743119266055
HRNWSQWHDAG,5822.032110091744
LENAPNLFNV,6748.142201834862
SYLQQFLSG,6755.899082568807
WVEQQNHDA,3075.3348623853212
RFFPSKSG,3736.045871559633
YDQRWHSFEHAS,5232.155963302752
HGSWKYDAS,2910.233944954128
VADYPASG,1698.7201834862385
HDDWAQEPWDS,4568.811926605505
YKSWYWKHYHVS,7112.431192660551
QSDSDLNKDVG,961.9495412844037
KPDHRVLG,1228.1834862385322
DYRHEYSG,3326.5366972477063
ESELSFHDPNDV,2111.6422018348626
AAEYWNDHLS,4010.440366972477
PHHSKDVLDLG,1711.7339449541284
VHPNFREYALS,8386.481651376147
PDGEFYAFVLS,41605.74311926605
SVLPWEYG,11461.58256880734
HDLAVQEKG,1110.3577981651376
SRAEYVGQYHL,7304.917431192661
SSQAGFSG,2397.5183486238534
QRLPPYSGKDV,2157.0963302752293
KSDAFAYKA,1958.908256880734
QLRYNEVGYWLS,19522.922018348625
SEQPVFLSG,8086.09633027523
WVHNAGSG,3116.8440366972477
SWQEWYLSG,13118.380733944954
RYKWHLDAGVLS,7041.275229357798
FFWQKRWNKLG,5453.252293577982
YLWHFEGNKHDL,6694.802752293578
GYNSHEWVALS,6948.275229357798
HERHSQKALS,1585.8165137614678
DQYWSKDQWAS,4645.633027522936
QPNQHLEAGQA,1248.51376146789
PNLAQFYAPDS,6211.004587155963
WWVQQDALSG,5881.036697247707
NVWSWNNHDVS,6009.307339449541
WYLGWVWHD,18488.52752293578
KHRRVGKVLSG,1282.0779816513761
AHFEWWG,11483.940366972478
AEQFSYLS,8213.20642201835
YWVHNKGWSG,6559.605504587156
ALHSDLRWS,6861.04128440367
GPQQDSG,1032.6146788990825
VQWHYASNAS,4909.022935779816
QDGSDEYKHAL,1563.4954128440368
FLSSQFNLYVS,23647.954128440368
KVYSYNHGQRPN,3778.454128440367
SHLVQLG,3781.5137614678897
VFARVAHLS,8607.724770642202
NAEWVPSWNHSG,5765.839449541284
AQLPASHLS,1978.119266055046
YRVAFAQNDLG,6655.766055045871
ERFDQYG,3603.1100917431195
WDHNDGREAG,2133.706422018349
FYPKASVRYKAG,3170.908256880734
FVQQPSYWLS,14154.444954128441
KSNRWSQPHLS,3482.4495412844035
WYDPFDLG,14867.288990825688
YSESSRPNKA,1941.2798165137615
FVHYFRKLSG,5894.366972477064
LNEASWG,3226.3715596330276
WNEFEPLPAS,5368.54128440367
ENNHAYDRVA,2221.9954128440368
KEAKQPSG,943.3073394495412
KDGVFYNDGQEV,2599.256880733945
LGRGLPYNS,4959.871559633028
YKGHWLPWNHG,7674.48623853211
FKNRQNKVAG,1188.334862385321
YLLHNKSG,2706.8990825688074
PPYYGEKLSG,2430.623853211009
PHDDAHWNKAL,2399.8899082568805
QNLLASGFES,3185.7522935779816
HDGPSGRYKPYS,3720.706422018349
DAKKYKDVAS,724.3807339449542
KNKHYGFELSG,2360.5
DGWYAYDVS,12528.839449541285
YGNDVADPKV,1306.9816513761468
SHGVAYALSG,5314.243119266055
QLYHWDFPWDA,20238.52752293578
RYHKPYLQFWNK,7519.5
KRKDWLPYHDA,3320.3256880733943
EFQRFALSG,7597.568807339449
PKGENLNDLWNK,1984.1880733944954
KDSESEGQDS,648.8073394495412
GEYGAQWHDAS,3880.1926605504586
KVVQEPGREPA,953.7293577981651
KAFVWHSPHVAS,5321.417431192661
QKPKNVFWNHA,2453.229357798165
KSLWKYDLSG,3120.9908256880735
YSYSNHQRYHD,5990.752293577982
QHHDFNASWAG,5259.233944954129
FHGWHPDSVG,4827.651376146789
GQHWAQEYHAL,6286.660550458716
LQFWDWAFYWHL,25679.211009174312
RHRKWKLPKDLS,1435.2752293577983
FPALRDSHVSPW,13086.857798165138
HKSFRDKHVL,2267.1559633027523
YYHRLPVS,5784.243119266055
NHFWRWVLHD,20082.018348623853
FRDYRWDPWND,14546.665137614678
AYERWLG,5992.995412844037
GDEVDSG,844.0871559633027
KLSSHLGNS,1732.2614678899083
LVRDEHVLG,2722.3577981651374
YPWVLPNWASG,11500.80733944954
HYNYKQNDVA,1815.7660550458716
DFAYRWLSG,10439.798165137614
NSQHELFEDSG,1761.665137614679
SRYVRGNKDA,1724.045871559633
RSHAYSRYG,5133.045871559633
HNGVFAG,3891.2752293577983
AHVSRVPNVLG,2939.798165137615
KLYLPHSNDA,3086.9587155963304
RPPRGEPWDS,2792.105504587156
VGGQHQKHDSG,1171.5825688073394
WKQEQWKREWHL,7121.155963302752
PASGNRKFYWH,6866.775229357798
VVLAKDLSG,2639.3990825688074
PEANPVG,1556.7798165137615
LYGKVNLG,3652.559633027523
VYVVLFDVL,38607.99082568807
KYSNRVASG,2090.197247706422
LWNWYHSG,10182.922018348623
RSYHSPSKHAL,3016.743119266055
LEWDGQVHVSG,4670.788990825688
YLPKYHVLNK,3710.47247706422
EWHKFYVASEG,6481.532110091744
ADQPHWSG,3575.211009174312
YVWRKFRPKHL,6062.243119266055
EFLWKQVALG,6684.334862385321
GDQPYAYLSG,7032.311926605505
YNNKHSHDAGFR,3973.706422018349
YWDSEVAVAGFH,12816.779816513761
FKHNQALFVG,7749.844036697248
RQLHQYAG,3579.321100917431
VDNKGYG,1526.0504587155963
NEFARPG,3243.4954128440368
QPAFFEHDGFK,8118.454128440367
KQLLDLSG,1809.7477064220184
FLRSFLSHA,7377.137614678899
LFYKKVALAS,6090.192660550459
WVNSSEYS,4936.518348623853
LFYEPYKHSGFW,12804.463302752294
YYVAHYSG,5138.178899082569
SNQQEDVS,1001.559633027523
DLHVYKSEHS,2401.045871559633
HQRLWFYNG,14096.577981651377
WFVGHFRYNH,11657.683486238531
HLLYFNALG,17357.75229357798
VRWKSESWDVAG,2849.954128440367
PHHEDPYKD,1572.4449541284403
HFNQHVRWNV,8539.449541284404
VQQSELG,1226.9587155963302
KNFRVQNALSG,2524.651376146789
ESRYVVAYWKA,18674.04128440367
NHYFVLFRNKVL,19359.357798165136
PNNRQEPYNKA,1751.0183486238532
PRWRDFYNK,5206.399082568807
PRAAGNAS,1223.1467889908256
WVSPNSDSQEY,2298.064220183486
PRDNDWNKHAS,1869.0688073394494
YASQGPKVWKS,2775.6284403669724
PHNYHAQFYW,18485.42660550459
NKASRYGEKYN,2047.059633027523
LFKGGEHLS,1960.119266055046
DFYYKDSEPVAG,2346.1146788990827
DPLVEHG,1181.3302752293578
FRGLKHVENHV,2841.853211009174
AKYNELS,1220.2293577981652
YSFPQGKHVG,2133.3394495412845
GNNDKVALG,1093.032110091743
EKAVPHDQYKD,1049.0
RKAYQRAFEPDA,1960.0688073394494
PQPKWHVGDVA,1942.4220183486239
KQAPKPNVA,821.4220183486239
RLFYRPKLEPWD,12212.11009174312
EAVENDGREYKG,1141.032110091743
QVWGHQFRNL,9713.871559633028
EWVELFPHVSYW,35714.28440366973
DNRESNG,1171.8532110091744
KPHALPSQWNVL,4305.325688073394
FRQVREGEWNS,3066.0733944954127
LGVKLNASG,2114.1559633027523
ENYSSEPWHVLG,4819.642201834862
AKSNSHG,1041.4587155963302
QDAFPKLPASY,2806.077981651376
VWHKGQNKDA,1347.073394495413
QGASVSRHDG,1631.0779816513761
FNKDGNLEDLP,1465.8119266055046
VQSGEHLFKL,3771.0733944954127
FWALEGHEHAS,4497.206422018348
VREKGLREWKS,1627.8256880733945
FAPNPNASNH,2860.2247706422017
PWKGSPSGNVL,3048.0733944954127
QARVKAQPYDL,3285.238532110092
AGFKKHDFNL,3173.266055045872
EKQWHLNHFRD,6125.692660550459
HENNDPHG,1643.01376146789
YHFEKEKENHV,1349.3715596330276
EQAYAFREKS,1555.7431192660551
VRFFPASG,6646.302752293578
QKYPHASDVAG,1385.1743119266055
EHYRPVQREVA,1767.559633027523
QVEHLKAEPVAS,1235.7798165137615
VHDQGREHVG,1514.2981651376147
DEQKPKAL,781.4266055045872
QLGQFNKDPPWN,3473.7844036697247
FPQPLHVQRS,3887.8853211009173
LEGVDLG,2597.9311926605506
WHQYLHDENKAS,2786.9311926605506
YRPAPSEVASG,1231.3256880733945
RYWFDSFNQRK,6032.454128440367
APREQFEDLS,1318.5504587155963
NRVQPYPHDAG,3389.087155963303
EDHNFDAG,1850.5642201834862
LPWVSALGFYHG,23278.01376146789
DEHRFDVASG,2530.3440366972477
HRPYQDGFPYKA,5827.963302752293
HSYPQFRPYA,9281.422018348623
WASSQWWDVA,12810.151376146789
PRQWVPAG,3302.422018348624
EAAWVQHG,2576.880733944954
RDWVWSFWKH,12709.261467889908
DRSDYKLSG,1333.9908256880733
KSLPQEYG,1527.9954128440368
PHAYGKAPYDVL,5362.674311926606
HVYKHKQRYKD,1434.7431192660551
KESHGNSG,976.4036697247707
YAGDNVEDG,1516.2568807339449
NRHAGGVLG,2437.146788990826
NVNVFKHEYWHD,9803.247706422018
RGSKFELSG,1662.5275229357799
DQVKPWLSG,2487.137614678899
AQPQARPNHVS,1314.0688073394494
PQGYVKSG,2173.8577981651374
NSVFVGWHL,20675.01376146789
YLQVHVLYDSG,27636.32110091743
RGYKDYVFEKL,4582.981651376147
HKHDYDAWDLS,4325.821100917431
FQFSRASNG,3736.8669724770643
NQHDDSYKHLG,2024.9770642201836
QHDELEWRYNHA,5466.082568807339
EDQLNKAFPWN,3172.738532110092
WGFVDAQWDG,14360.977064220184
YFPAHLRWLG,14777.908256880733
DGVPHSREWNV,3138.9908256880735
YHNGKHYHS,2620.559633027523
PVFHALYEHDVA,9000.449541284404
SGEALNDGQPYG,3621.3990825688074
LQESSQPYWNHL,8931.40366972477
RFAQDFWDVL,15069.784403669724
QDFGASFEWLS,10276.54128440367
KKKFHSG,780.6926605504588
DRANPNKVA,1108.6100917431193
VQYGSFPYN,9126.142201834862
RPFAHEYHDA,5433.197247706422
QFPGDSQWHEH,4249.619266055046
QNGANGEPKL,1062.5504587155963
LQQAWALG,5636.146788990825
NKADDFDALS,1268.9770642201836
HLSNPYKDYKG,2388.7798165137615
NRRHDFASG,3340.091743119266
SKQNYKVLG,1725.2614678899083
RYAVRNDGVS,3335.5229357798166
HAAYFVASG,11386.674311926605
SWDYKQWKA,3608.6422018348626
WSEAKDGYNLG,4320.9908256880735
PFAEPKGYWV,9327.922018348623
WDLHFDVRLG,22588.366972477063
QGQKFVSVLS,7295.05504587156
YPLFVPLG,14052.04128440367
GRDKVEHDV,998.2064220183486
YHRVHVENVL,5573.160550458716
QQLPLGEDG,1277.5275229357799
HVVKQASG,1434.4770642201836
QYHDFPKVFVRP,12219.784403669724
FSNENDRPYS,3415.169724770642
WQPERHDVLS,3133.330275229358
NNHAGNFPYWAL,17235.72018348624
QEAFSFYKYLG,16372.963302752294
YHPSYNLYS,9878.19266055046
VGYQPHDGHV,3641.5229357798166
HHFDEWKHSG,2882.4174311926604
PGVQEGWSG,2244.0688073394494
VNDPVANS,957.9724770642201
HHFADLG,4115.4908256880735
AGFERPNKAFVS,5529.788990825688
YVWEVSEYWNHA,12343.816513761469
WQHSKDYKASG,1925.6743119266055
YRFANVG,5329.344036697248
PWNPPWKANKG,2760.7522935779816
QNVQALEHRYNL,5124.90366972477
YEVFRQKVAG,3494.077981651376
YRDNNVLG,3117.577981651376
GVARKLNASG,1560.0550458715597
EWVKEPHWNKVG,2649.0504587155965
YHQDKHSPALS,1631.6834862385322
QENNWGQEKHS,1316.4311926605506
KVHGEVPDG,1072.4908256880733
QGDRWFWNLSG,9726.004587155963
KRKYDSYKHDS,959.1238532110092
EQDKNKVAG,564.5688073394496
WKQFAQKPYVA,4947.51376146789
SPWFKQFRNKS,3971.5733944954127
LWYWQDSG,7575.917431192661
DEEYENHDVAG,1403.7293577981652
EARRAGEPNA,1106.2293577981652
QLELAPNDVL,3802.467889908257
ALVLQDVWV,21755.56880733945
FRLVNHSEPD,3312.9495412844035
NYPNHWG,7184.380733944954
QVLEWFHVLNA,27413.42660550459
AFKPPVASG,1920.6284403669724
FQVSQNKRHV,2603.1926605504586
WELYEYLSG,10148.022935779816
HGPSPAGDS,1404.8761467889908
DVFLALFPYNHV,33849.91743119266
YEWFSEWKHDV,8311.977064220184
YGVWDPWHDLG,14997.532110091743
SEYNKANDWNL,3475.201834862385
KYDVQDEYDLG,2029.0688073394494
ANPHKSG,1064.1284403669724
KFAPQYAS,3303.238532110092
LPHHNLSG,2284.47247706422
QHLKWAQEDS,1717.954128440367
EGGFLFRYDVLG,32350.82110091743
EGPFLRHDAL,4036.7844036697247
FLNFPVRVS,11350.334862385322
WSNGHAQFHA,6730.885321100917
DAWPLFNHD,9298.38990825688
WHSQYKQALPYN,6457.201834862385
ALVLAGYWNA,20290.169724770643
FASLSYDRWHV,11799.866972477064
FGPWNYSQNAS,4953.967889908256
LGVDQPNVAG,2040.532110091743
HKRFKAG,1092.5779816513761
EWHSVLRGYNH,8355.52752293578
PWLSLFELFWNL,25711.995412844037
SWQDLYG,8103.729357798165
KDAVKDLFWKH,2446.1009174311926
FQYWVLKAPWS,24669.22018348624
PHENFRPWRPWD,18424.146788990827
HNQPKFAS,2494.0183486238534
ERHHVEKLS,1167.2706422018348
YQWRNGPNK,2888.394495412844
FWSAEVSRHDLG,5788.334862385321
SYGYFVSG,9233.949541284404
AGPLQLQVAG,2244.0091743119265
EHQFQFAFVSG,43486.077981651375
DYAHWNAG,3556.376146788991
DVSEPSFQRYS,3362.683486238532
KVPERWNKHDA,1194.3302752293578
LSYFFYWNDV,18358.467889908257
NRNAENEYSG,1775.7660550458716
QVLKPHQRENS,1262.967889908257
WKPSGYENKA,1793.9174311926606
DRYVHQRPYLG,8955.440366972478
QEGQKEPYWHRK,2061.298165137615
PNFESWHFVAG,14777.155963302752
DWNEQPVLSG,2850.178899082569
PWNWKHVSRAKH,3334.422018348624
EGVGGEASG,916.7935779816514
AWQWKWLSG,9599.811926605504
YVRELAGYVLG,18320.80733944954
KHAEVAPVGYH,3066.266055045872
WFDVAHRYKHA,6142.678899082569
KALDYWVSQEYK,3767.229357798165
NLGWAFYHGKLG,11719.19266055046
NDRPYAHSNVS,2646.967889908257
NFASSYDVL,7112.298165137615
RKEVQDLKDL,1112.1284403669724
DWDYENASG,3065.532110091743
PARDHLYKDV,2493.0733944954127
AWPKPHDL,3700.5688073394494
SYEAEYLG,3525.146788990826
KSGSGQQRVA,987.1146788990826
PEDKVRNKSG,747.9128440366973
EDWWNGFEKS,3442.669724770642
GFWVNGEVSG,3977.8119266055046
PDRDPDQPNV,1178.165137614679
KGAYGEPYD,2489.587155963303
DWGWSNSG,5264.068807339449
HGPRRYDVALG,4193.633027522936
LEPHVKHQFEL,3048.97247706422
QDSGWHQWSGEP,3578.1926605504586
GRHSDEYNKDL,1687.3577981651376
LDFYFKG,4952.660550458716
SLRVQEG,1816.0642201834862
GYLADALS,4667.536697247707
DLERKAFENHD,1838.7385321100917
FFDQVWASG,6851.45871559633
YEDNHRHG,3043.912844036697
PHEEVLQEL,1614.1100917431193
RQFFYWPKLG,13976.20642201835
YGHFPREAL,5886.972477064221
RQKVYAFNL,9728.724770642202
LYNYLYHVASG,5057.770642201835
AFHWLSASG,7093.339449541284
EPQYQPLPDSG,1670.0
GQLEKVESG,847.6192660550458
WWHLPLNHDV,11523.137614678899
LEQSPVALG,2646.697247706422
WHLPAGLRYNAG,8257.990825688074
KNDLVEWNHS,1955.0550458715597
NALPNAQHVYKD,2411.711009174312
PNSDKEYWDS,1759.8899082568807
VNANPAG,1660.3577981651376
RPPFFWNDAG,8221.146788990825
GASYDKSG,1081.605504587156
FGVPEKSG,1241.2568807339449
GWAEPYHEYN,7630.422018348624
YSWQPHEKVL,3996.1146788990827
DFGRRKG,1706.1788990825687
RKHNKREGPH,993.7155963302753
FERAYVWHDV,11564.394495412844
PVFKFRPVGAS,5241.325688073394
VLALEAHDAG,2803.559633027523
AQNRLFPYL,11946.064220183487
GNSLQKHDVL,1740.6467889908256
DAFNPDAHDVL,3257.6651376146788
VPVFYRDLG,13883.573394495414
YYSKEDSG,1409.5688073394494
GFRPQRADLG,2245.7844036697247
HYKYWKVLSEKH,3082.816513761468
NQYWANGQNKA,2400.0366972477063
EEHPARENKASG,958.7522935779816
PGPLHYWNKDLG,3669.0137614678897
FGKKHAEYKL,1845.6697247706422
VAHDYKGYDV,2634.1651376146788
HWVEWGVAG,7363.178899082569
SNDSFYNYNKA,2915.9036697247707
RNAVEKAWKDA,1326.4311926605506
QSYDDLSPNDVA,1712.9770642201836
VQRNDSRAGWND,3020.0825688073396
QSWDVQPPNKS,1615.7339449541284
YYWSKQDLG,3172.183486238532
VSWLWHPNKV,8281.142201834862
YQSVNKHDAS,1402.3440366972477
LQHLKHRDAS,2001.573394495413
YAKPQEDSG,889.1376146788991
YGFSPVAPNDAG,3172.651376146789
RSWVDYKHAS,3826.146788990826
YKAYDSYHSWDA,6778.224770642202
GNKDNRWHDA,2254.798165137615
EDYAAFWNL,8124.568807339449
RKLPSGLQHLS,2184.6009174311926
PDFFPHGPHD,5184.848623853211
QKFRNEHSRG,1689.1926605504586
EHLVEPHRYHD,4328.614678899083
WRPPLFWNK,11089.19266055046
YFEKHFEDVSFR,9033.79357798165
RPDFASPNALGW,10454.256880733945
AQRKSRYHFEPH,3138.6651376146788
VVKDHVG,1309.091743119266
QFKGDLEDSYK,1485.8256880733945
AYRFVSG,7433.866972477064
FKVLGLSKVGKA,3645.454128440367
PSRGVFWLSG,12548.816513761469
AYRPVYG,6536.270642201835
DKDSPYWFKVL,8077.678899082569
QHWNKNKAPKHS,1258.4495412844037
DLLGDVPYWN,7789.940366972477
GFGANHSG,2669.8394495412845
NPSHRPAG,1407.2247706422017
PRHDPYRKD,2314.6100917431195
RPGGNHPYWKD,5001.738532110092
HLPKLENDPN,1124.1146788990825
PQGEYQKG,1158.48623853211
NRWEYLQRWK,8435.908256880733
LALSEWWLS,17556.839449541283
VHEANVS,1283.9724770642201
SRSNDQRG,1517.2568807339449
YGYEEKAG,1496.802752293578
FNYDNVPYKHVS,4965.821100917431
WKAELKQPYK,2564.5412844036696
VDYAVLSG,3033.564220183486
LGLENEHSG,1490.9954128440368
KLQKARDFDVL,2259.9495412844035
DHPAVASG,1199.366972477064
NVYNHRYYKDV,6214.711009174312
YPWAPGQFND,7892.431192660551
YDHYHSRDA,3026.3440366972477
KPHNPHAS,1330.3715596330276
SAGKLVG,1529.0825688073394
RQERNEKHAL,1196.5366972477063
QRDAESQHQEDL,1178.591743119266
AQPYAQLYWNS,8512.183486238531
NEFELNDAL,3886.435779816514
RYAHLNYKVAG,4407.105504587156
HQSRQVLS,2476.3256880733943
DFSVWNSG,4019.646788990826
PQYNVRHFYAG,12169.95871559633
PNHDHRYWDNH,6023.926605504587
QGDEQPSG,894.5091743119266
PAFRANDLVL,7029.963302752293
NPAYSWNDVG,3050.9633027522937
WLWDVDQEWG,9383.504587155963
DNHYHPWA,7557.568807339449
SGEVLAPHALG,4304.431192660551
AKHPAKAS,915.5504587155963
NWRGHALG,5812.032110091744
KYHGYRDLG,3869.211009174312
VSSVLKLSG,3592.7201834862385
DRGLVALS,4109.743119266055
GRSQYRVALS,6477.646788990825
HSAQPDPLG,1494.559633027523
NFPSQVWVAG,5539.545871559633
VHLDNKS,1369.5779816513761
NEAFSNVAG,2292.1330275229357
WQDHNSG,2527.9587155963304
HEHHEYLG,3445.922018348624
SGFVPQEYVLSG,7584.284403669725
EDANNHDLWAS,2886.211009174312
PDEAHAGFNLSG,2714.52752293578
HALSFKGPVRWA,10282.5
NKAKLQHPHSG,1411.408256880734
RDNEHLRENDVG,1564.7568807339449
GAPWNFG,8154.935779816514
QHLEQKLSQV,1917.8623853211009
KDEWPWDGPLG,8056.256880733945
YPFQVLG,7342.068807339449
WRKALVQPYN,7552.917431192661
NQHAWAGQVS,3045.862385321101
YNYKLGNLEPAS,2350.7155963302753
LSYLNSQVLG,5313.51376146789
AKQQNSG,815.454128440367
WKKNSFLSG,2824.7844036697247
SYGFSYLSG,8167.752293577982
PLNGHNKDAS,1283.9954128440368
QRWQQPVWDL,15225.674311926605
ELAFKPYKLG,4304.692660550459
RQRRNRNVAS,1291.2018348623853
RKEFFWHDVG,5185.908256880734
YHGYFEQPHAS,4976.032110091744
ELSSEKVQYKH,1270.834862385321
VEEHGRLS,1957.5871559633028
WQPDEAYKSG,2024.4220183486239
QPNGDGFVKVAL,12039.06880733945
GRAHRPSG,2009.9954128440368
YASYSYNVWH,11720.862385321101
WEWENLAG,8531.58256880734
VWPYVVSG,12465.073394495414
SWQNEYASG,3758.876146788991
QWNYWYWQFWA,18523.07339449541
HDDSFKHRKAG,1464.348623853211
RDQRQRFRWDAL,8077.270642201835
EENAVQFWHG,5361.788990825688
KVNFQENHAL,2517.5366972477063
QDADFYSNDAG,2516.4587155963304
EFHSDLFWLSG,11286.61009174312
VQQFVFWHDS,20125.876146788993
YVPKHFYAPHDA,5702.1100917431195
RYAQHLKQWHDA,4251.633027522936
KAKWHGWNHAL,4774.720183486239
PQPWVRKDPKL,2156.5091743119265
ARNQFSNLG,3673.376146788991
HARVAQPAWVAG,4802.3899082568805
RQWPWGRYWAS,16000.857798165138
HFKYEKVAG,2128.6605504587155
PVGPLFYLQKAG,14650.40366972477
KYVNQRAG,1806.197247706422
EAYHVAYWDAGP,9937.018348623853
LPQLFKHV,5491.697247706422
NPWVYYVLG,41729.3256880734
DAVWNSFYK,8314.885321100917
YPKAPDQYNAL,2189.3853211009173
FLDGAGPYNL,8021.885321100917
GEDHDPKSG,905.2339449541284
NLFDHVGKHDLS,3749.376146788991
NLWQREYRKALS,5542.926605504587
RYQRSQNLKVL,3957.7522935779816
LVQHKSG,1701.0871559633028
HAGQPGPAQYWN,3881.5137614678897
RGNDGYGASG,2384.0229357798166
DDSPPWVALG,4439.784403669725
WGFKRNPNVSG,4033.729357798165
FSKFDVQRPKV,2660.8715596330276
SRDDLYDS,2506.4311926605506
HVGASNRKDA,1172.802752293578
RRHEPQRNVL,2414.0412844036696
VRFERYSG,6032.325688073394
EPPGSQRKHDA,884.0229357798165
HNRSVSG,1901.165137614679
GWRVHLG,9278.655963302752
EERGNHLSG,1467.3302752293578
NEQKQWDG,2020.2385321100917
HQPSPVQFPNHA,2198.3119266055046
NDGNFEDQWNDV,3243.270642201835
PQKQQKAL,766.0045871559633
KWYPASG,3864.0825688073396
VFKSSNKLSG,2088.178899082569
HAVALHYWDS,12140.880733944954
PRFKWAG,4114.266055045871
ELQLVSQNDSG,1776.0871559633028
FWVSHQPGREYW,15932.12385321101
WRKFFEPYWN,13929.119266055046
FRNWVWNREH,7998.770642201835
PFKDQLHDVAG,1922.3577981651376
NAKSVSNVAS,996.2018348623853
ADRDEAG,859.6467889908257
QHPWHNGQPWNH,7100.454128440367
GYGFGQRSG,4407.266055045871
ESADQWLSG,1952.5
LKSYEYVASG,3290.1100917431195
KWQPFEASG,2880.646788990826
FKRWYWKSQK,2261.619266055046
NRFRYPAS,5317.233944954129
SGDGVRPDVLSG,1895.573394495413
NAQWEDVGWNG,4555.100917431193
ESGLFSEPWDL,6474.133027522936
DFNSLFYHVAG,9083.321100917432
ERDPHYNKHDAL,1796.8302752293578
ESLFHFPVS,6615.573394495413
ARSHSDLSG,1485.0
QSQYYDSGFDG,6104.188073394495
EQKPGVSG,815.2064220183486
WLGDEPWVEKHV,5670.399082568807
ENAKWKENS,881.940366972477
ARWRVRPYNA,6842.651376146789
YSVNLFRPG,6674.04128440367
HEGYGHG,3137.821100917431
QWVRFRYNYWVG,24572.43119266055
WNPLYWVDVAS,21786.60091743119
FKYWRPNYKVL,8802.545871559632
NQDFQNHASG,1799.5366972477063
WDLPQFEKQYWN,9362.674311926605
RKHFYDVWKRP,4315.972477064221
YGDLAPDVAG,2066.2752293577983
RLARYLQNAL,7107.229357798165
RKGVGRWLDVLG,6425.798165137615
EWLPNVQKWVLS,8390.481651376147
ELQYQPYKDGQP,2531.1284403669724
NPFKAKVASG,1367.4495412844037
QESKAFYLEKH,2614.9311926605506
YKRGKLPYVL,4896.894495412844
YKSGNLYGRWK,4064.4770642201834
LHFEPFRWHAG,11524.40366972477
DGEVVSRHDVG,1967.7339449541284
KGLPGFDAL,3688.032110091743
VHQPYYVLS,22415.47247706422
KVHLRYQEPVG,3112.467889908257
DSRAKDGQNH,1393.7155963302753
EGYHWKFPYNDG,6146.40366972477
HFVSGEGPNG,1929.0550458715597
SRVAGFAKVA,4026.256880733945
GWPNAYG,7663.770642201835
VVQAWKHLG,3492.3348623853212
EPREASQSGWKH,1912.7201834862385
SVPYWLALSG,16794.79357798165
DAQGDEPYAS,1382.605504587156
HDAPGPNHYKDG,1735.0963302752293
QNGADQEPNS,887.3119266055046
ASHWVAFRKVA,6538.467889908256
YWWHEDYWS,17546.61467889908
QPEVLRVQKHL,5820.94495412844
GPGYHRVG,3115.788990825688
FGPKKSENL,944.7247706422019
EQDRDSRWDA,1831.0183486238532
FYGQDEPWEKH,3082.091743119266
ASFLKDAGHLG,3220.362385321101
KGVKEKLG,683.2018348623853
LFAFYFDAS,14773.11009174312
HWPLYHVAS,12761.371559633028
RPWQLDAFWHD,22943.729357798165
KSRNLSELWKV,2977.0550458715597
DEEHEPVLG,1185.9724770642201
DKDRRWLG,2684.816513761468
PRPGWRWHLG,10551.11009174312
KLGYQRNSFVL,10850.798165137614
GPHYRYHS,5170.059633027523
AYADYNKDG,1841.408256880734
YRSSGYSG,3621.8853211009173
SASWQNVAL,4582.532110091744
VLKWHLRPYG,9330.298165137614
NHWVPFPYDAG,12075.440366972478
SRPAARENHVS,1504.7706422018348
SQVFLFEVS,53872.908256880735
WSNFNGFEV,11415.605504587156
FGNWNSFVASG,8030.3302752293575
VSWVWLEPYND,21335.371559633026
QKRRGEYWKS,1617.1467889908256
FRASEQKGYNG,2446.1330275229357
QKKDVLKVFWNL,6971.3302752293575
PLNHSEFWDV,7843.688073394495
PQNEDYNDLG,1698.98623853211
YRDRKPDSG,1262.4724770642201
NWHRNAGYSG,5535.642201834862
YRGGWKLSG,4322.380733944954
RHKRSRHG,1190.7293577981652
KFLHNDVALSG,2768.862385321101
YEFDNKLS,2325.288990825688
WNSLQRVGRKHD,3685.9266055045873
DKGNSESG,683.5
SFLEGFKSG,3779.2247706422017
EWEPYAFQRLG,17475.550458715596
WNASDRPQKHVA,2405.793577981651
WQGFDKDLS,3910.1559633027523
VWLHRWLS,16983.683486238533
QHVPPNKVGPHG,1687.0183486238532
RPPHFRFRVG,9582.449541284404
HEFVWNHA,6906.142201834862
YYNVKYHVALG,7353.908256880734
WVYHDQLPYNHL,15749.720183486239
WRDGQFHEVA,5889.247706422018
KEYRNAWKG,1754.045871559633
NKYNAAQFRE,2251.0733944954127
VEPNQWFPVS,6381.633027522936
VWYAVSG,9372.720183486239
SQFSLFEPYH,14815.128440366972
ENESEVWKG,1212.426605504587
VEQYLKLS,8093.481651376147
RHADDSPWKHV,2637.0733944954127
HVRRALFPYWHV,17195.697247706423
ASRGKDQYKHL,1486.3119266055046
VHAVAEHAS,1482.7752293577983
NNVVWLG,11818.715596330276
WGKVWVNHVS,9129.02752293578
SFDYSPHVLS,6461.95871559633
FEAVSGFVYKG,18635.811926605504
DHPLVLSG,4633.307339449541
KEYLRVPYL,10747.325688073395
QWDYKHDGKHG,2276.587155963303
SLRYPALG,5774.775229357798
YLQPSQPARENL,1875.334862385321
QQVEPVKG,770.4082568807339
KSNDHLQPWN,2981.9311926605506
DQDLYYKDG,2659.532110091743
HPFHRELG,3093.7201834862385
WDERVEPYAS,6357.756880733945
RSQNHFPFYK,7738.798165137615
QKQEPQVFLG,2256.0183486238534
AHGRFPLG,5002.623853211009
SWLPYSDVLS,12579.247706422018
RLKGLQAL,3189.876146788991
AEDRGQLS,1536.711009174312
FERELWHQEVL,7320.98623853211
DGPAYHGFRVS,5744.646788990825
WFDANLNHVS,8290.522935779816
DKHEPFKSG,1017.1238532110092
FYSFKNKVWHD,5135.032110091744
HDLQKFPHGDLG,2597.7798165137615
GPYNPVAKALS,2276.0045871559632
QSGDEALQEKVL,1080.591743119266
DGEVAGAGPYS,2259.119266055046
QAEEAWNHAL,2417.8119266055046
RFAVRASG,4772.522935779816
WAFFYAGPA,20798.967889908257
KANWRPNVALG,3888.376146788991
HDRYGENVEHL,2940.880733944954
VFNWWNG,10118.651376146789
EYSRYNDLEFYA,15014.174311926605
EGGYDLALS,3210.711009174312
GPNRGVAG,1503.3256880733945
KFDLHSGVALS,3263.97247706422
WHRLEYHDPDA,4701.082568807339
EDAWWNHRWKHA,5555.04128440367
SQNYASRYKLS,4166.545871559633
PQAKQVLG,1115.6697247706422
KPFLRALS,4021.4633027522937
YPNFKSFEPYA,7406.885321100917
DGWLQPVRVLS,19863.76605504587
DWLQQFEG,4350.211009174312
HAFHDRSEWA,5651.082568807339
HAESHAQFKS,2000.0045871559632
HDLFYDNDGKVG,3621.7247706422017
GRLRNGAG,1896.105504587156
QEQDWLFRYWD,15676.660550458715
DWEWLNSG,6181.133027522936
YHHFWALSHDLG,11072.61009174312
HDANYWKFENHD,3965.908256880734
RLNFVEPYNKV,7045.931192660551
ASDEDGYNKHVG,1312.866972477064
QKFANSQNSG,1314.848623853211
GARVVLG,5175.793577981652
KKFYDNALS,2115.3669724770643
WYNRYSRYLG,9584.215596330276
DKYHNSG,1159.3256880733945
PGRDSPLEYNV,3170.6880733944954
SNVPEDG,1013.3211009174312
AQGWGYVLG,9799.775229357798
RPQLLGRPWHS,9220.93119266055
ELDAAENHLG,1392.1559633027523
PPSKFAG,1159.7614678899083
KSPGYWALKVS,4718.568807339449
YANEQDALS,1753.848623853211
PPLSFSWKS,5387.761467889908
HQARWQVLG,6512.174311926606
NGQVRSFLG,5794.729357798165
SGFHEWVWHVA,13300.495412844037
AVSFLRAG,8819.848623853211
NEHKGYVALG,3861.4174311926604
RVRQGFRWNKA,2947.412844036697
NFPRVAFPNVL,11150.37614678899
RVEGSQYNHDVL,3815.2798165137615
PKAPSRDSEWNK,1025.394495412844
EKNHGVWALS,3402.9036697247707
HVHVHGFPNA,4539.577981651376
WDAYYLSYKG,8371.637614678899
KGQKENAQKS,622.9908256880734
SFPEREHSG,1450.7981651376147
GFQDGVSG,2072.8394495412845
HPSREGNG,1050.4357798165138
ESASHDYKHVL,1568.0871559633028
RQRLQPQYNKAS,1901.1238532110092
QPFNDVQVFRHD,9329.894495412844
LGNFSFNLG,11118.311926605504
DQFPVNSQFKVA,3305.4266055045873
ELGSWAYKG,4227.633027522936
LFDPNFNVAL,10470.169724770642
RFLQDSFDVS,6166.642201834862
WSQLAPWKHG,6838.963302752293
VFVSAGWHD,11769.275229357798
LNGNYNLG,3925.701834862385
SYGPYRWKHSG,5301.977064220184
QAKADGFWNKDL,2085.9174311926604
DDFELVSG,2759.4311926605506
KVKEYHGKVAG,948.348623853211
GNKFAYDLS,4095.3899082568805
YWDWPHQFNKHV,9481.853211009175
YRRKHFSG,3030.6926605504586
VNDQWEHG,2850.0412844036696
LWRLWHSG,10562.45871559633
DVVKAGHDVG,1340.633027522936
PHHEEVSG,1019.5275229357799
YERKHNLS,2186.5366972477063
WGGPAEVLSG,3467.0
PQYASYEVG,4273.04128440367
RRFRKQDG,1184.0045871559632
EQWDVAHQYAL,6197.798165137615
NAAWLSYVLS,20467.5871559633
GDSDAYVLG,2920.2798165137615
FPGFDGKDFWD,12991.59633027523
VGHNSRVAL,3281.1559633027523
PQGLDLSG,1685.4908256880733
GFHSGPAYVA,6476.697247706422
LSDWPWSG,8429.08256880734
FEDPDFPDEYH,2019.8853211009175
KPDHDNDVAL,1050.4311926605506
YQDNQNLG,2153.9174311926604
LFDKWNLG,4609.54128440367
KHGEWLFNHSEP,4471.0
FEAYEKFNHL,4717.633027522936
FAFLNDFKHVS,7790.045871559633
DPKVGDQEPS,754.5917431192661
LPQLDASG,1609.5045871559632
WEGYWKEG,4720.197247706422
ANHNAEHAG,1228.5229357798164
RVLWFPDEPW,22995.256880733945
EDFWNHAGYVSE,4385.0504587155965
LNKFQYALG,5983.353211009175
GKHDKQPYWHA,3238.4174311926604
YNDPASPLRDV,1965.0504587155963
NNVLDGQKHDAL,1988.2614678899083
QPGEGNLFDLG,5822.027522935779
HQLVFRLG,28824.160550458717
PKARRPLSRYDV,3325.045871559633
EGALSANAS,1189.9495412844037
KSDYGFNLG,2315.0
FVDVSWAQHD,5781.339449541284
AKLEYENHASG,1369.3394495412845
QNYHWGEPYA,7611.082568807339
FRRPHEKSWNA,2430.7477064220184
EQDAQLFHG,2237.8899082568805
DVLVFEYSPNA,48235.83944954129
AKFGVALSG,3309.087155963303
GREHLAQRW,7600.536697247707
AEADPWG,2548.559633027523
DYNLHAQEPAG,1586.426605504587
WYNAHFENAG,5404.977064220184
NFKFRKLHVL,6945.54128440367
SGPKWHGFYNDV,5649.293577981652
ARRDPWDVLS,5042.151376146789
APHHVEDG,1416.0504587155963
SQNWNYNVL,7351.711009174312
AFSRFREASG,3505.362385321101
FSSLQYASG,3966.848623853211
PFKKKDALG,1069.9311926605506
EGGWLYVG,13353.784403669724
EQDWSFWG,7732.967889908256
KPQFEHREPW,3368.288990825688
KLSPGWYHDLS,5865.967889908256
WWNGSYKLSG,7059.348623853211
KKDWQNSG,1204.5183486238532
AQSNRHG,1791.4128440366972
QSHPYAGKS,1793.651376146789
YPSFSNDG,3116.091743119266
YHADFKDEPAG,1431.0275229357799
FSHDPVREWL,8347.233944954129
SRQVHDL,2495.2155963302753
VFSFERLG,10087.922018348623
VVSQVHASG,1842.6926605504586
EDFVSQNSNVLS,2147.5550458715597
QELLEYWHHLS,8189.807339449541
AGPNNLQYKV,2015.7844036697247
RYFAPNGRPNKG,3058.270642201835
VRRPNWAL,8774.564220183487
DHPWQFDVL,12986.98623853211
GPGFFYVSG,30869.022935779816
QLKQDQYWH,4563.848623853211
YRLDYWSG,9337.426605504586
FYWDPEDSQPHA,3089.7522935779816
EQHAFHFHVS,7509.298165137615
ASRNFEWSPYKL,9558.871559633028
HNKEEPSG,738.6926605504588
PGYQPSEKDLG,1355.380733944954
LWVDQNKHLG,4271.0504587155965
NRAKNDLSG,1338.8577981651376
FFNFWSFENVA,10027.004587155963
WKLNSQKDSGP,1538.8990825688074
RYNSRDLHPLS,4856.151376146789
EHYGAGYHG,3901.2477064220184
WEVAHGYHVL,15779.674311926605
DEWDPVENKDS,1558.6834862385322
WAWHQFWVADVA,22745.83486238532
KSKNGFSG,1210.4495412844037
FDGEDANKRPH,2000.866972477064
EVRRSPNKHVL,2141.8256880733943
EQERNHFYWKLS,6396.568807339449
WFVEENLS,8290.733944954129
WPKDFAGPNKH,2496.435779816514
LVPAHVALSG,3620.1100917431195
KHHAYFRES,2475.229357798165
PEHRYVHDLG,5181.298165137615
DLQLNKFRKSG,2100.711009174312
AYAWENSG,3335.9311926605506
GRPHDSKFRDAS,1430.2431192660551
NFENQAFNHG,4087.206422018349
DHRHVHG,2118.922018348624
KRENKKHGEYG,875.0917431192661
RLDKSFDVL,3422.0550458715597
VKRFRVLG,3229.8669724770643
RHVVPWKFDG,7211.977064220184
KFHQEWSFEHS,4246.779816513761
AFWVYSRYVAG,22394.660550458717
EEAKFVLS,4378.917431192661
KVAYGWKHPNL,4466.688073394495
KFGWPDLG,5658.807339449541
AGSPNQKLG,1207.7431192660551
QELSVEDAYKA,1349.954128440367
QPLPGQFHSWDL,10278.62385321101
LNYQHDLSG,3192.6880733944954
AEYAKVAPNKDA,1133.5963302752293
QYPLNHEWKS,2731.0688073394494
RVAEWLHSQFNA,10413.555045871559
EVDVNKQEYG,1141.3211009174313
NQLQFVRYWHLS,25288.802752293577
PFPSFLENA,5076.678899082569
YDSHYKDQKVAG,1666.4816513761468
YGRHEFWHVAL,14613.977064220184
EHKVKGFPWNKL,2382.467889908257
RFRHKVGPAS,1869.926605504587
FFENKAKSWNL,4354.779816513761
ESFESRPWGQL,7490.848623853211
FSESKLGPG,2111.821100917431
ANGDFDLG,1927.0183486238532
LWAWEVSG,8413.279816513761
QFFWLRREKHS,4910.59633027523
SPAFLYKDVAL,9803.20642201835
DGVEYHFALG,9763.380733944954
NWAGGPSG,2780.270642201835
GSQWDQALSG,2657.435779816514
ELSDVRERYVG,2481.2247706422017
EWEVYEWVAG,13338.311926605504
NYYKFPKDG,3142.816513761468
VRAHGQALG,2422.2155963302753
RDLALQNAPASG,1766.7201834862385
QLGHHSRWVG,6009.4495412844035
EVWQKSVAG,1970.967889908257
AGEEPRYKAL,2060.97247706422
ASSSKAG,848.4908256880734
YWVQAFEWSEYS,17901.15137614679
VDSWLEALS,4274.660550458716
PYQDNKSFEYWL,13275.412844036697
FHGYEPVSGKS,2061.6605504587155
VGGNYVG,2777.6422018348626
EQQWDPSG,1691.0045871559632
VGLRNRWVAG,5881.798165137615
HFGSKDVALG,2327.0963302752293
WGNRGFEWKH,7289.98623853211
WLVNYVSG,10975.555045871559
GYFPSAG,4226.564220183486
FNRFDQENKHV,2976.802752293578
VADEASFEPWHS,3273.4954128440368
EPRAVAFRNHDA,2603.2477064220184
HNKVSPSYHLG,3000.577981651376
WSPGGFPYWKV,16141.995412844037
WPPDQHVA,2917.3348623853212
KGRWGSGREHA,2030.5550458715597
QFHDPYDYADVL,6069.633027522936
EDHANHFWVL,11247.261467889908
FPLEPLYWKYH,19578.52752293578
SRQQKAG,1114.0183486238532
DQFPDGYLQNV,4245.275229357798
LGHWRHLG,8250.128440366972
PVARHWKDGVAL,4816.9908256880735
WHSKVLELGQPG,3494.2522935779816
HKQREPFDVA,1665.8715596330276
KVVAVEPYNHA,2863.697247706422
NDEGSQFWG,6053.302752293578
WPRLFNALS,15022.532110091743
FNDEVLNQPNVA,2558.5688073394494
EREDNSRPNKVL,1453.4587155963302
WPDAHPHDG,3277.233944954128
GKQKNLSG,878.2201834862385
WKDHAQKAFWVG,5992.133027522936
HDPEDALWNHVL,3901.6330275229357
VAESVAQRPDV,1506.2660550458716
FPQYEPYANHVL,12055.894495412844
YPKEKGRL,1437.2981651376147
HVQSRKKDLS,965.9495412844037
VEAARPLG,2260.4633027522937
LRSNFEALSG,3275.922018348624
SQYEYRPHVS,4302.899082568807
NSGPVEYQEPL,1693.9816513761468
RKEQPALRENVS,1167.6146788990825
VYLSSPWVA,13888.036697247706
QKKYHQEPHSG,1298.2431192660551
WDWVHLRPNS,8696.944954128441
KKADFKAG,697.5045871559633
YRKLSWLWHDSG,8028.160550458716
KFLGYFDVL,13198.605504587156
PREFVQPYWL,25309.33486238532
ESFKWKWNALS,4224.931192660551
EKNAFHRKVAG,1289.6743119266055
QHAFPVKGWL,7073.9908256880735
VASAALFVLG,31310.84862385321
HADDPWALSG,3335.6422018348626
SGAPDRHDVAS,1309.9816513761468
PVDDAFSG,2603.201834862385
KAHNYWDS,3584.3899082568805
HVQWNLNYNKL,9780.091743119267
DDAAHLSG,1318.9633027522937
NHVRPHQRPQEP,1538.4449541284403
FDQLPKAPHVAG,1904.5275229357799
RSNHAQYAPKDA,1754.211009174312
AQPWWVFREPDL,13284.357798165138
GDNKQEWHVAS,1822.9449541284403
RPDWLQDLYDVS,10346.454128440368
HAVVQVSG,2659.5045871559632
QFFPKQVGRH,3490.4495412844035
RAKLPFRWS,6426.834862385321
WHGYYHREWNHV,12620.43119266055
SLSRSNLS,2521.3256880733943
NQQAWHDALG,2903.651376146789
GESQNYLSG,2456.756880733945
VRYFKGPHDAS,3783.5550458715597
NGHYWVKDVA,4399.188073394495
EPSVALWVWNA,17560.34862385321
FAPGGEPYNA,2356.6100917431195
QFNEASGLGYN,4321.94495412844
ADGHVHLG,2948.3256880733943
LYEPRSG,2386.5229357798166
LRNGSGRWKV,3541.270642201835
LGFHRHQRWG,8303.275229357798
EWNVQSGVGFHS,4943.711009174312
EFHDFSQAS,2806.5550458715597
LVRHSWG,6766.380733944954
QKHWRYAQYWDL,15306.91743119266
GEVVYKSG,3025.266055045872
HRHHWKSG,2540.8394495412845
LPKYQNLSG,1707.6422018348624
HKVSAWNVASG,2101.1146788990827
DESRESSG,856.8577981651376
HLWKYLWHVLS,10192.779816513761
PYAKHGRARAL,3156.02752293578
LSFDKLSYHVA,4976.885321100917
RVDRSGREKV,1453.7660550458716
RNQFWALSGYLL,24051.477064220184
NYWPRHASG,5240.885321100917
NERPQDG,1334.6880733944954
PYAYNVSKVSK,3678.7522935779816
NQHHPHLSG,2580.119266055046
PNRKVEGFYD,4003.3394495412845
GPSQRWEDAL,2825.0963302752293
DAWGRSPHAL,5349.48623853211
GRLFVHDAL,13017.587155963303
ALHLNDEWNDLG,4368.229357798165
PLHEAPHALG,2485.5091743119265
AKLFYNKPSG,2951.9862385321103
SFADGYDVALG,6096.362385321101
QWAGHAPDLEWK,4218.426605504587
YQANKKDAL,1313.9449541284403
SPDGKGDVLG,953.8990825688073
RHQQKAGNDG,1056.045871559633
DHNQFEPYALG,5095.5
GNDSKEDVS,720.3669724770642
YKNSLSEPASG,1254.9724770642201
GNHVVGHLG,3520.733944954128
HWNKWQEWKDL,4427.032110091744
QGRLDSFPWVL,18484.3623853211
DRPRSFPLS,2637.137614678899
PFAAQEDG,1841.6422018348624
YLNPPNHDVL,4252.1100917431195
LDVKAPLSG,1691.119266055046
NLVLEFVLSG,52405.14678899082
FRAQLQELFPKD,4158.362385321101
NYRHSFSG,4564.183486238532
SHGRWQASG,3229.4449541284403
GKPQNALSG,1124.0412844036698
YNREFPWAQRNV,7941.857798165138
HSQKNVAFRYD,5274.472477064221
SNEYWEVG,4245.5
DAERYNGQVLG,2351.532110091743
KVYQYQYWNDVA,6763.967889908256
SDLVNHG,1893.7660550458716
GEKAYENHG,1373.7385321100917
EEDEVPYNKHL,1521.9357798165138
VNNANALSG,1434.091743119266
ADPSEDLSG,1133.48623853211
SNAPSEALSG,1438.302752293578
QGLQFNYDVA,6697.940366972477
YFYEPPWNHDLG,9671.463302752294
FFWYSPKLG,3796.059633027523
AKSADLSG,786.3394495412844
VHRGWKHVLS,4488.9495412844035
AQGPKDNSG,895.2385321100918
FEHGAFWLFNG,21013.32110091743
WRRLVLG,12580.256880733945
VAAEYNVQWNG,3933.201834862385
DVVVSKDLS,2049.729357798165
SSWHNAS,2943.183486238532
LSLPWRWHVS,14647.683486238531
NDVPQRLSHDAL,2453.229357798165
GVGWKQVL,4385.912844036698
PFAPWAFPNA,13480.802752293577
RSKKFYSG,1486.697247706422
QPDYYWYHVG,14907.435779816513
WDWEWQRENKG,4016.435779816514
LFPQEYPALG,3879.123853211009
DADRALAL,2102.9036697247707
WEDNRHAG,4121.275229357798
NSDFAPKVS,1301.1100917431193
VWGHNKHVAL,4777.779816513761
GDGQHWVL,6869.866972477064
YGAWPYG,10828.990825688074
SDNKKLSG,856.302752293578
RFPFRPSFKD,5695.954128440367
VWKRGPVSG,2475.3990825688074
KRWQYAGWNDV,5692.100917431193
RFNWALEPNV,6181.756880733945
VWVSHGKHASG,2688.880733944954
RADDAWDVG,2819.5688073394494
EVFFKSEWKLS,10548.816513761469
RPAEFEPYSPWD,14430.600917431193
FQWQLGDVLG,8819.857798165138
QGLKSNSG,1378.7155963302753
SKLWHNHALG,4139.261467889908
VLVVLASG,36909.69724770642
VGYLQWWHDLG,17954.811926605504
LFQYLVAG,7959.256880733945
SPHNEDAS,1072.8073394495414
YLHKYNG,3053.5183486238534
NKKLVSHDVSG,1028.6146788990825
NAHSWVARHG,4707.371559633028
NQAANDLG,1339.467889908257
HPLSLEAS,1636.5550458715597
VGWKSLGQNHVA,2772.1009174311926
VLDDFYSG,5010.94495412844
QPHSFVSYHSQR,8469.839449541285
VQLDHSG,1788.7018348623853
VPFWGNVLS,8220.321100917432
KKSSGSG,677.4770642201835
VFRDGNKDQES,992.9633027522935
QKGPYKPHSKDV,969.243119266055
HERSDSG,1175.3119266055046
EQDFYSREVA,2285.862385321101
KYKQDEPYHLS,2000.2522935779816
RAQQDRYWDAG,3958.0045871559632
AFFEDSWNHVAG,5418.747706422018
RQRNARNWKAL,2504.729357798165
SGRPAPQRKG,1115.059633027523
RPSNLRHDVRHA,3403.1100917431195
DVGWLGPFKVA,13557.128440366972
KGRSWLQYND,4649.0091743119265
FPGVPWQYKHG,9244.211009174312
YSQGFRNHDFRL,9882.211009174312
GQPVWSYVLS,14674.738532110092
GAEWWHDALSG,5273.371559633028
DELRARVALS,4266.844036697248
RVGARPAREPN,1651.5
SVARGKDVSG,1078.394495412844
QADGASNDV,1069.426605504587
RLVYFKAG,14807.114678899083
KEWFFREKHS,3213.2844036697247
GNKQRKVWHG,2222.1284403669724
LWGVKHASG,3188.3256880733943
HWVSDVASFWNK,9970.802752293577
PNEHLSYDYWHL,15966.224770642202
FAWDSRPFKD,6744.068807339449
AGEEGPWNKL,1925.5871559633028
QARPFPFRPHAS,3813.0366972477063
KRGPAWASG,2032.5779816513761
QVHWQENS,2353.6009174311926
ELWEGRLG,4322.954128440367
WLKLGRPWLSGR,12665.045871559632
RGFVGQASPWNH,6734.844036697248
SEDWWAG,6214.587155963302
NWHAVEPWNDV,6040.137614678899
AWRDARLG,4830.05504587156
WNRNESQEYN,2983.3853211009173
WKLWAPYSEHS,8154.917431192661
QPHNVGPDYKL,2718.908256880734
DHLPLALG,4778.417431192661
YWNDVYEFRYKV,23818.325688073393
KWFPPYVASG,7726.825688073394
PRASSFDVLS,3686.0183486238534
DEPDNLYWNVG,3718.0550458715597
KWLYFKSG,7264.477064220184
ESPVSSNKG,741.2293577981651
FFEQYQKHDV,3521.5825688073396
AYKVFDQWDVL,11171.577981651377
EHNFVSQRNK,1706.3715596330276
HNLKAPDG,1450.408256880734
HRLPFNG,5246.527522935779
NRQFRLVA,10768.830275229358
HRWDNVFRPHA,7243.655963302752
ENEWNKVEYAHL,4084.201834862385
LVQKFWDG,7388.233944954129
RKPHHAFEYW,8467.357798165138
DDFDPVG,1672.5550458715597
AHLELVASG,3026.532110091743
GAPHAWG,4047.9770642201834
QLADGQDV,1211.926605504587
SPAPPDLG,1330.7660550458716
GNRNYKLG,2248.0045871559632
QGNAKFDVASG,1380.454128440367
KYNEGKLG,1359.2155963302753
DASYWRGRYWL,16430.91743119266
HVRGLSWNKAL,5933.123853211009
LYLFWHEG,13266.88990825688
HNAQLRHVS,3067.8669724770643
LNGVDASG,1442.711009174312
GVWDLPSG,3924.376146788991
HGHFAFWNLS,14982.238532110092
QAAELFPDL,2640.380733944954
KGYGGWVS,4247.454128440367
EEDDQPKLSG,892.9908256880734
AFFKPHLG,6121.967889908256
HKVAVYALG,9683.697247706423
PNVKRPHDRL,2425.564220183486
NHLSEHGFPDVE,2613.0550458715597
ARQEWLAG,3530.733944954128
QAWLFWYDASG,18308.467889908257
ALVFRPLPWNV,22561.92660550459
LWNVWFYKVG,17435.857798165136
EEHGKQYVG,1491.7844036697247
VQAKNKSG,634.151376146789
EFAQYPHSG,3010.7477064220184
NVVKYSG,3035.9908256880735
QPAVRWHEYNDV,5488.720183486239
DEKWDQEPALS,1493.334862385321
AKWKKALSG,1202.8532110091744
YFPLREAQNLG,3772.3394495412845
WNWPFRWKDAL,14903.426605504586
VHLDPVSG,2324.4954128440368
ASKAHFDVAL,2652.105504587156
HYFYLHSG,9673.12385321101
QNSNWAREKHG,1871.1743119266055
GEAEVSEWNSG,1472.5825688073394
LGDAKGRKLG,1057.8119266055046
KDQAKVKDG,593.0871559633027
WPLQGFWHDSG,11611.90366972477
RYENALYPYKG,6722.756880733945
PERFASG,3230.1100917431195
HFVGVAWHDVL,15458.830275229358
YDVNDYHLGVAL,8760.844036697248
WFKAQGNKS,2044.545871559633
VHFQYLSG,8291.073394495414
LSFAWSYWVLS,23164.036697247706
DQESQPHWNH,3200.169724770642
AVNVNSG,1306.605504587156
NRSRPWDWAL,16432.94495412844
DKHRLHLG,2335.0963302752293
ENQWSYGEDAG,2438.623853211009
GQEYDYWVKDAG,4700.527522935779
HDFNVYREHDL,7473.577981651376
VLAKSPVG,1554.2201834862385
KYHGQSYSG,2293.348623853211
DVNLENKRWALG,3344.2247706422017
WQGYHPWHDVAG,8979.908256880733
HDWGNQNKHDVL,2779.559633027523
SHPNYHG,3054.064220183486
SNRYWWG,11774.032110091743
GPQDPDLSG,1045.7981651376147
FVVRAGNLS,5866.880733944954
PAFYSRDLFDSG,11607.45871559633
PGYAEKQRVL,2403.954128440367
GWNASHNHDVL,4082.2752293577983
YDPPYKSWNHA,3723.9633027522937
RLPLPWSQFHV,17041.20642201835
PWRPREVSPHD,2938.9174311926604
GWDNLRNKDLS,2982.7752293577983
DRNLDREKHD,1079.3623853211009
RQQEGQLS,1044.2798165137615
WNRQGQHLSG,3504.2798165137615
EHSSKDSKSG,694.4724770642201
YSFHPYVWG,15106.894495412844
GVQVHVSG,2547.440366972477
HEFRLEHVLSG,6442.848623853211
NGDRDANHVL,1992.4311926605506
YQAVDLG,2432.146788990826
YGGLGKALG,3171.637614678899
AGWFEPGWHASG,8619.224770642202
SYENFHSG,3488.619266055046
QALKEYHDSEV,1293.1422018348624
KVEHLPWDNKDL,3105.8073394495414
LGDNRVG,2038.7660550458716
GEFYQNG,4116.692660550459
VPDLYWPHDG,6371.908256880734
QDDRREDG,1025.834862385321
HYGYVNVAG,5202.04128440367
YGYPFNSG,6059.192660550459
HYFLWVLSG,21930.522935779816
PHFDEYNDFVSG,7231.642201834862
VGEGQGQWAG,2657.766055045872
RVDLVLPYHVA,17363.091743119265
AEKKLFPYKA,1665.4220183486239
FFAFQESG,4983.885321100917
KGAPARNKHDV,964.6743119266055
RPGPRDAEPY,2088.559633027523
YRGRDQFG,4870.954128440367
SVRNLEG,1852.9128440366972
FDYVHVYWLS,20537.655963302754
EFDVSPWNYNHL,9295.651376146789
NFVPPKSG,1988.3577981651376
GLSSQALSG,1860.1009174311926
SDVQPRHG,1807.51376146789
NWSFRKHVKHDV,3482.4311926605506
KDEGVAFYLSG,15824.80733944954
PYDRSFYGQW,15208.146788990825
LVGDSKAS,1192.032110091743
EKDPWLQPAGN,1967.3440366972477
WENDYHEYWD,16155.54128440367
FAKNEKDS,955.6284403669724
PSVAFWEAS,7624.1100917431195
HDARFWKEWVA,6898.54128440367
RHPWYWFYHAL,23371.39908256881
NLSPRNDLWHV,6818.279816513761
LKEHGDG,1115.6422018348624
VYWRYGNHSG,5849.665137614679
SFSEVNAG,2312.6100917431195
YYGSFSG,4124.142201834862
FDYHDEYGFYD,12589.788990825688
QEWAWYKDAEYN,6309.628440366972
RDKFWGEWKD,3092.0045871559632
DNEDKVASG,884.0183486238532
NLYVLEPEWNLG,19767.454128440368
HHWVRHLSG,6747.963302752293
FEHFDARLFPNV,12039.98623853211
EKQHNVGEVS,887.0275229357799
EGAALPKHDS,1022.0229357798165
PWYKYKDLFRPN,5986.793577981652
SKAGWKPHVL,3791.1743119266057
YKYKHANRENL,2233.1926605504586
DYQEWWALG,8761.70642201835
LEKERYNKDLG,1515.6238532110092
HPDKHEHDVAS,936.5045871559633
VARGLPWNKL,5666.275229357798
NPQAYNDVAL,2202.440366972477
WSRVAGSQYDVG,4970.178899082569
KSRSKGQWNKD,932.1146788990826
GVEWPASG,2495.1605504587155
ARHQEHFLG,3605.743119266055
DQPKAQNKYDL,971.7247706422019
HFDAVNDVA,2443.3669724770643
YEHVQEWSQED,2503.435779816514
FKAGALHFYNHD,7088.334862385321
KRNKRAQNDG,806.0366972477065
LFQDPHG,3130.059633027523
DSPRRWASG,2182.9449541284403
SDKQHLG,1113.5871559633028
VFKNADVG,1594.8119266055046
YNKVRKPYVPKA,1873.5229357798164
WAYYALYWHL,11498.298165137614
LGDGDRNHAL,2518.316513761468
FNSEPGEPPYH,3125.261467889908
EQGLNKDVG,978.9770642201835
EHKKGKHVAS,783.5779816513761
RGYRKQPYKD,2005.105504587156
YRPQRGRWNV,5740.160550458716
VAFWNGWVYWN,25881.518348623853
NVNDEYNQKDV,1451.7293577981652
DASGWKVDLYH,6168.59633027523
YQWKERNDAL,2571.394495412844
GFKKRWDA,2673.729357798165
DFANRNALS,2386.683486238532
NYWWFRKHA,8044.178899082569
FVQYHWNKREN,3682.2844036697247
EYWSQHVWDRK,6252.59633027523
WWEPLKVS,8934.211009174312
WLKSSRVAL,6874.972477064221
HLFHSFSEWHL,17550.11467889908
ENFYREPVYHS,7718.206422018348
GYFKEYALG,6757.807339449541
WNWNEYWLFYND,25613.155963302754
KHERVGFREP,2375.1100917431195
YAQASFAEKL,2533.862385321101
FNLQVGEWPYHS,12129.490825688074
AKAQKAYHLG,1512.954128440367
FPHLPDRQFWK,7910.848623853211
KSEHSERHVLS,1491.8394495412845
GWGHAFLG,12361.128440366972
AKLLFHG,5353.885321100917
QELLLSQYKVG,5943.637614678899
QGVGGQFPYDSG,3389.4036697247707
NLPAYHEYWKL,8339.036697247706
QVAANALSDAL,1678.8119266055046
WRNDGHPSG,2993.788990825688
PPEAYSG,1186.0229357798164
FGFVSPDVAGSG,3036.6422018348626
ASKAPQRDSG,843.559633027523
RLHYYNASG,4895.0504587155965
GKDYDEHLG,1369.6926605504586
RQEPGRGPWAS,3372.9174311926604
YWGGLGRENDG,3367.954128440367
LHGWQNG,3922.206422018349
PVNFAFPKVG,5884.770642201835
FEWYWNDWSVAL,25557.38532110092
GDVPLDAG,1746.8853211009175
WDPVNDVEPYWG,8194.38990825688
QQSWQVASG,2366.2522935779816
GDANSHDVA,1137.0688073394494
WDYDLWAENHG,6759.8302752293575
VFNGFDPNAS,3159.412844036697
FAGRDQEVEPVG,1489.151376146789
KFHYPNALG,3599.3394495412845
PDPDGNQHSG,1381.6009174311926
SWNYRALG,7258.362385321101
VYHAFHPKAL,5788.362385321101
GELNNDSG,1315.2568807339449
DVFQASGEYNKG,2152.940366972477
SGNPEWALS,3325.412844036697
PGDRQEKVA,810.6146788990826
LKSDLHDVSG,1241.3165137614678
NQPDNFYWG,7799.853211009175
SHRDDVG,1656.2064220183486
GSYLRLSG,6651.931192660551
QPDEPGNLSRNS,1384.3302752293578
YYQEKWALG,4397.5504587155965
PPSSEVAG,869.1146788990826
LRKQYAFDVLS,7104.935779816514
NLADFRG,3510.9449541284403
LVLVEDVALG,16280.37614678899
DSAANLSG,1022.5137614678899
ELVWQRSG,4332.678899082569
LGSGELPAS,1430.0871559633028
HYGVWKALSG,4585.128440366972
ARPAQVAYNKDA,1174.2155963302753
KAYHWREWNKDV,2970.376146788991
EHNLYSRWLSG,7641.825688073394
ESHPNGEPWNKL,1896.5825688073394
DFAVGEVSG,1943.7155963302753
NVVHYHDV,4663.045871559633
GFSPKLWHDVLG,8771.215596330276
SGAWYALSG,7693.454128440367
VESNRVSG,2041.2568807339449
WPSFFELG,16875.903669724772
NARWEASNAS,2352.876146788991
DLGRFWGQWHV,14864.408256880733
GFFGFLSG,14137.646788990825
EQKDEHEALG,786.8256880733945
HDWDKLNDVALG,3293.330275229358
SNVLYGFRYHG,13611.100917431193
HYPWLEG,8008.201834862385
QSQDEDARNKL,838.5733944954128
KGQASGWYKAG,2644.802752293578
VNNALPLG,2452.467889908257
RYQYWNVPYKVD,9599.733944954129
RGYENQPWKG,3484.5045871559632
WEPAHVAQWLS,12154.93119266055
SESWVNLG,5639.922018348624
QEQFPQWSRNA,3082.1284403669724
AVSEGWASG,2109.793577981651
WLYQDANVAG,4132.724770642202
QRVQFHWVYKS,14188.862385321101
WREHAEVGREPL,3845.032110091743
VPKRFASG,2011.197247706422
FKEYVYVLHD,20056.655963302754
WLLFLPKG,14900.270642201835
FSPQKVWNSG,2512.238532110092
AGVPVFWHVLS,17748.357798165136
SAEWLKG,2041.6559633027523
NFGHRVLG,5835.577981651376
PFDWSQPYWKA,12721.857798165138
HPHLQDNDG,1645.5688073394494
ALEQWNGREHG,2885.619266055046
PFANNKHDVS,1888.8440366972477
ADSEFHLSG,1933.967889908257
KEVQLSAG,1448.105504587156
VWQPNHVHG,4262.802752293578
FNAQKFPNKDQF,2806.7844036697247
QHGDSYDNKDL,1565.1743119266055
FQSPWLPYWG,25438.353211009173
YVGERYDSYDG,6876.114678899083
GFAVPVLG,6770.04128440367
NFWEGEPKDG,2349.793577981651
KYEKKVG,686.8715596330276
LELLHDSG,4277.183486238532
QVPYFKDLND,3128.894495412844
KKAYPKSG,884.9357798165138
WSWWEWDG,21174.51376146789
AQHQEAGFNKDS,1096.7706422018348
QAQDKVFYKHV,2767.802752293578
WAESFDSPSG,4834.724770642202
RGEGSGRNVLS,2373.197247706422
NQLPHEHAS,1621.3302752293578
YQKYRKDLG,2121.766055045872
DWQVAELG,2895.3348623853212
KGYVEHEPYN,2624.8119266055046
NERKWLS,3498.8899082568805
WAFAWVASRG,14917.201834862386
QFRYRNGWDPKD,4387.288990825688
KQGNKPWG,1783.926605504587
WFVDKAG,4610.059633027523
RVALKFEHVKH,3851.9311926605506
VDGNSSG,1078.4357798165138
EHDYAGPRWND,4092.1880733944954
VDFLVSG,5629.1697247706425
EGVRDLPWNHS,3083.876146788991
HPLRWSDVAG,4227.0504587155965
DFKFVYNAL,12652.357798165138
FNQNPDLSGPWG,6558.802752293578
QNHKPHFEYWND,6025.087155963302
EDRLHDEYNDAL,2187.169724770642
VWDHNKVAG,2239.559633027523
NESFKAPYWHV,9464.04128440367
PARFFRVALSG,18654.30733944954
EEQGKAG,789.1330275229358
ESHEHWNSG,1608.651376146789
GRLDHSG,1837.5366972477063
EPRKDVSLYN,2032.119266055046
WFVFWRPALG,21220.105504587154
NGGDAQAL,1528.8899082568807
NYQDYHVL,7257.481651376147
VGKFYNSWNHL,8707.45871559633
WKDDEPWSENDV,2458.587155963303
QFFWDAESGYWN,12050.559633027522
KLWRVFWNDAG,9921.215596330276
VELRKYHLG,4245.334862385321
WAKSYHRKALS,3021.7798165137615
FREYSYNNKNK,2213.6284403669724
WQPARNGWLSG,7212.733944954129
RWGQSWHGRH,7418.371559633028
RAAYNAREWNK,2501.123853211009
LEHQSKVAS,1430.380733944954
NADAVFYDG,6297.298165137615
PQLGQGPHDVS,1547.3394495412845
VRQHAFSG,3347.238532110092
DVRWQRHWDSG,7176.243119266055
DAPLWHGRAL,5697.160550458716
ALRAAQKHLS,2288.8853211009173
FYFNKEVDVG,2474.440366972477
HQSHGKAG,1117.133027522936
SGAHGEHLS,1586.2706422018348
PVWRRNKHD,3158.6330275229357
SWDRFKVLSG,6967.573394495413
EHYPPHDASG,1857.3119266055046
YALVVLQEWKG,27338.60091743119
ENWNSGEWFYKH,9631.87614678899
AVFYPWHDLS,18308.27981651376
DYLYQHG,4903.165137614679
RYWPDQFLFAS,32093.761467889908
HHYWDYVG,10042.288990825688
WANEREHDV,2274.9495412844035
NPYNFEHVLRDA,5612.967889908256
AHESVASG,934.348623853211
VPNVNEYHDAG,1695.9587155963302
HDKSHLRENA,1123.8302752293578
NFYDRVFPSG,8509.032110091743
SWGNGFG,6159.344036697248
FRHFPNLQKLWH,10256.646788990825
WQRQSGHAS,3118.9495412844035
PDWVGWDLFH,19753.88532110092
PKEAKVQFWHD,4170.917431192661
QDRGHARVAS,1891.5091743119267
SRRYPNG,2885.4633027522937
GAYHYLSG,5648.697247706422
PFGNVPSG,2473.5
YVAKNHSNVA,1634.0963302752293
GDSKWDVSG,1529.5779816513761
DHGWAWVLS,14930.591743119267
FHQEFRLFKLS,17035.27981651376
ASFFWVGYVL,33843.21559633027
RPRKQPARDAS,1229.6834862385322
KYKVNVLPKA,1435.2798165137615
RDPANKLPNVL,1839.1376146788991
NVSHDVREKSYK,1277.9220183486239
QNVRNENAFLG,2991.8715596330276
YLRPHNHASED,1650.01376146789
FHWGHAGNHL,6842.032110091744
RPLASVSWAL,13862.100917431193
WPNNGRYWNKDA,4303.655963302752
RWHRHLKAPKHG,2088.2155963302753
NLDERESG,996.8807339449542
ARDFHEPNDVA,1661.6146788990825
GFSDVDG,2256.3715596330276
WQGRKNKDVL,1945.51376146789
NHEHSQSYKLG,2291.422018348624
NVAHWKGENDS,1375.1284403669724
AWPANDS,1929.6146788990825
KAFGKAQHVG,1727.366972477064
FFLFHEPYNDVA,9595.08256880734
SDENRPWNV,2909.798165137615
PVHHQRHDVL,3297.9036697247707
DWGRVAAS,3298.1009174311926
QSVAVAWKHLSG,3791.4311926605506
RRGPSVSG,1524.8532110091744
WKNHFYQFWNK,8526.30733944954
QQHVRWRNKG,2395.435779816514
GDQVYVALS,14836.050458715596
DSQLPLQDG,1615.091743119266
HGLELEVLG,4782.518348623853
GLQKPVLG,1892.4816513761468
HQSHFEVALG,4272.532110091744
QREFERWSQNK,2614.4449541284403
WPEEALG,2176.1100917431195
VHFYGKSG,3093.3073394495414
LEQPYGNKHS,2558.5504587155965
RVGSRPYEKVAL,4061.3853211009173
DGKFNDLEPG,1308.559633027523
ALYPPKHVAS,3138.788990825688
HLVSENYHL,6808.422018348624
NGHYDQFEYWS,14007.440366972478
KEQDAVASG,856.7844036697247
PQYEWQFVS,15869.142201834862
KKQFPHQDLG,1571.9495412844037
YDWDVHGLG,6105.160550458716
FNEDKQHAG,1411.4357798165138
WKLQKLQHQPKD,1982.4220183486239
AWLASSG,4783.09633027523
HRRHRLSG,2602.2247706422017
LWQWRVALG,16926.605504587154
FWHQSRYEVASG,6349.151376146789
QFRAEPYRKYK,2820.4633027522937
DHQNGYASG,1877.5366972477063
YAAEEPNKHDVG,1225.4036697247707
DSHLSARYWKA,4226.577981651376
QSYWWHQFVL,29607.646788990827
FDDSNHVEPVG,2047.573394495413
PEFHRPLSG,3884.848623853211
FAYDSPQENKS,1335.788990825688
WHDAYDWNSNHA,6033.174311926606
PHALDLVFENH,9301.674311926605
EPARFPKLQRKG,1325.51376146789
YLKRGFHS,4203.683486238532
FFRREQRPYKDG,3946.761467889908
DYDQWLQFHVG,11833.729357798165
FFVAYHKAS,5389.3302752293575
PFFVANLG,25030.697247706423
PPPHLNLSG,2187.7155963302753
SLWKLKDAG,2801.577981651376
SWYLFKDALS,8563.440366972478
FWSDSNAQWKL,6515.435779816514
GFKKSWHG,3025.077981651376
LGYWEPLYDAG,12982.93119266055
DGEDPHRVALG,2177.2844036697247
RFRFAQEWKA,5106.6697247706425
LHEWNEVASG,2525.5366972477063
WDQNDSVLYWK,11805.43119266055
WHASDLSRFRWN,12016.848623853211
RFQEQNG,1943.8440366972477
QNQWQAGQHLG,3480.7201834862385
WDKGLRNDVG,2491.380733944954
LGQHLFYAHSG,10255.58256880734
FHPDDAFPHD,3533.4908256880735
DVWDKREHLG,2139.788990825688
KHGFEFEDGWNG,5581.220183486239
YANGHWHVAG,4988.775229357798
WNLWQFPYEVLG,28949.88532110092
PLWEHDFYNVA,12732.137614678899
GEFVNDAS,2275.545871559633
KDSPHVSKLPHL,1788.5642201834862
EHKPYKDAH,1223.7614678899083
RFGHQDALG,3292.02752293578
YPQLRVALSG,7742.3899082568805
SKLNNVG,1336.3715596330276
AVGVLHSG,2996.1926605504586
GHQREHHLS,2203.9633027522937
LPSWNWVAS,7038.151376146789
HDWWRWKHDAL,9761.261467889908
KAGEKVRYHEKH,1267.4770642201836
PHGEYNDEASDV,1659.1376146788991
LQYNWPYWG,17718.54128440367
FWVYLQLSPYD,20664.70642201835
PKRSGKAFWVA,3147.6559633027523
HNVPWKPG,3768.380733944954
EAYQWNARYWKV,9148.311926605504
FEDNVADGKH,1408.2155963302753
VLVVEDSG,6071.94495412844
YHFDQFKVGNHD,3870.8715596330276
GRKPYSDSG,1640.2064220183486
WNVVENKVKSG,1956.211009174312
AFWNEWKNDA,3233.380733944954
PSKYYHVALG,4782.399082568807
DYHYEHVG,3501.380733944954
HDRPSGGRWVA,3626.646788990826
RGVHWKG,2474.701834862385
KYKEVFKHG,1283.7568807339449
NKDAAGPGFEA,1151.2752293577983
SEWPWQPWDVA,12895.862385321101
RLGPPYNHQYHA,5438.793577981652
KSFWPGQYDAL,6988.591743119266
HREHKDVLSDV,1467.7660550458716
LYDFGRLG,5179.5504587155965
QQWSYEKAL,3961.798165137615
VYKPKSASG,1225.2981651376147
EWKLQDGSQWH,4388.862385321101
FGLHQRVAL,7627.857798165138
KKGWSWLS,5074.266055045871
NHGWYLEVAL,31716.004587155963
KVFQHASFYHD,8389.61009174312
EDHKDGWNDVAS,1466.834862385321
SNYKYLG,3373.0091743119265
PAPENKHSGNL,1029.1376146788991
DYDEAWKSG,1798.2844036697247
FDGSAQRKVAG,1807.1834862385322
DQGFREFPNALG,3420.316513761468
YPVKVRAG,1991.4724770642201
KLANRNG,1439.0045871559632
WVYLNLNKDA,9193.660550458715
YVALWAGAQENL,6912.623853211009
HGGFDLGKDL,2807.288990825688
LDSQPRSG,1908.2247706422017
PVEWHFDSYDA,12414.816513761469
KRVEVSYNHV,3261.243119266055
FQAGDAFEWNA,4959.963302752293
SNVYRWLSG,8782.98623853211
NAVYYHG,7156.325688073394
SHDGEPAPHAG,1463.967889908257
LYNSERENHDA,1664.5871559633028
RADKYVLG,2461.233944954128
SPANHNVASG,1327.9036697247707
WFVNWNVL,17815.990825688074
GRALQLHDVLSG,4515.316513761468
HFAHLYASG,6748.981651376147
VLHNASQFEKH,2272.032110091743
NWQWSKLG,6380.155963302752
KGPPWSWDVG,4774.422018348624
VPDQPNAFDLS,2455.2477064220184
KQVQSGQRKG,888.6788990825688
WDHAAFWHLS,15246.775229357798
FEWQYVSSEYWG,19803.724770642202
YKQLSRLFWNA,8276.19266055046
QDRWSNAEDSG,1809.7385321100917
VDSQVSDLSG,1327.1146788990825
KPYKFVQFRKA,3186.7844036697247
LSGEHRHGRVAG,2918.7247706422017
SPVWRDVG,3447.316513761468
RDQDPKFRPWDG,3676.0091743119265
NRQAKSG,1065.302752293578
ANEDHSG,990.4678899082569
WWRWWSG,18749.183486238533
WEKARWKFPLS,6913.876146788991
PGPKLRENQND,1098.98623853211
LDKQENHVS,1125.2064220183486
SELSRWYKS,4930.504587155963
FNWPKHAKHDVL,3944.0
YGQAFHADALG,4788.940366972477
SPRAVSG,1325.0091743119267
WWFQPWHVAS,17079.550458715596
VFSPKAYNKG,2730.0045871559632
PEHLGWFWVAG,18363.550458715596
GKYVFHSG,3648.5137614678897
GWGFAQDAG,4624.954128440367
NYAYWPDG,8495.922018348623
QYAFGFEYENKG,8382.08256880734
FRVQASFPDAPV,4785.848623853211
YWQEYDHLQDG,5913.183486238532
GLGHALVSG,3518.4633027522937
VYGKKDLG,1462.5045871559632
LWSGQNSEKL,1743.1926605504586
KAVQSFDSG,1326.4816513761468
GRRVDVS,1861.6926605504586
NSEPLYLSRPKV,4358.798165137615
PFPVLAQHDVG,3420.1743119266057
YFFKDEVG,2693.793577981651
PKGNEHDGENDL,1062.8440366972477
EVGAGWVGPWL,16727.84862385321
DLEAKHDLH,1816.9128440366972
PFLARPKHDSG,3002.545871559633
QSHYAGRYV,6168.321100917431
AGWFWRYNDAL,17318.04128440367
AHGRQVASG,1812.7660550458716
LYWWSKAG,5079.412844036698
NYDPYRPYVAG,7819.270642201835
KYYYNSG,3056.47247706422
GRHKGPASG,1086.073394495413
DGWDPHLRHD,5316.431192660551
DFNSSRPKHVLS,2599.646788990826
PPDKNKG,645.8302752293578
LYPLALG,8971.715596330276
YKFPGVASQDLS,1666.151376146789
KGGNHNSG,1103.9357798165138
HQVPRYALG,5903.334862385321
LGEDLSAFEKG,1797.4908256880733
DELKPVSG,993.2706422018349
FHFNKRNKGNK,954.5504587155963
AEHSRHEPYL,4307.01376146789
NFEKWHASNDS,2246.5688073394494
RVQSESRALS,1554.7293577981652
YENEDPDSG,1260.8256880733945
VVPAQDG,1277.7798165137615
WEPADEWHLS,6207.963302752293
RHAYFQRENKA,2757.243119266055
KQFNGWYWHLS,14223.678899082568
RASRLPVNKAL,2011.302752293578
VHDEFKVG,1570.954128440367
RFELNSYVLS,13848.151376146789
DPENWNLSG,1898.7477064220184
FYDFVAEWRWA,17641.270642201835
KPYPQEWNKHL,2330.6559633027523
DYEVWDVLSG,5233.733944954129
FFSPYDQLSG,5141.105504587156
YNGPALFPPH,5678.311926605505
YELKLYALS,13516.697247706423
KRHYPVLSG,2664.3853211009173
GKSKVEDVLSG,750.0871559633027
KRDHYLG,2091.52752293578
HWNSNFPWVA,15428.155963302752
PLSQVGFDSPKG,2582.0688073394494
SKHKAFKHDVA,1277.5963302752293
SEVGWALRLG,13806.52752293578
AWWVEHDASG,4950.165137614679
YSVQHLRPWL,17475.243119266055
SQQQEHG,1222.8761467889908
HFESLSFPWLS,23275.69266055046
QDQHRKVHDVG,1444.894495412844
EWKQPAGSYWH,4318.114678899083
VQLLGNLG,3638.97247706422
AVSVENLSG,1498.7155963302753
DLSDHDQPAL,1793.0504587155963
WDNQFRWASQWN,14377.90366972477
YDWKALDWNHV,6074.954128440367
DWAVNKAG,1666.954128440367
AQNEGPDS,825.9862385321101
LWHLFRVSGQEV,6364.137614678899
RRPAKFWHDVS,3580.1100917431195
QVAYGYAYNG,7405.5091743119265
VSFEVSQYLYL,36277.96788990826
RNQAGPVFWHD,11022.371559633028
ASLKYKASG,1587.51376146789
AKWAEKDV,1055.9587155963302
QESPHQFVQRPW,7088.853211009175
VSGYKQHAWND,3489.440366972477
HKQNPNLSG,1452.9770642201836
KFARFYSG,6919.853211009175
GENDYGEYNKHA,1912.2844036697247
KYKADAWKLS,1541.866972477064
DWDRRALG,4174.270642201835
HSGYLQFQPHD,8384.98623853211
SQARRKG,920.6697247706422
HQVGGPDG,1545.045871559633
KDDENDYWNAG,1745.1100917431193
FRVRHFPYWPG,17042.729357798165
WRNENSFNALS,5963.591743119266
NLPHVWGFWKG,11714.018348623853
FSESRYFYAL,11085.678899082568
RWNERKHVRAS,2500.5412844036696
AGPYVYWVLYL,44679.766055045875
VLFNEYAFKDG,9547.802752293577
QELPRPKEPVL,1054.165137614679
RWHSSGPWSQEA,3302.756880733945
FHHKKVSG,1273.2568807339449
FYYDRDQAL,3311.261467889908
NLAQLWHVAG,7036.224770642202
ESLWNVVG,3539.1880733944954
HYRNSNG,2523.3073394495414
DWKSVWNKHDA,2097.9587155963304
QHNEQRHDVL,2049.0412844036696
FQQANDLS,1866.394495412844
LKQLVASG,2123.8853211009173
QFSLPNKAYKH,2853.6605504587155
LAEAKDSG,720.8119266055046
EDRPWARLPNA,3225.8669724770643
YGFNRQPVA,4348.811926605505
SPAEWQEPWND,3138.545871559633
HLWWFNAS,14704.853211009175
YNSQFEDEKDLS,1753.1880733944954
EKPYLYSGHL,4228.339449541284
EAASNHAYWKV,2503.2247706422017
KFDSALRPNVA,2293.678899082569
YFNRERHDAL,4417.472477064221
YLDRHDKLSG,2504.1743119266057
NGRLVFRKVG,9782.756880733945
GFYHHENDALG,3979.362385321101
NFHDGKGPYNH,3419.802752293578
LQDSRHDLFRKD,3055.766055045872
EHWVFPQRYL,22093.032110091743
EKKFFYWNDVS,3503.2844036697247
HPGSGYLG,3187.729357798165
AVLFLSWG,40220.89908256881
EVEYSGEVRSG,2029.711009174312
NNHPHKSG,1299.091743119266
LQVLAGRVSG,5862.165137614679
NRKFLFPWKDV,5756.912844036698
LRPDPRPYAG,2746.3577981651374
RGYEKGYHDVS,2443.8119266055046
GFKYRPYWKVA,7588.298165137615
LSHVELNVG,3455.7798165137615
HWGVDAG,3135.1009174311926
HWEVGKDVLSG,2489.738532110092
DANLYWWNVSG,9371.79357798165
YQHQLGWHAL,11019.119266055046
PGSWDGWHDSG,5320.004587155963
PKSNAGYNDSQK,1033.9633027522937
GWNGSQRPWSG,6648.834862385321
AHAYYHLG,6705.678899082569
AHAYFDVG,6113.678899082569
KAPQPARWKG,1482.3394495412845
KRWFNAQWKHL,6682.307339449541
FQFWADVFRYH,22561.830275229357
YLNQLRWKL,8911.885321100917
PGKYPNVALSG,2328.077981651376
ADSWRNLG,3676.087155963303
WEGLDSG,4823.284403669725
GFQPVPVG,3413.683486238532
PWPFWFRPDAG,16616.24770642202
QVWYFPLSG,22310.715596330276
NFAPEKSG,1352.4587155963302
REAFPHVGSENL,2055.270642201835
KPQLASG,790.7798165137615
WRFRKGQFDG,5932.532110091744
NWQPRPSG,3682.564220183486
FSAWLSWKD,7785.311926605505
WGGWYKG,8340.628440366972
RNRRGQENKDV,1124.0229357798164
VPFRPPWNSG,4158.54128440367
QKYHYQEVSG,1833.454128440367
NFLGGFASG,5749.619266055046
HVAGGEDHAG,1334.4128440366972
FNVSLSFWGFWS,29485.894495412846
HNFELYLS,30699.889908256882
DKDNFSG,1116.032110091743
YEWDVEHENKG,2024.2431192660551
EYQGDGFPYKDA,2689.321100917431
EWSFGNALRVLS,16651.83486238532
HEWLPDVSRVA,5981.467889908256
KGSLSWASG,2641.119266055046
RFNWLDLSG,9273.967889908257
EHHHENHVA,1686.788990825688
LKEYLYVLG,16317.683486238531
LKHQHARYG,3377.1880733944954
NSQQRYSNHLS,3439.032110091743
FNEAHVQPWA,7915.715596330275
ENSHYDAQKAS,1040.8256880733945
GHRQESG,1391.9128440366972
QPSVKHSRWAG,3263.0137614678897
EGGVNDSG,1073.7522935779816
RDNFKAEWKHAL,3184.362385321101
KQQYKRSG,959.7889908256881
GLEKRSG,1214.3761467889908
YYQWFRG,8941.165137614678
QQHLAPNKVLG,2036.8440366972477
ASGYYWSRNDL,9713.087155963303
FELYEAQWDG,8795.944954128441
WQPRYQFENKDV,4442.678899082569
KWFQWDLG,10324.233944954129
KVHSSGNHDV,1313.4633027522937
EKSWEPKQNLG,1237.7981651376147
SGKHNSGWNVA,2280.6743119266057
SRDQVALWKHV,4286.472477064221
DGFQNDVNHSG,2148.669724770642
QDQPHDSQHREP,1311.467889908257
DDGYVKHSG,1888.3073394495414
HFQNRVLSG,4809.183486238532
LSSNGQWNKD,1972.8715596330276
LWVEGFKS,6175.559633027523
QENEPYWEHLRA,5414.912844036698
HSSQQDASG,1070.0
FWHVVSGERWK,6239.463302752293
QYGHYHLWVG,12904.06880733945
YGGSHLSG,2854.5366972477063
QYDERPHYKHL,5065.123853211009
WQRANHEKVL,2805.848623853211
NVLSVSHLSEY,9664.619266055046
SGENHGQWHGVS,3889.770642201835
AGKQLPKG,828.6880733944954
VWHYEPSG,4763.293577981652
LHAHQWLG,7499.972477064221
HADVEQEWA,2015.4495412844037
GQFRFLSQYNLG,15029.270642201835
GDEKENG,799.9908256880734
AYPKPYWKALG,5458.357798165138
QLAFAGYWDAL,18051.339449541283
SERQDALG,1769.2935779816514
VYVSPFEYV,18435.06880733945
HNHDQVFEG,2786.169724770642
QFRWRNAVAQPW,12641.954128440368
WQEHGRWEYHV,14406.449541284404
QKNGELNDG,1021.183486238532
HSEAWHEKSG,1734.3119266055046
RELYSRPFYWV,25483.229357798165
DQDAVGQFPNK,1404.6834862385322
VSRAQVGHVAG,2200.770642201835
YKKLQPRKHLG,1802.3440366972477
PDFADENKALG,1389.2247706422017
DFNASHEHDVLG,2383.243119266055
WHQQYAWNVAG,6445.591743119266
DYSNPYSG,3344.848623853211
DSGSNHVFEPS,1776.6238532110092
FKNLKRWDSG,2975.587155963303
NRFDWNHVG,5599.733944954129
HNNDSYSG,1795.0825688073394
YYRNDNG,2658.440366972477
LVGSQLSG,2080.6100917431195
DRHLYNNHDA,2695.756880733945
KVYQSRYWNKHV,3896.9587155963304
QDWPSGQFPNKD,2389.5366972477063
EPFWHDQSGPK,2445.422018348624
GAQDSGG,1032.9816513761468
KWSPWWLG,17160.110091743118
WGGPQRALS,5068.215596330275
RHNRYAFRK,2778.1651376146788
NNRWYSG,6877.247706422018
FQFGEDVFDG,5221.564220183486
AVASQERNVLS,1271.802752293578
KGKWVNHDG,1733.3165137614678
NRYDPYWEPHD,9946.261467889908
FRWLQVAQWRY,20060.788990825688
NKFPSWAQKSG,2157.1651376146788
PFRDWFYND,15339.197247706423
DVRNWKLFHG,6000.637614678899
KQYEWSPVALS,4531.545871559633
GPHSLGQPNKHA,1468.3899082568807
QAYKWKQFREHA,2642.6100917431195
SFWANVEKHL,5092.275229357798
SWVAVPWHVG,13027.422018348623
WKNKNVYKHD,2064.376146788991
HKDPFKLG,1877.5642201834862
YRRDQKG,1520.8577981651376
LSAADASG,1387.5275229357799
WGGKWKLG,3980.0045871559632
KFHHYKAG,1993.0688073394494
FKNWYKLG,4842.573394495413
DNDNEDALSG,1274.7064220183486
VYGLPLSG,4757.5504587155965
ARRYASALG,3106.9495412844035
RHPWPYQRYKL,9179.637614678899
KFSQKSKLG,1085.9174311926606
PFHLGPHVRWKG,7902.302752293578
ESPQHVPYKHD,1664.426605504587
LEPHWEPYS,7894.98623853211
LSYSQFYDGKDA,3824.5825688073396
DGPYDYLRWNK,4587.022935779816
ERFSNLG,2649.47247706422
NWPLVSG,7700.724770642202
ERPVVAQWG,2737.7798165137615
HAVEHAFWNLG,7294.642201834862
HLRAVEPYWNHG,8019.142201834862
LFHFAHSG,5857.655963302752
HYASHLHVAL,9835.628440366972
GEWFGFEPWV,26412.11467889908
SQDHGQDSG,1283.6100917431193
QKHASHPYLRH,5011.614678899083
KQYPNLFEPVL,6105.9908256880735
QKLPHQVQWKS,2038.894495412844
NSGWHVDFEWG,11154.41743119266
KQWEASVLG,2479.9633027522937
RVSLNKFRENK,1518.8532110091744
YAVLRKLRDS,4759.004587155963
HDELYRWNL,9781.834862385322
FNWEFYHLS,17987.866972477063
WHVYGFWAFWK,16174.940366972478
HEYRVQYG,6498.793577981652
RPRQYNVPWKHV,5707.325688073394
LVFNAVSG,6671.206422018348
WEQKKDLSG,1897.0091743119267
QPEEDREYWD,3544.0963302752293
FWPPNGFRVAL,24291.371559633026
GFQNKNVG,1964.288990825688
WYVHSALG,8552.059633027522
YDPFGQPWNVG,7519.233944954129
WFDNGQDVALS,5378.660550458716
WKPYAGERPNL,3087.238532110092
FSWANQYHVA,7417.518348623853
VNSWEVG,3107.9449541284403
PFGAHDG,3312.3256880733943
YYNPNKKVL,3022.646788990826
QVDAHFEYHG,3920.6146788990827
NHSGNGHSWHDS,3102.8119266055046
NVQGPVGFRPWV,14687.266055045871
VQAREAYHS,2279.0733944954127
WQHLWRPKASG,5659.422018348624
GNKFQDLG,2046.426605504587
PEDSSQEPWNG,1949.3256880733945
DNKVSDYWHDS,2307.229357798165
YNPFSRPYNHD,7208.334862385321
ADVDGKLG,1218.3761467889908
NAWGLQFWKHV,14009.756880733945
LRPWNKGNGRPY,5522.422018348624
NVDLSHGPAG,2007.894495412844
EDQSHDSGV,1223.4816513761468
NQLVSSG,1787.5825688073394
NPSGQQHVA,1288.2018348623853
HRAARKAG,983.697247706422
YAALRGFKAG,4617.09633027523
AWASDDALS,2757.8440366972477
HNRKHDYG,1879.6743119266055
PGWRQFNS,7761.802752293578
DNDAYSRPWA,4946.123853211009
SNWNKPLS,2330.4587155963304
NSASGNWSG,2355.7522935779816
VRHGRLQASG,2460.5504587155965
KFFPKYHDVA,3278.2844036697247
LFVAPGPDSG,3024.8394495412845
NHYPDLFKH,5181.256880733945
PSNPYVRKDAL,3736.729357798165
SYRPWLVSG,14282.545871559632
FLNKSVWKSG,3043.7844036697247
DFPANGPYDAL,3553.1743119266057
RPFVKAREPYNG,3910.4495412844035
YYRQYDSG,3321.6605504587155
QDHQSNKVSG,938.1926605504588
EGSPKLRYND,1969.4128440366972
KVVPWQREAL,3042.201834862385
LEQQYHG,3424.4311926605506
EDNWWNKDVG,2319.8577981651374
WAHLRLDVG,12474.587155963303
GWHDSWQRPDV,5861.09633027523
LDGPKQFG,3059.2752293577983
EQWYFPALS,14829.857798165138
WKLSKDPHQFN,3100.2844036697247
QNYEDRPVS,1978.5412844036698
QPKHEVEKDNH,888.256880733945
EVVESYVS,2570.2155963302753
WSVLNYKDVG,6487.477064220184
NAGYDVFEVEW,15976.669724770642
PVSQWVYLSQVS,26153.977064220184
YDPRAEHDS,1736.105504587156
VNFSNKVALG,2999.3119266055046
QQGHRDAS,1149.334862385321
HFRPPYNQSG,2997.045871559633
PLNPSRLG,3855.545871559633
KSHQSPYWKDAG,1822.045871559633
ARDEDRKHDS,805.8119266055046
LLGNKRAG,1681.7706422018348
KAVHLNVG,2010.440366972477
QHGLHASPDVA,1859.2385321100917
SRDHPHALSG,2058.087155963303
NYKAEAENDA,865.9357798165138
NVQNQRKRPSG,1245.3577981651376
LWEDYASG,5064.114678899083
FDYFLRPLS,7483.426605504587
ESYYYNKHDG,3350.293577981651
HQHVKLPWNHL,6394.01376146789
YPAEDGFDV,2693.912844036697
FKSWALREFPYV,16029.224770642202
NLDHGYAG,3438.3073394495414
HGDHYWLG,8006.720183486239
QARVSRSQFPY,7567.032110091744
YQSGSRWS,5358.293577981652
FDHGYSEHV,4178.752293577982
REHAVLGDVRYH,5105.720183486239
FGKEASRPWA,3716.761467889908
GYQFHSKASG,2695.201834862385
PAHAEAGPS,985.8623853211009
EDWHRFEKLG,3573.123853211009
FDQGVGFPNHV,5053.036697247707
FRGSAGQYWDL,11169.316513761469
DYWFEGQENDG,3347.8853211009173
EWGHQNVSRNA,2600.8990825688074
VNLVFRYWHDA,22132.022935779816
ENQQPNFRSG,1966.6009174311926
LYLGWRWAG,12782.12385321101
QFRPEKHLSDAG,1896.605504587156
SLNAFPYHVG,8074.5504587155965
YDNAVSRVG,2850.5504587155965
AQAWRVSG,3943.967889908257
VQQDWNKHLG,2120.2247706422017
DWLQAKHG,2552.4449541284403
YLNALDSPWALG,10784.56880733945
DAHLQKELSG,982.6376146788991
QEPEAEYVSGQL,1527.6376146788991
PKALWGKGPKG,1789.573394495413
EHGLNKLSKHL,2219.8669724770643
ENLGKAEKVFL,2604.8669724770643
RHNSNDYALS,2841.7752293577983
RHPPNHSNALG,2123.8577981651374
YLHEQASG,1959.651376146789
GDFRWQRS,5422.591743119266
PKWSNLREYDL,7014.394495412844
NGNELGQFS,2226.4954128440368
EAQANKGKDVA,703.1009174311927
NYHQEFWVALG,16027.839449541285
DEAVGELSG,1334.197247706422
WQVNDKDLSG,2405.559633027523
HNKSDQYNHAG,1689.619266055046
YQSPGPLS,2696.243119266055
EDSHRWVFKDL,6284.087155963302
RFWARQVLS,9509.559633027522
DEVQDRWNKHAS,1867.1605504587155
QNHNYNDRNKHA,1720.8119266055046
SEHHFPLG,4478.908256880734
VERHFEVLS,5404.770642201835
QYDADVPSEPK,1100.5
GQPFRSKVS,2187.894495412844
FDWVHSYWVL,21107.24770642202
FEYGQKRWGFK,5253.756880733945
WWREWNENHDV,6845.165137614679
WVWVVLEWAL,48617.536697247706
QSNSRVYWNKG,3346.077981651376
LNLNLHSG,4017.169724770642
WHYRVYWNDL,19353.655963302754
WWDDLWKVL,18399.866972477063
LSVHSQAG,1896.211009174312
HDAEPEWSQEN,1557.7981651376147
YPESYSG,1956.559633027523
AVEADLSG,994.1559633027523
HSYPWYKDAL,7765.55504587156
YPPHKAG,1362.940366972477
HDKGNGQFPND,1612.7752293577983
AQSDKHDVASG,760.7706422018349
SFPDDLPNDVL,2683.412844036697
HDLKVPARPWG,4863.123853211009
PHDPAQYAQKV,1489.7431192660551
AAELALSG,1540.4174311926606
YPPHARAG,2338.123853211009
FALPQHGWNDVS,4076.0412844036696
DVSGPLHSRNA,1516.1788990825687
NSEKVEQPVSG,890.151376146789
QQKNYWLG,4594.5
YDAYVRWLQKA,7165.646788990825
LVSGGHVAS,2122.3348623853212
FEHALFAPKQNS,3272.2798165137615
HEVLDSFEYWN,11774.5
PQLLEAG,1727.0275229357799
RHPHYNKSFPH,3625.1880733944954
ASGGLFPWNDSG,3919.353211009174
LKQRLYSG,3732.380733944954
VENYREHVLS,4093.1880733944954
WDRFNHQFYVL,34069.35779816514
RDFPNRHPYNK,3577.0825688073396
DLDQHGHAG,1660.48623853211
FQPHHASHDAS,1884.591743119266
PYGYREVGRNK,3114.229357798165
GKWLDLG,4027.711009174312
QYLHKANHDAL,2728.802752293578
NVDKVHDSG,1063.0091743119267
VWHNWDVG,7130.8302752293575
KEELNAG,837.4128440366973
YKWRAGFRPW,12589.353211009175
VRYQWSPDA,5492.022935779816
LELQWAYSG,9279.577981651377
WEPASYSPWNA,9584.45871559633
LQQFVAYDLG,18052.69266055046
DRVKWKSG,1497.880733944954
FYRPHLHFEYNA,11757.266055045871
NVSVLQFHRWK,12327.055045871559
WDYQRKHWKDV,3712.9266055045873
DQDHEWALS,2285.087155963303
FFPNRQREYNV,5477.334862385321
HSWLVSRNAS,7185.779816513761
WYFESVSG,10232.678899082568
GYQRYRDLS,6022.334862385321
ENSRYWVEPWKH,8414.605504587156
EVSPWDRYGYV,10427.977064220184
RFSRLYLS,15002.463302752294
QYKFSQNARDA,2885.2844036697247
AFVHQDLS,3379.0733944954127
NVFSVALYHDG,29323.25229357798
DQQRHLHALS,2916.091743119266
RQWFFKHDALG,9811.761467889908
PADGKHYVLS,3219.651376146789
RDHGHDYWNS,4529.344036697248
LKPGRLSG,2463.912844036697
PKEEWLWDALS,5708.917431192661
FLNDHVYNHDLS,5931.426605504587
PLDVSWQEYL,9724.160550458715
DGPRHRPWKDL,3210.151376146789
QQYKYSQRWV,7086.266055045871
RKGSYFRNHAG,2054.6926605504586
GKSEQKVA,784.683486238532
RFYLSWVHDVA,18079.60091743119
WPFVYDALSG,17695.045871559632
DHPHNKHVS,1490.5
GWVNENDLS,2992.0825688073396
QKRYPWLKHDVL,5913.724770642202
QGGLKHALS,1889.3165137614678
QVVNPKSG,1203.8302752293578
PFDHVNALSG,3710.912844036697
RREHWREYNV,6249.417431192661
QPYYDPNAYNK,4883.825688073394
FVVQAGNKDAL,2433.467889908257
AFHALPASPDL,3702.8669724770643
VPHHQRWALS,5393.09633027523
PHGRWPNLSDLG,6639.036697247707
KFYQVFEPND,4736.743119266055
DSKGLFNDVG,1514.665137614679
DLAAEKSG,887.1330275229358
DHFYLNSG,5423.926605504587
ESPGPKSFWNDV,2027.2477064220184
KKSQFGWVLSG,4056.5963302752293
KLHYFKVSG,4400.100917431193
FGFHVPQVLG,6767.325688073394
WLLYQKVSG,8359.628440366972
NNSNPVLSG,1959.9816513761468
ADQFHLHSG,3639.908256880734
HWYFYVSG,15635.151376146789
VRSFSRALS,5477.614678899083
KGSFDLYWKHL,6290.752293577982
KSFQRPRPHDSG,2050.646788990826
FWNDHAWREKDL,4859.651376146789
KKHVWHWHVSG,4824.192660550459
PKHFREQFEAWK,3955.3899082568805
RHENGQKAYN,1676.2568807339449
PNQYFWHSQREY,11067.504587155963
EEVFVAFEPNDG,18129.98623853211
PSQNGVGRNK,1093.4449541284403
NPGVAVLG,1840.7247706422017
YKKYQYALG,3602.587155963303
FLELNEKVG,2931.0550458715597
NANSNHQEWASG,1999.3899082568807
APVHFVLSG,6152.98623853211
RQAGHRPAG,1850.9449541284403
NESGLEWLSG,4027.2201834862385
WLGVSVREPW,16255.050458715596
AEFQDVALG,2930.830275229358
AFQGKHVALG,3040.816513761468
PLFHDHGEWNAG,4305.165137614679
PHGAVAYKVAS,2941.293577981651
PDEGYAEHDVAG,1979.4954128440368
DEYVDQEPLG,1770.7798165137615
GHADFDSG,1805.408256880734
QNRQYWAEPND,3327.9036697247707
NLAPFNALS,5121.100917431193
RDNQAGHG,1536.6743119266055
HPRGWDASG,2547.091743119266
FRYHVPEPFNH,5636.1100917431195
NKNESGRWLG,2806.119266055046
NYRYAPG,4536.256880733945
DGESAGEDSG,1020.9082568807339
YNFQGFPYKL,10190.871559633028
AFRSHLNKDVG,2340.743119266055
PVVRHLYKHS,5209.477064220184
YVAESFHVEKA,4503.220183486239
HFVQVSGHVL,10832.490825688074
RYPENKGYVLS,3967.619266055046
EDKPPNVALG,1078.7064220183486
GHQPQRYVG,4391.348623853211
RQNHSRKRNKV,1043.880733944954
HVPWNFHVYWL,36178.536697247706
AFKVGEDQEYG,1935.4036697247707
PRGEHEHAL,1656.2614678899083
FSSKGRVASG,1825.9908256880733
EQRSDLWKHVAL,3009.408256880734
QRFNNKLSYA,5159.348623853211
ALFAWNSGAS,5504.394495412844
SNYADSG,1575.091743119266
YGEPPKFVLG,5622.1100917431195
FLPPHQNKDVA,1642.091743119266
EPPDALDFEKHV,1264.197247706422
EDDFEDAYVLS,3377.761467889908
HASYYKVSGA,3764.738532110092
GRYVGRHFWHS,10785.935779816513
EGKPGFPG,1353.045871559633
PPLWEAG,2886.8119266055046
QKLHVADREDLS,1274.6605504587155
LSDFQPVASG,2324.119266055046
FVHEVQYWDG,12034.165137614678
PFWQHFYWK,14963.573394495414
EWPGGEHVLSG,2381.151376146789
FQDPPWDALS,4907.793577981652
AQQHRNLG,1887.788990825688
GWHNNDG,3035.743119266055
GFLKHPALS,4899.876146788991
KKYHYKALS,1175.7660550458716
VASVYHGHLS,4858.100917431193
PGFDNVANKAS,1692.7018348623853
YPFNEWNDVS,5018.917431192661
RGADKDSG,872.8532110091743
WKNLEPKGEWNH,2614.8119266055046
WWKQYVLWNDS,13116.41743119266
PASFNLFLQEN,16707.17889908257
DESWWDVAS,4644.527522935779
EEPELQEWK,1068.6376146788991
WYSENWKAG,4153.077981651376
HWYSFHALG,12216.720183486239
RLFHVRKRPAL,5294.587155963302
GFSFRKVRVL,15101.059633027522
PNKQAYVLSKA,2250.577981651376
DPYPFPVSG,3355.8394495412845
PYWDKGRGWDG,7033.380733944954
YKYKRLNAS,2029.4816513761468
KVWKPALFYNHA,8477.862385321101
WLNSKHGPHDS,3052.146788990826
SDKLDSG,895.3348623853211
APHVESNKHL,1233.711009174312
WFEFWFRAL,12509.573394495414
YDLPSFNKLQRW,9807.133027522936
YNFHQFWLQRLG,16822.463302752294
EQYFVEPYWND,16523.142201834864
AYHFKFREYG,6729.784403669725
ELDPLPKVSG,1117.091743119266
QGWDQWFKDS,5391.899082568807
HKSSNLG,1180.7844036697247
PVQPAPNYNDG,1713.6926605504586
LGGWYHLSG,9901.853211009175
HFRFYSFPWA,23709.545871559632
PAYQPGQPHVL,5033.527522935779
DWLAHVALG,9008.371559633028
DDAVLNHDLG,2078.1146788990827
FSKKEWKG,1137.2477064220184
HFSDYKVG,2996.467889908257
RAYSDLEYK,2888.02752293578
SENLYLFEYWKA,15829.587155963303
QSEEGRKVASG,1093.894495412844
HWGQRWQPALS,8818.30733944954
EQNKPSWNVS,1419.2614678899083
FHWYYDVSG,9550.5
FPSQQPHGWLG,8915.449541284404
DQDASSEVG,881.3715596330276
EHAFVSKVQWA,6939.935779816514
ENLSEFSFYG,30150.610091743118
WELDSWSG,9237.550458715596
QEWFGEHGHAG,3457.798165137615
DVHVEPLEPHA,1777.394495412844
GKRYDFG,2718.8440366972477
FYEGWDNKG,3189.045871559633
EHRPLQVAPHVL,3224.394495412844
RDLAWALWG,14678.201834862386
EAFHWKDEVAL,3242.967889908257
KFYFFPAG,12646.550458715596
NDLDWVPKG,2467.4908256880735
DAARQRDG,1320.0275229357799
KHAHLFLQRDL,8293.233944954129
VNRHFPG,3786.4770642201834
EKQRPSEWVGH,1882.4587155963302
VLGFYEVPYWKG,16203.247706422018
LFNKPDNDSG,1486.665137614679
WDRQALPWNHL,13034.935779816513
QDQLVAGWDV,3995.091743119266
NPVQSYKVASG,1654.0
QRFNHRARWV,8066.591743119266
VYYWVFG,15802.701834862386
QLDQRHQHVAG,2223.1743119266057
NESDSNVLG,1278.0275229357799
FGVDRHAG,2938.233944954128
HYGPRPG,3607.4174311926604
WPDDSRAS,2304.9954128440368
DQQWDDLSG,2314.9816513761466
FDKNNLSG,1370.7981651376147
SGDYFRALSG,3978.577981651376
DYRSWAG,4258.270642201835
YQHLDANHDAS,2303.394495412844
QEWDDVQWAPYK,6377.674311926606
RVSYLNKVVG,4411.743119266055
DYPLQFLG,10680.288990825688
RDYWEPYGRNKG,4582.715596330275
YLLSNDLYNHA,6067.275229357798
GWAPHNSG,3356.1926605504586
YWYHGYWVLWHV,17932.518348623853
RANWELSG,3342.4908256880735
YQDNHFPWNV,10414.908256880733
RDHWNVHDLS,4781.811926605505
ERGYDELG,2004.6605504587155
SRLYPWHVASG,8252.04128440367
LHWLGNASG,4263.357798165138
PHYHVFLQPKHA,9263.155963302752
YQNFQRPNKAL,3941.412844036697
WQWWQASG,11668.853211009175
VNKFGYKG,2052.8348623853212
PQYGEHPSG,1720.619266055046
DPVSELQHS,1039.2155963302753
RQPFRVGRVS,3695.146788990826
VNAGVFNDVASG,2085.151376146789
EHLQHGYKFPYA,6201.55504587156
RDQAKGKDSG,694.059633027523
WYKQAWHVLSG,7766.137614678899
HEAPPHSG,1635.7064220183486
RKLWFKVKAL,5038.293577981652
QGKVVANKDS,748.454128440367
NQANVLDVLG,2696.5045871559632
FWHVNHLFPANK,6929.908256880734
LPQVAEDLG,1375.01376146789
NYHQRWVHALSG,8346.091743119267
VLARKLSGLS,3590.1880733944954
RKERPLRVSG,1493.8990825688074
WGVGWVHVAL,27139.74770642202
GYWKFDQYWNKG,6650.857798165138
VDLLEASG,1785.5688073394494
PLQPVQPQFNA,2737.0137614678897
GFYWHHHDS,6632.775229357798
VYGHKASG,2064.7752293577983
VPLGVKDG,1648.5
HLAYYWG,12598.298165137614
KYKEGPNKDVL,1365.8073394495414
FPDQLQHLNSG,3327.321100917431
VGGFGRSG,3568.6926605504586
HGEDGEVANH,1449.1100917431193
FRAFKLNKDFV,5860.454128440367
HRYGAHVLS,5263.876146788991
FYAEPKWAGYKS,3953.922018348624
QKASEDHAFKA,1015.9266055045872
HFPELFEWNKVG,4947.206422018348
RKQHKALRKH,906.5091743119266
EPRFWNDNVS,4404.481651376147
PNGPDVEDVQEH,920.7247706422019
EGHYEYASG,2559.4174311926604
EWVGEQNKSQPW,4793.779816513761
RAALFKFHDA,7030.431192660551
LQESYEYLSG,5449.1697247706425
KDRHVHAQPVLS,2225.816513761468
FVHRRWAG,6625.160550458716
WFQQWHVALS,15715.449541284404
WGDEGNASG,1990.4908256880733
GQGEQELG,1007.9174311926605
SERPKQKHV,966.9816513761468
HEQKWALS,2952.2798165137615
NPVQYLHAL,6668.100917431193
FKYHNVEPYKD,2941.8440366972477
WRNDQQYNS,3532.6926605504586
SRHDSYSWKHVA,3619.6100917431195
KFHNDQNKHG,1434.0871559633028
HQESYSEDVALG,2189.729357798165
VFPVSHSPWHA,6898.431192660551
EYKQSRHGRHD,2169.4587155963304
NQRHRAEPYN,2868.02752293578
WSNNYHDAL,7588.119266055046
RWDRKRPYFRHS,6840.1100917431195
HQNSPWFHVAS,8938.555045871559
PYKSLSRALRA,3461.105504587156
KPESKAG,604.4954128440367
NALDWHSPS,3955.711009174312
FVQGFRKFRDG,6138.527522935779
QGQAALPYWG,7292.477064220184
KRNFERYAG,2422.605504587156
LRVKSYAG,3491.330275229358
NSWKHYNGPWHD,8617.339449541285
DAPDSDGFYW,6929.087155963302
HPQPDHALS,1566.7477064220184
NRWLDAPDVLG,6126.183486238532
SRLWVQVASG,9128.288990825688
VSYKHPWSRHVG,6360.376146788991
HSEVVFPNKDA,2252.9449541284403
RSGWVSRHQWK,4970.706422018348
HHVEAPDS,1378.4036697247707
RGNDPWSWKH,5100.091743119266
NEVPHREG,1448.6788990825687
VEVGHQKG,1187.394495412844
RKKNWVAG,1325.0183486238532
NAAFSGFHDAS,4131.775229357798
DAEWYHEPYNVS,8448.06880733945
YVKHALDGRYWD,11027.385321100917
WENKASSQWNG,3349.1009174311926
GAGDGYHSG,1987.0
PLVNWKALG,5193.0504587155965
RGWQWRPDVG,6291.481651376147
PADGNVWLG,5403.201834862385
PLPLHGFVASG,5945.426605504587
DALSVGFSRYKH,8028.779816513761
YQYWLRQEPD,7116.770642201835
EGSGPLFRYKL,6675.467889908256
NKKEGFRYNDL,2034.1605504587155
FYRQQREYN,4070.637614678899
DLSYHLHEPKDV,2461.761467889908
KEDVPDEWLS,1888.3715596330276
DVHVFKYVALG,23085.371559633026
LYEWEHVAS,4955.357798165138
EGAFWRPNSG,3672.7844036697247
SGQYLNLFPKVA,6618.876146788991
QLPDRENNLS,1447.2477064220184
EHGQWVEWFND,11447.802752293577
NQGFLHDVL,7346.293577981652
EENERYHVG,1853.1559633027523
GYGDQVLSG,2713.9862385321103
VSLDRYSG,3825.6559633027523
SDFLKVSG,2878.8119266055046
NQLQVQES,1193.7431192660551
RAYEQRNDLG,2589.3899082568805
HSAQYHREWL,8567.440366972478
LPWKFQNHS,4090.1605504587155
PSYNEPFRWDS,8447.256880733945
GDSGLQKLSG,1285.7431192660551
DPPRHVALS,1780.6009174311926
LPSLFESG,2533.6284403669724
PPRPQEG,1098.2385321100917
FWAPFPGRWDVG,15934.944954128441
DPVYDPVLG,2193.9770642201834
YQSQFVDVL,9607.325688073395
PGHWGFNHDS,5075.261467889908
PRKVEHAWVS,2636.0825688073396
FGFKASRSYHDG,4743.981651376147
AAQFGEASG,1453.5779816513761
DSQVDLRWDG,4045.435779816514
QYDVWVFVSQEG,40327.564220183485
SAGFLFAG,15099.467889908257
LNQPFLG,6364.334862385321
LPWQRREKHVS,2844.412844036697
PYLKEWAVAG,4807.192660550459
RAQSFRLHDA,4376.146788990825
ERSGGFWKDV,2426.637614678899
LDFHFDSG,5036.3302752293575
WFWGGKVAL,10381.54128440367
NRAGFGWHDVA,6528.422018348624
AFYYNNHDVAG,4634.564220183486
WNHLSSGRSRND,3828.0825688073396
NRPGNRWHDLG,4337.004587155963
VNHKWHSG,2260.298165137615
DPAQAKVASG,817.8302752293578
RGVLFYENAL,23540.224770642202
LDSGRFEWL,11565.077981651377
QFNQYADEVL,4341.651376146789
PADDVQHVAS,1329.288990825688
QHNWQFWDA,11380.408256880733
DYSDYVG,2873.201834862385
HQRVHGEYWNV,6463.807339449541
ESAHPDAG,1100.5275229357799
DDHAELSG,1114.0779816513761
RVPKPNVFHAG,2448.6422018348626
NLFQKSPYNDVA,3263.4908256880735
KHPEGRPG,1053.7798165137615
NKPKNREWG,1384.98623853211
PKRQDVRPKDS,719.802752293578
DEHGDEDSG,975.0366972477065
QHHPPHSG,1969.0229357798164
QSPEWKLFPL,5452.1697247706425
SKAERWDG,1763.0229357798164
SHLPQHDL,2660.7752293577983
DLPHAGDWKHV,2490.8577981651374
WKEWHDPNSRYG,6395.1100917431195
RKELKREPNV,979.5871559633027
YEWWDWDASG,9502.440366972478
LKQWAWL,12370.160550458715
KYNGPREYWNK,2969.0733944954127
DPHHHVS,1858.4495412844037
WYKDGDWDLSG,5409.275229357798
VQGWRYDALG,7330.733944954129
AVSDKDG,765.7935779816514
EQYRKWKVAS,1844.1697247706422
WGWNYGQREKHD,3969.0825688073396
KRPVQELNKHSG,927.8761467889908
YRHPPDSG,2063.091743119266
NWQPGVAG,2708.243119266055
REDSRASWAGRK,1564.908256880734
VPEAHAG,961.3990825688073
HSNFQFPWHDV,10792.311926605504
SGEWDLKQPW,7697.160550458716
RSPDSRDAQKHL,1236.2431192660551
EKWQYKFWSG,6397.302752293578
HDVSPDAFVSQR,3260.47247706422
KFWNNRYWSG,8822.871559633028
YRSGHVWNKG,3326.6605504587155
HKVPHWNKHLS,2891.701834862385
LRQPLWSG,7765.279816513761
WKYDFVRHDVG,5786.206422018348
FRNWDSQAFHDG,6355.564220183486
QKEDAFPSPDS,951.1697247706422
EYEWNKFVGDA,3717.711009174312
SDFRYSASG,3031.697247706422
HDLWNARKGDVS,1915.5
QPFGQESQFVL,9764.935779816513
RFPWRNDGLS,7047.857798165138
YQHVYNAREYK,4426.44495412844
RDWRYEPLG,7077.1697247706425
HGNPDVLSQVAL,4207.674311926606
ALWQHSFRP,9103.298165137614
VPNQRQEVALS,1363.9816513761468
SYYWRDL,8172.073394495413
EWNAEDLHAEKA,1451.3899082568807
LGSNKLNDVA,1515.4174311926606
SFKKFDALG,2457.3715596330276
LQNPHYWKDAS,3640.3577981651374
EPYAEWFSFRNS,19477.70642201835
ESPWYLGFREY,14356.146788990825
RNDKHDRVQWNS,2288.1330275229357
SSPKDAKG,768.0366972477065
ADVPAPALG,1151.059633027523
VFDVDAYHALS,6019.862385321101
NKALHSKHRYSG,2171.422018348624
DAAEWAREYK,2012.2339449541284
DHPDDVSG,1145.6100917431193
HYKHFYNQREPS,2633.5091743119265
FPSWPWNYKDA,10029.711009174312
PNNHLQVSHL,4433.426605504587
QRGYFYSEHA,8898.050458715596
EYHQFGREVYVA,12854.408256880733
EFAVRDSG,2075.5963302752293
SHRVYDG,3209.1559633027523
WYEKKDALS,2010.9724770642201
GQFQPNGWVAG,5220.44495412844
YAYLPPYKDV,5656.408256880734
NRNVNVEHDA,1614.8394495412845
NQNDKASPYV,1406.3853211009175
EAYGNDGPWHVA,4759.201834862385
WAKKDQDSG,1045.2660550458716
VWWNKVNG,3880.7247706422017
RQQKNVAS,822.7981651376147
VGALKYNVA,2799.032110091743
YLQVFRKREWHL,11348.564220183487
DFYFSRYNAL,12198.449541284404
PQYQLFYG,23170.628440366974
QSRSGKDYWKDS,1744.059633027523
GWYRDSG,5943.454128440367
FDAVYDVENLG,5029.188073394495
RDSPYSAFWHS,7895.724770642202
DWKGQHDQFKL,2998.7477064220184
HFAYWQFLS,17787.490825688074
KGPHVFDNVG,2765.848623853211
AAWKVRPG,2608.4036697247707
GAWKKDVLS,1862.197247706422
HHFGVLSG,4582.316513761468
HDFDDQRYNDS,2901.743119266055
DFPYNQHVSWNK,3851.4633027522937
RYRESQHVHDAS,2627.4036697247707
REQEHHAQVS,1347.6834862385322
LESVKLSG,3526.091743119266
KARSEDAFL,1590.4128440366972
YVQLALEPYHG,15195.37614678899
NKPNHQRSRPN,1706.8761467889908
WSVNYHLG,9799.54128440367
NPYPAFKVL,9298.940366972478
FPEAFYVEKDAG,10055.522935779816
KHQVPHDVPS,1225.366972477064
SQKASFAPYWK,4515.605504587156
PWFEKEDSGYWN,9713.165137614678
EWRWKDAGNHWK,4237.720183486239
QPEDYAGYKL,3739.591743119266
FYYFRKDKHDG,2082.0733944954127
HEAQWSEPWNKV,3792.0504587155965
NKLEEHGQWKD,1533.573394495413
EYQPWGPKDYLS,4380.0091743119265
HGERNLEKHA,1406.7385321100917
WQQEWNPLS,6764.385321100917
QLHPKAEPWH,3695.623853211009
VDSVRNDALG,1789.3302752293578
GRQFLYALG,15551.178899082568
KRNVRSREPNS,987.7018348623853
KENHFSNDG,1667.5412844036698
YQPRWQNHDV,4312.614678899083
QWVPEWNDENDV,2768.830275229358
NADDANAG,1031.7614678899083
DLAGPPNDLG,1626.5275229357799
HVGPFESRWDL,7655.463302752293
NKQDGDSWVL,2688.738532110092
KDDNNHLSG,1078.7522935779816
YLDEDVAPDS,1594.4174311926606
QKWRREASG,1476.5366972477063
PGPRLSWDAL,5970.201834862385
FDAWNVADFEHD,5324.357798165138
QEHLSNLFYKRY,8387.669724770642
GPRSYALS,3194.559633027523
PNNVPYGRDS,2749.238532110092
WVVDWNLSG,10729.90366972477
WPHAFLGQKVL,11184.834862385322
RGGADSG,1133.3440366972477
NSLNVEVSG,2292.711009174312
RVWDSKAPNS,1851.7018348623853
PHAEDPVALEHG,1532.7477064220184
NAELPDAEYHS,2345.183486238532
PPWFWPNHVLS,21705.72018348624
RKPVGQLSRPWN,3814.2477064220184
ENDHSEKEPKS,604.4633027522935
PEENKQSG,774.8394495412844
FNGYSFWSNDL,15028.073394495414
NRGLASG,2156.646788990826
DFGVYNG,3708.853211009174
APQWVQAL,3326.362385321101
LKEHWALS,3168.0963302752293
PHQGFEHDEHL,2208.816513761468
KPLWLLSG,7884.307339449541
PQKVYVFKVAL,28606.871559633026
KYWPFPYDVL,17374.059633027522
QRVYDVDVWNHA,5995.729357798165
QSGAFNPYKVA,4017.532110091743
AGREGEWSPWV,9082.95871559633
YRPVRDEVAL,2323.8669724770643
PSRVFKDQFPA,3608.8440366972477
NDFQKHSEYDS,2093.348623853211
VWLNPDVALG,7792.90366972477
KSQDYNANL,1349.0504587155963
WKKQPAQEPNKS,947.605504587156
VPDEFEHDAG,1277.8853211009175
WPDVLYYDVLG,26869.009174311926
HPDESDAG,1080.1743119266055
FREQASPGRWH,5152.908256880734
FYSPYPNSRHS,4149.211009174312
SQEDRNDAHS,1189.2431192660551
YRSKNDVALG,2024.3440366972477
GFSPDVEPHA,2213.935779816514
YRRYWDDAG,6859.733944954129
NHLYHPYLSEY,15499.151376146789
NGQRVSQYASLS,3778.646788990826
VVSRSHG,2253.9311926605506
YVERASFPD,6896.779816513761
VSKSAFPWDSG,2735.0366972477063
HEGVEWLG,4757.926605504587
KVYARKDASRNK,1126.5963302752293
FGRWRALEPAS,5359.018348623853
VEQEHEASG,887.9036697247707
NYKVWDREKVLG,3143.9174311926604
WAAGQYNWHVL,18262.394495412846
RYVRQYNQHALS,5527.885321100917
EVQEFEWANVA,5554.724770642202
FVAESELYHAL,9075.908256880733
AYLEFKSG,5896.004587155963
RGQVHSGWKH,2998.770642201835
SNVRWPKVL,6114.733944954129
EVQPDGFYKKG,1490.3302752293578
KDDVQEEPYNG,977.0963302752293
EQVWAYHDVAG,4185.793577981652
EKHLVARWAGKD,2438.178899082569
WESHVEAG,2980.9449541284403
LEGKDYLSG,2119.0688073394494
AGDNKSWG,1613.5871559633028
GFDWDPKSG,2794.646788990826
NGQWYDAFEAL,11117.022935779816
QSERESEWNDL,1901.334862385321
EYWPHQKSGHVL,4116.899082568807
NDKQLRKAL,1578.0366972477063
QSWRLEDVAS,3128.8899082568805
PNWDFDRDLSG,6157.481651376147
FRPWSLFASREV,15125.518348623853
HWLFHLWG,16675.889908256882
HWLFARDSG,7563.353211009175
WYSQPYQHLS,9494.032110091743
YRVKQFHVLS,8530.362385321101
VLGRNKYVRWSG,6174.302752293578
GKAASHG,1133.5642201834862
EDSFFWDSPKDG,3881.3853211009173
WPSKVFG,5492.40366972477
RHLVEDLWLG,9782.697247706423
LWNAGNFEVG,5255.325688073394
NFQEPFRLSG,7603.90366972477
DLNDNHFEWVLG,8442.646788990825
PDAGSGVRYNDA,2104.353211009174
EGYKYGPYDVL,5924.325688073394
ERYWRDPWLG,14052.885321100917
RDLGRAGPENDA,1726.0183486238532
VSKYHVRWKAL,4197.412844036698
WAGWYSFNKVG,11545.816513761469
WEADRNASG,2908.52752293578
VHLYYNVLG,11800.564220183487
FEDDPKQEKHL,1061.8211009174313
PWDYHDNVGQK,3057.0
LNRHSWLG,7641.559633027523
NGNLYHNKLG,2995.0183486238534
NPQFQRDVALG,2744.605504587156
SRNWEKDVA,1797.2935779816514
DNAFDAKSG,1122.697247706422
QFDLPVSDAYKS,2136.97247706422
PAQEHFSRPWG,8773.605504587156
ERQSRVAL,1935.9449541284403
VRHDNFEKDLS,1967.9633027522937
PLPWAFWSFND,29579.394495412846
EGLEEPAG,1077.7431192660551
WLRSGQWAFRKD,9324.233944954129
ENQNGEYHYD,3506.8577981651374
RAVFLSVSG,27149.903669724772
DHGKGWVLSG,3066.706422018349
RDYSHLSYWKH,6216.183486238532
NFLRKVHSG,3872.97247706422
ENFPKHDHAEY,1890.7981651376147
APQYDNDSG,1458.2431192660551
WKAFQKVSWSG,6621.224770642202
EQNSDAQFRNVS,1526.165137614679
YDSFQPHYDVG,6062.821100917431
GPPSPDALSG,1079.7568807339449
SGGFGKVG,2092.8853211009173
QRKKAFYHVEHV,2437.353211009174
RQAHSEAL,1244.9036697247707
LQAWPKLS,4238.279816513761
HYPVYNDALSG,4588.178899082569
DEGNWVG,2944.183486238532
SKNVFDLSG,2154.3577981651374
QLVLSYNQFNLS,27209.169724770643
SRDKRHLSG,1550.7981651376147
RYNAEHHSGQA,1905.408256880734
FSLSHQHVSG,3216.6880733944954
FNHLDSNKAGFW,10316.908256880733
HLFPDQDYHL,4980.229357798165
DSANEYG,1876.6100917431193
FWLHWSQKDVLG,7792.155963302752
EDQAWKRYALG,3653.623853211009
PFKAVQRYWVL,18362.990825688074
WNQQVSVAL,6786.967889908256
RQVPWWHAS,10067.243119266055
FYGWLGNSFPYL,12500.770642201835
RPDVKLSRPKVQ,1846.7935779816514
QGLDKHLSG,1557.1100917431193
EHFWPNFREYG,13571.08256880734
WVSPKKHQWS,3471.908256880734
EPVFKGSRENH,1744.0504587155963
DALPDQYKLSPY,4175.0091743119265
HQWRHGWND,7591.821100917431
PPLGLYAG,4785.316513761468
AHLLQHAS,2531.3073394495414
YKNFQYVS,5593.4908256880735
PHRYSRFEPYSG,7755.59633027523
SNLEGDAS,1215.7660550458716
GQGLGWSG,4292.307339449541
PYHVKGWKHQWG,6111.027522935779
HFHLDAPNHASG,3079.637614678899
NAENWDQRDLS,3237.0963302752293
PYNEVQFVQFRP,26301.0871559633
AELGDVEDALG,1392.6376146788991
YGQVDPYKHD,2740.206422018349
YNPWAPLRPDVL,10568.114678899083
SEFYGEPSG,2315.064220183486
WWPNKSNG,3887.8348623853212
PLYRREWDVALG,10442.504587155963
FFLHKVAS,4009.201834862385
LSNDAQSGDS,1012.197247706422
GPRDRHSG,1373.8715596330276
RVYLEDSRHV,5976.467889908256
PLAVPSG,1989.0642201834862
FNAFEEKLQDS,2481.467889908257
VQWKYHSGNKDA,1884.848623853211
PLHNALPNVG,2569.9633027522937
PFVYKQEPWG,9378.93119266055
FKASALWDAWDV,9522.59633027523
HKKAQRWKHV,1419.3440366972477
VLLDHDSG,2892.394495412844
QPAFPKQSFRE,1808.8532110091744
PHADSYNARNKH,1914.665137614679
AAWNYHLG,7084.926605504587
RAQVENRYALG,3554.6926605504586
PNFDENDDVS,1563.4220183486239
DNVGLRWSG,5162.894495412844
GQLWFNALG,13167.490825688074
VVSHSNDAS,1234.0642201834862
SWDDKHLS,2798.770642201835
DGSWYLSG,7366.211009174312
GVLHWKALSG,4482.816513761468
WHGNRWNLKDVS,4993.40366972477
RNRLALQFKHS,5271.05504587156
PLHQKREKVAL,1505.2018348623853
PVYRLGRPWKA,8605.522935779816
ALVDFEG,3064.293577981651
PFSFAALG,12777.97247706422
NDQYEHAQDG,1765.2201834862385
KDSPWSGELEVL,2468.256880733945
EQVYEALS,1867.5183486238532
YAVPHVLWKVS,10932.233944954129
LHNSENVLSG,1895.0183486238532
QDQNPHVYNKH,2015.7660550458716
SDFRSHSG,1955.5366972477063
QNAYFKDQYKD,2712.9862385321103
EEHKAPHDL,1181.926605504587
SGQFRNPYHNKH,3708.0366972477063
YYGNYLSG,3380.321100917431
DSKEGFHVSG,1207.8577981651376
SASENYAG,1448.1559633027523
HVSKYVSKAG,2054.7247706422017
REKVGRSGPRWA,2950.6284403669724
ASWSQHQPHDS,2560.9495412844035
VASAYNGPNH,2380.5045871559632
WPHQGKLS,2577.7844036697247
FFDYLPHDAG,5075.5504587155965
YHFYWNWGFRND,11908.362385321101
NYVNSEVALS,3440.8394495412845
YVVFWDYWKAL,19697.545871559632
HEAKGFES,1404.0045871559632
NRFEQKG,1543.7614678899083
FGVQLGNKVS,2751.6559633027523
SAPANAG,1064.0366972477063
QPYVVQFRKLNK,9578.30733944954
FYEQEVSFPK,4186.224770642202
FKHHHDAGAS,1547.0642201834862
KDGSQPHEYWA,3807.9587155963304
NVKKYNKHDVS,1105.8302752293578
YNLSKLGDPWDS,4452.660550458716
HWDRAFWNKLG,7865.394495412844
LVLGDFVL,19668.229357798165
FDHLPNHRDLS,3861.3715596330276
NKVYQRGPYKD,2703.321100917431
VPPWRHV,6258.55504587156
SGSGSFNS,1919.8256880733945
EVYRSYNVLS,10333.862385321101
SQEQGRYS,2901.743119266055
EWFGARYDALS,11554.449541284404
VKLFKWDS,4043.178899082569
GSQYGDALSG,1937.8577981651376
YWVPKFEKSFKG,4359.857798165138
QEPDVHLPWLF,19417.215596330276
ANHKKHSG,869.9587155963303
RRVGVQHVLG,3753.821100917431
WVSGLSGLGEH,4485.224770642202
YAAEDVWAL,6433.463302752293
QKWVRKFPKS,1592.7431192660551
PERSKVG,906.2477064220184
KSWKSQLGNKV,1249.7155963302753
WKYLVSWHAG,11472.45871559633
DYFYFPSG,13441.348623853211
RSRHPYFRDAL,7059.619266055046
QPHEDGQSYNVG,2753.876146788991
YFDQLEKS,1701.454128440367
APPVHLS,1610.51376146789
KKWKSYG,1229.7935779816514
QASWWNSPYHVG,11372.628440366972
GWHNGRDVLG,4502.481651376147
APSQQNLG,1093.940366972477
ANLFFDAG,9464.119266055046
LWQADVSG,3177.532110091743
FELWLGSGNDL,11160.683486238531
EHSSVRWKHD,1995.98623853211
GNPYDPSG,2567.564220183486
VRDYGWDVL,8899.339449541285
ARPNQDFKHAG,1446.6238532110092
RAQWPDLPWNA,7802.481651376147
RLVFNDAYVA,15409.357798165138
NAWYEPYWDV,20170.146788990827
AQSSFYSG,3742.3119266055046
QLDENHYKSG,1449.7064220183486
WFGQFYRPVS,11681.371559633028
NAKAKLWNDL,2344.738532110092
GALYLRDLG,13191.52752293578
AGEYGKPKVLS,2286.1284403669724
FSQSNRYWVG,8273.137614678899
PYLWKAHVHVAG,6687.307339449541
RNPHFEYSKDG,2836.7201834862385
QPQLPNLQHD,2352.577981651376
YGGPSRDLG,3368.266055045872
PLYDDGYVA,8175.440366972477
HNLQRYREYVG,6882.733944954129
GYEQFASG,3076.9633027522937
RNFWAFSFPNV,22332.908256880735
WEGVDVSG,4095.743119266055
HAEPPYGHDV,2762.6422018348626
YGHRLSWNHVL,11481.711009174312
VPPQDAG,992.3577981651376
YRENKQYSQRH,2934.4311926605506
RSQQEYKLSREW,4013.3899082568805
QHPWQDVARKL,3603.729357798165
RHRWPYAYDA,9865.69266055046
NESEPVNG,1153.98623853211
FPNLRDSKLRK,1879.4174311926606
QHQWFPSWND,12928.665137614678
NPRAEWHASG,2098.8348623853212
RQQSNDG,1231.6422018348624
KVVGGPYDVA,2223.087155963303
FDNHVQGQPKH,1907.4770642201836
NRWRLQPKS,2963.3394495412845
RKDRFPKHLPVL,2483.2201834862385
QPHFEWLWNPKH,11476.137614678899
KKSPDLVS,762.3440366972477
QYGLVAGPKVAS,2658.321100917431
SGQYGPNHQVL,3740.4862385321103
NQPQFGFLG,8198.467889908257
RWPNFYHDSFKL,17615.270642201835
QPDSPVKVKD,789.0963302752293
VLHNPDSG,1904.9954128440368
NFPNDRNAPS,1575.6422018348624
PVAYLPVPKHG,4364.376146788991
DLDYGQHDLS,2703.178899082569
NVPSKAPKDVG,759.8990825688073
PLPGNDALRHV,2959.2844036697247
KRYVRSPLS,2645.545871559633
NWVHPNVALS,6718.756880733945
FNDHLWVQHAG,6183.036697247707
SRELHSFREPYA,6569.211009174312
NAKPYHEYNH,3264.064220183486
NAFKSQEEHLS,1250.605504587156
FQSWHVSPVSG,5897.619266055046
RVNVDGFPNLS,4926.779816513761
EDHAQNQYAL,2127.9449541284403
EQFAAGWHVAG,3986.4770642201834
DWARAWKS,4053.1651376146788
PVRKSGLYWA,7873.665137614679
DAEWNQYEYWD,15091.954128440368
FEKLHVSRRASG,2723.770642201835
WSPLRYHKHAL,8530.715596330276
FSYQYDFKHDLS,6044.160550458716
VLERALREWKHV,5412.935779816514
FLRNAGHGLSG,3682.3073394495414
DDPYPNLS,2016.0688073394494
PAWNSRAQPH,3728.2477064220184
SFWWYDG,10352.454128440368
VLRAPKGQEV,1266.8165137614678
DEKWYKASG,1912.1284403669724
YEWRWHVGHVAG,7951.128440366972
LQDHKASG,993.2201834862385
WAGKQEWVPKH,2694.298165137615
PLYPGEWVAG,7190.348623853211
NHGHFEDQRK,1717.4174311926606
ARWPRDLG,4949.142201834862
KWNNFRWNHDA,5075.816513761468
NQNRSYWKVS,4312.133027522936
DFKGSFHSG,2194.8348623853212
DAKYDSPYWKG,2289.1605504587155
QHFGKDSYDAG,1914.3715596330276
RLRFHLRPKS,3695.229357798165
WALPYVNSGWV,19157.376146788993
QANQFQVLG,3383.5825688073396
YYLSPKQPVAG,2627.701834862385
WSHSLHVLS,10611.155963302752
NLSGFAKAYKS,3660.256880733945
YAVGWHQRG,5896.027522935779
QAGHYNVQRWS,7142.834862385321
AGGRAGFNLS,3559.830275229358
GELENESG,1228.3394495412845
VHRFWSG,7582.536697247707
SYAHPWSG,6465.344036697248
QFGPSSKVAS,1187.2614678899083
VYHQVRYWNK,6255.894495412844
PFNVHVFYVLS,47911.09633027523
NPYYNQRYWG,14204.288990825688
FNNLGRDPYNH,5860.233944954129
SPLVSPSG,1328.9770642201836
WQAPNGEPVL,3228.394495412844
PLESRYADG,4794.325688073394
FPKFYVWDVLYG,33347.266055045875
KYLNLKHAS,2400.0
WRFVNDASG,5950.522935779816
YLLHAFEG,7192.059633027523
FAPDSYNEPNHD,2322.678899082569
DNRWVNASG,2724.2752293577983
DRADKSG,850.8715596330276
GFFLKDLS,11398.316513761469
NFNRRPNKDVG,2078.3348623853212
KAGHVSAYHVG,3251.47247706422
DNWDNHVALG,4142.302752293578
VGHDAELEPWD,3280.087155963303
SVLYQNSG,3851.7155963302753
SHDFVEWS,5911.582568807339
PENRSGREYND,2194.321100917431
LERWHQSG,4159.348623853211
GLSALYLG,13509.587155963303
QGKPPHDALSG,1297.045871559633
YFYFRSGRHS,5747.775229357798
QDYWALGQQRWK,6051.151376146789
RGRYNWNGWNA,7786.100917431193
RKQLEPYFPHD,4092.729357798165
YEWRQFWVAS,15841.050458715596
YVFDFEDNHG,5089.733944954129
HYLPRYAS,6600.48623853211
NKHWLYNSQVAL,8405.119266055046
NDDNDVQFKHDA,1720.5229357798164
FHLRWHRQEPWN,9754.747706422018
HFLNSHVSG,4320.01376146789
HHVDVVLSG,6726.633027522936
GAFYVNVLS,32366.366972477063
VRFYFWG,23748.119266055044
AGKDRSKHDG,926.2660550458716
VYEKNVALSG,1670.6284403669724
EVNGAGKDAL,984.7339449541284
GFEDYVRYAL,16528.88532110092
EEVDHSG,1120.3623853211009
VPEFWNKHD,2128.922018348624
PVKRHSKHDLS,1219.045871559633
AQAKQKASG,699.6238532110092
WQAKFYLSG,17952.17889908257
RRALVRSG,2429.4770642201834
KAKWDGNLSG,1695.3715596330276
WFKDGGKLG,3514.8899082568805
RWEWHYWYKHV,12646.79357798165
WADDPVALS,4284.95871559633
SWVHANVLSG,5387.036697247707
VYKVHAFHVAG,5415.912844036698
DQSLQPLG,1723.8165137614678
AVGYWYDLG,15149.371559633028
KQGKKVG,773.8211009174312
PLLFDASHDG,7608.431192660551
NENQRFEYVG,5878.288990825688
ALWRFPWHDA,17215.330275229357
EHFNNKFNHV,2910.4954128440368
YEKPKDVGVAL,1912.0366972477063
FRRDFYHAQEHL,6230.036697247707
WLYDKQFEPL,7985.01376146789
AYDFKHQFEKV,2466.9311926605506
VFFDDALS,8446.371559633028
RLQSGFNAFKHA,5283.5504587155965
EAQLYQWLS,9060.201834862386
NFQWQPYWDVG,16704.56880733945
EHDGRVEVEYNK,2175.8256880733943
PLVELQWHVS,13053.834862385322
YENDEARYS,3035.5550458715597
PLDERYDASG,2201.577981651376
EHDEASQGQRK,925.7706422018349
RQDSQVREKLSG,978.151376146789
SEAERVSG,1042.7844036697247
LYPNQKLSG,2867.853211009174
DWVFPNPWVG,17659.24770642202
EWSAAREYHAL,5661.247706422018
NEDREAEKHDG,948.5366972477065
PNKPALPDAFWH,5371.311926605505
VFKSKPVLS,2678.97247706422
LFVFRAEPKAS,8520.01376146789
EFHFSFWVL,38811.22935779816
SNDNFWAG,4779.821100917431
PYALDARWFLS,26334.70642201835
KGQFQFFPHDVS,7345.4495412844035
RFNWVQRPNKG,3505.8990825688074
SEGNHQHLSG,1867.2064220183486
FDQHVAQHARED,1796.665137614679
YLFEYEWEPWL,27197.67889908257
FDLGFPHGYDVL,10366.178899082568
HHQAVLSG,2143.229357798165
QFKLLFPQYWKG,12108.816513761469
KWHLAFEPWDG,12899.949541284404
AEFGVLG,3964.4495412844035
WLRHNRHVSG,4943.655963302752
GVSHLWKVLG,6585.628440366972
AGQNGQQFKHS,1717.6926605504586
EEKGRGYDL,1666.091743119266
RFHGALPYKVL,10401.853211009175
YRVQWSEHAL,8299.940366972478
PWNKPHFWVYW,27584.51376146789
VQGNDEHVA,1294.3394495412845
AQKRQYSG,1158.4770642201836
HYHHFRVAG,5217.885321100917
AYRWQNG,4036.8577981651374
NKVSWGQAGPKD,1858.967889908257
LWEHNSG,3137.0091743119265
WLSSNDVPVG,3731.5137614678897
QKALELFHAGA,5183.738532110092
NNYHAWVALS,9364.995412844037
SLQPHNLG,2665.6146788990827
RAKPLGYWNVG,5200.504587155963
KGHNWHLS,3487.146788990826
GGREHLVSG,1724.9908256880733
RQPEEWVA,1580.0825688073394
RQAFPKVRVG,2300.197247706422
PRWPWVFYKDL,23106.26605504587
WERHYSG,6728.568807339449
KWSAQDAS,1541.6880733944954
HEVRLGVLG,6835.977064220184
YNYVHVFEYNL,27469.811926605504
GVSFWNRDASG,4539.463302752293
FQFSYDGENHA,4647.353211009175
QNLFRGEVEKL,2414.605504587156
VWPWSWKHDSG,7027.302752293578
ESFKGYAFYWH,15790.678899082568
FNVPQKSQYDG,2358.330275229358
QFSDSGNFRHV,4305.018348623853
GHLRKPDVS,1556.01376146789
SNQVHVALG,2514.587155963303
LNKGGQKS,1011.5412844036697
PHKFVAFRYVS,20946.47247706422
YRKPNGKHDS,1369.5045871559632
VHPAQNHDVL,2360.5504587155965
HKFPFPAG,3131.6605504587155
VYAVVASG,7970.977064220184
DGSHPHALG,2266.302752293578
WVFYLFHVNKVA,18215.981651376147
YSLPWSASG,5518.467889908256
DEESEALSG,891.183486238532
YRAFGYALG,10097.385321100917
PLEDYGPHLG,5227.8302752293575
YYNNAPNKHG,2117.0963302752293
KKQFFEPNKVS,1174.7293577981652
RKGVESRPLS,1217.1697247706422
FPASDANYKHVA,2273.211009174312
HKGALYG,2933.440366972477
RSYFQFKHDAS,4612.674311926606
WNKYRVAQHDG,3228.706422018349
NVSNGYGPKSG,1697.5091743119267
HYQKRDVALG,2187.183486238532
HWNWPKALG,5988.362385321101
PYHGKHVRESWV,5009.197247706422
WADFRNKFH,6940.866972477064
KGNLSKGYVAS,2208.261467889908
VHWSWHDALSG,6994.940366972477
YDQAALQPYS,3698.3348623853212
PDNESRHVSG,1750.633027522936
FWRRHLEPK,3919.256880733945
SRKQGRNG,1317.2064220183486
AFDGRHWALG,8284.545871559632
KRNKHQWGRYS,3781.412844036697
LKFEGYSG,3067.266055045872
LFQQWSG,5552.912844036698
FEFDQHGFPYWD,18938.95871559633
QGEQWGFEDVAG,3306.729357798165
YNFSEYAQRWG,9286.894495412844
KSKDWALYAS,3280.6284403669724
SFKDVPREVLS,1935.0871559633028
EKKEEHLSG,595.7385321100918
FVWQWREYKLG,11769.155963302752
SQKWAGRPNKHL,2661.408256880734
PLSVLYGHAG,9674.100917431193
QQVPLQFHDG,3576.293577981651
DEAQPYVHLS,4388.068807339449
KENNEPLG,951.7293577981651
QASFSHSFPG,4530.412844036698
HRLLPNKHVA,3057.816513761468
VSNAEWLEWNKS,3051.394495412844
NVYYQRALSG,7184.293577981652
PVLEPLAGQRV,3196.2477064220184
FKNKSPEWNAG,1698.2339449541284
FRSAEKGQRWG,3233.3715596330276
SNLKYVLG,4923.55504587156
VFFRLNVALG,23164.288990825688
VPWDSDFPVAS,4309.247706422018
PYHLHAYNAGN,5176.032110091744
WSVLLWHDL,27770.522935779816
GRGFHYAG,6328.087155963302
HDVLYNAPYLP,12863.481651376147
PDWHNQRNKDLG,2306.0504587155965
RDASGSSRWNG,2831.091743119266
KFHFYGFRPHL,10449.733944954129
FDRRDSFPWSG,7530.481651376147
HEYPLEPNKDAG,1697.619266055046
DFDFAFPYWLS,18857.44495412844
YKDLPPWNGNKG,2083.4174311926604
QVFFNQPNKDAL,4034.733944954128
RYVQSELGPDV,2396.1284403669724
YHNVHDSRVL,4716.90366972477
VEQFAEG,2179.623853211009
RDPWARDFVSG,5976.761467889908
WSRWHHVAWN,13672.935779816513
KLVADRYDAG,2311.243119266055
HEPLAEHSG,1256.9724770642201
EAWHRFNASG,4365.114678899083
KEHSKVRYWNHL,4124.128440366972
EHVADPHDAYWN,3645.5091743119265
KQYNAGSRPVL,3337.6743119266057
DQGAQWSG,2029.5045871559632
PWRQAEWKHLG,5385.51376146789
SQRLLQKHSG,2365.2247706422017
HYKDHLYNLG,4113.623853211009
PNHQFKKDKDG,1018.1559633027523
RELQYSFWQWD,22619.357798165136
DQKNPYLSG,1703.8211009174313
ESKVVRPYWH,5575.811926605505
QHEAYKHWLSG,4753.912844036698
NLHHWNAG,4236.733944954129
SWGLKHDLSG,3742.3899082568805
RFLRVGPHDVG,6084.105504587156
ALKYYVASG,7797.706422018348
REPSFVLYLFK,34384.35779816514
QHREQYVLSNDG,4996.05504587156
LPVNDPAG,1097.3853211009175
VNPASKLSG,1326.032110091743
SKSFEEAG,866.5825688073395
DFKHLEEKLS,1106.6422018348624
QASVQWGQNHSG,2211.1422018348626
ADLPGVLS,2441.97247706422
NAYPLQPNKDAL,2478.853211009174
YRAFAQHAG,3895.4587155963304
YFWVAKDVLHSG,6999.467889908256
SEFSWNLSG,4597.105504587156
ELQYEHGRKHS,1703.98623853211
WVAQGRWRPHDS,6704.371559633028
QLYESEALS,2145.4816513761466
LWLGHRKG,4005.3577981651374
AYANSKDVSG,1279.3394495412845
DRSFFRALSG,5832.5091743119265
YLHYSGNHD,4087.967889908257
GQYREHEAG,1401.532110091743
QPHRWHAPSRPN,4322.623853211009
WRSEPWAGLS,10421.444954128441
VGYASRAGRPKH,2679.912844036697
RPPVPQFEPS,1619.9724770642201
AGLNHQAG,1645.5091743119267
NQNVGLGEYVG,3244.298165137615
VWHGASWHVS,8414.059633027522
FNWSYLRKVAL,10926.54128440367
LQSHSQDAG,1318.4633027522937
LQRWHYHYKVS,8230.940366972478
ADVVRVSG,1979.532110091743
PAHGAQRPYVAG,3345.0733944954127
LGYDWVYWKG,10857.40366972477
QPKYFNKGENA,1495.348623853211
EVKRGDLSG,989.9587155963303
HFKPKAWS,3227.146788990826
HNVSVPNSG,1405.48623853211
QKAHPHWHDG,3223.1926605504586
WWREFWSG,18269.54128440367
WHVPWPDLRDG,11225.059633027522
HPQDRVALSG,1756.348623853211
KNLDKLSG,946.7935779816514
DESPKNDVAS,620.8899082568807
NERLPSG,1893.6788990825687
LEAWPHSG,5264.55504587156
NHWLGQPAQDVG,2598.1926605504586
ELFGYAGEYVA,8627.52752293578
EDNPFYKDA,2357.206422018349
HVPFWKAVASG,3942.137614678899
KPWGKGWNKVA,1850.5504587155963
NSRWLHSREK,2952.853211009174
LQNVEAEWVLG,4110.894495412844
YHEGALFEPYKH,6040.399082568807
YGKAYSPYH,5490.848623853211
QWEKSQKEWNHV,2424.4266055045873
RKYYHAREKD,1335.3761467889908
HRSRDPWNHDL,4998.174311926606
LPQAKHDVG,1142.9220183486239
GNHDHSNHDAS,1418.2660550458716
PKRDHGPNHDG,1453.894495412844
DYAWYWLG,16069.321100917432
ENFDEHFPLG,3570.412844036697
FLWYLQEWKG,7659.880733944954
VDWHYLG,8172.9908256880735
FELREGFPYLFH,23209.596330275228
YPFAYSG,9499.151376146789
EFNAASNKHA,1266.4311926605506
KSNAASRYWNH,3254.954128440367
PDKWSGVALG,2529.4862385321103
NHPGKRYNKAS,1144.5183486238532
AKEPWYSG,3102.9587155963304
FRNSDASALRPS,2490.5733944954127
PNHFLYWRPHVS,14805.665137614678
KEQYHHVASG,1742.1880733944954
DARNEVASYNA,1772.605504587156
RPPDPNKPYN,1514.2247706422017
QGAKWKG,1310.9954128440368
FRRDYHLFPW,15982.701834862386
YKYGEWYKG,4183.334862385321
AQKKVFYWKV,4319.880733944954
SGGLASG,1395.394495412844
LVEVGRG,2269.788990825688
LQAYDVQPWHD,8007.183486238532
KRADWVG,1948.211009174312
PVQKWHSFKSG,3072.6146788990827
HSDHVGWNKHA,2071.5825688073396
WFHVVGRPKHV,8457.724770642202
FVPFAGRYWH,17824.688073394496
DFNPNAVAS,1987.2522935779816
RKSNREKVRHLG,1038.348623853211
QYDENVSQRHSV,2578.591743119266
WLSQANKHREVG,2245.3394495412845
ELYLRWPAG,15866.894495412844
RLWAFGFKS,13049.651376146789
AGFLVEYNKH,11303.422018348623
NRQEARSG,1300.4908256880733
FQENFASWS,10391.949541284404
SDFSKHDLSG,1809.2844036697247
ANSRRAG,1208.697247706422
YPSFWPASG,7420.4908256880735
NSFYLDLYKG,14580.174311926605
HAVEDQNVALS,1460.954128440367
FSARDFNHVL,7226.724770642202
QKANHRFEYW,7594.082568807339
HPYSGQPNVGPH,3233.293577981651
YGHWHSYWNHL,14239.58256880734
KDNLPNGFVAS,2562.8577981651374
DSFSYDFEYHV,14885.30733944954
EAFKEPHGVS,1459.5412844036698
VEVPQWVLG,6665.701834862385
DRENDEKHFRKH,1467.0779816513761
NAPAFLFYSG,36606.793577981654
HKSRNKGAS,927.4816513761468
VYKPQPNG,1570.2660550458716
DYNPQEDALSG,1345.1788990825687
RKWAVSWDV,7185.481651376147
LGGLFRVAG,7055.146788990825
RAHKALSRKD,920.8669724770642
NEKPAWKHAL,2452.7201834862385
YVGKEYWGFEYN,10218.62385321101
QAPEPASQYWK,1815.8623853211009
WVLWGNHREPDL,9907.01376146789
SAQKVVSG,1242.7018348623853
ESYEQWNVAG,2145.6284403669724
EWELDGENKHAL,2816.5963302752293
LVPYPALG,6770.284403669725
NRDKSHVLS,1471.2798165137615
NELPSPSG,1466.5779816513761
DNYLNAG,2252.587155963303
WHYQYKRNVL,7188.779816513761
APWLHGREYKV,5934.495412844037
ARFYDPSG,4194.128440366972
PRRRNKSG,796.0229357798165
EHLLSNGREKDS,1012.7889908256881
DAQPSEHPHVL,1546.2935779816514
AAGHAFG,2695.1880733944954
SQRLVGFWKHD,7368.027522935779
RLGLLFRNHDA,6606.784403669725
EFDYPYVSG,5957.853211009175
ARVYAWKHDVG,4525.4495412844035
SHDDQKVG,878.059633027523
SPQWKELG,1408.3899082568807
RKHNENHSYAG,1722.4954128440368
HPFHNDVAL,3801.793577981651
ASHQYKGNHVG,1853.711009174312
ARKYKSNG,882.6192660550458
WDADHLGQRNV,4252.09633027523
NHWEVRYWNA,13855.399082568807
NWGHGYDSG,5026.752293577982
FHDPFRDLYNLG,9700.935779816513
YYQEPHYG,5786.720183486239
PQPAWNHEDAS,1589.2752293577983
PVHKHQRNKL,1282.3394495412845
HDDNNKASG,1001.4770642201835
VAHRNKFYNH,3674.577981651376
QVFVHVAFYKHA,27780.77981651376
NSHLEARVAS,1920.6009174311926
YENWYASG,6130.183486238532
HNFRFKG,3944.761467889908
RAVKKDG,772.0779816513761
KQEGNLPWALS,4056.880733944954
LSHWEYSG,6199.761467889908
GQEKEWHLPHDS,2107.7752293577983
EHRGGFEYHVG,3977.2201834862385
QWKNSFRNEPNA,2267.3853211009173
QKQSDGPNSG,915.2018348623853
RHLPEPHYNDG,2567.330275229358
WQYHKEYKVL,6248.724770642202
YAEAHAFVL,15763.88990825688
FELWSWAWDG,21382.550458715596
VQDKFKDVLS,1236.0412844036698
LKWNNLSG,2836.3073394495414
NNFNSPSG,2170.940366972477
RGQWDSRHALKL,5427.155963302752
HQAFSNDASG,1865.848623853211
SLNKWSG,2817.876146788991
KALPEVGWKDA,1210.6238532110092
DPNVQYSDSG,1568.8440366972477
VQYVFEYEKHAG,16624.330275229357
VERAVALS,3710.0137614678897
EHYSPYVGWNL,12768.481651376147
YWKHDDAFYKA,4999.839449541284
YQGDAEVG,1564.7431192660551
KSDQKVQFPW,3179.077981651376
LPSRNQDALG,1574.5275229357799
QYAHAQFESEWN,4654.422018348624
DDEVYLG,2500.9862385321103
NAQHDQWDGPKH,2621.8073394495414
HQPDDARNSG,1075.1926605504586
KSFVYKVFRHG,8520.40366972477
DANPSRHALSG,1773.0412844036698
HYVFQYHDVSG,11463.747706422018
FEEWWHVGYKVG,11869.380733944954
NDELWDENS,2424.238532110092
PKRWQRNQPND,2523.6743119266057
PWVLVAGDLGWS,35023.69724770642
EWSSSQEYNKS,1967.2247706422017
KPQEGDG,697.1146788990826
QGHPNWASG,3020.623853211009
LGNANVRPNKS,1595.5825688073394
PHSGEDAGDRYK,1587.9220183486239
QYGNPYKVFYWD,18553.146788990827
LNVPYFWNDG,12576.720183486239
FRSRNSGHDGFP,5638.821100917431
HSSRQKLSG,1395.467889908257
QNVKHRELGEHG,1366.2339449541284
YFPANDWKHAL,5001.155963302752
QDVDQFEHKHAL,1736.6834862385322
RRRVYSG,2295.1651376146788
FQHYKLVG,6055.743119266055
QDEYWYKLFVS,18949.628440366974
VGHFEGPNSG,2183.3899082568805
ADNHYLSG,2743.9449541284403
NLAKFEDLG,2339.669724770642
WFQEFAG,8360.770642201835
LWNVKSQYNH,4071.362385321101
LGWPSEYKHL,7110.55504587156
SRVWKEWKHDS,2292.2247706422017
EKSHEVGFKDSG,864.1146788990826
FHKYEPVLS,3148.9311926605506
DSNQQRWSG,2295.9174311926604
QHGLLFPYWAS,17039.403669724772
KYKYPKLSG,1557.3073394495414
RSRYHYNSEK,2124.4908256880735
HSPQYDGQHVS,2082.3440366972477
RADVSKQHVLG,1673.2018348623853
PFEDYDASGREY,5544.651376146789
NPNRDALPYKA,2072.256880733945
YKRWPWDSHDS,5478.5504587155965
LQAEPANKDA,794.7385321100918
GFFSYHDAG,8415.229357798165
HVGLFWSRKVLG,11197.174311926605
GARYLNSG,3533.8394495412845
PWRDQWDVAPNG,5283.183486238532
RGDPAYNKVL,2372.6926605504586
EGYPRKASG,1418.2660550458716
WHPQQPHA,2896.362385321101
SEEHRSG,1146.7431192660551
ASDSFVYALG,10139.52752293578
FSSDKAG,1188.954128440367
DLSAKHSNSG,1039.8899082568807
PYWWRYVYASG,20836.73394495413
NVDWSWKHVSG,4632.55504587156
PHFDWHGRDS,4953.160550458716
DKHYGPAG,1461.3853211009175
AVGYQLSG,2995.788990825688
SYEVQLG,3191.0091743119265
KWQGHDVAL,2830.233944954128
ALPYSNYDVLG,6562.394495412844
VGNSFLNVSG,3727.6284403669724
YAFSHQEVG,3197.1651376146788
DLNRNVAQEYD,2742.4311926605506
HVEDEWDLPND,3089.197247706422
NWAWHPNASG,5128.582568807339
EQKRYVFKVL,10190.339449541285
WYEARDG,4680.188073394495
KPAFLQPNHV,2322.770642201835
NDGSLRYNKA,2419.9954128440368
LQWNAYFRPSG,9337.160550458715
EQKNGFVSG,1311.834862385321
SYNQVPWKHAS,3120.880733944954
PSLYAVALS,22241.01376146789
DFLAQPALSG,3460.848623853211
NVDHQDSG,1184.4174311926606
QKDYKKDAPHV,899.3623853211009
VQAYLSEWAL,11126.20642201835
EYKYHLHPHG,3341.298165137615
GVAYSVSG,4211.532110091744
YEYWHVDSYNSG,6112.192660550459
FGVHEYLG,6301.940366972477
YSGSEHLWNKS,2408.5825688073396
WWNAEPQEWKG,3732.756880733945
DYKSNNDAL,1186.7844036697247
SRRKRNKVA,730.4770642201835
GRRADLSG,1783.1146788990825
FREGYNDWAFHG,10554.316513761469
VAHAEWNGYWDS,7901.862385321101
YLAWYKSG,4676.059633027523
QWFGLQENHVG,5686.94495412844
KFFAHAS,3418.830275229358
PPPHYDG,2400.894495412844
HSDQQWKDS,1252.8623853211009
ELNASGAFKAL,3354.7247706422017
SRHRVFRAG,4247.068807339449
KHHDYAWNHDAL,4001.7201834862385
PYHLRAEPVSK,2713.123853211009
NRVQEEVLS,1374.4036697247707
HENRLKDLG,2115.1146788990827
FQKNRDLSG,1930.9449541284403
WADKFHVLG,6133.417431192661
WFHDADFRS,8996.064220183487
YGDRAQKVLSG,2041.2247706422017
SHRYEPWHVS,7337.018348623853
VQQHGQFEYDA,3094.788990825688
YEKPFYDSG,4528.5504587155965
DVAYYWNRHALG,11819.605504587156
ELFLNHDADVA,3808.8073394495414
WSKSYGWHG,6714.201834862385
HVFKSRYEWKH,4694.655963302752
KSDEALKS,612.8990825688073
SGPGPHFPKS,1747.0825688073394
AKFPVWG,5037.600917431193
DVVRYLEDLS,7310.931192660551
RFEPWAHLYWNK,11422.862385321101
WHDRDVGFDYAS,9305.839449541285
PQFFKRYWHDLG,11638.201834862386
VREAQHLEWKS,2819.9908256880735
DDFEKFYG,2886.0825688073396
PPELNDVAS,1149.2522935779816
SGQLWSQPVSG,3188.238532110092
FLEHHLGQEA,2257.0733944954127
SKGSFNVS,2111.4770642201834
NGRWWDVQEPD,4550.724770642202
YHHRLSQRWLS,8795.724770642202
FGENSWVAFG,15276.779816513761
NGYDVARWEKDV,3195.0688073394494
KKWKRLSG,926.1238532110092
YQDQQKHDVAG,1176.6788990825687
ASSKFKSG,1051.5229357798164
HFKDFGNSG,2090.4495412844035
NKNWPNVG,2498.8577981651374
PFVHKVLSG,5261.09633027523
YDNYWDFDG,10825.56880733945
LFYWPDSQG,5276.518348623853
PGQVLEARED,1224.408256880734
LPGFEQNSG,1839.073394495413
FDNGAQWKLG,3826.119266055046
ALNNVLFRYWS,18408.908256880735
SYDENQRWNVA,3265.0504587155965
EFQDGQEG,1200.1559633027523
QFNFENGALWNK,6431.064220183486
YWVHGWKPKHLG,6384.206422018348
SPGKNAG,795.0779816513761
PNFGLRENHD,3173.316513761468
SRFVQELSG,3096.545871559633
LRSWHFKVAG,6175.701834862385
SRDGALRNKHDL,2475.4633027522937
VQDVWAEYLS,6341.665137614679
ALEAYKHEYK,2300.353211009174
DLEHWNANKHA,2452.206422018349
HWQWKVYSG,10258.160550458715
LWREWEPAG,5458.0091743119265
GVLDELG,1849.073394495413
NAHNYHG,3039.1284403669724
SYAPDEYWAG,5436.463302752293
QVHENSRKDVS,1070.9128440366972
NEQFKFLG,6689.770642201835
EDHGFPFWVAL,24243.977064220184
VHFNDHG,3175.380733944954
SDYKRKSG,984.0917431192661
SKEPVPAG,834.1605504587156
RNRFQYWVLG,14991.04128440367
KQWLHAFHSG,6119.243119266055
KWKRWSYDL,6367.738532110092
HWLPHWDALG,12615.018348623853
NAQHAWDQHVG,3272.0137614678897
DEDRVFNKVA,1838.7431192660551
LAPQWALSG,5015.94495412844
RQGSQNSG,1303.3119266055046
WWFRGQLS,10549.105504587156
VQSRNSYWDAL,7293.894495412844
RNQSASQYND,2100.4311926605506
NDPAVFRPYWK,6742.197247706422
YSWRNQRPNHDA,3599.8990825688074
QENYRHVAFPKS,3193.646788990826
YFPWFPVPYVS,28172.389908256882
WPVKELSG,2244.8073394495414
PLNRLRPNHS,3379.211009174312
ASVAFGRDALG,3972.848623853211
VWVPQEAG,2295.798165137615
VWFYKKALS,6358.206422018348
HHFQWKVLSG,5764.224770642202
RLSRWGPYWLNV,21854.42660550459
LAPNHNG,1979.605504587156
DGAWYDLS,7473.917431192661
YQWDDSFEPHAG,4796.357798165138
DFAAVAG,1868.2018348623853
ERGYEPHG,2012.0642201834862
QSVHSNKAS,1194.1100917431193
PWFVEYLFWVA,40869.949541284404
VDPYKNG,1755.633027522936
PQSWLPDLG,5121.582568807339
PWVVGYNVGWHG,23371.22018348624
VFLSEPFRKHA,5221.0504587155965
YEAFPKYWKH,5091.784403669725
QPAGVEYNFRHG,5859.243119266055
QWGHFPHQRND,5487.4908256880735
FERKQFPHQPDA,1945.3440366972477
RRHAAFKHD,2155.2798165137615
VAGLNQFWDSG,6476.811926605505
KRKHVYSPKAL,1209.7660550458716
GFNKQRWPHVS,5435.233944954129
QHFLNGQNKHDV,2497.922018348624
YHQRFHFEALS,8815.01376146789
SQANGRYL,4400.270642201835
RPSQAGLFEAS,2626.5091743119265
HYNKYQPNHVL,4454.816513761468
EQVQVRNKDVS,865.4862385321101
HSKERWHVAL,3077.4036697247707
WWFGWHVSG,14825.422018348623
DQWPLGQFRNL,11464.059633027522
DSWHQHAFLG,8091.100917431193
YWELPVYVG,16511.605504587154
KSNPFPLSG,2402.1422018348626
WDQRKQWKVGW,8409.04128440367
YRQNGPAG,2002.9357798165138
RQGFSEDVLS,2269.233944954128
RQVAHDAEASG,987.954128440367
GRYHDNHLPDS,2445.105504587156
GDSNFKLSG,1700.5275229357799
PHDDHDLKS,1159.3302752293578
WHSFQFPHRKA,6448.9495412844035
HKANRVG,1265.7568807339449
DDGKYVSG,1213.9495412844037
NLVQNVAAS,1564.119266055046
GQYNHDWSGKDV,2290.8073394495414
LGPHKAFWDG,5344.522935779816
RSFQRGQDSG,1801.2201834862385
VHSAQFEPNHA,2012.0229357798164
FLEQDGNHAL,4213.211009174312
QVSDWHFKHD,3836.2155963302753
EQGWFRDAS,3604.8256880733943
KQPKNPNHVG,1034.3532110091744
YYALRQYVG,8893.463302752294
QHYQNVWNDAG,3252.848623853211
AERNNAG,1257.6880733944954
GPPWPALSG,3922.7844036697247
EEKKNDLG,624.9449541284404
LDVFKPKHVLS,3564.564220183486
YSVNKEYWDA,4453.733944954129
LVFWGVG,12575.018348623853
WLQWLNLKDS,8093.087155963302
PADDNKG,940.954128440367
GLNFPSG,3229.52752293578
KAKKGRVLSG,827.2706422018349
PYSHRDLFNAG,5944.720183486239
PAWVHSQWNHL,11064.495412844037
PQFKFFRKAL,7835.651376146789
QLPNGNGWNHVL,4898.3899082568805
DYKFRAFPH,5040.518348623853
KGQHNHLSNKD,1183.091743119266
VLKHNSGEPW,4133.045871559633
HQQSQASG,1029.5229357798164
NHPHWNAEPH,3112.743119266055
NQAVEKDSG,784.9816513761468
RLGRALPVRNKH,2602.5366972477063
NLFLPYLRLS,19153.57339449541
DEFWLNLS,11380.344036697248
VDAHAVAG,1466.9036697247707
PGGREFREDG,1547.1467889908256
FADWAPKALG,4463.95871559633
SRKPWANHDV,2724.5412844036696
AWPARALG,5402.197247706422
HNVLKHHVASG,2004.0229357798164
PDHEGFVG,2368.1605504587155
AGAVDAG,930.1467889908257
KGPPPDVLG,1055.9954128440368
HEQHFWNHS,5452.642201834862
WPWPDWHDVL,15764.853211009175
PEPLALPYWKHA,6327.908256880734
WWKKYVLG,6879.252293577982
PHVRREFYLSG,11934.738532110092
DLFFNRKHDG,4515.344036697248
DQAFEVFYWKA,24119.316513761467
GQGYSPHDVSG,2173.788990825688
WQNHPSFRYKAG,6564.793577981652
REHDAPNYVYN,3288.853211009174
NSWDVKLRYHD,8792.09633027523
NKAEENDRNDAL,928.4357798165138
YYHAHDGQKG,1747.5504587155963
KVSYRVLRYKDG,6560.825688073394
PQKDWNREPYA,2692.4954128440368
LSQSHVLGPNS,2282.587155963303
SRSHWDLS,4451.9495412844035
PEGPDKHDVA,1111.1926605504586
RLFNLSSRPYG,8749.394495412844
KSGKGFRWSVS,3688.683486238532
PEHYYDLSG,5485.01376146789
HNDPSQYDVSG,1716.454128440367
VRDSDVNAS,1118.1284403669724
PPHWQYVALS,12988.256880733945
YANRYNPYAS,6855.288990825688
KGWKRWDEHLS,3301.5
HAYPNLEPLG,3824.169724770642
YDHKHAEDVS,1122.0550458715597
NNRGYVALG,5144.412844036698
LYNEFNKHV,3510.6146788990827
FPLAPYRNHG,7988.862385321101
WFEGNEPYDG,8179.573394495413
QRKQVFNVLFYD,31895.3623853211
YVELFYNRYVS,18559.628440366974
AKREYQPG,1440.2706422018348
LRLGNPAG,3030.4495412844035
QNLLDQPVG,2412.587155963303
EWQRDHEYKVS,2716.8348623853212
NSGHQKEWDLG,1987.1467889908256
GSGAYHDG,2153.064220183486
FDYLKHDFDA,3664.4587155963304
YRDHKHALG,2371.9862385321103
QHHGVRYWNLS,8107.917431192661
ALRGKHVQHVLG,3461.619266055046
NSAANKLSG,1090.3623853211009
GEWHLWEWNAL,19142.477064220184
AQGSDVALSG,1297.2522935779816
QSVGLSKDLG,1319.454128440367
LKHEDWKDAL,1705.665137614679
NGRNGHDVQHS,1911.8532110091744
KPLYSNVG,1765.2935779816514
FANREGQEKL,1248.2477064220184
EHAKPLQWDV,2457.9495412844035
WEHAGWSFPWV,28882.70642201835
AESKHWALS,3071.940366972477
FPAAWSNKSG,3861.8256880733943
SGSYRYALG,6410.825688073394
PRSWVPLG,5578.94495412844
HRLHDNKG,1484.3073394495414
QRSEDVSDSFKD,1186.1009174311926
WFDLWQFNVG,17671.11467889908
PPHLGKRSG,1624.0550458715597
EPKSEWENQWH,3425.706422018349
HLKVYHQPV,5179.275229357798
ARWWYVLG,19392.52752293578
HKRKRDG,843.348623853211
EDKSRLNKG,793.5642201834862
SDAVADLSG,1252.3532110091744
KDLHQRARVLG,2933.146788990826
GDQYDKAG,1334.1880733944954
GYDGHPWKVLG,6898.119266055046
YAWNDLHGQRAG,3716.6743119266057
AVAWHSVS,4080.0504587155965
RSQHHLWNKHV,3660.967889908257
QKQLSFRVYKV,15483.490825688074
HYNDHAENDL,2256.087155963303
YRYQSFRWDV,11913.949541284404
RQRSEAYKG,1286.834862385321
DFGVLPALS,4920.853211009175
GAYVQPHDALG,3290.394495412844
HNPVLASG,2845.4816513761466
RHLQVQDAREN,1462.2522935779816
AWEAVSG,2207.9862385321103
DFHKQPKV,1559.9357798165138
VNSLPWDVALG,5827.357798165138
KHWLSYFYSG,10959.614678899083
EGRALSRRNK,1507.4311926605506
SEYGQPNFHAL,7499.995412844037
PWYKGQQNDVG,2473.669724770642
AWVFFEHVAL,33633.279816513765
LHYNLWG,9864.426605504586
LFQLRELG,6274.619266055046
KSWLHQPHAL,5566.798165137615
VSDVKVRPNHV,2048.0
APKYDQHSG,1255.6743119266055
YVADKSQYWV,6112.431192660551
AQSGRKHENS,862.7201834862385
YYAHRDAS,3006.293577981651
FYRAGNGQPVS,2781.2522935779816
WRVGQSGWVG,9375.894495412844
NESDVRS,1299.8073394495414
ERAWHGRYWLSG,10166.54128440367
KGDGPSFYWVS,12905.339449541285
DAEEYDAQHDG,1691.1146788990825
ELWQNLHDLG,6095.55504587156
SHLHYDG,4087.577981651376
VSWRHRYDLSG,6706.963302752293
NNHPRYDSG,2898.733944954128
LEEKHYS,1668.4816513761468
FAWRVLRPNA,8012.036697247707
FLHDASAFRHL,8486.01376146789
LVGNNKLSG,1899.802752293578
PVYFWDYKVLG,25045.977064220184
KHEFSQFEYN,4798.059633027523
AVSPKVKLSG,1150.1880733944954
EHEEKLRPKALS,992.243119266055
QYDWAEHSGEKD,1591.0366972477063
AWGDKDALS,1748.894495412844
KGLPLNSG,1598.1605504587155
WRVPAEVLS,4532.922018348624
KLQQAEWHVS,2293.788990825688
KSKWNFHVAG,2392.8394495412845
EGQRNFDRALG,2763.697247706422
DGPNHSWEWNKA,2554.756880733945
KESEHQNKHDV,809.4128440366973
FFDNEWSG,5800.577981651376
SYLGESFKDVG,2189.9266055045873
QKFHAYFKVAG,5729.353211009175
EPHWQEHWNSG,3758.4311926605506
EFAAYLG,6718.302752293578
YGSQNGQNH,2194.1009174311926
VVSHAEALS,1657.3715596330276
EFAFVLYNKV,37626.34403669725
WSYKQLQWNKV,5452.720183486239
NDFYHDVPVEYN,6518.357798165138
QLKFEWGEDL,3835.9816513761466
RPLSWQRDFDL,15118.440366972478
HSYDFWGFRWND,16544.669724770643
QYFYSQWDRNDG,6353.55504587156
HRSDEWVALS,4138.0504587155965
NYWHQFDAYKHD,7756.793577981652
FKYEYKQDS,1539.5550458715597
WNNDFDRYG,11737.766055045871
YHRSPHDFPNK,2684.032110091743
QAHSRYRVLG,5447.756880733945
YEYFNLPWHVAL,15295.362385321101
NANVPGNDVL,1811.1559633027523
ALYGLQYKDAL,6571.275229357798
FNPQGFHVAS,4017.6422018348626
DWLRKPNHDLG,3520.348623853211
NLVHHSG,2850.077981651376
AHDEYQFRKV,3144.440366972477
QRPPRKHDVGFR,3226.1651376146788
GKLNRHLS,2159.922018348624
VDHQFRWNKS,2893.1651376146788
FPNYGEGPYND,5433.068807339449
SQRKWGYWKS,4119.756880733945
KAGDVPKGPV,991.8440366972477
GRYSRWWVLG,15402.729357798165
RDHQSEVG,1263.926605504587
LPSLYNG,3142.261467889908
DQLLYWLSG,15343.844036697248
KVLPPYHFKLS,5960.665137614679
VALSKQKSPNKG,891.8715596330276
PGGKVGRPNHS,1548.9311926605506
EPAKSQDLRDA,717.5825688073395
KAAYKLYNKVA,1729.573394495413
EKQNRVGPNK,872.3073394495412
KFGHLFVLSG,14851.252293577982
VSKLQKPAG,1005.7798165137615
GDVSAFPYWNK,4568.779816513761
SPWGWGYWNALG,16426.302752293577
AFAFEKAKHLG,2967.0229357798166
QHFFDASWDLS,11746.61009174312
WHEPRHARHS,3828.5091743119265
RLRLKHALQYWS,11405.954128440368
KGEAYARNKLG,1499.454128440367
WFWGASQFHVL,21630.903669724772
RKQLSQKVRWDV,2152.1880733944954
YNDDWNHEAS,2365.9174311926604
GNGRRYLG,4630.48623853211
QELYQAGQDLG,1985.8761467889908
EENVLKSFDVA,1781.7660550458716
SHHLFVAS,7826.688073394495
KQDFEKNKSG,753.9633027522935
RWSVPVFHSG,11252.298165137614
VRPYLRDYKHS,4104.963302752293
QHKFNHQKHAS,1514.2614678899083
VHREEKLS,946.2660550458716
PWQWDAVQWN,12642.660550458715
FQGVFWVSG,22034.133027522937
AGSWNVGRG,3960.178899082569
EWGVGQAFYNKL,9100.279816513761
PHAAQPDFYLS,9047.371559633028
NDKKSPYWKV,1955.4357798165138
SQNFRKFDL,4600.600917431193
QGQGPVLYAG,4895.261467889908
NWASPSQVLG,3676.5229357798166
FNLAALQPKDAL,3847.9449541284403
KKDVQFNPWA,3966.2155963302753
WYRSPVSG,5761.045871559633
LLEYYDVL,12843.490825688074
FNDQYLEASYWA,14143.5
FHWVHRYWS,15123.95871559633
YENNVQPS,2069.077981651376
RQVQWLYSG,12327.91743119266
QNNPQPYWKVA,4950.90366972477
DYDGPRPKHDG,1839.9954128440368
WDVSDAPLSWHG,8456.087155963303
DAWGVLKVLS,13932.940366972478
WQWFRRPWDG,19345.064220183485
PLFKFPKGWNKS,3992.967889908257
HYSEGDVLG,2224.922018348624
NKLESRNPKHA,1207.4495412844037
VRPHPKADLS,1275.6605504587155
VSRPDPDVYKV,1587.9357798165138
GFHAKRWNHDAG,3037.0
NYLHANASG,2432.7752293577983
SWHESYDLS,5067.802752293578
NLSEAFHRPHLS,6929.160550458716
SEGKAQWDVLS,2368.1605504587155
DLEKPGFRPNLG,2892.1100917431195
RSHVQSNHG,1750.9449541284403
HRNPQEHS,1277.5688073394494
DSSQWYHG,4586.674311926606
KFPSFYYDG,11049.256880733945
EEKEHQNKDVG,720.6284403669724
EWGAFEVQYHDG,12334.87614678899
DRNWSHDG,3238.316513761468
SVGKQDS,793.2981651376147
KRPVSHWNHVL,4330.816513761468
SLGKWDASG,1940.0688073394494
KNFVRPG,2259.8394495412845
FPRKRYEPASG,2220.3256880733943
LLRELYAG,6420.435779816514
KQDLFDFHG,2850.238532110092
HVYHNSWNDAL,7216.720183486239
HVWLEGRASG,4678.935779816514
RQPDDWNHVAL,3243.651376146789
NRDGNEPYNLG,2712.4266055045873
PGKWSEASG,1414.1605504587155
FRHYFRNKNVAS,3438.6330275229357
NGWFHFEWDVL,25402.74770642202
KDPPVLEKD,1107.348623853211
KKRGWVL,2083.9770642201834
EFFQWKHVA,5593.394495412844
YDQEQPVAEHA,1451.559633027523
HDAPAPHLYSG,3094.8256880733943
EAFYAKRPHDSG,2530.2798165137615
NYASLWNG,5386.784403669725
WEKYHVYWKH,7259.90366972477
KFLRNFPYNKLS,4976.091743119266
EWPWSRVGRNS,6163.243119266055
QKSDQERYNDS,957.0229357798165
PSEASVANKHL,1459.0963302752293
HRYGSRKS,1811.7018348623853
NWAHHSG,3721.1330275229357
HHFRGPASG,2749.545871559633
DYEPEWAG,2684.0091743119265
FYAWVSNDLPV,9951.899082568807
SAPNRHLS,2271.02752293578
SYDWSRDLG,5307.582568807339
DSRHDRYPYHG,4958.128440366972
KQVVDVA,837.4678899082569
WHGPPGQPYHS,4901.431192660551
GPWNVWKVQHV,5796.220183486239
AQHRWAHDASG,2741.4266055045873
KVQKLKHSKLG,740.7385321100918
PDHLERKDS,932.8669724770642
FNDLRSFRAGFK,7323.178899082569
AREFPLYWNDA,9845.43119266055
AQGGWHALG,3595.2752293577983
ERSYNWKDVSG,1833.408256880734
PHNGKVREWHVA,2604.706422018349
FVQSYHDES,2662.0504587155965
WKRDYKYNHALG,3585.0045871559632
YRLFSFWNHDA,11944.88990825688
AAEHADSG,881.6651376146789
PWGPLFAGHD,9090.243119266055
EWGWWKLPYWDV,25988.559633027522
RNFGGENHDA,2165.9908256880735
HANAKHDKVL,1354.348623853211
RGWFKAFENDVL,7775.917431192661
DWKVFGRPHDG,4300.715596330275
PKHVFFELFKD,15860.949541284404
RHNNLWVASG,5298.045871559633
QLSVEYVYNV,40173.96788990826
PFLQGFDG,10877.949541284404
DYSGESWSG,2597.6651376146788
HYRHHSG,2890.02752293578
ENDLVALHGHA,2592.211009174312
WKYWHGFWNRPA,11422.137614678899
PANSPYNGFHG,5151.371559633028
RFYYVQREHVA,9937.119266055046
WWDWGEDAL,8667.591743119267
NNAFQEHSG,2052.0688073394494
HELHNVSG,2404.2752293577983
LKFADLSG,2496.564220183486
WDYSHDPNHAG,3748.954128440367
FNPVNKDRKHS,1282.2706422018348
PNVWHQHRKAL,4059.3348623853212
QNLDLVWNHAG,4910.183486238532
FRHEKGQRFHS,3071.7752293577983
WSQHEKQKHVS,1629.5963302752293
FWNGRHPYWSHA,13468.926605504586
AHEDKDVLG,950.2522935779816
FWVDDQNKHDA,3011.683486238532
NYWPLWKALS,11296.90366972477
VREYGWAQNLS,6503.733944954129
RDQLPWVLFENH,14281.91743119266
PSQQDYNDVAL,1971.133027522936
EYLQRNGNKDLP,1829.4954128440368
AEEAYDALG,1962.5688073394494
AYVLVLRPWNVG,35321.47247706422
HVVDYDG,3552.738532110092
ESANHEASG,812.348623853211
DFRGWSEPDVAG,2768.261467889908
RAFQQEDAS,1540.7064220183486
WQNGYGRKLG,5005.192660550459
EYHGAKDFEDV,1575.7706422018348
QRFWNQDPYWNL,19806.830275229357
AKLYFNSG,5665.59633027523
DQNNQYVLSG,2395.467889908257
QSNGKEYWNDL,2481.848623853211
QWVEYHALEVLH,15427.01376146789
SHRAFYNKDA,2515.9633027522937
NDKLLGQKHAL,1703.4449541284403
WLVYQYLG,16248.20642201835
YVEKQPWQKVAG,3157.243119266055
PVFSNDSNLSG,2811.651376146789
RHARNDLFQWNH,7307.811926605505
VGFANLEVG,4015.9449541284403
FDEYGPKQHVA,2120.683486238532
VSNSGYEAG,1447.288990825688
FLNQQKDVSG,1509.5963302752293
AWKNYSG,3135.0366972477063
LSGHYWNVLREY,13554.252293577982
PRSKPWALS,3832.8440366972477
HVDRYLQRPYA,8069.821100917431
YSLDLFLS,14351.880733944954
PALQAYSEWS,7233.600917431193
KHANHQPGVLS,1793.9908256880733
AKAAALS,917.5412844036697
YYPFKSG,3639.353211009174
VGWWQVAG,8737.651376146789
DHPLWLG,9995.261467889908
FVREKEDLQRD,1993.3394495412845
NYNLGQSQNHV,2517.2247706422017
WPSKQEVSG,1343.8853211009175
VSNWFEKG,3196.0963302752293
YGRVWSFRPYVL,24241.504587155963
HKDYGEVLG,1585.7660550458716
NEHSFPKKS,1365.3761467889908
AYSWPHAG,4424.711009174312
SHGPNEVA,1534.4357798165138
NDPWRNREYWL,16168.105504587156
NQRKEHQPYWH,5519.160550458716
EEFYQESG,2123.412844036697
FVSRPANHDRKH,1943.0688073394494
YPLHEVSG,2287.816513761468
ASYGNSQNKDS,966.0963302752293
FWHRDAELSRDS,3379.7798165137615
GFDLHFYWLG,19233.84862385321
NWVAGAYALS,9848.79357798165
WGKELQKDAS,1206.954128440367
QWSQKSYHDRN,3023.137614678899
DAHYQEASG,1301.3256880733945
GNREADG,1179.0
LPWSVREYVAL,19437.623853211007
LEKLYAKHVG,4419.371559633028
AVSRKPDVLS,1523.8990825688074
VEEEKDALG,756.059633027523
RGWSQRSPHVA,4330.527522935779
DYKFVGNHS,2477.137614678899
SQQFLQNG,2480.3990825688074
LHPHQFWNAL,13341.711009174312
EAPLFKRPYWL,13224.155963302752
QPEVVALVLG,35505.44036697248
PQPKVAENALK,1032.3715596330276
VRWWKSYG,7331.678899082569
NWRYLVG,13006.756880733945
ARVSDGNKDVA,1059.9908256880733
GDWKFVSG,3779.830275229358
EVKFPRNKG,1118.2293577981652
GHWHLKG,3456.6422018348626
NYDWRPDSG,3539.5963302752293
PERKLRAG,1190.348623853211
AGRLRGYKLS,3487.261467889908
GSYVAALSG,3850.4908256880735
EKLVYNDNKVL,2094.8577981651374
QLFVKVFREAL,28634.65137614679
PQGRENPLS,1802.8577981651376
EVYFRVYAS,44735.422018348625
VFELFDWVLS,22453.39908256881
EFKKFALG,2544.270642201835
YRGQGQDALSG,1864.5550458715597
SRNHPWAFDA,9234.454128440368
HKHWWHLG,7798.1100917431195
PDVKHDKFRKDA,974.2889908256881
ADFWQWG,10077.321100917432
DYSLPALSG,3214.4495412844035
HEVGEAEHG,1221.1788990825687
LNDNDDVALS,2102.6559633027523
FWRLRPHLSFW,22885.711009174312
PQSYRNVSG,2619.243119266055
NYHYQYDLG,7020.683486238532
NYNNFALG,5446.866972477064
WSEEKSKDSG,1033.5
DGDSFVRAS,2648.770642201835
HFVAFAYNDVA,22541.42660550459
WEFPAELSG,7020.188073394495
NSKSSWNKVLS,1750.165137614679
PGDHHVSG,1582.6559633027523
WAWEFWNDSG,12412.252293577982
GHDWHKVG,2489.4174311926604
NNKRHPKHVS,1328.9770642201836
WPSHLYAG,9150.394495412844
LNKGVGFYWA,12168.756880733945
VDSDPLG,1515.697247706422
NQPAHDNKHVA,1161.3211009174313
LPHVDFYLG,13352.408256880733
NGNYYSG,3903.302752293578
NDFQNDQKHDA,1469.2798165137615
KAQLSYWQVAG,4913.440366972477
QQHAQHRLSG,2112.6559633027523
HWKFDYNVASG,4019.059633027523
YGRQFPAEPHD,3388.0504587155965
EFFEAYAG,6859.568807339449
NSAEHGQFRYKH,3173.669724770642
WNNFPKVYVAG,11554.105504587156
HANNHSNDAG,1437.0229357798164
DYLNDENDAS,1383.0825688073394
FPENHHGPKVS,2248.2752293577983
YLWLKHNKASG,3213.9770642201834
FWPVEYAGYH,12855.674311926605
QFPLGQRSFDEN,4356.087155963302
QSPFNLYNKD,2909.229357798165
WPNSGVPLG,3347.793577981651
YQEPNYLRPY,11509.697247706423
RGELERNDLG,2459.1284403669724
NWKPAEVLS,2022.7522935779816
HELLREG,2512.4036697247707
NDALYSPNRNDV,2974.362385321101
ESEYYNEPYL,8293.802752293577
WLGYGWNQKDA,4345.591743119266
WKEWSRDYDVG,5491.05504587156
WKWQNLWNKALG,6686.811926605505
AEQLKLSG,1542.5688073394494
QNERWNDWLG,8864.70642201835
QPRNKDPYQENG,1324.802752293578
SWRHDPASG,2607.9862385321103
WVYWSQDSWNVG,12543.605504587156
PHWYELSG,8995.344036697248
PVRWQWDGRNV,8708.655963302752
VDVFKQPHVAS,2266.8577981651374
AEGRYNYG,4339.582568807339
DREHQPQWKAL,3320.5504587155965
GYHYYKVS,5582.536697247707
PFAYKYWASG,9185.151376146789
VSLSYPHDVS,4063.3669724770643
AYHSKVYWNDA,4219.628440366972
DADDEASG,806.1788990825688
ASWWPWKHDVAS,6533.1100917431195
SFVSKEWNVG,3772.5183486238534
VRVLGVKHDVA,3068.564220183486
HANWSGKL,3296.0229357798166
WQFNPKHSGPWN,8603.5
DQVKNDG,817.5045871559633
GPVKRDG,1068.0091743119267
DGYNGKRPYWD,8318.344036697248
DNRAQVSG,1078.0504587155963
QDPGGYKAG,1188.6284403669724
SWDYYWG,13057.885321100917
LWARPGRPYND,8417.47247706422
KYHGKDEHDVL,1258.2568807339449
GGEAQPNHDS,1067.3211009174313
YFAEDYNL,6763.706422018348
WDSEYLGHSNKS,3196.683486238532
FKEHNVYWKHV,5523.802752293578
SVFRKHYLG,5821.788990825688
RRSFYAYVA,15865.871559633028
RVANRKVGAS,1163.9174311926606
KLNVKHEWKG,1383.8394495412845
NADWYDG,5560.527522935779
PVYLGEDVEKS,1657.151376146789
SLFPKHKSG,1796.0091743119267
ARPQWSPYWN,10671.52752293578
NSHGYHQWNG,4578.380733944954
GRSGNFNVSG,2567.3669724770643
GHVQGKVG,1458.302752293578
EQHKQHSG,962.8899082568807
QHFSVSGYNLG,7864.532110091744
QQDEQFWLSG,3646.8073394495414
QKFDLVSRYL,8048.45871559633
GKSRGNLSG,1265.4220183486239
YVLVEKGPLG,9911.922018348623
PESKHAWG,2573.545871559633
ADQHGWVALG,4840.885321100917
FWDGDEWHWAG,11894.366972477064
EKAAAGFYWNA,3782.408256880734
PNEYALREAFRG,6747.376146788991
ENVKGRPSFRED,1554.380733944954
KYGESESG,831.3761467889908
LASNGLSG,1676.2614678899083
PHHYHAFYWDLG,16735.738532110092
GRQHDYAG,2366.9449541284403
EEKQRVSDAG,759.7935779816514
KNYVHASG,1679.4816513761468
GEKQKPWNHDLS,1822.0091743119267
DFVGRKGHDVL,2522.064220183486
LHSHGDG,1891.3715596330276
RPPPLPNHALS,2324.408256880734
NAQFYPNKDRNL,3865.3348623853212
NFWQSFPHSG,8434.0
YNYQFKYVLSG,14246.215596330276
LAAGQRWNSG,3275.1559633027523
QKYRSEYNDG,2111.1146788990827
GVSFNDKLSG,1951.2431192660551
ASLQEARKHVG,1187.8256880733945
SQESNSWNKDS,1140.4449541284403
GLGFGWALG,14550.344036697248
YDNHSYVFYHS,14929.490825688074
VKLPVEHVASG,1385.9587155963302
FRGFESRSGHDG,4015.0366972477063
WYDQDELS,3855.045871559633
SEDWHSYNDAL,5183.233944954129
APNKSKSYNH,1231.9357798165138
SLRYDVWLS,16139.80733944954
KFRGDGRPKHD,1518.2522935779816
SEHPPNLG,2167.0825688073396
FDYLEHGFEH,4562.848623853211
LHRGHLSG,2922.0825688073396
FFNRFENG,4604.366972477064
LWNLKLRPDL,7904.866972477064
QGWQDAQYKHA,2677.7752293577983
PLKDLELGEKD,1004.2201834862385
HGQFKQHLFNHV,6311.931192660551
YLLLQNSG,6433.0091743119265
PHNQQFRPNHG,2634.233944954128
LYWSVRPYNK,6488.807339449541
DPRHDFSG,1906.0183486238532
VWHQKFNG,3913.6284403669724
NVNAYVLGPYNV,15035.394495412844
KARVHVQHD,1852.9174311926606
QRRLRYREYWS,9463.788990825688
EHKNRPVSG,1021.7110091743119
EEAFFRKSG,2399.169724770642
QHFVAQPSQNHL,3784.119266055046
PNWNAHVSNSG,2821.5366972477063
FLLFFPLG,17519.811926605504
PFREPSGQAFPK,2579.1100917431195
WHAQLRKLYWD,13295.146788990825
WLSPNRPDPHA,2789.0963302752293
YVSNGKAGEH,1171.4908256880733
AEGLPVLS,2767.4311926605506
GDVSFAEPKLG,1759.697247706422
DRDKYWSG,2067.4587155963304
SGVKWVSG,2938.8853211009173
VKHKRDALS,859.9495412844037
AQNASHRYWAL,8868.20642201835
HVKPNLQWDL,6017.477064220184
NWHWGWVALS,22476.77981651376
PYGLHVFKVAG,13812.330275229358
WGYDNAGRVALS,8812.316513761469
SGNASRFNHAL,4168.3302752293575
KLKAGHRNALS,1356.2477064220184
WAFGAREND,4235.1100917431195
LPVLHVFHDV,11603.04128440367
VFKEKLFRDL,3684.770642201835
DKEPNNG,690.9128440366973
SGKQKVNKDG,598.3853211009174
HGADKLG,902.4908256880734
KEGRQYSG,1453.6834862385322
RWVKYWSQEHD,4966.720183486239
WHSRNDKGEWH,3261.5733944954127
WNAVWNDQG,4107.940366972477
SPYHHLSQNK,2132.0045871559632
DALKGFYLFWDS,25110.032110091743
FEAGLGKGNDA,1467.98623853211
QRYGNVLNDKAS,1847.1100917431193
PLHVLNDLSKA,3434.064220183486
GPNHRNKDLYHD,2317.6330275229357
YAKPREHVLG,2160.302752293578
PYRPKNVGEKH,1242.0825688073394
FARFGENHSG,3466.5137614678897
WVVSFLNAL,27963.25229357798
YFDNWDLSG,6349.165137614679
QDALWVPKSFYW,21148.10091743119
YYDNSASG,2226.5
PANYHDQRHAG,2419.7752293577983
GWHGDYWNKD,4884.48623853211
FFAKYDLSG,3552.4495412844035
SFRNPQPALS,3177.077981651376
QSPAYWHPYWLS,20109.05504587156
QKWQGQYLSG,4165.5091743119265
PVFGKDFRPNV,3882.9449541284403
ADASAQHG,1293.8899082568807
WFLWVRELSG,21451.91743119266
PNRLAFPLG,7791.385321100917
KDRNVEAREAL,1083.0275229357799
GYFHYKLSG,6251.344036697248
VSVSWSFRYKDS,11126.660550458715
LRFWSPSG,7980.247706422018
LARESAG,1111.9954128440368
APPQFYHDVL,5660.614678899083
PYFGHDYHDVLG,10519.967889908257
FHRLWLFKSG,10976.600917431193
WYKSWNVDL,9420.08256880734
DLKHQNKPYNDA,1465.9036697247707
HVQYYWLPLG,24540.949541284404
VENNKPASG,1200.3119266055046
QHSQGDVEHG,1092.8394495412845
ENELVFRPWH,12039.665137614678
YKEVGRVWDSG,4297.816513761468
VALLLYKDSG,18757.160550458717
VVFHAPDG,4412.532110091744
WHHYSQVLG,7227.408256880734
WHKDAWFRKLSG,5489.201834862385
YYWNAFRVRYWS,17620.871559633026
NKQLWDAFYWV,20511.522935779816
AGDLSHVPHVS,2158.545871559633
YAPQFNGKVAS,2117.559633027523
HRHDENRNKALS,1504.8853211009175
RPRWFNSRYWH,18249.353211009173
NAWVRDQKG,2343.8715596330276
YWVRPDVHSED,2360.761467889908
LSVFLSDALG,20838.655963302754
VSQQSPNDVSG,1182.6605504587155
PQYNSHVQRYN,5757.729357798165
VAWWSASG,8471.100917431193
DSVEQNLSG,1006.7614678899082
WRNSNDRVG,3377.8899082568805
PDDQHLRHAL,3309.862385321101
NAVSHGEPDV,1291.3532110091744
WLQGWVYNHASG,8781.371559633028
FNPNGPVYWDG,11473.802752293577
FPFELGVGRYK,10194.522935779816
VDFRLNG,3495.3394495412845
PFREDLWHQNHA,5013.876146788991
RQPDWGQNG,2271.8669724770643
WFWGSHDLG,10927.87614678899
SAYWHYVSG,7391.518348623853
QKFYKGHLSPSG,2803.4816513761466
WQYWYVRPYWHS,21344.04128440367
RLLSKDFEKD,1977.8394495412845
LFKEARYWKV,5202.463302752293
HQLFKQPKHVLG,3612.4862385321103
WGNKQDEDVS,1159.467889908257
RSKKHYHSG,1207.5
KHGEKKDLDVA,718.9908256880734
WEAVHDS,4561.972477064221
QLQSWNGQFN,5230.467889908256
PDQDGFHYDS,4167.651376146789
NQLLRYNDASG,3524.9908256880735
HYNYPASG,2942.9036697247707
RRYEGYHV,5085.660550458716
PQFQNSKDVSG,1285.6422018348624
LEEGVSG,1285.954128440367
RFWHHAGRWHG,8840.784403669724
PEYLKALPHDG,3807.091743119266
LWHLWNWKLG,11993.087155963303
DVRKGQFNPYWD,11243.665137614678
DQSNGEDAS,954.2293577981651
SNSEYRPG,1772.0366972477063
PKDSFDQRQFKA,1962.0045871559632
YHWEFEYWNHS,12973.79357798165
KPEKLNG,741.1376146788991
DGQLHAFPWKL,10803.88990825688
SSFEHYSG,3329.467889908257
HDVRPQWAGW,8420.93119266055
LPDLHFEPWKD,4677.798165137615
DGRSSEWNDA,1893.1284403669724
GDSDDAG,1116.7339449541284
DLFPWFRVHVG,17804.67889908257
FVPGQYVGPYV,10879.651376146789
FPHRDADVREHL,2829.8577981651374
QNHSFERNVSEW,6828.564220183486
RAHEKRDALG,1134.6467889908256
EFERFRNKHAL,4231.931192660551
WNKLLGQVLFRW,21546.284403669724
VEPGFGFYKG,6472.711009174312
QGRPNSVSRA,1407.619266055046
ARHVEGREWAS,2397.908256880734
ALSNFRKWDVS,4016.683486238532
FKPHVFHRKHDA,2756.793577981651
PKQLARYWNDA,3862.2201834862385
NYFYNYWG,7040.518348623853
NGPHVRDAPNG,1479.8440366972477
EVERHSGEYLSG,2413.0045871559632
QNWKQFGEPNH,2977.697247706422
VADLQWWNS,7648.197247706422
LHRHDNLG,2745.761467889908
WESSQYASG,4198.591743119266
HASYEKHEHG,1458.151376146789
FRAWPWHSGPV,12461.022935779816
PHNKPLPYNV,3531.623853211009
WSSKNHSG,2304.756880733945
YFASQSNAL,3051.394495412844
GELSPWADVA,4270.880733944954
PGRQSWHSG,3088.646788990826
SHLSHFKDAG,2250.0091743119265
YLQVYVQRKAS,12821.871559633028
QNDDSQENAKDS,816.5137614678899
FNWPDREPD,3176.7752293577983
YWAEEYVGHVG,8248.866972477064
PRGENYKHVAS,1935.7706422018348
EQSGVAQFRWK,3680.467889908257
FPVFPWQFDLAG,24444.256880733945
NFLPARHDA,4116.233944954129
QFDFALNKQYWV,12314.050458715596
YSYQDYWDA,7340.0
PSALLGNDAL,2624.0183486238534
VNVDSKVASG,1007.1376146788991
WARSGEAYVL,9399.435779816513
WQKPWDNSG,3962.6559633027523
KVYDLGKDVGEW,2777.1926605504586
ASGAWLGHDVLS,5188.3302752293575
YHLSEVLGEGEW,6485.082568807339
VQGKFNLG,2486.5688073394494
LSDPWQPNH,3849.577981651376
WGQGFVGHLG,9998.93119266055
KFKHNHYWKDS,2271.711009174312
WYLFSDSG,8237.555045871559
DSFNWHQNDA,2948.4770642201834
YNRRREHVALS,3582.7752293577983
NGYGEEDAG,1387.4633027522937
HQFPFYGFDL,23670.357798165136
HYKVQDGQNV,1656.3302752293578
KDGKHSWWKVG,2645.0963302752293
NHYFEDGPK,2740.435779816514
HQFWWDVREWLG,21574.201834862386
QGNAEWSGKAL,1979.894495412844
EYGVHVLEVSG,6850.633027522936
PYLNFYKFRKVA,10940.399082568807
WFLNGNAS,4627.683486238532
FRSGVEPFEPHS,3080.967889908257
HVDPHLEPY,4752.784403669725
PHRQNVQRNL,2990.0504587155965
WVYPASWHVL,22375.183486238533
FANQGQEYA,2472.4862385321103
DWKEWQRPVLS,4572.05504587156
HPDYDWKVS,2591.1605504587155
FRDHPYKDQW,5848.545871559633
NDSWEWAEYVG,7046.90366972477
PEGWNHEHLS,3235.293577981651
NRKEDQEYDG,1082.6376146788991
DLPDADQEWKH,1659.2660550458716
WKDWHFPWLYW,23498.23394495413
QDRFDLSENG,2279.4587155963304
AEAQVQREHDL,1368.7431192660551
NYVPAHASG,2261.8899082568805
DVGYGKHFYWA,11480.729357798165
YAEDWWKHVAS,5056.876146788991
VDQWYKHDS,2890.064220183486
KKFEEYG,1216.926605504587
KHQKEYDQKDS,678.9724770642201
NHEKNHVGEKHV,1103.651376146789
ADPDSRG,1006.2981651376147
FWPSRWVNVA,13257.908256880733
WHGLPNAHAL,6432.825688073394
RNKENGWHDLPW,9137.701834862386
RDHADEWDVS,2446.6284403669724
WGSNGELSG,2356.0963302752293
QGPRWHARNAS,2891.408256880734
WAHWHSQRKHS,3658.0183486238534
YPGKPKG,1192.151376146789
QNVFGYWQYWDA,19645.26605504587
ASKFFRPYKVS,3862.288990825688
RHYGRNGREV,2460.8256880733943
HSHQDQYNH,2485.8348623853212
SAGPFHLG,5102.674311926606
LVFWFRPYWS,23129.43119266055
PERWRKG,1884.5229357798164
NYVRSASG,3518.440366972477
VHNFVALSG,5453.798165137615
AEHYGFHG,5060.284403669725
DFFYFHSG,15553.169724770642
NFELLFPYKV,16725.954128440368
QLNLKSNKDV,1527.665137614679
LSFPRSQYG,4846.027522935779
RWLGRYWQESRN,7049.5504587155965
FARASYRPYHDA,7037.651376146789
GQDNGRALG,1696.1238532110092
KSGPRHSGNKG,835.183486238532
DSQYVGDLNKG,1530.7844036697247
AQRYLWDLRKV,8200.440366972478
AQGEWNWLG,6067.119266055046
SDSKVYVASG,2179.3990825688074
WGFSWFELG,24737.61467889908
YRFEHDDSG,2701.2752293577983
RNEPENSFYKH,2297.321100917431
EGYALHYKLS,6114.784403669725
VRQKHQVALSG,2019.7568807339449
PLWFASNKDL,10195.944954128441
EHLHQEQEKVSG,903.3807339449542
YKEKAGFKYHDA,2155.766055045872
VWKYAEKHDG,2138.243119266055
QVFPFALQYS,21192.174311926607
VWGRNWDG,8441.325688073395
QGRVAYLRYDVA,17731.701834862386
SGNQDSGHV,1448.5825688073394
LQDSHDQYVG,2307.178899082569
RFVGDGWAS,7306.98623853211
PQLFPNVNVG,3962.9311926605506
QRRFSWKHDVG,3506.52752293578
AGDWWLG,9523.045871559632
ERGFERNALG,2267.02752293578
PGENVRNLND,2146.0229357798166
ERLGSENSG,1060.98623853211
QQERQEYWKHG,2433.02752293578
RDRAWPYHDA,6552.967889908256
VFHQDENKHDA,1429.665137614679
WVKQKHQREWG,3460.169724770642
EDQAGEYHPKAL,1406.8211009174313
KALSGKSNYHDA,1387.665137614679
NDLWDLSPHQH,4814.298165137615
SALFYALAG,15062.316513761469
QENWKRPSGQFD,3455.4908256880735
FAGVAGWSYHDS,8834.188073394496
GRDLDRWKHVG,3202.123853211009
PPRHNSG,1494.1559633027523
KQWSEKPNSG,1057.3532110091744
PLQDDSFHG,2549.330275229358
EGQARKAWNKD,1117.8853211009175
WEWKAFKGWKL,6614.784403669725
KAENAWSGRNKA,1263.651376146789
APKPQHASG,933.9816513761468
EPDVLNHHDLQ,1911.133027522936
RELGYYHVADV,6989.591743119266
HKRVRDG,1341.7339449541284
QSAAKDALS,866.6880733944954
WGWREANHSG,4696.073394495413
QWYKPWVLGYNK,9791.619266055046
EGWLGRSRWNKA,4276.105504587156
PSWYLKHVLG,11369.573394495414
KNKHGGHDVSG,1067.3119266055046
PGEYSEDFNKHA,2074.738532110092
NQFWDQVPWLS,20137.963302752294
VYRVPAG,3000.412844036697
ASYEHLEPKHAL,2194.0
DSLLFEHALS,4986.90366972477
EDDRSGDASG,1123.7798165137615
YNHWNSDFYHG,11704.266055045871
EWNPEYWNFKHA,6555.866972477064
WHVYHGFKVRNH,7440.798165137615
EYRARWRDVSG,4463.977064220184
PVRLFRGFDG,14524.61009174312
NYLHEPHDVA,3012.8577981651374
RAEYPKVAPYV,5621.811926605505
WEEYYWNKVLG,11283.54128440367
HSYSPVFNSG,4839.637614678899
YKFGKQPNS,1704.165137614679
YSLQKLNHDV,2419.591743119266
YEFAQRG,3577.6559633027523
KVDYDSQFDASG,1753.802752293578
QREYEPHQEHAP,1540.967889908257
FRLFQFDANAS,10155.055045871559
VQVGVRPWKVL,8443.47247706422
YWAFSGWVHDA,14405.38990825688
AEVNHYHVASG,2585.738532110092
LEQGASG,1226.5
PKELGEREVAG,885.5091743119266
RNYEFHLG,6885.866972477064
QYPELGYNKDA,1995.633027522936
SQKQVGFEKAL,1608.4954128440368
LWWVNHLS,12865.853211009175
HLVERVLSG,4350.912844036698
EFNGHQEPYL,4186.4908256880735
AGDVSSYASG,1486.9357798165138
RGFFWDEHSG,7094.747706422018
WYADDVALSG,6660.651376146789
HWVQQFPWNVLS,20534.940366972478
WVFKSGVAFEWS,22861.844036697246
WHHGEKHDVQFE,2573.5504587155965
WAWVASSFRWHD,23320.802752293577
AYASNYNKHV,2849.3669724770643
DVALGDQRGPVA,1750.440366972477
PLKVPDVAQFPA,2203.4862385321103
PGNPEPHVLSG,1833.6605504587155
DDEPDQAG,876.7064220183486
KDKLFNEWDL,3240.770642201835
HEKAKSGQNKAS,601.816513761468
WSDHSYDS,4681.931192660551
QPWPRPWHFKH,13770.885321100917
APKYFKVLG,3548.3073394495414
NRDNYWLS,7995.431192660551
ENKRHLWFYDL,12004.669724770642
VQNERHAG,1330.7660550458716
EDEEDRYWVA,2697.862385321101
QRDAYLFWNNHA,9863.880733944954
KNWQKALG,1686.7477064220184
YFVGVPKDAS,2766.353211009174
SQSFPFEYDVSG,5897.8899082568805
FDVVLQFFHLS,47015.747706422015
DRDQVFYNKD,2834.7798165137615
FNEKENVLGWND,3980.1100917431195
NLYRPYNGRHA,6185.357798165138
DSDRYKHFA,2412.5229357798166
FDWHWHEDS,5208.256880733945
PGFVPYQNDSG,3719.6422018348626
NFVNAKVAL,4427.206422018348
KKNQKVALSG,756.2018348623853
VAQARNVYWNDS,4501.908256880734
FHWVKAWKHDV,5019.123853211009
PPPAASG,926.1284403669724
KSFARPEWHS,3487.5733944954127
PFSEEYG,3272.0412844036696
WAAPPKLG,3428.376146788991
VHVKENSG,906.6788990825688
EKLLHLGEDVA,1298.091743119266
KLPPRPKDAS,995.4678899082569
DSDGDRWNDA,1774.697247706422
FFSLGYKHDLS,4145.623853211009
LHVKKAG,1199.545871559633
PQWEEVSG,1986.2293577981652
WVKEHGQFKAG,2486.8669724770643
RYKAKHRKPKH,835.7706422018349
LYDNLWHDV,8235.311926605504
SERKAELG,1031.9128440366972
YSHDLFNVASFY,15734.064220183487
NRRSWLS,5414.9495412844035
PGHSSQEHVAG,1231.9495412844037
AYRWKVNALG,4659.105504587156
NPLDEVSG,1015.9174311926605
GDEDFENKHA,1054.045871559633
KDWQHQVASG,1818.8256880733945
AGWWKREYWHG,9347.366972477064
SKVQNFWNDAS,2805.348623853211
DPWWRVSG,7906.123853211009
NKWSAEPYWDL,11292.105504587156
DYWERWDLG,9801.02752293578
QHRYHRWANDG,4867.325688073394
FGFYALRPQPA,8938.770642201835
PGVDWKG,2225.8899082568805
WSWSPWQREDG,7776.316513761468
WPYWSYLPWAL,35393.94495412844
ELVQPAFEYS,6549.366972477064
KQQAGRYG,1677.059633027523
SELLVAG,4792.394495412844
FSSWRNSG,3912.1009174311926
NVRQYKLDG,3270.316513761468
PENWKLHDV,3119.119266055046
DRLWHQAL,5964.935779816514
SFGDVNLG,2879.394495412844
AHAGYHWNDV,4715.917431192661
DGVWDNKSG,1727.633027522936
QGVRDGHAL,2639.7844036697247
QQDEKVRPHD,1051.7522935779816
AQPDYWQWAG,5288.853211009175
WFLKSPALG,7005.752293577982
NWLKRHSG,3782.97247706422
ELHFLQNL,7281.59633027523
RAYVHVAYWVG,24075.371559633026
QLQPWSGPVSRY,11539.52752293578
NWKKRHALSG,2080.729357798165
YHSANHVGFHLG,7990.188073394495
RGGGRWLSG,4843.743119266055
FVVPEWHVAG,5509.770642201835
VFNADRYWKS,5038.133027522936
HKDLASRPNKHG,1336.6605504587155
LGPHWFPWNHV,16507.798165137614
ELAGDSWKHDV,1805.6422018348624
APHKSWVLG,2858.2247706422017
DGRDELGQEWS,2287.5183486238534
LNGQDYDLS,2280.146788990826
WWYEVSG,12194.752293577982
PRHKKDALS,922.5412844036697
RHPLFRGHAL,6250.142201834862
SFRPYHWVPKH,6104.761467889908
YGAGWLEYWDVS,15042.077981651377
FENESWDQEG,2299.52752293578
RHWLRGRHLG,7185.4908256880735
HFDKWASG,3072.3119266055046
HAQPAFDEKDS,1037.9174311926606
RHVGDQFPLVA,4465.01376146789
AFLGKNLSG,2574.3715596330276
VQGRSWVG,4068.467889908257
AHQNGDLG,1265.1880733944954
WGRRAHDVLG,5571.229357798165
WRYRRWVAG,9252.243119266055
PDELNKPWNA,2514.4449541284403
DPANWVASG,1809.3073394495414
HLFKASGPSQHA,2347.862385321101
PNHWYDVGFEK,6134.119266055046
LLSHRKALSG,2867.3119266055046
VYGWPYSG,9737.366972477064
VSSNVYVAS,3705.564220183486
SRSSKDG,1039.288990825688
FWFRYGESQEK,2225.0504587155965
GWDSLPNKHAG,2338.266055045872
VEAFGKDA,1515.4908256880733
NPKQKEWNKHD,948.5733944954128
LRFGDSG,3228.2752293577983
DEVLAGENKVA,1026.9770642201836
DDQPQDVA,1142.7018348623853
REHVFLRYVQYV,36955.64678899082
YYWDLQHGQWDS,8204.215596330276
SQFKAQRFYWN,10167.688073394496
HQHVANPLG,2616.862385321101
YLNVHVQPAL,7747.408256880734
FQGGWNSG,3331.9266055045873
WSYDSWRKLG,7414.362385321101
SRLFDNLG,5252.646788990825
HESQYGQELG,2040.4633027522937
NSDVKQWDG,1668.5504587155963
ENVYYKHLWKA,5566.155963302752
NFEFVREWNS,11365.59633027523
FNDNHAFSEWVA,8344.422018348623
FYEYYDLPYHD,5754.087155963302
AQDKAPHAS,853.1192660550458
QQQWVNG,2605.798165137615
DPGYENDSG,1707.866972477064
DGHVYAPWHLS,11764.321100917432
NLYVDREHAG,3948.0366972477063
PKDEEPKVWNG,1324.9633027522937
RDFANQEWKL,3422.848623853211
QQPPDRWKLS,2056.2477064220184
LHEAGWLSG,4512.440366972477
DVWHQFHAQPSG,4193.01376146789
LHYAHSG,3271.3073394495414
EVGYEKHYNHVS,2466.770642201835
YYHNPKSG,1966.5963302752293
PNHYENAFKDA,2355.862385321101
WVAKQEFKVL,5514.119266055046
LSVLVAFWKDV,26365.591743119265
KFDNVRDVS,1969.3990825688074
PGKGGYDVG,1480.940366972477
SLRNPHVLSG,4170.160550458716
APGQNVPLG,1433.394495412844
EKQRHLPALAG,1776.2798165137615
PPRWDDG,3346.862385321101
HKDQEYGRAG,1386.7935779816514
DSAAALSG,935.2293577981651
FGYEHVSVG,4608.807339449541
RAWVEGKDG,1801.9633027522937
LEDFFKLG,4865.871559633028
FSFDAPWHVGRK,5780.348623853211
YQRLWHPHS,7083.582568807339
AKLEQYVLG,2425.816513761468
SVGELVG,1726.6559633027523
ELDQNQEVLG,1200.3623853211009
VRSVVSG,2345.577981651376
QFRYFKDKEHAL,2764.077981651376
YHQHVPLFPAG,6244.98623853211
HFFDFWAS,13064.981651376147
PVGVDAGRYWDG,8106.935779816514
AGRQAFYWNDLG,8796.88990825688
NHSPDQWPNKHV,2325.798165137615
WKQNKFPARED,1600.7201834862385
PVNNVLENKASG,1284.2614678899083
SLFRSFRSG,5925.036697247707
RHLHSGPSHVA,3062.678899082569
LSLFVVAS,39284.33944954129
GDFDHSG,2147.5183486238534
NYKYVFYWNKDA,9047.47247706422
FWRKEASFYKS,4482.197247706422
LSLLEPG,3619.7522935779816
FNSAEYNYWNL,11233.316513761469
WHVRQRHAQEKG,1794.9449541284403
YGVESPNL,2440.8440366972477
FYFGKHLGYLG,4920.211009174312
ARQWVFSG,10684.09633027523
HFLFSQKSG,4872.495412844037
HSWHLVRPWNA,12533.325688073395
KSAKFELG,1218.348623853211
ARDKFRAG,1369.5642201834862
AFFVQYVAS,34927.12844036697
KVNGFYPWAG,9342.981651376147
PSFPGGFEPHVG,3215.816513761468
RHNAVLPAS,2174.912844036697
VSKDQKFDSG,966.2844036697247
RKRWNHEHLNHD,2845.1651376146788
LQLKVQDLS,2509.4311926605506
SKRWQLG,3255.2752293577983
RDDSLGNHAL,2363.9587155963304
AQKAPFREWKL,2754.935779816514
HDQDLGAWNDV,3117.711009174312
AYFGYNDVG,5376.311926605505
AGARLRNDVG,2076.9036697247707
YSPQFVGFALG,23008.84862385321
SKHPFPDASG,1778.4036697247707
WFRKQQEWKHG,3150.802752293578
GRYRSNKDAS,1461.8073394495414
SQGRYWKFRHVA,5534.655963302752
AQDEVLFRYG,8703.880733944954
LFDFDLDSG,4150.197247706422
FWGPKARHVQYG,5705.059633027523
FSVNPYDVAS,4548.688073394495
YYVHRNVL,8132.788990825688
VQGSNLG,1517.334862385321
PAYNWSGFWKD,11145.995412844037
QRSRALPHQRS,2278.3256880733943
NRWHERYLG,7908.738532110092
LRNKSYSEYNS,3218.6880733944954
VWVSLYLSG,33539.44495412844
EEDRAPNKLSG,1118.0825688073394
SGKSAFEYWG,4402.362385321101
NAAKYKLS,1731.9495412844037
NVGFWGLGYWS,21945.30733944954
PAFDYNREPVS,3345.4862385321103
DELQKYHSG,1549.51376146789
WGWNAWSQFRAL,22496.715596330276
GDLPFLG,5910.215596330275
GHVPQHALSG,2054.743119266055
PFLDFWDASG,12003.977064220184
QPKEKHSWLQNH,2505.683486238532
WSKLNKAQNAL,2552.1422018348626
EWEYGSGNKG,2565.467889908257
VGARQFEPHAS,2192.701834862385
EPVYQNHEYA,2726.5688073394494
PFPDDRKHAL,2227.0688073394494
DNEFPHLSG,2081.2844036697247
WFQYSDVS,7419.252293577982
GESHPHSG,1737.380733944954
DLLPWSNKVA,4209.940366972477
NHRVRHSFRYDL,9741.20642201835
FREGPLYAQRPN,3568.97247706422
PNKEALWRDAL,4746.362385321101
KWGKQKLS,1124.8532110091744
VLQSKVQPG,1611.7660550458716
RGVQKVRYNHA,2430.683486238532
RPFGVFYWKAS,16394.229357798165
HVNENHRPWG,5396.912844036698
WWYARLG,11695.091743119267
GVGWAHLS,7200.522935779816
VFWFDSRYWV,19957.60091743119
HNDVFDGNAS,2390.3348623853212
FFEPELFPDV,5078.95871559633
NVKVKAGWHVL,5397.935779816514
GRVRQWNSG,3522.577981651376
VFSFAEPG,4622.8302752293575
YKREFWRWHDS,7852.802752293578
WPRKNKVAS,1557.7614678899083
RPWWNHFVEPN,12137.009174311926
EGFWFRNAFWLS,29386.74770642202
VQNKWFPNVL,8053.926605504587
AYHWKYNDSG,2986.559633027523
HAGSHVEWVA,3631.3669724770643
HPHLYEKAL,3232.02752293578
GWSVPDVG,3441.4862385321103
HEVSQYRNKL,3006.6100917431195
AGQVGNKEYNSG,1183.8532110091744
LAFNQVALSG,4948.98623853211
HDRSRYDQRKD,1662.1422018348624
EVGEYNGDGQN,1615.8532110091744
FVNWLFEPWDV,20212.981651376147
LFEWDGWKVFRP,12442.04128440367
PKFHQRLNVL,5204.591743119266
SEHHLQNVAG,1771.0963302752293
FAYWDQNGDAG,3696.816513761468
VHWNLNASG,3656.4449541284403
AFSHSWVALSG,8726.353211009175
KLQHGFYSKDV,3651.683486238532
WNYFSGPYNHL,13592.518348623853
YGRFGFVSG,12027.977064220184
LYDWEPDVSG,3767.4954128440368
PNPERYHDVL,2391.0733944954127
ALLESNLG,2858.761467889908
VKKVWSG,1712.2339449541284
QVVWLQHV,12834.165137614678
KQRAHVPYV,3378.894495412844
AQRDEVSQNHL,1439.6376146788991
PVESFRNFDAS,5563.40366972477
RRWKAGPLEPKS,1312.6605504587155
SGRDYGREYKA,2296.394495412844
AWLWHEKHDASG,3588.619266055046
HEVLWGRYWKD,8504.211009174312
FFEWDEHYLS,10785.055045871559
SWAWPYALS,15710.62385321101
SFWVVSPYWDLG,30251.69266055046
VNGAQDVALSG,1482.9036697247707
NLHYEVLSG,5836.972477064221
KHDALYLEKFRD,4472.408256880734
GAFRAKG,1753.0091743119267
SPDYGEKVS,1044.0504587155963
YSDRHVRNLSG,3258.4449541284403
VQYVDAPYA,5508.183486238532
QQAKGVSG,1015.9357798165138
ELSEWGQWQFV,22046.577981651375
VGRDYWDVEWV,12063.555045871559
ADNVYAG,2054.954128440367
YDFRYLWNGKVS,4714.715596330275
FEGQRKGERWN,2422.9587155963304
YQVLNVAPDS,2850.5137614678897
YPVPNWKHDALG,3447.3073394495414
AHVGDFYWHVL,16319.224770642202
PFASHDLKAS,2497.316513761468
RGYAQNQLG,2844.353211009174
FESVKVALGPL,8998.48623853211
NNYSVSG,2374.0733944954127
WLYLEHEWLG,17752.871559633026
FSFRAFDARHA,6153.100917431193
YVDWEYAG,7366.766055045871
FSPGSREPNDV,1389.967889908257
RWRYWRQALG,8504.426605504586
RLDREADLS,1435.9954128440368
SRNRYPYLG,7393.784403669725
WKHKHFAREHA,2503.270642201835
ELRSRNHLYVA,6873.738532110092
PDWYFRNG,9176.894495412844
GNSYQESG,1325.2706422018348
WQEQGQFPYNDG,6589.105504587156
QQARDFWHVG,4884.431192660551
NDWWGWDVALS,15243.243119266055
QKNQFPGHASG,1637.5825688073394
VQVSGRRPWS,5867.9495412844035
ERKDGKDNKH,720.1192660550458
QGEGRQPWKSG,2174.348623853211
RAAWYNS,6130.665137614679
DDLDHASG,1316.1009174311926
YNVAARNAYHL,7805.45871559633
RDKRAEPYNAS,1508.119266055046
RHFSKAEWDLS,3704.7522935779816
GAEYDHG,1757.7935779816514
RGVAQQRKDVL,1462.711009174312
HWQRARLSG,5416.339449541284
PAHFALRPWKA,7770.04128440367
GPLRLNDLS,2708.5688073394494
EDVVEVLQRE,1495.3899082568807
WKVDHLGPKHDV,2436.7201834862385
SWAHVHLG,7492.348623853211
NEHWDGQHASG,2922.619266055046
ADESFNALSG,1581.2431192660551
PVKDAFGPNKH,1798.940366972477
EGKGPHAKDG,843.9954128440367
YDKAYSEHG,1663.5504587155963
GDSQSWLSG,2352.091743119266
WNQFQKLKDVAS,2692.362385321101
SKSHLHAG,1450.2568807339449
REYKFNQQRNK,1366.8211009174313
NPVPDNHVLG,1818.0045871559632
YRVNAPYSG,5101.871559633028
AWLPHNVAG,4173.270642201835
NGFFEWWVA,23242.577981651375
PLLWVAHDVAS,11561.37614678899
RHDDFWVQNG,4181.692660550459
DKHERKDVAL,813.2018348623853
AEGEVPNDVSG,961.394495412844
QNDQALFYQREW,13482.97247706422
PVFRLNFRHLS,20862.97247706422
KRYHEGYKS,1677.3715596330276
HALSWHDVFAQK,6609.160550458716
YFFESELG,6875.674311926606
NEKAQAPHSG,1037.0871559633028
WWEVRKG,5531.853211009175
RSWSKAGKHSG,1416.5688073394494
WPRKARSG,2063.4036697247707
YEHFPGPWKDG,5082.706422018348
SSDLKVALG,1517.2477064220184
QYLDEWKQASG,2071.394495412844
WEHVFEAFRAG,12457.183486238531
DLLDQDAG,1628.665137614679
FAQFDRKLEWH,8077.527522935779
VRNFSEPG,2318.6100917431195
RGKLAKALS,1295.633027522936
HSSYGYDG,3508.706422018349
LWFEPFKLG,12559.504587155963
GADAASG,917.7110091743119
ADVLHEHDSG,1359.0871559633028
KRYVGDRDS,1596.9495412844037
NDDANDFYVAL,12946.720183486239
VRLGSRPG,3445.394495412844
YLQLEYWQFHDA,20072.42660550459
RNHWQEDKDS,1440.2522935779816
SQQHQPVAS,1234.6559633027523
GRLVEDAG,1743.2706422018348
GPQRVWKAL,3739.5229357798166
LVLNPSG,3588.967889908257
SYRDGYG,4263.183486238532
ENEFAQEPYHVS,3147.1605504587155
RPFDLGAREK,2157.119266055046
AYLPDVWALS,10145.908256880733
HSWPNQPYDS,5058.926605504587
PLYHVFYAEHDS,19380.389908256882
QGWHGKPDSG,1622.4036697247707
WDSRGYWSRKA,5355.142201834862
NFQALVSG,4644.568807339449
NHFWDYLSNG,9340.853211009175
EPKLGLASFHL,7333.582568807339
DEQRLVSG,1798.2064220183486
LDSVSDSG,1483.6238532110092
ARWEVQVALG,10664.440366972478
KASHNALWHDAL,4307.6697247706425
SRQKPALSG,1282.6146788990825
RPDAGKDLKDEH,861.7660550458716
NVGGPKVHALG,2465.2247706422017
DAFSFWDVFVAL,39513.66513761468
VEYYEPDS,3438.5733944954127
PKSHPYNQNVG,2039.4770642201836
NNFHRNSG,2642.146788990826
YHLGFQWQFWNH,18132.02752293578
HKSVFWG,5476.04128440367
KAKSAGREYKA,821.8761467889908
YSDQVLFPKA,3393.7477064220184
PYAVFYALGNKD,19423.743119266055
AELAYVG,5113.0
RSGQYPKDNL,2187.4633027522937
DFYQRVREWAG,6679.720183486239
WGLWNGQPWHG,14134.119266055046
KKSLFYG,2586.206422018349
SKRKGKSG,639.1467889908257
DGGFQWLSG,6645.720183486239
FFYSQQWHG,5263.623853211009
WQNPNDFYKSG,5248.467889908256
QSPRLYKSG,2229.1559633027523
LWHSNYWNDV,9348.38990825688
RVKDEARKG,810.9036697247707
FFFVHVAL,14903.619266055046
QWQEDYKFHAL,8273.463302752294
ASAQWSGVASG,2030.4724770642201
YYPSWAG,6644.8302752293575
ANLDAQFWHAS,5657.087155963302
GPKYVPYWHAL,9067.756880733945
RKNRVLPSG,1257.0642201834862
RLPFFRDAL,11160.743119266055
PKNLRYSFNAL,8159.931192660551
ERERGRPYWHV,8140.105504587156
VWKWWALS,12195.422018348623
QAEGNQYNDVLS,2569.6009174311926
LQAQKYWKHV,3513.9174311926604
EDSFDVDVAEL,2314.766055045872
FDKARHHDLS,2213.178899082569
NFASNRPYDLG,6428.206422018348
WRWGRANHVAG,5507.261467889908
VEKPEYHVASG,1639.3256880733945
PKGGWSQKAG,1309.8853211009175
QHYGLGQWAS,5891.192660550459
FVHSHALYNHG,5553.912844036698
DARHSNEPKD,926.651376146789
LGPRQREPYWH,8364.674311926605
DLQLQAFNAG,3436.5137614678897
REERQYWNG,3307.0045871559632
NPFHLPSG,3123.8119266055046
RNAHNHDYDVSG,2702.321100917431
GFNGSFWKVLS,11699.37614678899
LVFEQYHVA,9484.532110091743
WRRVNHDLG,6075.706422018348
KFVEYAFWKVG,11769.128440366972
VYREENSG,1820.4587155963302
GELLEKASG,1312.3394495412845
KSRLHGQPDVG,1571.573394495413
NGKRREWNDS,1565.788990825688
QSRSNVLWVA,8327.091743119267
PPNQVSYDVS,1863.802752293578
LYHGWSEPKD,3191.9633027522937
WADKDEKHDVS,1187.2568807339449
VEGNAPHVALG,2362.3348623853212
SWHNKNVAS,1988.2201834862385
LAFWGHSG,7343.224770642202
SYGDVPDAG,1711.105504587156
KEEKDKSG,536.7155963302753
GSFYWDWG,15057.0
AKQDFVALG,1795.2064220183486
ENPAVLEYWHG,4843.477064220184
DFGVGHVLG,4783.559633027523
VDGGEKVAL,1299.9311926605506
LRWEYSHS,7632.435779816514
PWYWHPLEPWHA,21486.853211009173
QEAYSPWLHVS,8067.848623853211
FNPFSQYWALG,15513.08256880734
HKHRAEYSG,1629.4449541284403
ELNPYLQENHS,2694.146788990826
FQKRDPNHDVG,1615.5183486238532
PWYRSFHLSG,14773.866972477064
EHRAEKRLG,1186.0
KWNDWHLQRYDA,8079.142201834862
DQESYQRYKL,3378.2798165137615
VKLDQHLSG,1672.7385321100917
WQFHVLVWNDSG,27764.69266055046
WKYVELQEKH,2758.733944954128
DDFPQVG,2131.380733944954
LFKNSWALG,5500.605504587156
DQFDNDGYKHL,3841.1743119266057
RQFVWDLFPKH,10523.256880733945
LAREQWNDAG,2179.912844036697
VFEFYNPKDS,4191.651376146789
GHAFAHLG,5236.435779816514
RDSYFWKHVQDV,4207.091743119266
HGVYYVALSG,26171.495412844037
WGALGEFKVSG,4976.54128440367
KNLQKRLG,993.1651376146789
DVHNRWKG,2286.0825688073396
PYWHHSLFWKVA,13634.518348623853
FALVDLEYWHLG,20463.894495412846
QFALVLRYHSKL,23659.66513761468
RYAHQDSGFENA,2620.729357798165
HEANYDG,2219.5045871559632
YPRLHASG,2792.697247706422
HSLFGQHDALS,4381.591743119266
LWLDLDAG,8298.637614678899
FSNVNGNHLG,3296.646788990826
RDFFYHRKS,3783.697247706422
PLQGHAHLSG,2582.7155963302753
KNFAYALSG,4175.733944954129
GQSRKDEPYDAL,1474.802752293578
PNGSAQEWAL,2573.798165137615
HGLAWKVAS,3567.9633027522937
EKFAGENHSKA,851.4128440366973
WAAPSGYWNS,9379.243119266055
WNQNDGPVQYNV,5032.142201834862
NVNWNNHVLS,5572.142201834862
FGRWPDGFHVLG,16429.61467889908
DKYGALSG,1586.3394495412845
NPYWDWSYNV,16455.064220183485
GQSLKVG,1559.7201834862385
KPQNQDSG,832.0871559633027
NYQEVWASG,3800.3073394495414
RPADSFEFYHD,8311.550458715596
KVEYHLDPHDSG,2390.0091743119265
KHVDYVLYAL,20248.477064220184
GVLNANVS,2123.532110091743
VFEAEKGRWS,3856.5550458715597
YEKEDQPYKHV,1997.091743119266
SQHPFPKVALG,3718.793577981651
RHGVVLFEWNG,25685.75229357798
AGHYPKLSG,2412.5045871559632
DSWAVSPNHDS,2606.52752293578
RNANYWNEKVL,4096.917431192661
EGPWLQAPYVA,5906.160550458716
EEDNEKDVALS,962.2018348623853
SEPFQRPSG,1921.2247706422017
WDYYVSPHAG,7750.032110091744
KAYFQPHG,3550.183486238532
VKHYWQHG,4198.692660550459
KAEFKHVKVSG,1137.440366972477
YPNEEPNHDAS,1322.3899082568807
APDFNFNHAG,2572.9036697247707
KPFKVVLSG,4807.871559633028
PKHHLQERNA,1414.1376146788991
KNQYHFRLS,5177.353211009175
WVKHRWGRPN,5711.467889908256
YRPSFQFNL,16185.357798165138
RSQKGQNAPDG,1003.7889908256881
DSGSFHPVLS,3609.9587155963304
VEDYSWHSG,4023.229357798165
WRNVYSFRPNH,9518.155963302752
QWVQFRLDLHD,37683.50458715596
YLDFGFAG,8646.729357798165
KFDGVENAS,1273.7981651376147
GRSWWHLG,10641.275229357798
WKPEDFNDAL,2569.9266055045873
HQVHNHG,1955.9816513761468
HDKSPQWHDV,2122.454128440367
FFNFRWFHVAG,10722.495412844037
LSVYNFEPKA,4708.770642201835
NRYEKQPYNKA,1943.4449541284403
LPRPLYG,6530.348623853211
LLSVELG,7183.926605504587
SGSNFHASG,2241.0
AWNGSRVSG,2832.646788990826
LWNAQARAG,3354.876146788991
YAKWVSPNASG,2857.798165137615
NASDGQHVQFEK,1500.6467889908256
PLGWQFVREWKV,17162.93119266055
RYERLGQEKAS,1890.8715596330276
AYHGDGRPYLG,7012.802752293578
YFRYQYAHDS,5885.307339449541
KPDAFLFRNL,7124.935779816514
RQWGLPWNKAL,8233.857798165138
QKYLPSPVAG,2088.908256880734
HFEGWSQEKG,2213.3853211009173
QHQGWNHRVG,3577.6605504587155
QLVSPAPLSG,1912.802752293578
PELAENAG,1332.3532110091744
HAQHDGKVLEY,2798.8119266055046
SFFLRKG,6200.720183486239
ELSHFNDVASNK,1660.4587155963302
YHWDWGQWVA,14405.270642201835
FHDWGYRWNKL,9530.325688073395
KAVAWARKVSG,2166.954128440367
VPRNSEALSG,1130.8211009174313
KKQPEALSG,659.9678899082569
AYHENQRVLG,2799.3853211009173
NFYSPNWSG,8755.564220183487
WASLHREYWS,14870.550458715596
AGQVRVGEWH,4037.169724770642
AKQKQYDAS,1043.6743119266055
FSAVYLSG,15041.555045871559
EWDSDPNAQRL,2540.47247706422
QFVQASYAWKV,10316.871559633028
ESVPVWNHDVS,2037.9587155963302
VAKRSQFEYH,3173.197247706422
HPGWEYAG,4696.09633027523
WNHHGRNKSWH,4810.899082568807
WNYAFWFES,26057.788990825688
KGLVPVG,1612.4311926605506
SDQHWVLS,4874.027522935779
RDPEHREPYAL,2346.5137614678897
SEADLRHSG,1577.1009174311926
NLGWSPKQYDL,6963.922018348624
NGLYFALSG,20080.380733944956
ESDPPNVLG,1290.7798165137615
EPNKVWGRWEPN,4149.151376146789
SHVSYHAPAS,2564.830275229358
GYNDDLEWDL,5863.155963302752
QKVDPDVFVA,1630.467889908257
RKFAPYEPS,2536.47247706422
LWYWEKLS,8247.357798165138
HYKHEHFPVS,2766.9174311926604
DFENNAPYKS,1996.9220183486239
DWWKAESG,2088.0366972477063
LNRVRDVSG,2399.3348623853212
DSVDRPDASG,1126.665137614679
FNFPGDEPVS,2183.178899082569
SEVYNPLG,4117.9495412844035
QNGVPYWEYKH,8484.954128440368
DPDHRKLG,970.9266055045872
SGAPNFNVLSG,2967.4495412844035
SHVDNLG,1779.3165137614678
QRGWAQEDAEKA,1059.3302752293578
EENRFDVG,1979.3440366972477
HHRHSRAG,1923.5642201834862
YDEKEVWDVALG,3376.587155963303
GQLPLPKDVS,1272.1605504587155
WEWDLFWASQHV,17703.123853211007
YSDHQALS,2103.380733944954
EESRAPVLSG,1187.545871559633
NSAYYNDVAG,3268.9908256880735
RNWWEYWNKL,13007.045871559632
KYKYFPLG,4122.064220183486
KRYSHDYNKDG,1742.440366972477
QRGKWVGENA,1742.9908256880733
QEKYFEWENDA,2667.178899082569
QLVRRWLSG,8859.697247706423
KAQVVFRPHSG,2998.412844036697
FLNKENNDVASG,1392.4311926605506
YENDWASREKH,2584.146788990826
PEDQHRPKDG,1218.7293577981652
FLSWPWVKHV,13008.454128440368
SQAFDQRDVAL,3224.330275229358
QPRAHGRPWK,3266.821100917431
WLQWNRPLWDL,28493.798165137614
HQFHWSGPNVL,10673.11009174312
WEKSNGPWHSG,5041.348623853211
KQWVAELRWKHG,4707.747706422018
HRRYNNVSG,3101.321100917431
SGWESQHDSG,2066.770642201835
ELFALGDVAPD,4241.408256880734
EKWPRPHS,2215.683486238532
WPKAFEYSGHD,5473.779816513761
HVPQPDVLFKVA,7042.587155963302
NDDKVLPKDLS,1103.8623853211009
GNQKSFSG,1831.8715596330276
KDHENVALDVL,1824.4357798165138
DLKSREGYDA,1266.802752293578
YAGEDVSYEPNS,2243.591743119266
NPWRKGFEYND,5664.45871559633
LQQKEPAS,848.0688073394496
WSRVKEWNVG,4566.848623853211
PWWLFPEPKL,20234.02752293578
YHRVPYPHVL,11128.79357798165
RYGSSRDSG,2257.293577981651
LQNSWSGNVG,3054.908256880734
FVRENSDREVAS,1884.4357798165138
AFLDPNVAL,5985.6697247706425
AKYEVSG,1203.4357798165138
DQVAGHNDG,1329.1926605504586
YDQWSYHVGPH,8366.69266055046
VRNVYFDVLG,17485.72018348624
WPQHFLG,10164.522935779816
PWRYWKYKLEV,10190.577981651377
NGAWDQNKHDL,2507.4311926605506
ALGFFRPHGFY,21711.1376146789
NHAHKAENKHA,1026.9128440366972
RAWARLNHLS,7301.559633027523
PVGDEPASWD,2313.766055045872
PKNLNKNKAL,766.243119266055
SGLKPWG,3869.2522935779816
PLLHVHSG,4861.344036697248
YDQDWHLFRPHV,9337.724770642202
PVAGQHAHGKDL,1449.3256880733945
RYSVEKVQWKLS,4530.981651376147
KNDSDPWNKA,1100.151376146789
QSDVLYSYKVL,16591.357798165136
EDVNWVALVSG,9280.275229357798
FVEHKDLPKDG,1478.5366972477063
NFSPWVDASG,5574.834862385321
LFHHSKLSG,2789.4449541284403
SNENGYLSG,2130.6605504587155
GYDYRWKDVG,4072.3853211009173
LPVYADVAL,6534.646788990825
RPLEVADVGFV,11447.302752293577
RNAPPVASGKDV,1006.7752293577981
PPARRELG,1213.426605504587
RWWGHDFRWKL,14175.564220183487
ALQLSNPHVL,6538.018348623853
VSGWWNHWAS,12838.522935779816
RNQGDSGQFKLG,2313.211009174312
HWYSYLG,9751.463302752294
SRDFFRYSG,6598.926605504587
QRYQASNSGPH,2535.729357798165
PESVHDALG,1709.454128440367
YLQLWNALHSG,8626.01376146789
WGAPKHVYVL,20142.064220183485
RWDKKFWKHA,2594.743119266055
FPAPNLKPVASG,1836.6467889908256
NFYQHRPYKH,5626.087155963302
YENQALEPKAL,2047.3165137614678
GFWAASALSG,7812.142201834862
RVNPRHVLG,4151.266055045871
ELLAGWHDV,4938.357798165138
PRQEFNASG,1666.940366972477
VPKLEDAPDS,735.0642201834862
SQGPAVALG,1658.0183486238532
NWDLARYWKVS,9283.155963302752
FNDEWSWSGYV,15988.62385321101
KKHLQEYWDLPH,4576.01376146789
GFRPNGKSWKG,2359.362385321101
SRVLQQPDG,2063.5733944954127
HPHHFPHDV,3366.5091743119265
VHFEPDVEKHAL,2159.761467889908
LPLVAEALG,2442.697247706422
QWLVASWQRWNK,10890.697247706423
GQDNRYDALG,2383.206422018349
KPQYSFLG,3742.229357798165
HKEDAEALG,956.8807339449542
SHQSHVS,1616.7018348623853
HHRGVSG,1891.1926605504586
RHDAQQWAPND,2638.330275229358
WEDQPAKDG,2092.1009174311926
HDDFSEWNKDG,2304.605504587156
AGDFDVSKDAL,1414.302752293578
NESPHESG,1155.380733944954
VSFYAKHQEYA,4987.142201834862
GHWVNALSG,4783.183486238532
DRSFAFPNKDS,2092.922018348624
GGQFYVHVSG,15573.490825688074
KGLVQKSG,1450.5642201834862
HWVLKLRHVG,10752.637614678899
ENHLEVRPGNSG,1900.3256880733945
WNSNEDAYHDG,3423.5183486238534
WHFKKEPDSG,1596.2981651376147
VYVVNVALG,25597.743119266055
EEPPEPDALG,1049.3623853211009
NPNHWRYNSG,5284.01376146789
QKGHFRPDLKH,1880.651376146789
LHVVLPDS,5561.825688073394
WGQWRYWFWVG,24645.967889908257
DGFDWLNKAG,3715.9862385321103
DWLAKVLSG,4797.151376146789
WWEKQEKHAG,1773.4128440366972
WLFFGFPYN,9582.52752293578
VYNNEVLS,2941.0733944954127
KPHKHWDVAG,1587.3990825688074
ARWFSQWSG,11018.871559633028
WEFYAKLG,5393.1100917431195
YQPAHQHDVALS,2516.8119266055046
GEFRRPKDVL,2818.6284403669724
YGQSEWKEWLG,4084.6146788990827
HYWGSRWNKH,5462.59633027523
YKHEPLLPYDA,4264.45871559633
NNDRLQNSG,1452.165137614679
KRYDSGDLPWK,2784.4036697247707
WGHDNLENVA,3134.5045871559632
LNKGEPSAG,945.1605504587156
ENFKVLRLEPYN,17577.33486238532
VNAWRKVG,3164.8990825688074
YNAPLSFRAKV,6966.302752293578
PYGQEKFVGYNL,9669.38990825688
FAWKQENHRKVS,2292.7752293577983
KALDEDAQENVG,927.3394495412844
WSLSFVRDSG,14453.98623853211
VYFVYALSG,25098.146788990827
NDQLRDALYNA,3881.564220183486
FFKGPGQNSG,1921.2798165137615
DSYQGKDVSG,1071.151376146789
EFLSKRWNDL,4368.426605504587
NVVDYKLG,2540.619266055046
NDSNPQEYKDS,1024.1376146788991
YPQVSPSG,1520.2844036697247
NRNVKSREAL,1437.1238532110092
RVSSGQHAGDV,1624.9128440366972
HWLAASG,5118.940366972477
QLDHAWDS,3351.1422018348626
NASNVSNVEKHD,1069.4770642201836
DDAVHVLS,2002.3577981651376
RWPRNDRDVAG,2524.137614678899
DAWKLSNDFYG,7116.467889908256
VYDDVWLG,7972.784403669725
FWERFWNKH,6715.894495412844
FKYEPDLPH,3042.6330275229357
NPKAPRWNHDG,1902.0091743119267
PPAFSHVSG,2215.183486238532
QEEVHLRYHV,6056.44495412844
VLHVNKYWHVLS,10779.88990825688
PAHGKQNKG,1017.4816513761468
YVSWLGHVYW,19387.82110091743
NKQVLGPDAYHV,3116.3256880733943
PLHSVASDL,2914.412844036697
DAEYALGWDEHD,4917.651376146789
AQESWGEYHDS,3064.2201834862385
QQLLHALS,3734.559633027523
QQGPEYHVALS,2648.651376146789
PSDNRVSG,1543.3165137614678
DAKFYHSGRNKD,1534.8165137614678
GQEHYALPDV,3733.564220183486
QFVYHVFSFYL,16536.059633027522
PLAKEDLSG,1208.5642201834862
FLWQFHQLG,10955.95871559633
DVDWENDA,2120.1146788990827
NDKVFDGFHA,3650.559633027523
PPKAVRHVLSG,1779.4220183486239
PPNVFRSGWKAS,4182.243119266055
KEQKDYAG,735.7247706422019
VEKHSLRPDVA,1561.2431192660551
YSPSPGRAG,1585.8211009174313
NKPYQFHYDA,5060.334862385321
KAGVKHSPHDV,1185.0688073394494
NSVRSQFPYV,8731.536697247706
EVHDGSVLG,1608.9174311926606
WYRLDVSG,8764.848623853211
FEWLHVNDGQDG,4263.04128440367
ERFAGVSG,1945.6788990825687
NGHAWAFYAL,24397.5
DQAGKQRKVAL,1128.9036697247707
EAPYEWGRDAG,2517.9174311926604
RHANHLVFEWKL,15980.766055045871
DRADRPALS,1519.334862385321
FDVDSPDVNL,2357.8256880733943
NYLWLHDG,11473.394495412844
PPKDPVSFHVL,2925.229357798165
GQAGLSDVAL,1793.302752293578
QQNDGYSQYHA,3488.4036697247707
RYYGDREPWKAL,6648.688073394495
WLVDNKVALS,6639.678899082569
APKDEFPKHV,923.0825688073395
FLSFWQFLQKAG,7172.018348623853
PVLVSRHVSEKS,3482.0733944954127
KPHKAKVLS,830.5642201834862
WQDSQLWNG,5806.5504587155965
FGEFVYKDALG,8735.990825688074
LNPWKVKG,2704.394495412844
YLDWWKHDS,5439.711009174312
DERPVHAG,1597.1376146788991
NHGVFGNDVAG,2687.577981651376
WKQRYKWGFAS,7770.706422018348
GKGDLWLG,3293.380733944954
NHLQHRKSNDG,1436.802752293578
ADVLASKDA,872.9954128440367
GHNKKHSG,764.9816513761468
WGHPKENKHVS,1763.7752293577983
YLYGSGPWDL,12226.926605504586
RPHWHGKNVAS,2690.454128440367
KSSNAYWKVAG,1961.1926605504586
NDFQRPGWAS,5253.582568807339
YVFARDLSKHS,4140.688073394495
SGSPPVSG,1199.8256880733945
LQGWYAG,9047.811926605504
EWYQLQRPWDAG,10991.224770642202
WRARPPNHG,3875.0229357798166
DWYQALSG,5459.8302752293575
WPFWEYLSG,20142.857798165136
QQDPHLVG,1687.908256880734
HGNFYDFRDSG,6520.059633027523
GVGVYNSG,2846.316513761468
RSVSVYWALS,17354.05504587156
KWGALPSG,3005.830275229358
PAGVSFRSFWLS,25431.394495412846
QWYQDAQWNALG,8773.357798165138
HPPHFKSG,2049.793577981651
KVYYWWNDAL,14309.261467889908
YDFVFYNYALG,13739.674311926605
WAYQRNNDG,4153.784403669725
KEPWDYLGPYHV,9457.064220183487
QPKPYFNVLHV,10089.522935779816
KHLWKRDAEVLG,2092.2477064220184
GFQLRKSG,3174.793577981651
NSGQKVELRYW,10651.59633027523
PRWFDVHDVA,9456.87614678899
LNYDEYALSG,4429.100917431193
REKLRYVAKVLK,2184.9311926605506
WNKEGEREKVG,1086.3990825688074
NKFHFKHSAG,2318.729357798165
KGKFPNFEHS,1649.6880733944954
WPRASWSG,6989.646788990825
GPQLEHALG,1433.3302752293578
GPFPPLSG,2376.1559633027523
HHDSFLEWALS,9442.02752293578
SGWEQFRPKSG,2506.9770642201834
FLPPQFNDVA,3786.266055045872
WPGGRWVALS,13206.133027522936
NAYVRYRWDS,11946.08256880734
EKPYFWVSPKDA,3098.5091743119265
HYHVWLGFWKVS,16889.169724770643
WNPSFHYKVA,8102.628440366972
NGHWDVNG,3098.298165137615
PHGFFPNVWKLS,14258.532110091743
AHSNHHLS,2153.967889908257
YWANREHPKH,2920.8577981651374
FQLLWKHAL,12152.344036697248
QKDVRGYKQWKL,2165.733944954128
VYFSKALG,4865.481651376147
VWKDANHSHA,1728.9128440366972
ANVQGWDVLS,3648.380733944954
GYGRDQKHDA,1592.3715596330276
YSEDYAPYKDS,2647.2201834862385
DVGKRLSQKL,1175.591743119266
HKRDQHALG,1544.8211009174313
LWRLGYAL,14889.770642201835
APHAQSPVG,1294.197247706422
VVSKKLG,1523.8715596330276
LDVPWPYNDG,6667.821100917431
HLRKSKFKVS,1312.7844036697247
YKGKVFDRYA,3664.9036697247707
YYEWEYALSG,11319.743119266055
RKYNSDRYHD,2356.6146788990827
DFEANFPYDG,6545.899082568807
NQNFFRHVSG,5381.316513761468
FSKSHAQRHAG,2330.376146788991
VQFYVNFEYVS,54790.99082568807
FRHWFWVLWDL,28669.655963302754
QKYPGQKDVA,1210.908256880734
EQFGPHFNLSG,4531.481651376147
FGQQQHASG,1762.8853211009175
KWVDAELS,1956.1605504587155
DYHRSQDLG,2006.940366972477
HNHHWVASG,3640.1284403669724
PDEKLDGWLG,3322.8853211009173
SKFVADSG,1321.7064220183486
GQWKVNDGYH,4616.536697247707
NHQEENDAKS,770.8623853211009
HDWVLRVPHA,9033.564220183487
VGNNNDLS,1378.3623853211009
EDGQNGEVRND,1152.408256880734
LDLWVDALG,9204.220183486239
QKKYWFWNVS,6184.463302752293
QHQWWFPYWNKL,18268.73394495413
RVFFALQFPY,43445.06880733945
HFLAYKVSG,9043.385321100917
FAYDEPVYDAL,6636.224770642202
LDPVQASG,1344.467889908257
NPLSAREYLS,3180.3256880733943
WFGFKWVG,12177.440366972478
ENENDFRAFWD,10778.160550458715
FREVYARWENA,7819.922018348624
NDSKPDVGYNV,1787.954128440367
EFVYYWSG,29977.51376146789
YESDKDVAS,1290.7981651376147
EQAGLGYWKDSG,1778.3623853211009
QEEAASQFKD,869.2385321100918
QYGHWDAKVS,3470.8119266055046
FWVSVQYQKS,12773.545871559632
VYGPHFLSG,9481.087155963303
FQSYSQPKVA,2432.266055045872
KGNVHVYKHD,2331.697247706422
PYYWGEPFPHVG,13734.380733944954
ARLVRDLG,4209.98623853211
PHHPEYVG,2734.2752293577983
HWHSHRWDG,8320.371559633028
RSRSFVHLG,5811.761467889908
PNHARDEKLSFH,2625.47247706422
WHVDWVQPYKV,13253.45871559633
KEPPFEKSG,910.5963302752293
HFYDQKFREWV,8124.674311926606
HSAPLYKHV,3645.3119266055046
VQWKGWNKGYN,3861.706422018349
LGGHSALG,2451.7798165137615
SRYKKASREWNS,1823.9036697247707
WLVQGYVG,12399.577981651377
EHLPDSPKAFY,2871.4036697247707
YNQEDFKSWDL,5835.353211009175
QGGQWREWNL,7372.926605504587
DQDFRREYNKAL,2629.7752293577983
QVELFVGHVAS,19115.270642201835
RSDRLGASG,1743.8715596330276
WHHWNRNKDVS,3134.2798165137615
PNFAHPYWNHDA,7135.399082568807
VNYLENVASG,2525.646788990826
FEKEPVFPQENS,1382.3899082568807
GNLRWSWKHDV,5985.637614678899
ERSWENKHDAS,1404.7522935779816
LQYWENVFHDAS,10248.330275229358
WLAAALG,7442.747706422018
LWEDNLG,4023.9633027522937
NGYDQPLHDG,3589.678899082569
VESGKVKHDL,1253.4036697247707
AEKEWPVSG,1386.5183486238532
GEFDHSG,2368.577981651376
HVDGGFLSG,4715.288990825688
HRESEWQFPHA,5533.752293577982
GQWWNRNG,5553.683486238532
RGYSEYGNKA,2303.97247706422
ELHYGYNS,4190.417431192661
QKKVWDYWKA,2955.8394495412845
LFFPNAVG,5454.298165137615
PQEDELYWS,5235.545871559633
SKFWSWG,8011.183486238532
NKVAGKFRFNG,2966.0366972477063
EVWNDVVARWG,8531.366972477064
QPEQPHSYDVAG,2336.2155963302753
QPQAGPWPNKAG,2027.866972477064
DEPYKLNVPKA,1424.8990825688074
NQDGQFHAFWS,13408.761467889908
EEHFLYHLG,8518.922018348623
VNNGPKHVS,1431.1422018348624
ELVWNAYHD,8409.701834862386
LKEWLVG,4489.587155963302
DANWYKSG,2470.637614678899
GQHQQPKS,1087.2018348623853
KWYDSYHVSG,5184.128440366972
YGRSHYWKHDLG,5286.880733944954
WHFHAWGEDA,4834.032110091744
QKFFAGEKHVLS,2788.321100917431
RLEHQPWPWLG,18134.142201834864
RHQFWHEPYSRP,9651.481651376147
SRLVAALSG,5370.252293577982
NQLRLEHSG,2691.5412844036696
FKRRYWFPKAS,3934.821100917431
NNEFVLG,4286.09633027523
QQRRVSEPNHG,1999.6238532110092
HEPQFLPHD,4485.862385321101
VGQVSYVPWNS,6451.284403669725
WRVPGFWNKVSG,6795.995412844037
WPYWYAFRYWDL,27690.05504587156
FHPFLFEPNA,7990.834862385321
NFNYLKVG,5437.087155963302
NFGPNRVSG,3263.293577981651
PLFVDVEWS,25649.857798165136
WGVYQHVG,7840.59633027523
DRERWSGEDLG,2252.045871559633
SHKHLDVLS,2192.4816513761466
WYFQWNKVAL,9975.87614678899
WQYNWNSRYW,19532.44495412844
ARDYWQDVLS,5297.01376146789
NLFGSFPKHLG,6976.128440366972
YHQWGQSQWKH,5293.307339449541
FFWWWHSG,9386.642201834862
WLEFNHLSFREY,14672.830275229358
HNSAVLG,2429.2155963302753
GFWVYDEDLG,11899.98623853211
AQYDHSYWVL,13934.61009174312
YAYDALFWFHAG,14482.463302752294
FGHWRKVALS,6900.871559633028
HYKFLEKHG,2662.7752293577983
HGRSLSEWNHVL,7065.105504587156
PYRRHSPDVG,3256.0688073394494
WQLQVFNHDVG,9939.715596330276
SHVQFGNVG,3958.3348623853212
NVNDNDYWHV,6107.48623853211
QFPSEKHRAYWK,4097.623853211009
GGEKHHG,1228.848623853211
WDPKLALFWNA,17898.133027522937
KRHARGFRNDA,1772.6284403669724
QYRQPHLGEDV,2496.6330275229357
GNRRHLSG,2359.8853211009173
DREHSWQRVS,3780.761467889908
ENPKNHGPLSG,1139.9036697247707
GRQQKSG,817.4495412844037
GPYQLENKHLG,2302.5
QYNRLFALSHG,9570.633027522936
RNPWRGHDVSG,3763.293577981651
VYPRKLG,2802.816513761468
FPSNWLSEDAS,3468.4908256880735
ELPFVGYWNA,9377.922018348623
NPHNVEALG,1519.848623853211
HDYHSDRKDL,1577.4770642201836
WFKRSFYWNHVS,10071.688073394496
FSNEENVSG,1513.7293577981652
SRDKWHDAL,2701.1605504587155
WPDLFVLRVA,48577.435779816515
RRGPDRAG,1694.880733944954
HDEGKVARYA,2779.711009174312
QYADGENEWHVA,3083.178899082569
HYGNNASG,2033.0642201834862
EYRADQEYWKL,4805.091743119266
YQHEEPVSG,1563.0275229357799
QNLFQPHQFAL,13756.197247706423
KYGLASG,2270.302752293578
YPFWFKG,10773.09633027523
PEQFVGQRALS,4155.454128440367
AKEYWKELG,1705.151376146789
RWLNDGHSYHA,7090.412844036698
NGLYGYHVSG,6500.316513761468
YAQHWHPWNKV,7365.564220183486
RNKFYVNHSKHD,2436.678899082569
QVAPDAWNAGHD,2181.440366972477
SYYGNSG,2139.316513761468
LFYAYFEYKHDV,15597.770642201835
PHYNHRQPWLS,9939.463302752294
WNASKSHVFYH,9661.004587155963
LQSEHQKDVS,867.2706422018349
NRRSQHLS,2368.8577981651374
SEKKKHG,577.9449541284404
NGFDSREQYKD,2092.954128440367
DWALNQFVA,8993.201834862386
DSAFGENKHDA,1128.6422018348624
YDNEGQYG,3014.9954128440368
RRPHSFFNHL,8622.518348623853
HSNKKSHDG,855.4220183486239
HPEYSPG,1648.697247706422
LRNYNRKHDV,2771.761467889908
WRYHEYLSPVL,16521.738532110092
EPVEYFGEYNVG,10884.47247706422
FVVLGKKHSG,3612.4816513761466
SGRVKHQEPAS,1121.9357798165138
YQEWVFVEDLG,31767.775229357798
QYLNAYVQPHL,8823.38990825688
EKADFESEHDAS,887.7155963302753
KFYQSPNDLG,2575.9266055045873
LDGNEDG,1476.6605504587155
RPFSALQYW,21942.17889908257
SRDENNKDVG,1061.032110091743
DFNESFYALSG,8996.100917431193
ELPYHRYKVLYW,20839.27981651376
SHWHGNG,3158.9495412844035
KLYADVVAL,7093.137614678899
HNHRFYHL,9102.220183486239
SWSAVAG,3554.766055045872
GWWVFKALG,16288.697247706423
DLWLFFKLS,24059.495412844037
ENKQHLGEAHV,1459.7339449541284
YVWDSGAQWHDG,6991.256880733945
YVHSNDQKS,1333.9770642201836
KSVPPKG,729.9724770642201
PQNNARWVA,3937.9587155963304
LWKVLVRVG,26946.6376146789
YGGAVLSG,3043.9449541284403
DLSWDNVQNK,2190.2798165137615
FGHPDYWNVLS,10809.256880733945
KGERSQEPKDA,702.8440366972477
QDLADVARAS,1253.697247706422
GYKDQNDLEYNH,2585.0229357798166
ARKKLNSG,694.7844036697247
VYFHLNVAS,10166.97247706422
ALGSWASPVL,7744.692660550459
GAGFLPHDL,6938.032110091744
NHWFGRYWNDG,11582.701834862386
EAFPPYKFKSG,2482.4495412844035
KKQWGHLS,2333.678899082569
ADNHDYALSG,2108.376146788991
NQLHLDSG,2521.3119266055046
LNVPHDWDVAG,3655.8073394495414
HPPKRVLSG,1793.3394495412845
FYRGSRVLS,6200.399082568807
ENFVHGEWNHDL,4713.908256880734
YHGHVFANHDL,7374.54128440367
AQGYPYG,4399.871559633028
YGVYNVQKVL,7213.559633027523
KFHGYWWNKVAG,4997.876146788991
DAGRHLQHSEHL,2719.788990825688
RKPPGFYWVLS,17772.536697247706
FGYQQRHG,4404.577981651376
QNKARAGDPYV,1936.5091743119267
KFVRHYDS,3980.587155963303
NDFQEKYALS,2289.940366972477
AWSYKPDVAG,2448.97247706422
VNHVEREYG,2125.4449541284403
PADRQEHS,1191.032110091743
KRQHSRASG,1167.9128440366972
QYQYEWVFYDV,40205.477064220184
GFFASNAL,9856.688073394496
FSHAAGFKS,2939.587155963303
AHANAWLG,4399.564220183486
WQEKGEFRPD,2464.9266055045873
RGNSPHVLSFED,4752.9908256880735
WNYALRNAPWD,16111.559633027522
KDQFRADFNK,1783.2293577981652
HRAKPASG,1043.2201834862385
QPHPWDGNAYW,13307.981651376147
FHEREYEKHL,2950.5366972477063
QSHDYQPHG,2266.8577981651374
YQSAVASG,1576.0550458715597
FFHDSRFNDAG,4235.733944954129
YAEHKALEPDAG,1364.2935779816514
GRNRNQYWKHS,3130.47247706422
DENFSWKDVS,2337.8394495412845
PEAFQALSG,3026.0229357798166
QAEDYDLRWKG,3097.5550458715597
HVNLDRPNL,3276.6743119266057
EAPNLYWAKDA,2431.4633027522937
NPYLEGREPHAL,3105.802752293578
YGANSPASG,1472.8853211009175
EYGYHPDVPNVA,2863.6422018348626
QSHFGENL,2508.0137614678897
HNHPSEHDLG,1823.394495412844
LLGFEFAG,11898.885321100917
KYWQYKREAL,3259.1284403669724
EGNYGKDAL,1228.5779816513761
FKNNPALSG,1903.908256880734
NAVHWKSG,2154.302752293578
SGFQEFYDG,8667.302752293577
NRLSHDFAL,6587.633027522936
NRDLVEDG,1425.6284403669724
WVDPGPLSG,4117.963302752293
LKEAHVG,995.0504587155963
ESGDRNGYWASG,2570.5825688073396
EYENDAHVVG,2006.3899082568807
QQKHRWNQHV,2762.0091743119265
KKLGKFAG,995.348623853211
YLNHNKVSRAG,2586.940366972477
LPDENLDVAL,1726.6743119266055
EGPHYSFRG,3914.197247706422
YFQPGQSG,2453.9449541284403
DKRNPHASG,1268.0642201834862
FYWPSEVFYNV,20019.871559633026
PNAWHSNKNDL,2320.3394495412845
NWYLALSG,15014.449541284404
NRNQFVRDVAL,6873.853211009175
HKLEYSFWVLG,20506.288990825688
HNRWLELS,6492.3899082568805
NPSSPNSG,824.151376146789
PRGYSQDVL,3494.7798165137615
KSAYWQHDVLG,3494.6651376146788
YVGWGYLYHG,12435.944954128441
FADHHALSG,3066.5412844036696
FRRFQPDALS,5286.885321100917
WEKLKFYHVAG,8231.279816513761
LSLGFDYVAG,13145.724770642202
LFSFVQFYG,15829.61009174312
YAQWGWRYKHS,8225.091743119267
DLDWASPWHDV,7052.967889908256
RHFLSENKFPK,2479.940366972477
YDQKHAWSQRPH,3996.2201834862385
NDDYGDVSG,1613.908256880734
KPKNWDG,1372.119266055046
YVAQEQLFRWD,15538.252293577982
LGRVNAGYASG,3813.201834862385
DEYRWHQDVL,5824.747706422018
WDGEYRYLQAL,13171.422018348623
WRQDAASG,2650.178899082569
RGPHWKRPHVA,2991.4862385321103
PDLSFDLNYVAS,13341.40366972477
SWVRHQWALS,11378.422018348623
VKVSDFHLSG,2502.619266055046
ENFYSYHPNHDG,5321.4495412844035
LLWAFPNKHDA,5685.646788990825
SNDRPVNHDA,1607.6834862385322
DQYHYLGWNDVA,6323.027522935779
NKWHWHAREWDS,6589.435779816514
KGPDFRFRYHL,7567.977064220184
DFAPLQDVS,2212.5229357798166
DARSRYGDG,2467.967889908257
FKKHALNSKDL,1341.7844036697247
WQSESEPYKVLG,3552.3577981651374
LKPQPSG,1339.6284403669724
GLQNAAG,1369.3577981651376
SPLDDLSG,1296.0688073394494
RVESVSPYND,3914.045871559633
QKKFSFNKDAL,1348.8165137614678
HLVDPKDVAL,2434.243119266055
HNLGHEYWNKD,3491.545871559633
EANWALYWKAL,11508.146788990825
SGARKSYNHA,1949.5550458715597
EPLKAWASRNS,2509.3990825688074
AGRYAEKALSYW,7584.022935779816
GHLLYNSG,5143.408256880734
PADKKDASG,712.7522935779816
FSRVNSFREYHS,6749.077981651376
VSVYWDPWNKA,8742.495412844037
RLRRQFRPNG,3311.697247706422
AHSYAPVL,4172.724770642202
NRYKAEPWDENK,1760.591743119266
WAQQQWNKAL,4350.366972477064
KDLDSKRYVA,1581.4587155963302
VFEWPDVRHAS,7549.761467889908
PGKKEPHG,905.1880733944954
DFVDHLSG,2864.5137614678897
HEQLVLSG,4365.857798165138
LGENDHQRYWV,9947.178899082568
QRRDENSYWHV,5163.004587155963
YDNHGRSRYND,4093.229357798165
EHEKLYNSDG,1635.2477064220184
QLKNQEYWNL,4518.321100917431
LGYPHQNDVG,2587.9449541284403
KHRLFDLRHS,4183.807339449541
YWSQSKLSQK,2174.3853211009173
YKAQVGALGFKD,3377.032110091743
EKNNQFSG,1202.880733944954
KPLSPYPYWDS,7662.252293577982
NDGFEENFRNK,3001.669724770642
SGDAQFFYVS,34029.83486238532
WLQDRPDGYNHD,6015.045871559633
HWEDWNKVALG,4212.811926605505
RFGYAREWKHLG,6225.711009174312
WQYKHWSFEKHV,7495.247706422018
KGFAYDYNG,4264.922018348624
NGQFHVGQLHL,9842.577981651377
EHLDADVGPDV,1443.0229357798164
DQHALKFHDAG,2168.7477064220184
EYDHWDSQHV,3551.678899082569
VLEPDSEVSDA,985.2889908256881
GEQVPSG,1169.3577981651376
FDLLGPYRDAL,9679.045871559632
EYANGWHSPVL,7251.931192660551
RGALNLGKA,1835.2018348623853
GYPNSYG,4498.899082568807
EGHWEPNKHVS,1989.7752293577983
SWGYQYDS,6778.931192660551
DAQGREQPDVS,947.5275229357799
AYKFDDASG,1759.7201834862385
DHVASQGEKHA,872.1926605504588
PQPHFWPKAG,3692.9311926605506
DKANHWHVA,2207.97247706422
WRVGFHGEDS,4387.022935779816
FFSNQPDALSG,2983.4449541284403
EGRERWDSLG,3612.330275229358
SGRHFGFWLSG,13732.316513761469
LESWAQYSG,5508.288990825688
HRKFLSRENDV,2019.151376146789
QEWLFHRKLWKV,10068.133027522936
RALNEKQFYSG,3621.270642201835
FGWQLFREKLS,6342.325688073394
DWLGRQAG,3131.9495412844035
WHPNVQPGFHD,6286.94495412844
NWFHGHVALG,9455.495412844037
KGHSEWVNVS,2105.435779816514
RDLHWNLGEYD,7000.793577981652
WKQFLWKEHASG,3735.619266055046
QFQSWNHPYWL,22775.27981651376
WVKDNKPKHS,1457.0091743119267
SLGRKKLS,1173.3761467889908
DAVAGHDDVSG,1196.8761467889908
DSENYVGFYNHD,5605.633027522936
VDNLFAL,7996.105504587156
LYEWADALG,5437.839449541284
GAQDNSG,1042.1009174311926
QQWVFWHAFEDA,13114.224770642202
HFSQWLYWVL,19162.311926605504
LQWNKDYVREY,6154.339449541284
GEPDYGNHVAS,1700.6422018348624
SRQNVWAS,3548.47247706422
EFWHQWAGDG,5674.977064220184
QLKLHDLDAL,3306.798165137615
HSDPFAG,2147.7247706422017
VGSGHSEYNV,2135.1926605504586
RQDFHGPYKAS,3389.105504587156
KHWAYNWNKL,5809.477064220184
HKADQLSG,942.8256880733945
DDFSWHVA,4501.366972477064
KDRSSNVAL,1282.3715596330276
FRLDDVQYHDV,6011.353211009175
LWDLERHDS,3629.8440366972477
WEYHFKAPNHL,7770.95871559633
FNELQFWRPKA,7654.834862385321
YELWSNASG,3742.087155963303
RFHDWDFEYG,12324.761467889908
PLDFVAQFLG,19470.155963302754
RNQQQNHDAG,1420.0550458715597
APEYAYVG,3000.7522935779816
RQVGSQDLS,1376.9311926605506
SASKGEVG,740.045871559633
SGSWENLS,3498.756880733945
RVPRDPNKHV,1976.0963302752293
VPFDSRVS,2623.2844036697247
PRWRESFALG,8085.211009174312
QERHWHLQYNG,5453.853211009175
WVASNGHFNLSG,6874.752293577982
EEWHNARPWVG,8285.20642201835
DWHNAYWKDALG,5456.036697247707
FSKQGEDAL,1197.619266055046
PRLSNVAQFND,4034.6880733944954
EVGDVEWFYLS,16137.160550458715
HDLDVFSQKHA,2654.669724770642
GNKSFLFKHDV,3841.201834862385
QHWQSYVG,7516.1100917431195
AQRYNHPKNKD,1061.6422018348624
VWGEYSHVASG,4204.151376146789
QYEASVEKDL,1534.8532110091744
QENNALYAFL,13754.761467889908
NNAEFDAG,1688.1009174311926
WYHHEVSG,3985.761467889908
EWAYPLGQENS,2903.8577981651374
NAKEHPYASG,1402.6422018348624
HWLSESNKLS,3126.6284403669724
NSNWEPLSG,3299.8119266055046
VEDGWYWNKSG,4820.165137614679
LDSHWKHDLG,3254.798165137615
YAFWVFVASEDL,37598.206422018346
ESQGSQREWDA,1752.5412844036698
HENSQNPKALG,1388.9908256880733
QDYNVNKADLG,1270.3165137614678
YFPYWSWKAGWH,15533.853211009175
YPWQSFNHV,9640.279816513761
QFGWPWQWKHS,10957.422018348623
FPKKEPWAFNHL,6960.178899082569
LHGHVYG,5105.174311926606
SNRRNSG,1469.3394495412845
RSAPVLDSG,2281.9862385321103
NFLFEYNWL,26197.73394495413
RQGRHWNVA,3654.8990825688074
FFGYSWASG,4771.068807339449
DQHVLSSVAL,5303.275229357798
EHSNVALREWSP,4167.0504587155965
PRNAEDEYWK,2033.7339449541284
LSKVEHRASG,1426.7798165137615
YQGRLPVSG,3448.376146788991
HGKLQFAKHG,2447.802752293578
NSEDFEHFWKA,3999.6284403669724
KDLPEHDLDV,1105.197247706422
DRQPKPLG,1234.302752293578
QPADHDVFVG,3659.564220183486
YGYLQKFALS,9006.48623853211
SYVKKDLSG,1446.6238532110092
ESSNQRAG,1008.2522935779816
NNWHAWG,8685.19266055046
ENYVAYKVDS,4529.348623853211
DQWVPGPWN,6476.811926605505
WRGHHSG,3949.1146788990827
KFVYDVPYHDLG,8193.54128440367
KNEGKVLSG,1024.4633027522937
HSRLREDWKL,3118.7155963302753
YVLNYDLRDVG,9891.229357798165
NHWQPDYKDVAG,2603.211009174312
KHLGGFRSWAS,6361.362385321101
PHDAESHFEDLG,2251.738532110092
NNLWPLSG,6965.0504587155965
DRYYKKHG,1765.1238532110092
DGKHNKFREKAL,973.9082568807339
RVDEHGHDAL,1845.4908256880733
RFVPARWG,8718.302752293577
HGWLEFYNS,16193.70642201835
PASYRLWDVG,8772.114678899083
QVDQFRSWKDV,3120.0504587155965
FWYQYWARNSG,5492.862385321101
SLSRKHWG,3531.183486238532
WNSFARWDWNS,15379.866972477064
YLVVLPNS,19111.47247706422
KGKNEVALG,1073.545871559633
PFYSHPWNV,14825.394495412844
RKRAHQWKDSG,1191.7477064220184
YWHVHVLGDWV,20455.41743119266
EAARFRYNKA,2131.637614678899
QAGELKHQFKAS,1837.1422018348624
FHEFEYAWVLG,20958.3623853211
SQYRWAEALG,5347.651376146789
YHWEQPYWNHLS,12902.284403669724
RPVVNALEPNG,2248.3119266055046
GHDNAWNVLS,4093.206422018349
NNVFPADVA,2418.605504587156
KHQFFNVQWHA,9373.298165137614
KSSSEWAS,1339.119266055046
WDRRVQEPW,9437.077981651377
KAHPRKVLG,1310.7477064220184
KDYNLFKDQS,1400.7018348623853
NWHWEYASG,9757.802752293577
AGQPFHDRWN,4256.302752293578
NKEQYWDPWS,8470.12385321101
NRQYNKKLSG,1305.834862385321
LGFPWDQRFYKS,13910.055045871559
WEPEVREKVS,2005.9311926605506
FARLLFPWVLS,24783.688073394496
PRHFDFHLS,9044.738532110092
FPWQLREPSYDV,12317.697247706423
HAAFDSPYKLS,4737.711009174312
HQEVQPQYAG,2396.678899082569
FWQKNKAKAS,1096.6238532110092
VELEGHDS,1466.7201834862385
DWGWEYHVLS,16243.174311926605
QQLKANVALG,1820.7201834862385
DEHDWSREWHL,7914.692660550459
RPYAVARRPHVS,6374.674311926606
PAVDQWDVAL,3894.756880733945
ESKRFPHSG,1493.3165137614678
RQFKKHQREHV,1495.6697247706422
YAWDKHEKDLG,1764.940366972477
WSFWKPGQWKV,8446.688073394496
QLRVELQASG,5435.004587155963
QFSQHVQYDSP,3200.321100917431
PPVVDVSG,1138.6100917431193
GQLKEWDAS,1736.98623853211
QLYGPVDVG,3697.8853211009173
WSLQAWHVSG,8733.715596330276
GQGHQAG,1257.573394495413
WFFAKHALG,7536.348623853211
GSGFEKRYAS,2708.766055045872
NKSFQYKHKDLG,1713.2752293577983
WSPWFDGRNKG,7932.720183486239
WHNRPRWSG,8122.871559633028
GKEYLLG,2192.9633027522937
AVQFEQHDL,2494.261467889908
GSFDEDLSG,1817.1467889908256
ASYWYDRPDG,6741.926605504587
YSGWNQYWDYK,10024.504587155963
FFREWDDFWKHA,8431.142201834862
NHFVQNYDASG,3451.3715596330276
SPDRQEVAL,1115.5871559633028
PHADENKDYNHS,1190.2522935779816
QLGDPDDALG,1306.7614678899083
YDQPPGQEYHS,2287.316513761468
WSEVPNDRYAG,5337.279816513761
VEKPDPYWNDG,2803.1284403669724
FGYSDVWNKHDS,3294.0733944954127
FVQRLRESFREH,4348.880733944954
WVYYGEWKVA,12002.47247706422
VRGVALGQYALS,8571.449541284404
EQQGRKVLS,1210.4816513761468
FYPKKVEYVG,2292.6880733944954
KAYPENHDAG,1257.4036697247707
SNHFWYNHDL,12128.238532110092
KERSHSG,901.6697247706422
ERHGHPKHDL,1678.665137614679
PKGHVSFQHDAS,2163.0229357798166
FDKKYASG,1290.4357798165138
QNHKDLNEYAS,1458.073394495413
NGDYWEYHDS,6413.188073394495
AWYDHAG,5639.09633027523
RFFWFDASG,12309.518348623853
PVQPLQHDFYWG,9142.729357798165
PAGAYWDRYSG,8848.61009174312
SLWDFKVLG,9220.954128440368
LYWFWGREYDS,10067.30733944954
WARDVFHSWVA,16009.56880733945
YFHVPKASQHD,2190.830275229358
EWHHGWAFEDSG,5466.206422018348
QQLRNFWVAG,8254.064220183487
NDFGQRADVAS,1800.6284403669724
APNHHVFRWDV,8503.151376146789
RPHRWPSNKS,2125.353211009174
VDVKEKSG,632.848623853211
FELVREWGQN,4963.004587155963
SEGKKSG,725.183486238532
VWPHGNASG,2844.564220183486
PVSPYDVFALYK,14684.944954128441
FPDNQFYLKS,13552.050458715596
QDYKWGPVAG,2717.9633027522937
RFLEFWVLS,30859.422018348625
WPLPNFVALG,17507.34862385321
YLVGELASG,3523.0733944954127
YASWEKDSWNDG,3638.7844036697247
QAFRAYASYNK,5378.238532110092
PRDAPFYWVAS,14620.344036697248
KRQAVAL,1165.2201834862385
WQWGNRNKHDS,3419.743119266055
ARFGNKHDVS,1843.9036697247707
PKQNVGDLQWNA,2146.4311926605506
DPYERYSG,2395.4862385321103
RAWVWAYNKH,8535.302752293577
PYWFVSFVYHDV,41577.49082568807
GQSEHVKG,1119.380733944954
WLKKKVSG,1521.2431192660551
NWKNAQWNHS,3172.9174311926604
YLGHDFFRDG,8102.293577981652
LSRYQPNVFNHD,7110.954128440367
WVNSALFYKD,12472.022935779816
SYQNVFSG,4246.495412844037
WREALWKDKS,2718.922018348624
DFSFHSGNDALS,3282.3119266055046
RSPPVEPYV,2460.4633027522937
YVPQFREHLGRH,5723.600917431193
DRYQQEDAL,1745.7706422018348
LVRLQNKVSG,2932.467889908257
EDWDHASHDL,2904.2798165137615
AQLNKLGFPKV,2925.5137614678897
ERNEVQYWNG,3333.0229357798166
VVPKHRLSG,2149.623853211009
FAPSKSPYWND,4330.463302752293
QLYYHSFRPKDS,3905.454128440367
DKHDVFKKHLS,1371.4633027522937
SYVEFNDG,5388.720183486239
EVSSKAQPKG,803.2339449541284
YGFYGEVSYWND,19070.880733944956
EEQVHVALG,1993.3211009174313
HDLHVDAEYK,2200.229357798165
NRGFAFAS,9310.885321100917
HVKASNRYDL,3126.3669724770643
GERQYSG,2520.0825688073396
QGRDPDRDG,1222.6422018348624
WPAAWHSG,6097.408256880734
FQGEREDLS,1442.8899082568807
PEWEFHASG,5509.266055045871
NQFWPHLRNVG,9439.233944954129
EQHQPPNHVA,1516.1009174311926
APYLAGQEPWH,5551.4495412844035
FGDRRHAG,2745.798165137615
QSEDKGQRNS,846.1330275229358
DVHAYEDVG,1952.697247706422
AQPYHFNLRYNH,9933.752293577982
LPNGLQPNKS,1515.7201834862385
FALHEFYNLS,12751.536697247706
NHERVREPYNLS,4055.1559633027523
SGNLRDYHSG,3046.1100917431195
DPVVWKASG,1594.0871559633028
LPDVRWPYDVA,6472.192660550459
WNGHARKPLS,3041.5963302752293
GFYPAQKG,3136.4587155963304
KRQFDLYG,4345.0091743119265
QFGQDLKGNKDG,1168.4908256880733
FRERDAGNKEPW,2546.52752293578
ENVPLGQVQEPG,1088.1100917431193
NQRDVGNGYD,2744.178899082569
QHPNYVARKDA,1521.9724770642201
RQAYNGKHDAL,2112.733944954128
EAHVDLENDAG,1156.4724770642201
YFDFNDEWV,9235.697247706423
FLAWGEPWDL,15197.495412844037
KFGWWKG,4619.527522935779
RESWGQPWENH,5074.05504587156
KESWDWHG,4263.261467889908
QEAQWGQEKYW,3956.9311926605506
FSFYHAWVGQDV,8168.321100917431
PAPALENEPDA,925.6146788990826
SRNDPEPYDAS,1496.6422018348624
WWNARQWNG,8358.724770642202
WDYNPSGFKHSG,4585.9908256880735
YPSFNHRDVG,3514.362385321101
YSNQKFRNAL,3380.146788990826
SWSQDLHSG,3104.52752293578
ENKWWNSQEVLG,2660.064220183486
VSHAKGRPYNA,2346.6284403669724
VNNVDVG,1625.9449541284403
NFEDWVPYG,11706.009174311926
LGPRLQRPYHL,9333.504587155963
VEPNWDLWDL,10186.559633027522
NRSPHQAG,1633.573394495413
HEYAYNKFRNV,4766.642201834862
WDWVPNLRNKL,8944.866972477064
FGVPYYNKHDL,6945.853211009175
RAKNRDAG,850.9678899082569
PLYPKFEYND,6870.247706422018
YPDRESQRWH,4133.55504587156
KGYPAENKDS,808.8761467889908
HYFYRNSG,4859.431192660551
NDWKYSNASG,2265.9266055045873
DQKPLSYNKHV,1518.348623853211
PEVVGPHDA,1810.0
QWWEALFNVSG,14245.669724770642
NNEQWNDLS,2308.422018348624
ANVNLKSG,1509.1284403669724
AEPLQQPWVG,3060.9266055045873
VLPSDSEPN,1196.01376146789
NYWHAWYWSG,15767.38990825688
VDQAKLSG,1094.1238532110092
HDHLQHFYKHS,4008.6559633027523
DSEPYQVQFEAS,3505.894495412844
QNHDYGFGPAS,3326.1422018348626
GKPYEDS,1214.3394495412845
PEQKVPALS,1228.7155963302753
EGRDGYKRYWNV,5246.238532110092
GRWRFEHSG,4972.440366972477
WQLFDAYWNG,14598.674311926605
HYKPVRWKHDS,2656.8990825688074
NRAWGQVS,3628.454128440367
WEFRWGWVL,23695.215596330276
GDQPDPWAG,2883.298165137615
SPDVQFVRND,3037.2155963302753
WVNSRWNVYNVA,13301.178899082568
RAPVHGFYKD,3662.9587155963304
RYGGFGNASG,3348.8669724770643
HFNDPWQWKS,6528.5091743119265
HKGLGYVG,3348.0183486238534
HDQDYDSPKHL,2006.4816513761468
HLKEHQFEWSG,3462.9770642201834
YKHSSGRKEPWD,2672.8394495412845
PQANPYAG,2502.761467889908
GWGNQEG,1776.4036697247707
DRRWAFRG,6970.926605504587
KYQYVQDLG,2895.793577981651
YKWSQVQLG,4211.334862385321
NKYSQFFALSG,9416.050458715596
KYFDNSG,2563.0412844036696
FEEPGEFEAG,1670.5412844036698
HGDRKAYDLG,1922.8577981651376
QGSGPDQVLSG,1237.7293577981652
EGYGDLYNDAS,2556.564220183486
FWEFPNHQWNG,8903.834862385322
HVNSENLPWA,4806.894495412844
FWHYDVRVLKL,21872.73394495413
VKVPKVWA,2919.7752293577983
FPEEGQYWNHL,9363.201834862386
NRPYPVQPWNS,5617.09633027523
DKADRNHDAS,935.1009174311927
RSHWVFLG,16087.532110091743
SRSAGEG,1076.908256880734
DEPGPGFRWNDS,3041.6743119266057
KKGEPRKAG,639.1100917431193
SQYVNFRNSG,4285.577981651376
WELGSQYHDSG,5060.972477064221
NQVFYQYKHDV,8177.931192660551
ARVNAQSG,1609.1788990825687
RHEFLSFYWNS,13740.871559633028
EYWYYNVSPWA,23631.24770642202
VVARYPLSG,5848.440366972477
KVYRVSQFYKVA,10561.41743119266
DNNDNVG,1104.5412844036698
FVFDEDSPWHAS,5917.394495412844
ASDAPWEKDVS,1296.2522935779816
NSHWGYVAG,6067.160550458716
KPLQDVYDVASG,1403.1880733944954
VQWKPGRKALG,2035.5183486238532
NGEYADLRKHG,2422.440366972477
SPHRQYKLS,2629.706422018349
YNFEFYSEYLS,15744.362385321101
NANPDRWNKHV,2533.8440366972477
DYKKKHASG,750.5642201834862
FYQQENSWDSG,3226.802752293578
DQENYGFRPW,10903.633027522936
LPESPVLS,1359.7568807339449
AGRQGWHG,3494.5229357798166
HWEFHVLSG,10622.155963302752
PKRWHFGQHV,5512.077981651376
QNLQWSQHAVG,3673.5183486238534
YNVGESWLSYN,11268.04128440367
QRRERPAQLSG,1851.1788990825687
VGFPSRAGPK,1854.2660550458716
KGLKRKLG,955.4266055045872
LVFQVLG,21093.949541284404
WKEEDSKDVSG,1163.4495412844037
GFDRYWRASG,7870.334862385321
RYYNVGLNKH,4354.045871559633
NRFNKEASG,1305.0
EYRHGWKSYAS,5059.637614678899
WRRHWVAL,14276.252293577982
DAQQSGREVS,946.0321100917431
SLSFLLSG,10760.105504587156
NNDNNKLG,1087.7568807339449
NPNSQDGYWKL,3488.816513761468
YRLDKHSG,2198.0412844036696
NVFLQYLSFYH,20460.55504587156
PQHEAPYWKDG,2582.293577981651
LFLPRKHSG,3285.532110091743
LVGQAEVSG,1217.7018348623853
DRGQAVALG,1589.5550458715597
NHGDVPAQYN,1874.3211009174313
VNVADELG,1352.5550458715597
DWFYPDVLS,12355.600917431193
NNYKSAG,1411.6146788990825
GKSSALG,937.683486238532
WSKSVLQWHD,7354.995412844037
FNLGALEHDHA,3227.2798165137615
GRLSRYFRAG,6131.614678899083
PVPPLQWDVS,3500.123853211009
GKQFFYKSG,4845.90366972477
AHHQDLSG,1592.0229357798164
VERHVWAS,4854.105504587156
PEEWKDAASG,1260.7431192660551
SNPSKSG,930.6192660550458
RLHSHLQFNAS,5122.692660550459
VFGQPLFRWKG,8991.80733944954
QFRNFKYLQEYH,7794.04128440367
HRDDRKAG,1012.8623853211009
HHFGWAS,7266.3302752293575
FGPDSYEPYW,9081.077981651377
HDPFPHPNSG,2189.6422018348626
VAHRVADVAS,1685.8715596330276
PENLRYHAPWL,17069.490825688074
NWGVHVALS,9524.58256880734
SWHKLRYWKHL,7176.857798165138
YRAAEALSG,1924.2752293577983
WNFFKHVPVAL,13833.302752293577
LQDPSFVAG,2454.3073394495414
KPKGWDGNKASG,1033.197247706422
NNQDANSG,912.0412844036697
EGQRPVNWKD,1437.633027522936
FKPESYWNKH,2008.8165137614678
ARYDVRHYKLG,4883.238532110092
WVRHFDPHALG,10209.977064220184
FYPEYDAPKLG,3103.605504587156
WFQWSEDAL,9536.38990825688
WFQHPNG,5103.600917431193
PNNEVSEWNK,1285.9633027522937
QAPPKYWHDAL,3173.467889908257
QVFESKSQFHLS,5980.8302752293575
QDLYASWNAKD,2830.5137614678897
NNAWWALSG,9022.48623853211
REFLDSEYWVS,8914.302752293577
WVVPGWLSG,14341.495412844037
YFYVQSRYNDL,10514.995412844037
VPQFEPVWS,5350.284403669725
KLQAKSHDVAS,890.8119266055046
HQAWSQASG,2267.6743119266057
LEDEKEYWLG,3162.8256880733943
YEQKSPVSG,1500.9770642201836
PASNQYKQYNL,3418.1605504587155
YFWFSRDG,5717.711009174312
PASFDEWLFRKA,8242.165137614678
WGGYSQVASG,4383.256880733945
DLPLDGYKVG,2721.4449541284403
DAPWWHLRNAS,6362.247706422018
WGDWVNDVLSG,7659.862385321101
SALFEPRPALS,4095.3119266055046
VAEFWANHAL,10138.321100917432
AGFQLGREAG,1986.091743119266
KDQGREDGNVLG,1067.3990825688074
NWQQNSG,2304.619266055046
EHYPSKHVG,1613.2155963302753
PHDWLSRRPNKH,3707.4495412844035
PASAWNSNG,1941.98623853211
ERSLSRLG,2255.816513761468
YNDYWQENGYA,7052.706422018348
WKQHDVLKDLGR,3072.908256880734
HLYNHHSPYWLG,15421.821100917432
VAKLAGEPYN,1905.3761467889908
GPFYWVEG,10274.348623853211
AWQKPKDG,1331.4770642201836
DRQQYKDALS,1292.5779816513761
EKHRVQEDLGPK,779.6743119266055
GQYSPHGRPDS,2022.9587155963302
FHGRSGYELSG,4277.706422018348
WYDHGEVSG,3411.729357798165
LFRAGGFKL,7828.0
NWHELKHDVSG,2560.211009174312
PQPQRFNDA,2028.1009174311926
NAGQHSYWVRKL,8378.720183486239
KPHRSRALG,1636.1697247706422
YNWPDLGEPNH,4226.128440366972
HGRFWDFDSG,10313.252293577982
EFVGSNDG,1813.2981651376147
PQDFLQFRNDL,7124.876146788991
FVNYFWLG,11725.821100917432
FLDHLENKDS,1613.6605504587155
AWKNSASG,1612.5871559633028
NSGKGDGFEAS,1285.3211009174313
DWPVSYSG,6369.279816513761
PYSHYKHYHAL,6756.871559633028
HGRSDFKHDL,2287.7247706422017
EDPNGQHSQFEG,1398.9036697247707
KADGQYQKDG,1097.967889908257
WEPKWNRKDLG,3443.321100917431
AWGAGYG,5911.09633027523
RSARGQKLSG,1096.4954128440368
NSNNVEDALG,1217.0871559633028
SREEDQFYWLG,10883.073394495414
DGVLFGQPNKDV,2969.733944954128
KWWNEHVL,6678.151376146789
NANSGASFRW,7333.977064220184
EWPFHDVEHDG,3165.8119266055046
PGGHVRLSG,2847.9036697247707
LFAAHVSG,4050.0229357798166
DKQHGNLG,1079.5275229357799
HYHNRPHLSG,3743.6284403669724
RHYAPWNQYHDG,7373.440366972477
PYVQAFNLFYAG,34356.394495412846
NLNAKSFPASG,2412.293577981651
AHLYKLYG,7017.142201834862
WKDKAQPEPDA,1062.1559633027523
KVASVGFHRWDV,7822.0091743119265
ARKFFRYWNKH,3188.3990825688074
WVGPKSYRWH,8954.09633027523
QFQDKQFDLS,2091.770642201835
NNEYGRDVAL,3040.5366972477063
HSQQFDADVA,1756.880733944954
HEFPYQHSG,4176.091743119266
SGHVKDYKDVG,1123.7064220183486
KRDDAGQEKHVA,766.8623853211009
RKDSGAALGFVG,2905.9908256880735
AEAPGQLS,1176.9174311926606
PVLNSNHRWND,5265.018348623853
PLKNKGFWDLG,5266.133027522936
KAGKVPGRNG,1042.0688073394494
KLAVAKLG,1588.133027522936
DWEDFHLG,4782.518348623853
EPFHAHVQRLS,4610.931192660551
KLGPNKHRWPWK,3932.564220183486
RKADAQHKHVG,990.4495412844037
YVYAPVQNSG,3065.4587155963304
RDNPASREYS,2287.830275229358
DWVRLDLG,12934.20642201835
QVQWHAVFWKLS,21171.830275229357
YFDFEVFPYVAL,31039.004587155963
VPHYGRVLSG,4743.431192660551
PNAKYDVFNK,2040.6467889908256
KQQWNNDALG,1886.394495412844
EEEPYYDL,3099.935779816514
WPRGKHS,2635.619266055046
YDGAAFPWHV,12512.665137614678
LQKSHLFYKDV,4125.137614678899
LFFSEKVAG,3674.770642201835
RESQPASYWQPS,2575.8990825688074
AGNEDVFRYG,3824.9587155963304
SQNVSWQLG,4315.123853211009
NASLYAWKVA,6768.036697247707
EDFELWREYL,11584.40366972477
AGRSVGEWHVG,3292.1284403669724
GFRWPQYNKHG,5564.688073394495
QLNDVRVEKHA,1715.4954128440368
EEPANQEYWA,2169.9587155963304
NRWWDNSG,6699.926605504587
NKSYDSQHDGRH,2054.1330275229357
AKVHGDLSG,1239.6559633027523
DWRGALSG,3718.793577981651
YRDRVGREWHDG,5066.091743119266
PWWHNFEHAL,14896.821100917432
KEKVAVKSG,712.2660550458716
AYLGAPLG,3790.4587155963304
DYLVELSG,10689.747706422018
DRPHEHKHSG,1188.1100917431193
RVFQEAGPNSG,1868.1559633027523
YEQGPHVALS,4003.197247706422
FPRWKWHFEYKD,10144.09633027523
EYKQPLGVGDV,1262.0688073394494
SPSDHASG,1020.9128440366973
ERPPENHDVSG,982.8577981651376
QVSKRPNYG,2694.059633027523
YLGDKLEWLG,5065.623853211009
PSDYSQHASG,1831.8623853211009
NALDASPSWHDS,3267.408256880734
QVDNWVSG,2722.243119266055
VQYPLSPYNG,5460.087155963302
GWEKDPSG,1323.5183486238532
PYYHYNWNDALG,10943.362385321101
VSRRPDQPW,6063.463302752293
RNYAGYFRKHL,6567.018348623853
HLVAKDGPWG,5809.412844036698
FEWEDRDSPNHD,3490.8256880733943
NQESDGRHD,1532.0
HQAPPYSG,2236.47247706422
VQGQAQWNDS,1826.4036697247707
HAGNQDVRVSG,1696.1834862385322
VKSQRQNG,1078.1100917431193
WEPQWFREKD,6105.215596330275
NHPDPHQPWKL,3393.045871559633
WAEYYDVLGFRE,15105.674311926605
PWSANRHDG,4321.917431192661
GWWVLYASG,27007.380733944956
PKKSPNHYVG,1489.834862385321
SRNAVSKHVSG,1528.2844036697247
HGNHPAHVLG,2679.5504587155965
AEPARAFEKDAS,947.940366972477
PWRDWFRKHL,10007.97247706422
GVADHLG,2081.435779816514
QAEQGRWAG,2735.256880733945
HSSGQDAGNAS,1008.6009174311927
KLSYLPGQKA,2030.6559633027523
YWDSFDESGEA,2511.9495412844035
SPYVANSPHV,2878.376146788991
YRASRRHVLS,4411.811926605505
LPVAHQEYWLS,7184.743119266055
FFQGWDVS,6381.504587155963
LKHQVYNKVA,2098.4174311926604
RADVDLRYWKH,5165.848623853211
KYKGPLPYWNG,4941.339449541284
NFLAVSG,6072.577981651376
DGNSAGREHG,1160.2706422018348
GQFRDPYFNSG,7744.018348623853
ALFFPYHEWKL,16865.26605504587
DEDPLKAS,953.0229357798165
HRVFSFKDASG,4605.160550458716
VKGYGVG,1854.9357798165138
WYQPQPS,4051.238532110092
ARWSPSYWKVG,8175.05504587156
NVPYLEKGRPV,2963.9036697247707
RGGQAFLG,3668.8669724770643
GNVKPDASG,931.0137614678899
LSEPSGWLSRYH,8724.37614678899
WSHVKDRES,1533.1926605504586
PKWDWASEYWH,12794.06880733945
LPNWYKG,4285.688073394495
YLWYREPWNL,16156.701834862386
DSNRASPYNALS,2372.1100917431195
EWFNFRSENA,6247.527522935779
HNQAVALSG,1653.4816513761468
PWNQELSAPYKH,5611.766055045871
VNAKAVASG,1439.0
QNLVLSWSGWNL,25425.798165137614
KVANDSFYAGPG,3317.5733944954127
LNGGVSG,1488.2064220183486
FEYKNKFYLQND,4666.798165137615
LFAYVPKALG,6122.642201834862
VEERKLSG,1051.2614678899083
WDKGQNGPYWS,8508.926605504586
HEYSNVADLG,2692.5412844036696
RYSENQRHGQRS,2758.298165137615
LHRNHFWSG,9163.688073394496
NLDGQGRDG,2183.559633027523
WFPPGDVLS,5879.1697247706425
PKFHSVAYWKAG,5060.495412844037
LQSWEKSG,1878.3073394495414
WVPEAQEPYNK,2107.4174311926604
WRFDSVLG,10315.605504587156
FVQDDVLYWNDG,9283.95871559633
VSDRPHPLG,2374.119266055046
LHQDLKLS,1961.197247706422
NAKRNLPSG,1274.6880733944954
YALKRWSRPYL,12619.43119266055
FGDFRSYKLS,5308.54128440367
QKSLYHLQPAG,2540.876146788991
YYDHASEPNHVL,4450.977064220184
ANVWAEKG,1555.1009174311926
RLKRFRYWKDS,2971.3119266055046
GNAGSHAG,1366.8440366972477
PYSDDAGRG,2285.9495412844035
EFNRVGEPKHG,1644.2660550458716
GHDASHFWAS,5946.775229357798
AYSEVQDSG,1426.894495412844
PGYRLGFRYHD,11873.58256880734
FVFELRQPYDA,13209.766055045871
VDDLNSG,1398.6467889908256
RHVQPKEWRNS,1880.9495412844037
RRKSAPKAG,661.1238532110092
WPVRAQPYDG,7487.366972477064
LKANNAG,1326.7385321100917
SQVLKLYVAG,22197.98623853211
KDQSAGFRKHDL,1693.6788990825687
YKEEEYWNVA,3105.9908256880735
GRKKEWSG,974.8853211009174
ESAVPNDV,857.1651376146789
SEPVLKVREKV,1263.7431192660551
PLVAFQDVAG,6952.293577981652
QVLVGNDSPHD,2291.770642201835
AREGASQFRE,1888.532110091743
WQLAEKVSG,2157.5091743119265
KGEHFKSQFKD,1377.545871559633
WLEVQQRPNKH,4174.931192660551
EYPHPHAWHSG,4473.747706422018
YPKQAQFWKS,3078.316513761468
DFWNQEVLNKD,2931.2201834862385
LDLRNREYDAS,3025.4770642201834
AVSRWLSNLS,7089.857798165138
VYAVFALG,28391.17889908257
NQKQPGENK,924.5504587155963
QEWFWFENARK,11073.477064220184
WVPLKHENHDA,2342.119266055046
WWSQEYRPHDL,10985.302752293577
SGAWQWAG,5830.399082568807
YVFKNGEYWNG,5488.288990825688
GDKHAKHDAS,795.9816513761468
FQVDWNVLG,7166.174311926606
WYYSWHG,7571.633027522936
VRGEKLQRKG,848.6192660550458
AGKQNQREDS,751.6467889908257
YESYQNLG,3287.756880733945
WFYSLNKSG,3963.5137614678897
EWDWWKSQAG,3708.5688073394494
DYHYNVPHG,3483.201834862385
YHFNPVGYWN,12126.215596330276
PAPAHQENKAG,799.4862385321101
YRRSVASG,2550.9587155963304
WWAESNKHVAL,6579.197247706422
FDLLKDAEVS,1698.7385321100917
DSLVEYSG,3143.1743119266057
RSAKDFSG,1171.651376146789
VQLPDHALS,1970.3211009174313
RVAADVEPDS,945.4678899082569
SNDRFRKG,1481.366972477064
KQWQNHQFPYNL,9742.077981651377
EWFFQEPYWKH,17411.47247706422
SNHFDRHS,3138.706422018349
ARDLHQWVALS,7176.678899082569
NHGPGQHPWLS,5475.454128440367
HPQQNASG,1107.4908256880733
DYWLFQHVLSG,14555.871559633028
PGYHQVGNDL,2754.5733944954127
VEEPGDSG,929.9633027522935
LQWGWSFREDV,10251.119266055046
QVQPPKVRPWL,5049.587155963302
AKGKSDVALG,792.1330275229358
DVGGVFDVL,5167.293577981652
YQALPLEPNVS,2436.821100917431
QFKAHVSEKGQF,2094.1651376146788
NRNLHGNDLG,2943.1743119266057
PEVYSFYALSG,31325.69266055046
DVVANYWDASG,3788.4587155963304
FFDQSRHLS,4558.399082568807
WWSRGKSG,3546.6009174311926
DVVLNALEWKG,4893.866972477064
LDVLWPHS,8978.559633027522
VVADLNLS,2495.293577981651
DLPLVYKHDL,4759.371559633028
KNALNPNVSG,1356.0091743119267
NLAWREVS,4920.091743119266
EWGDLEPLQNL,3475.4587155963304
QLSDLEPPHAL,2227.6651376146788
VNQKLFLSG,4884.940366972477
QQYPLREPWDSG,4514.155963302752
YFALEFNDAS,13077.229357798165
WHRQQYWKSG,4878.665137614679
KEVLPWASVLG,7083.472477064221
KLDKANDVLG,1013.0137614678899
PGGDQPSG,989.9816513761468
KVADHVPKHLG,1350.2064220183486
NEVQSRKAS,1144.7798165137615
DSDQAPWNKDA,1025.8073394495414
DHARYELG,2721.1009174311926
ALKEKLPYDV,1692.4724770642201
ELKHVYHQFNA,4182.467889908256
KPEHEHALS,852.8211009174312
HPLDQWSG,3031.1651376146788
LGVFGDALG,5704.321100917431
SDFDNSG,1757.348623853211
YNVLWAFNAPYL,25861.798165137614
DWLGYWSPYHA,15347.422018348623
KRFLSNKHVLG,2612.6100917431195
VFGWLEVG,11161.233944954129
NSPRDSWNAL,2694.0963302752293
DWFFALSG,21986.82110091743
EVWSHGYNKL,4823.284403669725
EYEQVLSNSG,2234.353211009174
KHGHYNQNKDLS,1397.6009174311926
REYEFEPQFNVG,5746.816513761468
WAQKPHDRNVA,2263.0963302752293
EDEPFRYLFEDV,6068.201834862385
RLRGGEPVA,2013.6284403669724
NPSNEDVL,1068.5045871559632
HNPVGNHVSG,1991.5275229357799
KAWSRSFKL,4295.95871559633
QVFSRAFAS,8522.435779816513
EPDSKLNGREN,839.1238532110092
ELLEPRNKDA,1017.7614678899082
KHEQRYNLRPNG,2442.183486238532
WAPPHVPYKLSG,6237.784403669725
YHGHLRRKDS,2006.8165137614678
WDDNDQNKHV,2369.788990825688
GHWSYVALG,12454.481651376147
RNKAKDEWRYKD,1254.2155963302753
NGARHFKHVAL,5019.6697247706425
NSLWHFVG,12280.51376146789
RFRLYLKDLS,14056.97247706422
YHNHDSKVQEN,1182.8899082568807
SGQKHLFQWVS,8704.270642201835
PWRRYDVEVA,7193.577981651376
FHLYPNVSWKH,8978.93119266055
DLHDLVAQELSG,1997.9357798165138
EEFNKELSG,1060.5779816513761
NHVQSQWASYWH,12861.550458715596
VYVVDVALG,24172.54128440367
RFGHAHSG,2839.087155963303
AFLWHDWS,15385.935779816513
WSNWVFYWNA,21232.69266055046
VEDLPAPKG,1159.8302752293578
ELGYDVGWQYKA,6151.371559633028
HPGWLEDG,3171.454128440367
WQQGVLG,3859.0504587155965
YAPYVGYARWKL,13361.266055045871
FPSQLSRNAGWN,6421.454128440367
KWAARWVALG,8477.330275229358
HSLSGVRWDG,6252.178899082569
WVKNQNDVALG,2730.47247706422
DLRFFRWKHG,6829.711009174312
GWDWQWKSG,6050.720183486239
NWFLGNALS,9795.52752293578
LPSFVAKG,2582.8853211009173
YNDYFNKLSFDV,10877.536697247706
QEHVDEDWNLG,1752.119266055046
DDYASNDVASG,1262.4220183486239
FYQKEYKSEV,1320.426605504587
ASAQKDYWKLS,1792.0871559633028
QAYEDLEPKHS,1191.1834862385322
HWDDPHG,3212.793577981651
VAFNYDYDS,7792.197247706422
DPRLFYLG,19421.380733944956
LWPHWVG,13338.587155963303
AARAFRPHVALS,4909.637614678899
HNESPAG,1070.2201834862385
VLYLALREP,23122.54128440367
GVLDSSG,1735.5871559633028
PYQKGPWGQYLG,8905.58256880734
APPHRWG,3845.266055045872
YGYGVEYNG,5355.977064220184
HVQFWPGRED,6185.422018348624
PFASAGNKDLS,1638.2844036697247
NQQDLALSG,1376.0825688073394
HGAVNKLS,1866.2155963302753
YVFVFPPYVSG,26707.302752293577
ERDLQLGRVLS,4053.651376146789
NWHPVYHDAL,12101.977064220184
PQEPPAQEDS,830.5688073394496
LPHPKRWG,3713.1146788990827
LLSNNDALS,2420.1100917431195
YPYGFSHAS,7775.417431192661
FEHRDLWDEYDA,5351.385321100917
YPDAFSWASG,6130.6697247706425
KHRLNLRPWK,3303.940366972477
KVHAHFREPY,4892.045871559633
HKVDRLSG,1364.119266055046
DGSPHGDG,1443.3440366972477
WFQNWHG,10831.711009174312
YLWERKAG,3246.697247706422
LHVVSWDG,10005.967889908257
PRGYEDASG,1988.4357798165138
YKFHVYWANALG,11852.518348623853
EHFSEWHVFRED,6288.954128440367
HHLNEHSG,1804.1559633027523
RASKGFHVGPWK,3235.1146788990827
YNLAHGPWHDS,6822.266055045871
RASYWPHFEDG,7676.8302752293575
EVQVVALDS,5335.09633027523
ENFVVNKHVS,2833.8119266055046
DYWYNENKHAG,3387.6009174311926
YDDKWALSG,2846.1880733944954
WVDYWFKG,12209.495412844037
SWNWLFKHVAS,9393.720183486239
DLEGAGQRWHD,4499.279816513761
AHLRSPDSG,1586.1376146788991
PRNALGYKHSRY,5429.954128440367
QDLEYSRVSEW,7741.711009174312
KSNQYVFEWK,4797.504587155963
FHYFPGQDLG,6106.091743119266
WWDYWHDNL,19206.522935779816
WKDARDQPSFK,2856.412844036697
DQAKDQNG,863.1467889908257
FGPLGFWLREYS,22037.701834862386
DAGPDLFLFWNG,16130.784403669724
HPVHYNSG,2455.5
WRDWSELG,7573.366972477064
VGPRNVQRPVL,2816.7752293577983
FADRPVQEPKV,1622.9816513761468
RFEWYDPKALG,6738.788990825688
QRNEGFKYNHD,3038.940366972477
FSYRNHLWHVSG,8470.422018348623
WPEDYLG,4164.316513761468
AAWHSFDL,9608.518348623853
LLFWYLG,8967.990825688074
NVNRNKYNHDL,2803.0091743119265
VQHSEYGPHA,2377.9862385321103
QHNLPHGQKHA,1577.2981651376147
GYWHWSPKLG,9802.256880733945
WDFQYKGEPHDS,2953.064220183486
GYWPYGFPHDG,12978.119266055046
HEYALLNDG,5238.504587155963
GKQVGHLSG,1629.1880733944954
YYLQSHVA,3836.5550458715597
VQFRPKESRKHV,1333.5
HEDFFPDSG,3523.1330275229357
SENDRHDFWHAL,7942.761467889908
RERYRKHGRVG,1929.1926605504586
NRSYDQNDVLSG,2279.8440366972477
VRKELRYG,2364.3990825688074
YLLPQESG,2335.0825688073396
YGQREDWSYWD,16239.504587155963
RKVKHRFPNDV,1383.2431192660551
NRDDEKSG,746.3256880733945
DYRHRESG,1530.9495412844037
GEHAFKSDLS,2027.573394495413
GDSHFVLS,5414.339449541284
QFWQARVAWLG,20102.201834862386
QQFYFRYPWNK,13392.766055045871
NKVKVSKREHA,841.7660550458716
PANFHAGYNHA,4029.3119266055046
RAYFNGYNS,6093.412844036698
RKWWWHDG,8657.077981651377
SKFYQYG,4862.922018348624
RKRFVAFRENHG,2904.3715596330276
HRYPWRKDAS,3166.821100917431
PFENFRENDSRN,3036.1330275229357
RQVSVFKDAG,2465.330275229358
HFRFDQRWNH,8571.128440366972
GNHKLPLSG,1911.1146788990825
GPYWQKSRND,2883.761467889908
DYSGAEKAS,861.8761467889908
QSHWGWKVL,8137.8302752293575
FPPYAYWSEWKD,13239.362385321101
NFEAHASEPWVG,5662.05504587156
QRVDAFRSPYWH,12575.614678899083
KVKNENALS,975.4954128440367
NQVKLEHG,1225.1880733944954
PLPQVGKAL,1514.3761467889908
NVEGFGWDAL,11061.288990825688
WWARKPALS,5590.1100917431195
HLFWEVAQEHDA,4537.793577981652
YQHQSGYKDAS,1635.165137614679
SAWHANG,2776.5045871559632
WVGAFEYYHLS,23072.889908256882
KGGSWNSG,1716.6605504587155
NPKWEHAS,1572.6605504587155
PYGNWNHDQFRH,8354.0
QESDFWVPVLG,5252.605504587156
LSLGEDWKVG,2400.52752293578
KPASWPVLG,2692.1743119266057
NLLGFAWLG,18957.389908256882
VRWFSPNSG,7355.646788990825
KQFFFPYDVAL,20109.5
EDGPPYLQEYK,2448.4174311926604
WQNAYQFENV,8682.009174311926
HPKPNRWVLG,4316.385321100917
SEQDSPSG,883.4311926605504
RLGNWHVQDA,3732.9036697247707
KNQFPAVLSG,2424.9449541284403
FVWHRPYSGYND,10773.894495412844
FYNENEWVQLSG,7478.229357798165
QGKRKAFENDS,1162.8119266055046
QQNESYWNKVG,1852.454128440367
NASWFNKGPKVA,3293.243119266055
NQQYWFYDV,18197.811926605504
PFKDKSPNHD,1463.848623853211
DFVLFSREWKA,19097.839449541283
DLAGAWSG,3153.6605504587155
PGPESFPWKVG,2315.0091743119265
ADESHVG,1051.0366972477063
HAFNVWEPNVS,6455.880733944954
RAAKNSG,857.6926605504588
EWHRWKSQPLGY,9525.5
RKEPLWGEHAS,2135.2201834862385
EFLVPVA,5256.9495412844035
RQKGWLEPHAG,2585.6651376146788
SNHWPWNHDS,5122.467889908256
PHLYFNGRALS,11088.766055045871
DVLHLRDWKV,5944.201834862385
EFWPDENHDA,2966.0045871559632
GRPEEPYWHDG,3316.2247706422017
FAYEHSFRYWH,14076.802752293577
FRFPQPWGEYNK,6056.174311926606
VQFKRPHYHLSG,5598.678899082569
FYNVRALHDFH,9516.605504587156
REEVAPDFKHV,1605.9587155963302
PYELKHFWDSG,8244.261467889908
ASQGAQFYKV,3917.330275229358
WNKFEDEHSDV,2321.5504587155965
YGHVNREYH,4825.004587155963
GQHKYHLG,2576.0825688073396
ALYDWLPNHL,12924.366972477064
VHGNANSG,1269.6880733944954
HEEHPHDVA,1583.532110091743
FHADKGQWNKH,1935.1788990825687
GFPPPALG,2637.261467889908
LKDNSKDVLG,1005.6284403669724
KQSGVLNDVLG,1832.0366972477063
WKEEKSEWDA,1628.133027522936
LKVDAWAG,2655.412844036697
KPVKDPLG,940.5504587155963
PDLKFKSREWNL,3707.7247706422017
GLSRQKG,1330.8440366972477
FGNQGWHG,5459.678899082569
QYHRFWDSWDS,12840.155963302752
PEQWFRSG,6477.848623853211
FWVFQYLKHAL,8208.949541284404
RPDSESQPHAY,2830.293577981651
VQNELGPWDA,3327.1100917431195
SSEAASG,729.7155963302753
FGQRDWKAKAL,2617.6880733944954
KQRQGEYNKD,881.4954128440367
DGAVQDSG,922.302752293578
QQEYSRDPDVG,1570.4220183486239
SFKKGWKLS,2248.394495412844
NKQAKVGHVALS,1439.348623853211
RHVRNSQVSPNA,2018.7935779816514
FVRAYQWKHDV,6193.876146788991
EQSWVFWNALG,10731.298165137614
DGGGPYLSG,3151.3853211009173
RAQVANLREKH,1524.7935779816514
QLNYKWNG,3226.8394495412845
AGYLASEYDASG,3525.7752293577983
FGKNPDALSG,1607.4220183486239
SPAFPLAG,2419.3394495412845
LKHLRHFENG,3281.298165137615
FAWAYNGQEWK,5150.582568807339
AQYQWHFPVAL,19546.435779816515
VREHNFEPLS,3496.669724770642
NREGLGQPKHDS,1455.151376146789
LFDKKDVSG,1308.9954128440368
YNNLENDRDLS,2453.848623853211
VKDERWALSG,2017.408256880734
PHDYHFYSQEP,4668.467889908256
HANLGNDKLG,1254.2385321100917
EAVWGYDLG,5484.334862385321
VSRHLERASG,1818.3853211009175
DLEWAGKFEYS,6731.298165137615
DEWQKARPWKSG,2786.9954128440368
YNQKAEWVEVSG,2411.853211009174
RLHYGKLSG,3240.151376146789
ESQEQRNASFDV,1582.2339449541284
SNLDRDVASG,1349.788990825688
KDAYAPEYNDLG,2104.1284403669724
RKPAEWSEKS,885.9678899082569
KVPHKARENKA,657.3761467889908
KHASPAQLRYH,3000.669724770642
HDDPWDYWDL,11604.944954128441
FWSHPVAQALG,5619.146788990825
FESPGQKQRWD,2436.206422018349
YPYNHVGFWNVN,13813.91743119266
KLDDPYLG,2200.7844036697247
KQYLQLQNAS,2624.233944954128
KYYAQYALS,5844.642201834862
ANHYEYNHDL,4781.784403669725
YLNNLSNKH,2795.6926605504586
AHLEGPASG,1667.7844036697247
FVLYFHAYWNV,20377.536697247706
DSLSYAENDVS,1782.7614678899083
RSGGYLSQDVL,3753.821100917431
DGGRPVAGAS,1514.8073394495414
WGKRLQRWHD,7291.233944954129
FGYSPPYNHAS,5070.036697247707
QKPKDGVRWND,1621.2844036697247
WSALAYVAS,14472.426605504586
QSYQDPYWKHS,3956.298165137615
YEGSDVG,1840.2798165137615
LDGVKVLG,3867.8394495412845
AYPDGNLG,2595.6146788990827
RHKKPYG,1040.697247706422
FDNRHSRNKS,1608.380733944954
WWHHVELSG,7673.270642201835
HAAKFNAS,1650.8623853211009
GKDSQLQREYK,1056.0275229357799
EWQKSGWGDA,2745.1605504587155
WYQSALG,5482.655963302752
HKQFQHDG,1887.4954128440368
KQADKHLG,913.1559633027523
KDELAEHDSG,802.1605504587156
DDWKVQSG,1315.8990825688074
PHGFQRHWHAL,10206.894495412844
NANNRKASG,1104.0045871559632
ERGFYWKFVS,15932.87614678899
YVWVERYAS,16870.169724770643
GQRKYARYDA,2798.4449541284403
HHLGVGWNSG,4565.587155963302
EPLESFYEPWS,13258.29357798165
NKFRFEYFRYDS,18781.770642201835
HGYDPHSEWNG,3565.8990825688074
SYLDAGKHALG,2568.2752293577983
AWHDDQYG,4697.018348623853
HHPSVSG,1883.7339449541284
LPQEPWFAL,11234.325688073395
DYKDLNKFHLS,2268.651376146789
SYARHYKHDAG,2535.8853211009173
WPEYDPLG,4698.5
GFRLGSQYWND,11061.302752293577
FLWAKHLFHD,9111.756880733945
PQFQPLEYNH,5950.495412844037
SQADLNDALG,1356.5412844036698
FQHYQYSG,5630.353211009175
KHKGSYNG,1121.9220183486239
EQYYLSKDVL,5959.077981651376
AAPYQFWKAG,5172.018348623853
ERSEEKDALS,713.7522935779816
VLHYHAQPKHDL,3573.0504587155965
RPEWASVEPWHA,9357.949541284404
QEPLLRYHRESG,3149.756880733945
GYPGEALG,2032.834862385321
YKQSGWDQPG,2449.788990825688
GPQAYKDVS,1049.1100917431193
VFQLEASG,2604.178899082569
WWGEKHKG,2069.6009174311926
YSKDARAQESG,918.3532110091743
PEDEPGFPDL,1998.5963302752293
EWLGASGDPWHS,5422.238532110092
SQAQWENASG,1723.1009174311926
VPQWQNLG,2956.238532110092
VPKVESPAG,631.3761467889908
PADANEHDLS,1101.894495412844
SRERQFNVLS,5350.600917431193
WPYRNWNALS,13226.050458715596
RWVGKAREHWH,5543.518348623853
EKLHDRHEWNVL,3252.4036697247707
GFRDYHEPYWG,12568.954128440368
AFLGERDAL,3095.830275229358
VLADGHLG,2823.454128440367
LDGNHPDG,2175.8990825688074
APSWARLS,3552.47247706422
DSSFGFASG,3106.064220183486
LDLSKYWHAG,3635.316513761468
PKQNRHDPHVG,1626.8119266055046
NASGDSHVAPA,1068.967889908257
YKSFSKHQPVAL,3478.4495412844035
SVGYLKSG,2722.6605504587155
WQLANHSG,4060.605504587156
ENSRQFAFYWK,11456.105504587156
ESYGPNEPDLG,1680.8119266055046
WVEASWAWKG,9673.467889908257
RKRHPYKSGFPW,5635.692660550459
VAAEFKDVS,1185.6605504587155
KWHLFWGPHLS,14051.52752293578
WSEWYLEWKSG,11868.353211009175
YLWNRYEYVL,19453.224770642202
GKSQKNAG,922.0412844036697
VEVDGYDVLS,4698.568807339449
HAPQRLFYALS,19742.522935779816
KWGHHSG,2473.3440366972477
QEFRQEPVSFWG,7510.788990825688
GYSNPWLSG,8429.064220183487
YVWNSVKHVLG,6964.935779816514
FWEDQEDQHA,2906.9036697247707
WDPFAFNSG,10493.715596330276
KRSRGRHG,1233.4357798165138
ARFDFNHDAS,3221.316513761468
VWLGSPDLS,6231.775229357798
RYSSLGRYHD,5943.04128440367
HDQPNQFPWGPA,5263.688073394495
NVWNPFNKSG,4042.3440366972477
FFVQENRKVAL,5319.582568807339
VADSYRWNSG,3185.105504587156
EEGSFKASG,1247.5183486238532
RVQWRKQRNKS,1360.334862385321
YGKFALYNHS,5525.600917431193
ARSSRKSG,796.6697247706422
KWSNSQDSG,1338.045871559633
RVWVKHDFHVLG,9914.018348623853
YSPYRHEDVG,2861.894495412844
KFKWGHDS,2164.467889908257
DRPFDQRELS,1651.3394495412845
AREHEHSDG,1159.440366972477
NVDSDSWNVLG,2944.862385321101
HLLAFRALS,14940.325688073395
NVVEYHVRWNH,10481.56880733945
DQPNNKRPKVAL,1191.591743119266
EKEKKAFVLSG,1220.51376146789
WAEHKDFYLS,10239.45871559633
YENQHRPKDA,1595.1559633027523
VYRYQNG,4013.3853211009173
QVVLPSNSG,1959.440366972477
SPKAGRGENH,1098.4311926605506
FRSAVFEPYNA,7947.642201834862
NFNWPWVG,15069.357798165138
FPHASKRLYVG,7503.431192660551
RAYEWALNALG,7872.559633027523
LDSPGDVLS,2055.229357798165
QLFRYHYGYKLS,8761.628440366972
PFDRYWHEPHDV,7108.1100917431195
PGDQDSFWHLG,5012.775229357798
DGKDGLEASG,846.0
LDGPLYLG,12628.779816513761
RAWLKHDSPKL,3232.8440366972477
LYKRDGEPDSG,1393.059633027523
QGSWALYWNVA,13045.688073394496
FPFKLGNQNDVS,2948.3394495412845
AFRVLQRWNSFN,13187.467889908257
VGKRNAQRNAS,1302.7752293577983
YAGVWGYHVG,10279.93119266055
KAEQLFWASG,4955.032110091744
YAGLRYQPNS,4823.201834862385
DFFDQFLG,8411.188073394496
RFNYNVPYKLG,7584.940366972477
FQVNHPASG,2618.876146788991
PPEYHKDVALG,1445.8256880733945
KYLPAWLG,7387.298165137615
GHRGEDASG,1051.3899082568807
KWNSWQKDAS,1895.4311926605506
YFDNAKHG,2204.3440366972477
YDYGQNANG,1718.9495412844037
QKQKPKFHVL,1397.559633027523
NRHDRPKALYDA,3007.935779816514
PYFVRDGQNDV,5351.293577981652
GYNALWEPWS,15371.963302752294
YFELENKDALFY,11980.770642201835
FKEKGSRPKG,923.1880733944954
PYHWYKFRNKDA,3893.2477064220184
YKSGVYKHFDV,4331.220183486239
YYDAKFWHVAG,5396.646788990825
SGSAFRSG,2416.6100917431195
DGFQEYAQYVLG,10147.674311926605
KLFDSFPRNDA,2998.853211009174
KLRNANASFNG,2427.467889908257
DHEQVLS,1193.6880733944954
PDAEHGFESWA,4520.3899082568805
NFYKLHVLKLS,14184.004587155963
KREGQAQPVAL,1553.532110091743
DDPAVSG,832.7889908256881
REQAGENYAG,1253.665137614679
DHQFSHG,2416.4816513761466
LNNDKALS,1223.3761467889908
EAENLYWEYHV,12387.600917431193
QHEVAWNRYAL,11154.440366972478
HAQFRRYGYK,5443.4495412844035
YNAKNHDEYKL,2078.788990825688
GAYNADLG,2159.6926605504586
RQKSFKVYLSG,7897.224770642202
YQFKPGELSG,1936.9954128440368
AQASPFEYKHG,2168.6146788990827
WDVDFRFPWDG,21858.522935779816
KEVAKGRYNKAS,1055.7798165137615
DVYKEDFRPYDL,4627.431192660551
KHKKLSYVLSG,2277.2477064220184
KPQRAEVLSG,1035.7981651376147
VFSESYAG,3466.348623853211
GHVDWNG,3115.5137614678897
AQVQYRPWHVS,7987.738532110092
FQFEAYVFELG,47045.34403669725
KRAEHRNSG,1271.894495412844
FWHNHYHLKAL,7575.674311926606
WHLFGRNAEPWH,12556.944954128441
RWAKDVKRWHL,5449.247706422018
WNGFKRNLYWNK,6782.027522935779
GNLVNVALSG,3524.1743119266057
RGQYVYDRPHDV,5064.655963302752
EHYDHLEYLS,4701.307339449541
FPLNLYNRNG,7677.298165137615
KEGYEWVLS,5038.0091743119265
QDEHWLFYLG,18718.467889908257
FYRQGQYWHSG,7247.105504587156
LGEDSNSWKHAG,1978.380733944954
ENGGNHAREWNH,2613.0963302752293
FRPVQHYVLDG,11039.059633027522
YYKDWPNKDASG,1849.0963302752293
FNQFRRPSRPW,13073.137614678899
NSPSYNGFWKHS,4347.935779816514
PDAKENKNHAL,1063.5366972477063
VFHRFWHVASG,8284.660550458715
DFEADQENSG,1361.3256880733945
GENRRPVALS,2872.238532110092
YKSEHRNFREW,5729.545871559633
WKWRDVPDAG,3068.623853211009
APDFANKG,1122.2064220183486
YRYQDAPVSG,2529.4311926605506
FNFSLSPWNG,9659.834862385322
QHFQNKQRSG,1850.7798165137615
SPSEGQLG,1014.9311926605504
PWNSGRSPHRNL,5317.839449541284
EVYQKEPYKHG,1599.9816513761468
GVSGYVNKDV,2023.0412844036698
AFEGLEPWHAG,7002.220183486239
NSGGRVEYKS,1830.1100917431193
AKHAVSWHA,2851.9036697247707
LQVEVAQVASG,2065.0733944954127
FKRPDLEHGRYV,4028.8256880733943
LRNNFVAL,9035.380733944954
VGYHLPKRYVA,6569.348623853211
RLLWAHALS,11217.977064220184
QHAFNLKPWHS,7647.431192660551
WPLSAGPDVLG,4547.55504587156
FSWEQEKG,1604.5
YHAHENGQYNA,2259.798165137615
DWAWRLSG,10267.591743119267
FRVHRPWEPYNH,11665.481651376147
EQVYYKG,3203.2477064220184
PHEYSDVFWKV,10759.325688073395
NKVFAQYSQPH,4519.137614678899
HKVHKDAL,1301.2431192660551
QNPNQREFRPYW,11060.467889908257
LPDNDHALS,1829.5183486238532
HPHQYAFWDG,10815.463302752294
QGEEEWHDA,1813.2155963302753
LGFAVLFYVLG,19271.65137614679
KQGPDVYLG,2620.270642201835
FKNDHDVLDAS,1919.3623853211009
RYLWWDVGFWS,29153.876146788993
VWNGDEKHVA,1901.2844036697247
AALSHFASG,3176.435779816514
FVSDFRENNHG,3007.821100917431
PGRQPNSPWHLS,5969.339449541284
VAHRQEKAS,860.0733944954128
EAGSEHDPDS,877.0825688073395
FANKWVREVASG,2828.1880733944954
AQFLPGQSG,2597.564220183486
DQWFRDDVSG,4908.247706422018
ELDWRESG,2209.266055045872
AKFGASG,1401.802752293578
LAYDSPG,2591.6422018348626
GEADGKVLG,1485.4357798165138
HQQPFWSG,7525.0
YNWSVGEYNDA,4833.623853211009
SNYVFVLS,39805.720183486235
FYVPAPYVRWH,17579.94495412844
LSVGYKGFWHV,11242.06880733945
WYPDWKDVLS,8013.142201834862
PYHSASQSEYVA,2595.97247706422
WLRSVAREKASG,2675.651376146789
EVQGQRQFYW,12041.58256880734
EAFSSEWNKV,2075.064220183486
VLNEGPNDG,1558.4036697247707
QRWVGYGFNLPN,13976.743119266055
HEFANHASG,2465.9587155963304
HYAQELNDA,1753.894495412844
SDSSPWG,2661.967889908257
RGWPQEHLG,3799.6926605504586
FARWLQHFYVG,16866.15137614679
EVFHHSPWG,7020.724770642202
SHDVLWDALPYW,20455.243119266055
QVNRQPKDASG,1097.5825688073394
NPQLPKLSG,1165.211009174312
QAGDRPWLASG,4685.8302752293575
LDAGHEKS,975.454128440367
GWYQNHLSG,6579.564220183486
NAYANGQFPNL,5280.316513761468
EDVLSWQLSPH,5768.211009174312
DKKRVSG,607.8577981651376
DGPPHVQFDVG,2883.1100917431195
YPSPWQSG,3604.678899082569
NWSEDQKAG,1308.6697247706422
QQYSRVPDSG,1739.545871559633
RRSVWNLSG,3834.440366972477
HPAKYVG,1348.059633027523
PDQLAGFYKHLS,5262.178899082569
GWFLNSG,9457.325688073395
WDNEHVARPWG,9218.816513761469
KLFFVSRVSG,20827.26605504587
YNALFEHGSGQ,4318.527522935779
RWGVFNKFDL,11739.467889908257
VQGVPYSG,2908.619266055046
DFLALKSG,3976.330275229358
ENPWSGYAFWK,11126.449541284404
KLHSPLWALSG,6204.724770642202
QDFSVAWNKDVG,2509.564220183486
PGLPGWDSG,3513.4908256880735
LYVHAEHALS,4375.064220183486
LQKYGRVAL,4915.8899082568805
HSNYFRHG,4389.95871559633
LFLLNVAS,16964.04128440367
EDEEVSEPNKA,803.7018348623853
RPSGENEDEWNK,1143.2247706422017
QKRGYLNKS,1191.6788990825687
VLHHYVSG,5357.90366972477
SQSLYALSG,3727.206422018349
DPGQFWHWK,6246.582568807339
WGLVKVSG,9310.963302752294
PRHRFKDLG,2170.178899082569
VNFLASG,4277.036697247707
KARWQHAPKHG,1915.651376146789
RSFHWKNKVSG,2172.9954128440368
EKNENFKDVG,760.9954128440367
WYWQVEWNKH,8773.440366972478
YHEGPVPNG,2384.330275229358
WDSFPLENQPHL,6626.128440366972
RWDWVGYRYVL,25973.990825688074
DVGKYNALED,1545.01376146789
ASEQFRLNKDVA,2114.256880733945
KEGLRYG,2395.123853211009
DVHYPDSG,2213.7201834862385
AGRLKQFVALG,6633.853211009175
FKKPSKAG,858.0550458715596
RAREHQDSWLSG,3894.091743119266
WYLYWPWNVG,13690.256880733945
FPFLQDAPWAS,13972.701834862386
RAFNARKVQRND,1855.408256880734
HNHSYSEPWN,4343.733944954129
RFYQSYHSG,5667.376146788991
EPRDHAGQDAS,953.6926605504588
KEVPDEHASG,730.8119266055046
RPPDNKFELS,1375.2844036697247
ESNAQFWRYKHS,4786.463302752293
YAVGGNLG,2639.3119266055046
RKPQRPRKS,801.6146788990826
PQDSKGQWNKDG,1106.8761467889908
EVSAFPKGRESG,1189.0963302752293
PGFLVSYHLG,30511.1376146789
FEQQEWAFNHA,4631.825688073394
WKRYVEKLENV,2713.52752293578
NDKWHLQEHV,2255.2522935779816
FQKDRSQSG,1261.8990825688074
LSDARLWDS,5042.353211009175
WYNGGEYWH,12715.01376146789
AQNDAQLQNKS,923.1926605504588
DVYSQYDWDLG,8965.30733944954
YDPVKVWNKHL,3423.376146788991
SWSELPAG,2268.564220183486
WGSRVNALSG,4845.032110091744
QVQRSFNKYDAG,2880.816513761468
NYSFQYDG,6090.706422018348
GHGDQKLG,1060.5229357798164
WRNSYALEYHA,12744.674311926605
EPDEALPYGRK,1697.3211009174313
FNYVHLNKVLS,7509.087155963302
YFRDHRYHAL,7002.697247706422
QQGDFRG,1728.5091743119267
QRRGSWNKHDV,1842.151376146789
PPFYDRHDALS,4836.931192660551
QQFEFYQDALG,10590.729357798165
KLPEPKPLSG,864.8761467889908
GPNARVQEA,820.3440366972477
DLFHVDQYNKA,3050.3073394495414
PDRGKHYNHVS,2252.1926605504586
VGQWLLGQNLG,7410.206422018348
WLPVFPYWKEPY,22146.059633027522
YWGREHNVAYND,6943.293577981652
NPYWQDASREWA,6506.174311926606
SYKEVSQYWKS,2624.793577981651
PHNYYDLG,5993.022935779816
RRLNHFALG,7216.5091743119265
LDQEPNKGVA,964.5
YGHHQWKS,2936.52752293578
DAFRGPSGFWD,13567.97247706422
QKAQKRWDQWS,2996.669724770642
SPKGQEYYKHD,1309.5871559633028
DNKHKAGQNVG,1065.2752293577983
LFGPHLPYWDVG,16137.275229357798
FNLKEPKEVSG,1122.394495412844
HFSLEDSG,2443.2155963302753
QAEEGQWG,1724.6376146788991
PVGKHPYHQEKA,1336.3211009174313
YGQKQVWKS,2423.9816513761466
SEVPLKDVA,1138.4724770642201
VHKHFYNKHLS,3007.0963302752293
DGRVFDEYKL,4627.3899082568805
QFKNYHSFWAL,12109.816513761469
HKFWWDVLSG,8766.357798165138
RFSWAYHDAS,7111.0091743119265
RLEKRHQEPV,1631.6880733944954
RHPPFWDLS,8839.266055045871
GSGFDAHG,2184.197247706422
SEVNGVALG,2070.2155963302753
RRPEQHLS,1332.9174311926606
ENVNPDVQRNS,1100.9495412844037
ARVYDRHAL,4560.839449541284
DPNYNFYNKDS,2047.105504587156
YKFFRNHHVALS,5994.706422018348
WWNWFKVAG,12497.30733944954
EEVYGNLG,2407.9954128440368
APVNLVASG,1499.7844036697247
GAFNSALG,2952.3669724770643
WHGNDYNDSPKG,2119.8348623853212
LFNNAYWG,8770.660550458715
QDGWKGFYVSFS,36896.091743119265
NGLNWKLSG,3777.440366972477
WRSRGNHVA,4348.536697247707
YYKWWKAG,4418.4908256880735
KFVHNKDVALG,1871.440366972477
EFFGWKSG,4094.394495412844
PEVWAYVG,13675.651376146789
FVRNDPDGHDVS,2108.7201834862385
ALDADAQNHL,1855.0504587155963
QNWEHLPVAL,7579.8302752293575
VGKGYNPYLG,5234.426605504587
QLVGNAEWNKDG,2025.9128440366972
HDAAASREYLG,2543.940366972477
LSQWYKGYKVS,5160.660550458716
LWYNFAG,7357.54128440367
RGYQNGHDAS,1938.9770642201836
EHERPVPDVL,1851.605504587156
SFSQAQLG,2375.0045871559632
KVKVPRWLSG,3133.362385321101
EAHVLPFEKLS,2460.5183486238534
RQEEVGEPKDV,775.302752293578
VFDGKLQEYW,7392.357798165138
NWQRSNDSG,2407.3440366972477
PQFFSQEYHAG,6766.284403669725
RNFRQRWHFDL,13217.802752293577
VWYPDAG,6469.885321100917
VNYGDVSG,1941.6743119266055
KVPHVKVLGEDS,1116.954128440367
HYHKNDG,1598.7339449541284
SFRSAGPYDVA,4441.5504587155965
HLKQEYHHVLSG,3097.788990825688
HLDPQFREYL,7517.577981651376
SEPGQVQYALG,3097.697247706422
HAFKYDAFVG,6467.651376146789
PFNLGFDQWNAS,9355.62385321101
YVWLHQYKHAL,9860.394495412844
PAAFKENKHALG,1736.51376146789
RSGEKDGDFHD,1644.5871559633028
VGRKNAPYNDSG,1709.5045871559632
PSWAHQFPKS,4175.665137614679
GWDFPGFPHL,19079.98623853211
GQGSKALS,1146.8302752293578
RWQWHGKAQDA,2317.064220183486
SPHVRPKVEYV,2845.940366972477
WAHPHSNLS,4294.880733944954
RAHHSWAG,3726.045871559633
YYPLRHG,5732.059633027523
FHEDFKALEPKL,3249.2201834862385
YNYEQPHSG,2623.766055045872
HNSHNHALG,2149.105504587156
HESWQAG,2807.678899082569
GKVLRWPYNL,10980.642201834862
VRGNEWSG,2635.1100917431195
YAVDPYSG,4454.073394495413
AWWQFRPYD,17644.83486238532
DFDYLYDASG,5217.674311926606
NFVGDQNKVS,1670.3211009174313
GDAREPDKVG,744.0733944954128
ASVNGDLS,1039.6238532110092
RPSVSQKLYG,3346.348623853211
DLNGNVNHDA,1802.1743119266055
WGNDQEFWHD,8029.8302752293575
WEGWGFLG,18166.036697247706
DAHLNAFPNDV,2639.2752293577983
RKARPSPSQNS,842.3990825688073
ERQLWDSG,2455.0045871559632
DNLVADASG,1318.7522935779816
YHLADASWG,5842.385321100917
KPDKKSG,574.2752293577981
RGSQKSDVALG,1146.6697247706422
VPNLPKYKHDS,1260.3256880733945
RFWFPYHSFENV,16572.42660550459
GFNVKQHVSG,2216.2752293577983
KVSWKVHLKHDS,2220.6559633027523
DQWYYNAG,7748.848623853211
AKYLEVLSG,2769.3348623853212
YGFAVRWNHVL,17087.67889908257
HWAPQKLSG,2690.4036697247707
ALNVHSWHSG,5153.743119266055
FYGNLNSFYWK,6907.022935779816
PGFFWARHL,17770.302752293577
DVVPYSNKVL,2949.0
HFLKSRLG,4255.1697247706425
YPYNYNVLGNH,6525.573394495413
EHALKDRQFPKH,1659.7018348623853
RSSHVSGNALS,1885.105504587156
QYRSVAFNALG,7422.3899082568805
ENAWNENVWNHA,3550.894495412844
HSFNNVSFRYH,12011.422018348623
DSRDDEYNDSG,1330.6284403669724
NLDDVYALSG,4149.743119266055
QELWEYWYHDS,12416.08256880734
GPPDDVSG,1035.4724770642201
YYYHPAG,3283.697247706422
PYFYKSQLQWAG,10978.224770642202
LFYSVSFYNAS,13913.463302752294
WRFESFLG,16276.91743119266
QRGAREYSNDAL,2518.5688073394494
SVSQLQEPKS,895.6284403669724
NQQVKVLSG,1672.2522935779816
FKLHPRYWKHG,5892.885321100917
NGAKEYSG,1215.7339449541284
WSNGEFPYNS,6073.853211009175
QYQYREDEHDA,2298.0550458715597
WRFRPQNKG,2987.6743119266057
KSRLGDEHVL,1671.4816513761468
VANRYGFRYK,5638.51376146789
VQFRDQEYPYV,9402.302752293577
EQQRWFWVLSG,17047.605504587154
ERKHKAGENHS,980.8119266055046
SWFLALS,18149.481651376147
EPPGFQWDL,4766.522935779816
WAVRKPWNKVL,7233.683486238532
ARGHHASG,1885.119266055046
QRRSRESKHV,967.0275229357799
SFPDFSPKSG,2265.52752293578
GDVEEALG,1024.940366972477
WGQLDLSDAL,6234.532110091744
VFKPSEPDVS,1312.7339449541284
DGEAFPWVGDS,4830.05504587156
HGGKLKVG,1205.0871559633028
KWHGPEKHAG,1434.7385321100917
QYPWKVNGPYNL,8453.243119266055
WFSGAQKALS,3594.678899082569
FWFSHYWVALS,8871.215596330276
HVWSKHEVL,3635.2798165137615
PGEHNKSRDVAL,1588.5275229357799
WSAYFEKHDSG,4151.5504587155965
YVYAKDQPYVS,4963.178899082569
NVVGDAYWKAS,3176.4908256880735
YDLWFERPYKLG,10165.311926605504
WNDGKLWNVYKD,7229.724770642202
YNYEHAGRAL,4353.266055045871
QQDPFWKHA,2898.1146788990827
YRPHAKSRWHL,6076.651376146789
SFVFEYLKVAG,23185.44495412844
ALFASKQEPKDS,1252.1880733944954
RDVGWHSHQRA,3472.733944954128
YFAKHAGEKG,1354.302752293578
ARGSGWDVAS,2651.8440366972477
FNWYALWKHL,11279.90366972477
EDLWAQWQWHV,13814.614678899083
ERLEFHALG,3771.211009174312
REWGRYLNQND,4728.743119266055
AASAVLSG,1617.1834862385322
QHWRLPWNKD,5709.0091743119265
WKHYENDQPDV,2673.454128440367
RDVQVLHLSRW,16913.183486238533
VFKSVLSEPD,3048.711009174312
YNWSWKSFAL,13612.944954128441
EERYYWHAL,9973.38990825688
VNLYSNSG,2912.743119266055
QESGKHFRLGRE,1664.51376146789
DGFWNFHEWHS,12889.743119266055
YPQWREG,3478.605504587156
HVFRGNALSNKS,2844.623853211009
SGWNYSFREYKV,9749.394495412844
KSPPHSRENKHL,1313.3440366972477
SNFDFRSG,3721.6559633027523
VVNKSEG,798.2844036697247
YQQVNVAS,1863.7201834862385
EKQDSRSEHVLS,887.9220183486239
FNGVQFNYDLSG,10186.98623853211
KPDYYKLSG,1593.0779816513761
PSAVGWSG,3182.6100917431195
RRFEKNASG,1175.7018348623853
ARANWDLS,3798.8440366972477
VNRKNHVALSG,1878.7339449541284
HRWKEVAPLSG,2682.0091743119265
RAHLDVRWKVAS,4292.564220183486
KYAGNWDAS,2579.6926605504586
YFQDKDLSG,2023.7064220183486
FGARSREYWKDV,3862.1009174311926
YRQGEPG,1795.5366972477063
RSYPPVLG,4408.100917431193
RFSGPKRYKVS,2507.201834862385
AVDAQWNHAS,2193.564220183486
HDVFQEPWLPHV,10865.752293577982
RNHYSGEYSYWH,12273.853211009175
RRWGGYNVAG,5001.972477064221
AFSDFPAG,3160.7247706422017
WVNEYNKYVAG,6011.591743119266
AWVEQENKH,1876.454128440367
LFRDQLSWKDA,4042.605504587156
LVAAYKG,3627.52752293578
FFSEHGYWKL,7695.701834862385
WPEKHYG,3136.6146788990827
RKLLHAGDG,1894.0963302752293
QNSSRHVKDS,1018.1100917431193
WAYHRNFPAS,7493.211009174312
EQVLLHSG,2656.380733944954
NLDVWLGWDAL,17916.743119266055
VYYHLRSG,6120.912844036698
FFEKPFEWLS,10697.504587155963
WWDDWNKHALG,7931.215596330275
RQDFQEWNHA,3267.7798165137615
GKDSNPWNHVAS,2041.9174311926606
SVFWVNSG,10681.967889908257
SEGAPWLS,5510.091743119266
AGNLLFRNKS,3193.894495412844
LWKDLVLKV,13689.47247706422
WGHDVYDFEDAL,7404.6100917431195
DYRVHVG,3828.770642201835
VLSGHPYDFNHA,6164.51376146789
FHNKNARPLSG,2294.0137614678897
QHWGSGPNH,3665.770642201835
ENRSLGPYWDS,6142.027522935779
RYPQGFEPYKLS,5932.711009174312
ESDWSFDLS,4423.963302752293
NFLVVLSG,40151.85779816514
AQKKAENKHG,850.6100917431193
DERSEVASG,913.9082568807339
SYDFPPKASG,1857.6009174311926
YSFELEGEWHAS,6339.5504587155965
DAPSNDSQFRS,1402.3761467889908
FFNERNKHAG,2172.2477064220184
YSFLFNDEYKH,6532.784403669725
NHVDPDAYWHVA,4879.98623853211
DWKDERPKLS,1202.967889908257
VNHDYLEWNALG,5568.655963302752
KNVQAPKVL,1147.6559633027523
LKDDLRDVALS,1891.073394495413
VHWAALSG,4850.660550458716
HEFFYVL,20060.798165137614
GPDSHFNKDVL,1758.6788990825687
QHYYGEHVAS,3350.2247706422017
PLESDRPKAG,1311.1422018348624
LDLGREREY,2691.1880733944954
AWVNDFKALSG,4548.366972477064
RGQNPNHEKSG,944.6605504587156
SHDYAHSG,1819.9908256880733
DADGRVGRHVS,2135.2522935779816
RHWPKDQPNKD,1310.3532110091744
EQYEVSQYKD,1791.1100917431193
HGELLGFWNV,14421.100917431193
SQEHLDGQHAG,1791.9174311926606
RLNDADGPYW,10663.857798165138
LRLYSELG,8764.036697247706
QWKDASHASYSW,7640.431192660551
PEQQYVAL,4050.5963302752293
AWANRLG,4712.4908256880735
HPQEAFRS,1604.3623853211009
LFQYDRKVSG,2924.9862385321103
PQFEEWENKHAL,4021.935779816514
NHENNFPYS,5384.844036697248
LWHWAPDG,8756.720183486239
DFRGRGQRKSG,1461.697247706422
LYWQGRDSG,3644.862385321101
DPKDAYEHALS,1059.2247706422017
QLDKENSG,855.5137614678899
RLSLWVGWLS,22876.19266055046
QDVGEQWLREKV,2632.7798165137615
YNYSNHGRYWSG,8906.857798165138
QAPNEPHGFKD,1443.1697247706422
WFPVHVLKHV,12367.100917431193
PDRGVQYNHS,2511.9816513761466
PHNAHLYWVSG,9107.01376146789
HQYVKFNDAS,2757.848623853211
FHFDPNKQRHG,2627.412844036697
LSSHFESG,2208.545871559633
AEHKENLS,842.348623853211
GPAWGEVLSG,2460.6100917431195
PVAWYDVRKHD,7060.362385321101
KWEKRKG,776.1192660550458
VGNAQDPHALS,1333.2018348623853
PRFAVLG,8547.605504587156
GHQVKLG,1768.1697247706422
VQQWGNSG,2244.9954128440368
LGWYNRPYWV,22070.72018348624
VFNAGSGEYW,7459.371559633028
RDWHAWEWKDAL,7410.779816513761
VNDNYWNHDSG,2681.4908256880735
SGVWSVLG,7807.307339449541
QNLNNVFEPNKA,1835.408256880734
NLEVHDHASG,2049.788990825688
VADHGRNDSG,1192.9174311926606
NYWEEPDAL,4661.091743119266
PKFKVKDFKG,1066.1788990825687
AFLSHFYLS,12886.564220183487
HFKQFYFNKVLG,8843.908256880733
WNKQFRDFARSG,5086.756880733945
YKVFLRPWLQHA,14950.128440366972
QVFNSVGWKAS,4264.155963302752
FPYSHAGWKYV,11907.775229357798
AFQKFWVAG,8086.068807339449
DGHSSNDVALG,1452.7155963302753
AKGDFSG,1114.0550458715597
FKDGAGQKQPW,3059.4587155963304
VNPLGALS,2626.2844036697247
VGWVGWKVNL,13208.09633027523
DEGEFRHDASG,1610.7477064220184
KVQFWGYASEPW,16428.243119266055
AFLQQNLSG,3247.6100917431195
EDDQEHFASG,1387.2935779816514
YLRLYDAVG,8407.160550458715
DSNYWGPKHDAS,2251.298165137615
QDGGKVEYNKHA,1168.1880733944954
ALNGHRDS,1814.0688073394494
REPSPVRHEPWN,2379.619266055046
YHANKAQSQKVA,1124.7155963302753
VQVRWHFNHLG,10303.01376146789
QEVDWDVQHDA,2011.8440366972477
RFVQLYHDS,10877.334862385322
DYGNKEHVA,1099.4036697247707
EARYKEQRESG,908.0504587155963
VYNHQDASEYWL,8766.788990825688
LEVSHEPWHS,5109.825688073394
FLLVRHG,11246.871559633028
FKYEVGQFPVL,9395.077981651377
EANNNHVLSG,1408.3165137614678
REALEQRYKGED,1381.0183486238532
ERYSRYKRPWNK,2812.353211009174
RRVEWQLG,5332.779816513761
DWAYLQEWNHV,9447.857798165138
SRVAAGYNDV,2830.02752293578
EKDKAWKHEA,752.6330275229358
ANSQSDLG,1041.8165137614678
NYWVRYRYHDA,12828.334862385322
WSWWSQHV,13486.357798165138
HKWVDVS,2472.1605504587155
GEHDQNASYDAL,2142.9633027522937
VREPDPAGENVL,1242.4220183486239
DYRKFKDVAG,1599.2798165137615
RAPSAFPYNV,3668.0688073394494
HQDRFHAG,2699.2844036697247
EKNDSHPDALSG,981.0045871559633
DDVREDRLSG,1038.5412844036698
PNPGPSEWNDA,1671.1559633027523
PHWWPYVALSG,19586.903669724772
FRLYYWNGFYDG,15006.366972477064
QKNSFWEYWAG,8853.628440366972
ARRDHLG,1908.573394495413
YSNHRSFNL,6965.128440366972
FRKYKHLVLRN,4818.770642201835
RYKNENPNALG,1962.1743119266055
HDHLSHRVSG,2485.697247706422
SQPEEPNALS,986.0045871559633
PWGQFLFSYKHA,23958.009174311926
GWDKKVG,1585.5
WPAHNAG,2821.0504587155965
FGAWKFWLS,13197.449541284404
NFESFKHVWD,11256.949541284404
QSYGHWKDVAG,2539.1422018348626
DFQVWLS,13249.19266055046
REEYDLSVAWH,6783.178899082569
FRFDGWKQYDA,5627.605504587156
KRHQDREPKH,993.0091743119266
FQEAEPYLDS,4000.261467889908
VLSFKFPHYNA,9220.275229357798
EEANAHSG,1014.756880733945
PRPKWVPDG,2238.256880733945
HHSEWKWVS,4752.087155963302
WNVLYFYSFPKV,23695.977064220184
EWLRRNQFNKHD,4609.128440366972
ESHDVNLKLS,1543.4816513761468
KNAVPKHDL,1056.334862385321
PHNSWKVKLG,2809.2844036697247
YRDKKLG,1239.8761467889908
NFSNDFLSG,4350.784403669725
DRQRVFWSG,7464.151376146789
AFGFRYSPDS,7410.697247706422
WKPAHFYWVS,14909.050458715596
VRNNKSYKH,1477.4311926605506
KNNVESG,905.9174311926605
WHLEFWFEKHVG,12492.683486238531
RPENYWSRYWL,18107.133027522937
VWGQESKDG,1426.9495412844037
QGVFRVEPNH,3877.3440366972477
WRSYPKSG,3414.087155963303
YDQYDREKVFP,3182.119266055046
VQWKNDPHDVAG,1631.6467889908256
KYRLNDVAG,2038.532110091743
YKHQFNRGFEVA,4931.4495412844035
RSPDNLPWDL,5367.678899082569
ERAQWNFVS,5883.481651376147
EKSGGPHKSG,1006.2339449541284
FEESFKHFWH,8472.995412844037
GASWVEKLSG,2542.293577981651
REPPAPNHWKH,2061.3577981651374
DQNDRHFRPVL,4491.279816513761
QVGGQKLQSG,1107.9311926605506
PYKSQFLSEVYG,8632.509174311926
HDPWEPDPVAG,2184.5183486238534
DFWKELQYNVL,8862.52752293578
NRDDVFYKHD,3512.1559633027523
KRAGEPHPDAS,990.1009174311927
RALQHSGAEDL,1493.9128440366972
RFAAEPSG,1967.9036697247707
LNWDAPG,3354.467889908257
HKRDSFLSG,2128.0550458715597
NVRPNHKGWKS,1855.394495412844
SRPSVRYWNKA,3163.032110091743
DEWDYARNHDVA,3406.5733944954127
YDPDQEHQDAL,1432.4449541284403
NVFPEDGYHD,3707.408256880734
FKRLSFQEWH,8299.045871559632
LEEPHNVS,1769.8761467889908
NSNVKVFYNV,14619.587155963303
QFDFDSRWLQNL,10963.045871559632
DSKVKLWVAL,7971.844036697248
GYAWRWA,12737.266055045871
PVLNAPAPLG,2346.729357798165
QVEWGQYQYHV,12026.715596330276
LLKVHVAS,4879.091743119266
GRLGWAPYNKG,5624.146788990825
ADFRANG,2485.238532110092
DAAHSQAS,1158.1376146788991
VYNAVEDVA,2131.770642201835
HAWWFWDLSG,18891.844036697246
ASAFYFYWHVA,21523.243119266055
SDRHPKV,1599.2018348623853
ESYLHLQYALS,13081.720183486239
ESPKFESPYNVL,2201.5045871559632
RAHLWHFPHVS,10078.97247706422
PDPGLFNDVSG,2020.01376146789
DGKSNKNVSG,823.7660550458716
HQAGSGLG,1409.5963302752293
QDYRAQFEYNA,5559.5
HEVRVPYWHLSG,11189.866972477064
PKDQFVNKDHL,1811.926605504587
GFLWADLG,13320.142201834862
VRYGFKDGQWKH,4405.894495412844
KENSESFDA,969.3211009174312
SGVLGRSEPWKG,2836.077981651376
RVDSSEYNDAG,1562.0550458715597
AAQRGESG,836.0091743119266
AQKWNLPG,2092.788990825688
WHAPRKLSKVG,2401.6009174311926
HVDDWVAG,3209.8440366972477
RGPVSYYLG,10467.09633027523
DRPLYAHLG,4128.334862385321
EENLNPYDAS,2062.1422018348626
DHDSQAEKSG,636.1651376146789
KDKQGENG,624.5
KSYHEPVSQEV,1020.6146788990826
PDRNASRNVEHD,1462.3394495412845
EPVAWGYVQRNH,6567.706422018348
QWKYAGHQNLSG,3135.091743119266
DGLVVLG,14219.885321100917
HPFDVFALS,10180.62385321101
AHPKDPYS,1647.8440366972477
EAVVDSG,843.7706422018349
PGNHDGEHEWKV,1834.1834862385322
LSEDVYGFEDV,4148.298165137615
YEYPPYHDAG,5364.862385321101
KVHHYHDASG,1909.6697247706422
PDSSGRHFNL,3695.954128440367
DYHFHHSG,3534.197247706422
KVLKEASKVG,876.6651376146789
WAPHFPDASFWK,14691.050458715596
HLHSLSREPN,2324.408256880734
WVRWRPKVRWVL,18566.110091743118
AGPVPYWASFL,20317.802752293577
NDRNFEAFEN,3078.256880733945
YGDWEWASG,5874.279816513761
HSLDKHSG,1253.7339449541284
VGVPQPHASG,1606.8440366972477
GQDKHKDG,710.0137614678899
PKQREPAARPKH,849.7385321100918
QEPQPGEKLDV,673.6422018348624
VPDEDNHG,1155.5688073394494
QGKQVSNLG,1076.8165137614678
FVDYHVYNHDG,5698.532110091744
VFWEHDLGYWHV,19434.022935779816
QYVQRSWNVPD,5437.128440366972
GKGNHWLSG,2997.6926605504586
EWFHWAFEPKV,11471.19266055046
SQSWKYLG,4178.220183486239
PDNPLGEWKG,2021.9128440366972
YDSPPKLRWNS,3596.683486238532
FPGQAQFNAEWV,9124.701834862386
ELENDQNHDSPY,2498.2247706422017
KFEVSLDVL,9129.655963302752
WGRAPAFPWK,10207.288990825688
FVEFFRPWVSG,16203.509174311926
NVQQHDVSRPDS,1634.605504587156
RWLVEWKLYDAS,17145.532110091743
WVVGLREWK,9441.302752293577
VWSKSNLSG,2810.97247706422
QQNASKAQREWL,2271.3577981651374
YRNARSFWDAG,7168.766055045871
FDGGHSGYG,3849.243119266055
LYAFDRKG,3400.0733944954127
AYAYVPDSG,2886.591743119266
NDDFNDPHDVG,1977.5688073394494
KNAHSYLSG,2169.545871559633
WAVLKHQPNHV,4973.036697247707
DFFPFEG,6671.357798165138
WHVDLFLQYV,37000.29816513762
PWPSWNQFENL,10270.435779816513
SAGNWVAL,6415.5091743119265
YYPYYHSG,4407.582568807339
YAGLHSGPHAS,2902.5045871559632
GRKWYVALG,7996.518348623853
EAPPYDLYND,3181.1009174311926
WVDVNSKLG,3214.201834862385
NKNPYWENG,3177.1330275229357
VNVVGYHLG,6515.366972477064
QNELFNHYWN,9427.339449541285
DPGWADSG,1826.1788990825687
YYAGPPHLSG,4626.137614678899
ENKVHVVLWNL,20607.74770642202
WNRGFVLELS,49003.75688073395
HKVEGKSG,980.8990825688073
HAGAVGYVLS,10758.444954128441
PLEHQKNHSG,1495.0963302752293
AEGNFYVAS,5811.188073394495
DQSQHPNKHDG,1073.1100917431193
FQHAYLRPHV,8795.399082568807
VDSVFVSG,4845.146788990825
PGVESQNKHL,1220.2844036697247
KLVKEVAG,915.7522935779816
FLWFREDPHDV,7167.885321100917
ARHWQFALS,11533.30733944954
ELDYQYVAS,5278.233944954129
DKQDVHAG,891.2844036697247
AGYYWQFREALS,11087.651376146789
QRFYLPHDNLG,8386.784403669724
RYSNFRNFPWKD,8072.715596330275
ADYNDYS,2591.6743119266057
HEEPLYALS,5371.045871559633
YHHSPHFEKVA,2981.3990825688074
NKVYDAEKSWVS,1888.1376146788991
FDGHKASFRPW,9100.711009174312
EDAEEPHPHS,1217.633027522936
WNAAQLPKDAG,1764.967889908257
YNGWQRWSQHD,8240.247706422018
EGAWGYWHLS,11431.899082568807
RHPAFDVQEDG,1775.211009174312
GRWEHFWG,12565.059633027522
FHDLSFVEALRV,16331.454128440368
WFVHGRDLG,8731.142201834862
VELSAGVAS,1649.1743119266055
WEFHPHSG,6527.98623853211
HPLWNRHVLG,6981.793577981652
LHNVGDLS,2248.1926605504586
LGQVASESGWKD,1934.2339449541284
KSRHPWHFHG,6310.853211009175
KAKGRNQAS,884.605504587156
VKNHDWG,2442.954128440367
RYQDKVLVAS,2968.091743119266
DLNKSQKAVLS,1034.3302752293578
HLHPEPWNHD,4917.591743119266
YQVPQPLSG,2359.1146788990827
FNAYYNVLFPD,17948.660550458717
QDNAQHGLG,1664.2431192660551
QKSEHVFKQKHD,1042.6926605504586
FKKKGYDLSG,1218.3990825688074
PPQHHSG,1319.4220183486239
PYEDQFPHPV,6137.862385321101
RYWDLVLVLYKG,25884.518348623853
RYEAKAFPWKG,4093.0550458715597
HQFFAGRWHS,11975.944954128441
VPAEFWDG,3690.651376146789
EFQWSRDAG,3596.266055045872
EYVVQKFKHL,5091.614678899083
EPRSQNGFYKDA,2388.380733944954
SGHDQWSFAL,12102.899082568807
AVQQFWHLS,8891.197247706423
FSPREPNANHDA,1472.4908256880733
GFKHFHPYASG,6498.0
ESEEENKHALS,753.9862385321101
HHDRPLPLSG,2879.123853211009
PVDSNDPYDS,1773.7522935779816
LPVNWAG,3543.9036697247707
KGEVRKVGRYA,1801.0504587155963
NHSRNEYVWHV,8752.380733944954
RDSNNKLNVLG,1828.7155963302753
DHRLGPAG,1757.1926605504586
DEANRSG,1011.9633027522935
YEPWQNLYHVL,18689.123853211007
RFRSHFRWKAS,3903.706422018349
ANVWQKVAL,4375.899082568807
NKPSDLSQWD,1910.48623853211
FGNGLQYKDV,2806.9954128440368
NNQESHG,1178.2981651376147
RAKGKQENKHV,629.1192660550458
VYYVRNHAG,4734.738532110092
WLEASFNSRND,6844.018348623853
EEEDRNSG,841.9816513761468
QYRAEKVRPYVL,7900.779816513761
RGFRAGVFYDG,13707.119266055046
FWWRLSNHDL,11680.894495412844
YRHDWGPYNKS,4930.587155963302
FAPQRVSYDLS,4736.201834862385
HKPKKHG,682.2844036697247
HFGNKPHSG,1899.8623853211009
KHLWQYQFPDVA,7727.678899082569
PYDEAQSYWNAG,5082.793577981652
FERQALQFVLG,18941.174311926607
EWKNHSRSNKH,1632.4357798165138
QSDRGYDVL,3196.798165137615
EEWHKHEPKV,1346.5183486238532
EVASKVQLSYN,2572.2752293577983
RPLWGFYFYVA,20874.67889908257
NAPWPQRNKDS,1693.9128440366972
HWGSPHLG,5802.683486238532
QVGNAHDLGFA,4089.454128440367
PQLSASNAG,1259.1788990825687
DRQKYNG,1403.0779816513761
EWGDDQFEYW,10608.545871559632
VGSYQKAL,2826.9311926605506
KPALQSFRWVA,6928.623853211009
QDAQPGNHPKL,1231.665137614679
SEFPPDG,2191.4770642201834
DRPGGEYWKDV,2143.4311926605506
EVYEDRNVAL,2683.9036697247707
VSGAEPNLPWL,6240.188073394495
KPHDEAQWHDG,1731.6238532110092
QQGGDLG,1209.5412844036698
EFYWLWNLREPN,12877.256880733945
FSFQALPYKG,5444.807339449541
WFHDYAREWH,12274.79357798165
ELKYVQYWKG,5206.376146788991
SPARVKHDV,1153.619266055046
VFVHLRPHDG,6910.591743119266
WEWLWAELG,17457.330275229357
ERGLWDVAS,2882.1009174311926
EWDAALEKAQV,1534.4357798165138
LQRFNSQYLS,8779.064220183487
FFVQNSRYWHD,10897.169724770642
AEHYFEPG,3403.733944954128
KVRRRKDVLG,987.1284403669724
VDFNEYSG,3138.0
YFGKPVG,2717.559633027523
YPYHKPNKG,1958.2522935779816
FAGRVQYDFA,11330.711009174312
WHHNFWSG,11257.642201834862
WEGKADLG,2919.564220183486
SFWQVFREWG,16851.91743119266
AEWRFYDVS,12385.614678899083
ADSKQNSG,748.0321100917431
YRGDHASG,1818.7477064220184
LRANNHVAL,3587.091743119266
NGHFREYKAEHG,1898.6880733944954
DEPEFEWKHD,1700.0045871559632
HSVVWNLG,6126.481651376147
HPPFRDVAS,2224.3394495412845
VSKDDGPWNA,1738.651376146789
QFYGYVGVGHDA,6358.302752293578
VERRWAL,7212.761467889908
KSDKGEPYHVS,1118.2798165137615
RRASPSQWG,3277.908256880734
ENANQFPLPNKD,1360.802752293578
PADEWLSQD,2305.954128440367
YYQLVASG,4755.1697247706425
NGEKQGRHDS,1153.1238532110092
DNLQNFNKHDL,2140.9908256880735
NPHPRPKHDL,2039.8715596330276
NPDPDDSG,891.1376146788991
VRLKRYDALSG,3484.0550458715597
EKDSQVFKDKA,716.0733944954128
FGVHLYDLG,10663.48623853211
YHQHWHDLDVG,5131.926605504587
DANDRYEYASG,2485.5
LVARNLKAL,4152.032110091744
EAVAEDNKHLG,894.4220183486239
NYFQALG,4528.252293577982
FVNLFAEKVLG,8141.1100917431195
HHAENDNS,1152.5779816513761
DFVSFSRVS,19045.91743119266
NKEKEWQVG,1438.8119266055046
NFHLAQFEPH,6766.995412844037
YKKFVQREWHD,3997.729357798165
YVPQKLQRPND,1646.633027522936
AYAGWREWNSG,5922.899082568807
DAFFKLGFES,14655.050458715596
HFQNSHAG,2585.0137614678897
WQDWWNLG,13860.811926605504
WVWDGYDVYHLS,21075.26605504587
VESFLNDALSG,3627.032110091743
DAHADFPKSG,1160.440366972477
WEDSSYWNKAS,3676.8119266055046
DPKKYNLG,919.151376146789
KEWKWHYNG,4190.183486238532
LSKAFFDVALG,8404.844036697248
YSRPQRLKLSG,2887.0963302752293
EAVNWDG,2498.788990825688
SFPPKGRWHV,4723.059633027523
GQDSWQFRVSG,5447.678899082569
QGFPFRHDQFY,16779.064220183485
HSFWLSYHFWD,18604.07339449541
PVENQNLRWDAG,4180.40366972477
FFVLRAEWNKA,10217.495412844037
QGEVHGQYLS,3723.380733944954
NKGDAKHLYWHV,4592.678899082569
ARQDLELSG,1369.426605504587
DSQGRLGALSG,1561.8440366972477
HSQRNFWDKD,3774.243119266055
YPKEFEYWHD,4892.192660550459
ESYPSFPYNKA,2663.8119266055046
HLKVGNQRG,2098.256880733945
KAPRLRYKHVG,1989.6146788990825
QHFVDLSEYWHS,11639.93119266055
WNLASPHNKVL,5134.766055045871
NAYFAGPNKS,2886.0963302752293
QDDKEVLSG,851.5091743119266
LKGVKLG,1635.6146788990825
NDWKHNHFHVA,4783.353211009175
LQAGLPSG,1523.6834862385322
SGAYSKSG,1403.6605504587155
LGQNGHPVAL,3098.6926605504586
NYNAYWVAKASG,5006.334862385321
WGRAHVQFPKA,5370.201834862385
HVVPHLWNKDG,3426.9770642201834
QFWSPNGNREPD,2776.087155963303
KEHRENVEPWNH,2453.623853211009
LHGNWNSG,2969.4816513761466
QRSGWSAQFEA,4125.963302752293
YLNGPNPHG,3235.6605504587155
WRKQQASG,1801.4220183486239
GPFAFRHAL,9082.848623853211
FFVYEYSG,15825.600917431193
LRWLEALSV,10902.509174311926
RKALLFKHEKVL,3535.7522935779816
EWVNFWHVYDG,20024.316513761467
QDFKLDGFNG,3065.6100917431195
YNVHKVAGYHA,3735.3073394495414
SGKHPSRNG,1493.2477064220184
RPRKWDSFRWD,9450.788990825688
LSLFFYNG,17427.47247706422
DGVANKHNKSG,966.9220183486239
EFRQAREYWNL,7606.532110091744
PLPHDVLPHVRE,2647.3669724770643
REPWHQWHREP,5176.325688073394
YPNYQDVG,2803.894495412844
WDVKPNKPWNH,3959.7201834862385
DAKKFKVA,850.2614678899082
YPFRVDSG,3990.0
KSFYDSDRPYNG,3715.5688073394494
SYDFNWNSG,4721.935779816514
EKFNQVLGQPLG,2157.1926605504586
SHFNRNSG,2455.862385321101
VVGQSNSG,1211.032110091743
RGFNQLSWNH,7225.09633027523
LQEGWDRWNHA,6751.6100917431195
VPWNWQFNKHA,6500.261467889908
WFSHVWKHDAS,5907.899082568807
KEELPKHVALS,1300.6238532110092
VKPRNSG,1089.6605504587155
YGHHLSWSG,7108.6697247706425
NAFDHVAKDS,1701.5412844036698
RNAEKDRAQRE,768.7293577981651
DVPKDSLYWKG,1549.288990825688
GEGAWLG,4387.665137614679
RWRVWSGRPNA,6325.674311926606
YDPPQPWNHLG,5230.229357798165
EKHSPKSQWAQF,2495.766055045872
LVQSGDG,1640.2064220183486
EKAANKRWKHG,925.7477064220184
AQQHWNSG,2103.5412844036696
QWKQHQHGNDA,1490.8440366972477
YVQVADAFPVA,4741.266055045871
WHQAGDQYWNDG,5309.683486238532
DDVHRKSG,1010.2201834862385
SVADFALSG,2727.756880733945
ESQHHSYKAS,1375.633027522936
VRANVPNG,1653.5642201834862
KFAQASNDVL,1710.3073394495414
AYHYVQHSG,3803.3440366972477
PWWEVAPYNKS,8950.178899082568
AVFHWVG,10553.155963302752
HLGLKHLEPNHV,3723.876146788991
WVEHDLHANHL,6960.715596330275
RQHERPASG,1352.8119266055046
PNEQNLQFYNKG,3392.697247706422
FWYEFWNALG,12533.01376146789
KQQVNDALS,1138.3073394495414
HEDNDNALSG,1456.2477064220184
YHNHNSYNVAL,5545.605504587156
HFEYLDGQNKVL,5855.325688073394
KEREAPLG,858.8577981651376
PKRSKHGEWKA,972.2385321100918
EHGLGWDYVSG,5764.04128440367
PGNGSFRWVSG,6398.532110091744
FQQLGYG,5534.266055045871
FQDPYARPYND,6641.178899082569
WREKHELFDLG,5663.394495412844
VESHFDALS,3300.238532110092
QLYVWVGNSG,18060.160550458717
QQENYNAQYD,3317.954128440367
VVLKDWASG,3052.201834862385
SHQNNAG,1254.8165137614678
FEQYGQQREH,2127.683486238532
WFFKFRG,9243.715596330276
EYRGAFNHLSG,4251.426605504587
EPYGLFWNFYKS,14962.114678899083
EQKGGRLG,1380.091743119266
SELRWYKSG,4831.724770642202
DRDPSQYWKV,2732.1605504587155
RKDSPNAQWVYV,8491.788990825688
LWVNGVLS,9439.353211009175
WPSLPVAS,3839.3440366972477
PAYYLKALS,11226.58256880734
WNLLEDSVALG,6944.385321100917
FEQPVGWFPKLG,7048.211009174312
GYNVSGVYWV,24519.642201834864
FDPWSGRPVLRS,10898.146788990825
SNQKQDLG,936.302752293578
EVFNWSRKHS,3824.201834862385
HVEYHWNSFWA,19377.908256880735
NSSAYNSG,1591.5642201834862
EELYQWVAS,6474.545871559633
SEGQRQAL,1786.9220183486239
HSAPVRASG,1459.7568807339449
PLAKREVG,1308.302752293578
FQRKKDFEYL,3377.619266055046
FPQGPARVAG,2593.4311926605506
LKLNYHLSG,4344.775229357798
YDLHNAEDG,1857.1559633027523
NVWVGVFPKSG,10951.981651376147
VYHASFLGHA,7228.0091743119265
AGDNEPHDAS,982.4908256880734
DRVEGQSG,927.6697247706422
WVLGEWHEHARE,4561.582568807339
QEYNPKANHSEW,2217.183486238532
YVKYHANHVG,3284.967889908257
YALWNGEGRKV,3282.330275229358
PRVRWLLSG,12016.165137614678
VVFWRLG,18969.215596330276
WPHLQEFWASG,10281.729357798165
DWRVNHG,3745.1880733944954
WSPWDGALWHDA,14156.894495412844
QFRNSPKNHPH,2109.6009174311926
RHLRGWADVAG,4617.94495412844
QFYPPYNYHLG,11078.550458715596
SYSEPARENHL,2201.756880733945
KNDHYWALG,3935.830275229358
GQWHLGNHQKDG,2090.697247706422
DNEVVLSG,1672.7018348623853
ESVWQKLG,2032.4587155963302
FWYWLQELGKVG,6841.05504587156
VENPLFVSG,8680.495412844037
GKGFPPVG,2162.0825688073396
WQREWWHLSA,16759.871559633026
KDRQWNLRYKD,2996.532110091743
YPQPDDSG,1319.651376146789
QNFGHVANSG,2194.9174311926604
LRQVDLSG,2506.5229357798166
RKVAYLQFRLFA,31584.142201834864
EHDSDVWVYND,4989.09633027523
LFLRENHNHDS,3046.701834862385
PFWLGAPYKHDL,14842.899082568807
VFNRWVFRYKVA,16556.02752293578
VHLGYFYWDL,18784.29357798165
PLDARVKVLG,4535.623853211009
RRDKNVG,853.4908256880734
WPNAENLHDVL,4308.178899082569
GQFFWVGHDL,22395.701834862386
LLRNYHDVAG,4301.160550458716
VSVGYGWKHD,4831.201834862385
WLWREARPNHS,5747.224770642202
NPGFHSHAS,2570.545871559633
NPKYDPLSG,1174.059633027523
VRRVPNDVSG,1695.408256880734
FPNHPNFFYDV,21488.339449541283
RYFEFRVARES,8883.550458715596
WEPFQEYWNKL,13777.80733944954
WYAYLFHV,11066.848623853211
HPVLYQYNL,16948.467889908257
FKYPNDVDVL,3465.7155963302753
YQRYYLQPLS,12960.954128440368
HKSEDRAG,763.2981651376147
GYVFKWKLG,9425.844036697248
GFKDLKSGFRA,2860.1559633027523
PNSFWQENPYA,7974.743119266055
NDYGSDALSG,1955.4495412844037
REVQLREALRWS,5919.261467889908
SYSHKALSG,1946.0045871559632
GWYDVWHDVSG,9913.52752293578
GHRWVKLSG,4606.564220183486
PYRDYHYWNDA,9764.720183486239
GEWWFYSG,15838.853211009175
WKRSYDARDLG,3687.467889908257
YPHNWNLS,5010.137614678899
NRQPLPSG,1912.3715596330276
FYPESGREPKG,1337.1559633027523
WEDRLFKDALG,5481.105504587156
DFGPSYSG,3849.701834862385
LEWNYDLEYNAS,7832.3302752293575
SNGHVYVLSG,13214.59633027523
PYNHSYDYQEV,5395.293577981652
NSYYRPLG,6378.087155963302
PFGRKQDSG,1420.8623853211009
VQAPYASSG,1846.7844036697247
KWDYYKSG,3116.454128440367
VYASRKASEPYW,6693.316513761468
HFWYGFVALG,21991.284403669724
VWNKDEHGREG,1368.1743119266055
QKYYRWAG,5370.587155963302
HHKAFPYWVL,14183.38990825688
HAHGGREHSG,1451.2477064220184
VSGNWQPWNKA,3907.47247706422
FPYHLNEYQWK,10506.56880733945
ERDLLFWNHDAL,7486.325688073394
WYWAYAENG,7488.371559633028
NSERVLFYKDG,11218.38990825688
RRDEAWLG,3278.8119266055046
PALAALFEWDVL,18263.128440366974
DFWPWSHG,11935.036697247706
DEVWLHDVALG,7811.238532110092
LEPSEALQVLS,1872.619266055046
HEWEVREYNVA,5923.188073394495
ELWFYHQAG,11128.788990825688
KLVGPYGYWVAG,11538.752293577982
WWHAWNEKLS,6572.04128440367
DGLPLRALSG,4415.619266055046
ESGLHLFNHAL,5052.876146788991
SFHLLEYVSG,13264.266055045871
VRAFHEVLG,4789.178899082569
DWFNPKG,3316.848623853211
QRNAWQNLGPKS,3047.6743119266057
SRYGWHFYLS,14690.637614678899
NWLFPQHS,7964.1697247706425
DVSQPPDQWKL,1770.866972477064
YDPEHARHLSG,2337.059633027523
EVGREFVLEPH,7380.348623853211
HPHFNDKASG,1430.8256880733945
PNYKEWNREWD,4821.899082568807
DDDGVSG,1370.788990825688
EYGWRYWDRPW,22754.949541284404
NQEVYPNLG,3726.316513761468
WKSDREYSRWDS,4721.591743119266
HSKGQWAKHVA,2057.623853211009
FYVYKRDLQPN,4618.481651376147
YPARLRNSG,2905.738532110092
YKQQHASGFG,2652.1422018348626
VPVAELPNVS,1179.633027522936
QVKPKDSWKA,985.316513761468
SFPGQVPVLG,3081.467889908257
QGLWWKG,6110.0091743119265
KRWHHGPWHAG,6024.747706422018
SGWVDLQRHAL,9088.252293577982
PSNPENDG,1060.967889908257
YYFFKSG,3904.7477064220184
RQFLRWGWAG,13235.93119266055
RFLQFPWVARDV,16525.316513761467
NYNAANKHAS,1520.7614678899083
KVQVWNQYNK,2863.6743119266057
HLEEQEDSG,1014.0045871559633
SVLHHDVASG,2044.8165137614678
RSSHWNSG,2809.412844036697
DFVNVFRPYDG,11422.366972477064
RFYHHGQWNHDV,5552.9908256880735
EKQSFWRVSG,3606.9633027522937
LGQVKQFYWHG,9832.279816513761
WLRFWKYASG,9298.077981651377
QLGSDQREPW,3670.467889908257
QALWKQWDHDV,4860.600917431193
QRFPYDKRNHV,3414.9587155963304
KLVKQKLSG,1024.059633027523
KERKKLSG,636.954128440367
GELQKGDALS,1234.6284403669724
NWSLEVALSG,10963.564220183487
FHSFYNSYKDLW,9517.619266055046
RDGSFRHFRHDG,5486.94495412844
NWVNNSG,2831.766055045872
WNRYRPSALS,6675.238532110092
EPGDLRLWKHDV,2867.4816513761466
YYAKKHG,1854.8302752293578
EQGHWNVSG,1784.7752293577983
DGGWPNLSG,3261.701834862385
EQWWYNHDA,7309.357798165138
RVYNRPWSRG,7712.325688073394
PQHNLSPWKAS,2829.3119266055046
GVLKRNG,1927.0
VERALVLS,13234.288990825688
GQPGKHYKLS,1627.8302752293578
SYEAALG,2025.01376146789
PVPGHAEKSG,893.2339449541284
FNFLYKLFEAL,4882.54128440367
NKYGKDEWG,1894.8119266055046
AVYWLFLSG,33545.408256880735
QEPLHLSGFEWK,5099.9495412844035
QSHWYALG,7954.770642201835
EEPHQDPYNKG,1059.665137614679
SRFNPNDVLG,3743.8394495412845
FHFQAFPSG,6967.637614678899
KQFNEHSWKL,3061.669724770642
HKHAYAWVA,5862.821100917431
FEPLSWVVNDAS,6915.036697247707
NHLAVSENDAG,1470.4724770642201
GLGDLDALS,2332.4311926605506
EGPYREDSFYD,4266.220183486239
EYNRKVPQRDVS,1467.7477064220184
YVNNQWDALS,4802.362385321101
RYPWSYAPWNL,21711.06880733945
YRPFGFNKDVS,4015.1880733944954
QPVNLFFPWVL,38828.706422018346
LFHRAHDV,4338.8302752293575
FPNKHFSFLWN,15391.729357798165
EAWVQYEHVAG,4348.073394495413
EVSYAFKAEYKD,7476.683486238532
NFQRQWAG,5548.288990825688
LSGQPENGQRP,1232.711009174312
GFANEDVLS,2632.238532110092
WYNEARDL,5608.8302752293575
DPAWYSG,3884.6880733944954
AGPFQFPWNAG,5381.747706422018
QSDQFVSFPKG,2884.302752293578
NKESHQFPWNHG,3463.206422018349
QAPRPYPYWV,16054.279816513761
LDFNRLG,4087.4266055045873
EPVHVLRRPWNA,7393.876146788991
PEDDKASG,813.0229357798165
HQNRQHASG,1624.3073394495414
HGYHGGQPS,2233.2477064220184
HYVRLKDALSG,3942.8899082568805
YLQEAQVFPWS,17323.52752293578
WPGWDFHVLS,18361.20642201835
VKHRQWHL,5117.761467889908
WFSLQPALG,9339.605504587156
EYLQHDEAGFEN,2242.651376146789
LYFNHDHALS,4955.192660550459
KKAVQVAG,827.1788990825688
WKAQDGYHGWN,6364.6697247706425
RDDGVNKHDL,1639.3440366972477
PHQHGAQPHDSG,1951.211009174312
YDHEEDLG,2025.2752293577983
AAQVYKSG,1724.665137614679
WAPDLQQKDALG,2159.8990825688074
NELPHRVSG,2875.467889908257
QGYEVYWNH,8640.802752293577
NAWHLQEDEYNH,3778.8440366972477
VSVQGPNLS,1698.165137614679
NPNDYGFYALG,9129.440366972478
EPPPGNDAL,1060.211009174312
YKPPGWKVASG,2052.5504587155965
GNALFLQKLSG,7569.229357798165
ERADQDAL,987.0321100917431
ENLFHDFQRAS,4680.04128440367
KDHFGRHG,2355.894495412844
NDLLQNAFEPWV,10796.394495412844
EQYDNSWNKVS,1855.4724770642201
HYPASYLG,6568.266055045871
DLLPSEDVLS,1878.0825688073394
DWDNYKALG,3295.9036697247707
PFWDPYHRNDVA,9129.137614678899
WVKQGFNHVLG,6679.311926605505
KRFAVSG,1866.2706422018348
GESPFKALG,2738.243119266055
EEHQFLWHV,10580.816513761469
HPGALRSG,1905.9770642201836
DLSLQFGWKDAL,9412.247706422018
VGANRHALSG,2099.940366972477
SRSHKLG,1889.4816513761468
DYWQKFEYWD,14035.197247706423
RQAKNLSG,1126.5825688073394
GQHHARWNKHDL,3010.7477064220184
SDHGQFRENKAS,1234.105504587156
GNYGQLSG,2352.5963302752293
RAFHGFVLNVSG,21508.284403669724
VFHWSEYHVL,15715.087155963303
FYEDLVAFPHD,10026.967889908257
NDGLLSPWNHVA,5979.844036697248
LKAARVLG,2816.0229357798166
HSVVGNDG,1956.5275229357799
SKFFKSG,2101.577981651376
APVPLESG,905.7201834862385
YNQWQEPQYHLG,7732.45871559633
LPGPDKLS,1402.2431192660551
YNFWEWFRNDL,16976.256880733945
FNDLQARVGYH,8194.93119266055
YFHDDLNHDAL,5326.0
WKYFFREPDG,6050.665137614679
WPKFLEDG,4127.275229357798
KSGNQKFYDAS,1510.7201834862385
YFNLQLRYNHA,9390.37614678899
LWVFYEYKDAL,23457.174311926607
YQENPPWNVL,9241.830275229358
NQVARPLRYWNV,12536.38990825688
DLVKSPNG,1196.2018348623853
ADLLFHASG,4405.119266055046
SVAYLWVS,29026.83486238532
KARPARGQFPNA,1807.9724770642201
DWDLWPYWHV,21601.69266055046
KDWKGHEYNV,2128.032110091743
SNSNWKDVG,1490.4357798165138
FHLYDNSQFVG,8713.169724770642
SPQNQVAS,906.3669724770642
KAQPSWVAYKAG,2453.146788990826
ELVSNPYWKHSG,3854.697247706422
SYWERNASG,3104.619266055046
WRSYGKDLSG,3712.3715596330276
LGPVDEHDVL,1533.8211009174313
DQFWKWDLKSG,4035.261467889908
KSEWDAFHLQE,2789.766055045872
LPKEDEHG,777.4908256880734
LSHDHAGPWVG,5353.155963302752
QGYYNYKG,4121.45871559633
GWVHSHLG,6415.5
APVSYGRNKH,1711.467889908257
YHEFKAPWNKH,3650.206422018349
NRWHFVSYVG,22237.298165137614
QWGYPHVSGKLG,6088.784403669725
AHARHADS,1269.7752293577983
DDQNEALSG,960.5871559633027
AGLHQFDG,3416.440366972477
QYGGHFPNV,4816.293577981652
FQKHLPNFRWL,14503.711009174312
GLEWNFG,7188.779816513761
FRHADAGLFHV,8449.045871559632
EYERRWLS,6585.293577981652
FQPYDFQWVA,13961.729357798165
NFPPSRALSG,2773.8899082568805
ANKSYNRNKDL,1070.4036697247707
HARQHREPWVG,4233.068807339449
VNQFHPVG,3342.761467889908
NEAPLEHVALS,2477.9449541284403
NPPNEWSG,1995.6467889908256
LRAPEASG,1213.408256880734
FDVNLWKLQWKS,7004.353211009175
QYKVNAFWAPS,8292.674311926605
HQNKFSQPG,1790.7706422018348
KPQLKASG,956.9678899082569
FFWNGYVPVALS,12319.766055045871
WAQNKAHQRKA,1471.073394495413
VWAEEHG,2027.119266055046
WEVQGHASG,3294.4266055045873
DLYADFEWNHS,6155.623853211009
HQALSPQHSG,1656.3394495412845
HKGLNHLG,1982.848623853211
YWYGPVAEWHD,11514.770642201835
KGRDHSGPNHAS,1282.7431192660551
YGDPANVLG,2195.646788990826
WVSPEWAGRV,6299.40366972477
HVFAFANHVL,20832.371559633026
QWNYVAGASQRH,4869.94495412844
GHPNEWDAL,3714.0045871559632
PLHYHWNHDAS,4941.371559633028
FFHYLGYWNKDG,3776.798165137615
NFPEKREWHDG,2276.908256880734
YYDENREWNHDG,4039.5045871559632
ALYLKPYNKAG,4832.559633027523
KKVHYASG,1336.9449541284403
PDGYKSVWHDLS,4907.880733944954
EDLSEAQRFEK,1085.8073394495414
LKAQLKALG,2040.954128440367
RRFHQRPYHDV,5776.931192660551
SPKFLALG,3736.169724770642
RPHRKHLAFREA,2654.8899082568805
LQDGENSGEWD,2077.408256880734
KEQFNPHL,3254.059633027523
VPPFHSG,2525.52752293578
PYGPRVQREDL,2181.8256880733943
PDYLSFEFEHG,11939.90366972477
KFKSKAREPK,771.7201834862385
LGFPEFRPYNDA,5512.788990825688
RNQPWVEVQKH,2874.52752293578
LGGRWHFAL,15691.967889908257
SYNKDAWAFRN,4746.981651376147
HSGYKWVSFKLS,12884.11009174312
YSWNRYFKA,6667.761467889908
QGEHHFRPWNG,4969.481651376147
LDWAWVSG,7889.692660550459
FDQDAGLYDVL,6413.0
RFFPFYG,14655.857798165138
NRRKYVG,1718.032110091743
RRWHWGNKLSG,4455.6100917431195
KYPGNVLSG,2204.229357798165
QKGAHSYDVA,1288.7247706422017
YFRPRSPHLS,4846.720183486239
WPKKENVS,1137.348623853211
ALRYWDKNKVA,2821.435779816514
DVVYLGDG,12662.37614678899
SPFYSYVLSG,19491.0
KHRVSWEYWKL,7519.98623853211
QYNWFRYLKHDG,6960.935779816514
ENLQHQDGES,974.7339449541284
YDPYQHASRY,7309.357798165138
HQRNYHSQAG,2165.2522935779816
PKAKKHVQWKHG,1088.2935779816514
PVNPSFWVLS,21496.091743119265
LHVAKWKDVG,2366.032110091743
PNGNDLYGRLS,4150.527522935779
YFNDVYDSVALG,7531.600917431193
QHLAFVSRLS,18061.394495412846
GHRGNDVALG,2377.669724770642
EVYSLGFEPKA,3488.288990825688
HGNAAEDS,926.848623853211
LRAKVFDVAL,9177.600917431193
YSGLQVLLG,17227.990825688074
RQVEWNQHVL,4371.619266055046
WGKPSENLSG,1747.2752293577983
HLYDEVGFPWV,17171.518348623853
YPHVFWVWKV,25881.60091743119
LPAHADVSG,1365.165137614679
WDVKHWFPYNA,11803.09633027523
SQKFGELG,1237.9128440366972
EQHRVNKG,1113.045871559633
NVLGHVFYNLDA,19613.17889908257
GPAQSFEPWNL,3638.935779816514
NYGGHVLSG,3234.8073394495414
QFPQVASNHASY,4408.123853211009
HNRGHLS,2680.045871559633
GAFNAELG,2123.7201834862385
YDLQPGEHDPNV,1462.366972477064
HFLSRSKALSG,3452.5550458715597
VSLFWEWKHL,14214.701834862386
HLQAPKRKHDA,1295.408256880734
RANFLFWG,15651.04128440367
YWLKHFEVQPNL,8358.811926605504
LKRAENKHDL,1211.6926605504586
PANDVPEPYKA,1201.1880733944954
FDRLKLQRWDG,7327.454128440367
EPRDKVQFYKA,2108.5091743119265
RERFVLNHDVLS,6172.880733944954
DLPQDARNKDLS,933.5045871559633
QVWQGEVG,1990.1238532110092
EYGRSFHPDG,3902.935779816514
PEHDYHVKLG,2836.123853211009
FKFWQFNHHL,11234.908256880733
WVDQWKVPHV,5960.729357798165
PEDHKASG,898.1743119266055
YESFLQWVL,12586.79357798165
RSSYFNVSG,4092.8348623853212
FRANREYVPDV,3729.669724770642
LFVGWGRHG,7710.95871559633
PRNVSVFEWKV,8918.825688073395
LKRPHPAG,1977.7706422018348
FYPRFEHAL,7732.261467889908
HPAPWWNG,6305.366972477064
DFNDWAQRHS,3849.1422018348626
NEPEGEWKL,1429.467889908257
YHQWLYVGRNKV,9181.619266055046
SLSWWKHVSG,4922.201834862385
EWWSSGKG,3962.380733944954
NEVFKDWG,4365.5091743119265
EYSSDEPDG,1329.6880733944954
LDLKRALSG,2249.440366972477
QFKGWSYPYHV,10709.894495412844
NFGKEHSG,1414.2935779816514
DAAGNLGNKVS,970.7339449541284
YLLSAFWKDAS,6202.293577981652
SKVVWSG,3557.422018348624
QYRSFPWLFDL,21071.623853211007
VWALEPVENVLS,5086.8302752293575
LFVRQPLG,7640.963302752293
FYALFQNDLPYL,17044.188073394496
GNKEKDVFKLS,1351.380733944954
FGVERPHSG,2541.738532110092
VAWKKVGEKA,1195.440366972477
WDFPVFRAPYKV,16574.52752293578
DHDQVNVLSG,1783.8577981651376
PSPFDQFRPA,3099.6605504587155
LSYNHRVFEK,3665.711009174312
AQQPSQES,800.683486238532
AGYWGWRPHLSG,11393.330275229358
ESYEVSWKHAG,2436.651376146789
EYYLFPLHAG,20479.160550458717
HWDKWHSG,3988.0733944954127
KDLPYSRAYNLS,4339.8899082568805
VDVELHSG,1702.467889908257
SWKVPVRWAL,12555.348623853211
NEPHESWDG,2285.623853211009
QSFENEYVAEKH,2306.4495412844035
PYVYDAWHGPNA,8605.853211009175
VSFVEYQHVL,16247.261467889908
ESEHKGFRYVL,6571.183486238532
VSPFDGFNSG,3166.5045871559632
AEVRWPWNDSG,5002.766055045871
VWRPVDASG,3035.02752293578
SHGHPWNDVLG,4431.688073394495
DEHKWNG,1515.0550458715597
YERHWNG,4503.545871559633
KLRGLWNKHVG,2929.7477064220184
HHGPEVSG,1584.8165137614678
HPVQRYNQKV,2157.7155963302753
QWKSQEKEPWKF,3032.5091743119265
HLAVDVG,2939.293577981651
NNFYYDG,7072.568807339449
VYWSSYDVLSG,10108.009174311926
RNLAVAGPNL,3649.5825688073396
QLAYLRPG,6666.40366972477
REGWAGNFRWH,11054.559633027522
EWHPWDHPKVA,3772.766055045872
DQRDFEYVPWKH,4977.729357798165
VHDVPWREKLG,3092.9954128440368
LNGSEWDVAG,2396.321100917431
KQVKPALSG,877.1697247706422
QRYNVQKQWQVG,3853.146788990826
DRDPFHVLS,3795.862385321101
QGFPSEVQASG,1306.348623853211
HADNDQWDA,2371.8899082568805
HYEQPASG,1456.091743119266
GHAQLWDG,4662.779816513761
KPHDKGRYKAL,1247.1422018348624
NFSNQALSG,2250.52752293578
FVNRGFKHLG,5400.651376146789
HLAQYHYVG,8028.688073394495
NGNGFVRDLS,4358.045871559633
YSYYHRPYWH,11243.119266055046
VQGFVQRHDAG,2788.1605504587155
KHWGNSFKDLG,3032.7798165137615
HPWHSYGQEYWN,10174.146788990825
VPNREFDVA,1744.573394495413
YSPEQFEPYHLS,4539.899082568807
PHRDGFALNHLS,6815.133027522936
YGFQVQRPYW,18307.97247706422
REKQQPDLHDG,1346.5275229357799
GNDAVYKHL,2635.3899082568805
FALHRWNEPAS,4466.399082568807
PLLPNRPG,3102.743119266055
KVSVWVFEWD,36322.00917431193
DNRHRYG,3266.8440366972477
HRDVHSENAS,1198.8165137614678
ESLKKVG,839.4449541284404
ESVKYKG,1053.1926605504586
KKRKFDAL,867.0733944954128
QLFARSQRNHA,4322.793577981652
FWNGSREWRYL,15181.243119266055
WNFANHLPWND,12404.380733944954
PARAHAFWG,7801.275229357798
YRQLFRALG,7376.729357798165
VYWDQLGFPDG,10883.004587155963
RVHSPKQRALS,1625.4128440366972
DRRNYLSG,2993.362385321101
PDYWFRSRYNDS,8354.243119266055
SQGHAPLG,1670.2018348623853
HLAVHDLG,3809.2844036697247
FWYDQRYKSFE,5414.899082568807
FFEEQEPYNHLS,5813.412844036698
LGKRKGFPYG,3722.353211009174
HKAKHHAG,1167.665137614679
REPHVVQEWNYK,3746.1605504587155
RRGHAFHDALG,4712.981651376147
AQDVYNRYG,5083.142201834862
WWHPNDVPWHL,19957.284403669724
KHHGNKHYWVG,3994.9174311926604
FLNQKAFEK,1754.6605504587155
PLYKFRQEYNAS,5041.022935779816
NKFAAGRNKAL,1605.2614678899083
RVPKSWLPNKDS,1709.9495412844037
KRLSASGQFWK,3129.330275229358
LSREGFEKHGRG,2391.3853211009173
YQDWFKAG,4624.926605504587
VDNQDSG,1183.8761467889908
WWRNQYG,9684.385321100917
NQERRWKASG,1866.288990825688
DDGQWLWVG,12104.509174311926
QNKSDSYFPNK,1655.2981651376147
FEGVLSLQYHSG,13513.454128440368
YWPQQFPYWHLG,19964.091743119265
FWDDNKDRA,2301.9770642201834
PQRQEDQVLSG,1069.1100917431193
HFKKYNVG,2045.9724770642201
DDGHHASG,1514.3165137614678
DWEPEHLSG,2682.940366972477
HGHFNQWNDV,4858.591743119266
DRDHRALSG,1706.7660550458716
NFHWLYASG,9971.587155963303
HSEANHNHDA,1551.9495412844037
SQPFLQFPH,7036.779816513761
PNKNLRDREVL,1727.5642201834862
FWYSYKQNS,2437.8853211009173
GPARAQLG,1242.01376146789
EVDQQWHSG,2017.3440366972477
NFSLDASG,2817.5412844036696
HWQRWPASG,7204.366972477064
HALKYNLSALS,4822.068807339449
VNSDPWSG,2395.711009174312
WNHGREYPSDS,3902.678899082569
NRFQWVL,16110.371559633028
LRQFGFRWDLG,14997.678899082568
RQYADPWNDAL,5307.5504587155965
LSGSEVGPL,1730.7752293577983
DSYVKDPWNKL,2538.4449541284403
YVFLNLWVAL,24524.95871559633
PFKVNVYWSG,21466.94495412844
VKAKFALSG,1949.0779816513761
ARVSHVLFDS,9268.766055045871
VKHSNFKDVL,2126.151376146789
VFKGALSKDS,1389.7706422018348
FNQYGNGYKG,3521.6926605504586
LEFRGYVSG,5596.206422018348
KNFNPYLS,5452.114678899083
LGQWQSLSG,4340.775229357798
DPDYLFNKHV,2696.669724770642
YEEPDLVG,2476.5550458715597
SSNKDLVAL,1576.6834862385322
SENRGQFWKDL,4445.417431192661
RRWPGFDA,7087.463302752293
LSSQRKPLG,1803.8577981651376
WHYLEAELSG,6001.155963302752
ANVAHENHVS,1571.1284403669724
QWESKREYHG,3288.0091743119265
LSWPEKSG,1986.059633027523
HAVSLRHASG,2949.4770642201834
HYDLDGNDLG,3097.211009174312
PDWEHFNKDVLG,3737.408256880734
VSSNSFVLG,4566.931192660551
HQHKGNALS,1438.3394495412845
RLSVYWVAEPH,16820.922018348625
DNEVSHVSG,1238.6146788990825
AWPKKHVLS,2567.8394495412845
FDKFVAPNHLS,3519.6330275229357
HLNLFEASPA,4331.40366972477
WKYYNGFRKD,4377.1697247706425
KGRVVAKHSG,1062.1697247706422
LFYRRWDL,8910.032110091743
DVENHENWNKG,1471.0366972477063
KDFPVQEQRWVG,2541.064220183486
KNYSDLG,1606.7522935779816
FHLRAHDGKSG,2263.4311926605506
KPEPDYLSG,1078.9036697247707
LPRKPKSG,909.2293577981651
YEQQNDLSG,1793.1100917431193
SPHKYHASG,1431.7064220183486
REYGSKDANA,1019.816513761468
DGPWYNAYHG,8876.325688073395
VVRPFHLS,9194.58256880734
KEWKVERWDLG,3671.623853211009
DPSQPKVKVAS,736.7614678899082
GNDGSKVSG,967.605504587156
KPFPQRAG,1473.0825688073394
YVRAQYKVALEW,17816.477064220184
YFPDFGPHAG,5175.394495412844
EFSAHALG,2413.4770642201834
RAKNNDSG,747.2247706422019
YSGSKSNSG,1168.8715596330276
NNVSRYSWHD,7927.674311926606
WWFDAYSG,13011.52752293578
GDQWPHDVLG,3691.738532110092
ERDFRDAFNVL,5391.5
NPQHRPSG,1419.633027522936
RDNLNGPWALG,6776.908256880734
HAHKDPDG,1024.133027522936
DWNWNWNKHS,4095.362385321101
QWLAAGYKHD,5948.674311926606
RQAHDQAG,1263.3990825688074
QKKADGPWKH,1023.2889908256881
NGEQHYNDLS,2352.7844036697247
VWGGHASG,3160.0550458715597
FYQNNHFYNKHL,6267.068807339449
HFHPQELSG,2376.02752293578
FVGDSQELPHS,1741.8577981651376
DLPPFWLSG,9566.08256880734
EASDQRWREVG,2071.7247706422017
HRVVRDLS,3629.5550458715597
EFWERWAG,8440.20642201835
FKVKQPVFPDG,3210.0183486238534
FASQAREWFWH,15859.591743119267
QERNDFNAPWA,4098.545871559633
KPAVHDAS,746.7935779816514
AKFRLWAG,5976.940366972477
DFYRFPNS,5524.981651376147
KRQNLQYNDSG,1538.619266055046
FRQEGRHLGNG,3067.4770642201834
GEGEQKAG,655.8532110091743
FENRDQRGFVAG,3690.8073394495414
PFRWWFNDSG,13967.628440366972
NSKDYWPHAS,2505.4862385321103
YWASDEPHSWVG,6634.8302752293575
QKYFHSFEPWA,10148.435779816513
FPNVFKLHSFRW,19093.059633027522
NVQNPAFYNHVA,5059.146788990825
RRYLHVKHVLS,5714.412844036698
PFRAGKEPNS,1422.2522935779816
FSFYDEAYNL,10577.509174311926
YPYEHEPHALS,3405.97247706422
ESKQVEPHV,942.651376146789
KVSYEGRNVLG,2452.5183486238534
DDVAKLYHVAL,4622.4908256880735
FGWGGRNSG,4048.4495412844035
PREDPLSYWVA,9443.871559633028
KRHYGFYWKHV,5662.55504587156
YENGGYVG,4213.266055045871
QVPHWVLPYWNG,14649.908256880733
QQNDARKAYLG,2033.4908256880733
HQPEQWVG,1782.9587155963302
DLYSSEWKVSG,3304.0963302752293
QVHAHSYWHVLG,8241.022935779816
GYPGQREK,1444.5688073394494
QHEFGEWHS,4580.862385321101
APENAVLG,948.1697247706422
QKVHGFDQDVL,2365.8715596330276
DNHGERKHDA,867.6009174311927
QEEVDLEPVG,964.7064220183486
VHPAWLSG,5897.912844036698
DSRGAFEHL,2504.270642201835
DPYSENHPYDLG,3099.3073394495414
FNEPDQNGQEDG,1175.4449541284403
SYLRDPNL,3894.0
AYASWLRYNHS,8377.449541284404
LGQKPNHEWVAG,2690.894495412844
RLHPFEASG,3285.7477064220184
LWELEDLSG,3929.532110091743
WAFFFWKDAG,14392.857798165138
NSFALAEDAS,2112.5504587155965
RKPNWGEVAL,2634.587155963303
KLVFHVLWNG,16862.357798165136
WSFQDRKDL,3578.059633027523
RWSSRYNSKG,2724.9862385321103
AWVGDVDASG,2042.059633027523
QYKDDLEKLKD,844.0366972477065
WFKKFWSG,6347.587155963302
QNHSQSKFHDA,1390.059633027523
NKFHVEAQPWG,4390.133027522936
FPDLVAQHYDAL,7822.385321100917
ALNRLGPYWVG,14249.224770642202
YYFPWWG,11585.669724770642
KAAWPVG,2396.123853211009
NGDDRPVLSG,1577.6788990825687
DRPVAGGPYHVL,3933.412844036697
PFWDREQYDASG,4690.064220183486
VLFPPYNVRPA,7428.600917431193
SESNGFLG,2729.738532110092
EQRWAWEPKDS,2525.3119266055046
QAVHFKLG,3605.3899082568805
WKDGYWQNASDL,5277.59633027523
NDDDLFNVLG,4162.766055045871
NGWGSEPYNDLG,4700.940366972477
HERNQRVS,1826.2660550458716
FVPDREEHLG,1538.8853211009175
GEGQRSVG,1653.0688073394494
PSRGHSRPKAL,1695.605504587156
LKDGSRHVAS,1716.3302752293578
AEGYYNKHV,3309.2155963302753
YDGKLGVFVAS,15781.009174311926
VKDPHKAS,972.1146788990826
WWQEFPHLSG,10962.408256880733
FEVSGGDGPKHS,1632.7339449541284
QHQQLFYHD,7894.967889908256
YQHWYKSG,4609.747706422018
SPGRGRDAG,1357.4220183486239
WDFLHLNHG,7954.261467889908
FQQHGELG,1839.532110091743
EDLLHQRYWKVL,7325.591743119266
RAPHSFKAQWNG,3463.1284403669724
QVEHQYSEPNL,2697.0733944954127
NAPDWHFEHLS,4806.4908256880735
LVKHDWSG,3102.935779816514
NEFNWVG,6327.788990825688
YDWAQHQRYND,5267.55504587156
PAWWRWVG,18957.495412844037
PGALWKSKLG,3006.440366972477
AGWDEPPYVAS,4356.844036697248
DVKHGLHVAL,3691.862385321101
PRPQDEPYNAL,2025.3715596330276
PPHFVRNDLSG,3244.0366972477063
PRVSAPLG,2155.738532110092
YEDHAPNVAL,3317.880733944954
RRGGDASG,1189.2522935779816
QDAKNHWNG,1632.6422018348624
QASASPWYKHS,3200.3348623853212
GEFPLNAL,8039.435779816514
RFWDANWKDLS,5912.678899082569
RDSADEYWHA,3234.1422018348626
KKVLAWSG,2713.894495412844
VWRWEPLSG,8852.821100917432
EVNGRPWYKHD,4833.977064220184
PGPPYWNALEYN,8242.19266055046
QAQYEWLQFKA,7856.683486238532
WAPEQRYWKV,7040.385321100917
NVLHGFHQFH,10142.587155963303
QDLDHVLYNVAG,4410.311926605505
EEFQNSG,1407.6100917431193
RPYVPNKVEGWV,4107.211009174312
QLGPHSVQEYVG,2318.6009174311926
ESDWEPAS,1440.7293577981652
ERVAKVGEPWSG,1952.0688073394494
WRFVFWNHVAG,17193.80733944954
QFYLQQKLSFYN,11760.256880733945
HSWNNVFNKLS,5316.532110091744
DAVGDNHDASG,1135.0183486238532
HDHDSPEPNDL,1329.8899082568807
EDGFYESQPS,3182.293577981651
HRYSNVYKHG,3978.940366972477
PGDKNLG,950.3211009174312
SVSEHVWASG,2893.8853211009173
VNVRVPNDLG,2349.6605504587155
QARFQFPYW,19642.655963302754
LWYFDASG,7936.119266055046
NRWSWKRDLSG,4853.348623853211
WAVPVLQWKVAS,10738.477064220184
DVENWQEYG,3844.266055045872
VDHRHLSG,2261.169724770642
DDGYAPWG,5644.380733944954
PHPRWDGQYNL,8567.97247706422
LGNESEWNHDS,2043.7477064220184
LDRQPVLSG,2631.1559633027523
QWFGEYEVS,8219.715596330276
RFAAFKLS,9030.243119266055
QKNYNDEPNS,1060.5229357798164
KWRKNHLSG,1858.788990825688
HKQHKLSG,1063.2568807339449
RVQDREWFEHAS,3900.376146788991
RDYSFQHLSG,4300.931192660551
PHLAFPWEWHDS,13990.880733944954
RVQVLEKEKL,1194.2935779816514
KDSQYNQKGEP,917.0733944954128
RGWPVAEPYW,17328.857798165136
HPEWNSQPWHD,5149.6100917431195
PVSVYDGKG,2245.3440366972477
HAEHDPSRESG,1087.105504587156
EWENNSQRKL,2528.9862385321103
EAVVKDALS,938.0229357798165
HLSSYAQPNKHD,2094.5229357798166
SEGWENVG,2547.091743119266
DFFNHESG,2526.7247706422017
DAEQAFYWHV,9820.353211009175
QFSAKHVFPKVL,5954.160550458716
KFDKAWALG,3065.0504587155965
KEFQHSG,1635.6422018348624
VALFAFPVGPWK,25828.6376146789
LPKFLQYALS,9329.830275229358
EQNAGHWKDLS,1615.4220183486239
GRAQKENG,825.4770642201835
RQDDAPAG,929.0825688073395
KDRYGWGEDS,1953.940366972477
GRPQEEYDVLG,1788.0412844036698
RAEWYKQFKDL,5022.036697247707
GWAVWNLG,11549.646788990825
WFPSSGYNKA,4118.688073394495
RLVVWHLS,19342.798165137614
SKASPEYWNHDV,2322.3440366972477
PQYWGSQKASG,2354.0045871559632
QYHQRAGWGFNS,7904.545871559633
LALRQNSG,2818.2752293577983
HWDFRSFHG,10081.077981651377
EADAHANKALG,949.9082568807339
GEVRPSPWNAL,6967.247706422018
QPFEDADQRWAS,5179.321100917431
GSNVWLG,5586.032110091744
WEGLRPVASG,4813.440366972477
WNSRDQDSYHDA,3257.1009174311926
VYNAKHYDG,2679.266055045872
AGWVWKQYWK,8539.944954128441
VRAHNVALG,2735.059633027523
RLEWPARHVAS,6140.160550458716
FKRVKDAREKHL,1606.2385321100917
DEVGRPGHAL,2790.564220183486
PVFRHQVSEWN,5835.064220183486
QVPDFKAQYLS,2715.119266055046
DSKKNVLS,763.2385321100918
WPYQKPDVAG,2567.376146788991
RGDYGRKVS,1735.1605504587155
QEPKNDVHSDS,813.1467889908257
VHVDYWLG,10324.114678899083
LRLQNGYNLG,6279.229357798165
DFAWHNHVAG,4272.440366972477
KEYYKQHALG,2295.1651376146788
HLNLRWKGYWKD,6921.229357798165
LRHAWLQPYHG,10697.848623853211
EHDSALQFSQNK,1451.9724770642201
WGKWEALSG,3715.0229357798166
AKALFYWFHL,18338.389908256882
GVNLSDSG,1687.2522935779816
YSWHPSWLSG,11314.128440366972
GELWANDLG,5455.133027522936
GPNLYDQEG,1629.6238532110092
GRPEGEYG,1335.1926605504586
NHEHNHFRYNV,6373.724770642202
AARKNKLG,956.8440366972477
GQKLYFENVAL,10024.325688073395
EWQWGLQPNHG,5757.655963302752
WNYGAGREPKH,2778.894495412844
KSRGRDGEYK,997.5275229357799
FFESPAQFR,7530.683486238532
GPHKPVG,1076.348623853211
GKLDSKVALG,1465.802752293578
QVQQYNFRNG,3745.967889908257
WVDERPWHDVG,6238.821100917431
PYFPRELWDVL,14030.944954128441
QYDLPDPGVAG,1541.9770642201836
QKVKSQSGNKAL,863.7477064220184
QYNHLKGPLQYA,5946.720183486239
LRYNYKFEPYA,8229.738532110092
YAANSRVALSG,3218.1422018348626
NQYYVPYKHG,5711.559633027523
WDHHFPALG,8055.720183486239
NSLWYNKHDA,3529.591743119266
WQFGVQEPWLS,16776.311926605504
PEDPGRSG,1295.98623853211
FSNQEVQHDASG,1472.073394495413
RPPRVALEPYNA,3172.678899082569
PSRRALSYHLG,5798.931192660551
NWPKDRG,2212.1743119266057
ENSNHFVNHDG,2616.9908256880735
WVKPDLWNDLS,6560.756880733945
QSLLEHVASG,2147.261467889908
EFYREVKVG,3895.3899082568805
NEDSHLNKH,1592.211009174312
EAKDPSYWHAL,2390.3394495412845
QEPFLYHDQKV,3644.559633027523
APLHGNSG,1259.2247706422017
VQHSGWVQRWHA,8484.077981651377
PDNFGNKG,1591.0825688073394
KLWAFAGPWND,12270.91743119266
DFYVLKLQPHS,19369.02752293578
DWNQENNKDVA,1424.6238532110092
QYVWWVLSVLS,30696.091743119265
NAFRWVYKLSEP,11826.600917431193
HNLDWHVG,5077.481651376147
SAFELLSG,6968.784403669725
PAVYWKFEWHV,20651.98623853211
RWFEALVGEVL,27775.19266055046
EKNVRNGPWNKH,1808.4220183486239
EVKNGFNLS,1488.334862385321
DRARHQNSG,1388.940366972477
DSVRGQELSG,1135.4954128440368
SYYQNDG,2353.5091743119265
VWDDGWLSG,9664.160550458715
RSGYYHLFRN,7643.201834862385
FDWPLSYNLSG,9155.811926605504
LGDSYKPALG,1908.9449541284403
LRVPKNAS,1311.0504587155963
RENWVSWDSRLG,9394.0
LQSRRNLSG,2550.0366972477063
SWGHYWHDAL,11794.233944954129
SYWWRNLSG,8952.830275229358
PLEYPDQEYWAG,9035.830275229358
AEPHLWSRAL,8589.408256880733
FHKSALWNKVS,2733.6100917431195
KQDVWEWNKDL,2264.9633027522937
REYRLGQRRVL,6011.935779816514
LRHAQQPDS,1605.302752293578
AYPGPALG,2720.6284403669724
YSKSFDPWNKL,4446.862385321101
QARQYEKHDV,1445.9311926605506
HAFFWSQPYDA,14182.949541284404
QAGDHDAVLSG,1310.1146788990825
HAHSVSFKAS,2922.123853211009
PAHYGQVAS,2376.8119266055046
YSAAQRKDLG,1775.6605504587155
LSNPSEWVA,2792.146788990826
QFEDDSEWDYWG,4715.90366972477
DSDVAGDYWS,2821.5045871559632
LHSYLNLSG,5488.027522935779
KEWYRKDLSG,2570.605504587156
NDYPFRKDVA,2350.6651376146788
VHRPHFYG,9522.90366972477
FSGNREFYKD,4093.0
SKHKFKHDL,1271.197247706422
RESFSKVQFG,3509.6009174311926
SEQASLG,1369.2798165137615
NRYKNLPAG,2180.2201834862385
ADLWHELSG,3612.733944954128
FGYLSFWRWDAG,13884.949541284404
LQQWHFRLSG,10236.752293577982
VHADYDALG,2562.9266055045873
YEGFLQNAS,4352.582568807339
VSPYYVSRPYL,19098.004587155963
KEKVFAFHALG,5087.243119266055
EGLDHVG,1334.3440366972477
SNSKKLG,822.4862385321101
QHKSEAPKG,655.8623853211009
RYKRFRNDYWNH,6084.885321100917
NNDPSHDG,1216.573394495413
EKEHRHVFWS,6418.591743119266
PFSHNVSG,2865.683486238532
GAHVSKDV,1213.1743119266055
LSYAWGRYKAG,5142.316513761468
DFAVSNLG,3608.5
NWYSDSG,4843.931192660551
KGSQGEWNKV,1040.848623853211
VSVPDAREPYHG,2244.545871559633
HEERKHDG,955.440366972477
KFQYVHLG,6082.321100917431
YVNPLSWKDVA,3909.862385321101
NAWAFRQWKVSG,7565.94495412844
WPLFEVRDG,12296.036697247706
QAFPYVRGFEWH,15252.963302752294
QNKYPYVLQPVL,10074.022935779816
AYVSASQFYWDV,22380.69266055046
NHPLYEPHG,2999.876146788991
RASRASFEVEPN,2066.935779816514
FFWQAKHDVS,3313.9954128440368
ELVEFDVG,3765.1330275229357
QQAAVASG,915.0412844036697
VKDRSFRG,1458.7339449541284
VKLWNNHG,2991.454128440367
DPKNYWVAS,1891.348623853211
EHQAYKGQRNH,1580.1697247706422
SNAWKNKASG,1231.2155963302753
QGARWDLSKLSG,3250.9908256880735
HNQFANLSG,2756.105504587156
FEQNAPPWKVAS,2591.380733944954
AKPWDQG,1620.2752293577983
LNEGWDALS,3428.1559633027523
QKGHSPEPVAL,1155.5779816513761
DVRRFRPNHD,3096.4908256880735
YHVNWDSGQPA,3615.256880733945
LFVWGRVL,16976.022935779816
SRWPSGYG,6566.018348623853
KHKHRYPNHDG,1726.8073394495414
FANVVFEPWVAS,20701.57339449541
EPPLQFWAEPAS,3272.3440366972477
VWFAWNVAG,11158.357798165138
KFYRLFPWNLS,13295.366972477064
LWFDFDLG,13616.619266055046
WYPFPDVA,10822.720183486239
KQHFLSHDVS,2256.7247706422017
HKQSESG,609.1192660550458
LHFNPSG,3764.821100917431
GHWAQVLS,4963.816513761468
FVEEWEPKALS,3547.9036697247707
YAWLVFNDS,22266.34862385321
NLLKGREDL,1750.6605504587155
EGEQDEYNHAL,1477.032110091743
EVHKREKS,643.5137614678899
WDKSQDSEYWH,4685.701834862385
RNEKYLYNDVA,3295.5
ALEVVAPYVALG,24164.032110091743
KEEWDNLS,1579.211009174312
QKAEYFHSQWDV,5808.94495412844
DRHSYGNAS,2082.683486238532
NYGAQPLS,2503.151376146789
SNGDPHG,1567.8899082568807
GRHSWSYKLSG,5433.5504587155965
QWFKRWQFYK,10132.587155963303
RHSPGQYNEP,1688.1834862385322
LKSEFEWHDL,3786.8577981651374
RRNYRWAS,4394.174311926606
YEEDDAG,1522.105504587156
ASAWAQFS,5069.917431192661
PDLQHDPNVYW,8326.444954128441
LVDLPSG,2014.6926605504586
RLLDEWVG,5975.119266055046
VFHAHFPWND,12148.435779816513
KAQKDAENLSFW,3598.8256880733943
EHLLQFVAYNG,25670.270642201835
GYAWAPYLG,15008.651376146789
SNDQFWHVFEWL,21883.119266055044
FHRQVARWHDL,9384.298165137614
AQEHHQFEWKVL,5208.688073394495
HLSQYFEFWH,19635.853211009173
FHVKHGEFVLG,5599.284403669725
KSNSPDWNS,1346.591743119266
QKFYGQHRKL,2512.6651376146788
PHGWDFVGNS,6118.316513761468
EKPDKHGQRD,709.3623853211009
VNSDKVSG,888.5366972477065
NAQNVQFQYWL,24237.784403669724
GKLRKWNHLS,2822.9587155963304
RRVQDAQEWA,2423.233944954128
YHEGWNLEKASG,2303.2522935779816
RANNDAPYWA,6311.371559633028
YEGYNQKVALS,3376.0825688073396
DEGVRYG,3033.6605504587155
DARLYKHPHALS,3781.091743119266
FSSHGPSG,2177.183486238532
RHAPNLPFPYWS,18289.880733944956
VKRKNVAS,834.1651376146789
REAAHVNKDL,1031.1467889908256
SAPWDRLS,5041.431192660551
RYEGFDRPNDLS,4305.637614678899
WKKFLPWNKDA,3050.8715596330276
AFRHNKGQEKD,965.5091743119266
EKKYDRHVS,987.1100917431193
GRPLHSQRYKH,2925.619266055046
HVWGVLWNKVG,9137.055045871559
VQRDKHQYNLG,2335.8119266055046
KHPQGEKV,686.4082568807339
EDDYLQVAL,4518.472477064221
VEWDGNHDEPH,2522.853211009174
VEEEVSG,878.2935779816514
LYQRHGKSG,2236.0963302752293
LEWHSYDPWHDV,11913.922018348623
PKRQNSWKG,1238.3623853211009
FHYHGRNYKDL,4373.467889908256
HPVSAWAG,2704.4908256880735
AFEPKGSRWVAS,3223.4311926605506
DQRKVRKGPAL,991.2844036697247
LQHEEHDV,1142.7798165137615
ELGVDVLPKG,1204.3761467889908
AKDHHAG,1031.8256880733945
RYEHRERNVLS,3219.4954128440368
VALEGQDLEG,1625.0688073394494
HKYWQALSG,3690.2844036697247
GDFWDPVG,4884.954128440367
ENNDVLDFEDL,1640.9174311926606
YFFYSRAG,4910.155963302752
PGAHQDVALG,1629.366972477064
GDYSFKHSG,1998.7706422018348
RYLRWGVEDVL,9334.087155963303
VPVHHSG,1573.119266055046
VHSLQSG,1728.8532110091744
DPNFPSRKVS,1524.940366972477
YEPFGWNDG,6467.642201834862
NFYDLYHVRAG,8250.752293577982
QKPQVYDALSG,1379.408256880734
APWDFNFYDA,12683.995412844037
FYFHRYNGFNS,5145.082568807339
QNHSSWKFPWD,8965.073394495414
FAPWREFEYWD,17324.39908256881
YRFSQASG,3117.4036697247707
PRGELSFRKS,2382.756880733945
WWHRVRKSG,4196.655963302752
FWDVDYKSFYKL,9330.481651376147
PNLFNFPLGKDA,4897.545871559633
ADVEVYVSG,13660.802752293577
QHRPFYHYNVA,7979.9908256880735
PSSKSYLS,1837.3119266055046
GNYKGELS,1138.0550458715597
GPLGHKALG,1515.334862385321
PAKNEYLSG,1324.0504587155963
RVRRWAQEHVAS,2929.9816513761466
PVWSRWNEDVSG,4237.6697247706425
GALLEHDVL,3510.3669724770643
SYVWYAG,10406.59633027523
NPGWVWSG,7401.417431192661
GWLHHDG,5086.646788990825
GYQRRNKHVA,2095.2477064220184
AWVNFNASG,4889.646788990825
FFRQGFPYNDVA,7147.04128440367
KPDHAWKVSG,1368.9174311926606
WARNWDLFENLS,12295.022935779816
GFKSFWVPYKV,11905.087155963303
SDVSWPNDVLS,3256.821100917431
YNGFANHRNLG,5319.064220183486
FRDNEKHDEH,1286.8761467889908
AAGPNFHAG,2322.922018348624
DGGHHVG,1885.6743119266055
RNPGVREYK,1582.591743119266
SVNDLVSG,1985.467889908257
HFYKVEVWVG,29993.19266055046
GLQFEGALG,3425.7752293577983
YGGVEYDLSG,3923.605504587156
NPYVLAGAS,4320.922018348624
EPWREWKEAPVL,4321.165137614679
FDRYSGPDYG,4854.811926605505
VWHNHKHG,2525.532110091743
KHEQLQFNKDAL,1879.5871559633028
YLGLYNSGFDL,12290.651376146789
YWGGVGQPHDV,4636.045871559633
KDSSKLGWHLS,2453.6100917431195
NKEARNLFAL,5685.715596330275
YVAHKHDWHDV,4170.366972477064
NFPLNEYNHV,5003.142201834862
GSGEQNSG,824.802752293578
GDGNQFG,2255.743119266055
RQLWEDG,3476.802752293578
FENRKYHVHLG,4818.683486238532
DKSFEPPG,1158.3119266055046
SNSDPKHDL,1064.894495412844
KASPGYKSWKHA,1932.1880733944954
NNADDSG,1145.0
EKLHEWAGESG,1577.5366972477063
KRRDLHVSG,1390.1559633027523
WDWRDEWNDG,8177.0091743119265
PRNYAEWKDVS,2617.8853211009173
KPFWWNDVALG,6601.637614678899
GQHVAFAPYHSG,8187.738532110092
GQPRLEYHLS,4014.5963302752293
FDGLGLQPWL,19630.532110091743
PFGPHVNG,3593.064220183486
HPFAKHDVA,1888.7018348623853
PASRHASPSYK,2174.0412844036696
ASFESEKAFYD,5378.655963302752
NGGVLPSG,1572.073394495413
HFEWNWVGREPD,6477.981651376147
RSSYRPLSG,3084.3256880733943
VAKHRWQFPNA,4592.201834862385
HSSNHSYWND,4401.220183486239
RFVALYRPLG,22496.788990825688
YKQRWAPKHSS,2461.0137614678897
DFQSYDS,2591.559633027523
QDKPENASG,700.4908256880734
WFHARQKALG,4668.935779816514
VWWAFVG,20939.5871559633
APGKFPVS,1314.4449541284403
PGSQLFLS,10830.555045871559
PAPVGEVVLS,2071.637614678899
KPGFVAVSG,2512.8669724770643
LGAFVGRPNG,4096.51376146789
LRAPNYKAG,2481.1422018348626
KDFNAFRYHLFA,10643.41743119266
QSGLYDAFNA,5030.98623853211
REQNHAGLGRWA,4980.848623853211
NLRQREFWVAG,8535.045871559632
PAKREAYDALSG,1707.5504587155963
DYVVYVALSG,36991.83027522936
DQGRLREYKL,3169.8394495412845
GVYHQDVAS,2198.1422018348626
RQQRPVREKHD,1139.2935779816514
DEEVRKG,720.4128440366973
VHDGVFREWNDG,5103.275229357798
LPHGGPAG,1669.8715596330276
YAQEDLPWFHV,17769.077981651375
KVPWNRFPYG,9438.839449541285
AFPPSQRYKAL,4423.353211009175
YKVDAEPVRYS,2875.788990825688
PLHAASPDVAL,2758.7247706422017
SAFPRNG,2823.137614678899
YFLWYHVASG,6790.45871559633
DLNAKARENV,1186.5550458715597
AYRPAWVLG,11059.729357798165
DGVPDHDVSG,1292.545871559633
FVKNYVLG,5303.908256880734
NSVFASNKDL,2122.045871559633
KQYKQFLEDVS,1869.8899082568807
VQGLSEVL,1992.954128440367
PKFKHLPRWNKG,1910.1146788990825
EQLQNVSYKG,1425.133027522936
WNYNHFPKVDS,4203.885321100917
VEVGQKLKLG,1644.394495412844
PSQQRRHASG,1527.665137614679
KKQSFSG,889.6605504587156
WRPKPRYHLS,6163.940366972477
KNRSRALSG,1155.7522935779816
AYFKGWKVLG,5755.100917431193
QPPGLQRPWDV,4424.481651376147
EEPFEGFPVS,2432.9311926605506
VYDKRDSG,1295.1100917431193
YPSDGKVS,1124.408256880734
NWALNGRENHVG,3643.788990825688
HVANHYKFWDVS,7592.784403669725
YKDQLFENGRPG,2356.637614678899
VALRWNQNEPWH,9244.674311926605
APSDSRLSG,1030.6100917431193
GEHKHYHG,2290.0137614678897
FDNEGRDASG,1568.1559633027523
AWAPNDQS,1709.073394495413
VYDFPWPAL,16191.752293577982
VFYSQKEASG,1818.5
YFSSHVALSG,4721.853211009175
GRVWWDAG,8186.582568807339
HHGDEALS,1345.940366972477
SESGAFWSG,5036.298165137615
NSGGSREPNDS,970.8119266055046
WYYNLQDG,4664.798165137615
YYFHHSG,3894.766055045872
KSDRPYQPHDL,2631.9816513761466
YPDVEPLQVS,1674.7477064220184
DGKDQLGQYNL,1944.5045871559632
YNPWHRHVPNS,4455.215596330275
PDFYYSGFREPK,6429.1100917431195
KPNYRVAS,1567.880733944954
VSRNHEHRPNHG,2179.637614678899
WKPRVLHVAL,11406.935779816513
YEVLVEAG,13559.412844036697
WNDSKDSEENK,947.8119266055046
QHSWQPKQRPAL,3649.4449541284403
HYWKKFPNS,2879.3990825688074
WWSENVWSG,11315.834862385322
FKEWDPKAEPHA,1744.788990825688
AQHGADVLSG,1299.4174311926606
HFSDPDG,2190.8669724770643
RHSSASGWDVA,2938.353211009174
LYLELHLSG,23271.316513761467
PLGLWASPYHV,18979.775229357798
NNDFKFYWHVL,14529.160550458715
PHYQHDLPLSG,3688.454128440367
PPQYHLRYL,12662.633027522936
RDKWWNDVAG,2639.233944954128
VHDDSHSG,1259.8899082568807
LGQSDLPWKHL,4431.5504587155965
NNSYFALSG,6903.766055045871
SEADEWSG,1991.0779816513761
DFKPDVLEG,1246.908256880734
KYDHVDVS,1513.9449541284403
LGWVPVPLSG,6732.279816513761
NKWWVPNKHA,3320.5366972477063
PDEPHGYNLWN,6307.59633027523
PSSAQYLSG,2163.821100917431
WWLFQPLG,16125.651376146789
QNFFQRDVAS,4135.151376146789
PLSPWYWALEW,23315.243119266055
VLPRDEDALG,1697.1284403669724
FFRQFRVAWNG,12299.715596330276
KNFNAFHLG,4902.6100917431195
WPNKDKAPYNDA,1620.4128440366972
NRPQNSRWNKD,1860.7752293577983
KLNAHGQWKAS,2066.3348623853212
KQEEPWLKVSG,2038.1788990825687
NYDPQWASG,3555.330275229358
GPPWAFSG,6704.972477064221
YLNHGRLFYKL,13673.43119266055
EYWGYVEASPN,5670.082568807339
RFSARPLG,4788.357798165138
YWNWVARAQWN,11691.550458715596
VGPALEKHQRKL,1450.334862385321
FHHWAEVG,4572.871559633028
RGYAYGNHG,3969.201834862385
FWFNRESRHV,5845.871559633028
WYGSHALSG,5505.967889908256
HDAEFEKDGEPN,1222.6788990825687
YWVYHWHDSQWN,13151.963302752294
PNSSGNRNDG,1299.0825688073394
HRKKQYVSG,1120.3853211009175
PARHDDWKHD,1972.940366972477
NPRDEYG,1567.7981651376147
EYGSPWFNKHD,5440.0091743119265
NPDQYQFYL,16277.614678899083
APSESQPDVAG,862.6743119266055
NDWARSFEPLG,6002.215596330275
PKPVKAQPNHA,1023.9449541284404
WQKKHSYWK,2789.288990825688
QHWDDGPNVL,4953.48623853211
NFASFDAQYNKL,6148.738532110092
KKGQPGDVA,983.243119266055
FVFQLQRPYDS,12929.321100917432
EALSNHNGHDS,1381.7935779816514
ALNNSPKVAG,1120.1559633027523
PYWSNSKAQEPA,1539.4816513761468
VGAPLDLSG,2123.206422018349
NYHRPFPYALG,13837.504587155963
QSKAFKYKG,1348.894495412844
VWPKSKS,1367.394495412844
DQQNFPSG,1241.1422018348624
SGWQNHFHSG,5234.844036697248
VDPGQRPAS,1137.2247706422017
VHDLNRNKVLS,2210.4954128440368
ELSNHVPRPWND,3812.376146788991
LNHWGDVAS,3155.151376146789
WKSNEHVKDVLS,1648.8211009174313
QLDWQHAG,3388.912844036697
PVRSDGFEKHL,2652.1605504587155
PFQEEYALG,3850.9954128440368
VFWQPKDYHSG,4171.9495412844035
DKQYASEHALG,1272.3256880733945
YRLFVAWDS,24400.009174311926
KHQAFYWSFWVG,19872.559633027522
FDAHDGWQPYG,9382.311926605504
RVYLGFSWALG,27165.022935779816
FVHGVLYNVG,11762.077981651377
GWAPYSNVAG,5725.142201834862
NNALEPRYHA,4129.275229357798
LHSVLVG,6246.252293577982
HYGPVHASG,2845.2798165137615
YAEPWFHQYVA,16717.550458715596
AWDNQENSG,1653.5412844036698
SWFARLSG,8492.545871559632
NDWNYWNKQPAL,5030.316513761468
WDQKVSVYVLG,31798.857798165136
ADASHYVL,3943.3853211009173
WQHRWGPNHLG,8926.830275229358
AYAHLHVG,4583.798165137615
HGSHVWKHDAG,2190.064220183486
LQQFGRLS,5463.48623853211
RDALDVDGQDLG,1841.2522935779816
ANGPQFDVASG,1738.0688073394494
PKLGYEYNSDA,2448.330275229358
QHVQQHVQEDVS,1076.091743119266
KHHNNDAS,921.6146788990826
FDHPWPNVLG,8818.087155963303
HVYEGQDG,1849.0412844036698
DPDRSNLSG,947.3348623853211
NEYEENAG,1581.2293577981652
LFHLVYVLS,22639.990825688074
GHGVFEPKV,2089.0825688073396
EEHERYALS,1991.2568807339449
DQNRASYNKDS,1066.6376146788991
LEPLELQRPWN,5271.385321100917
FGSPYDEYAG,5318.018348623853
LVQNDEASG,1066.0275229357799
DVDFKAEYWA,4307.756880733945
RKAGDASFNAWK,1966.0
NGHWPWSG,9277.912844036697
HPFHAPVG,2897.0366972477063
ERWAQHRKG,1991.848623853211
YQVQWYKHAG,6277.399082568807
NQVPSRVAS,1527.1926605504586
HQVSLSVALSG,14284.779816513761
GPLRSHVG,2268.5733944954127
SFHPGNHG,2732.0688073394494
LVWFASG,14281.394495412844
KAQSRAFHSG,1926.545871559633
RLKSLFNAG,3131.5688073394494
RPWSFVLKAYNK,17357.977064220184
EASEDGFPAQD,1297.7798165137615
VFKDNHVARDAS,1781.954128440367
NLWAVFREWKD,12500.862385321101
FLVFASEWLG,30340.009174311926
ENDWSFPKRWKG,3805.848623853211
FHRHFKAWKV,4778.032110091744
WVRKSQENVREW,4244.0091743119265
DRGVSYSG,2360.1284403669724
QAWGKHAHDS,1775.4908256880733
QGKNRKDVL,903.2844036697247
NYSKSKVS,1367.8532110091744
SQEGEKEWSG,1078.8165137614678
SAVGQRPYHDS,2918.6605504587155
EGDEVQKDAL,744.9036697247707
EQESHLFRWLS,8939.912844036697
DWRWRWG,13306.683486238531
FNYQVQEPWNHS,5379.344036697248
QKWQVQNASG,1598.2064220183486
FFSWVKHLS,5607.747706422018
WELKQHLG,4550.45871559633
KHEAKHQNHAG,1247.6788990825687
NSEPWQLPNAS,2580.321100917431
YYGQAEKG,1428.532110091743
FGVWNLFRHVA,12058.61009174312
WRLYHQVAL,14170.146788990825
DLDFPDAYSG,3331.1100917431195
YFQKGYSG,2999.3669724770643
KDNYRWKG,1874.48623853211
KPKVEVREDVG,708.5917431192661
QDSDQNDGRK,822.4311926605504
VKLDWALSG,3301.940366972477
GDGAPVSG,1123.6559633027523
DGADDASG,939.5
RKWPDGRPYVL,10774.02752293578
DPRKFVALG,2390.697247706422
NPAQPREKVAL,1182.2981651376147
WDHNQYKG,2746.559633027523
YNDSRSGEWLG,4316.605504587156
AWDYRPDG,4733.784403669725
AHPDDSG,1074.665137614679
PVQPNKAEYNDS,954.0045871559633
EFSWPHSG,3963.6284403669724
DKLKSPVG,831.9954128440367
RYADYVANG,3562.701834862385
SGQWREPAYWAG,8944.477064220184
QWASHLWSWNS,13935.688073394496
PRVRQNAL,2352.2477064220184
HPARKGFKHDL,1990.2568807339449
GDSQNFDVG,1742.211009174312
AKGDVKLG,874.1559633027523
RYPYQWDVPDAL,7817.357798165138
EPQKFRWGRNH,3577.288990825688
NKAYPYWGELS,4993.45871559633
WPRNFWG,14504.862385321101
EAVNAFEYNDVA,2720.605504587156
DEAVYASG,2361.146788990826
RWVVVALQFPG,41003.87614678899
NEVVPKSG,1453.967889908257
AQSWKHREKG,1096.697247706422
QDFYKGPKGQAL,2079.0137614678897
KGWDGDRKSG,1403.380733944954
NVYQLSWKLG,10272.38990825688
DGAVLYDVALS,11824.784403669724
KNSDEHSG,770.4082568807339
RDAQQEWFEKDV,2260.9449541284403
QLNLLRVLG,11355.477064220184
WGGQWNEVAS,3774.316513761468
HFKSRGQEWN,2892.6880733944954
QNYFNKVQPYNV,5573.412844036698
HQEADARYHVG,2795.7798165137615
NQQYLHVAG,3803.197247706422
NPSNRNLG,1464.633027522936
HNWGPLSG,4418.862385321101
HRKEEPYWNL,3985.5137614678897
QYSSRYWPLG,10007.348623853211
WPAASPKASG,1612.4357798165138
FEVEKLRSQEH,2505.9954128440368
QWGSSPHLS,4722.481651376147
EDQALGSGPHVS,1566.0366972477063
WLFLFGEPWNKA,14641.08256880734
LWVYVFNDVS,31311.784403669724
AKPLSDAG,1111.133027522936
HWDAHGPWA,9896.646788990825
LWKDPYGENA,2852.2155963302753
NHGEEPYHPWVA,8358.697247706423
FLANDLKG,2239.1880733944954
REEYWKQEHGNH,2167.3899082568805
WNYQQPDL,5005.917431192661
QVNFDVEPKVLS,2833.761467889908
NDQLSRVHDL,3307.243119266055
RRWALFDVEKA,4988.123853211009
SYRNEYAG,3192.321100917431
FRSQKAPWGREH,3315.6422018348626
VYDDHLSG,2673.6146788990827
KRLWQWLSG,7525.40366972477
AYALPLSEPHD,3433.288990825688
SKSKDRKS,632.4174311926605
VFNRRYWKHD,5504.720183486239
DQHQAQEYNHD,1832.7385321100917
WLLAVAG,14238.435779816513
LNWREALSG,3758.394495412844
WREFDPYWKVL,16835.201834862386
HDYGLQEYWKHL,6389.05504587156
LNGWQNSG,2986.7201834862385
YWDEYPKALHLS,7605.224770642202
DQEVSPYHLKDV,2296.5091743119265
LNENQWDA,2643.151376146789
EPQSEHSWHDG,1833.0
HYDKFKVLS,3633.5412844036696
DQDHDGPKHLS,1347.7660550458716
FPVARENKGRYN,3308.02752293578
PFNGQDQNS,1486.408256880734
PSPWAYVSGEPH,4441.302752293578
RFWGKLQNKHL,4516.40366972477
KLQNANAWAL,4566.0504587155965
DNAEQFALS,2200.1284403669724
NAVEVARDLS,1759.3715596330276
YAQRFRNVAPW,13007.37614678899
PFFQFVALS,46051.53211009174
WKRLGQPPNH,3431.6422018348626
YSPYFPAYKDG,7076.55504587156
YFNSKSQPNKG,1650.880733944954
FGYHSLQEKHAL,3520.5688073394494
KHAGFLGWSQE,3389.2201834862385
RRPHHVWNKVAG,2781.1559633027523
PDSHAKQRHS,1316.059633027523
YHDFASQVPWKL,8466.045871559632
HFEFSFRYWA,17175.866972477063
EREAAFRNKDV,1423.348623853211
KQNDFQPWK,2277.9587155963304
QQQWLFPS,9870.990825688074
HNDKPYHDV,1865.1100917431193
AFWRHLQRLS,9441.490825688074
YVYGSFEPYWKL,14691.56880733945
KQVRVRAS,1713.366972477064
DRNVPSPYDL,3325.4908256880735
HRKDKGKDAG,704.5688073394496
EWWLSFAHVA,23073.76605504587
EVHVGLWHDLS,6792.564220183486
KQEEQWVLSG,1790.9174311926606
PASSSGREKLSG,1139.4495412844037
YKWKLQALYHV,8857.142201834862
WAEEAQEWNA,3552.02752293578
APVHQPVLG,1758.2293577981652
KDGSWKVEKHVA,1296.665137614679
YVRFRQENV,4761.394495412844
SNKLGVSHVALS,3084.908256880734
WDNDSEHSFKV,3884.8577981651374
WKWSWHPWVS,18536.995412844037
KRALFLWHV,14246.747706422018
NNLWNFDLG,10133.366972477064
ASFHPHPHDV,3333.669724770642
RKVASKHSRSWK,1076.394495412844
VGQFDQNALKDL,2121.564220183486
RFRFDEKHDA,2614.229357798165
SYLWDPKHDVG,4182.311926605505
LFDHSFVLSG,12446.41743119266
PPLVWLSG,7414.577981651376
EQQSWHALG,2039.4036697247707
PGDAYAQKDLG,1332.2431192660551
LSDYYKALSG,2569.0183486238534
DWFYESG,8908.077981651377
QRFFHVQRKHD,4107.853211009175
YNDQSQKSEWHA,1787.1605504587155
RGVSEGRWNKH,2105.1651376146788
GWNNKQHLS,2340.1330275229357
NYENRDLSG,2200.362385321101
FRHAPQKPWHA,3437.793577981651
FVKYEVAL,12613.344036697248
VVQNLHVS,2663.6743119266057
VKLAKVG,1354.2798165137615
RQKFSYNLG,3085.8073394495414
RVGAVGNKVLG,2359.3394495412845
YEARQRHG,2990.233944954128
ERESKGPKDG,739.3577981651376
HENAPRWKG,2472.766055045872
FFGSNKVALG,3623.0366972477063
RQAQRKVLVLG,5504.032110091744
WAAFGDLG,8687.69266055046
VREAYSFEYV,25793.660550458717
PKRDFRVRVA,2404.243119266055
DLPNEWFPYWNG,9838.399082568807
WVFSLSRNHAL,16029.440366972478
ERWQAQEYNHS,3000.6651376146788
AQPWKRLPKLSG,2172.045871559633
AAEWSPYKDL,3481.178899082569
YWFKFWSPWH,14514.729357798165
NQRLPHGPLSG,3460.091743119266
FWQEKEQWKV,3319.2155963302753
RRNKVRALNHL,2547.2155963302753
KEYSDSFRKHD,1669.5688073394494
QAQHPSWNKDV,1483.6559633027523
LSNPKVQEWKV,1858.2844036697247
EFKKSEKVLG,887.1926605504588
VPVYSVLS,6023.146788990825
PNAYYHDLSYHA,9601.48623853211
GVGLPSG,2008.9954128440368
QLYLEQFEYKDV,12750.036697247706
WKNNQPWHDS,3980.2752293577983
PNWKFYGPKDA,4182.733944954129
QRPWNDRLRNQY,9127.665137614678
YVEDHQNKDV,1334.619266055046
HSEDKHFEG,1189.98623853211
WAPPSGEYNVA,3175.9495412844035
VGEAVGWNDAS,2111.330275229358
GEHYNQWNVS,4459.5
AFFGVLG,10600.91743119266
QDRHRPAWALS,5739.894495412844
KYFSRLSG,3704.0
HEYQDRAG,2081.5
FEPPAGFPRYW,14369.12385321101
FDFHHVRPLG,7034.137614678899
QYQAWSFNS,7771.642201834862
EEDVQSGPWHVA,2420.032110091743
EGDGNANKDVA,733.151376146789
FDENRWSGRDS,3461.348623853211
KDQEHWDDVG,2066.0504587155965
EQVRFPHVALS,3963.394495412844
HQVYYWLSG,17000.29357798165
FQNGHVQFRYWG,17118.142201834864
DWDARFYVLG,26997.380733944956
RPDRLSLSGQK,1838.3256880733945
PLNPREDLS,1607.9954128440368
YWRLGQGKDAS,2386.1926605504586
YENQYLYASG,6361.238532110092
NYSELNSG,1823.6100917431193
RQHPREVL,2066.591743119266
FHENNASEYAL,4280.394495412844
KVNNSKLSG,903.4908256880734
PEFDWKVAG,3198.440366972477
ALKEQRNS,996.559633027523
QANKEWHQNS,1282.7752293577983
AWLWRKG,5901.981651376147
QKKPPLSG,779.7018348623853
LSGGESGYLG,2240.9816513761466
KLEWRWVRYWA,16722.91743119266
SDASSALSG,1244.302752293578
WKFYNLQVLGK,8558.256880733945
WNGFVLFAFEP,46973.28440366973
HKNDPDLSG,1168.3715596330276
NYFHDKSG,1873.4954128440368
RKKNAFEKHDV,765.0183486238532
DSDWVGDG,2138.4587155963304
NFHWFKSG,6215.137614678899
FHKKDVKL,1075.1697247706422
LGRFHVFKDVS,6841.252293577982
WQKSNGQYWNV,6200.371559633028
EGHHEDAG,1037.7522935779816
SYLDDASG,2296.802752293578
NKFDWDLRALS,6445.288990825688
HVWLWHDSND,9341.366972477064
EAQPDESQRH,922.2935779816514
QLVKEKVG,899.7155963302753
AEKYRWLG,4253.316513761468
WELDRNHL,8020.298165137615
WPWFVRNKAG,10399.490825688074
DNLGQLASG,1449.0
EQPFVSEWNSG,2095.2247706422017
RPDNNDVAVAL,2043.4633027522937
PSELSLSENS,1375.545871559633
HPHNPWSG,4043.5091743119265
VESWHRALG,5035.665137614679
FGAWQKLG,4399.48623853211
GFQRSVSG,2957.4770642201834
YFGFVYHASG,6971.183486238532
QQFWEKVAFYL,35803.48165137615
HWYNLESG,5092.876146788991
NWESKAG,1613.197247706422
LYPDFWG,11830.353211009175
LDVRQPVG,2162.146788990826
PKGGPDVRNDL,1530.366972477064
QEREEYASWDA,2240.7477064220184
HEKKEWHG,1329.5045871559632
RWQGESPHSG,1917.3990825688074
EQWQKQPDG,1350.6422018348624
WWHVWKHPWNDL,15785.022935779816
KKAPNSHVALSG,1242.7201834862385
HHDWAFPWHDG,11698.655963302752
FVFGSFRYKDVL,11526.98623853211
PPVDKDVALG,956.9128440366973
DSEDLHDQREAS,890.8211009174312
HGFNYNDVNVG,4197.807339449541
GQGEYWSRASG,3451.408256880734
LGSFANVSG,3159.0229357798166
YPKPEALS,1044.8990825688074
GVRDQHDVLG,2017.1559633027523
DELDHVAG,1816.5
PFEVLQVFYVL,44223.48165137615
NYWEVFEPNDG,6816.623853211009
HDWYQYNG,7030.816513761468
KYASGAQALS,1524.7431192660551
KLRKGKDQRWA,1432.866972477064
VLESEYDWSG,4764.3899082568805
DGDENDQEYL,1438.467889908257
PVFWWVQPYNK,18661.288990825688
PQKWEKLSG,1494.665137614679
GRHGPLRYWNVL,12942.59633027523
LFLDSHVSG,4755.862385321101
KPSLYWG,3991.6146788990827
FRQNALQHWHG,6775.825688073394
VYSRRDSG,2371.288990825688
RGAVAVAG,1692.1559633027523
NKWSDEWHLG,4519.142201834862
FGRANGNKS,1514.6788990825687
WAEPESWALG,5170.779816513761
AHRLHALSG,3213.793577981651
GEGFYHFDASG,6935.678899082569
VAKEAFEPDV,1034.7293577981652
PDGEVELPSG,1343.2155963302753
PNGHGYQFNAS,3896.3256880733943
REPYEYHFHFR,13840.811926605504
LAELEDSG,1186.133027522936
GWQAGKLSG,2772.270642201835
KLDQAFKDVA,1173.894495412844
EAGYKPNRPWHD,4246.839449541284
GAYGNSG,1752.591743119266
KPVPKRNDVG,797.5275229357799
FKYGSFRPKHAG,2761.619266055046
GPLEFRLSG,4983.743119266055
PRRNWLSG,4546.642201834862
FFPVVAPWHA,11431.926605504586
VKPDEAG,799.0137614678899
FWHFPGWDQRHL,14454.133027522936
PHEDLQSFHL,6153.761467889908
FHRPVLYLENHA,12795.302752293577
NQGDYKVASG,1280.4128440366972
HPGVYKG,1582.6009174311926
YKGPPKAGVAG,1180.0275229357799
RHRNSNHLGFYL,13760.711009174312
FWEREPDQRHAL,6583.201834862385
RYWVYGRYNFVA,22438.830275229357
YERVKDLS,2454.261467889908
PQYKKGNKDVG,941.4174311926605
FHWHGYLFHVS,16774.11467889908
YNSVVLSGPYV,17044.215596330276
NYSWAKHDS,2686.4311926605506
DGWYSPVLG,10871.155963302752
PRPDKVGQVAL,1464.7385321100917
SNKQQREG,867.5871559633027
HADRKAQKALG,930.2522935779816
DQVYGQLSG,2067.8853211009173
WRYKEYDFYSG,10474.91743119266
AEHLQQWKHDL,3585.9954128440368
QDARLRPWFPNL,16856.802752293577
YDVFWGAGEKHS,3189.4266055045873
KDEWSFLSWDV,10284.481651376147
FDDLWGWNKDG,4350.8302752293575
HPVGESRYDLG,2260.894495412844
ANSNQDAG,990.3807339449542
REQFQPWNKEYW,7847.045871559633
WKYEAFRYKHDS,3959.591743119266
VQEYVKQRYVA,6001.931192660551
GPDDPDAS,809.3119266055046
PGSVVAG,1470.2339449541284
PNDKFWVQNKVL,3809.0229357798166
SEFRYLYKAG,5960.422018348624
PWSRDFRGNHD,5496.467889908256
FNPNFNGRYKG,4717.188073394495
SLNHAVSG,1688.2522935779816
NDNRNKADAL,1160.032110091743
NWSPLYAG,9027.155963302752
GDQNNDLSG,1153.7706422018348
HGRKSPWNFWA,10411.821100917432
NKSSPHEWVLG,2753.4174311926604
QWSLLRENKA,3512.435779816514
WGYVAYEYKDS,11650.01376146789
WGKWNLQFKDA,5650.128440366972
FEYNNVRLGFK,8265.701834862386
PGQGSFRENVL,2717.532110091743
SWAKENAS,1263.7522935779816
HNWNDDSG,2187.669724770642
NYSDELG,1921.6697247706422
KDKWRYHAG,2431.266055045872
GPVQSEHG,1025.045871559633
RVSGEQSRNHS,1679.3256880733945
YERYVNLG,6692.073394495413
ERVRRHAG,1921.9724770642201
WGYPNLQREVG,5328.940366972477
YSLFYVAGNAL,14333.564220183487
YGDAYNGYDS,4496.6697247706425
FRYERPWKQYNG,5863.51376146789
HAYNFPLQFKH,10294.5
DAHLEDFEVS,1821.5091743119267
YRLWNPDG,5840.165137614679
PFSWELG,9034.573394495414
GWDSQGWHAL,8396.761467889908
DVSKWDRHDS,1740.1926605504586
RHGGFALSNH,4925.848623853211
DQEGDQRPK,899.1697247706422
EQSWNQKHVL,2168.798165137615
PDEWVQFWLED,19363.183486238533
NQVGKVWNHDV,2821.6605504587155
KFRGWHFENHLG,6585.064220183486
PFWLKQNKHDLG,4878.206422018348
HQAVGFKVALG,6619.94495412844
DEPRRNHDV,1444.0183486238532
QAAYDGFRYWD,15054.29357798165
LNKEVPHG,1344.1422018348624
HLAAWKSG,2848.6146788990827
QALHSQHRHL,3833.935779816514
KNHKQNVAL,1171.6788990825687
PQEWAQLRPD,4838.995412844037
EQHDGNHQPHG,1892.0871559633028
NDLYEPVFDVG,7363.142201834862
FGEFWKLVLG,15911.577981651377
RSSSFYG,4869.628440366972
YEYKLSARKDS,1952.302752293578
HLWVKGPHDA,4232.642201834862
HEEKFKHD,1027.2339449541284
VEHAPLGPKDV,1700.366972477064
DKGRHVHSG,1342.8715596330276
SPHHLQYNHD,3228.3440366972477
YLANHGPYHDG,5506.206422018348
HFNVGPVRDALG,4856.711009174312
SSRASSG,1223.4128440366972
PKLDLSHSESG,1186.3256880733945
LQVYLKAS,17920.16513761468
RQWLELFREKV,5969.178899082569
HSVDQDASG,1080.866972477064
EYRKWQFHDA,4977.862385321101
RWYAPNARNVA,5544.95871559633
GQFYYKHQEYKV,5872.362385321101
EWSVEWGFWDG,18563.24770642202
PFKEHVAYS,4380.51376146789
VGGSVLG,1991.197247706422
QEFNPWVWNAL,15887.366972477064
FNYFNHKVSG,3376.123853211009
YDNHHDWNDAS,3237.5183486238534
ALFWGFNGFW,25077.866972477063
LGHVHQEWNS,3316.3715596330276
NVLNNHQFEPDA,2468.0137614678897
EPAFWSHSQRKA,3549.4633027522937
NVAWQRWLYLS,26329.449541284404
WLQRWKLEKHFW,12276.284403669724
EPWLEKDGPKD,1926.6834862385322
HSNPPVLSG,1809.834862385321
WPVGHEPKDVAL,2660.146788990826
YNSAGQGFSG,2960.261467889908
HAFALRKLFWD,13405.38990825688
QWWWGEDSG,5592.284403669725
RHNWDFRYKDVS,4888.5504587155965
HLPVDAYWG,6934.128440366972
DSVSEAFPWVL,7054.825688073394
VVSGLKAG,1650.8073394495414
LEDSVQPWNHV,4675.01376146789
WEWGWRWNDG,15305.908256880733
QGQYYDWKDVA,3907.788990825688
GNWSYHDVL,8889.394495412844
NFLVWSG,16497.29357798165
HVSGNAWDSEA,2187.2201834862385
EKGRPLRWFW,13618.912844036697
SNFANDLG,2821.1559633027523
SLYVHDLSG,6146.614678899083
SGHPNPLSG,2234.9266055045873
GEYGNFEYWN,11828.688073394496
KYEYRELSG,2075.8715596330276
WGELRERHAS,3756.178899082569
PARLLPWNVG,7651.1100917431195
AWGAVALSG,4768.807339449541
NKLPYASEALY,4386.922018348624
SPQADLG,992.7660550458716
WPGWNNDSG,4281.032110091744
HRYLRARLG,6034.256880733945
EEVWNPNKL,2107.1743119266057
GEYPPLSG,2981.0412844036696
PLKNVSKHDAS,1144.619266055046
SQSRDAWNKDS,1213.3577981651376
GNVDADVASG,974.5275229357799
QLPSWDGKHDL,3079.422018348624
LDLKLHVSG,3531.0688073394494
HDFEWQGFNH,8703.155963302752
RHWKGPNDLQPY,6011.298165137615
LWRKPNVLSG,4197.183486238532
AQKVASEPFEA,929.394495412844
RQAWWVAG,7704.105504587156
LREKKSFPYWKG,2528.293577981651
ESVFSQEPWDSG,2811.045871559633
ENWKESNVAG,1236.1284403669724
GVHVKHLG,2761.816513761468
KDASGHLDSYK,1406.0688073394494
YLNFFDLG,7782.334862385321
WKVGRYPKHFWN,9676.56880733945
EVFFGQRPWDS,12142.56880733945
RHPGFPLEYWD,14360.02752293578
WKVDDFNHLS,4228.5091743119265
YNSQYSQEEYH,3025.637614678899
GVGNPHSG,1747.440366972477
DGNKQGRYG,1787.51376146789
WVYPQEPYNKS,4313.844036697248
LQGGRHALS,2775.756880733945
GFYGWGQPWVAL,26811.422018348625
FGKGENFHSG,2265.0366972477063
YKNKLHFRALS,4094.922018348624
LFRPQWHFREVA,8629.477064220184
SQYLRDQEHAS,2144.238532110092
GFWRAGYWNVS,13805.247706422018
NESSWHLSG,3498.5
QGLFDFKHV,5013.082568807339
GNHPGRYKHD,2491.435779816514
VDEDFEKHDALG,1359.5963302752293
FEEALQEGPH,1849.7522935779816
NVDGNDYHD,2587.876146788991
GEDAPVQVG,1151.9449541284403
RAVYPYWNHG,8447.490825688074
VLKSSGFPWNH,5538.0091743119265
SGRHQDLFYWS,14319.88990825688
DSPREAWHALG,2267.146788990826
HFLQDNKHALG,2873.454128440367
YHWHNDRPA,3696.8073394495414
NPFRDNVSG,2025.1788990825687
YRQGVSG,2460.211009174312
YGALFRQYDL,11969.064220183487
PHEDDVGFEYN,3855.229357798165
RSGNVYDFRHS,5273.619266055046
QHWHQWQPYNS,9049.238532110092
ELVHYSG,3435.394495412844
NRQHFELG,3448.770642201835
VPKSYLQHVA,1762.1422018348624
PGLNPYNKVG,2827.605504587156
RAVPWSFPYLS,20230.06880733945
WKDHYKVNKHVS,2311.5550458715597
VDPWDRG,3374.770642201835
AYLEAGDASG,1459.0963302752293
VKADLKSG,776.683486238532
HPNKEDLGQWDG,1917.967889908257
DYYHSEALG,3164.1100917431195
WLPSSGRWNS,6896.197247706422
AGVEHRPYHG,2861.7477064220184
NKASLFYHFKH,5690.215596330275
RFYNPYDGND,5806.802752293578
KAGASFQPWKA,2613.422018348624
GEDGHGYWNKD,2652.697247706422
HQKLQNLGEYNL,3601.362385321101
ERKKPHAG,840.1009174311927
AWVKHDNVLSG,2913.1880733944954
FKQDKLGQENK,883.9311926605504
KWNRSPWNDLS,4487.568807339449
HERNDHVS,1761.7477064220184
ARYDELQREWH,4695.51376146789
VYGWAPALS,8130.087155963302
FDPFVQFEHD,6726.302752293578
QQYNPQNKDG,1303.7293577981652
WLANLDSG,4840.270642201835
AGYGWNGWDG,9275.550458715596
WNGRSQFGEWNH,7845.188073394495
FKFVWDAQEHVS,4126.940366972477
YYLWYHDLSG,6589.701834862385
ADQALWALG,5219.995412844037
NYREKLNKDA,1316.2614678899083
NEPHAGPWLEPK,2824.770642201835
NNGEVWNLSG,2552.408256880734
PRWVSWVRPNAS,7055.045871559633
SDGKSWVLS,3410.4174311926604
WQENFWGFYH,20314.61467889908
PVEPEFPKLS,1598.7247706422017
VWDPFYSG,14325.275229357798
SWVPSNLSG,3424.5825688073396
EGGYLQALS,2633.9770642201834
KPYNLSWALSFY,22080.88532110092
GVQLDALSG,2384.8073394495414
RQQWHQDG,2538.0045871559632
AGDHKHLSG,1272.2568807339449
YGHWYWLG,14340.032110091743
PHKYKVREKDA,890.2201834862385
DAAVYNKHD,1276.105504587156
KKQAQFNDVA,917.3807339449542
EHYRALSPHAG,3013.848623853211
AKPYDYSG,2272.788990825688
YYNWHYWKLS,7416.307339449541
RVEHPNSEYKV,2488.97247706422
QPAQRNSHLPK,1664.1146788990825
ALGVNKDVQYNH,2489.4770642201834
LEKQWPYWHA,10674.20642201835
YPLAALS,3175.422018348624
QHPHKLGWVA,3556.2477064220184
SKHWDWVG,5777.981651376147
PLNKVSNDQNKH,1124.4770642201836
KSAPGHAG,987.1238532110092
RWQEKAENLQL,2698.802752293578
YPGEHQNKHVSG,1421.2064220183486
FSRRQWNKVLG,4436.857798165138
FAAGAGVG,2028.4770642201836
KLDGNDFYNKVS,2177.123853211009
SRQNPWLG,6324.087155963302
LWVRRSG,6718.174311926606
YYPAVLG,5485.04128440367
QAGAALEPYKDV,1569.4174311926606
SNDPHQNHDAS,1278.6834862385322
QDVSAGKSEKDV,589.4036697247707
QSEEVGFRPHAL,2948.798165137615
APPAFVS,2728.3899082568805
WLRFQFREYNH,17353.73394495413
DVVQQWAS,2735.270642201835
WFDVKAWVSG,9087.105504587156
EHRANFRLS,4144.114678899083
YSLHYNG,4318.839449541284
WEPYKYGQWH,11930.940366972478
FWEAQRASFNL,12455.853211009175
EPGGEWNRDLG,2141.330275229358
VYAWRPDSG,4298.399082568807
DQHNENLSG,1069.6284403669724
AGSSVLSG,1330.2935779816514
WDHEYLEWLS,12125.160550458715
HSSQAQHDSG,1134.7935779816514
ERLSPVNKVSG,1241.3394495412845
KRWDHSEPHVSG,2057.3348623853212
RVQHGYVSGPA,3355.967889908257
KVWDLKEWKHL,3438.2201834862385
WAREEAQFKHG,3953.706422018349
ASVAYGRNVG,2961.8990825688074
AALNHRKG,1362.880733944954
ELRKQKQRPWS,2589.3073394495414
GKQNSPAG,908.7018348623853
ASNLRAWNS,3717.7477064220184
WWARHNKS,3826.711009174312
YPLRFKVALG,14955.362385321101
WKAHNGFRNASG,3217.0504587155965
GFNDSNNVASG,1550.5504587155963
WPDEKRNLG,1903.4128440366972
WEDKLKDL,2626.935779816514
HQNFWQFRP,10215.105504587156
HHSRAGESG,1111.48623853211
RFKRYHANS,2914.348623853211
FQDLNFHDSG,4312.798165137615
ELNDPYGKHDV,1734.6100917431193
PNEAVARKHDG,1284.045871559633
ELSHGQFFEWH,10478.899082568807
FPEQFPSDG,4890.422018348624
VGAQQWVALS,4399.623853211009
YAWHKFEPKG,2671.5366972477063
VENWAFKHL,8132.463302752293
YWSGGQPYLQK,6582.862385321101
QHAGRQNAGFWV,10301.98623853211
EAHHAPVAL,2302.770642201835
FLKLSPVSDVG,3918.7844036697247
GFPWKFASWNAS,8769.798165137614
WSNHSGWHDAFP,11368.58256880734
RANHNSEKAS,903.5366972477065
HDKHDEHGNL,1202.032110091743
GWRHPNLSG,4444.600917431193
DAKPLEDASG,721.9128440366973
NGYEGEWKHLS,2916.4311926605506
HNLWNRWG,9958.788990825688
HDQYWGKHLGHS,4123.394495412844
YPHGPASNKHA,1615.7752293577983
QGWKPNKYAL,4382.004587155963
RDYAPALWVAG,9083.032110091743
KSVHLPDLS,1561.3577981651376
QGEPQVSEYNDA,1240.5091743119267
RADSLGEWNKL,2132.8073394495414
EVQFESWSFNHV,17860.628440366974
YYHSWQNSG,3975.619266055046
KSRQNSWDVA,1899.0825688073394
AHVNDKLSG,1035.5366972477063
GWAQSKVALS,3078.123853211009
WNPQELQWSG,4338.935779816514
QGNLNLEYHVG,4639.022935779816
YFGQGQYDSG,2895.545871559633
LNKERALG,1343.7706422018348
YSFNFYGWHSG,8838.454128440368
HKSRSELG,1047.5229357798164
RVAWWKDSQHL,5528.178899082569
YKQVWSQFWS,13709.550458715596
RNAVVASYHDA,4047.1651376146788
VALQSVLSRN,4333.743119266055
RNVYALSDLFD,13811.045871559632
VYDKVAKHD,1297.8623853211009
PVSAPDVGQRP,1422.7064220183486
HVLNEVPKDVS,1228.3394495412845
KKHHHAG,1149.5045871559632
GDAYHFDG,4087.6880733944954
DVVARLPYHS,7110.183486238532
LFAQPFRPYSG,9372.353211009175
RELRVAPGYNVG,3982.0229357798166
DEHRRDAS,1249.045871559633
WLRYDKLQFNH,8522.022935779816
VAYPSHDAL,3408.5412844036696
HQQLKHLG,1885.01376146789
EQAHPWG,2689.3990825688074
GRNPHGYWKHA,4501.95871559633
NYRSGLSG,3178.912844036697
ESDYDAQREWL,2849.6743119266057
QVRPGRSEWKH,1958.0412844036698
YQWVHGQNASG,2897.6880733944954
HAALWQPWG,12035.48623853211
LYGEWAWLSG,11671.325688073395
YLGRDFNEPKLG,3196.0550458715597
AVALDLKHDLS,2631.1100917431195
SFNALQVNVA,4335.3302752293575
EFYDSLWHLS,10553.41743119266
LFPGDLFRNKVS,3635.6926605504586
NDKHRPDRNDVG,1392.6743119266055
HKQYVENAG,1254.9954128440368
DSLAVLG,2112.7752293577983
WGEQRVLNVG,7113.412844036698
YERRVLG,4747.422018348624
NYAYRKLSG,4262.766055045871
NKGWKLSFQYNV,12809.912844036697
WYNDNLFWH,18058.128440366974
QFYEDFNVENS,4564.788990825688
EKSQYSRHDPW,4106.90366972477
GVAARAG,1581.7522935779816
QGGHNSG,1201.073394495413
NRFRADG,3374.178899082569
KNSVRKDAL,978.7614678899082
VLPNLEPNFRPD,3680.8440366972477
LGYAQGFEPSG,3146.3394495412845
RGRKYSEPDLG,1542.3302752293578
SEPREKPWVS,1785.9357798165138
APAWAFHLSG,6648.770642201835
NYNDDGYNKL,3121.5412844036696
SWSRLNAG,4273.0091743119265
SFKVHDQNVS,1740.165137614679
FPDNHVQLGQP,3181.9174311926604
HHADESG,1003.1605504587156
RGLHGDLSG,2240.935779816514
VPLAHALSG,2220.091743119266
SWNQVFYDVL,23338.389908256882
NHVREGNDVSKS,1625.3853211009175
NYSEKYSG,1739.834862385321
ANGVEYSG,1743.2981651376147
AFVFAQHSG,7157.027522935779
EKHKENVFYK,1425.348623853211
LYNYAEVG,3577.701834862385
DSHQNPWKDAL,2006.032110091743
WQPVLPFPNHG,6733.270642201835
HRSRLPSG,2757.316513761468
VGWHYNEWVA,11662.09633027523
AEWYARDLG,7836.197247706422
KLRRREYWNVS,3708.6651376146788
HFDDARVALG,4310.926605504587
VLVQRGEPVL,3821.3348623853212
PNRYQFHSRD,5898.779816513761
RWWLFAQFPDV,28891.160550458717
LEYFDYNKHSG,3128.348623853211
QNVHWVALALG,17888.724770642202
EYWREKFVSFKD,10741.839449541285
LGVWHLKHDS,4301.9908256880735
DKSLVAG,891.0137614678899
LNQHSKVALSG,1853.6146788990825
AVRNVNG,1873.9816513761468
WFGNFPASG,6627.137614678899
SQHYREAG,1692.6926605504586
FDQKVGGFNA,2540.0688073394494
WHVYAQEVKLSG,5046.527522935779
GWENFYG,11575.646788990825
AQNWREDVALG,2714.8990825688074
SGHFPGQRVA,3105.729357798165
RDNDPRENKHLS,1261.605504587156
VPAQLEALSG,1164.1284403669724
WAQGVEWNHDA,4147.899082568807
HQGPYNWSG,5779.298165137615
HYDNYLSG,3661.440366972477
SFDVRWEPWKG,8465.077981651377
FGKWRPSG,3499.9633027522937
HSSSVLSG,1723.848623853211
VSYDNFPNG,3093.087155963303
RWAQDQFDVHD,5354.582568807339
LQESPYLGEWV,9160.362385321101
KSGASRYLFPW,10569.93119266055
LWRHRVS,5554.082568807339
SGDKEWVALS,1815.7431192660551
SALYWRHG,8030.655963302752
ESKEAFREKA,723.7201834862385
NKHESKDLYDS,1083.954128440367
WKWFKVWNKVA,5657.981651376147
DEHDDQREWNA,1858.8990825688074
RPGARVEYVAS,4447.224770642202
EKEEWKLWL,3918.5733944954127
KRDVDSFDLS,1748.3165137614678
VGDEVWDG,2340.743119266055
VGLRGQKAG,1465.7844036697247
SNRRVLG,2895.1743119266057
GRARNFNLG,3974.8715596330276
NWKEQVAG,1626.573394495413
NSLSLEWVG,7095.825688073394
REGAARWKHLSG,2363.4449541284403
LSQQPAGLS,1428.7706422018348
EDVGGFEVGHS,1916.7339449541284
YGKAQVQNG,1354.7339449541284
SYSPFRSG,4546.857798165138
ANYNDNG,1702.8394495412845
PLHPRWLS,11200.454128440368
ANDYQHVS,1791.3165137614678
YRGNRWVALS,9151.362385321101
WAPYWVHLYWD,31711.633027522937
SPYDRAQYNKH,2559.197247706422
GPYKFNGEPYWG,7654.119266055046
LDRDLRVLS,6162.931192660551
FDNYQPKHDSG,1910.605504587156
DLKQKLPKHVS,1210.4770642201836
YSDGYKFWG,7757.440366972477
VSYLDVRKVA,4492.788990825688
PYSDFDQYNHDV,5205.766055045871
PEWHRQFSG,7140.880733944954
AASGYEKVSG,1118.3990825688074
GPDDFNSG,1238.605504587156
DHHSRHDALG,2018.1146788990825
YRHEVEVLSG,3037.770642201835
DRNDELVAG,1276.426605504587
RQNAWARPYLSG,8362.637614678899
RLNFDGYWKV,9915.211009174312
PFFDVHAG,7754.701834862385
WYAWAKDVL,8892.215596330276
VFLPVEPSG,3654.6422018348626
DDVDAPLSG,1036.8073394495414
NKDSVWNGPG,1590.7385321100917
FVNEGRKAS,1451.4770642201836
NRKWVSKDAL,2320.97247706422
VQKAYVSGVG,2346.6651376146788
QPDEDVNHVYWL,15838.733944954129
SHVESLSG,1429.0871559633028
LQKVWFEYWKDS,7760.01376146789
SWSPPYAL,12625.477064220184
ENRPALLEVL,3407.862385321101
SVSRGVSG,1706.5183486238532
ESWAWNSQWSG,6502.481651376147
ARQYNKAYL,3723.2155963302753
SLQKQFREPK,1478.1559633027523
WVVGVAQKHVL,8648.06880733945
NEQKHKVLSG,1173.426605504587
ELQQYKDPVAG,1187.6559633027523
RDYVVRWDASG,6559.853211009175
PVDSGYLYNHG,5269.761467889908
SPQGFASG,1607.197247706422
SFVFWDQNAG,8296.839449541285
LELFGQFG,9809.330275229358
EKPVFVAQRPYS,4314.229357798165
REEHHVREKG,1039.0366972477063
QWYDPWEKSG,5919.238532110092
FYPLFHSYKVLG,11173.770642201835
AYKYHFEYWDAS,8385.137614678899
YQNLSSQWVLS,10269.270642201835
LKSNGHG,1557.2018348623853
FNSSALYNAG,3086.7522935779816
ELVEQEVG,1082.51376146789
FGPEYFWHDV,9250.963302752294
VYPYYDSG,5888.233944954129
DFFFHSG,8233.69266055046
RDHFGQPYNL,7957.59633027523
NVDFHLQNKAS,2033.105504587156
AHDRQWALSG,3604.422018348624
KNNHVPSG,1254.165137614679
NLSQLSWHWNS,9907.325688073395
RGDKFPAG,1348.8394495412845
RHHRALWNDVG,4283.857798165138
WRDSLNSG,3289.6330275229357
DSVYYWG,11349.729357798165
ARPEKLYKDSG,974.9266055045872
KWKRVWKHDVA,2012.7155963302753
DLRSPWRPSG,4798.733944954129
FLKHFERDVA,2929.362385321101
LSHHAHAG,1907.605504587156
EHGLREYSALG,2993.756880733945
EWVVKRPWNKG,4775.142201834862
PFFSHLG,12131.743119266055
ELYSNDYNKDG,2048.1146788990827
LHDFEHHG,2543.605504587156
PWYYFHDG,17713.688073394496
VLAWQNVLG,6985.261467889908
GFYDEDQRKG,1964.8990825688074
EDLLEHDGPYD,2637.3440366972477
PAHAGSQVLG,1830.9495412844037
GHHEASG,1224.2201834862385
YSYFYVEDG,19598.61467889908
FEVHLQWWKASG,8489.88990825688
ELVHQKSG,1118.7339449541284
VQFYSKGRWVL,15299.41743119266
NQNAQDVSRPNH,1742.940366972477
RQRKYVWKDLG,2272.912844036697
EPWASHQVFAS,7099.4495412844035
RKDKDQDYKHD,814.4357798165138
LQFLASFEPH,17371.032110091743
QYDAWENHVWHA,8397.477064220184
PKYQDVQEPWA,2733.940366972477
VFSPVFVLG,33568.34403669725
GDGQGFKVAL,4854.44495412844
FSHGFYAGRPWD,16119.357798165138
LEFPQRHL,6172.623853211009
LHLFEWAPNKD,5381.408256880734
SNYNPNDLG,2341.4816513761466
HVPDVFRESFHA,4159.463302752293
GRQEAWHDVG,2184.408256880734
QLYEREALS,2426.1146788990827
ANDYYDG,3310.2201834862385
ERWEDLYWND,8028.899082568807
GHAEWYWNHDL,9344.04128440367
GYDGSEWNVLG,4536.504587155963
KAEYGWVGYDG,7741.95871559633
YSKGWKKDVL,2038.7798165137615
SPASGANKVL,956.9724770642201
HESPREVG,1383.5688073394494
SQFNQPWQYHDL,12949.19266055046
EDKQFVFNDS,2110.908256880734
HAPHAYHRHVG,3745.123853211009
PHKHDGSFLSG,2914.1330275229357
QWHWFYLQYS,17372.623853211007
VHNDFENKHLS,2067.821100917431
HWEWFNASG,9306.275229357798
RFDRGESG,1753.8165137614678
PKYWPSREYH,6010.963302752293
QYKGDLDLFEW,6452.876146788991
NFFHGLSG,5374.178899082569
KPGDGALG,956.743119266055
QEQKQKDFYWDS,1746.454128440367
EDHRLYNKDVG,1473.440366972477
YAKQNPKHG,1432.51376146789
PGASGYLRNV,5068.4495412844035
RWDGAQEHQRS,2199.169724770642
RSDKWDSG,1514.619266055046
YHLKNSGFEWHD,6589.587155963302
QRELHVAYQYH,10231.266055045871
QEYRKSRNVHD,2229.605504587156
QGWNVEALYHD,8010.412844036698
YAGLFRLEVALS,32645.559633027522
KWVQWGKLS,5029.077981651376
VAYNREAQFLS,5763.683486238532
GSDLQFWHLS,9567.238532110092
FYQFHWAGNV,9137.261467889908
NDGNKGAPYWN,3318.4954128440368
GYKNVPLG,2350.059633027523
GQRVYVNKASG,3014.816513761468
YFAQPWKPVSG,4622.977064220184
VYPSPKDVS,1492.6926605504586
NSGGGFPAS,1765.7614678899083
RVQRVFEHQFW,16508.06880733945
WNLLQEAFNKS,6190.6100917431195
VSVLPKDVPYK,2330.738532110092
QNLWVARGFWNS,17671.5
QSDASFLQNK,1773.4357798165138
RNDRESYSWG,5119.045871559633
PEAEEVLG,1040.0504587155963
VDLLSDAG,1869.4495412844037
YWGYRPQWKVL,12935.47247706422
HLGPDFKENDAL,1667.0
PVPRVFNHL,5680.366972477064
RANPPNASG,1517.8623853211009
AYGLQWVALS,14428.426605504586
DWHNSWVAL,11870.467889908257
DPQEQKDVG,718.683486238532
QPKDLDLHAQH,1610.5183486238532
ELWEAFRNKDS,2477.9816513761466
AQRDNHAKALG,1209.6146788990825
HKRPFHDLS,3264.5091743119265
WVDVWKNKVG,3924.4633027522937
DYNFNPHVS,3936.912844036697
RQQYSEAL,2341.3256880733943
WKPEQFWKHG,3132.587155963303
WPNHDVHFPHA,5989.311926605505
YYSLEWG,7865.866972477064
PDNYDSFVALS,8135.619266055046
LEGDPASG,1195.2385321100917
PGKLYNDAREDV,1368.2477064220184
VDWNQREWDS,3905.2844036697247
ERDFKWNHDLS,2255.8715596330276
REGEQFRNLNHA,2885.266055045872
QWKEYKVRGWDV,6271.353211009175
RAQKALYLQRDA,3888.821100917431
SFNPKEYNKV,1773.3211009174313
YSQSAGQNKHD,1218.8990825688074
RKPHFHVSQDVA,1774.2660550458716
LPGASDSG,964.0229357798165
GPYDSPSQENLG,1474.3256880733945
RRQYPKLS,1774.5871559633028
GRQDEALSG,1008.9311926605504
QNVYEWDEKH,2822.5688073394494
RQKLGKDSAS,754.9311926605504
NSYLDLRYKHG,5408.463302752293
EAAHFYDAL,4213.825688073394
YKEWVFSFNKS,11102.105504587156
FGADWNKDA,1807.9816513761468
KHVDEYWHPNS,3108.0229357798166
VWWKAQRG,3864.091743119266
YPKRSYHDVS,2160.564220183486
KQLHRHVS,2006.894495412844
RYVKFLSFKAL,18692.591743119265
VLAAHSG,2035.7385321100917
WRKSEHFAG,3271.02752293578
VDALRQKSG,1446.605504587156
FNVFSGEAEYNS,4137.0
LWSGHRHDVLS,5666.353211009175
AAPSFASG,1782.8853211009175
PYESLEPYVS,8301.908256880733
DLSVVYKDLSG,7436.206422018348
KEYDLYLWHDS,8373.683486238531
VEAKDWKHVS,1497.9220183486239
VYAWPNASG,3649.798165137615
EGEWDSEDAYH,2563.105504587156
SGWNSNQYDA,3722.197247706422
NWHVFWFRHG,17059.389908256882
PNAYLRHDNKA,2398.6743119266057
RLNYWNSKLS,5309.94495412844
DQKWPYG,3646.646788990826
RLYVLVYHDL,28275.389908256882
SAYNNASG,1845.8899082568807
GYFYWQWNHG,11717.665137614678
KPLPQNDSG,860.0275229357799
PDKQDGFPYNVA,2270.3990825688074
SDGKYKG,1186.6376146788991
AKSEWPAG,1309.3853211009175
EDQHSNRYVG,1991.3440366972477
SYAWSEHG,3901.408256880734
ENDKGFVEYDLG,3408.206422018349
WEAFFPNSG,9685.12385321101
GPSNEYAG,1473.2018348623853
LNFEQENKHVS,1743.7477064220184
WAVFPDSPYHAG,12157.536697247706
HANAPHFWNVAS,5390.495412844037
LAELYSG,3644.151376146789
QQHPYLHAS,4659.155963302752
QALNHFHQREPA,2402.1926605504586
FFNDHYNKDG,2546.8394495412845
PRENYQHVAL,5334.697247706422
RPLWNHGEHEPW,6611.04128440367
QWDNNSFRPNKD,2690.362385321101
DLGWEPNENKHV,2445.908256880734
HPYDGDGYNA,3539.766055045872
FDGLSREFREHL,5619.573394495413
WNYGWLQHSG,8152.495412844037
DWLEPSKVASG,2442.7752293577983
DYLYLWLS,26893.04128440367
KHNHDWLYWNG,8331.018348623853
FRGHNVSEHLG,2998.5733944954127
SLGQRDHG,1956.6467889908256
ERRQWKHDG,1914.9357798165138
GYDALHYDVG,5273.422018348624
HDHADQWKDSG,1532.1467889908256
VPAHLQHSG,1869.4220183486239
YNRAVGFWSG,10927.715596330276
QAYYFWNKHVG,7061.701834862385
EKSNRDVLWN,2067.9174311926604
EAAHRPDASG,999.5045871559633
YVLDSPGEDS,1536.1146788990825
QPDVSDPYRVAS,2449.243119266055
KDQQKASFHG,1277.426605504587
HVAKVSWNVQDG,2922.0229357798166
KWEPNGEPL,1600.1743119266055
DEANEKVG,673.2155963302753
KDELDLFEPVS,1700.0229357798164
NRPGYDAQWKH,3152.1330275229357
RFRENLRNRYK,2629.8669724770643
DYPWNPSG,3792.045871559633
PAEGFYNSNAL,5713.752293577982
QAYQEPYYHVL,11871.756880733945
VQVNKRNDAS,1102.197247706422
WQVAAPYKHAL,7713.880733944954
LQSWPKALSG,3323.912844036697
QRYFWNAVSGYD,13720.133027522936
QGFHAQKSEVL,1654.9770642201836
RFQRRDG,3279.5963302752293
DWLERPSG,2824.922018348624
VDEHSESG,943.1284403669724
PQPRDYNHA,1844.073394495413
KHVSGFAFGYKV,13785.720183486239
LSHVRFWNKHV,6879.614678899083
GPSKKAG,773.3211009174312
NHFFQEYWNHV,12031.197247706423
VENSGVSWKD,2463.4908256880735
FAYVDQFPNV,8471.688073394496
NALPWPNQYWK,9916.050458715596
LLQYAEPYKHVL,8283.022935779816
NYAHKVAG,2011.7660550458716
ALHSAQFNKVAL,4268.651376146789
KFGHNDSG,1536.7706422018348
KYEALNG,1237.380733944954
NFLDGKG,2501.683486238532
VALSFDFEWGEP,16843.0871559633
NGKSQWSKDG,1457.8394495412845
WWFLNASG,9926.073394495414
FGHGRQWAG,5488.94495412844
PQGPFRDSG,2346.6651376146788
WHRVVALGWD,23450.22018348624
DGKALYSEWND,3734.0183486238534
PADWEPHASG,2454.669724770642
KDALEHSAFRNL,3730.922018348624
HQYEHQFEP,3105.270642201835
DKNGNSG,858.1100917431193
YRFYVWVLSG,29667.133027522937
PSSVEVG,1269.633027522936
SFWNHSDQRYLS,9373.435779816513
FPRSKQENDVS,1231.0366972477063
KYYGRSG,2369.4449541284403
VYHKEWSG,2767.876146788991
QRPNPGFYQNA,4417.376146788991
KGNPDSQREWD,1944.6467889908256
FGDVSWWVLS,21065.816513761467
VPAGKYDG,1332.8577981651376
LPQFKWAG,4146.926605504587
SPDRAKVG,904.4908256880734
HHFAHVS,3919.376146788991
KHHRNKQFD,1606.7431192660551
PLAPGFEPWV,10437.885321100917
DEDGVQKAS,809.6192660550458
YWHEHDGGFNKS,3871.591743119266
QFKVQDSLRPS,1828.5091743119267
AYNGLEHG,1906.0963302752293
KKGAEDALSG,698.8440366972477
YVFAYHLSGRHL,13318.270642201835
RPWVDRYSPNDA,6739.426605504587
NHWPLENKA,2448.8348623853212
RVEVAFFRYAS,31050.646788990827
ERYDEEPYWK,3420.467889908257
PPHPFELS,3094.683486238532
APYVYQKVLSG,4700.197247706422
VGPNVSLREWV,5072.761467889908
NEQLRDL,2485.954128440367
PQAPDQPG,1126.6788990825687
EDAWFDAKDV,2696.8256880733943
ELRFEHPAG,2732.5366972477063
DGGLPDG,1454.788990825688
NSFPAHDVKDA,1297.045871559633
QNPNHAGRLYW,11284.922018348623
DNFYVWNKSG,4635.981651376147
FFYKNLEWNA,4172.926605504587
YFEPKHNSQKV,1492.366972477064
RWQEPPYKYNKH,3887.4954128440368
WSEQFLDVG,10397.178899082568
QFQESRSQPVAG,2364.97247706422
QFKRRVSRDALG,2386.1743119266057
AWNRFRPKD,2802.1926605504586
KKHPYEPHG,1621.7477064220184
RAEFWNLEYKA,7150.247706422018
VRLAFDLS,15339.288990825688
EAYRRNHDL,3277.6009174311926
VSSKLHVLSG,2512.8440366972477
YNEWWNEYKL,10871.481651376147
DNNHFNHALG,3049.793577981651
YKRLPHENVLS,2698.697247706422
QAYESRPWNAS,2978.4908256880735
EVKPREKASG,649.0825688073395
SQVNEALSG,1402.802752293578
LFHLGNLGHDL,7990.646788990825
DGNQRQPWD,4112.706422018348
ASDPQFYWNKHD,2985.3119266055046
VENYARYWKG,5087.036697247707
APYQHGPKHD,1617.0504587155963
EWKHPHVELQYV,6325.839449541284
NYNFEWQALS,8811.844036697248
HEVQQDSG,1123.2752293577983
PVWLRWSVAS,17888.92660550459
YNHLYGRYGDVA,6712.100917431193
RKYNPKEPYKA,1080.6146788990825
SNQGNHG,1379.0091743119267
ENKPQDAFRWKV,1788.8761467889908
WFKAYDQYWK,6479.518348623853
VLVHDFVALS,17079.018348623853
SRFQFLSG,8754.724770642202
DHFHQLSG,2700.5137614678897
YGELRPSLSG,4002.711009174312
DNLFFWLSG,19667.802752293577
HPVPLPVG,2082.2477064220184
ANDLEARLG,1505.1605504587155
SDFEAVG,1697.7431192660551
FWNELGRNFHL,12561.362385321101
PVLPRYGLSG,5563.302752293578
PNEQSFPWNKH,2856.862385321101
QEDARVLKALQK,1326.573394495413
VHQNKYWDAG,2872.151376146789
ASFFDVGRDL,7916.926605504587
FNYKSWDWKHDV,4534.766055045871
KSYYPNDVASG,1753.7247706422017
DGSNDQDLSG,1068.0504587155963
RDNFWKAFVLG,11989.036697247706
YAYRNREPHLG,4356.816513761468
FGDWQHDG,4159.183486238532
VEAGNLVLS,4296.981651376147
WVVWHAFYWN,24690.435779816515
FGVEGYALS,5911.01376146789
EFVEQVAG,1596.197247706422
DGHVKRWDVLS,3766.376146788991
KGALLGKHDS,1087.2064220183486
VSSKDELG,682.6651376146789
DGNVDQWNKD,1386.4311926605506
PHYHEAYWHDAS,5560.724770642202
LFEKSGYRYDA,4864.756880733945
KDSAASGKHDG,744.7339449541284
PANEWHWVS,6441.967889908256
KAHKHSALS,1155.591743119266
FKGPNPYWPND,5745.022935779816
QVKPLRWNVAG,3198.967889908257
VFPYPLEWNVG,9103.678899082568
RERNKAFGREWH,3431.967889908257
WRAWGLSG,8816.853211009175
VLFDDGRWL,14973.284403669724
NKHKHARPGEY,1913.1743119266055
LVNAQWDALG,4769.059633027523
FVARNELREYA,4608.821100917431
DWFRWHRYAS,10422.981651376147
SWRKYNHDL,4607.940366972477
WWWLASG,14222.077981651377
PKRFEEDSG,1077.9449541284403
YWDEDALVLGED,5770.90366972477
RRFFYVLSG,21387.064220183485
SRFEYHPG,4411.931192660551
HDQLGRKQNKH,1307.408256880734
YARNLPNRHLG,5262.977064220184
WQKNEYAG,2566.151376146789
DQAGPEPVG,859.2477064220184
KGRRKVSESG,657.1100917431193
PDYRDLNALS,3517.6100917431195
YLVEPQWKSG,3596.8256880733943
VPSGWRWDL,9880.79357798165
YFNLKLNVLS,9654.284403669724
EKKFNDFEKHL,1174.5871559633028
RFSRALNHVAG,4025.1651376146788
DEPKNSRPYDL,1579.3990825688074
SPPQEASG,793.8853211009174
AKHLWNYHD,5746.454128440367
KSEPRAFYDVA,2634.298165137615
DWGVEHSG,2335.701834862385
EEAKANLSG,811.6651376146789
YPFEHWLS,9504.935779816513
RGFRKWQNSG,2671.577981651376
VRFENRLG,4358.353211009175
PHVWKLSAQRDA,3485.2522935779816
SWHRYGPNHV,6667.454128440367
LFWWPWVALG,21841.174311926607
DGALQSESG,1205.1100917431193
NWRHHLS,6470.504587155963
VLVFVSNHAL,35235.48623853211
KRKNHAYKHV,1363.2706422018348
YNHHEPWKWDL,9165.669724770642
KSVRPKHFH,2233.5
HAAHHDLSG,1969.0275229357799
QWFWYNDAFRNH,13421.95871559633
PYRESWHGVA,6415.793577981652
ALPYARSQEVS,1899.1100917431193
GPHFEEWSG,3238.7247706422017
FNDVKDAKLFKH,1777.408256880734
AKEQASG,813.394495412844
EFGFARYWHAL,17330.41743119266
KFWPRPDG,4341.6100917431195
GKWSFVSG,4974.495412844037
QREFKHNVQFRY,8636.90366972477
QNQYRYKQKLG,2332.7155963302753
RFGWARHLSG,7791.5
KFGYLPYHV,9483.926605504586
GEAAFNHG,2487.1009174311926
KQSELDVG,788.2981651376147
YSVYSQWVA,9171.0
GEFGKHAL,3165.1422018348626
LHSFGPKDVSG,2262.5504587155965
WKGHQVLQWKAL,6915.45871559633
ERWVFGYKAL,14266.922018348623
GWQSEHS,2271.559633027523
KAHKYHDVAL,1856.7614678899083
VDYNPDSG,1717.8899082568807
NFWDHLPKSG,4023.5
RHALSELKAPN,2158.9862385321103
RDDDGPHDV,1696.8440366972477
EEYNLLPNAS,2135.830275229358
QSDDSEKVLSG,812.6100917431193
QYLKYKQWNHD,3932.5963302752293
AELWQFKHAS,4810.233944954129
LEKRYQWVG,6082.5091743119265
YLFWHPGQRYKL,9578.839449541285
PHLRAGWFHDLG,13760.756880733945
HQWKSEAYWNS,4244.380733944954
WGGDEDSG,1693.866972477064
PKVELQRDAH,1625.334862385321
QKVHQEWRYG,4401.229357798165
ELGPSYNVQYNV,4554.288990825688
KLGRWLNVNHS,5205.724770642202
KSNRYGDAS,1371.7064220183486
GKKVKSG,614.7889908256881
DDGNWSG,2424.651376146789
PEEAHDG,1071.954128440367
HDSYGREGRPKH,1970.3532110091744
YRSYSNDVAS,2767.5412844036696
QKSHHALVG,1813.105504587156
GGPAQPHAS,1448.3577981651376
YENDPRPWNKA,2906.0825688073396
PGDNWKLG,2233.137614678899
EYRSKHSHLG,2290.1743119266057
VLFEYQRKSNHD,5103.266055045871
QSLWHANSG,2799.9174311926604
EKKNPWLSG,1564.0366972477063
SNLKDWLSG,2678.9449541284403
RRGQWDNKS,1694.7706422018348
KQEEGPYWKDL,2010.6926605504586
WNNGYNVEVAS,4771.839449541284
AKVNFNSG,1643.032110091743
EQESLPYWND,3381.4770642201834
NLADWAG,3892.7752293577983
AFSSNALG,2469.711009174312
SASRLDASG,1404.454128440367
KPKVYEYWKVA,2471.0366972477063
DSNPDGFKVAL,4365.073394495413
PQWRYLREWD,15165.151376146789
QPPDSELSGYWK,2368.6743119266057
FPQVGQARPYV,7458.885321100917
FSEQPGNSG,1781.1422018348624
RQGAENAG,978.8073394495412
NGWRGPWNKHS,4579.761467889908
VFHARWLFV,26717.830275229357
YDVDWSGRYKA,4498.766055045871
YWNGLGYQFPNG,7641.399082568807
YRNVFVRKVLG,11952.79357798165
EYAEKFWGYWL,17925.80733944954
YVYVGHQELG,5142.1100917431195
LYGLGYSG,4915.766055045871
WSVFPNHHG,6445.844036697248
FRWDGNSKARW,6690.4908256880735
EEYEYRNVAL,5020.5
FSWWEYDAL,15115.633027522936
WFHGKQEYNKLG,3498.243119266055
YKGWNFPVPWNH,9840.784403669724
NELFVFNLS,28575.51376146789
EQFNQHYNHVL,5736.495412844037
AFWSSQDAS,3668.6330275229357
RARQRWPWSG,7989.293577981652
NQNFLSWDVG,7241.045871559633
RKEDKSFPWKLG,1642.6422018348624
SENEPSPYWG,4834.926605504587
WVPRPNAGNKA,1884.0045871559632
WYPDESG,4045.3348623853212
SDQPWWKVS,5316.775229357798
QRSFGEKDAYH,2227.123853211009
ESKYHLSYLSG,3168.908256880734
GHYSKDLG,1942.619266055046
WNAWENFEVS,8640.183486238531
NPPLWKSG,2193.077981651376
DLLKHAEPYNK,1688.9128440366972
KDPLDYNKH,1183.7247706422017
KAEDHQREWHS,1921.2201834862385
LEPFLGEPWL,13512.70642201835
DAEHYVQAG,2442.743119266055
PFQVAWSG,9236.967889908257
QARNSFEQEYKV,2184.4311926605506
YFFGPDVALSG,6694.90366972477
PRKWFYKHV,4937.577981651376
GALNGNSG,1384.5779816513761
DYLHGFSG,5492.243119266055
PAQLGQHRPWL,10714.62385321101
WHKRREHVA,2060.5045871559632
QKEPQEPNHQEK,676.4311926605504
SWKKARKDL,1240.4220183486239
WHLSGEELFDA,7001.178899082569
EHEHGEYGEHG,1718.4816513761468
RAQYGFVSEPWL,21563.5871559633
NAGALFNENLS,3924.1605504587155
EGNSSPWALG,2509.2844036697247
KNSFPEDAG,1000.0412844036697
DRLKVVSG,2204.3394495412845
LYHDGSGEHVA,2091.0963302752293
QEAHARYYHS,4342.706422018348
QQPVRKVFHAG,2239.2844036697247
HPYKPFEYS,4411.1100917431195
AELKNKHDVSG,1033.4587155963302
HNLEGKVAS,1038.0963302752293
LKQWLASG,4214.816513761468
PVHNWDG,4404.160550458716
EEGRPKPHA,1293.151376146789
QYDYYWAFENS,9987.756880733945
YYHPSPNHVA,3858.3990825688074
QDFWEWLSYDAL,16945.509174311926
QFPFKPWKPWK,7112.720183486239
SGWLNSEWNDS,4615.866972477064
NNSDPDG,1062.9449541284403
PLRSSQYWKH,5124.926605504587
YWVSLFDEYKD,10525.669724770642
DRSHVWSG,3563.5
PHNAPHRHSG,2036.605504587156
YWLLWLFHVAG,9542.01376146789
HLYPEYKHV,4831.866972477064
WNFNNKSFRHVA,6139.068807339449
SLSGDQHS,1333.9357798165138
HQHNKRYVL,3958.770642201835
KPHVLRGFEKAG,1866.48623853211
FLVQAGQFVL,27612.110091743118
AQPNQDYDG,1591.1146788990825
SYRLSWLG,11160.839449541285
RHEEEYKVALSG,2036.2155963302753
HPDEGPHDVLS,1501.2293577981652
PNFDRWNKGPY,7372.440366972477
PDVSWSERYWDL,11949.522935779816
QVQWQWDRDV,7582.206422018348
PKPAASEWHA,1475.6376146788991
WDWRWKGLG,7963.94495412844
FLSHDWPWNKG,5298.091743119266
GNYFRAS,4678.766055045871
HFNRDLQREYL,7873.224770642202
QLSHRELQPL,2978.47247706422
SNDSWHNHVALS,3914.087155963303
FHPWWSRDSG,8665.747706422018
YSHFEGVAS,2782.848623853211
QQSKLFVG,3364.0183486238534
HQDYLPSG,2102.261467889908
SKSFHAVSG,1842.3119266055046
KVYLLFNHDA,18445.045871559632
WEPEKQYNDV,2650.8119266055046
NERVLVAS,5545.348623853211
KWDQAWHG,3821.0
LDHARHVALSG,3488.064220183486
FFVNRDLG,5152.98623853211
AHLDRKSG,1229.6009174311926
QWVARYQHLSWS,17642.84862385321
EGNEKDWDLS,1366.6009174311926
YESEWRDLS,5183.899082568807
DGVDNKHVLSG,1503.2155963302753
AWENLDSG,2448.6651376146788
SPQSASG,764.8119266055046
YVHGEKNDLS,1258.3990825688074
KPYHNASEN,1393.334862385321
EAVLLFEPWND,29398.4128440367
VGPQYKASWDAL,3263.201834862385
NFSGYASWNDAG,4721.178899082569
EEWVGWAWHLSG,13975.064220183487
RYFNRYKLHLG,7635.417431192661
WRHEREASG,1939.591743119266
QLHLKSPWNVL,8409.022935779816
YLAGPANLG,3392.3440366972477
RHVLEGFWLQKD,10746.756880733945
YYRDHVG,3827.3073394495414
FADYFPDG,5883.183486238532
HVHKLFKG,2706.288990825688
YNARGEKVEPWL,4122.311926605505
RGVGDQREKLG,1317.2385321100917
GPGYYNSG,2785.706422018349
KKEHQDSG,602.5412844036697
DPQASHAS,874.3807339449542
HYQYPWDASG,6104.5504587155965
PRASLRHVAS,2609.9770642201834
YVSLQYEYKAL,21136.06880733945
FKAAFDVLYNA,10782.559633027522
SEGFGFELSG,6796.701834862385
YSELWHPKHAG,3737.0
WKHAFWKGGWAS,7932.178899082569
RRNVHREYWNKA,2788.9174311926604
RFAFDGPYWKVL,18864.032110091743
KARYQYDAFAG,4644.091743119266
DDVESYDSG,1226.9908256880733
YPDYVFREPYKG,6301.325688073394
AFWRWLKDVAS,7472.44495412844
HSQSWNLHASG,3163.793577981651
LWLDSPASG,4183.376146788991
LFFYNQVG,4798.412844036698
VHLASYVG,6239.353211009175
SQASNHVQRNLS,1964.3256880733945
WKGWAPNQEAL,3218.1926605504586
VGYHPVFREWKL,11873.11009174312
PGFSQHDQEAG,1434.5688073394494
FWPDWKRPNA,4300.408256880734
PFYKGYFNG,8064.917431192661
DQSNAPHG,1273.408256880734
HAWAHSWKHDAL,5906.119266055046
AQYQYSPYWN,11454.619266055046
FELEHVEGQHA,2497.8073394495414
ESYENDFKDA,1311.1422018348624
FGAGQSDVG,1604.01376146789
RHLQQDLQRHLS,3430.077981651376
LPKKQYKLG,1372.6009174311926
RNHRDGKAGFEG,1617.8853211009175
DALREQLEPA,1714.380733944954
KDYEDVFRHDLG,2296.5229357798166
LHLPKFKG,2625.348623853211
WVSVWNHDHVL,12155.79357798165
NFPFSEDALSG,3302.637614678899
APASKELSG,626.8119266055046
NRQAYVLS,6310.417431192661
QLPVHSYHDAS,2741.5045871559632
AFPHDKYKVLG,2297.454128440367
GEAKRAG,814.243119266055
VAEYNLPVSPL,6258.605504587156
QSQNQVGFRKDA,1681.467889908257
SVFHAKSG,1945.619266055046
NFDPLRDG,3583.876146788991
HANRHVQHVALG,3257.880733944954
HPYAQQREYND,2883.3394495412845
EPKHAWEYLGPK,2715.3853211009173
WRDLWVQDA,8265.990825688074
FGQELGFWQWHL,23059.67889908257
QYWHGWKLRGY,11088.238532110092
FAVHAFNG,5412.646788990825
WSWLPHDPHDVL,9738.146788990825
QDEKAGDSHS,734.9908256880734
HKSNLASG,1166.573394495413
RPPLEFEPYNSG,3032.8853211009173
AQNSKFEYKHV,1768.1559633027523
NDVSSHVLQA,1791.9954128440368
SNKLDGREKDV,820.4770642201835
RDRRPNKSWNHV,2818.52752293578
PWWGLSYWDSG,19287.75229357798
GWHFPPYVAG,12459.545871559632
QRYFVAYQEWHD,25760.15137614679
VEVKRPLSG,1896.440366972477
KYQKQNASG,946.4816513761468
QHLARWLDLG,10777.577981651377
YERQKDASG,1340.1743119266055
HLADRHLS,2754.435779816514
PDSHPLGHDLS,2260.605504587156
RWVNKQKALWH,5337.40366972477
KLELEAQASG,1224.2431192660551
DLKLSYYDVALS,12714.481651376147
HKHGANKG,925.0688073394496
RQKRGKSG,750.5504587155963
WWDWWVSG,19304.08256880734
VWSQDQEYKD,2065.6926605504586
YSQAEHGRHDS,1640.8577981651376
WRVRAFLG,16088.11009174312
QGERHGREYVLG,4123.844036697248
PPVWEPASG,2074.766055045872
SWSLKSG,3316.1743119266057
RRWWLYVAS,21043.380733944956
GHGHNLG,2101.5045871559632
AGPDWDWNG,3470.545871559633
FWRYGWKAQRHD,6092.8899082568805
YQVDYKG,2325.9266055045873
KHSPPNHYWDA,3604.623853211009
QGGNVKLS,1341.197247706422
DWYVHVG,10325.036697247706
KQNNKDQYL,1318.165137614679
KQYNEKAWNH,1903.091743119266
QFYEPDNKVWD,5048.701834862385
YQHFPSRYNHAL,9104.977064220184
GAFEKKAG,1169.5229357798164
RVRDYKVQEYVA,3106.5963302752293
QRYYSEHLRELG,5781.40366972477
WQLWHGPYDG,16536.711009174312
EDVLDVEKFEKV,1209.6788990825687
EGKYQFVSG,2132.3348623853212
NHAKYWGQNHG,3085.8853211009173
GFPSGARWL,9190.752293577982
QQYHPDEKDLS,1474.9311926605506
YRQFDYNG,5907.954128440367
EWAKLFSGRD,4816.293577981652
YGYRGFEPYWD,19722.311926605504
QAVYFRLG,25214.56880733945
EPNWRAWKLG,5937.357798165138
PDHLKDQNDAS,994.2844036697247
VNRVYALSG,6949.665137614679
GHGQYYHLSG,5999.197247706422
SYQPEPSG,1582.3577981651376
SWKHFLFHDLG,10855.077981651377
NQWYGREPNHD,4305.5091743119265
GEPNDGLFPDG,2477.1926605504586
WAWQNDANKDV,2494.637614678899
EPRASYDFKDV,1824.2064220183486
NDERPGQDG,1539.3532110091744
HWVFDFYKHG,11495.036697247706
NFDSRKRHLS,2908.4770642201834
DEVFKHRYHVS,3843.146788990826
AAWFKAG,3945.0045871559632
WRKYSQKG,2033.7935779816514
RPAEDRWLRHDG,5402.197247706422
SFYSNAGFRHS,6018.357798165138
NRSVHAG,1903.119266055046
YPFYEDG,6071.142201834862
FNARPQNVPWD,5535.137614678899
KQSGQFYLRWVS,16178.073394495414
HNFYPHG,5614.614678899083
RAKDDSNKG,657.5871559633027
EENLDPNKDL,851.0
LFPSHLRKVALS,5893.623853211009
NSANQKVLS,1418.1146788990825
RRGNNKSG,1001.5
GYHSVFWAG,12412.954128440368
AQRPHADPYWSG,4268.756880733945
ELFAHASRVLS,6720.325688073394
KRDKDEASG,635.7155963302753
SRQPPHDLG,2246.559633027523
AYHYGFVALSG,14541.045871559632
VDYRYVAG,3887.52752293578
SYQWSHSG,4081.1651376146788
YGFLVREPWDV,19181.357798165136
AVFKHPVG,2642.6330275229357
GEDRPVEPL,1570.1605504587155
DVKSGDRPYW,4800.243119266055
HEGNKQALSG,1275.211009174312
KPHLFYNGFPAL,12465.036697247706
RPYFAENGWS,11555.637614678899
RYWLHRDFPKG,5854.1697247706425
PDKNHGRYHG,2483.0412844036696
LQPSPYVNDALG,2647.2798165137615
WLNGFVSKG,6713.912844036698
WQKDPHWNHALG,4684.091743119266
SNLALYLG,14706.711009174312
VWLNAVALG,11914.344036697248
WLHEPAEHA,2456.756880733945
GYPSDAG,1639.7706422018348
PNKKDGLGWLSG,2805.1605504587155
GWLLEDG,6471.720183486239
FVGANLRNG,3558.3853211009173
DFRLFLFPSG,32552.738532110092
QEFGHFRPKV,3034.4770642201834
VAKFNLGYDG,5322.51376146789
HWHLHSFEL,12405.036697247706
GAQKYASG,1517.3165137614678
SHGASDLG,1274.1743119266055
GNAAHALSG,1418.7201834862385
QPQEYSQPAGYA,3762.4311926605506
YPWWYNLS,18531.33486238532
QRSWKHLWDSEP,3722.233944954128
KHSPYHFYLQWN,13421.949541284404
YHFSRHDQRVA,3716.545871559633
GRKPVEKHDAL,1086.4128440366972
KVVDHVSG,1275.3577981651376
QSYHRSWNLS,5933.752293577982
NNLKSYAG,2054.559633027523
SEPQAGEYLG,1605.3853211009175
FRNYFPAQFK,7700.1697247706425
PEFRREWSG,4855.8899082568805
NFPFGRPALG,7154.325688073394
DHNAFPWHVG,5940.825688073394
YPYQYFNKVG,6752.637614678899
YDYEHSEWN,3889.0504587155965
PVAHVPLWKV,7080.298165137615
APYDESQEN,1182.6743119266055
KHRLPYQWAG,5841.724770642202
APQLQASG,965.7201834862385
YAVKANKVAG,1852.9633027522937
NSAHGQKHLG,1815.302752293578
HVQLHLPHLS,7691.51376146789
DVEAQGQWHVG,2808.3073394495414
FLFDASAGWA,8305.688073394496
DRFVWVLSG,26032.311926605504
ASAVWHALSG,3548.729357798165
KVFDAFEHRNA,2832.197247706422
EDQAYDAWLG,4105.536697247707
WDPLRSGPKHD,3278.7247706422017
DEHGKVFPAG,1719.2660550458716
PVFYYHVSKG,18246.27981651376
KGSAQASG,966.6238532110092
PGGQHFEG,1877.7155963302753
QGKGKAPWKL,1480.9633027522937
KWSEPGHVAG,2040.3211009174313
FFFENHRG,4405.899082568807
WLQRYLLSRD,12644.408256880733
FRDFLENHDKHS,2393.559633027523
HAEVPRPYKDVA,2065.5
QDVNEAQWHVL,4037.5366972477063
AKSDHLG,1014.5045871559633
DLDQDVGKHLSG,1328.8440366972477
YSWLWLFPNKVS,10247.58256880734
RVHSKVPYHV,4088.266055045872
PFGPQEVLG,2938.8577981651374
GQQNWHG,3199.5688073394494
HQFVLSNWNDA,8590.087155963303
AHDKVFNSG,1351.1788990825687
RKEYFEAEWHG,4284.045871559633
GSYWFRWVSG,14202.380733944954
EGVAKSWHSG,1609.9128440366972
GEPQDQYWNG,2511.5045871559632
NAAQGRVSG,1480.1559633027523
SYPYLYHLG,8441.633027522936
VKHYKFYSG,4482.729357798165
EKFFDARYN,4102.967889908256
PVFDLGPYFPW,33502.93119266055
YGQGNHYDVAL,5497.188073394495
FWGKRWAGEY,8022.431192660551
ADVPLPKDVL,1455.6926605504586
QWWDPHRKHVSG,5240.105504587156
LALVSHALS,7720.844036697248
DNYKKSG,950.9266055045872
DKFRDELG,1152.8211009174313
PRFYSNG,5914.027522935779
PRYLHFEWHG,13551.275229357798
PHLYAYHAQHV,7964.90366972477
HLRKRWLGWHD,9732.733944954129
SGDPKPDVAG,822.2752293577981
QPRYNRLPKS,1954.1788990825687
YRWWENSG,6786.160550458716
YREFNGEYNKL,4355.211009174312
HHRNGEHDVA,1366.7385321100917
YHYEEPLSG,2869.6009174311926
WKPPLQRPYD,5893.032110091744
NDRVRQEKSG,1116.7385321100917
SEWPSFEWKA,6289.614678899083
ELRYQFVLQNAS,23679.97247706422
PYYFLNKHS,9173.174311926605
HKQYELG,1605.151376146789
WGKASRLGEYL,6242.357798165138
WGYLGNAQRNH,5974.972477064221
HDKRKRYWNL,3028.922018348624
QARHFPWALQEN,4449.077981651376
QKNDHGRHG,1543.2706422018348
QKGPHGFSRKA,1452.2018348623853
KVSLFRYNSEHD,4198.183486238532
WSKDEAFYV,8453.380733944954
FFGDKAG,1797.9816513761468
RNAGLRKVWKVL,4816.619266055046
LSRDRVQKVA,1434.1100917431193
RRNLSLRAG,2792.146788990826
GYKRDNKASG,983.0366972477065
QNWNSPGELG,1966.866972477064
NGLNDGNDAG,1384.059633027523
EDEWPVQNG,2160.7752293577983
WQLDHDALSG,4965.559633027523
QADSHDSALS,1019.8577981651376
NEQNSEDS,777.5688073394496
ALKWVAPLG,5732.3302752293575
FNHVQALSDEDL,2185.0137614678897
VHAFGKSG,2075.321100917431
WEVYWPDLS,16672.646788990827
RPPASFRQPWV,8748.298165137614
WRVEQWAG,7331.876146788991
DRNPDKASG,857.9311926605504
GFSDAWS,6003.059633027523
QDRGFEEKDVS,1096.7706422018348
HPANPNDG,1136.2981651376147
HHDANRWHVASG,3082.353211009174
VDAHQWHDV,3517.9449541284403
HQPFWDLDLG,8158.077981651376
PDFRWESFRYHG,14088.380733944954
LYANNDALS,2742.6146788990827
WVSNSQPLASG,3170.798165137615
YLNEGEPWNV,4547.848623853211
HADWDFWNVA,8943.495412844037
HQLWDYALS,10588.288990825688
VNQEGNG,1140.4449541284403
QNDGWVAQSFAS,5722.371559633028
QPEAWVGPVASG,3326.7752293577983
LEQDEPAG,1050.2018348623853
DNGRHEPNDLS,1323.302752293578
RLLQSPKALS,2886.4036697247707
AKEKNLSG,653.2477064220184
KHHQGQPYNV,2384.7798165137615
SGDDNKSG,792.3440366972477
PLPFHLFVSG,22292.284403669724
AWLYGYDSG,8562.40366972477
EAQGALKDSG,818.7935779816514
NYDRWRPWKHVS,7714.788990825688
FNQGNKAEYDAG,1495.2247706422017
EKEGQWFYNKVG,2948.6146788990827
KFRRSNHLG,2522.0137614678897
ELGNNKHRYVG,2615.4266055045873
DALEPQASEPVA,916.1605504587156
VHFRKNVG,2224.9908256880735
NSEEPHVQNVS,1365.3119266055046
RQVYLRYWNLS,20241.715596330276
KRDSKAYNKS,812.348623853211
RLKNHLYWNVL,9563.848623853211
HASQYAKRWHDG,4038.2798165137615
AGYYDSQFPWAL,19856.284403669724
WLWKWHSPAS,7916.362385321101
HRRRKLSG,1206.7064220183486
LNKEWFEPWK,4997.600917431193
LGFPDLKVSGL,3914.0733944954127
QGPNYVFENKV,2756.853211009174
KDHDQRYPYNDV,2541.123853211009
YVDYSGKHLSG,2839.353211009174
KLPQYNLWG,6512.40366972477
EKQGNQKVAS,760.9816513761468
GQLHFYG,10054.720183486239
KREFARNHLS,2364.435779816514
WENNFREPNKVA,2934.0183486238534
YAKHNKPNVA,1408.5366972477063
PVSRELRKFRWG,5784.761467889908
NALQNDAVQFYN,5091.9908256880735
FPGVVQKDA,1921.0275229357799
QLSGKVGEFRNS,1600.9770642201836
EPAHKVGEKHA,717.4633027522935
EDPHNKLGFVS,2068.440366972477
ANAHAHVG,1694.51376146789
QWFYWFNRYNKG,7915.165137614679
ALWDDENKV,2441.1284403669724
YNVYWEYASYK,14143.270642201835
NHFGGFYDVAS,9118.683486238531
ELRWLWEWDA,16081.20642201835
NNHAASELS,1193.0091743119267
NYALPGAG,2454.6743119266057
AYWKFSEKG,2548.9908256880735
VRHFEHGNDS,1830.408256880734
FKYQYKQHLG,3395.5183486238534
WGSWDQALSG,5674.853211009175
REFGLGYWKLS,8588.665137614678
YFYLDVQPHVAL,16394.91743119266
WPGEGRSG,2219.559633027523
PLREHSYHGYV,9262.380733944954
DDWKLWKHDVG,2288.298165137615
KPSWQVSG,1688.6743119266055
SAGHQKLSG,1140.3302752293578
YRNPHENHALS,2760.967889908257
LFSRLWAS,7812.747706422018
WGFNHVSARNKH,4147.995412844037
AFDRSKVAS,1657.2155963302753
VYEPYYLS,12861.944954128441
DQSYLQES,1526.48623853211
SDVSLEVASG,1908.1697247706422
HQWQGRWNDVG,4483.582568807339
LNSKRWG,3296.256880733945
VALSDFDVRPHS,3664.7844036697247
NPVQLPHLS,2188.4587155963304
EFKYLFAG,9912.19266055046
RWRLDLQEPVLG,6842.807339449541
HNFKVPVG,2159.766055045872
YWFQHGQFVAS,9607.720183486239
FQHYVRNHVLG,6903.733944954129
AQEFYGQWKVS,5634.188073394495
YDGVQFGFENK,4711.844036697248
ALESPYQYDVA,5228.5091743119265
DDHGKSG,750.6284403669724
KKFPLESG,1009.743119266055
SAWQEDVALG,2401.6559633027523
HAEGGFRDVASG,2398.9174311926604
WPGWKHFHALG,10525.761467889908
YDGVVFPWVG,21200.591743119265
WWDPRNVSG,6405.724770642202
GHVYSVSG,4410.834862385321
QKFLQPHREWND,3638.848623853211
YGKNKLWG,3303.169724770642
GPLNNSG,1189.5963302752293
WVHQKDFPKV,3014.288990825688
RNNNKHPVG,1419.2385321100917
HSRAQNHDEVSG,1323.380733944954
GAQHQFEHSG,1760.4587155963302
VGYGNRDVAL,3753.9266055045873
FFWEFNHVAS,10193.990825688074
YYNPEHVALSG,3555.532110091743
HYDEGALSG,1968.4174311926606
KPDPAWKASG,874.6651376146789
LLFKYDS,5237.394495412844
FLFGWRPNG,6839.660550458716
FKADQYEWKV,2915.4495412844035
EDNRLSPYKDG,1655.9587155963302
LNPEKVG,1020.0366972477065
NLFYQPNFPNKH,6701.756880733945
AGYYLSQENDLS,3956.954128440367
AFGQVQPKVLG,2970.293577981651
KWSADLSG,1967.8899082568807
SHQWFWLS,18378.243119266055
HFRQHEPWHG,5902.784403669725
EVDWWHASG,4198.766055045871
KELEQYDVAG,1200.532110091743
KDNLDSFPWA,4710.316513761468
SYQGEKVAG,1094.7798165137615
ENSWNAWNGWHL,12757.055045871559
DYKESNAG,1003.8211009174312
EPQPVFDGYWAL,10757.06880733945
GFENHFNFRWLS,18030.105504587154
RDDEPSEVG,1154.9311926605506
SFEHREDHVL,3396.1605504587155
EGWKPRALS,2584.1926605504586
ANDVASSNHDA,1078.1697247706422
GNWKWAG,4283.954128440367
WYNKVGVQFWNV,15615.412844036697
RGVKPYLG,3563.5
EWRVPLWNKDL,7071.51376146789
RWNQQPHDVQNH,2674.848623853211
RQEELENDS,861.7247706422019
AKWGPNDAL,2255.4036697247707
WDDHAQHL,4582.454128440367
LWDQKEPNAS,1454.454128440367
YDPYLNGFNHL,11509.949541284404
VHKLALS,2334.8119266055046
HKNHANSG,1005.8761467889908
NVKNHSKHDA,968.059633027523
ADRESRASG,914.045871559633
DSADAYWNDVL,3264.7247706422017
AFNNGRHS,2772.3440366972477
KAFQSYNKH,2288.9449541284403
KGAYDQNVAG,1223.8302752293578
DRAERVLSG,1222.6743119266055
ASKNPWDG,2521.1422018348626
ELRNHPKWNDA,1994.8761467889908
RHLPFQPYWKDL,11327.697247706423
FFVEHWKDS,4216.885321100917
QNDHRKDSYS,1371.8394495412845
PNRNEPDASRHL,2167.816513761468
YLEWVSFFNKS,13725.522935779816
VWLYVPDSG,11471.178899082568
HRHFHLPWNHS,7791.495412844037
WPPNVNLSG,3538.646788990826
AEWWVGEYHG,9630.449541284404
KGYDFEGQRKS,1326.545871559633
RNGPQRKFEWDV,3068.9816513761466
VYWHSHNDVLG,5498.353211009175
LDPWAELSG,3637.7752293577983
NFGVRPG,3779.261467889908
YNEYSGLFRYN,7538.738532110092
SGWRFNHVAS,6984.706422018348
SPLAFKVSG,3140.678899082569
WFYSGYRKHDL,6396.417431192661
NPHWPKVAL,4117.931192660551
KVVRNLFNDLS,4996.073394495413
WRFVEYSG,16297.509174311926
NHNPSQEYWDL,6037.48623853211
QALQSQLGQKVS,1426.4633027522937
LNWQKLG,4039.52752293578
ENYFNQRHLS,4697.940366972477
QQFWPVGYWKD,14420.02752293578
AEWKAAWNG,3152.2201834862385
RKKEHFPYKV,1385.1146788990825
WFEQRLRVA,11372.142201834862
HDVNAGQNAFK,1746.6743119266055
QGKRSVSG,1072.302752293578
QYENWGPWHG,11434.995412844037
KYGVFYAG,8739.08256880734
QEPQKDFHLEP,1243.440366972477
SHGAKHVA,1411.165137614679
YWNQNHLNAQPK,2479.045871559633
KGDQNAFEWNDA,1845.394495412844
YRSKLNHVS,2776.0963302752293
YGWRHVRHSG,5783.059633027523
SPDANRKHDS,839.3669724770642
PNHPAPKAGYHA,1678.1146788990825
GWAPVFPSG,9603.862385321101
RYAQRHYLFYW,18570.5
FFLYQYALSG,5624.252293577982
YDNPKLSWDAS,3152.2477064220184
RGSEEVSG,879.7385321100918
WRAPPASG,2965.302752293578
KAQQDAGQFWH,3985.793577981651
DSDRLFHLSG,3175.0183486238534
YFSGRAPWLS,10029.518348623853
WVKLSYHKDL,7829.94495412844
FALADALDS,3065.706422018349
SHVLERENHAG,1667.4724770642201
RQLKHAWKHVG,2543.922018348624
WELQKRKVA,2339.077981651376
RLYKAPLFPNK,4115.133027522936
LYSYQFG,5862.733944954129
RQWDGLYVALS,28699.91743119266
QVFPASPVALRN,3341.651376146789
DRHGSFPWNG,4711.573394495413
YYSNWKHG,3515.9862385321103
FLFELSRPYHDP,10864.422018348623
PSHKSNVLG,1873.3440366972477
FELERYVRLS,28095.963302752294
NKVLPAQDFAG,1788.8302752293578
HLLLNVLSG,12303.637614678899
VHAAFVLG,11043.119266055046
ENKYAYRPHDS,1965.7614678899083
YQYLKQEHS,2132.3853211009173
RRYNVNGFRYW,16138.197247706423
RRNPQVLG,2377.4770642201834
ERVEYSKLG,1710.288990825688
WQRPGENQNHS,2114.706422018349
RHFLDLFKAS,4890.0
EGDVDQVASG,1005.3899082568807
VWWSKLSG,6581.270642201835
NAFFLFEPYV,43029.84862385321
QKFLDFEPNL,4329.963302752293
YWNKVKRENGKV,1528.2752293577983
EFPNRNLQNKHD,1645.7064220183486
ALVEEAG,1132.3211009174313
EPSFENYWLYKL,19883.128440366974
FPVPKVSRFREV,4637.05504587156
KSKEASYWKDAS,1011.4908256880734
HNQNPHG,2027.6146788990825
LWQRYEWSG,11150.018348623853
PNWGHQPNLG,4241.206422018348
QDKLRVNVLS,3287.770642201835
NYDAAEPYWNSG,4652.454128440367
EKVKENGFKDS,675.2981651376147
LEAHHVLSG,3401.954128440367
DNKDVGWWNAS,3309.4816513761466
QVVQLFWNKHA,8026.247706422018
REKGRHELSHV,1494.302752293578
QWSQSGLSQEHV,2330.4266055045873
KNNDDAG,794.8119266055046
WNEDSRNVFNDL,8246.174311926605
WEEFDALSG,6123.839449541284
WNHNDPKFEWNG,3554.1100917431195
FLRPLPKRPV,3348.8899082568805
YYSRDFALG,6103.853211009175
RHNNEWHG,3289.605504587156
WYKFPYHQALG,7916.706422018348
GENEQNKVSG,935.8119266055046
NPGNPWVALSG,4243.229357798165
EEWKYLKLS,4672.137614678899
EWAGGYLRDAG,5813.807339449541
EAVNRYLG,3124.8990825688074
FQVFQFEYNHLS,32935.4128440367
ELHKVPLG,1737.591743119266
FDKKWKVLG,2189.4633027522937
PLKKAFNS,1491.8715596330276
FEVPLYKGHG,3115.467889908257
SPPWHPG,3502.4816513761466
QKDKNSGYKLG,988.5963302752293
LNHYEPYHALG,7297.022935779816
HLGPKFWYKLS,9368.114678899083
LYHYFPHG,7176.816513761468
QAGYEPSPHD,2054.422018348624
NFGGNKSG,1534.2844036697247
DRGANDLG,1476.4174311926606
LNVHFNLSG,7703.871559633028
RVVKHAQFNVAS,3521.8440366972477
SGDSEHYKSG,1513.165137614679
EFFPWFAS,23623.330275229357
FENGYHSFHDKA,3552.3715596330276
QDFYWSPDQHAS,5445.472477064221
RSESQNGAG,1288.6238532110092
HWVKKSG,1626.8073394495414
RNNYDGEKLS,1445.5550458715597
SRLQAQHG,2142.802752293578
AESWNSYG,4601.229357798165
HRDKLRKVAG,1151.7155963302753
NKLLRPQHDVA,2025.0412844036698
FAHDVWSQES,3162.6743119266057
SPLLSPVG,2063.706422018349
PVAKPSQRWL,5037.766055045871
DLDGPSKLG,1404.3165137614678
NLGSLFREWHG,8280.518348623853
VDKLQRYWNKDV,2296.105504587156
PNWARGENG,2255.9036697247707
FGLPPHSG,3527.3990825688074
YHSVKLGWDG,5933.839449541284
LHEQWVSG,3480.545871559633
KASNGRHQFRK,1371.5963302752293
HPSVRNHDVA,1467.7201834862385
RNQYPVRPAL,5012.779816513761
HQKFEKHRWDAS,2366.7752293577983
WDFYWHRRYDL,11983.47247706422
WNLNDREPHSGP,3154.876146788991
NNLDAEKDVLS,1095.1926605504586
HAEKWKAEDALS,1067.9816513761468
YVRDSFQEPHVL,6578.660550458716
QAWVSSREYKL,6389.995412844037
FVVVEPVLSG,17311.105504587154
WWWVRAG,14401.279816513761
PDFDFRESGRWH,7522.362385321101
ARHLFYWGEHS,8084.816513761468
WLNELEPYALG,9877.912844036697
RYGRHGREWAWH,10553.802752293577
WYNLWNGWKD,9307.467889908257
APGNDPHDG,1160.5779816513761
SQYGHSQWNKS,2713.6559633027523
RVHWVQYWKHAG,7230.059633027523
GFHESDVALSG,2563.1605504587155
NVQWLSPHGNDV,4103.605504587156
EDYNKRWVEYKH,2847.5137614678897
YHGYHSQWHYND,9807.545871559632
DPGYPYSG,2808.711009174312
KRSQREENKHV,811.2293577981651
SQYRHPYNHVG,5080.954128440367
HDKRGEWKHD,1424.5550458715597
WANEVLPWKL,13188.752293577982
PVGDNARDALS,1580.4724770642201
GRYKDNSNHVG,1800.045871559633
AYGWLNHDLG,7966.711009174312
SRNPDFYHASG,4153.853211009175
WQVHQWHSG,6513.408256880734
EEQLDSG,1039.7844036697247
AKDLVQPYASG,1650.1926605504586
YREPFNEPNVL,4506.651376146789
LFAHSESG,2126.298165137615
KQRNHGVYKVA,2102.0
EEVPYVVG,2945.376146788991
SLREQPLG,2009.467889908257
WPKKRNVAL,2424.348623853211
RYKVQFHQVLEL,14849.449541284404
WYGNYVSG,5857.770642201835
QQWDEWQYHS,7197.536697247707
KQLNAGHLG,1759.8532110091744
DNNHEVSG,1053.940366972477
WEHKPVSG,2558.183486238532
FWRFPNEKLSG,4982.142201834862
VVLNYVG,10080.394495412844
NGEPWNLFWVYH,29724.724770642202
FQWAGSNDLS,4146.761467889908
VWAASNSG,2622.5688073394494
NNFSPKHAL,3213.0091743119265
DSESKDENVLG,772.8669724770642
LYDYQHDASG,2820.935779816514
RLEWENVALYS,19752.25229357798
GHGHSEAG,1409.6100917431193
YLPDYDRWAG,6529.036697247707
GDEPLQKHVA,1050.348623853211
GWHSNLEKHDL,3241.8715596330276
GVDQFRYWAL,15502.79357798165
RAVSGQVFYNK,5023.908256880734
WNSYNKSWKDDG,3005.1559633027523
LSLPLFVALS,32105.050458715596
VEVGGENKHVA,1398.3302752293578
WNGGQEALRYKG,3665.4770642201834
GRPRQRWAS,3461.9311926605506
WDSHNASRHA,3231.0733944954127
AKVDQKVG,664.1009174311927
NKAPFEWEAS,2052.422018348624
RNPQKLYNKSG,1335.5045871559632
ENYAQWSRPYH,8570.743119266055
DAPYPKLQHAS,1874.091743119266
PWVDNFEYWS,21798.536697247706
PSYPQYAG,3844.1880733944954
VPLANALS,1636.7981651376147
FSFSRKGQWVL,10073.100917431193
YQAVSRAS,2522.564220183486
YYREPDHLSG,3622.802752293578
QREFLRPQFELS,5928.408256880734
HYLEHQWSG,5840.816513761468
DSHPQASG,995.4128440366973
GNEWLRLG,6977.95871559633
EFWWWDG,18428.518348623853
PWKWQYWWVLS,24947.70642201835
VWGKQPYKVS,4133.128440366972
YRYKLKNHG,2252.8715596330276
REHELFNAVG,2988.4036697247707
SDSPKDDAS,724.3715596330276
VEHYKEWNKDG,1634.7247706422017
PHFSQPNPLG,3936.532110091743
WDNFPWLRNKD,8689.990825688074
RDAKKLSRHDS,966.0688073394496
SVNGHLSG,1728.0963302752293
ASALDSREY,1879.7018348623853
VHAAVLG,2408.793577981651
VFLHSHVLSG,7890.926605504587
YYDQQDSG,1837.01376146789
AGSFFPLSG,5952.646788990825
YPWWRPDLS,12733.821100917432
GVQWKHNG,2217.169724770642
YRNWGQVL,7692.908256880734
EWPNHQSYNDG,3051.9816513761466
RRASFVELSG,4653.224770642202
AEKAKFVG,1375.0550458715597
WWLNHPAS,7877.729357798165
GRGLKVAS,1807.4495412844037
NDWQRAESG,1836.6009174311926
QFLYLSNNKHA,4708.577981651376
QQYNAYVGDVL,6091.779816513761
HSDPNLYSG,2488.394495412844
YFFPRYLG,6881.665137614679
EVSHSGFDSENK,1165.5779816513761
PVSEGPKHREN,1143.880733944954
HQRWRSEWDVL,10760.532110091743
HGKSLFKHDAL,2673.151376146789
QEPKDRDAGVQH,1019.5642201834862
WKHQDLREGPD,1786.2064220183486
RKHSDRYWQRP,3253.467889908257
QHFLREVFKLG,9379.19266055046
QFWGEVGRKPW,10291.37614678899
DSHKKDSG,609.0688073394496
NLVKFPDSG,2549.564220183486
HLLWDHDS,6494.348623853211
RVFAWHLEHVG,9910.811926605504
RGQWKQWQKHA,2538.146788990826
HSDHQYKLS,1803.165137614679
ANESGVSG,861.4311926605504
KQSYFRALSG,3670.0366972477063
LHLSSDSG,1955.8532110091744
AVLEQNSG,1187.6788990825687
RPSVGQNARH,2285.8348623853212
HPKNQWKA,1389.5871559633028
RSYKWVAFEYHA,12708.009174311926
LWGGRVALS,8248.518348623853
PVANLHGRYNVG,4556.311926605505
SGVHYHAL,5202.972477064221
FLNYYHAS,3294.9174311926604
QYGSLGQFHLG,7496.738532110092
NLNKRPYHPKDV,2550.697247706422
LQRFWASEKHVA,4455.651376146789
SLRYSVG,5476.614678899083
AVKVRSG,1376.2522935779816
PAVQFDQAG,1959.0688073394494
SEGAQPG,1111.0642201834862
FKWPEDVLG,3138.1651376146788
PVKVENEYKVAG,1278.4724770642201
EVSRPQPNFDG,1884.7981651376147
HYQWRPYNVLG,12398.463302752294
YRWQPVQFEKA,4807.6697247706425
KDPAYHLFPKV,2921.97247706422
PPEDDASG,748.4954128440367
ELHQSPDVS,1192.4954128440368
HPHWKYDS,3137.7201834862385
HQVGSFEG,1798.7660550458716
WHPLASPAG,2740.848623853211
DRQGHLG,1770.5229357798164
NWWVWLSG,22042.29357798165
NRKSQHNLG,1695.8761467889908
NPQDPNSG,909.6880733944954
AFDPFWLG,15794.522935779816
FWSENAPAGWKH,6393.426605504587
QWGQGQGEKLS,1454.4357798165138
PDADYNKGPY,2352.8899082568805
NFNYVGEPYVS,8292.954128440368
YLVASFQWDAS,20805.596330275228
KDSNDEYSEYHS,1825.467889908257
WVVAPSYVG,11174.385321100917
YQKFVPKS,2140.440366972477
YESEQFHDVLS,4075.651376146789
HSPQGRYLSG,2901.637614678899
QPLAKHGEKVG,1029.8119266055046
RLNWWLSG,12255.522935779816
DNAVYHLSG,2827.798165137615
AEHWFHVG,8403.321100917432
ELVRYDLYHA,13330.050458715596
HGNWEYASG,4353.935779816514
YWGYPYLFWVAS,12045.380733944954
VVPKWASG,2289.3348623853212
YVALEYQPAQVS,6784.155963302752
KHKFGDVASG,1226.4449541284403
YDQEFRWRWVG,13649.678899082568
SNHNYDLG,2575.5183486238534
WEFLHVG,10826.825688073395
FPYLKHSRVYH,9460.169724770642
HFYHWLFREWVG,16072.412844036697
LKPVFYG,10428.963302752294
FWVANLSRKHDE,3434.6559633027523
DYHKSQHD,1370.559633027523
QRDPRYAPYWL,15053.70642201835
WGQVKALYG,8033.637614678899
RYNGASYNRYW,11408.509174311926
QRYWPWNGEPN,4219.756880733945
AQDNENKHD,866.894495412844
NHDQSRYLSDAL,3987.766055045872
DRARNWALG,4288.045871559633
ASGPVFRDLPNS,2106.3899082568805
KQLPYNKPDVAS,1202.4724770642201
DWVAYQNKL,4876.853211009175
HWDYNYVAL,16415.605504587154
NAKNQFLS,2600.233944954128
KSVQLGFYNHV,6171.188073394495
LYHGYLQYNHSG,5519.600917431193
ENQFSSGPKL,1721.6880733944954
SFPSKREYKV,2018.7431192660551
GPHNAFKDVSG,1551.2247706422017
SWWDAYG,11093.490825688074
QYKAQYRPVFPN,6444.793577981652
DFQRYGHSG,3114.876146788991
VRAKRPG,1217.3532110091744
AEVYRNKDL,2365.793577981651
HFVEFPVG,8651.022935779816
VPKSGDNDVG,764.2706422018349
ADQNPNLG,1419.5688073394494
DSLHRWSG,3787.6651376146788
RNRYWEPSGPK,3048.967889908257
YVRDVFNHQYD,8953.399082568807
KLYYYKALS,8216.651376146789
YQADNKDVASG,1193.6284403669724
RLFGQLFYL,25308.95871559633
HQVHARVSG,2329.087155963303
GPVWHPYNS,5505.926605504587
LLEYDYG,5657.3899082568805
YEDHFYAG,5356.408256880734
NKDLGDQDGWV,3302.5229357798166
QHRNGFWFWKDV,12171.288990825688
REYRAPDLRPK,2358.5825688073396
LESLKHVLG,3784.793577981651
FYWAHFSQRDVG,6184.133027522936
WGWPHNVG,8811.38990825688
EDGQRFDGPWH,7735.637614678899
DGRSKDWHVAL,3370.577981651376
KEQSEASG,603.3119266055046
VNGFNRDG,3251.559633027523
HYWAGLVLG,16118.504587155963
FKKKHVAENS,1023.4816513761468
LYKFKYHVAG,4386.857798165138
LGLFEHAEPL,4156.238532110092
WYQAALG,5302.6100917431195
LNGPEYLG,3373.412844036697
RDAYRPLWHL,14847.298165137614
PVDLELRHLS,4904.211009174312
RPAQPNAQYSD,1724.4495412844037
FKLEKPDLFNL,6334.105504587156
DEQESYLSG,1598.8394495412845
EPPFGFYNKHG,3582.2522935779816
ALHFRPAPD,3782.229357798165
NSVQEDPDG,1009.5688073394496
EQYDGRNGEKSG,993.0137614678899
GRDGNSPYWND,5313.917431192661
SQQRVNLSG,1933.3577981651376
DNNVYASG,1959.619266055046
WYKKDAWG,4241.8302752293575
VAYAKLWNS,5320.477064220184
YREGKRYKDV,1753.7522935779816
DFKSNSKDG,882.8715596330276
YVGVEPYVRSG,6165.334862385321
QEESHRYDG,1630.7293577981652
VYSAGDALG,2246.4770642201834
NFEKRLPDG,2717.119266055046
ESVKFPVG,1276.3577981651376
WYVDVPDVA,6062.784403669725
FQYSWLGQRNG,6244.366972477064
YSSYYWASG,5488.334862385321
FKGGHDAQKDS,1003.1100917431193
VKHLHFYLG,11964.270642201835
YWDAQPRNRNH,3618.6284403669724
FEVLDVWKGEHG,3100.6605504587155
PPSAFWAG,3934.738532110092
DQWDREPYQHV,4857.587155963302
WAGHKLGRA,3535.3669724770643
VPKVDRYHAG,1641.8394495412845
YYFAQYDALG,5864.119266055046
GPNEHRPS,1146.848623853211
QENRHAFQPLS,3166.211009174312
SALQPSVASG,1530.0045871559632
RHRFENLYHDVS,5399.233944954129
SSQDGSG,936.7293577981651
KAPGHVPWKHS,1923.1009174311926
SEVFLRWNKHS,6134.422018348624
ELAEWKLSDAL,2668.362385321101
FPRYPKSGEDA,1597.7339449541284
FVFFQFKG,17323.995412844037
FGQLWLPVLS,23336.903669724772
FHKRALEHSG,2310.793577981651
NSPEHQFRYLS,5775.238532110092
AQAVWASG,2762.564220183486
DGSFGFVG,7303.779816513761
NWFDLNHVL,15246.591743119267
LGANFPLG,4648.880733944954
WLGREQKSEN,1941.4954128440368
DKAHKAG,689.0504587155963
EKSSNHLWVA,2397.288990825688
QLLQVNSG,2641.3348623853212
PADWQYVLS,10521.04128440367
QHKGYKAWDAL,3410.697247706422
FVHVLLHVAS,23201.642201834864
VGAHYDG,3090.8715596330276
YFPGKLFKHLG,5181.922018348624
NYSASLG,2457.2155963302753
YDAGNQYREWD,7033.857798165138
VRQHKALSG,1693.5091743119267
VDFNPWSG,6090.876146788991
GKDQSRALSG,1284.6376146788991
PLWFYVLGWKV,27942.270642201835
RYDVLAEGFWA,13738.30733944954
EEFWVPSG,4335.931192660551
SKQNKPALSG,1011.5321100917431
HEHVFQFRDL,13959.811926605504
VGAKHNSG,1249.5045871559632
AWVHRWLSG,10860.894495412844
PDDEDVRNHAS,1233.7431192660551
ALQGNSGNG,1403.4724770642201
PLHGVGPYNG,4376.9908256880735
FNDHKQNHLSG,1787.967889908257
QNWYYWDVAS,13894.788990825688
DAYKWDLPVA,3147.4908256880735
KEYFWGQLSG,5320.467889908256
LRRWVVSG,7598.261467889908
LGNGAYNDVLG,3186.743119266055
SPNFVGFWNVAS,9998.059633027522
RNYSEDAEYND,2414.6651376146788
VKVFEGWLSG,5993.252293577982
KRDAQFVSPYAL,6642.40366972477
GYGNVHSG,2618.545871559633
SWWNFHDVLS,14616.009174311926
AFVGEDYWNKVS,3293.8256880733943
WLHERDVASG,3012.908256880734
VSDDPNHVLG,1600.3899082568807
QKFNNDSRYDG,2723.288990825688
DERVDVAG,1104.6146788990825
YDLRVEHEHV,3035.6926605504586
NHDNPYQNLSG,2551.229357798165
ANRAALG,1702.426605504587
SVFHKHVLS,4725.880733944954
DGWAKSRKAG,1367.651376146789
SEHWGWNKHD,3710.9770642201834
RWRRSQNHDA,3274.3715596330276
HEDEHAQRDAS,1283.0366972477063
NDEHYVFVLG,31882.61467889908
RAVADGEYNA,2228.9449541284403
VVAVVLSG,28165.655963302754
KPNFPRPASG,1704.1559633027523
DGSAWVS,2812.2752293577983
PEARDKHSG,936.5412844036697
VHDPLRHVALG,3912.4266055045873
VNPNHYG,3489.5733944954127
ENAEFRDSRPH,2400.298165137615
FNSSSFEPNKH,1892.7018348623853
GKEGVAG,674.348623853211
GNGFKEDG,1109.1284403669724
NLGSHLYHDS,4995.238532110092
YGHFVLEPNHG,6363.220183486239
QRHSKLPPWHS,4083.967889908257
GQSRFDSG,2050.0183486238534
GQREELSFNASG,2276.940366972477
NGFLRHWLS,13596.412844036697
EVYYQYNALSG,9930.311926605504
WWQYVYALG,20075.646788990827
HAHFYNNKS,3153.2201834862385
AQDLQFGRPDA,2409.5366972477063
RYSWEVAFVSG,29854.642201834864
SWVKFWVALSG,19668.45871559633
QWFNGEKFENVS,2848.651376146789
LQNFASRPND,2669.6651376146788
ALKHRLYKHL,4330.880733944954
EADVDQREKVSG,715.5366972477065
FLGSWKSHAG,3383.619266055046
KPPWYHDVLS,4996.142201834862
EEDGPYVEPKAS,1325.6559633027523
RHYNFRSREYAG,5059.5
FFEKDAREPLYK,3154.298165137615
RKQQPNHPDL,1637.8990825688074
LFRARGFEPKS,3099.467889908257
VSAKDNLSG,923.0321100917431
KSDADFHDVS,980.3623853211009
QLHEDGREVALG,1847.01376146789
NNHEYKWKHVA,2346.967889908257
EFYFSFPWL,41407.43119266055
NWRHRNVSG,4008.587155963303
ARWRWQVALS,11249.564220183487
KNWAVLSG,3208.178899082569
YRRNSFLG,6410.504587155963
SRREEDASG,979.2477064220184
PHFFRPAYWNVS,14467.087155963303
WLNKDLHSYKD,3298.793577981651
GWFHSYG,11238.58256880734
HERDDAG,1401.559633027523
EWVLVFPKNHD,28185.866972477063
PHLQRLPKVQPH,3163.559633027523
HLHKGQAG,1455.2844036697247
RGFPPKSGWAL,5000.454128440367
VLPKVKQEHDSG,860.4816513761468
DHGDNDLSG,1239.7844036697247
KALWDYNLWHA,11619.357798165138
EAPRDWHVLG,2655.412844036697
KSLKREVG,764.6284403669724
HSDREARSG,1140.5412844036698
WKYQGQPYHD,5478.215596330275
NHEYEHDEDVA,1446.6788990825687
KWGKPWDSG,2723.0
NNFVDSG,2368.967889908257
WLSDLRDRWA,10762.302752293577
GAPYPNLS,2910.7155963302753
FAPSNKDQPKHD,1170.3577981651376
RQRHFWASREV,4881.94495412844
FNLQHGWHAEAL,5902.522935779816
AYKRVNDAS,1566.9587155963302
YFLEFPSG,8959.201834862386
KGEWQYNNHAS,2970.4495412844035
LALFGYNLS,11355.256880733945
LDVSRNGYHDL,4689.90366972477
FEAPRPYQRPYH,7771.192660550459
FRAALRWFNKS,6745.940366972477
EELRKNKHDSG,868.7293577981651
YEFHVDLSG,5138.48623853211
FLSQPAPLEWHD,4531.655963302752
KFFRWGKSG,2779.0183486238534
YKASNFPYAKDL,3901.02752293578
ASKLKVSNKA,812.9082568807339
VAPEVEHVALG,1267.908256880734
KHVVLRPVSWKD,6499.665137614679
WWAGNLQKHDA,3988.7522935779816
HKASSELSG,767.1422018348624
HQPENDHVSG,1153.1697247706422
SWGDAPDVAS,1894.1146788990825
SRWLPSNVSG,4908.188073394495
VHSVEHVSG,1654.2477064220184
LPLGLGPHS,3235.197247706422
SYVVKSG,3296.9954128440368
RWNKLKNRNKHL,1591.9449541284403
VQDDQDSG,909.7752293577981
DFEKSQSNHDA,1055.3623853211009
APSHVYHDVAS,1867.5
QPANQFHQRYS,6326.077981651376
LHPNVWG,6609.761467889908
RDFHLALGFDS,13301.637614678899
NGRHLKSKDVLG,1707.045871559633
RVHDDGYALS,4397.633027522936
HSNARYQFPSG,4782.738532110092
RDFDSQAQFR,4043.045871559633
VYALYGRHDA,6557.642201834862
DWSKRPAL,3319.4816513761466
GFYRVLEPYNA,17843.518348623853
GRQAALSG,1697.2981651376147
SKLYPYHDLG,5022.614678899083
AESYWRNLS,5671.045871559633
PSARDGWHDVSG,2834.5504587155965
VYEHVWSG,5366.623853211009
ADSFPFKDVAG,2062.4311926605506
EEQKQNSG,640.4816513761468
GYKNLQYKHVA,3331.3440366972477
FAYPDLEPYK,4374.692660550459
DHAVDSG,1096.045871559633
LWGKPVASG,2590.394495412844
PDKFWKGNHVG,2160.619266055046
VHRYDFLG,7447.94495412844
VHSGNRLG,2269.6284403669724
DWRKSHLSG,2637.0183486238534
HVQQLQHAS,1809.7568807339449
QQPQGNSG,822.2614678899082
LHGNNHSG,1847.8302752293578
YYGNDKHLG,2557.2155963302753
WQGAWLSG,9353.321100917432
RESEDFKGRAL,1775.3715596330276
DLRYEPSKAG,1565.3302752293578
FHPDNVRSG,2041.7018348623853
RLEWFDQYL,19307.344036697246
PSNQRHPWKHVG,3352.362385321101
YWLVGWQRKHA,7727.334862385321
EQPYDPLGFDVA,2535.6009174311926
YFHAEYYHSG,7255.068807339449
HNEFWLSG,6381.738532110092
EPAVVSGPDSG,1060.1146788990825
EQVSHRPYKHG,1791.302752293578
PVGSLGREYV,3620.288990825688
YSFPHGEWVWKG,6884.779816513761
PFDDNSG,2415.5137614678897
VSRVVLPYNKG,5216.3302752293575
GLNGPDG,1738.2201834862385
FNKLKHGKGEPD,1091.380733944954
KASKRYHAEHVA,1320.380733944954
PEQNREKHLS,1201.3256880733945
SPGPSRLG,1521.9449541284403
AVAWWNG,6308.032110091744
KEYHGNQPWNAL,4649.1697247706425
FEGWQRVWVAS,13806.871559633028
GSQWNDWG,5133.825688073394
QLYSKYKHDL,3498.206422018349
QLHDFYLELS,26936.155963302754
GYEAKVG,1442.6834862385322
FVPKPYAFEYA,8508.197247706423
KSDVRLYNVS,4050.532110091743
HRYGEFPYKL,7057.270642201835
GLGQLNG,1995.1100917431193
RYQYHEDYNVAS,4093.183486238532
VHSNQKG,1098.711009174312
FWWSEVFPYHG,17269.050458715596
YKRVQYAGAG,2918.6330275229357
RAFVSWDAEPH,5880.825688073394
WNWGRKWDG,7618.564220183486
QYRGRPASEYWL,12034.70642201835
GQQERAS,905.5229357798165
AFLARKVSG,4088.1605504587155
RQHRSFYNKH,2886.293577981651
ALQDYALWSG,6728.481651376147
FQESALRYKL,7659.256880733945
YGHEYGEPYHVA,5431.206422018348
PQFEQEDAFPY,5772.811926605505
WLNLSVQASG,6055.366972477064
SNSWVQLG,5045.454128440367
QPWNLWVFFYLG,23648.39908256881
VWVPAYKL,11666.802752293577
WHREYKEHPWHV,7582.54128440367
RYGKWHAFWAG,10350.88990825688
QGQFWHSKDLQD,2644.8348623853212
RSFWWQPHVAS,9226.821100917432
LGWEHGRPAS,3454.2201834862385
AQWYGQAG,3816.8899082568805
LDGDDLG,2160.2201834862385
NEKHLQDRWVG,3625.376146788991
NLPDQFFRDAG,5116.073394495413
HSHAGQKARY,2406.940366972477
DQEGAEPYNL,1851.7293577981652
FVDSLESG,1724.1284403669724
NRSDGQPG,1447.9174311926606
NKKVHSRPKA,862.394495412844
REVPWLSAQFK,5163.931192660551
QERDHDPHG,1255.5
QPSYNHYHVQPV,5764.229357798165
KAWGPFHAS,5736.068807339449
QNVFYNFNKGKA,3897.0504587155965
EKNDQFLSPWVL,8567.600917431193
GLGYAPVLS,6367.701834862385
LFGWDKSG,3558.0183486238534
EYYKLELSPYK,13884.669724770642
WRGAYWLG,15438.018348623853
SEGRFYLSG,10707.311926605504
AYAEGPKALG,1691.3394495412845
KLYSWKSENKDV,1495.6467889908256
FAHWRHVG,6977.623853211009
WYWFRDEWLSG,16217.908256880733
AGHYHQWNVG,4432.738532110092
HLNGRNAPVG,2226.288990825688
KDHQYHLGHVG,3019.1926605504586
FGYSLEYKG,4995.220183486239
HDNDARYSPDV,2586.440366972477
FNDDEPNRPNDG,1810.1146788990825
WGHKGYLSG,4827.206422018348
GKQWFSG,4688.766055045871
QANAGYGNHDLG,2560.52752293578
YNFKHVSNRWD,8096.022935779816
DVALYENVFA,15416.022935779816
DAGPREDLRPYH,2843.793577981651
WLDNLSWNH,10766.169724770642
LGNQQHALG,2292.243119266055
EKLFKDGPRWDV,3972.9449541284403
KQRQKSRYNKHA,928.256880733945
PARKPKRWAS,1518.7477064220184
RVQFQFRYDQWK,16436.160550458717
DASDHLRPLG,2337.967889908257
QEHWVQHRWKH,4701.454128440367
HNNEYKHVA,1658.1697247706422
ENEGEDEYNA,1142.98623853211
AKVYRKAS,1252.7568807339449
EESGHLVSG,1382.1284403669724
QRFSNHRNAG,2925.711009174312
WHERQKVSG,2193.454128440367
VVLHGKDSG,1669.8623853211009
PQKNKQKHDVS,704.559633027523
QWVPDRYNDAEP,2904.940366972477
NFKAFPLGHA,5324.233944954129
HYANVFYWA,17759.894495412846
RWANGDNHDAG,2337.1146788990827
VAVANDVANKG,918.7935779816514
REKVKYSPKHD,879.2981651376147
ESESQEWLWKV,3435.8119266055046
YQYDWNLHAG,7474.5
SWQQWDLG,7262.5
HPLLKASG,1793.2844036697247
ELQPPAKLG,1019.4449541284404
RWYSNKQRNKAS,1740.467889908257
YHLDHVARPVLG,6857.692660550459
RNDAVGRGEWN,2562.922018348624
YAGDPNVLQYK,3584.0045871559632
KFNFHSQPWH,8709.47247706422
KLNKGWGVSG,2320.816513761468
RQHFWLWNKHV,8743.229357798165
HYQVDVALG,5126.706422018348
DVVNDGPDVS,1255.7018348623853
FNYSRYAPNH,5441.931192660551
DKFNWLSG,3284.435779816514
FSFFHQYALG,8648.12385321101
LNHHFDVASG,3570.394495412844
FGRKHLEWRNHD,5050.288990825688
RAAQDSHDV,1115.6467889908256
VSGQWGPQNKL,3312.816513761468
EYEGLEWNVLG,6352.467889908256
HFSASYG,4646.8302752293575
YARLQLPWLSG,15620.646788990825
FNSQRFYKHPYG,7562.940366972477
HDEYLKHKASG,1452.6788990825687
FLGSYLFHAS,5752.5091743119265
QYQDNRPWNHS,4096.371559633028
PSGVYSGQFRND,4570.963302752293
AVAVPHALG,2142.733944954128
NGHNRVSG,1830.866972477064
QQDWEYNHDALS,3482.3853211009173
PKQFVQNGPYW,11541.48623853211
KWDFPQNDVAL,3370.201834862385
DVRGSPNKSG,1120.1284403669724
PEWFPGRYVL,25044.89908256881
FRKHSNPARPN,2084.4633027522937
YGPKRKASWKVL,2683.97247706422
FEWDKLLSYWNS,9290.752293577982
QHWYNFPSG,8581.334862385322
KYEGQPDVASG,1018.4954128440367
EGNAYDSEYH,2501.7522935779816
LFPYWWVAYA,24264.545871559632
ENSENFEYSNA,2265.380733944954
EFAENNHDVA,1527.6697247706422
NWEARVLS,5823.137614678899
KKYDARG,942.9311926605504
FLHKSFWLG,9502.69266055046
PDHGHQFENKH,1600.4449541284403
FKYLAYWKAS,5922.371559633028
QQPFFYVLG,32448.545871559632
DRDRSWDVG,2554.6009174311926
DDVLSLWNLSG,5187.133027522936
SASAVSG,1122.1788990825687
FQSYVSWKHAS,5576.733944954129
GVSQLSKVL,2897.087155963303
YYNNNVSG,2535.229357798165
QPHRRYKVKHV,1834.3761467889908
WVQQGFYDL,17707.72018348624
FPQKSEKAWKH,1570.7247706422017
DQVREAFRKHLS,2006.440366972477
RNWVNKARPNL,3952.862385321101
SKGPEAG,752.2522935779816
WGGFNSEPDAS,2808.9908256880735
WKLLQHDNLG,4398.536697247707
GNREKQALSG,979.7981651376147
QGARHQVALG,2424.238532110092
EQPVVGFYWVL,33285.766055045875
YFAAVLG,8390.155963302752
LNQYPYDALS,6161.51376146789
RAPNPYHFHL,10785.371559633028
WNNVVSPYWHD,16504.38532110092
APLWLPNHDG,4491.51376146789
EFAHQVSG,1742.2293577981652
YNPFKHDFAG,4276.119266055046
YDWYDVQFREV,12491.940366972478
SQPLSENDLENH,1301.8119266055046
WRSNSQG,2995.8394495412845
KPWLAEKHDA,1563.0825688073394
FEFKFRASEVL,12322.151376146789
YKSEEHDVEYWK,2343.440366972477
SPYWGVARPYWH,21267.844036697246
KHQLYNAHG,2636.7247706422017
NKSANDAEAG,594.9862385321101
KNEHQFENKHDS,908.7844036697247
KLSGNGPGYWH,6435.6697247706425
DFHRVSYDVL,10041.894495412844
EDWVDAQFEYWH,11038.11009174312
HFGPEWG,5704.114678899083
PKYWFDVGQG,5289.371559633028
VSHLLESG,1983.4036697247707
LFDEQEHVLG,2403.0412844036696
KLLEGDSG,1019.7064220183486
ASFVRHQFYDL,16848.169724770643
DDPKWSG,1388.1467889908256
KKVQKRYWHDL,2152.967889908257
RQDEKFPKDA,742.7339449541284
DRGEYFYKHVG,4584.770642201835
RAANAFEPS,1634.5091743119267
PSGRHPKDRWSG,2592.3440366972477
VAYKREDPWDVL,4151.091743119266
KQKRFPASG,862.1788990825688
WWVDEKG,3601.9495412844035
DKSNQEAG,619.7981651376147
KFGNWHLG,5504.568807339449
QFLEPDYPKDV,2215.4174311926604
AQHGDLEPWKVS,2142.853211009174
AGDRDEPYNAG,1487.9724770642201
KFKALHQKS,1045.3623853211009
NDPLKDVPYN,1701.5183486238532
PHDGWDWLRPW,21364.990825688074
KGARRYVALG,3329.137614678899
LSFYYHLGQWSG,11812.908256880733
YQRQFSQFVASG,8700.050458715596
HPDGWGALG,3612.9862385321103
NKFLHSEYKHD,2282.6422018348626
NLVEAFLSG,11621.555045871559
HNLERYDL,4524.481651376147
PRFWSQAG,4869.215596330275
YVHRPAGWDLSG,6453.454128440367
NGDLNFYWNAG,6982.853211009175
LVWAKVG,5129.614678899083
WPKYANKDAL,2658.353211009174
KRRDSWLS,2264.7155963302753
FARKSGNHSQDL,1781.9357798165138
YKYQFEKLSWVA,7215.307339449541
NPFSHDVASG,2130.683486238532
FGLQQFASG,4398.779816513761
RSNSPHWVG,4295.004587155963
YWPWRPGQRPHL,13220.261467889908
FQREQHSEYLS,4205.045871559633
YNHQKVQPKGN,1288.0
KHLFRALGRSFN,6473.766055045871
WQDLVHSG,4610.0
RWYSWNFYSG,15139.01376146789
VEASNVEYWDL,7346.3302752293575
GRYQWDAPA,4796.788990825688
GVRYLHG,6983.59633027523
YWEHEWVKDVA,5131.04128440367
PRGFQPLSG,3904.197247706422
RKGSVLNDG,1214.7844036697247
GNKNKKAG,580.9357798165138
EQPPYVEPYKDA,1510.6834862385322
PDWNARFPHASG,4653.256880733945
YPGFSYSG,7720.288990825688
WHNVVAEPKS,1720.0871559633028
DEDEGQEPKL,817.5688073394496
QRQSWKSRPYWS,8415.720183486239
NQNLAQWDALS,3685.6422018348626
SPNEEWVG,1663.7385321100917
FAFEDFREWLK,9540.339449541285
FHLRERSQDAS,2467.798165137615
YQWFWDQKHDL,9989.247706422018
RNLHDQAHVA,2143.3119266055046
LQSFFYVG,28928.4128440367
SWWLQENLS,7168.743119266055
RVAQNFDGHS,2831.1651376146788
SKQEDWKAL,1118.1009174311926
WNRKFPSYKHD,4060.233944954128
FNSYQWDFYKAS,9310.834862385322
FKAYHPNSQVG,2655.853211009174
WGEHKRPHG,3047.5825688073396
FWNNKHFASFYS,11465.619266055046
NHVLSAQEAYKS,1729.8761467889908
PQKVGQYGWKD,2650.7844036697247
LKHHFKLSG,2697.7522935779816
QRWDFDVSHRK,5049.302752293578
NYHFELPVLG,10208.467889908257
PRNVLVGQNH,3041.316513761468
EVPWHRLFKDA,5071.215596330275
YAVYFWVLG,28457.403669724772
RAQGYVALFPL,29143.449541284404
NDQDAEPNAREN,1247.2660550458716
KNPQDVSG,783.9862385321101
VQQGDALS,982.1330275229358
VYFQHVG,5569.40366972477
YVQDEEPDLSG,1328.1376146788991
DRAPYFPNV,5298.688073394495
RYQVRNDSPWDA,5481.935779816514
RPHYLFKVPYK,8874.788990825688
GDLDNHAL,2077.669724770642
EGPAASFDALG,1330.0183486238532
HYPDFDVLG,5945.224770642202
VQHEDGYAL,2891.1009174311926
YSVHFRNG,5351.183486238532
ERGARALSG,1634.8990825688074
YSLQQEWNKAL,3095.591743119266
VGVQSWNALG,3370.9266055045873
RDVRGFNFNDA,5146.807339449541
GYHAPLGDALS,3181.47247706422
AYWQAGEPDVG,2518.4495412844035
RPNAPHLVAGFL,13523.298165137614
DRPHSKQEYWA,2785.293577981651
PAPDGDLFDAL,2742.8853211009173
WQQSALSG,3046.3853211009173
VAEAEHRYDL,2656.6146788990827
QNWPAGWHV,10862.798165137614
PHDVHQRHAEVL,2195.032110091743
GYKSSRNDV,1703.2935779816514
YGYAEFEWG,10457.45871559633
SNDGNLQEHDL,1993.6146788990825
RNPYLSSFNAG,4922.642201834862
ESWRVAEKH,1950.3302752293578
WLKKHHDG,2440.1651376146788
GRLSAQPHDG,2189.0550458715597
NGELLSFYNALG,10546.862385321101
WKPRSQEWNSG,2342.3990825688074
GLGVFEPWNV,9436.798165137614
RHQFHGPHLSL,8456.97247706422
SVKHNLSG,1376.8715596330276
RLQRGYDAYHA,6507.316513761468
FNDKVNVSGAG,1327.5504587155963
NDHKDSSG,701.6605504587156
HQGVGNDVAG,1164.4449541284403
FPAFNDSYQNKD,3400.6422018348626
SGLEYSEYHDA,3654.087155963303
NAVHRWAS,4487.412844036698
FAEVADFVAS,6691.454128440367
KHPAPHSNHG,1336.0412844036698
VHEPKHHSG,1327.5963302752293
PPFFVLSG,25565.449541284404
DKHLEPQNHS,1254.4128440366972
AWLGPDPHLS,4826.981651376147
GDAWEDG,1965.559633027523
VHHGVLSG,2294.623853211009
HDESQPWLHDAS,4181.045871559633
AADLNSG,937.5733944954128
WRESSRENDVA,2541.6422018348626
QDFDAYVPYWNG,9190.059633027522
NRKNNSG,1061.045871559633
PDPFGRWKLG,4296.036697247707
YGSNYHSG,3063.353211009174
PKVFRKESFPYS,4392.192660550459
KLYRFRWKDAG,3852.954128440367
AEWFVLFRHASG,21776.42660550459
YYQDLWSG,6592.94495412844
PEYKEPRWKDV,2176.4633027522937
WYVFWWKS,12049.90366972477
NWNKFFENS,4012.798165137615
DREQSGFRYNA,4038.3669724770643
ENAEWFWQFRHA,15037.747706422018
WYVYPNDALG,8563.009174311926
PPDEKWNDVA,1133.0504587155963
DKLWAEHA,1861.7660550458716
PHYGYGEDSG,2384.5229357798166
FWFLSFSREPHG,12009.646788990825
PHLWKEYGVG,4435.394495412844
YQWWKFVG,12516.252293577982
VYHKVKASG,1641.2752293577983
KPRFVALG,3556.761467889908
VAYVSQAEDG,1582.0779816513761
EHDNLQRPNLSQ,1715.3853211009175
GQWAGANDG,2013.6605504587155
VFFKKVG,4706.275229357798
NQARNYDVL,3371.5
KKRGVAG,753.2385321100918
HQLQKSQEPD,914.2614678899082
GHFVFEWDVG,14591.715596330276
GEWWAEYSG,9106.600917431193
VGFNDWDKVA,3563.412844036697
YGHLHVEYNH,6904.463302752293
GDPKHKALG,1039.4587155963302
YPLLALSG,6161.692660550459
SNRNRPKAG,1260.2385321100917
VWQFEPDEYHG,5242.188073394495
RPKVWDSNFPWV,14730.394495412844
HVLRESGFAGKG,4298.197247706422
KAWNPVSEHSG,1643.6880733944954
LQWRAQEWKL,7244.261467889908
FNPQYFYAS,17439.20642201835
ARWSNREHSG,2693.7201834862385
GFYQWQPWNVLS,19157.454128440368
YPANLQFWHAL,16138.018348623853
YLNRWVWKD,8482.302752293577
YYKSEYQFKHS,3257.0
NKRPAQGYWKV,2881.5688073394494
EPNWHAGHPYN,5726.564220183486
APYHVESGFH,4342.935779816514
YVWHFEQFWNAS,15812.371559633028
AEQFDQHALG,2455.5091743119265
EPPWNVNHDKS,1384.7385321100917
GFRGHLGQYNDV,5028.339449541284
HVELFERPVAS,6079.087155963302
WWNSFPLYKHDS,11290.555045871559
SQRQASEPWKLG,2377.1926605504586
LNLGGQFEDV,2926.9495412844035
DYGFRPHPHL,6420.426605504587
KAGEFNKHYLG,3166.5688073394494
YGPDEFDLS,2286.770642201835
YPNEHEYG,2370.683486238532
PSDGALFWHLSG,10679.270642201835
LWGNNHLSG,4686.256880733945
VEQEAFRKHDA,1367.2660550458716
VHAGGDAG,1131.848623853211
EKSFNSKAPDVS,896.2339449541284
QPVGFHFVLNHG,17068.34862385321
DGWHPYWQPV,15600.880733944954
YRLFGDLS,7607.243119266055
LHAKDNSG,1117.545871559633
LYKYSGYWHS,7031.40366972477
DNAFAEPWNKD,2281.2752293577983
GGYWDVKG,3546.862385321101
QRYWSNLVNKH,5668.165137614679
WYLLSKG,6573.834862385321
RLYSFAWVLS,28624.58256880734
NVLPPALWKVG,6097.137614678899
WLYKFDGPDALG,8458.009174311926
SFSFWPNVL,15712.761467889908
YQVGGHSG,2423.908256880734
KDSFNYLRWDS,6416.532110091744
GQPQAEYWKDV,1927.1880733944954
NAPRGQWNHLS,3602.0091743119265
HRALYQPHLS,7091.587155963302
VPRDSEDG,940.4862385321101
LQFAQWAASG,6230.348623853211
WHWGVGPYNV,14236.01376146789
YARNKQPQYDG,2708.545871559633
LPVQYQRNVA,3034.8899082568805
LQDQLSHS,1718.573394495413
PLGNDSLGQDVL,2028.4908256880733
GPQEREKHDL,830.348623853211
QNEDVESQKHV,1028.091743119266
PVGHFPWHFWS,27099.55504587156
AYSQVFHA,5479.325688073394
PKPHDQSQPWNG,1824.8394495412845
VQESNVNKDVLG,1310.454128440367
QFGVHFYNKDSG,3650.1284403669724
DPSNQVALG,1068.0412844036698
AFHQFRLENHG,5331.665137614679
DFLWRPDG,6884.715596330275
EHPYRDVFYWSG,14560.394495412844
SYVKANHLSG,2335.4266055045873
KRRAWAG,1880.7660550458716
QFHEKRAQRDV,1692.9724770642201
GWAKAHLSG,3068.059633027523
FRRFSEPYHG,7127.720183486239
KVGVHDLHVAG,2078.4816513761466
EYVSYRKGFKH,4749.545871559633
ELNRPYDDAG,2444.211009174312
PFGPANSG,2385.077981651376
RLFQHQENVAS,2621.0550458715597
KFSKYWAS,3343.9908256880735
RFAKQYALSG,4856.733944954129
RAPRFRKHDLG,2267.243119266055
PADYSHVS,2207.0229357798166
DYNAEGPWNG,2690.4770642201834
EQRGEDQWNK,1045.880733944954
WKKEQEDALSG,889.3761467889908
HYASQDPAG,1417.0688073394494
LYGEPFWHDVL,14291.844036697248
DGQDEASGWS,1870.059633027523
SPFDANSG,1449.7339449541284
LESNHQEWDSG,2531.206422018349
FDHWDAQFWND,12186.830275229358
PRVYEPWG,7564.247706422018
RQVWDWNVAS,5376.022935779816
RFVRNSHDL,5253.339449541284
VFRRPDWDV,7664.215596330275
DGHVQYRVG,4952.3302752293575
YWRYPHGYWND,13681.995412844037
VSHNYHLSG,3216.8715596330276
RVKLVWNKHDAG,2598.5229357798166
NDDVRRENS,1216.5366972477063
NREHDNSQWKVS,2392.3348623853212
KRRQRKDVAS,678.4266055045872
PPHKYALS,1859.2339449541284
YPAFGHAL,6746.747706422018
DEQGDLS,1256.7844036697247
HSHGVPYWHA,8759.674311926605
SKLKRDSG,907.4128440366973
RSASDVLPNHG,1688.1422018348624
FELVNHDKHS,2099.678899082569
QFFPVAKGPNK,1798.9587155963302
FRLQEYLYQYH,15287.95871559633
VRHQRLPNVAS,2550.0688073394494
YHWAFPSDAG,5861.215596330275
YYHRYLQKDVG,3401.6146788990827
YFSWLYLS,6551.954128440367
PFKEDSQRNKSG,1128.9633027522937
AYQPHDWG,5614.09633027523
WQGEDPDVG,1815.5642201834862
HDDHQFASG,2296.5412844036696
QPYKLRLSRYLS,12410.830275229358
AFLDKASG,1900.894495412844
DVAGYYGEYH,7848.862385321101
NDYVDSYKG,1976.8990825688074
EVGKEHVSYNLG,1714.7706422018348
VEVWAPKAL,5049.394495412844
QSAQGPVG,1176.834862385321
KAQGHRPNKDAS,815.2660550458716
RVKFGQPYS,4658.206422018348
LSHWASRS,4570.266055045871
NNSVWNLG,3419.848623853211
KKEDRHA,678.683486238532
FSWSFLQKA,6055.770642201835
KVVPLQWNDSG,2306.1100917431195
AQKNHVEPYG,1473.1146788990825
FGAQDEWNHV,3255.5137614678897
WPRHYDALG,7906.01376146789
PQGFRAWKVG,4267.793577981652
EDSADLRYNDA,1582.059633027523
ENGAPDEDG,770.9587155963303
EYVKLYWQRYKA,9411.743119266055
DDSDAHLSG,1299.7752293577983
NDWLREHFKDV,4185.862385321101
FHNESFHG,3349.233944954128
KPAVPSG,706.6467889908257
EAHPDQFRHS,2239.8669724770643
ARNAKVFEYNH,3648.288990825688
WHDVQRQGFNAG,4121.866972477064
PNVSNFYSQFRD,10665.463302752294
EELSYFDG,5306.197247706422
KLPLGFHFNHL,10576.788990825688
SQRHHDQWNLS,3933.2477064220184
LEQERWSG,3033.4908256880735
QGPVAPENHVSG,1065.8532110091744
RYHLDLGLPDS,4585.087155963302
QVQDDGQYAL,2334.1100917431195
QRWANLQSFEK,3325.348623853211
PVFREENVPKD,1934.7201834862385
QWERDASPK,2176.0733944954127
ALRYLYAGKG,6738.98623853211
HSGDYKLVLG,4457.408256880734
SHPADASG,1125.0504587155963
NRHAELEPYV,3568.8073394495414
EVNGELWNKA,1442.697247706422
YEGRHDYAL,6649.660550458716
WPDVHASWKHV,5389.633027522936
VAYFNSFWKHD,9566.059633027522
LHLDLKVSG,3949.4816513761466
YSDPVPNKDA,1189.6834862385322
NNEVFWVL,26724.903669724772
RLSFGKDKHD,1910.1743119266055
LSVFAQNG,3489.412844036697
RRAYPYSG,4188.220183486239
KAGPAFKGQRL,1942.2981651376147
WREKWQPYHS,8094.866972477064
KHHAKHAEPHD,1110.3577981651376
AWDVAALQPV,4170.605504587156
FLPKPNALPHLS,3575.3853211009173
GPKPKLEWS,1499.045871559633
AGQVLAEYWL,13606.908256880733
NQYLPFHVLS,16285.926605504586
KALVFKHSQHD,2979.5733944954127
RWSSNDSEYWH,8688.055045871559
QRHDPLGQFLES,3045.394495412844
GFDDGQHLSG,2710.1651376146788
QPYHQVSALENK,1880.1834862385322
NNFPEYNG,3077.151376146789
FQHVEYWRWNVA,14884.95871559633
HWVHGDSG,3292.467889908257
GNHKQPVG,1240.7844036697247
GEWAHAFREAG,3919.0733944954127
RLRGDASWAS,4094.5963302752293
AWVVRWSG,16097.050458715596
HDQEQYHKVAS,1541.633027522936
YKYENHEPKG,1235.6284403669724
GWDNQNASG,1853.7293577981652
AFHQAGRKHDS,1728.9357798165138
AYVAFYLPLG,30735.642201834864
QRLKFPYDRPND,3940.8577981651374
QWAPSGHLYAG,6188.380733944954
FENSLPYDQYN,4700.385321100917
VWGAPSG,3084.2155963302753
YRLFWWNDA,13575.605504587156
GRYHSWFHG,10523.701834862386
DHGENPHLS,1759.0825688073394
GRWGYVLRWG,19582.330275229357
AHLAALSG,3006.9633027522937
VSEHVREKHLAS,1763.467889908257
FDQPPYLRKL,6677.876146788991
NSRSPDLPWNAL,5015.477064220184
QPQFYQWDNKAL,8484.440366972478
QVFHQWHWG,12398.188073394496
PYREFRHSQWNL,11824.004587155963
PKANNVRWNDL,3264.5825688073396
DSARVFKSG,2031.091743119266
SQRRLQFYDVG,9903.12385321101
SLKDAHVAS,1242.2798165137615
LNAQGVLG,1886.8990825688074
LHQAPNALSG,2014.8577981651376
WSKPDQVAG,1505.2339449541284
HFWKLWEKDL,5763.220183486239
FYVSRWLDQNA,7685.344036697248
HQPRLYHDAL,5039.385321100917
FDWYKAEPWKG,4124.55504587156
EQVPYSRPS,1700.0183486238532
DPREKVHSG,750.1376146788991
NDAQPFPQKV,1524.6100917431193
SHSWWVAL,16468.48623853211
WQNHRPHQFYNH,10512.380733944954
WQQGYSG,4546.40366972477
ESGARESWAS,1404.573394495413
RHYPKDWKVAG,2519.045871559633
GASPRALG,2058.1009174311926
HKQHWKLSG,2030.7064220183486
KGFRARDALKS,1418.619266055046
GLRNEVLS,2337.756880733945
FQHPPWAS,6783.1100917431195
WKEVYHLGEWL,15526.885321100917
PHKNNDG,1162.711009174312
EFFAENLSG,4076.137614678899
YPPYPYSG,6925.233944954129
SDRHSLG,1863.0091743119267
WKVPLFKQFYH,13371.087155963303
KALFYVAFSYWD,24488.761467889908
YWPPEKASG,1785.5825688073394
WGEYANDLPHL,10259.711009174312
VSWKPAREWNAS,3161.0733944954127
LHVPVENAG,1637.0504587155963
YVGASQAVLS,2353.1146788990827
QVNANHNLSG,1576.7935779816514
QFFYGQPWQRNH,9270.169724770642
NVASSEHVEPYG,2140.169724770642
SNHGAPHDVL,2262.9266055045873
DKLEPWQNAL,2537.5963302752293
KWYQEHLG,3731.7844036697247
KWVDDASG,1603.0825688073394
EQKAWHAQFYK,3763.0229357798166
PWKLRNSQSRPW,8361.02752293578
DAYDNQFEWND,4724.059633027523
EKWGHGRWHS,4866.646788990825
YNFDYKAPKHL,3466.0550458715597
HSPLNHRYH,5088.146788990825
HFNHWKGQFKL,6592.302752293578
PHRLKAEKDV,1193.7385321100917
HDFENQVGEYHV,4146.655963302752
VVGESELG,1052.8577981651376
KSKHQWQYAS,2635.408256880734
RKVVHLGRPKV,1820.788990825688
NFDSELGYD,4418.022935779816
DNEAKVLSG,987.2201834862385
WYWHWLFPHVL,20735.75229357798
FSVQNAPNVA,2146.2752293577983
KVNLNRVALS,3203.701834862385
QARFNHSYNHG,3928.5733944954127
QKSGNARDRPWH,3574.912844036697
YGYWSYAGQYWK,8351.600917431193
RADNKSNVA,1018.3715596330276
YRSQPAHSG,2161.1100917431195
VANWWNVSG,4867.853211009175
DVNYHDLGQKHD,1971.3073394495414
AEGFFWLG,17985.839449541283
KFDKFYDG,2887.2477064220184
YVYFSFYHVS,12639.98623853211
FYDEVAHLQEH,3142.0229357798166
FWPVYWKHRKG,5601.256880733945
YDHRHSEPDVLG,2449.3990825688074
RWWQNSFYKHL,13219.252293577982
HNKPYHFAG,4075.922018348624
HWKPNPKDAG,1389.802752293578
WELKWNG,5455.481651376147
YAFVSPNGEYWH,12340.821100917432
LAYLDSG,4198.931192660551
WSYQRWRWKV,10644.444954128441
VYEYGNVG,3395.1100917431195
WDHFEWEWD,13228.61009174312
AWGGQYVALSG,7182.568807339449
PWFVHLEWKVAL,30721.330275229357
HDGNDSNDSQP,1464.5779816513761
ENEDRPDLNHG,1470.7431192660551
HEPWYANSG,4953.8899082568805
WAYKSQAENKDS,1133.940366972477
WDLHDVSEWYW,17678.954128440368
VYKDESQEG,1234.073394495413
VSEWWKAFDVA,7884.922018348624
PVPHLPHYWHG,8530.756880733945
NYHHSNLSG,2691.8073394495414
NHSKDRHLNHS,1693.1146788990825
YESDDVG,1890.4311926605506
GKHHLYLS,5921.6100917431195
KALFRAHVGWLG,11526.922018348623
NQNDLAFNKDA,1508.7385321100917
LRLPHQWDALG,7920.073394495413
PLNLPWRPL,17085.34862385321
WHQWEYHGYWHG,17197.142201834864
DSDAGARPYLG,2615.091743119266
FAKKKASG,1069.6284403669724
EALELWLWDL,26401.467889908257
NVFVWVDASG,28822.518348623853
EVDRRLSG,1617.045871559633
GYNGALQRYKHV,5525.848623853211
PHRQDVPYWSG,6829.376146788991
NAGRKAQKFWNL,4059.0504587155965
KAREEYVRWNVS,4062.5963302752293
PSPDHARENKD,941.302752293578
EDGFHWAKHS,3256.169724770642
KEHYYKHDVS,1859.4174311926606
EDLHYWFNG,8472.935779816513
VYGRHGEG,2014.1100917431193
HLWPDFEWND,11226.045871559632
WHKDSQSQNVA,1347.7431192660551
KRFAQRVAS,1852.8394495412845
AHDLLPHG,2714.697247706422
PSVEWARKHD,2348.7477064220184
NYFKHRSG,3126.5733944954127
ALSWFYKQRDAS,4938.8899082568805
PPWKKDRENLS,1329.8990825688074
NHGNKREVRNAL,1710.1284403669724
DPGRLESG,1085.2201834862385
EYRVEPWRHALS,9795.142201834862
LHAHKVSG,1717.3761467889908
VEGYPHG,3134.7155963302753
QSVVNDS,1071.5412844036698
FQFDHFRNKVAG,3977.697247706422
WKPQVAQFPK,2442.032110091743
YKQDQKGRPDL,1453.0825688073394
VQKGDLFNLSG,2090.880733944954
DRALKFENKSG,1480.394495412844
GHANSNVAS,1212.5183486238532
PDLDAQVGYDVS,2883.9036697247707
EARENWASFDLS,5687.266055045871
YKDHREYQYNHL,5033.348623853211
EAKNFWHVLSG,3203.798165137615
EWAWNHQLREWL,15426.0
EAKVHVYHDS,2100.2201834862385
QVFWSFHFYKD,16617.509174311926
EPFGAFPWNHD,8063.201834862385
AKLWWLSG,8790.032110091743
WRGVYNASG,5495.94495412844
AYNRKQWDAS,2641.7844036697247
PADHQNALS,1301.3990825688074
KRKKFPAG,715.9174311926605
NVVNKDYNALS,1743.2568807339449
FSAARWLSG,6791.591743119266
RHGEQYWPVG,7827.201834862385
HDAEVYWDYHA,10313.449541284404
HVAPPGQDAL,1478.2064220183486
FGFDQRHVSRHA,5374.288990825688
WQDFWHEYVA,14890.399082568807
FEQAQNFHALS,3675.6743119266057
AKWDWDSG,3138.3899082568805
DQKLWVPYWDL,16441.01376146789
LKGEGDLS,1012.3990825688073
HAAPGELG,1112.059633027523
NPHNDFNDAL,2329.6284403669724
SFRWLSARPSG,6571.926605504587
HAWFVQFEYHV,42050.09633027523
GNHHVDASG,1749.48623853211
QPQSPSGPVLS,1615.1697247706422
PAKRQPDLG,1193.059633027523
HLRLAFKDLSG,7932.628440366972
ENSNAQYKLQEY,2201.8119266055046
GGRDFEYWNHAS,4726.862385321101
GRNLSGHFEYL,10810.449541284404
WLFSEHVGKVS,5992.068807339449
YFSNHPVLS,6176.40366972477
HPWSHFYHAL,15255.100917431193
QYDWWDSQNVG,6059.756880733945
EWGQLFPNVQFW,29900.72018348624
KGLEHPVS,1322.7155963302753
LPWSDEHDALG,2922.733944954128
LQHWWDVSG,7643.220183486239
REQNGKGQFKS,1034.8761467889908
FVAEAYALQAS,8006.545871559633
QRQRWKQANL,2243.5504587155965
PEDWWDG,7954.155963302752
LFVWWHALSG,14739.940366972478
KFSKKDLS,930.1697247706422
VPQRNDLHALS,1911.7064220183486
PPYAKYKHDA,1832.4587155963302
RHRVQYLFYNDV,19974.229357798165
SEVGLPNSG,1909.5504587155963
VEASVGHVL,3118.6009174311926
VYNPDREPY,4316.651376146789
HPFWSRDG,6843.600917431193
RHQPFPHYKHD,3380.2477064220184
LNDWPHVAL,8848.270642201835
FELQPQFRNEV,2783.830275229358
LARLRDVLS,5001.059633027523
LPWYPNHDVL,11005.518348623853
QVKNNHLG,1617.665137614679
DYKNWHDAS,1896.6834862385322
RAKSSPWHLG,3083.261467889908
AFLFWFPNHA,19029.064220183485
HSKDGWQFELG,4474.770642201835
FPVFLQDLGPN,15856.440366972478
HVSEDPDRELS,1255.7247706422017
HYFNFNSG,5207.623853211009
SQVQHFYHSG,4822.51376146789
EFAKDVEWKL,2230.6146788990827
WQHPRPAS,3146.678899082569
KEDQQREPYKVL,1669.133027522936
WWRYQFRYK,11568.100917431193
DVHHPYKHD,2451.922018348624
SFLEASHSG,2690.793577981651
RGPRFPYDVG,4704.756880733945
HSHNHQPYHL,6306.417431192661
GAFPQWLS,9995.284403669724
KREDAELFEYS,2648.316513761468
EVYGWQPYNAL,12066.536697247706
NDGAPWPKHVS,3193.4770642201834
HENLVGRPYHG,6065.573394495413
YPVNGYDSG,2958.0504587155965
LGNRAFNHLG,5607.743119266055
EPDGKYGWLSG,2891.6284403669724
QYQYGRWGNHAL,9697.967889908257
HWKDWKENALSG,1867.1697247706422
YKWAALYNSG,6154.573394495413
YRKWPLSG,4834.532110091744
GYQKANASG,1362.0688073394494
LRWPLSEG,4347.440366972477
HDENLEGFRDV,3295.678899082569
WYHQYKNDAL,4532.674311926606
SPDHDQNG,1124.8302752293578
DEYKADQFDVSG,1672.2293577981652
QEWAKHGSGYWS,6383.848623853211
VARQVAKDLS,1344.01376146789
GFPNPFYAG,10599.58256880734
RYSSKDQDG,1358.0871559633028
LGYNHYAQDG,3743.0733944954127
YNEWNVYSYAL,14727.325688073395
RHNHKSRYWNHD,3655.706422018349
PLNDSVNDVS,1395.7431192660551
EQAPHLSGFKD,1627.2477064220184
LWRFYAG,11375.444954128441
YWLKLPKASHD,3721.0366972477063
YFSARLSG,4627.440366972477
SKVWDKVLS,2331.619266055046
PNVPPWHLDLS,6538.816513761468
HPKFAFPYN,5574.715596330275
LEPLGHSVAS,1832.045871559633
DWLDPHLG,5299.98623853211
KLDQRKPASG,928.940366972477
FRDSFVFPDEKL,5797.5504587155965
WEAFAPHDVL,13528.137614678899
NSNWDANG,2423.8577981651374
WPNDLVFYDVAS,21255.05504587156
DQWKADAGHDL,2123.756880733945
RVQFFYLQDVA,40427.178899082566
LESFQDASG,2713.922018348624
QANLSFHPNKHA,2555.701834862385
DDRNWDLG,3172.0229357798166
LAEVFRYWKS,7310.766055045871
HVLFYSEDLREP,17434.954128440368
QGASQPNKGFS,1830.9128440366972
YDWGYNESG,3459.0091743119265
VYFWWNG,11911.022935779816
NQNSYFYAG,8708.440366972478
HQDSAEYSG,1387.3990825688074
VPHASHQENKLS,1022.4862385321101
HSAKYKLSG,1550.697247706422
YHKHNKLPVA,1903.7018348623853
PNGRYHLYHYWH,15073.637614678899
QVDVRAPYNHS,2812.798165137615
ENVDNHALQEAL,1390.7660550458716
GQVVHVALS,6359.522935779816
FKRRRPVAL,3208.793577981651
NAFLLGPDLG,10593.857798165138
RGSNEKDVAS,850.1559633027523
QLFKSNLYKA,4334.467889908256
YWDQSFAFENL,15311.091743119267
PEQRLWSG,4846.5
SWFVDVG,12320.614678899083
NGPSRAWVSG,2775.646788990826
GPVSQVSWVLSG,4866.119266055046
KWGNPNDLS,2179.137614678899
SENVSQSKALG,1305.5779816513761
FQFLNLQPG,9403.54128440367
PSFSSRPKHA,2617.1330275229357
PLKHPSQREG,1253.0183486238532
RRHGWEYDVG,5721.09633027523
NLQRQGRYKLS,3806.793577981651
DKHVAAENDA,801.0779816513761
NVHPLFYNKS,6233.284403669725
ALNRSGDSG,1515.0091743119267
FYYQVPNKDSG,1583.51376146789
FPDAHKAPYND,2637.711009174312
KEVYAEKDVL,1695.211009174312
VSQLEYFWNKV,7686.201834862385
ASKEEKLG,609.197247706422
ENSYEWKLNL,3923.032110091743
ARLWPDLSG,4954.119266055046
EEEPKREVG,613.6559633027523
GYHVEQPYDSG,3422.770642201835
DNGFVKG,1882.7568807339449
AGYGFVFVSG,36308.619266055044
LWFWDYDL,17759.24770642202
NYVQPKNHDL,2451.9449541284403
DRDLYHPNKV,2163.1743119266057
KNVWVWSG,7125.55504587156
FFKFVRKHDLG,5574.642201834862
WVWNWLQEYNV,17581.610091743118
QLEVVGQVA,2838.954128440367
FFRNVHFREWN,10705.655963302752
NPRVWNALG,3845.7798165137615
LFKHRQEYG,3154.4449541284403
YWSLVREPKDL,5479.229357798165
RDKRWGRYH,4612.412844036698
VQGVEYNS,2057.2201834862385
NWVRGFHSG,7890.899082568807
KGDPAFRENHD,1277.3990825688074
WSHQASGHSG,2264.394495412844
VEGGWHG,3656.4633027522937
QDDRGHDLSG,1405.2660550458716
SQAYNLDSG,2027.1788990825687
FGWQRAYALS,11546.266055045871
YYLFRYGRLG,11545.183486238531
FQSYKAYWKHLG,5962.160550458716
YSHSRPPKS,1772.6559633027523
VDFGRKSG,1758.3623853211009
KHGSYGQFEL,4018.0183486238534
KQRRGFREWKSG,1678.9587155963302
AKRHVNSG,1061.5183486238532
VEQFWGNDVSG,4132.325688073394
LRNLVLRPHLG,10114.339449541285
VSGDQNHEPALG,1355.9724770642201
VRSKPAG,1085.2064220183486
WWAVVLG,28641.133027522937
PLYDVKEYNKA,2487.9816513761466
KYAVPKG,1169.2522935779816
QEPWVRHANLQR,5275.9908256880735
NPNLNQYWNHAG,3781.3073394495414
FDYLHAFEKLSG,3768.454128440367
PWSKAPGREALG,2021.2660550458716
KKHNPDLSG,977.6926605504588
GQKSLQEVLS,1122.6788990825687
NYNRFVASG,5091.637614678899
FGHKDYKVAG,1720.1009174311926
FHGNNLRKHDL,3696.9816513761466
YDGYSGENRHVL,5133.467889908256
VAAWWALSG,9217.811926605504
PQVGGFHLSG,3760.123853211009
WEFYLFPDAL,15045.495412844037
NGNPFWNKHVSG,3621.9587155963304
SKLGKKLG,965.9128440366973
WWQDAYALG,12854.211009174312
NEGFFESG,3925.9036697247707
VPYVSDRHDVA,2140.256880733945
VFNRPAREYWH,10864.270642201835
LASDSWG,2928.3256880733943
HGYYRPHLG,7919.573394495413
RWKKNVSPYNH,2834.706422018349
YGAFDSFRWNL,14986.848623853211
RFRKEVAEPS,1294.5229357798164
FYLLNSQEPLSG,4131.05504587156
GQQDQEVS,777.9311926605504
DLPKAYYKHVG,2379.711009174312
LEKAVFREPYDV,5980.422018348624
HPQRLRPS,2302.1880733944954
QFHASQHAASGF,4237.8302752293575
KWQLHLSG,4222.683486238532
GDQNKKDVSG,672.9954128440367
PPAGLFNVA,2594.6009174311926
FLHFNLWKHLG,9010.62385321101
HQEGQYLQKHA,2212.0963302752293
YNAVQRHQYDL,5480.100917431193
DARHGWHYDLSG,6280.307339449541
DAHFWDNKDG,2636.5550458715597
NHQEFPLGRDL,5051.1697247706425
LFLNPDAG,3974.293577981651
WPWFFRWNKS,15234.922018348623
SDFVAPASG,1702.532110091743
EPQQRPRYKHL,2824.8715596330276
VHAWLKG,3826.5550458715597
DLNQRGWVS,4150.201834862385
VFSWFDLSG,10964.481651376147
AGWGAEASG,1601.1834862385322
RQPRLQNKDVL,1601.8623853211009
HEAFHYDVG,4986.018348623853
HDQSDLEDA,1128.2431192660551
WYSWVRPLSG,10974.288990825688
LQEWGHGFRES,4900.160550458716
QAQWRNSRAG,3149.229357798165
FQPSYLQAG,2906.9862385321103
WVQSSQPYNL,7511.211009174312
YVYFKLNHL,14051.151376146789
QVHDAWNLWAG,8082.5091743119265
NYQVLESG,2415.7522935779816
WVVEHAKHDVS,2592.146788990826
KKYHKVG,888.6422018348624
NHWYRALG,9495.536697247706
NDGFWSKDKHDS,2454.9311926605506
GQWWLSYHALS,16950.9128440367
LVAHHDALS,2891.0
YKGAFPSQEH,1758.6284403669724
KAPVLPDSQYWG,3522.880733944954
PDLANHLEPWG,5047.293577981652
PAFWEPHVWDS,12319.449541284404
YPFDQAG,2761.4633027522937
WRFDDSG,6049.100917431193
LFWWYASG,7271.807339449541
NSWFLGHAL,14764.357798165138
LPAGWSWNVLSG,7398.160550458716
VQYNQGFRPKDG,2530.233944954128
FERYLSVLKH,8763.995412844037
YAFSEYVQHDL,8955.798165137614
NSVKKSG,867.4495412844037
WQKKFPHS,2908.770642201835
YWEKALYVYNAL,17885.160550458717
YAQQSQRPYWS,9452.967889908257
NRFHAPAL,5982.931192660551
DSHQSFVG,2442.1284403669724
YKLSYARQFPVL,14407.59633027523
DPHAKKDLS,710.0550458715596
RHFRNQHGPA,2672.02752293578
WAYQPFDVAS,10281.770642201835
FVHKWDSG,3119.169724770642
PPHGGQWNAL,3181.3073394495414
NASQVFRPDRA,2558.967889908257
LGANHANDLS,1721.9311926605506
QSQAFDVYWHAS,9198.197247706423
NQLAKHVALG,2349.967889908257
ESWKFNEPSG,1726.7798165137615
NASREYQRDQEG,1716.4220183486239
DEYYQFEPNK,2687.5733944954127
EDSQDRYQREH,1489.3073394495414
ESPQYFRVG,3583.4908256880735
RDSWGEAFWHA,9381.073394495414
FGEYLGREHQHS,3271.02752293578
PQYNQRKDQNKL,1245.9908256880733
WKEKLQWGPDVA,3752.9266055045873
HKKAHVASG,1062.334862385321
WSFAPVSPWVA,18916.064220183485
KYLRQFEG,3273.0045871559632
KPHWPDVALSG,2708.169724770642
PVYLYWGYWNH,26155.394495412846
QHHSPAFRNDS,2325.4587155963304
SFELASYWDL,15419.47247706422
DEVDNLG,1390.5229357798164
PLGKHPGHDVL,2545.6926605504586
SDRGRALSG,2029.2201834862385
LSPAPGEHG,1313.3577981651376
WSWQWSYNKH,9794.605504587156
GGRYRAG,3300.922018348624
YNHVLKQPAEK,1131.1009174311926
KWQVHAG,2542.2798165137615
PWKFRLEWKEP,6042.545871559633
GKDYFALG,2826.0504587155965
PPDEAKDVL,835.6788990825688
YWRAWVAFSG,20751.92660550459
AEHWKRKG,1436.788990825688
GVVLQFREWKD,17442.577981651375
NSQRNRVLQFH,7940.366972477064
EWPDQRSFHDSG,3352.077981651376
VPYGQWQNVG,4020.619266055046
PEAGWASRKDL,3131.3440366972477
NWAFPYQREYAL,19299.454128440368
YRNLQRVLEVG,6973.692660550459
SNRGDSG,1234.211009174312
KEYFDWNVLS,5907.311926605505
LYLQNFEPKH,3531.211009174312
NWRQDSG,2582.912844036697
YELHRELS,3442.4266055045873
PPHPPALS,1725.8623853211009
KDELLRPNVLS,2647.9495412844035
RGRHQRSYVSG,2900.123853211009
LFNFGQRG,4526.142201834862
VRVGSHVG,2701.706422018349
KRKPSRKAL,732.059633027523
VDAQSWVLSG,3625.2522935779816
SNFVGHSG,2917.9036697247707
NDAAKGQWHDL,2671.683486238532
NVWWVGYS,19850.51376146789
HYEWRYLG,10794.344036697248
RYWRPASKHGKS,1993.9954128440368
NAYHNKFWVALS,12065.798165137614
YSVEPAEPNLSG,1734.8165137614678
VELFASPVALG,11369.47247706422
WEENWHSG,6043.665137614679
GVQVYKVLSG,9980.215596330276
ADAENLNS,1067.6376146788991
FYRSQDQNKH,2013.2064220183486
SEYGHFDAL,6092.238532110092
WGKNDGNKHAL,2351.123853211009
RNVVDSGHA,1756.9770642201836
DKSFVPASG,1082.6559633027523
AGPDKFRYWDL,5448.628440366972
QRHRLWHGHD,5451.871559633028
LDSRYEKG,1715.8899082568807
WRLVVLS,39896.87614678899
FPLYNQNDFNK,5550.238532110092
LDEYFHVL,8799.032110091743
NVRVFGNAG,4946.435779816514
QGFEKLKEPWS,4076.5366972477063
HFLYPDALS,9192.064220183487
VSDFDLPAG,1847.633027522936
WHWAKSNKVAS,2835.6651376146788
PYGGQAGNVL,2856.233944954128
FWWFEKPAG,5348.637614678899
LPEKVDASG,792.3073394495412
DDWVVLG,7447.862385321101
ANLLQHSG,2288.412844036697
WWSHNHLG,8605.559633027522
HQDNNKSG,905.2844036697247
VGRRLFENAL,5936.220183486239
PNASWNFKFWD,15808.440366972478
NDEPQELDVAG,1145.5091743119267
VNLFQYAS,7713.197247706422
FSNNHLNKS,2110.4174311926604
YLNHLESEPLS,2659.876146788991
EFPDYSRENS,1734.4587155963302
LFNLEDHALS,3900.2201834862385
HFWAGYAWKV,11799.798165137614
HWVADWKHD,4765.256880733945
PALLDSGFWNHD,9303.399082568807
VGVRGEWNK,2045.6146788990825
DRQNAKLSG,1005.5642201834862
FLFSKLRDG,4491.146788990825
LWRSGYSG,6847.623853211009
KAYPHEYWND,4675.481651376147
FLQYDGFHGRWA,13317.545871559632
VFAYDRWNKV,6041.678899082569
HVKSSPDAS,803.9174311926605
QLGGDAYNKDA,1395.3899082568807
KDERRHLSG,1279.2660550458716
WPFQALSG,8132.912844036698
EASFPLKGRWS,3744.3990825688074
SSQRPRVG,2043.3532110091744
QDRDWVGPKG,2143.4633027522937
DESYQPLG,2320.564220183486
HSAAEWG,2636.922018348624
PKYVLQVLHLS,24316.183486238533
SDQFLQYS,6292.963302752293
VLAEFNAS,2940.1146788990827
ADQAHDSG,971.8348623853211
RRGVEHALG,1943.4174311926606
LWGHVELS,5363.339449541284
SRKQLPDG,1382.8853211009175
GFNLLSNKHVS,4566.220183486239
KKQEVHG,777.2477064220184
NWYKFSG,6410.752293577982
FYQPHAPGLG,3017.1422018348626
DPDASRQYHDS,1419.8715596330276
RWWEKHQFREWN,9296.266055045871
YLEHVQAFWNA,12906.37614678899
QQDQPFPYNAL,4929.344036697248
HQEGVGRPYAG,3638.105504587156
DDQAGWDG,2362.3394495412845
KPKWDKAG,980.5137614678899
FPVNEWQFYKG,12904.600917431193
YKSLARPYKLS,4083.1284403669724
KEVDSVALSG,1044.0550458715597
WWRPFPKDALS,8794.967889908257
LRWYRVALG,14548.197247706423
EAPQWSQRHD,2184.077981651376
EPKYRYNYNK,2368.1880733944954
PVKLKVLPYWG,13773.70642201835
SQFVYGFYWNK,14884.426605504586
FQGNPVALG,3577.435779816514
RQYLAEPHVA,3289.119266055046
SDDAPSG,978.4724770642201
VEQQPLSG,1260.5688073394494
GNGRGYLSG,3518.711009174312
DNSVGVSG,1197.6788990825687
PPYVLWSFPYK,25655.036697247706
WKFKAFHEYHA,5724.5
QAGGYDFYNDS,4719.628440366972
AFWSKQFENKHG,3016.408256880734
APWHYFEYND,12303.949541284404
DSELVLQRW,11942.045871559632
FQKWQPDAL,3922.2477064220184
SAFRLWHSG,8176.09633027523
QYYLGDLQYNSG,5892.399082568807
PLFYPAREWKL,12802.169724770642
QPYFYNHLGRPF,20412.532110091743
SGDGKHPYAG,1925.5183486238532
RDHKALNG,1477.366972477064
PLYVHVQYHG,18980.4128440367
PRPSWVNKDLSG,2229.738532110092
HGGDDSG,1196.2018348623853
DFWGFSRHLG,11472.743119266055
KGLYLSKHDV,2863.8440366972477
PGDESNVALS,1185.4036697247707
AENSSREYNDS,1453.7935779816514
GRESYWNFWKH,8366.766055045871
VLDYYDLG,7296.440366972477
VLVNQWHVA,6876.811926605505
LRNKKAEHSG,861.5275229357799
VYHNEDSG,1508.6009174311926
GYVKPNVLS,3491.637614678899
LEDSGWNEYNS,3905.3577981651374
SFNPLGFNKD,4442.733944954129
DRAYFWDS,9350.215596330276
DVVSEQFSG,1831.2431192660551
FFLDRNG,3950.6284403669724
WFAFYSFNL,12936.766055045871
PFDRNLRPWNSG,7212.155963302752
YLQSRPYYNKH,5555.724770642202
GEASLEVSG,1516.5825688073394
AWEPWELG,6580.816513761468
LGDYQRDLG,2882.743119266055
FHSPWPHYWSG,14891.536697247706
RYQYRNHSPWND,7345.977064220184
QVENVHLREA,2237.9449541284403
EAWVHQFEPWNL,11598.073394495414
RQLYKYDVA,3910.3899082568805
HRDFYDKHV,3717.623853211009
KKVAVEWNDS,1463.3302752293578
YALARGFYSG,10951.174311926605
RKSVPSEYKVL,1663.0504587155963
LPGLPNVS,1695.4724770642201
KDNFNDREKL,1224.8256880733945
SWVRAHASG,3993.3394495412845
WFKNSQALSG,3165.7477064220184
QRKARESPPKHV,956.4036697247707
GGFNGKG,1703.4816513761468
PASWGWVPWVS,21141.963302752294
FQSDPVG,2125.761467889908
VLHWYKG,6061.302752293578
HWEGKLG,2172.711009174312
KGSWPDVAG,1578.954128440367
EAGDNLKHDAG,868.0917431192661
KADHPLG,1273.9128440366972
HEEAEDLG,940.5229357798165
GSHVQWKHDLS,2559.091743119266
FYYAVGEPNLS,4240.853211009175
RPEWQRYAPNHS,6058.637614678899
DPQPHYHALG,2900.348623853211
KVRASEWNPYW,10014.252293577982
WYGPAFDAL,14913.050458715596
NLFRDARRYND,6125.302752293578
LWVAVRNHVG,9656.394495412844
GYWWHPKG,6029.027522935779
KWLSWFKHDALS,7314.917431192661
HPKEAFNKDV,902.5825688073395
FWDGLQYNGHS,6547.977064220184
PGYVPYGEALS,4263.412844036698
LREAPKWSG,3355.0229357798166
NKNHNHAPHDG,1584.151376146789
EFVANPWND,5291.394495412844
PQADNASG,917.2889908256881
DVRRVSGNLG,2761.6330275229357
NKVEWSFEWLGE,7920.9908256880735
ASYRRHLSG,3661.816513761468
HYFSQFSG,6659.133027522936
QWWPLSQEKVA,3668.6651376146788
NDYENKHYWVL,8712.536697247706
DEWLRGWVG,10688.839449541285
GWSKHRLSG,3493.591743119266
GRQPQEG,1096.4908256880733
LNFKVELG,7779.1100917431195
HLSNGDYKHAL,2703.0733944954127
KRHDDLEPNHS,1346.9816513761468
WSGFFYADVS,25956.3623853211
EFKNAKDG,930.5412844036697
YLKYWAFYHV,11601.532110091743
DNKDDASWKVAL,1712.5045871559632
KAGHLWHSYWV,14452.963302752294
RLVWKSFEDSG,4038.412844036697
DKHEYPYALSG,2284.577981651376
PGQLRNSPWS,5640.51376146789
QHFEDRYAGLS,5625.0
HVFVPKGEPLS,2318.0
QVLEGRHGFPL,10011.371559633028
FFLPLGFYNDVL,14535.43119266055
HQLFDENHAL,4161.802752293578
NSVPVYWVASG,7976.238532110092
VNDGSPAG,1125.8119266055046
HRNVDLPWDSG,4026.954128440367
KHEPPNDAWG,1999.532110091743
VDVRYYDA,6860.100917431193
VGPWNDGYLGRW,16334.798165137614
EPWARNFKASK,2642.1284403669724
YQGWFWSG,14404.655963302752
QQPGVPYWHVA,4592.467889908256
HSPGFENQKDS,1086.1697247706422
RLADDAS,1442.091743119266
KGYPGNLG,2076.9311926605506
LRRVQRG,2467.908256880734
PVHNDNKDL,1079.8853211009175
HFDAQQNSG,1360.8899082568807
NNLADSG,1348.3623853211009
NHVDSFYQEW,9180.133027522936
VPWKSDEPWNVA,2516.605504587156
NSYFEVQPA,3944.954128440367
APPKFELSG,1049.6284403669724
YLHWYDSG,7172.192660550459
NDEENHVYG,2340.5137614678897
RRNLKDEPKHS,876.697247706422
FFHKWKLG,4376.114678899083
GEQGKVSG,996.4908256880734
QKDEDAAQYDG,1079.8394495412845
PDQSEWQHDV,1963.5825688073394
QPDQSGESPWVA,1923.926605504587
YRPQGPYWNKD,3909.8715596330276
PGLGVQKDV,1134.5642201834862
GRWPWQEPVG,4960.95871559633
PHGLGPKRWNV,4837.784403669725
YAYDGRQNVS,3402.1559633027523
HPKVRGPNG,1429.8623853211009
VHDLVKAG,1436.7293577981652
YWFVFEAQHAS,15933.5
DNKHVKQEKHD,742.1330275229358
NHKDQYHSDVS,1355.7706422018348
VQRYSDGQWD,6760.353211009175
PPEAPHASG,899.5229357798165
SYGSDVALG,2385.261467889908
PVQVHLSRVA,6151.40366972477
EGPNKVHQRYL,2746.876146788991
EGVWYASG,5555.793577981652
RDVGPKLPHGFG,3290.5412844036696
PDGDFEAYNVG,3314.243119266055
LYNEQFEPYNA,5187.1697247706425
EWHHREYAPHA,4208.1697247706425
PDPFREQPWLG,5134.54128440367
KQYRKDVAGQRN,1473.7155963302753
WYAKDYAG,3641.802752293578
EHYESFRPNVA,2655.238532110092
LDSFRYFHVA,10802.055045871559
PHEKRYLSPHD,3129.183486238532
PDWSGQVGREA,1751.894495412844
SKGRQRSG,1038.0871559633028
PWQGNVEYDLS,6425.981651376147
YHEHKSQRNK,1115.7293577981652
PHNWEHDVS,2704.876146788991
FYGHALNHVQKS,2855.380733944954
DPAWPAG,2024.6376146788991
AHSRGWSG,3490.2752293577983
ANEPSRG,1023.3807339449542
VKGSNDALG,1108.7935779816514
QAWSRLGPVAL,11146.238532110092
SVGFGKHG,2922.8256880733943
KRLDVNSG,1219.4770642201836
PYLGRADQPAS,2593.8899082568805
YEGQNQWHDL,6743.243119266055
NDWRAEKAS,1632.6238532110092
SYDVSHSKAL,1862.2155963302753
KFLSLREAL,4443.802752293578
YKPAWDVYWHG,10871.481651376147
DYRWPYSG,8322.440366972478
ALLRVARYKDL,11371.922018348623
QYSKDVQSQEHL,1471.7568807339449
EHARHHSKHSG,1272.3853211009175
HQNNLFPG,3853.2477064220184
YFERDPYWNHVL,14692.848623853211
HKSPFYG,4538.183486238532
PEWNGHEPYWS,12337.275229357798
SEQAQPLSG,1298.834862385321
ARFWEYLG,12717.908256880733
SQPQGFNKVALS,1909.394495412844
FHDNQFLPWHDV,12567.077981651377
GPNNWKSG,1523.4174311926606
FPVGVSRDYAS,5560.660550458716
EAGNKQPSYV,1396.5871559633028
LANDAKDALSG,1094.7522935779816
KSRHKDENKHV,716.1100917431193
QHHDGPDPALS,1584.6743119266055
DYYYVALSG,20877.77981651376
QAYAPARPWNKH,3923.706422018349
GFPRFKLS,6322.215596330275
HSFFHGRYKVL,10225.229357798165
NFFNKNSG,2491.6330275229357
HYWNYLPHDAL,11276.674311926605
RHVNYDVGRKA,2367.3990825688074
NVHLSFNSFPKS,9297.01376146789
FAPDPNDQWNDV,2282.4908256880735
HKVYKQDSG,1042.4908256880733
PRGPAYAG,3262.9816513761466
SNRLGFALS,8729.761467889908
WYASHLYNVL,12398.967889908257
RKFAFWHAWHL,14406.912844036697
SHQSDVG,1436.0091743119267
QFKFWKQNVQD,2692.5045871559632
PVEKDSFGFPYH,7139.399082568807
KLVSASGRWSG,4453.495412844037
QVVKYWASG,4551.715596330275
SRHNGYWLS,8877.899082568807
DFYYYDAG,12259.270642201835
NQGFYALNKHG,4386.495412844037
WGRQHLREDS,2775.2477064220184
RNHAVRLEHL,4419.385321100917
VPFRLQFG,16947.077981651375
LQPWYREVLG,9272.165137614678
WRYWYVSYDASG,16362.04128440367
PLSWAKFPYHDV,10535.43119266055
EHKLPWGQFYH,10727.09633027523
QRNQVAFQEWV,7927.5504587155965
GVQDWAG,2484.9816513761466
FREWSEGQKKVL,3132.1880733944954
PQWFVGYDVLG,24361.376146788993
AKLLNLG,2662.577981651376
PWDQVLGDRPNA,3537.4954128440368
DADNYKLG,1250.3073394495414
NKVPNDLSPVSP,1084.0688073394494
HFQGESG,1419.6559633027523
WNWAGFESSG,5600.756880733945
DRQHSVASG,1335.8211009174313
WRAYYNG,9524.133027522936
PVNGFDVPVS,2863.0963302752293
PSHHFVALS,7130.963302752293
SPLLASG,1835.7064220183486
WLQNQPDREDVA,1938.908256880734
VFVGARPNVLS,6806.036697247707
KNEANLS,856.059633027523
NGWQLQYWNKV,10423.93119266055
DERFDLG,2729.059633027523
EEYQAQRPWG,4522.775229357798
GFRVAYQFRPW,26251.096330275228
QGHPRKAS,1298.559633027523
WRNWNRSG,5900.431192660551
RAKYGFWHVAG,5357.408256880734
HGNSPNWNSG,2441.151376146789
YSKFGQASG,2009.9587155963302
QSKRSGREVS,939.1467889908257
LENLKDPYNHA,2619.8073394495414
WPVSVFNDVG,8941.11009174312
WWRLPDS,9754.353211009175
YQLAWNKHLS,5629.545871559633
DFKPAFHDVA,2651.0550458715597
FKKSGVNKASG,1014.894495412844
PPLNHPLSG,2021.48623853211
RQNLNGQFEYWS,12030.669724770642
GPNWVNDALS,2810.876146788991
EEYKNDRWKHAL,2408.302752293578
WHPYARVGPAL,10879.371559633028
RGEKQYHDVAPH,2200.4587155963304
QPFRHGEVLQKG,2028.1284403669724
WKDFSYNGEPYG,5706.174311926606
ANLGKKDG,896.302752293578
HQLPFRHAL,7867.715596330275
EQPVPDRNLS,1067.5550458715597
QQYWLHLQHD,8470.155963302752
FWVGDFPVYWH,26505.825688073393
EHNSKVKVSG,1038.9587155963302
LRYLRPWPWAG,17636.683486238533
PLWYAWVAG,20098.830275229357
FSYFWQPYWKA,8253.733944954129
PFHSHLPNHL,6271.270642201835
DGFQYVKDVG,3543.564220183486
PRVRGPWNV,5302.380733944954
QQKHNVFEWVS,5132.481651376147
EQWHRSDLS,2991.766055045872
QPAWGNKLSHD,3338.894495412844
QRKLLSEWARPY,7971.564220183486
VRREYFLS,11186.821100917432
LQVNARHLSG,3186.362385321101
DGQLAGQYNKA,1713.426605504587
LWNVPGPKDLS,2349.922018348624
VGHNNKHVALG,2058.788990825688
EDYEYWFDG,7001.811926605505
PRPFHPNKVG,2182.6330275229357
WLLKEWKSG,4298.385321100917
KPWQAREWKVL,3931.0045871559632
FQSNVQDSG,1316.0688073394494
FGKARVSKVL,2471.293577981651
VSVSVLYHDV,23506.79357798165
RDERPYVRPALS,5071.834862385321
HENPRYNKHDG,2335.5183486238534
EVKHYVAYVL,21717.75229357798
RWDNHGNGEKAG,1396.8715596330276
PFDSVFNKAG,3075.9266055045873
SFWVQERPSG,4095.316513761468
EDARQYKVENK,984.1192660550458
ARHKRPNG,1158.8119266055046
DSWAPSYNAL,5740.09633027523
LRKKSPKVLSG,1088.8853211009175
FHQERPLQPDVL,4263.532110091744
RDPQKAQFNKL,1596.0229357798164
NSPVLYKEAG,1855.3256880733945
WVPGYDGALG,6675.614678899083
DFHASKQYKHDS,1398.9954128440368
FWNPLQRYPNKA,5573.678899082569
FYSELFQFPA,4959.316513761468
QEHYWGHAQVG,3402.146788990826
PYLGPGRFNKAS,3403.591743119266
EKFEFEVQRDS,2161.3394495412845
DEHAYNHYS,3987.3715596330276
EGPQGFYWL,12416.605504587156
EWFFGEKLG,7807.238532110092
WGGGKHLSG,2908.8440366972477
NQDNPNLG,1445.6743119266055
LSGFWSDVADA,5155.155963302752
NNKFDFRG,3058.2247706422017
FDKELRWKA,2359.211009174312
GGVAQHLS,2137.738532110092
YLAFYKLPWKDV,12173.52752293578
FYGQKAWKRWK,3063.02752293578
NSLSYHGNLG,3540.5412844036696
FEHEFWKVQNH,4060.9770642201834
EPHRGFKHVGDL,3052.293577981651
EQVPQWSG,1810.151376146789
FFWQYSFEPWAG,15250.467889908257
DYNWLNASG,4054.3990825688074
KYYSYHDVA,4039.394495412844
FHHSFAKSG,2954.5688073394494
QRHRFRNAYVA,5611.266055045871
FGVGPHEKAS,1466.2339449541284
KWYWVYLSG,19760.311926605504
RGPHRHDGES,1307.954128440367
AEELWLSG,4045.6422018348626
NSLEEWSG,2137.0183486238534
FEPDNSQNQWDS,2402.678899082569
LGNDPSPYLS,3062.119266055046
NRGDARSG,1594.5963302752293
VYLYGNLSG,8257.348623853211
NVRPEKPYNHL,2297.316513761468
NKLPAGFFRKD,3850.3715596330276
VYQEQYLS,4591.637614678899
NHNLYVRAG,7003.5091743119265
NARGPSWNASG,2560.816513761468
HLSRDSDEYHD,2310.9954128440368
HVDYREKS,1397.8853211009175
PYWELSQNPNHL,11568.573394495414
GNFSPLS,3825.3440366972477
FYNKLDFWAQW,13999.866972477064
REQLSPWSQV,3583.3348623853212
YSQNHVAHAGPY,5614.032110091744
YYWRLELG,12810.637614678899
QFPRKLNLSRYG,7966.995412844037
RQPQRSHDA,1275.2522935779816
PHSRQNASRW,4989.825688073394
LNSNFELG,3363.8990825688074
NWFNRPG,6428.862385321101
LYWSDEYWDV,11987.940366972478
HFNYWWKVAS,8396.339449541285
SNAVDLG,1376.9449541284403
GQFPEYVAED,2258.9908256880735
NGWKHKAPNHV,2040.7339449541284
QDYQRNRWSG,4830.412844036698
AQDLHEPYNDS,1869.0412844036698
ERSDHDG,1132.9770642201836
WYNEHEWKVA,5180.775229357798
ELRNKNHRHG,2061.229357798165
RYGQQWASQWHG,8089.839449541284
HRWQAEKA,1588.545871559633
PYDDLQRSYKD,3686.316513761468
QRQHAQEDFYKH,2113.5183486238534
YQPWFFENLS,18860.889908256882
NHFPNAAEKHG,1393.7614678899083
AWVWLRHS,13541.711009174312
DELDNDVLG,1686.0
QGSYLYLG,14398.977064220184
HFAYYNG,6455.09633027523
KLWYYASG,8625.91743119266
SFGGRSG,2461.412844036697
RKHEFKHSDL,1418.4220183486239
HQKAWNDAFWNK,3705.454128440367
LFWSYWDQWHVL,19895.853211009173
FSHEVQPWNA,4802.339449541284
FHAWVRNYASG,7985.614678899083
QEANQENFPSG,1066.3899082568807
FYLLPSGEDVLS,4580.880733944954
DVVAGFDFEKL,4338.926605504587
WWLHHVG,9890.977064220184
PHGHKDGFPNHG,2100.6743119266057
ERWEWLEYHA,9551.018348623853
DDAEWPALS,2469.288990825688
FNDFQYVFYAS,32921.435779816515
KSRDWRNVAS,2280.146788990826
RVWPHSREKD,1917.2614678899083
GYFDKLSG,2935.1009174311926
DRYADSRENKH,1346.2339449541284
FKRQSGYHDG,2896.848623853211
QLGYNVEGYK,3052.8990825688074
GPEPHRLG,1698.1834862385322
FHHYRWVLG,11629.628440366972
KFGDHDLSG,1603.197247706422
FLYGVENHLSG,4080.119266055046
QNHLFKLHQWNS,6653.977064220184
PAPNDVVLYNV,8358.490825688074
RQKRNFDG,1517.940366972477
LPDVFHNVSG,3140.0688073394494
REAYVQEYWLQF,27552.376146788993
NSPPQKHG,1372.01376146789
LYKLWPKHVS,4980.591743119266
KRGVPDG,1171.0871559633028
VVYLDVSG,17287.92660550459
HQAPRASG,1461.2385321100917
QNLNKESEYV,1333.0229357798164
VYAQQWDVS,3707.821100917431
NQVKKDSG,761.8853211009174
NWAWAPVSG,6250.477064220184
DYNYGPWG,7261.623853211009
VWGLWAG,11761.440366972478
ELQQDVFHAS,2000.2981651376147
PRLPNKESG,943.6788990825688
YQHGGEKHLG,1451.4036697247707
EADDRNKDALSG,834.1238532110092
LSWLDVQFWKVG,16935.995412844037
VVEHVFG,3805.8119266055046
REQWGPVLWAL,22207.454128440368
AEPHVDARPA,1276.6422018348624
PPSPKRDSG,716.5825688073395
SDGYQHDALS,2356.348623853211
WGQQKQFPHV,3991.1926605504586
DSPRDVSHL,1347.0091743119267
WSKPQKHVAS,2088.6100917431195
RAHQYFEYWDL,16970.0
VGLAFRDALG,6357.587155963302
WWAEKGHALS,3749.733944954128
LRLSPHLYVL,22688.389908256882
FRYAYPKDPNDL,3762.6880733944954
WASVQNDSEAG,1473.4311926605506
VGRNWNARNLG,5017.087155963302
SDLHFALSG,5064.8302752293575
QKDKYWAYKA,2377.408256880734
ASELPKDEYG,1244.4311926605506
QNYNWVHVALS,12349.715596330276
VPFDDVAG,2047.7155963302753
KSFSWSENL,3505.7522935779816
KAEGYWQKG,1960.1009174311926
HEKDDSFNSG,1147.454128440367
LGKEDARPNVG,1112.440366972477
KLHWEYHS,5389.032110091744
NHAVQWLENL,6631.426605504587
PLKNREHALG,1791.7522935779816
SPNHNSPYWNG,4083.3669724770643
SLQKSPG,1330.51376146789
NFHVKQYNVL,7116.366972477064
NDRFPWYLSG,14825.98623853211
KQGPSESG,767.4128440366973
KQDWYDLG,3692.564220183486
SHSPPASG,1330.2385321100917
LFWLDAFYHDVA,13514.495412844037
YRSVFNAG,4857.9908256880735
FEQQKGFNASG,1586.2064220183486
AFKRSQNKA,1054.4174311926606
VESGADVG,1104.3073394495414
ENSDVLWSQWV,7390.348623853211
QPRNEWKQFRPH,3996.1559633027523
DWKLPRNHAS,2588.5550458715597
SQNQLKHS,1317.7477064220184
QFRAGLDVFRAG,7937.353211009175
QDDHDAYNKAG,1174.0229357798164
HWGKVRSG,2813.6009174311926
KFWAKHDGRPV,3526.197247706422
WKAPVFGQHSG,3189.3256880733943
YVPNLFHFWKL,18447.371559633026
FPGLQYKFDA,10121.912844036697
NPNNQFALG,2499.1009174311926
SWSFGDG,5551.151376146789
QDDGFPPWNH,5311.857798165138
APALQEEYDVL,1682.4174311926606
KQNGGQHS,1237.8761467889908
PVASELEYEPG,2464.9587155963304
SLSVGKG,1510.1834862385322
NDAEQRHALEYN,3286.761467889908
HFWLENFHVLG,18546.922018348625
APNEKREWHD,1518.1926605504586
YAPLQFKYASG,7535.623853211009
PKYNQLPVLG,2992.1422018348626
SGKWLSVA,3962.8073394495414
QWFWQHSRSG,7892.9908256880735
YFQSEKG,1419.5275229357799
HLLPWAEPK,3848.908256880734
HPVPVRHVSG,2104.0137614678897
YHVEVSRKWKHG,3351.0183486238534
RFWWDQEWNA,10872.100917431193
PLPRRYHDVG,3863.8348623853212
WSLKLEDVLG,5612.899082568807
EYSRQFNLPLG,8470.321100917432
AEDLNDYDVA,2087.9770642201834
AWGNRPVSG,3000.261467889908
WYHRQFPYKALS,9555.394495412844
YGQQNGQFWVAS,8995.977064220184
YNFPKDFHVWNS,5734.036697247707
PAHYDSNHD,2298.7477064220184
LWGKYHG,4222.536697247707
SWSFSRLSG,8781.69266055046
RFEWWLWNHDS,13003.614678899083
NHDYPYWALPNK,6041.834862385321
FPLFVLYHQRYW,30136.98623853211
DVWREKSKSG,1338.894495412844
KQKPREYNKHD,918.2110091743119
PSAYSPHVLG,3868.0963302752293
PKVVYLRHVL,18343.711009174312
GFQDFEDG,2875.7155963302753
YENVDRPWKDS,3004.816513761468
LRWRWAPWL,25449.353211009173
DPYNGGRNDASG,1574.5504587155963
HGSKENVALG,1080.2247706422017
DAHYDLSALSG,2896.9908256880735
HARVREWEYDA,5021.270642201835
HEDDLQDA,1415.8394495412845
EYPNVLFSWVA,21628.004587155963
HHLNLNSG,2537.454128440367
VWKRQPLS,3226.743119266055
WYNEPNNDSG,2624.0137614678897
ANAYPWVLSG,8744.009174311926
GEFNNKG,1744.3394495412845
DRPLWVGLS,7208.568807339449
PFASESYWDVS,7164.940366972477
YRRHELG,2921.8899082568805
EWQFNLFWQHAL,28160.711009174312
LHDNSKHLS,1804.366972477064
AGYAKSQEWKA,1716.2798165137615
WPLQPAWNVL,14257.394495412844
HDLHPKVGPDVL,2574.798165137615
PKYNYNLRYAL,12064.98623853211
WHAHPKSEDV,1537.8532110091744
YQVHPHDLSG,3105.6605504587155
DYSDSRVG,1786.059633027523
PDVSQNLNHS,1555.8761467889908
WFLPHYAG,10184.816513761469
HEASGQLFWDA,8670.660550458715
KKVGNKWAG,1319.119266055046
YHELKFPHDVS,3483.302752293578
WPDRHSWDVS,5853.059633027523
WEEKLWDL,8704.715596330276
LHRHWLG,7877.160550458716
EKNRKLPYHDA,1527.9128440366972
VFYDSYLSYLS,10408.779816513761
AGEEHSFEWHV,4110.045871559633
NEAKGESG,700.5091743119266
DWKHYQFYNHDS,5632.711009174312
SAGVFKDLSG,2061.743119266055
LFEYWLEHAEN,5721.165137614679
YKRPREPKPV,1177.5642201834862
NGVSWVPNHVS,4406.899082568807
RRVKDPVSG,874.894495412844
YYVYRESG,6573.788990825688
VVAGHFHSG,3674.3669724770643
DYQFPAAG,2798.0550458715597
QFDPFEYLFWS,18814.160550458717
PSQRFDSENLS,2132.637614678899
WSRGSEKDAL,1875.573394495413
HFNKFYWARAL,12062.183486238531
DYGAHLG,2836.7247706422017
EWSGDGWEPWD,10073.79357798165
GVASKYASG,1600.3761467889908
NHPPVAFRN,3848.146788990826
RVENSPHLVLSG,5106.495412844037
SYSKHNHAL,2721.256880733945
YAQWQYDSHVSG,5732.288990825688
REHHASDEKHG,929.0733944954128
FYRDDVQFRG,6915.545871559633
NYSQGEDALG,1546.1605504587155
LWHFHEPHS,5864.4495412844035
EWFHAFHDSA,7966.233944954129
VYQEEALSG,1482.467889908257
NQYEPFRPDSG,2387.146788990826
RHQKFRESPHDS,1316.7844036697247
NQGNGQHLSG,1723.7568807339449
WHYDQWFWKHS,11739.862385321101
KQANFHVS,1825.573394495413
WVFDRNHDHALG,6679.532110091744
YKREGWNDPVAG,2715.0366972477063
FSLWLGYWVAS,14942.844036697248
FNHLREWWNHDF,20273.0
WFWRWQFPWNHD,21908.83486238532
RPASPREWNSEN,1600.6284403669724
QEKGVAPYSVA,1308.8990825688074
RLWVEPSAS,4259.660550458716
ANFVFWLSG,32064.10091743119
NVHDDVNHDS,1713.4908256880733
FWYQWREPHG,7856.174311926606
NNDYLRASG,2845.0688073394494
DHFKYVG,3078.97247706422
WLHLVPAS,8814.128440366972
HWLEWWKHVL,15933.30733944954
APPNHKDVAS,840.6559633027523
AGADHVASG,1026.6100917431193
PENWSRWNKAS,3234.5733944954127
KFVVVAG,10345.477064220184
HPRWNLLSG,6162.334862385321
FSPWRKFWLG,13926.11009174312
EWQGAGEHDLS,1908.3899082568807
ASFVSQVQRH,3917.0963302752293
EYKAQSVSRWLS,4380.431192660551
YLRHELWSG,7792.733944954129
NRDGKQREWD,2282.077981651376
ASHPDVANS,1028.2477064220184
KVNFFYNHDA,6060.431192660551
PRFPSELG,2926.362385321101
FFNWDFEYWKS,10816.811926605504
QWWLPYYLS,15148.426605504586
EWEQDWNAS,3170.9311926605506
KRQDKDSG,650.559633027523
PGEPVRVGFYN,10280.0
WDGHPAGYWND,10568.490825688074
FLHSDVSYKDG,2817.8853211009173
PWHYHAREHLQE,2668.2477064220184
QVHYVAHVSG,4538.573394495413
DRLGKLGFEAG,1869.7844036697247
QGYAWQFDSG,7379.224770642202
ERDAKDQRNVA,925.1697247706422
VGPLGVARPKHA,1721.3761467889908
WGKPNHDLVG,3390.5045871559632
HVRGWNAEASG,2247.798165137615
KWLELYHG,7481.761467889908
FKRFFENVALS,6946.912844036698
PLRPSKQFLG,2705.770642201835
DFNVRNKRK,1025.0825688073394
YPEYPLSG,2933.5504587155965
GFKGEAQYKDG,1314.9816513761468
QAGVPKHLGFVA,4640.316513761468
PSDKRKDVG,773.5045871559633
ARREKVVALG,1401.3853211009175
NSGALWSGVAL,7734.724770642202
VSFQFFEPAL,26910.018348623853
RLRFPHSFPWNS,13128.770642201835
KVSLDAGDL,1563.467889908257
FYQLPDLRG,5398.247706422018
RHKVPVKVG,1167.3302752293578
HSVNSVLG,1925.1009174311926
KNSFQPVG,1779.651376146789
RFASYGRPVA,5750.334862385321
DPYRSELG,1718.3532110091744
RHQPQHDSPHL,1965.3990825688074
DHDLFVEWAG,7082.366972477064
RKSVEHFEPWNA,2672.2477064220184
GEHSYGEYNDV,3298.316513761468
HRGLFWVLSG,15721.114678899083
VGEYWSYPWNA,14191.467889908257
DPLVRDSG,1256.665137614679
GKAPSALG,1153.6697247706422
QNLFDYKHEWA,5692.178899082569
YKNRENQPAS,1185.2844036697247
VGPYRKVLPYKL,7815.518348623853
ASLPAEHVAS,1189.6697247706422
HHKVWALG,4002.045871559633
FALSKDGYLKD,3868.211009174312
VYLFYASEKA,14511.004587155963
FVVVPWLG,24977.174311926607
DNLVDVSG,1725.5
ESKDVRNPYAS,1531.2431192660551
PQNHGFRKYS,3728.3899082568805
LSLDVPAG,1935.2339449541284
PDWVQHKVSG,2198.137614678899
EPEWRDGPWKA,5163.261467889908
APVPQEHVAL,1448.5642201834862
GSRYFWLS,15197.188073394496
QFYYDQKSGKS,2157.545871559633
HEFAYKVAL,9695.770642201835
HYWHNGFPYHS,12465.055045871559
VSYFDFRENVL,11234.288990825688
RRFDGFLSG,7361.44495412844
NPWYSGQRWNS,8789.032110091743
PGFQYGPWNKAS,4717.298165137615
EAVGLSRDVL,2001.8761467889908
HRLADLG,2734.862385321101
QALHRNKGEAG,1015.151376146789
ESVRVGHLS,2310.183486238532
DQGPLQVAG,1257.1422018348624
GQWYNGREHV,4364.137614678899
AAGQVHAG,1244.7018348623853
YSGHNDVAGHL,3253.3440366972477
ADVPWDVKHV,2717.0688073394494
KSHDRQYDVASG,1355.545871559633
QLHHEHSG,1599.697247706422
QFNGAFYFRPVS,19510.357798165136
EYDVDLPYAFDG,7395.165137614679
QKKARDQWG,1629.0779816513761
WNLLPYWSPNAL,20039.866972477063
NSKYDPYKHDSG,1516.4174311926606
SQVWSHASG,3068.5825688073396
YGGNVVSG,2389.238532110092
SQPDVKGQHL,1149.4357798165138
YAPEQEDG,978.9862385321101
NSEKYEKHSG,1094.3715596330276
EQAVRYALG,3162.8256880733943
VNLEDREG,1186.9311926605506
PYPEFYDVLS,7639.692660550459
RQDGFVNVS,3808.087155963303
VFQKDEASG,935.5642201834862
QPNHNKANRYD,2196.4954128440368
NWEFEHG,3960.848623853211
QNWAWLYNKHV,10530.660550458715
RWPDDAGNDVL,2975.3073394495414
HGWFNVWNKA,7565.293577981652
VSLLQEVALG,3617.8715596330276
NRQDHDSG,1256.2018348623853
YVKYQFLG,10856.788990825688
YNAGRYKQPHKG,2158.793577981651
SQFEYGLFREPS,7480.188073394495
FFLNEPSG,3119.577981651376
AWLWYWHLG,18515.25229357798
DESWAYVAS,5221.1100917431195
FNWSPWPYWL,28455.591743119265
VEQDKHLSG,1240.7752293577983
RLRSYHRALG,5007.931192660551
NQAYQWASG,3254.087155963303
PDVQQRYKHGRN,2014.3440366972477
FAADWLSG,5241.55504587156
NYGHGDG,2165.830275229358
GKWKDWG,2523.266055045872
AENAGARSG,1225.2477064220184
EPPYALNGHAG,1998.5504587155963
LFHWPDAG,5545.94495412844
DALHANGRYNG,2798.559633027523
HAPQALFYNKHG,3382.2247706422017
ALVERPALG,1989.8119266055046
HDVGRSPAGNHG,1703.9724770642201
DVEPYQRQRYNA,3843.1743119266057
SANKKALS,892.2844036697247
KDSVALDQWK,1590.545871559633
AYHYRPLG,6049.371559633028
QGFPYPVNVAS,3870.9587155963304
ERQNYWG,3738.087155963303
KRAQSYHDVA,1563.866972477064
FQQNWDALSG,4055.9495412844035
HVWLYNQPYAS,11730.977064220184
SYHFDLKVLG,8541.261467889908
QLRFESGDV,2681.6651376146788
EDAQWHDSFWKY,9005.288990825688
GQRKAHSRNKA,925.4678899082569
AEPQNQRLS,1297.5550458715597
ALLAFELG,20622.1376146789
NRGYDFRPYDAS,5491.568807339449
ASRQVSEPNHDG,1634.4311926605506
QGRHEYFYKDS,4201.344036697248
PVLPGKQFKVLG,3212.8669724770643
RGYRHEWKVA,3707.6146788990827
HFFPNLVSG,7599.165137614679
FNLGWVRHGNV,8551.678899082568
YWWRHSGHVG,7111.692660550459
SPKVRASRYKD,1475.3715596330276
DLQNFPNEDVL,2425.077981651376
VAQEGRANVLG,1978.3577981651376
AQESPLGYAG,2705.7844036697247
LHYRKLG,3836.7752293577983
ESDFSENVSG,1427.4449541284403
WFQGQDLG,4893.532110091744
YKFLRVEPYD,13891.449541284404
FNYKGDFPNK,2354.8669724770643
APNLGEYEYKA,2120.7247706422017
NVLWVNHVGKDL,8031.628440366972
HDHNVYKV,2969.330275229358
PGLAEYDVALG,3598.5825688073396
KWWQNKVAL,5162.064220183486
RKLQEDGPKRA,1014.197247706422
APWFAPKL,8187.715596330275
SPVYSQNKHDA,1525.48623853211
PYWRKGYVSWNK,6845.839449541284
PLSVAHRDVLG,3945.7798165137615
AYKWQHLS,4345.582568807339
NSSFWDEPWDL,10737.614678899083
RKWFQFPNK,3852.206422018349
SELGGPYKHG,2736.376146788991
NQFNVQYGYND,9557.38990825688
RENYYKGEWKHL,3590.788990825688
FKAWEKDQPNG,1729.5871559633028
DYYHENDVASG,2331.5137614678897
PRQASDG,1372.4311926605506
WSKHGHQRAL,4155.582568807339
DRPQLFRKDLSG,1965.6146788990825
YVHLKAREYND,3897.0504587155965
AGLFYGVAS,10550.43119266055
WAQVRNLWNKAL,9321.178899082568
WLPKSPVFRYL,19827.229357798165
LQSQKQFHAG,2233.908256880734
DFYEGRVASG,2942.9495412844035
LYALSASQEPWH,8467.422018348623
PRGYRPSG,3125.5137614678897
FQWKAPHLFKVG,9030.47247706422
DHSFSVSG,2628.8669724770643
GDSKEVSG,679.5642201834862
HKQQFRYWAG,6555.766055045871
GWEKNKAS,1215.4954128440368
NDARFPNAQDL,2659.077981651376
QHRGDQYWNDV,3824.8394495412845
FKYRYHSGFRNA,5971.967889908256
SRVWGENKHV,2746.954128440367
NVVQWHGWKV,8315.20642201835
KSAHRPNKHVLS,1847.6559633027523
FSKRREDALS,1730.366972477064
RWHFPLQNRPYN,9146.58256880734
REGQHFFYDSG,7500.619266055046
YWGQAFWHEH,10110.908256880733
PDNQKSPYHDG,1588.3394495412845
NYFNAWSG,6540.995412844037
QFSNSFEYQPYD,10298.90366972477
FARYPYDSFRKS,6433.963302752293
KLSAWNKSRKG,1088.1880733944954
SNGNDHAG,1321.045871559633
VPNDNQWKSG,1260.1697247706422
AKKLDLSG,936.5412844036697
RDFWEPYREPWD,16910.949541284404
HSHQKSGDVSG,1044.4724770642201
QKQWNFEDAPYD,4533.027522935779
NKSGQQEKDAGK,607.1422018348624
VWGPKFRYKAG,4767.440366972477
PKSKYKLPNK,882.802752293578
QRLYVSYAQFWH,35079.28899082569
WHYHQYSGENL,5619.522935779816
QFVNHVWDEVL,8288.215596330276
QVGHYHRKDLS,2784.8073394495414
NSFAEYHVFAS,16080.775229357798
HGYVRPPKHDV,2476.9633027522937
EYHVNGWKVQEL,3112.7752293577983
QYVFRVAQFEYR,41741.949541284404
VVKLDVG,2825.605504587156
LFAQVNAL,5648.605504587156
FWPSEWSEPYD,8130.155963302752
VLRDLSFWPYDA,16511.922018348625
DRAFLNAG,3559.711009174312
RQDLHFVLSG,8144.871559633028
FRHYNDLWRYKH,8714.743119266055
WWGGPLSG,8910.0
VRWPNVQYKHV,6693.128440366972
QGKWVAREHL,2866.316513761468
FQRWHKHGRHS,3833.894495412844
KSSPGVSG,896.5229357798165
YEGVFPDG,4838.298165137615
WVAYWPNQFVS,22267.95871559633
NREKNFEWNAL,4272.077981651376
NEQVKHALG,1632.4495412844037
VQWHFASEYWNS,13810.330275229358
DVEGHLRYWS,10696.935779816513
YHDPNRYDFDL,7685.54128440367
QDGGAPYNDV,2155.637614678899
GELQWLVLS,30453.940366972478
VEKRAPWNKHG,1828.408256880734
QDRASGEVWHV,3176.678899082569
YHHYFDSG,5365.605504587156
LFQSHAG,3057.0091743119265
YEKKKDVALG,986.3990825688073
WKKVRLFWKHD,5971.688073394495
VNSKANLG,1307.4357798165138
LSNLPWVGEVG,4505.8302752293575
PNFFLGEWNHL,18093.495412844037
GYLREARNA,3028.967889908257
FNESPVLEPYDG,5276.045871559633
RWWEHGEPNKH,3529.0963302752293
NGEFHVFHL,17409.45871559633
ANAHDKASG,846.5642201834862
YQPQDLEYDAG,2115.293577981651
ARHKFHVLG,3359.798165137615
EQVYKFKHAG,1922.8073394495414
HLYEQNLSG,2936.1146788990827
PENANDNVAG,1005.6009174311927
HDHVRNEPS,1298.1284403669724
GPDAASEPNA,745.6880733944954
VPYHWQYKHVA,6364.091743119266
DEKSQWDGQPG,1678.5825688073394
HGKSVRNKDVA,1024.9311926605506
HRWLGLYVL,27769.903669724772
ERPFVGEYKHL,3148.3440366972477
DPQWWNVAL,7116.426605504587
VSENNHQYWSG,4861.252293577982
NHEFYLREHDV,6623.912844036698
GYEYDRG,3662.6559633027523
AEKFSVASG,2092.6880733944954
PLEYKLPKGQFR,4855.366972477064
AQLVFYASG,36454.65596330275
FQHHALSGYH,6489.0504587155965
AQYYHDARNVAL,6059.706422018348
EPWKQDQDGQY,2229.4174311926604
YHPFGWVASG,8441.29357798165
YEYFAFWNHS,6958.545871559633
QNPDVPAKALSG,981.9816513761468
YWYFFWKDVA,7120.793577981652
EHSHYWLRYALG,11579.091743119267
EYWFPHSESQYD,5852.733944954129
VGPLREYEWALG,5235.871559633028
FNPKYWNAPYV,9425.977064220184
QGFWQHGREPA,3336.545871559633
EYPRHVENHVG,2171.1651376146788
KLDWNQPYWNA,6701.105504587156
SYPFYSG,6423.229357798165
HEFHLWSG,8677.536697247706
AYPYLWVA,15964.899082568807
AQLEVWLSG,9890.509174311926
RWDNKVGFDQNG,3135.1651376146788
GGNLHLSG,2460.408256880734
AAFQFSG,5089.935779816514
YQSKNHG,1527.2431192660551
RRRSKVALS,1276.3577981651376
PHNPDQENL,1314.2981651376147
NLLRLGVG,8224.651376146789
RQDFKRYWKHG,2789.330275229358
EWVLASQAEYK,4595.211009174312
YQPNRWSPYKD,6358.197247706422
PPSNYHG,1890.4954128440368
YNLARNVEPNKD,1891.7477064220184
GNDFLWKG,4257.614678899083
EGDVPSPHG,1172.788990825688
KRADARKAS,757.2385321100918
NGEVFALQNHVL,9025.633027522936
KFVNKYAG,2482.2522935779816
KESVLHLG,2246.605504587156
EKSYPWKEVSG,1284.2293577981652
QWALKGQPSKDG,1924.1422018348624
GAWASNLG,3762.646788990826
LERFKALG,4394.94495412844
GQNVDPWNHV,3181.922018348624
NAWGPKWNALG,5696.733944954129
NYDDENASG,1373.4587155963302
PEGSALG,1495.908256880734
YWFVHAFWNHA,13093.600917431193
EKRPGPDLENK,726.3302752293578
RKWQSGRVLG,3106.8440366972477
PEKGKHGYAL,2356.4036697247707
ENKWRHARPYDG,4577.321100917431
ASQFNPAPYWL,19642.376146788993
FFFHKLG,4029.087155963303
FAQAKDSQFG,1829.7477064220184
EGHEWSFDAG,2787.646788990826
NGAQKEHAL,978.2752293577981
PQAHAEDG,916.9862385321101
FHQHLRNDYNG,4135.844036697248
VGSYEPSG,1723.5183486238532
WGFNQGEWS,7256.637614678899
PGKVHQRWK,1715.5779816513761
WVQAENAKAL,1911.2935779816514
ADVHHALG,1896.091743119266
KHYLGNEDAG,1278.8302752293578
SQLKKALSG,1421.1697247706422
PHNANFREPWVL,11729.256880733945
DLWFSQPDVALG,8831.733944954129
YWHRPFRVLKA,10472.229357798165
YFAPAYWNKHDL,7300.623853211009
RYGRKQEAEHS,1053.3073394495414
KYFKGNG,1660.0825688073394
EPFLVPWNHAG,6849.9908256880735
PNQLHVRNG,2568.743119266055
PEQESEG,678.394495412844
RKYKAGNSRWS,2394.091743119266
PASLRGRPNVAG,2405.4908256880735
FLVRPKQYNHLG,5769.605504587156
HWKAVRPYNK,2861.3394495412845
AYEHHAG,1861.5963302752293
SYAPPYVG,4642.472477064221
FRSRVRKLRPVL,4578.09633027523
EEYSYRWKAG,3631.330275229358
LHEDSDAG,1164.8302752293578
HYVSWRYHVLG,15320.821100917432
DEEWQYG,3556.8119266055046
AHDQGNDG,1068.302752293578
GYAGNGNHG,2328.422018348624
WVYHAELQFWG,25659.389908256882
KPVRLWNASG,2513.2247706422017
FRRDDSRWDS,4340.5504587155965
YPYAKLGFWDSG,9616.866972477064
YSREYDFAQFH,11155.839449541285
DWDKEYVLSG,3690.637614678899
SFHDSPPLG,3166.8577981651374
DVSLPVRWLG,10414.95871559633
YRLRGFHG,7481.98623853211
WVEWWDAFPYW,33421.3623853211
RVKRFNDLSG,2361.922018348624
NPVKSHVSG,1022.4036697247707
NGDDYWDG,3844.2477064220184
WKLSHYHRNLSG,5218.825688073394
EFPEFHAG,2104.2522935779816
VYGNGKALG,2207.266055045872
WNPYYDKHDVG,5761.233944954129
GVQFQKDG,2001.532110091743
EWNANQHEHAL,2247.4908256880735
VFSNNKSG,1853.5275229357799
PRFQPHVALS,6181.348623853211
VWQEPKDQKHVG,1468.3623853211009
QAAYNNKHDL,1795.3211009174313
LNDNVWDA,3706.3715596330276
FDRKSRDFYWG,6787.811926605505
RREGDRYNG,2307.6743119266057
FHVKFWHEKL,6410.073394495413
AKVASPSRYN,1888.059633027523
LFQYQWSG,7974.660550458716
KRFSYALSG,4637.440366972477
KHEWSGRLWDG,7474.091743119266
NFRFNALSYWL,20524.197247706423
GNQYYALSG,5403.743119266055
LVRWVWASG,12433.201834862386
SERFWHLS,8618.674311926605
YFSWAFLS,9657.779816513761
PWSLGRESFENK,3022.293577981651
WSVAQVFYG,27143.79357798165
DEEWYWDVAL,9170.894495412844
WNQHESFPWHG,7798.839449541284
YVVAHLPNVA,4834.674311926606
QGLGAQDVL,1667.3899082568807
HPAHRYLSG,3636.376146788991
NLPLPQRKALG,2484.0825688073396
FRGGNGHALS,2903.183486238532
HVRWYKLGRNA,5923.853211009175
QEEPNQHVFPY,3861.0366972477063
KYDNWKSG,1730.4816513761468
WQWKFWQVA,14273.775229357798
AKYQYLS,3829.211009174312
EWNDLKDFAYV,6520.48623853211
QLNPHSYNKV,2611.032110091743
FAVYNQPNHD,3994.4449541284403
VEYWSVQRVL,15639.114678899083
DGPSRELKDA,906.4266055045872
AVYWPALSG,8698.98623853211
PFRALRHPNDV,3730.321100917431
GDVSKEKVLSG,889.151376146789
QGNWVPNKHDS,1647.5091743119267
EYGRPYEVSGRP,3209.3669724770643
AEFVRVASG,5758.394495412844
KNEADALS,782.9266055045872
NWQVGNG,2767.1009174311926
RLQERYLENKHA,3021.362385321101
EYGFDAYGENA,3205.678899082569
NPQRSQSG,917.3853211009174
NPRHEASG,1025.2064220183486
LLSADAG,1726.9174311926606
EAWLKDGHVAS,2115.9311926605506
NGQPSHQRENL,1249.6100917431193
LPHQEGRVL,2089.229357798165
YAQDLPLGRPW,11346.119266055046
VQEFSREPSG,1948.2706422018348
PWYDQPWFYKV,25841.38532110092
HNGAGNSG,1188.7064220183486
WQSFQELG,5359.288990825688
GQVLRFDVL,26391.80733944954
DEHKRNAG,1121.926605504587
YDRDAFGFYG,10355.266055045871
HKSNEVSG,870.1467889908257
LQELSEHFRKD,2606.738532110092
VEFVAVG,9857.555045871559
FDPVWDRWNKL,6852.775229357798
EPAQEDRLSPDV,1010.0779816513761
ALRLEPGNVS,2375.5733944954127
HLDLEWQWLG,12383.311926605504
GESHVNASG,1497.908256880734
DVKGNVREVL,1408.1100917431193
AALLQYKAS,4211.399082568807
VGWFRAQFEND,8347.605504587156
QGYFDGPYLS,12714.275229357798
FQRLHQRYNHLS,7466.068807339449
GEVQKLQFEPA,1822.9954128440368
VSQAWDSFNG,3970.316513761468
DPKNEDVAG,708.940366972477
YPDYRYLG,9670.651376146789
WGSRGFLSG,9079.316513761469
QFFRLPWDVRWL,28636.954128440368
SPDKSPSG,824.0963302752293
LWNWVQPNHDV,6100.247706422018
NPYHGARVL,5231.077981651376
LHEPLHG,2526.9174311926604
AVAPPWDSG,2990.8715596330276
GFFDKSG,2945.091743119266
DEPGLRPWKLS,3179.8394495412845
VFFKDQFLG,8690.284403669724
SPASYNKPNLG,1548.9220183486239
SQQLKDG,1027.7844036697247
NHQYSLFRPVAG,5912.9908256880735
HELDYHSG,3022.064220183486
EGVWQWAS,5372.756880733945
HRHHRHDS,2096.5412844036696
SGFQQNVASG,1703.5366972477063
REVVHAQWDVL,4849.885321100917
GRPGVFWNH,6582.766055045871
QRLWDGWFRKDL,12352.266055045871
AKYKDYG,1519.4311926605506
LYHFRRKLS,4886.6100917431195
NKLHYNAWNL,8230.981651376147
NFWPRWNHDV,10773.211009174312
YYDSRKQWNS,3644.770642201835
ALAPNSREHDVS,1460.2201834862385
PWAPYHGPWSPG,11987.697247706423
LGFVEKRHDG,2981.233944954128
LVRWYDALS,12092.678899082568
KFVPAYDVSG,2916.711009174312
KWQDAPLG,2389.440366972477
SGWEFNDLG,5686.321100917431
GFRDHAREPW,6796.8899082568805
HQNFKRHALG,3068.7844036697247
RVKKGRKDSG,659.0642201834862
PGLSASRYNSG,3516.1926605504586
FWFQPSRKDVL,6631.55504587156
RGELYASRDVS,4088.4449541284403
RGKSKRYWKHV,1389.3394495412845
VDVQSEPG,1036.0091743119267
QQEDWFYWG,14496.5
QWQHLGDWHDAL,9483.37614678899
KVRDVAKLEYKH,1651.7522935779816
QEWFYVSLRYWA,45034.77064220184
FFREGFYVGDAS,9329.426605504586
ERSDKDSG,657.9816513761468
DYNKSDGRDLS,1391.01376146789
WLWLVARPKDL,14676.95871559633
SELVRHVSG,3672.9311926605506
HSSQHGKSG,1098.2614678899083
DVGGQFVWKS,4699.568807339449
GQNGKRYALG,2514.6743119266057
DDLEDASHS,1094.9908256880733
KVFWASEVYWN,18079.57339449541
VPVHWDSG,2962.793577981651
NGFVVSRKG,5979.532110091744
EQYQSQWDAG,2547.362385321101
HEYPQYVALSG,7789.243119266055
QLQHEVWNDG,2748.761467889908
LLSGGDSG,1357.8577981651376
FYQNLQFDQFPG,10525.944954128441
HPRDVYSG,2201.2522935779816
HQGDEYG,1548.7201834862385
GVGVEKSG,846.8348623853211
NQFVGHRPWK,6855.559633027523
ERFSRWVALG,8659.802752293577
YELYWSALS,7536.885321100917
QEKDYQYDLEPA,1455.848623853211
SRHSEHAVG,1388.045871559633
ARPLPNLDLG,2213.697247706422
LVGSFDVAL,10329.463302752294
NYSNNDVALS,2545.183486238532
DFANWNVLS,5786.660550458716
DFDLHRYWKVAG,5682.504587155963
VPNDANFEYNL,3425.9816513761466
RANWFREYWNAG,8870.720183486239
FLLRLPLG,17282.775229357798
RNEVGQHVFWHD,10667.128440366972
RSNWSRASG,3312.766055045872
RKRKESNKHAL,704.7844036697247
PNQQHVGLSG,1793.3165137614678
PHFLRPNQEVA,2532.3669724770643
FLHSKAEWKVG,2648.9495412844035
AWDEGPDSG,1731.3577981651376
ESVKPHVLG,1341.6788990825687
EHLAREWYSG,5747.747706422018
YHPAYAQRNDG,2599.564220183486
QQYKFRSWHDVA,5347.435779816514
REQGQVQKL,1128.3440366972477
DNLVYWG,9909.050458715596
PVNNGYVG,3052.5688073394494
KEFHDRLG,2384.256880733945
KYQFQEYALS,5657.715596330275
KPEADVALSG,762.0045871559633
NWRVSYG,10742.059633027522
ANQGKSG,925.4587155963303
FGFVKDAPWVA,9166.5
NAAWKHQWNHS,3725.2844036697247
RRDSPHQYWAG,5576.160550458716
LKGELAG,1103.98623853211
HWWHHDLSG,7912.022935779816
EYNDNRYVAEYA,6379.059633027523
HGRLLGPWNK,4951.9495412844035
KKFKFREPWNV,2365.0183486238534
VAPGFDEDG,1393.633027522936
EEVQWEDALG,2222.4266055045873
VLFLQSYDVAG,21738.889908256882
QWEARWKAHA,4879.95871559633
SKRNLKSG,933.8119266055046
SNSDLKASG,780.1376146788991
YYNWQHDSG,4381.206422018348
LDPKDPLSG,1013.0275229357799
NYKLRQNKG,1531.8394495412845
WNQRRKDGYHSG,3423.564220183486
VYVDHDG,3100.2798165137615
QVENWPYNHV,7220.995412844037
YHQQSEWVLS,5331.064220183486
PRFVHVLSG,9404.866972477064
GKQSNHSG,1092.6743119266055
FEQKQPNLRAL,3164.8715596330276
VGRFRSGHA,3878.3073394495414
DVNNDLFWKLG,5642.646788990825
EDNYQKALSG,1317.01376146789
VQFKQPYNSGYD,6359.6697247706425
EFNVPGRDG,2076.5412844036696
ELEAVGQNHDVG,1393.591743119266
KRVQYQPWHD,5433.706422018348
DADHQFKALG,1744.440366972477
GAGNKWLS,2670.853211009174
AGKAYGEYWHA,4460.293577981652
KPDNFWLSG,3104.532110091743
KWSHKALSG,1950.940366972477
EHDQHPQEPYV,1981.4816513761468
WAPRREHDVS,2405.0183486238534
PWRQSQEPNAG,2013.8623853211009
FLRGVFPYKV,10545.490825688074
HFWRYEWNKS,6332.54128440367
SNKKPWLSG,2270.9449541284403
AHDNFAS,1975.545871559633
VSNPNGENHV,1520.059633027523
HWAQQPVSG,2445.1146788990827
LFNWLRVASG,8615.87614678899
YANPRHLG,4211.1697247706425
FRADPYLRPLS,8575.440366972478
KYHNGDAG,1288.394495412844
VYQHEPVAS,1861.2431192660551
HRWVQFPKFPNL,13374.637614678899
HYKGEYHEHS,1889.2568807339449
RALHQNLSWKV,5750.316513761468
YADHQWAG,4075.211009174312
HGAPKLLG,2073.1651376146788
YLGRPPDVAWHG,5247.142201834862
QRNKRYPVGPDV,2058.261467889908
RAHSKVFWKHD,3245.4266055045873
HALRFDQFWVG,19455.07339449541
DSPWFPDQFEKG,3230.6605504587155
SYDWYWG,11389.701834862386
AAREHYVSG,2076.4770642201834
DPYWVQEDFWA,8914.412844036697
KQFDDQPYNKL,2483.848623853211
SWRKNVLG,3538.6559633027523
FWEVPNHQKHV,4046.9816513761466
PDFSFSQWHD,10721.454128440368
SRVVGDLS,2169.1743119266057
QRNQYWHRVPN,5305.160550458716
LYNAAPVG,2207.908256880734
KGDQAYWKDS,1298.8256880733945
HQDYASEWN,2971.8348623853212
QFGKYWALFYWN,14707.88990825688
VAKEKVRPND,910.5366972477065
KGAFKHAEKVAL,1294.091743119266
RHNQDAQFWVS,7325.5
DKDHWHG,1961.394495412844
SPAHPALSG,1510.6284403669724
YRNRHSFPHLS,7118.284403669725
EEKNSQNKHL,905.0229357798165
SQEDPAGQFPHS,1768.633027522936
LYPHDYVAL,11389.733944954129
GNGPKHWSG,2965.52752293578
YLGFKQPEWDLG,6640.128440366972
HVWRFKVLSG,13476.678899082568
RANHRHSPDV,1945.619266055046
KQDHYWSG,2832.321100917431
FVVVSLSG,34008.80275229358
WPDEVNHALG,3062.3715596330276
LAQKNVALG,1724.7522935779816
DYNPHRPKHDVA,1764.7935779816514
LRRWLYALS,13677.100917431193
HRARGRALSG,2411.1146788990827
EWSYKDEQFG,2766.467889908257
HGDKPDVSG,868.3669724770642
AQHWDAEVASG,1894.7385321100917
NVNDSVDLG,1360.3899082568807
YVDYGNALSG,3696.605504587156
EPWAWDPDLFRN,11887.949541284404
KEEDNLSG,751.6651376146789
YKQLYKEVAL,3731.52752293578
PPQSPKHLSG,1071.211009174312
GKAGGDSG,771.0688073394496
AWPKANSG,1736.5366972477063
RAQSRYRNKDVL,2442.238532110092
LEYLQVVAS,25460.30733944954
LPWESFVG,7153.825688073394
QGNVPYWVGQRE,3878.756880733945
PREHYQRHG,3400.178899082569
VKFDPAG,1419.3577981651376
RWWAHDEALSG,5407.256880733945
KLKDRHSGRWH,3353.7155963302753
RGADFWDLSG,4903.642201834862
EKFRRNDSQW,3176.706422018349
AEEPFKLG,1718.8761467889908
YSRGEWSDSG,2699.9954128440368
YNSFLSQLWHDA,10738.802752293577
WEFGALSG,6384.972477064221
YSSSRWLG,6227.862385321101
GAKGNHG,1336.7568807339449
QQWQYWAFVLG,33408.51376146789
ANVLFDEWDS,6471.316513761468
NAYLQVAFKAL,21817.70642201835
HHSGWFPKHVS,5259.844036697248
LSDGWAWDLSG,7778.284403669725
GNLKRHLSG,2300.316513761468
YAASGFRFPNV,9483.573394495414
SRHLRVQWG,7761.073394495413
SPDSSQLSG,1112.1605504587155
VNGFFYWDAS,16143.087155963303
KSWWSPHS,4948.178899082569
AWDRDWHVSG,5346.073394495413
EKWHQPYGRWNA,6378.646788990825
LREAGGFVALG,10134.97247706422
VRVLPGYNG,5230.376146788991
VVASVLAG,3623.1100917431195
FSKHGFASRWHG,7373.853211009175
KRPFSFRLSG,5680.922018348624
QRGSQERPYWKS,3036.1605504587155
AAQEKYDLSG,911.5642201834862
VEQKFPLG,2161.637614678899
HVEELGFRELSG,4093.9587155963304
ARPYHQRVQHA,2539.422018348624
DHQAALG,1352.197247706422
FLSKNKGEWD,2285.591743119266
PWSSSGQRHD,3835.5229357798166
PWDLNDVSFWHL,25228.91743119266
DRVNDNHDVALS,1803.711009174312
HRGDGKDSG,886.8761467889908
LPWEAEKLG,2105.908256880734
LQVDRNALSG,2127.9495412844035
VEGSPWLS,5168.408256880734
ALNREHADVAG,1314.4449541284403
LGVQSGPHDAG,1626.8165137614678
EFFDGQSG,2788.4770642201834
WNRHLEHLPWNV,11547.077981651377
NYRWDWDLG,12145.990825688074
GSPKHRSG,1193.908256880734
DYKGWSEYG,3403.151376146789
EHDFWPLRKDSG,3019.8348623853212
ANESVAG,835.6926605504588
YAKKEYLG,1853.8623853211009
PGFKEVGLG,1807.834862385321
ASRKVFVGQPK,1899.7981651376147
FQPHWHYNHVA,6917.188073394495
HDVALKPYWHY,13376.967889908257
RWPPLSRYKLG,7693.495412844037
SESPDYKVALS,1794.073394495413
RHYSNDEWKHG,2581.6284403669724
DPRYRKSG,1563.651376146789
HVQFPFFRWKL,20104.366972477063
FDNEEHVALG,2214.105504587156
WRALSVYHASG,10324.30733944954
HFNFQWDG,9103.215596330276
GVLPHDHVAL,3657.4311926605506
DGNDLWGRYWS,13210.032110091743
QEFEKHEFHDL,2267.967889908257
NEDNDRDG,1256.3440366972477
DFGHHASG,2163.545871559633
RSSDSPLG,1321.01376146789
PWNDFYEAYHAS,12427.62385321101
NYHQNYHVL,7406.568807339449
DYGYDDSG,2587.183486238532
FYASNSWGWNKS,4829.293577981652
WFHGQYFNLG,12426.178899082568
SLQEDAPLS,1293.7018348623853
FWQRLQRPVEY,9919.642201834862
LWGPFASG,8320.926605504586
GPAEEYSG,966.183486238532
PSEGGFEPYNA,2647.6559633027523
NLYHQNGWKVG,4445.729357798165
QRASWSYSGEKH,2801.3348623853212
HADFVRYASG,6452.931192660551
HDAQNGFFRNG,4181.440366972477
QWLKWQFRHV,11812.394495412844
NAPFLSWNHDG,5030.885321100917
YPYHSPHASQPH,3493.729357798165
AGVLNGWKG,2740.5045871559632
ENDQHFYNWAL,8449.747706422018
SRFQDVSG,2514.967889908257
ARNKANLEPKL,1317.8577981651376
AEWLFDQYWHD,18075.93119266055
QAEYASKDNKH,1224.6100917431193
EGLAQRAG,1196.605504587156
DFGRAYHLS,5969.344036697248
LRGVKDG,1742.0642201834862
YQNFVLQRPK,5254.701834862385
YDSGRYQLFEP,7686.481651376147
PWKAGFGPNSW,11292.504587155963
WWRDDLG,10147.555045871559
LVSQKHHLS,2429.3669724770643
EQKQGFRDALS,1315.8256880733945
EKWELYWDLG,9177.11009174312
SLSHFEPHDVS,2752.4036697247707
YGLFQFRENKDA,3607.6926605504586
NWYFHVLSG,13678.12385321101
AQLVQASG,1563.9724770642201
RVKKFKASG,946.0321100917431
FVRRFEHAS,4899.683486238532
QARHHVLPG,2942.766055045872
NVFVDQRDVA,4110.931192660551
DLPNKWKSGY,2472.894495412844
NWRRKVG,3153.376146788991
HQSYRYLG,8152.09633027523
WDDRLSHG,4843.316513761468
KLGGVSGEKDV,802.894495412844
EDNEVQEG,928.2844036697247
QPNYGFENYKV,6037.311926605505
GVLVSDASG,2962.3899082568805
WYSQNELSG,3629.940366972477
ALWYVNKHVAL,14887.394495412844
AQFYDAPAEYA,4273.362385321101
KPANANHLS,1069.4495412844037
DQFSRKYHG,3151.5733944954127
GEDLAFDVLS,5061.834862385321
PEPQRLQEWNDL,2970.0550458715597
WANQPKLGDV,2243.8577981651374
YHKAYKVPNKDV,1390.3532110091744
GSGVLKASG,1793.119266055046
VYDVFRYRYS,14834.830275229358
NQVQARPYD,3670.651376146789
EVRHVGPRENA,1465.9816513761468
DHFWSPG,6282.697247706422
RYRQRRKHA,1570.9495412844037
VFYHGQKGEKG,1293.619266055046
AFLQWLFDG,12267.62385321101
PLHFWDREWV,16797.839449541283
WHSHYVSEYWV,20219.0
WEEWWDG,14221.316513761469
ASKHAASYAL,2930.178899082569
ALNDEAENALS,1192.059633027523
VNSAGDASG,931.256880733945
NRLPGRSG,2471.3577981651374
DPKPSQDVSG,709.256880733945
RNKPEKHGHLG,1164.1743119266055
VPVDGELSG,1096.8302752293578
NNRAGWSG,3938.6605504587155
EEAHVKLSG,1105.7614678899083
NYLEPDWLSG,7402.55504587156
GYPLVAG,4977.068807339449
LPDEGFASG,1770.045871559633
NQHFQPNKVG,2077.3119266055046
RLDPSRHG,2369.0137614678897
PGQERVENKVL,1540.3532110091744
QNEFPDGPVALG,3232.298165137615
FKAQSGPSWS,3686.2201834862385
YQYGQHLHDVL,7476.316513761468
FHFNSEVARHA,4028.7522935779816
NKNFNSQEKHV,1110.1009174311926
DGQRNEWHAED,1914.4495412844037
YWYEDAQRKHG,3332.5137614678897
HNLGAEDSG,1145.8715596330276
KGPSVLQPNDVL,1565.3211009174313
PNKRNFNHSNKD,1230.7155963302753
PVDLLGALG,3978.045871559633
WWYQKLSG,6117.564220183486
QPVDNHVALN,2440.422018348624
YHEWGHYNHAL,9408.463302752294
KKSEPYPAL,1195.2522935779816
QDQWGRAGDL,3349.5
HSLNHVNALG,2825.2477064220184
QGNYLGPWNVS,6117.238532110092
HDKGFYFHG,7330.247706422018
HLWLLQPWKLS,17024.504587155963
FYYRANHALG,4513.481651376147
GQKNGRDG,1201.573394495413
HAFERNKHGYVG,4442.100917431193
WDKYPYHDVG,4625.48623853211
YAYGKHEWHLS,5787.55504587156
LGKEYSQPWH,4453.678899082569
ARWNHVYSFEH,11806.54128440367
VYAKLPVAL,6983.55504587156
WLDDLYAG,8899.87614678899
VEGPAKASG,1168.880733944954
PSELALQWHL,13511.59633027523
ASHVKSYNVLG,2880.302752293578
VGLHPVASG,2429.8348623853212
ADDAFEPWALG,5409.151376146789
EFYGVGENKA,1694.394495412844
PLSHHSQFNAS,3233.032110091743
YHFLNHAYVA,8713.788990825688
KEGQYHSQG,1687.3853211009175
QWQQHSFYWN,16881.949541284404
RRWGENRKDVLS,2422.1651376146788
VGDPVRPYNKS,1782.091743119266
VSYWREHQVG,4048.348623853211
LEYEHPYKH,3644.0137614678897
EVPFAQPYWHL,12132.674311926605
PHFRQPKAGLSG,2493.2201834862385
YNHYYWHGQHD,6781.316513761468
KNENLYG,1794.3990825688074
DRSPFDLS,2888.7522935779816
NGKGWNPDSG,1648.6834862385322
WAFSPHGFVS,19261.88532110092
HKEAVLG,1185.7522935779816
GVGPNPVAG,1590.4128440366972
KVKDEWHFRWD,5969.733944954129
GRRVNKHVA,1523.2981651376147
LNFNAHSG,2917.788990825688
DGPDYEDALG,1355.2798165137615
RDWVRYGKL,6680.724770642202
KRKWHSYSG,2291.0366972477063
LESRDYVG,3529.376146788991
GDFHKSG,1419.5779816513761
FGPYNRNNHLS,4977.876146788991
NDLGPAGDFEWA,3398.1330275229357
YKPHRYGFREWH,9149.37614678899
VQVHFPAS,3464.1009174311926
PYGGVREYWHL,15506.669724770642
PVLLWKDWNKV,9761.385321100917
PSLNDVPYLG,4927.495412844037
VFRSKVARPKH,2368.178899082569
WGNRHSYWNL,14165.38990825688
LKSHLVLG,4052.293577981651
NHLWSGFVLKVA,36585.66972477064
YWLKYDVGENH,4348.243119266055
RFRLEGQNG,2622.9174311926604
NYSLVALS,12577.555045871559
ELVSAEWKAG,1948.4357798165138
KHYAPGRWHVA,4906.380733944954
GKADGNSG,790.0137614678899
PSKKDKHG,586.9587155963303
PNVYKSNLWNDL,6183.298165137615
SYWANSQREWH,7681.018348623853
HWDHKHVAG,2474.532110091743
HWAEHYDVA,4486.353211009175
YQRAPLWASG,6522.761467889908
WARLRYDDSG,7972.545871559633
SWNRAWNKHVL,6755.55504587156
YKQSHGEWG,2481.8256880733943
PVSANVFEYNV,8722.683486238531
DSSQQNALSG,1048.9311926605506
PWVLEKREKEYS,3553.9862385321103
NSQFLGKLEPY,5680.926605504587
ALKVLDSRPYDL,7543.371559633028
WQDDGYKDL,4175.9495412844035
EKEHYKVGQWNK,1385.4816513761468
LQHYDLPG,3344.2798165137615
APRRHALSG,1724.1743119266055
KRNSGSQLS,1043.8256880733945
KRSLFEALSG,2426.6100917431195
GFGLVLG,14223.642201834862
DFEPSQEDYDS,1376.0
RQHQWNLGNKS,2275.8715596330276
RAWGFENHNS,3686.201834862385
DWAVRWSG,8941.788990825688
RGNASFGFHDS,5496.142201834862
RNVVNDVLHDVL,4509.963302752293
WRGNHRLSG,5137.133027522936
KDQFQDGPWKH,3034.577981651376
PSRNRPEDLG,1416.3853211009175
YYRWFWDLSG,12470.711009174312
QHGPNQYLGDAG,2229.1926605504586
ESAPHDPLSG,1003.7385321100918
SFDGDPHVAG,2349.8669724770643
QESYPNSKVSG,996.2247706422019
WRSDYDSG,4554.623853211009
SHSKQNAG,1105.2522935779816
YLKRFEKA,2140.376146788991
KQAYEKLS,1123.0366972477063
QYYKQFYKQVS,4771.527522935779
PHKLKVAPHV,1722.4495412844037
QLAERWVLS,6537.454128440367
EWHLYDSKHSYD,6383.270642201835
ELLWPWDVA,9919.045871559632
RFHQWLFEYS,20063.82110091743
HWLYPNG,7214.4908256880735
HNRSWAG,3701.7247706422017
KRPLHFPAG,2161.1880733944954
EVPWFEFRHDA,7275.224770642202
KSYRHSQRHS,2051.5366972477063
WAWPFESG,10757.899082568807
DWYGALSG,5108.357798165138
WVDDYHVG,6462.04128440367
QLWGWFYHSG,14619.990825688074
LGDRFYHLSG,7076.720183486239
AASRVKVS,1525.4587155963302
RYPWWVSFEND,15892.073394495414
KGPQLFEPWG,4011.321100917431
LVNDWALS,5877.133027522936
KRVWYKSG,3100.6926605504586
SPRLALSG,2262.8669724770643
NAKQLWVS,3704.137614678899
GWENQFYWHS,16621.26605504587
GFNQRSGWDL,8269.045871559632
QDVDALPLGYV,5851.940366972477
WVPQPGQRNL,4404.848623853211
VWHFRGFWLSG,18835.23394495413
KKAALVLG,1725.6100917431193
HVAAHDLRS,2780.321100917431
EFDGQAGQEK,954.7247706422019
QEGQRDFWDFN,5717.027522935779
SGYGVLRYDA,10400.811926605504
RFSWRKG,3697.298165137615
FWLDPWLPSG,15719.79357798165
HYPAALSG,3184.2247706422017
WEWDKGRPKHL,4975.605504587156
VSRPVSYWKYNA,5590.261467889908
KYLWDFHVAG,7357.605504587156
AQAQVGQWKDA,1374.4174311926606
QENSVALAGRL,2149.0183486238534
RQYQPKRVS,1839.98623853211
AGDNDNHLSG,1349.633027522936
SSYNFVSG,4463.733944954129
DNWQWKDALG,3059.7155963302753
GSNKQEKLG,828.8669724770642
RGLGNGEPYWA,6925.95871559633
SQGHGRSG,1497.2339449541284
HSLYGVLG,6401.197247706422
FDEQPHLAG,3317.151376146789
YLVLWRHVSG,16384.39908256881
HGLEKAYWKVA,3158.229357798165
DRYEPQFEWKVS,4809.288990825688
KAKDFHGFREH,1896.467889908257
SNNVWDG,3314.9587155963304
HFGEKLPNHG,1849.866972477064
NYPHKDVALS,2144.5504587155965
RVRHDEGQFWN,5435.752293577982
WNANSFLYWN,18811.95871559633
RWAKWVAQRLG,6675.591743119266
RNHQNKRGRYKD,1203.5366972477063
SLKGYLSG,2984.651376146789
NAEGWVWHG,8882.802752293577
QRNAYDQDLNK,1867.7064220183486
WKHRGRSPDA,1986.4770642201836
EQSAWDASG,1256.1880733944954
HDDGRSEKS,828.2018348623853
SFFVHALSG,9930.821100917432
FDHDYLQNG,3002.7522935779816
WAYWLPWNSKVG,11634.252293577982
PFEPEYRKVG,3122.8669724770643
WGRYNGDASNH,3503.6422018348626
HRHADEPNSG,1081.045871559633
VQYHVHVFPK,10018.426605504586
NFKLSLQPNKL,5204.871559633028
PEEFKVALSG,2735.9266055045873
LQHSSRYWNVG,5597.559633027523
HWSHVPAG,3236.605504587156
NQKDLYFPLS,5696.98623853211
SRAWNWNVG,6127.032110091744
PAKYLRYWKVG,5164.178899082569
DKERDSG,574.8761467889908
GFWEHAYWNKV,9629.51376146789
KHQNHDFEQDV,1407.532110091743
HFEGFHLRNHS,6148.45871559633
KYFPDDALG,2632.848623853211
AEFDQKHDLS,1633.8532110091744
HLYFAQFRPH,13237.275229357798
FNPYRYSRKH,5496.504587155963
DKHELPHS,1053.8715596330276
HANKQRLRALS,2743.967889908257
PAWVEDEPYDA,3009.3853211009173
SYVVYNLG,18304.596330275228
KWRFVSG,5924.848623853211
YRLPQEDASG,1369.926605504587
GSGWKPSG,1678.8119266055046
FAKVPVLEVG,2642.0137614678897
NFFNQALSG,4058.5412844036696
YAEQKSQFPYS,4716.311926605505
QRVGFEYVWSQY,30444.889908256882
AGQFWFYRKLG,16451.3623853211
QLYYNGQKDA,2061.8577981651374
LDQVFPLSG,4783.834862385321
YGKAESRWNHV,2876.802752293578
LWLSLQEHALS,8604.045871559632
NSGRFRYVWNKL,9147.238532110092
SHPHFHDAL,4942.4908256880735
DWQGDVS,1838.3211009174313
KHRARNKLPHDG,1367.7568807339449
DHEWWAL,7497.091743119266
LRLLEKDLS,2525.52752293578
FSHVPDWNG,3738.077981651376
EPRKKSGKAG,789.6926605504588
QVLYQDVGNS,3044.8119266055046
EDWFRDLEPKA,2682.3119266055046
RLQPWEHQPAG,2818.178899082569
NKFEQYAPNG,2550.4495412844035
ADQKSNSG,701.7339449541284
WDKEFRKG,1915.908256880734
WYLNSNLG,6990.582568807339
LNGFSEVS,2993.288990825688
QPAYRWNVQFAL,28887.67889908257
HDAYSGFWQFEK,8022.353211009175
RGVSFQWNAL,11396.12385321101
QPEYAQFGPNKL,5745.091743119266
WNPLNKHQKDVA,1576.366972477064
EGQLHRWKD,2458.8853211009173
PRPWDPKVQNKG,1563.8761467889908
KYGELQSG,1222.0045871559632
HHHAESG,1156.2201834862385
LQQVQWSG,3701.7798165137615
VAVRVSQYNKVG,4599.59633027523
WGSRKGREWVG,4623.426605504587
YEPLPSYSG,3995.321100917431
QNVAGVQWFEWS,14108.981651376147
KWGSGKAG,1552.9220183486239
YWGWNSHLWDV,18251.119266055044
LRYPVFEWHS,13987.678899082568
ANAEPLPDLS,1208.2935779816514
EFGLPWSG,6867.385321100917
RYHKDREQREKH,1277.6743119266055
HFEDAWSYHS,9767.43119266055
QRRRLEPWKL,3786.3715596330276
KQKQLGQRPKA,778.9311926605504
EVSSHARNHDVA,1321.467889908257
FENVENWHNDS,3507.967889908257
PKWWGEWNKD,3857.380733944954
KSAAPNVA,1017.256880733945
SYFEWREG,5641.90366972477
PHERDQFYNDA,3779.6880733944954
QNPGDSPHG,1216.2752293577983
GYKAEFWVS,8018.788990825688
NRAHYWG,7696.091743119266
NVSWHQYNRELG,5955.816513761468
NEAWVRVG,7961.233944954129
HNYLVLSG,12906.02752293578
GSVLEASG,1463.380733944954
HHGQHKDG,1252.2293577981652
KSKVGWGFWKAG,3813.9036697247707
DESDNKHDLS,926.6376146788991
RNDNHDPHFNS,2614.8348623853212
FYLEVNDVVS,10298.137614678899
WQGWWHG,14291.087155963303
SEYWFNLQYNK,7281.908256880734
RSLVLKG,3545.233944954128
VSDPRPASG,960.8394495412844
AEQDDALSG,1189.880733944954
VDWHHLSG,4231.481651376147
ERVSWAFRVAG,9155.926605504586
NRLFLPSG,8145.59633027523
YSFAHGQHDVAG,2596.7798165137615
HRHGEAYS,2558.3899082568805
WWNGNRPYWHL,22556.169724770643
EHYPALKLSG,2879.738532110092
DRERAFRPYA,5687.770642201835
GELVEWASG,3658.440366972477
YQVADGNHALG,2592.701834862385
KRAHSEDSG,765.9174311926605
GSFRSVG,3636.577981651376
NKAPGQWNALNH,2870.151376146789
KYFHGVLS,4630.54128440367
KNPSHSG,1138.633027522936
KDSDYVLVG,3117.422018348624
YFSRQRNS,3490.5688073394494
REGPREWAPWK,3034.6880733944954
FNKGALFYGRK,5303.720183486239
LDQDSLSG,1480.4357798165138
NVVRHQEYWN,6258.178899082569
KEGNRHALSG,1549.7247706422017
PYSHLGEKWH,4747.9495412844035
EHDWDRLSRPDS,2542.316513761468
HFQEKRWKDG,2089.3440366972477
EFGLFNASG,3936.821100917431
EFQRKQAG,1505.0229357798164
PLRQYWDLFRAS,12521.633027522936
NNGLVLSG,3443.532110091743
ALWPQFYLSG,23935.91743119266
PSEEWQREYWG,6930.885321100917
NDYWFPYWYWKH,13547.91743119266
KPQWHDHSG,1876.834862385321
YDHKWKSG,1851.940366972477
KYLNAVLSG,3088.7522935779816
WWDHEKVSG,3360.3394495412845
YHHSRLGFWNAS,8394.29357798165
EGFQHGWNKL,3646.6559633027523
GARPNSDG,1265.559633027523
SFLRRYKAG,4983.394495412844
PNYEYWQEWNLG,10598.119266055046
EYPDLRKAGKHD,1320.2614678899083
NFAARDLG,3465.6605504587155
WYSPFKLSG,8654.412844036697
QARSNDRNHVL,2524.206422018349
SGDFWLQNA,4736.087155963302
QWDWQYNDPKH,4766.027522935779
KDFVQWNSRYN,5882.564220183486
HSRREVYWKVL,7900.408256880734
NRSEVELSG,1204.5
YNHEVYKAGFN,5428.821100917431
GHWPVSG,3948.9036697247707
SDFDDVSG,1739.0504587155963
KPNRRWNDL,2710.5045871559632
NGHDDFRYHAG,3780.908256880734
EKDFSPNGFHVG,2228.697247706422
FFVDPYALS,8966.38990825688
SENQPRPWNDV,3324.3119266055046
YFDDWNDASG,3611.9311926605506
WRGSFPALG,10293.798165137614
SKLFGWVLSG,9451.62385321101
SQDVGRDSELG,1102.9816513761468
GLFDRKG,2715.293577981651
ADFVSHG,2610.3073394495414
DEQPVQDAL,1228.1009174311926
WHFPNAEVALE,2699.5412844036696
NPWPENLSG,2396.770642201835
KAQPGPNSFREV,1437.0275229357799
FEWSWGPKHVSF,17631.715596330276
EQVNQHLG,1455.6467889908256
KQKRWSNDVAL,1821.4908256880733
RKWKFNHENLS,2242.2247706422017
FPWEKYGFRHVG,10732.821100917432
YVHLPNKRVG,3023.967889908257
HVAKLFVENKL,8718.660550458715
FSQFAKQPHVL,5790.4908256880735
SFPVSLWDSG,6100.467889908256
SQVWHGQFKL,8270.045871559632
FGKHQFYRWAL,14191.628440366972
EHWEYKENS,2103.816513761468
QAAWDRYAL,8785.311926605504
WYGDWNG,7794.857798165138
FSPKKGFREVL,2098.7247706422017
KFVDHVLSG,2686.876146788991
GWFWWSG,19439.15137614679
HPWLGAREWNS,5929.032110091744
WKRRSYNG,2975.8440366972477
SDYKNKHVG,1176.5504587155963
NWDNLKASG,2235.440366972477
NGNEGNVAL,1406.4724770642201
PAGQLVGFNG,4335.802752293578
ENPWLELSYVS,15403.362385321101
KNKSKPNDVA,711.4862385321101
PSLSVLGRYDVG,7537.431192660551
GEFLELG,5679.004587155963
LHAHHDG,2410.6422018348626
SDSWQYSG,3812.3990825688074
DKNQFASG,1218.0550458715597
YLGSPWSFRYD,17399.128440366974
YAQSNGRWG,5294.9495412844035
QNPDNDRPKVA,964.7752293577981
GRLHPWVG,8528.344036697248
YWRKPYLGYDA,9129.935779816513
SNHEQPYWNHS,3863.559633027523
SKNVLNHVA,1676.2660550458716
VGASEDYDG,1268.619266055046
HGRSQEWHGPHA,3313.0963302752293
GWLPLKSG,5398.307339449541
NANSKHQNS,1102.5229357798164
VEDRAREWNV,2990.169724770642
PKGANDAFEV,1175.9770642201836
VPEWKKDVAG,920.3669724770642
FKDPFEVRNHG,2396.0963302752293
WRYNLKLFEWHV,17952.77981651376
HADRFKHALG,2862.316513761468
RPWSDVGQHGYS,6825.183486238532
SGYQVREPHVL,4559.866972477064
KYWKNAEVAG,1564.711009174312
QEYAALNSEG,1360.105504587156
RWYVASWPKDL,11922.059633027522
EPRRLPKVLG,2321.435779816514
PDDVYLREWLG,10604.573394495414
PKFKKHEPNHL,1513.394495412844
GVQFFEPYKVA,9567.926605504586
HFVYSEAS,6103.348623853211
PWGRPVVFYKL,38978.01834862385
YAYNPSFEND,4028.619266055046
EWDENGFEAQWK,4194.623853211009
PDQAFPAPYAG,3229.733944954128
LQRNWDGPKHDL,4821.743119266055
GEDHGNSG,1094.4036697247707
HRSPYRYNHAL,7354.05504587156
KAGKAWQVLS,2516.6605504587155
DLAKFPDSG,1594.1284403669724
FWGAYWGFPWAG,17831.45871559633
FEKFPKLHFPKD,2600.5688073394494
VSNWKVRYNVAG,4433.183486238532
WSVEDFEYKDG,4380.371559633028
HEQDSKSG,740.3532110091743
LEDEGWDVAS,2573.9311926605506
QVENQQEWKHL,1972.6100917431193
WPANEALG,2462.4036697247707
NNKARPRDALG,1844.0183486238532
WNYLRGFEDG,8371.577981651377
PNYKDSLQYNKH,2085.4633027522937
NEGWGRVALG,6324.09633027523
FYFPHDYQEYDS,5497.426605504587
HWWLENVSG,6603.688073394495
RYENFKDVSYWH,10183.738532110092
GNHLFVQEYVL,27771.655963302754
HYYREKHLSG,3195.9174311926604
EQWWKSPYNKS,3116.3899082568805
YLHDGVGWG,7496.788990825688
LFSNEDS,1746.6605504587155
PDLWYDFRLG,18361.67889908257
LEAQHEWKHVL,3956.5504587155965
GKPWRHDVSG,3021.1559633027523
LEERKALS,1344.2247706422017
VYWVPSRPNHVL,10831.284403669724
WGYDHVQFPVG,11123.114678899083
PGPKNSGQENK,749.0825688073395
YFDENGYNHDV,3941.123853211009
WAVGLWKDS,5797.293577981652
SGPGGFDS,1631.2018348623853
NQLWFEDALG,7074.908256880734
WFEQEFNKDAG,3699.330275229358
RGFKQFEHQRHD,3160.316513761468
AFNLENQEHLG,2289.0091743119265
FNPVLRGEWD,6162.036697247707
QDEGGRDSG,1123.348623853211
DDYQFRVLG,7499.926605504587
YNHQRKRYVLYG,12031.922018348623
SWGHHLG,4973.339449541284
VYHWQNKHDAS,2771.298165137615
LWHLSSKLSG,4778.5504587155965
ANVRQWSG,3347.5412844036696
GQLQEYGDVAS,1671.665137614679
FELSWVQHLGRH,8579.522935779816
NPHNYKLG,2210.440366972477
YQNGASFPKG,2498.9311926605506
FFNRLGEYKHA,3949.9816513761466
AANVFVAL,25882.610091743118
QNQFNHKQWNHA,3143.559633027523
QKGVHDVEPAG,811.2844036697247
HFANNDVALS,2931.6009174311926
FSYSRPHEWNDL,6780.142201834862
QVKFWKGWSG,5050.844036697248
GEQPPDG,1140.0871559633028
RNVQELVGPD,2938.5045871559632
WHRSPKDFNDVA,2743.1330275229357
RNNFWRPHG,6593.894495412844
NKPYWESGYHD,5322.743119266055
QYFRFYKFDL,18557.82110091743
RFGKYNVAL,5543.807339449541
FDLNDEDLRNL,3027.440366972477
NPSSQPLG,1075.5550458715597
EYKKGYWAQHA,2595.183486238532
HGQVVLGQVAS,2791.4587155963304
SDQGQFPNKV,1469.2293577981652
WYRNWKHDVSG,4692.655963302752
LHPKKVALS,1927.1422018348624
GEGSYSG,1991.6422018348624
HSPHPGWNSG,2379.862385321101
NHVSYYVAQDS,7081.114678899083
WDKKSWNG,2326.532110091743
WRHVPRYKDLS,5540.633027522936
REVYHALWYDV,16976.036697247706
NDRSWLGALS,5722.6100917431195
SLRDVWALG,6616.5504587155965
QDSRAAGQFPWA,5170.344036697248
EDFAKVLEKDL,1247.7660550458716
KQLLHSG,1753.8990825688074
SRYLPGEYWNS,8141.646788990825
FDFVNKSQWV,5574.178899082569
WAVHDYKHLSG,4761.926605504587
VNGQLALG,2177.4036697247707
WEVDYHDG,6288.972477064221
YNQLDLPVA,3198.9862385321103
VGQLGWLNAL,11348.766055045871
EWQYWHAYSYWD,23482.059633027522
NAPRALRWKHDS,2744.6926605504586
AYSLKHLS,3574.922018348624
RFDYLRHDVLSG,6090.743119266055
WPGNNVSG,2151.137614678899
FQPLGWSEWNDG,5724.073394495413
SGDWPDVG,2467.5963302752293
HLWEWGHVAG,7443.266055045871
REFVGEKGQDV,974.5091743119266
KNKYKEHDAL,962.9862385321101
PDAFNAFPDFKH,5354.51376146789
EWASYDEVFPVS,5927.848623853211
WELHYVALSG,11647.385321100917
FKVEGQFHNG,3615.059633027523
NWHFQHLG,8219.47247706422
KAVGYFDVALS,9286.105504587156
PKPHGFPGQEY,2457.894495412844
SNEPPALSG,1027.073394495413
NQWGHPYHDVG,5879.380733944954
RDQHNHPHDS,1634.6376146788991
ARSGGQHDVL,1755.4908256880733
KDQEPQGEPWN,1430.9449541284403
QFNAYAYFWVL,22414.43119266055
SKYWKRSG,2256.9495412844035
ENDHRPYPALS,3102.412844036697
VKWAWSG,5002.151376146789
KGLRHAHDLS,2082.412844036697
PFSGKYKAS,2197.178899082569
RHFHEYGHAS,4247.256880733945
SPQSRWS,2597.733944954128
NDPWDADRYHV,5394.633027522936
GQDPLPDLS,1186.0229357798164
NAGAWNRWKHAL,6961.119266055046
LANKVAVAL,3783.233944954128
RKRFAFEPYHA,5512.353211009175
SEVWDFEAL,6941.880733944954
HDHWLGWDAS,7193.178899082569
GEQQRDSG,1117.0091743119267
NVKVAEKYWNA,2121.1330275229357
FYHAASWKPNKV,3577.761467889908
HPFSQESG,1452.059633027523
HEGSHLS,2179.2798165137615
KEWVYQPKHA,3375.0733944954127
SSNAFEYHVS,4315.756880733945
LRRHWNSG,4558.334862385321
YVVDGNVS,3161.605504587156
GPQPQALG,1285.8577981651376
ASQWHRDFDAS,4122.087155963302
WQHPGEYLSG,5454.01376146789
VLKVSDAGFEP,2900.532110091743
EWDLGAQLSFHV,14747.316513761469
SPLSLFWNKVLG,7958.55504587156
NQDSQAPVAG,945.7018348623853
PQKLNEWNDL,2170.9449541284403
KANEYVPVS,1397.6926605504586
RWYARPWQNKH,7129.270642201835
PFNLHDPNHG,3358.4633027522937
KLSYFKVEHDLG,4856.871559633028
YYGDFVALS,11366.073394495414
KYKQRKVPAG,1124.591743119266
QAVLPWQEYNKA,3341.4954128440368
EFHEYSEYHVS,5009.431192660551
KEWWPHLG,8168.568807339449
ERYPGFNSG,3647.440366972477
LFSYFPVSG,6757.344036697248
KNKNRPHVALG,1545.467889908257
RLNSPAGPKLS,2081.238532110092
VYYWAHASG,6958.954128440367
LYRVLNVG,10346.449541284404
FKGKWKALRVA,2412.4174311926604
HRQWREAG,2729.97247706422
NNSRSFDV,2830.2247706422017
FWWKQFEEHDV,4335.51376146789
VAHVHDYNAS,2386.7844036697247
FWKWNYHDYLS,9589.766055045871
VHDDQDVALG,1688.1009174311926
DQDQPAFEDAG,1487.9770642201836
LKVFVFAL,32196.316513761467
VQFWQWKHQKLG,5675.183486238532
QDSAWNLQKG,1714.2385321100917
KNAYHYDLSG,3174.7155963302753
KGNALSWEYVSG,5472.325688073394
DGPLAQFPYWV,14125.862385321101
LDANGPKVLG,2015.7706422018348
ALFWHGPYVGQD,11208.435779816513
PYDDVFVRNG,7246.816513761468
RGHENSWLG,3932.123853211009
RAKELPKHDVA,872.6467889908257
LGSREQPNKL,1494.3165137614678
EGYQSEYNHLSG,2621.711009174312
RHVLNFEYARYK,12409.816513761469
NRFDGESG,1901.4311926605506
YVSNERPYWHV,10862.284403669724
NKNAFVSKDG,1523.2477064220184
VDNLVSG,1892.394495412844
SYSRVQKG,2247.7844036697247
FPFQYVASKAS,8773.91743119266
GRAELWAG,3523.9633027522937
DKLPSFAG,2018.3761467889908
EWYFDGVAL,23797.339449541283
EHFKRLQFWN,9302.949541284404
VSEAVLFEY,34389.45412844037
WGGVFPSG,8497.064220183487
HNLSSKSG,1444.1559633027523
YVYFVQRYNS,22084.495412844037
ASFFLQEHDG,6446.54128440367
AGSEWSPNKHS,1431.1834862385322
KSKKYWAG,1269.4954128440368
VHRHGSG,2004.0871559633028
QDWNGASQYDAL,3658.3899082568805
PNLVDQRWNHD,4350.568807339449
AQHKWNLSG,2163.954128440367
QLRNALKHEKG,1200.9954128440368
GGHQFYDA,4515.4495412844035
HVFNHEGREYG,3480.922018348624
SNALNLKAL,3202.8577981651374
DSQFKPHAGHA,1896.98623853211
VYSWDWLS,13292.30733944954
VLHHPVAS,2720.211009174312
DKPVPLS,918.454128440367
QDLHNVRENKLS,1547.4816513761468
KAHRGESG,1210.5963302752293
HSRVHLQEPVA,1835.1467889908256
DNDNYASG,1415.4449541284403
FVYKENDGQNKS,1313.7018348623853
WHQVWNAKHAS,3711.362385321101
PNDHEKDEKASG,695.894495412844
SGDPQHALG,1376.9954128440368
SDNLSVG,1511.4174311926606
FYPNEWENSG,2989.8899082568805
QQKPDQYWND,2439.564220183486
SEYGLPWNKHA,4219.729357798165
QSYADVFRYAS,8745.798165137614
QLGDFESHVSG,2005.7798165137615
KREASLGEYKVG,1417.894495412844
KWGFWFHLSG,15566.674311926605
QRNSKVENFYKV,2715.1559633027523
EDVSNHVWVGRW,12171.564220183487
WRKQFDWDVLG,9586.302752293577
EKLPLRKHGFKA,1685.8165137614678
DWGFQWVG,13589.155963302752
HVYWYVPALSG,16567.380733944956
QFSGWNFNLEPD,9071.52752293578
PVQHSGSRYKG,2154.8073394495414
FWYENSEPDVG,3373.766055045872
FQVDHDLS,2825.077981651376
GEPGSQKLSG,954.4816513761468
WSLDDVG,4823.733944954129
ARGYDNHSG,2373.0504587155965
KVQLFHRPWALG,11412.440366972478
PKNAYKPNDVG,1136.1376146788991
SDEGKAG,742.9174311926605
KFYKWQFPYK,6243.701834862385
HEKGDADLSG,846.5275229357799
LNNAQWKHDVL,3475.9036697247707
ALKRLREYALS,4451.931192660551
SQREADQNDA,972.5733944954128
EVVALKQYLG,5233.876146788991
VWPHRKVLG,4896.834862385321
WPFHFEHG,8961.788990825688
EYLDLFRSDVS,5330.261467889908
KWPGEHDVL,2425.7477064220184
EPRQQNKLG,1045.0825688073394
EYFRSPKEYDLG,3784.802752293578
QVRAPNESG,1006.9082568807339
HNFAVSG,2873.0550458715597
NPQEEKSG,586.197247706422
EWVGQHLNLPD,4832.683486238532
ENVLNLFKVGQV,7357.032110091744
YSEGGYHS,3528.440366972477
QSNRANVASG,1309.2844036697247
DAEKDAAFREWA,1958.880733944954
YPKSAWAL,4509.344036697248
EAGGVGFYL,14290.646788990825
AHANFHLG,4295.142201834862
DEQYPYG,3320.6926605504586
NYAGSNVG,1783.940366972477
HERGYVSG,3156.8440366972477
NKGKPYSFHL,4895.426605504587
QRNYQPHFVS,8177.866972477064
NFNHHSQFEPDL,4051.064220183486
DASRGFRQWNA,4454.623853211009
WNKNNFRKLSG,2751.587155963303
RPREHRHSQYD,4208.133027522936
QPPNLPEWHG,2776.1146788990827
VSPPEHALG,1179.9357798165138
DYDWWVLS,12757.348623853211
RRDDHVAG,1525.651376146789
NDNDKAFRAG,1469.8899082568807
VDPHDYLSG,2298.2522935779816
LSGQLEYVRES,3311.454128440367
YVPGSGQREPKH,1676.4311926605506
KSDGHLNVAG,1293.119266055046
PVYFYNSQDSG,9689.775229357798
KELLFEG,3329.9587155963304
RQGNRWLG,4882.197247706422
RFGDKSG,1705.7431192660551
FVLDVAHGWND,8701.325688073395
PWQVGPSFWHL,28133.330275229357
PEHWFNVAL,14514.412844036697
ALYAHEPNDA,2146.256880733945
GFDPRNKAG,1698.5642201834862
FAWQEHRDG,3571.2477064220184
VQRLNLEAG,2149.2752293577983
GVRNEKDAS,833.9449541284404
QNPELFRPYNDG,2983.243119266055
PDKDVADLEKG,625.3899082568807
GPDFDYWNKV,2955.605504587156
FEQRKHFEAEPK,1168.2798165137615
QSADARNVSG,1156.532110091743
RGPGHVQENLS,1444.573394495413
AYPWFPALG,15175.37614678899
YSHWYNHDA,5343.426605504587
ALRPAPYKPWDG,4688.798165137615
SRDHREAG,1207.8256880733945
PYRVNVAKHVL,7731.137614678899
SGEVQLFEKHG,2258.9266055045873
DHSSHVSG,1160.2798165137615
RNQVGWAGENHD,2466.408256880734
DLYRNHFNLG,7373.577981651376
NEEAWVG,2470.637614678899
FFPFDLREPD,5283.3302752293575
RLQKKSEYWKDV,1681.0642201834862
ADNVQVG,1144.211009174312
HYYSKDVALS,3915.1422018348626
SDAWRSG,3057.52752293578
ALEGRQEVG,1264.9816513761468
KGKWDLFRESG,2143.119266055046
QYRDLVYNHDG,5389.412844036698
EYQDQPDGKVSG,1166.4770642201836
PASFYSASPKA,3780.922018348624
NRQSQSG,1143.9449541284403
SDVAYGKDAS,1296.9633027522937
YLYEFEWNHS,9839.853211009175
ASPNFHLRYWVL,22376.490825688074
NPSAASG,992.2889908256881
LQAKWALG,4034.1559633027523
FNRLVAFYSG,25664.454128440368
KDFSNHNKVLG,1787.7798165137615
NGHRVFNVAS,4261.0504587155965
GHAHGWVS,4537.412844036698
EEHEEYLG,1512.6926605504586
YEPEQPYLS,3387.0825688073396
KAFYSEFKHVL,8249.93119266055
ALLRYAQEPVL,7773.605504587156
VAHRWVRYKDAG,4505.4908256880735
WFGFQRKDVS,5238.477064220184
ASQFLQHARLG,5026.770642201835
NKYFGRVG,4135.761467889908
RDHLLKHLSG,2919.0504587155965
YYGPQYVLS,10641.357798165138
LFWNHFGRWLG,14741.940366972478
GEQYYKALG,4116.463302752293
HDNQNDQREW,2771.912844036697
HRKLKLFRKHG,2011.6743119266055
PHEHLSEKKD,831.3302752293578
NLLDRWLG,10513.954128440368
HPWASLRWAL,17881.688073394496
SNHAVYWNH,6070.697247706422
SDFRAYVALS,13265.545871559632
HQQLRWG,5505.022935779816
ADAPSYSG,1600.5825688073394
GRLPNRDLSG,2688.9633027522937
ANHKYLG,2065.738532110092
PPFDWVAS,4324.298165137615
SKAYQDAS,1161.4495412844037
PPGNEPLS,989.9908256880734
WHYKPWARDS,5770.0504587155965
RREWNPAGFG,6449.201834862385
SPRPYAAG,2543.059633027523
PDPKYDSLSG,1120.0550458715597
AQANEWSG,1624.1284403669724
QLFQYVLSWDL,32419.51376146789
ANLDDLG,1703.9908256880733
FQYHDYYVAG,9559.688073394496
EEAYLQKHDAG,1310.7477064220184
EWPYFAGFENK,6703.807339449541
YKPEDLGWHLG,3225.380733944954
GNQPYPLSG,3246.4770642201834
WWYLYHSG,8556.91743119266
VPLKGEHASG,862.756880733945
QHHEPVAEYWL,6865.261467889908
DSKFKFRPHDV,1684.4036697247707
KQKDQPYHAPYW,7050.206422018348
LGHAEYANVL,4079.876146788991
DEFWSEVG,3405.0045871559632
DSNQHEYNKHDL,1519.1238532110092
GWVQHQWSG,6210.220183486239
NKSRFEAENG,1105.3073394495414
SQHDAFFPWKDS,4476.715596330275
SEYYPKAL,3763.045871559633
SGEDKPWKG,1220.408256880734
RAAYANDSG,1697.5
LRQFKLPWKHDS,4571.816513761468
AEQKEPHAS,727.8119266055046
REAVASYGALS,2081.8715596330276
SRAQDSQPNVA,1225.380733944954
FDYKFYWNEYNH,7032.646788990825
VNRVWVG,6094.155963302752
SNRFHVALG,5768.183486238532
KFRDNQFNVA,2685.6926605504586
AQPSFGQEDVL,1292.9174311926606
HSSYNVARV,4044.7752293577983
EVGQELNAPYW,7823.348623853211
SYWGWKRLS,7696.527522935779
RQHNHALGPNDV,1962.4908256880733
KHNQKQYWKLG,2002.0
AHRYYHDVA,4457.665137614679
LKDADFPYDVA,2363.2477064220184
QHWGDSQKHLG,2409.4862385321103
FRQLLPVLSG,8256.811926605504
EQVKDWHAG,1376.1009174311926
YARVWHFYDS,14425.155963302752
NGGNAQRSG,1367.5779816513761
YQQSRNKDVA,1478.3302752293578
QFNNGQRFEWG,7662.417431192661
NVSAGYWFRPDA,7881.522935779816
EVARKWFKHL,4800.775229357798
YDQNSNGFHS,2843.766055045872
DDAQVRPLS,1427.1880733944954
YYSYWNEG,6470.454128440367
DRDDQEVG,1078.467889908257
FSKKLSDG,1397.48623853211
QSYDASAWKVAG,2176.954128440367
VHVPDQPSG,1328.3165137614678
EGDWLGPYKL,5731.344036697248
VPQNKNDLG,798.2477064220184
EDSVKDGYAG,1124.0412844036698
DEAHNLG,1429.032110091743
RAGQELPFEYW,15880.655963302752
PAQHNKLFNHLG,3468.8394495412845
WNVKEPWHVNVL,10372.51376146789
NRKQFQPNKDV,1465.6926605504586
YHLWWSGFRKL,12498.747706422018
VVSWRDLG,6673.316513761468
KEKQGEHS,700.9311926605504
PQHENPKDAL,1072.8853211009175
WEQWHNVA,7389.51376146789
YHHEHRYWHLS,9370.362385321101
HDRLLGFNDA,4873.738532110092
EPQQGQREYVG,1456.967889908257
VNPKLRVSG,2288.380733944954
LYEPDVDG,2191.206422018349
EVQRLSRDEWG,3160.646788990826
YWDLWHHDALPN,8679.770642201835
FHNLVLYHAL,20414.518348623853
WLRVVEWVLS,33999.380733944956
PPAGKDFKHL,1546.6376146788991
VLVKYWDG,11027.114678899083
SLSFGSG,3239.4174311926604
VESDSDG,855.8577981651376
FGNKDRFEKH,1958.3440366972477
GQYNGRREYKHL,4184.45871559633
NRANGPLSG,2130.0504587155965
LEYAPNDYKASG,2569.862385321101
AKWHLYSG,6710.275229357798
QDFLAFEPYLG,14546.08256880734
SWNYDRYNA,6650.302752293578
VYLYDEHSG,5262.743119266055
EQSYEPG,1300.091743119266
ESRYSFEFWLS,34243.922018348625
PHDWQEHVLSQL,5174.917431192661
PVRGSFALSG,6148.1100917431195
RSQPNLQRFRVG,5126.068807339449
KRKLPWLKA,1783.532110091743
RGRELWNDRYNK,3606.146788990826
NLHVEVLPYNDL,17435.88532110092
DGDRSYNKAL,1943.1605504587155
QQLLALSG,3905.435779816514
EVHANGFRYDA,4626.857798165138
LPHEPEWKH,2019.1880733944954
QYFNPLRWDLG,14930.90366972477
PAHGWRYWVG,14575.729357798165
LYSDAYLG,5930.128440366972
FHDRDWDREDA,2631.4770642201834
NRDREFEPWKA,2543.091743119266
RHLVKVQWNDS,4108.325688073394
HWNKKVREPYWL,8902.56880733945
NDDGWSFDSG,5070.839449541284
YKLQLQFKLNSG,16610.504587155963
YDAYKSHFEND,2751.3669724770643
LQDGAYAG,2555.4449541284403
SSNVRVAG,1913.165137614679
KDEWLGQWVSE,3807.4174311926604
PHHRVSREHS,1728.2477064220184
GPKGERKLS,771.9862385321101
HYDLYGFEYDA,11275.266055045871
LQFGVREPNHDL,4646.651376146789
DGPGAWNVSG,1744.3577981651376
FHQSVPYKDVS,2434.637614678899
RYLKGEKHSNHL,2371.5
ARPVDLFPYNVS,5519.422018348624
HWFGEKG,2628.7752293577983
NRGNANALG,2056.4449541284403
QAEHYLGEWAL,8402.467889908257
QLNDKAQFKVAG,1642.2477064220184
LRWSFPHFPALS,18830.995412844037
AKLADLSG,1474.7385321100917
DFFLFAG,26899.435779816515
PQRSNQFPNHDG,2539.9174311926604
KWQVSEVAL,3631.8899082568805
QHEWAVGQPK,2546.1559633027523
WWKAWQREN,4626.399082568807
PWSPGYHVGRYW,21978.642201834864
HWEYPWG,11944.518348623853
KSLRDQNSG,1165.9724770642201
EKNVDAYNKALS,1024.967889908257
QLYNQEVFNL,10281.899082568807
AVFKDEG,1413.7155963302753
LQEHPQKDG,1303.8211009174313
EHYRWHNDVG,4165.077981651376
SYAKYSG,2713.9266055045873
NYQRLSYG,7993.188073394495
SQPDEWGWHDSG,3055.293577981651
KLRWFRPAGPN,4431.633027522936
ELQAGQLQPDLG,1731.454128440367
FSEYHPWHAHV,10808.564220183487
LGEQSWKL,4693.133027522936
WPYKNKPAS,2273.912844036697
LQQASPALSG,1577.9908256880733
QYGRYQESQNH,2781.619266055046
RHPLGNGREDV,1510.7064220183486
FRKRVQFVPYWN,14771.591743119267
QGARLNLSG,2658.6330275229357
VVLPENVG,1684.3899082568807
ADELSDG,955.105504587156
NENYQFHG,4882.027522935779
EQPFRAPNKHDL,1590.334862385321
VGPHGQSRPWKD,2503.183486238532
DGAKNDG,758.8348623853211
GRQKGRDALG,1252.954128440367
ASEWDNKHQEG,1470.3394495412845
YLGPAFRHSGFH,9579.408256880733
ANFFPLG,8049.05504587156
SWREAFLSG,7093.073394495413
YGYWNSSPYD,10963.532110091743
EEWPRKVL,3790.362385321101
NNLGELNHALS,2679.7155963302753
QEHQVSPYNPYN,3882.2247706422017
DLAEHPWAG,2966.5366972477063
ALSQEEPSFD,1688.7522935779816
QPWFQRKSASG,4423.128440366972
QYHAHFWNAHG,6950.816513761468
SLRYQFYLSG,21798.174311926607
VRAFNFYNKV,7432.834862385321
KGDWQELSG,1662.2339449541284
VVRKVKSG,1107.0366972477063
HSGRQPHGFNSG,3123.532110091743
HHKLDALG,1623.1880733944954
NQGPQHALS,1739.1926605504586
PGRNAFHWNDAS,4107.660550458716
VRNERLSG,1611.5504587155963
LPPFEAG,1925.3394495412845
FRLHHAGFWNKA,6163.243119266055
EDNYFKVASG,2326.9633027522937
LLGWWHLG,14981.591743119267
KRQHEDLSG,1040.6559633027523
YSAYWEWNKS,5539.133027522936
EFHPRNDS,2089.756880733945
PNGYNFLREKV,5031.481651376147
RPWRFEYGKHVS,8700.926605504586
EFDKGHAG,1245.0229357798164
PWNKVFPDQVKG,1649.2339449541284
FEHVYHDFGEYK,6076.146788990825
HLADVFKLSG,4889.353211009175
KFPEEPDVALS,1049.6238532110092
VHSPANLG,1859.6376146788991
SQESAQFEWVG,4058.7155963302753
VQYLVFNHA,19846.889908256882
DGDDSNVG,1159.8532110091744
WVGKFLSWVG,13368.963302752294
NKRQFKHARNKS,1056.6100917431193
NHASGHEQEHS,943.2339449541284
EEQDGPAG,763.8394495412844
DYVFDAKLG,4212.894495412844
VYLDAFVLG,21232.261467889908
LSGDSQPQREKD,945.4816513761468
WRWPPNDVAG,5245.51376146789
YFNQDQWHDVLG,6320.243119266055
YLSRVWDWHDV,12560.816513761469
NLFQASQYA,4819.215596330275
YHVSRKSYGKV,2842.9495412844035
FDLHPNGQKDG,1609.6743119266055
PPAEGEKALS,652.2798165137615
EFKNQFVS,2541.0412844036696
YGVRAHDAS,2464.5412844036696
KHSFWKGDLNG,2532.146788990826
AFPVFYVRYDVL,50796.95412844037
YWAHNLFNDV,9367.660550458715
EPVLGQHFRQW,9598.646788990825
AFHAYRYG,9523.211009174312
QQWSNGRPKDV,2038.711009174312
YGQHFEVFRHDL,12908.922018348623
LPDRWKFHDVA,3634.97247706422
ESKVWQEKVSG,1066.7798165137615
PSWDNHLENKA,1849.926605504587
NAWPGHDSG,2645.47247706422
SERSPWNDVSG,2651.5183486238534
VRPRGFNKS,1730.5366972477063
VLQNPVEYHA,3436.3990825688074
KHYWKDSEWSFA,5451.197247706422
SYLGLPVASG,3899.1880733944954
FKDNAGHNVAL,2708.408256880734
QAAHAGYSG,1896.9357798165138
PKKQKHLVA,916.7110091743119
FGARLQVLS,10530.669724770642
VFAGSRHS,3230.559633027523
SPADRYASG,1419.9174311926606
EGDKGVAG,669.8348623853211
GNLQNYKSG,2262.169724770642
RQKWRPALG,3132.97247706422
QEEWHSFVFYV,46747.55504587156
NDKFRHNKALS,1825.5275229357799
VQDKNDLG,792.0229357798165
RQQLNSG,1663.8302752293578
FNYSGDHAS,2317.788990825688
VFPNQYGFNDA,4543.201834862385
KRYYEHDVLG,3320.105504587156
HNAGYQVLS,4264.431192660551
WKRSQELEYKV,2684.0091743119265
DFVKLFLG,19098.19266055046
QESWVLAENVS,4238.192660550459
YEHLQVKDSG,1736.4357798165138
WRDSWAHVALG,11076.059633027522
YQHNWDSG,3492.9770642201834
WGDKKDLS,1370.1238532110092
WAALLGSG,6759.40366972477
KKSQPRNG,901.5366972477065
EGHASGKRDL,1064.133027522936
LHPLALS,6288.238532110092
SQPQPYVFENVA,3990.353211009174
SKGPNDHG,1241.0642201834862
PEWGESYNLS,4679.261467889908
FYNGEWRKAGEV,2775.967889908257
YDFKVAFKQWDA,7160.334862385321
DRPRVLRWV,10237.188073394496
NREHEENVG,1294.3211009174313
DVHLFKFAG,10121.169724770642
KWAKYDSG,2019.7706422018348
NPVKYDLSG,1498.2247706422017
LGLGNFWNKHS,4509.807339449541
EPRQHAGKAS,1042.211009174312
SQHNAQYWN,4125.51376146789
KLYVSGHGAS,2762.0963302752293
VEYDPHVYAG,4727.623853211009
NKRGQNDQRNA,1195.8394495412845
DSSRPFEWDS,3354.183486238532
KPDALRFHVLS,5279.743119266055
HAVVYWLG,26829.69266055046
NLGNVQHAEKDA,1232.6880733944954
LQVWSRAS,5704.853211009175
LYGDYKAG,2233.587155963303
SPKPRVALG,1346.133027522936
FYPNGQAFNDV,3467.077981651376
EKGEWLRDANA,1873.697247706422
WPGWWNG,11262.435779816513
EHDRLFNHGEPW,5360.894495412844
EVFRNVKDKVG,1655.0642201834862
VPFPSHSG,1933.7614678899083
SGLAYWKALSG,5112.077981651376
APVFVVSG,15669.344036697248
NRSLEHDVLG,2129.0229357798166
VNRAVSG,1605.6467889908256
HYQFRLLSG,14308.743119266055
DEDWQFAG,4051.211009174312
KEDKHQVG,786.4587155963303
DGFPNEWNLHS,4161.678899082569
DRQRHENSG,1120.165137614679
VQGYQVSG,2098.770642201835
FHENLSDGNHS,2312.7798165137615
RPAYHDWPKSG,3436.7798165137615
LVNEASG,1217.8623853211009
PYFAAYWHVAG,16568.454128440368
KWFNFKG,4464.431192660551
DKQYLESG,1110.8623853211009
GWAASDG,2448.045871559633
GEVQHNVLS,1893.0
NEHSNRNHDS,1380.6284403669724
EGNGGKALS,792.2844036697247
FAPKVRDGWH,4545.94495412844
PKQKWVQFYNV,7833.697247706422
VRLNGYKG,3137.1009174311926
HDHHYNSG,2217.2844036697247
VAGDFNVFRNL,8775.463302752294
KHQFGQRWRLG,7678.637614678899
NPSGLFHG,2880.7247706422017
YAKLHAFRDG,4851.591743119266
SVQVSDG,1262.7385321100917
DDFLPAG,2012.605504587156
HRQPYEASG,1994.348623853211
PHWRDVRPHA,4320.651376146789
NKWDVRHSYND,3924.577981651376
YFDRLSQWKD,4616.577981651376
DYLDVHVLSG,5406.977064220184
EESASDSG,641.4862385321101
HELENKNG,969.8715596330276
YKNEPNSRA,1452.8623853211009
DVYNKNHDAENA,1062.48623853211
NLAGSEPWVAG,3113.316513761468
ASRADHVALS,1876.1376146788991
DHGPDNLG,1515.1743119266055
KQWVDFRPKHS,2640.4816513761466
NRKGKFWHV,3671.4587155963304
SQNWWKVALSG,5668.137614678899
KPEPNQESG,583.697247706422
REGNVAFDQRP,2205.2844036697247
DPDHGQLG,1062.6605504587155
GNQEHNVSG,1020.3440366972477
WWDFQALG,12369.330275229358
REASNGWAEYH,3523.743119266055
FVPAVLPWKAL,8550.266055045871
YVFYRQEPWNKV,10149.247706422018
DSDSKYLG,907.5825688073395
RQGPSHLG,1967.5045871559632
EPSSALSFWNV,5462.302752293578
AFNPSFREND,3068.545871559633
FKWGQKGWNDS,2981.454128440367
EYGKQFPYFPDG,7649.678899082569
RQYELRNG,3133.0183486238534
FDSPLWSYNLS,10084.619266055046
DQSDPKLSG,734.394495412844
PVEVQDQKHVLS,1506.5366972477063
PDSDDVGSG,889.9770642201835
FRDGHASFPKEY,4172.995412844037
VYRLKVG,5072.481651376147
LWFRNKPG,4049.862385321101
NVNVQFSPKHA,3967.5504587155965
EDKHGYENSG,1255.711009174312
KRWVWFYNKL,11382.183486238531
SGVGGWKLS,3299.3256880733943
VAVSSPYWKDV,4213.866972477064
PRGGFSG,3401.848623853211
SWFYNQPSG,5226.935779816514
RRVWFKLG,9197.51376146789
VGNEVGFNHALG,3095.7247706422017
NEVPSNVLG,1857.3119266055046
WPDAWQEPWNLS,8943.564220183487
LHAHDRVG,2503.3669724770643
AGDLRKQWS,2699.8073394495414
VDHDAKG,907.7981651376147
VNLRREVAL,4463.463302752293
REHWSGQHFPWN,9903.224770642202
RKLGKPDEYNH,1607.5825688073394
PVPEPVEHVG,1123.091743119266
QRANEKHSGSG,1189.2293577981652
PQRWFVLYWKHD,25123.633027522937
DDVFYEHDLG,4402.3899082568805
NDYDHDFPG,3286.830275229358
GFGQPYFRPNL,13868.821100917432
NAYVVSFYVG,39066.33486238532
EHEAWVYKDVS,3598.6009174311926
NPHAWFPWKHV,9705.201834862386
LEGRKQRALG,2039.605504587156
QFDKQRNVYDV,3241.376146788991
FGVRFWHLG,15701.848623853211
RHDEYARLHDVL,6051.408256880734
YYKVNQFWKVAG,6075.385321100917
FDVHRASFPYKA,6385.807339449541
YWWKEKWVG,5065.917431192661
HWSRVNHDVS,3511.619266055046
ERGVRWAG,3439.5825688073396
WHSGLRVRPHV,8348.564220183487
WYPLQYNDV,10914.678899082568
DFRQRQKHG,1995.6697247706422
DWNHVPQRWLS,10346.197247706423
LYYDQVALSG,5464.600917431193
YRNVAHVRVA,5731.582568807339
RQGHAELG,1385.5045871559632
YHVWFRYEDS,15518.37614678899
PGNNDNHVAS,1349.7522935779816
KDQEYWYDSFN,9626.587155963303
DAKWNEYWKL,4087.9770642201834
AEVQAFDG,2556.821100917431
HLRFPSFRKLS,7769.738532110092
APHQVFVALG,15246.52752293578
FNAGVQYASKVL,6634.6100917431195
RRSQFDRSG,2547.4266055045873
NDWWNDAWKH,6387.0504587155965
FYVQNARYEHDS,4268.876146788991
YPYNNSFHSG,6011.142201834862
YKPKNKGKHVS,909.2844036697247
RDAFHGQPSREY,4476.334862385321
WHWRSRHDA,6361.940366972477
YEDKSDVLG,1516.545871559633
LRRNVKLG,2279.4816513761466
ENQEYWQKLFNK,3755.848623853211
PFERVRPYKL,10186.90366972477
YVELASWNHA,7986.665137614679
RLWRGFRYKA,6739.146788990825
QDVKNHAGDL,1120.1880733944954
PVERPNASD,1450.8532110091744
QRKDEDFEYDYL,3759.4495412844035
ASSFASENKG,1190.7614678899083
RFQLSFVASG,21348.394495412846
AGFKEWFHDG,5718.073394495413
QEEFHGFRHD,3723.738532110092
FGFKPQFYHDL,13951.0
PRFDLWLG,14955.821100917432
RWVLSRDPADV,4211.114678899083
HHAFNLDVLSG,5845.261467889908
EQWVENGFYA,10002.779816513761
RGFFGEPYNKDL,5794.724770642202
QVRHYRPYWHVS,11445.252293577982
SFLQPHVFALS,20611.022935779816
WLDGGEYWDL,13847.211009174312
QRADQFSQRNA,2429.5137614678897
HSRFFRNVLG,7674.334862385321
FRFGDVGVSG,4050.5825688073396
KQLKSRDSG,847.5963302752293
PLFVYKSQKHL,13787.62385321101
GHWFKDLG,5112.44495412844
RGFNAVLENG,3324.201834862385
REHEQFHKVAL,3153.0137614678897
GFWFSEHALS,14873.619266055046
YQHLNEKASG,1465.7155963302753
LRDLLEWVALG,10967.178899082568
HLDNQPKHD,1538.1788990825687
KEAGYFKAG,2121.564220183486
PYWDPSEHDQPN,2539.2247706422017
DQFLEGQHG,2275.5229357798166
LWPFELSG,10713.550458715596
LYYPASG,3355.9862385321103
NYDNFDAG,3134.912844036697
AFKNKKLG,1354.440366972477
DGRRYGQALG,3810.8577981651374
RPSFWARFYNL,23868.74770642202
ENNAYDGPHA,2067.876146788991
QFRHKREAEPNL,1468.8073394495414
NYHDPAGYHD,4081.408256880734
RPSFSRYYHVLG,13688.87614678899
DVYPGEPYWNAG,5414.027522935779
DVYKSQGFPKVS,2377.940366972477
KRVESFNKHD,1291.5
LFGPYVADVG,6121.376146788991
EDAGSQDGEDA,844.105504587156
SRVPQFVLSG,9013.637614678899
KVAQESNAGH,1209.9816513761468
HYRDPWHVASG,5450.770642201835
SGSQEHFDVS,1668.894495412844
QQPGAFPYWDV,6721.137614678899
RVSLALNALG,6869.935779816514
DVADHDEKVAS,793.7339449541284
KYWVDSEYDLS,5083.357798165138
ALWYALEYDV,23941.559633027522
DESNQVG,1134.1422018348624
ASSDNALSG,977.3348623853211
QSFNSYWQWKH,8616.188073394496
KDQEGELGES,798.5
EKQPNGLSEHLG,993.5871559633027
QHYWASKRENVG,2773.5
FSRARKSQYN,2679.146788990826
GPPVVSG,1369.7798165137615
GQQFYVLFYWNS,36531.51834862385
AWGWQYWKHVAL,15786.91743119266
PPHRNYNHDVS,2189.467889908257
GVNLWALSG,7594.779816513761
RKKELRPNKD,680.6284403669724
NQGWPKG,2228.2201834862385
QKKQLSWALS,2444.912844036697
PVHEAQKHVS,1052.697247706422
RNRFEWGRS,5478.243119266055
NANVGRWSPYWN,14842.454128440368
NFEQKVQVAG,2040.7798165137615
EPQDHVLNLS,1701.6559633027523
FHKQEKSNHV,1143.9220183486239
PDAKWAYVAL,9558.770642201835
AGNDGLQNS,1198.3715596330276
HHPHESG,1288.0275229357799
EGHYYWDALS,7195.3899082568805
HQWFFPHS,15350.036697247706
VGRVDSQYNK,1944.8990825688074
WNRKYWGYWNAG,9833.252293577982
LGAQPSYWDL,10094.169724770642
PSRAEDFPLG,1822.2293577981652
PQGKSRDVG,1085.302752293578
QYFEWHNFWNL,14974.30733944954
DVSLVALREPWK,8582.605504587156
FARRGPYG,7094.743119266055
DVKWQPVLG,3172.821100917431
YLVHNHVLG,6200.344036697248
SAQYFREKHG,2208.6146788990827
VAADYWG,4083.3669724770643
QHGLDVAKAS,1461.5504587155963
YNGEEKLYHDL,3333.3577981651374
YHAFVNDSGVL,6810.09633027523
DPYSVLDAL,3319.678899082569
LRRPLNSG,3328.619266055046
KAEQEHGDLG,896.7660550458716
KWDFRKAFKSG,2256.935779816514
REFPRNAFEND,2430.5550458715597
WGAQNGQYWHDG,8091.087155963302
DFRGAFRNHDV,3931.6330275229357
NQDERDLG,1054.7431192660551
KHFLVSQYWA,14281.04128440367
GHKFPKALG,1877.6467889908256
NWNYQEDLS,3816.4633027522937
WFRFVFEYNVL,29190.738532110092
HFHWKGDG,3064.321100917431
AFWAEWKDQRPW,11275.261467889908
VFQYPWDALS,10765.614678899083
VAAKRELG,1016.3761467889908
KPWAYLKAG,3758.091743119266
KFHLSHPKS,1922.7293577981652
GYGFFALG,18611.229357798165
QSEGEHQWKHDG,1617.8623853211009
LGGGRDALG,2219.564220183486
GHKVPSG,1061.5963302752293
QVRSGPHWDAS,3341.9036697247707
KDFGFEFPG,3939.3394495412845
NKAVWKSGELS,1308.5550458715597
HASHSYKLENS,1613.5091743119267
QHQSASGYNKHV,1932.091743119266
PFYPPHVLSG,9178.743119266055
YDPHLGYREND,3728.408256880734
PSQPRDLGPNDV,1305.2981651376147
EHKLLFRAL,7459.298165137615
RDGHREVGFYNK,4444.761467889908
DLYDLAYALS,9982.266055045871
RFLVAKVAG,8114.211009174312
EPGNDLPNWNVA,2129.059633027523
SQNNKSNKHV,1112.1376146788991
WVSSSGFRKHL,8155.252293577982
NGVKWNSG,2227.706422018349
NEWPKREWVA,4135.766055045871
QGGPYVARVG,4661.935779816514
NPWKDAEVSYD,2212.7201834862385
DFPGNLGYKHG,2660.211009174312
WSWEDGRYHLSG,11531.912844036697
SVQRKANG,1401.9220183486239
YQDDRKVLG,1907.4128440366972
PGQGDALQYWHD,5824.155963302752
QLDRYARALG,5170.220183486239
QREVRHSHVEYL,4435.01376146789
KVAERNHQRKLG,1359.9633027522937
SASLHSG,1510.2935779816514
WPFGDSG,4944.692660550459
VNDVQQEPKH,906.0825688073395
ANFVWNKD,3290.4036697247707
LFNRPVDVSG,2696.761467889908
NLDRHDPKVAL,2007.908256880734
FNWFNHNASG,5226.408256880734
FASSLQRPYNDV,4517.376146788991
KKDPLNVG,912.2018348623853
FNYEVAEPWH,7575.243119266055
HEYPKQEYVAG,2137.6100917431195
GRFRGWG,7313.90366972477
PGPQNHQREWG,2412.3440366972477
YNAGPQPKHAFD,2633.229357798165
QRWPSPKGNAS,1499.8073394495414
VDEGWSG,2289.5825688073396
ALYRWHREVAS,5596.073394495413
QAHFHEWHVASG,3904.619266055046
HVFFVGQFHVL,40626.5
WADEQRYWNKHV,5188.293577981652
DFHGDQYWDG,6376.311926605505
PGKVQRKLSEW,2441.8990825688074
KSAAGRVG,1150.6376146788991
DVAQNSENVEWN,1470.7660550458716
ANDEYDNLSG,1545.573394495413
FEPGHQWHQRE,2426.4036697247707
LKHQQNKG,1082.426605504587
NSWWKHQPWHD,8732.091743119267
LQLFGEPSG,3128.5229357798166
NYWQGFPNKH,4996.559633027523
VSPNWFRPYHA,9046.908256880733
GASGVHALG,1954.8256880733945
YVNNRHAG,2719.0366972477063
KKFDKDLG,879.5504587155963
VWRSFLG,11755.311926605504
DGGRWQLG,4519.678899082569
EERLGHSG,1249.8623853211009
DKEDNSG,505.95871559633025
HDSLYASPNKVG,2118.3853211009173
VAYVYKEKDL,4052.380733944954
NVQNGRFRPYG,6565.55504587156
QSAELPHDAG,1195.1238532110092
AGFWYVLPSG,21457.01376146789
QSRVGWNFHAS,6364.339449541284
RDGYYWALLG,16301.518348623853
EPYKDFFEAFNA,5123.605504587156
FREVDVAQAHDV,1660.4770642201836
YRVSLEWKHV,7862.133027522936
EANANGWKHDLS,1597.8990825688074
VRNDFPYSFNVG,9990.990825688074
NRYNGHNHLS,3418.330275229358
QLKVGFSFNHDA,8810.885321100917
KDQQDAQWK,1246.5091743119267
VRYYFEVSG,26324.977064220184
DKYVQRWHALG,4408.123853211009
EDPQYSYKV,1983.8165137614678
PYPRHGFRVAG,5674.807339449541
EYFRALWGFPK,8732.224770642202
VHLYGHVALS,8407.45871559633
LPDLKQEYKL,1393.7247706422017
QHNGYQFVS,6623.188073394495
SQKVHAGFHLG,3342.408256880734
LKSGDWLG,2916.967889908257
HDGWWSVALS,14879.279816513761
WFLGQVPHVAS,6378.3899082568805
EKGAPKNHVA,741.3807339449542
LEYVHDAPVAG,3099.183486238532
NKHSNLNKLEAL,1317.1834862385322
FGVDSRDG,2135.3440366972477
NSQRDPNKYKA,1117.2522935779816
VQEVPAFRHAS,2826.302752293578
SLQNGASG,1136.1834862385322
KHSGDLGYPYK,2872.848623853211
EKFAEPDSQEYA,1049.0412844036698
VHGKYNSG,1624.366972477064
SWRKVPVSG,2672.293577981651
KLENQPKYNSG,1637.5366972477063
RNVFWAFGQRH,12644.98623853211
KADDKHG,707.5229357798165
HGGQSFEG,1539.4633027522937
PSSHHDSG,1266.98623853211
EWDELQNDWD,5462.09633027523
GQEHSNGNKV,1153.2431192660551
KYVAYDEKVG,1742.1926605504586
PALAFEWKPKG,3864.821100917431
RNLVPKHQRE,1522.7155963302753
YGLWHKSG,4301.779816513761
YPWYRYLG,18402.775229357798
YRLSKVYAL,11989.137614678899
SNLEEAG,1054.059633027523
NSYQSPWKHDG,3016.0412844036696
YLRASHSWL,12320.825688073395
NSWYPWNDLG,11312.48623853211
NDDLYNQHG,2772.6743119266057
RAEAFDENA,1597.0871559633028
ERSKYHSG,1484.0779816513761
DFHGNAWKALS,3801.7155963302753
QAAWGYKDVASG,2270.940366972477
VWKRSPVALS,4372.05504587156
VSLVWHSG,7371.435779816514
QWGGENHQYKD,2811.3669724770643
FDFRQRSYDLS,6350.376146788991
AQAHRWLSG,4523.9908256880735
LWGGVASG,3326.454128440367
LVGNFHG,4693.834862385321
WQASWHPYWKHG,12077.54128440367
SYGWNHNLSG,4791.091743119266
RRSGNEVLSG,1624.1376146788991
LGDAYLYKAG,5298.51376146789
AQRVLSHRYNH,4885.839449541284
EGPKYWLSKG,2065.123853211009
SLWHKDLG,3708.954128440367
PVKEDAPKDVG,642.4036697247707
RNHLNHADAFHG,3762.862385321101
DSKGHDQPWKD,1413.334862385321
NPEHRDG,1264.6559633027523
LPFNKLHSG,2907.5045871559632
DEAQNSWNDLG,1993.8532110091744
GNYHWASG,4937.6100917431195
LSVQELYKHD,3150.4587155963304
VDQWNQDG,2073.435779816514
LPFAKAG,2019.1146788990825
LWNLNRYWDVG,13729.637614678899
HKHHKDALSG,1291.380733944954
EWRRKHGWKH,3503.711009174312
SHFPDYG,4619.573394495413
WAEDASENSGKH,1700.3440366972477
QWPLEWASGHD,5764.587155963302
FENEKASPLQRA,1718.802752293578
PAGPWVNAPND,2354.935779816514
FHKYPDSG,2048.7522935779816
FRDRELGPGFRW,14893.80733944954
EEYEKSRENG,910.3669724770642
LKQVSGLG,1736.5366972477063
QVLNKPKHRHDA,1560.5229357798164
NLAVNSG,2013.4449541284403
KENFLQRNKHLS,2290.5550458715597
LRHVENHSQEWN,2951.6284403669724
ADVAPAFWNDG,3544.2752293577983
FPFNNDEKS,1772.4633027522937
LALFSNAG,6412.628440366972
FSFSYSFEKS,13218.449541284404
YLAWFDLS,14000.215596330276
KFWYQNDVG,4797.926605504587
RYYADGWKV,6775.788990825688
RGLSVARYNDVS,4404.706422018348
VWHDKDHDVG,1719.380733944954
PLHENQPYND,3019.0412844036696
KDGKSYYDVG,2012.5779816513761
ERYFNAQPHLG,5149.123853211009
LVGRAHDLG,3409.935779816514
LSYHQRHYNHDA,3985.091743119266
AKVPALWSG,3241.3577981651374
GQQNAYVG,2126.3119266055046
EVRPLYWHVFP,16297.5
QVYLWDEKLG,6793.068807339449
SFWPNAQREPD,3056.9816513761466
FYHLNSEYLFH,12975.408256880733
QFQRPQLEKALG,1609.880733944954
FVGKDSWYWN,8525.077981651377
AERDNDG,1329.9357798165138
AQQRLFRYLSG,8829.825688073395
PSVWQWVLG,13808.504587155963
PGRVDYNKASG,1849.408256880734
FWYQERPVLSG,6342.463302752293
WLARQNAG,4183.376146788991
YASGQRSDRYNH,3593.1146788990827
WLFRNGQGQWKH,5968.747706422018
FVDEDSRWNG,2920.440366972477
KHEPSPWLEHD,2528.6284403669724
FKRQHVPWHDS,4470.577981651376
FHQPNVWDAKV,2934.821100917431
LAGPLYSG,5943.981651376147
NHEWEDSFKVL,6974.559633027523
VSGAASQYWL,8376.045871559632
DPFRVGHG,2352.3119266055046
NERLHSG,2518.9266055045873
DNGGDSG,1036.926605504587
FGWDFKRAG,5231.408256880734
SHVLHEVG,2342.1100917431195
LSHAHLEWKLG,4524.036697247707
DSLREVAGDG,1118.2522935779816
QSLPAQFG,3054.770642201835
HFQVWHVASG,6558.380733944954
EKEKLYFYNDS,4436.05504587156
QNGDRNRPYNH,3163.6284403669724
GSWDANVAS,2068.4587155963304
QPPWKSNDAYDL,3001.6009174311926
KFDQQKVALG,1431.288990825688
KFLDGQVSG,1916.165137614679
DDHGWLSG,3421.376146788991
YGWWSQYWNLSG,14662.802752293577
DYPDAHVLG,2624.646788990826
HVNWPKSG,2738.7155963302753
VWWQRLG,11280.394495412844
VADQVFKDVS,1625.5688073394494
ELRWQDRWDL,12094.600917431193
AKPHPDLG,1382.6559633027523
KLDNRDSG,1070.9495412844037
QYAKSWKQEPNH,1884.3440366972477
NDFFNRENKD,1999.8990825688074
KEHNSRDLG,1326.1100917431193
EAQGDWVALG,2208.394495412844
HQYYVAYNS,13035.770642201835
FGQSGVSRWNK,3910.0688073394494
KVSAYNQRHA,2295.9495412844035
NEHQGRWLS,5937.334862385321
YPGVFNLSG,5067.188073394495
PYVHNKWVLG,7988.211009174312
NHGPDAQEVFP,1546.4311926605506
WLASYKVPYNDL,10878.256880733945
SLRHRAL,4339.4908256880735
GWLDGHLG,7622.357798165138
SQQFNAPNKHV,2221.0366972477063
PWVALYLVGYHG,32682.95871559633
HPEDENLSG,1106.9036697247707
DLYHYSGPHG,5230.376146788991
QSVKALWG,4110.146788990825
VPELKDLS,889.6697247706422
QFAEVFEWYNKV,17778.876146788993
YLDVGVAQRYD,6912.807339449541
GKSFGVG,2080.876146788991
VKQYSHVG,2283.077981651376
FLESLQPNKD,2568.1284403669724
KDHHGKHALS,1413.0504587155963
WYWQEFRDAL,13204.798165137614
ERWQVQREWND,4150.545871559633
WGRPKQKQFRV,2861.0963302752293
PLAGRWFYDALS,16131.88990825688
QPHVKDGWRPYN,6023.844036697248
WHHFNGHVALG,7280.954128440367
SLPVLLSG,8039.178899082569
QRWLLPYKFRLS,16428.839449541283
SWDLGVFDG,9524.174311926605
AHSGPRKSG,1248.8211009174313
RFKDRQPHVAL,3669.6559633027523
VQFLHLSFVG,33851.85321100918
WVVDVYHALG,17530.56880733945
WNDSASFWGQVS,7094.371559633028
LKNRHLSG,2045.8899082568807
WHPVVSYNDA,5213.059633027523
RVAVHLYKVL,14195.100917431193
DLKFEDREYA,2023.7385321100917
LRPVWVGYAG,10838.669724770642
VEQVEVG,1257.8119266055046
VVAQHPWALS,5966.036697247707
NPGSRWLG,4297.564220183486
WNEDYREYKG,4560.798165137615
VPFAYDALSG,4483.018348623853
QPSAAQPYNDL,2230.105504587156
FGSDEDSG,1234.5045871559632
YSPFAYWNKVG,6707.165137614679
GPYPDWNKHDV,2200.0229357798166
EVFPENLSYWNH,5011.165137614679
SEGSWDSG,2164.97247706422
DQNDQQPKLG,883.6880733944954
HRDRAQEYWAL,7250.729357798165
WVGRRYHVYWKD,12395.0
SPEKSWSG,1322.133027522936
EDQEHAWASPW,6032.756880733945
PGHYKSEKHS,1164.1880733944954
VFHVWANLS,10774.619266055046
RLYESKHDALS,2691.087155963303
WYHSWEKVAL,9331.802752293577
RLWVPGREHS,3368.353211009174
QEGPNFEGDAG,1168.6284403669724
NSNPHGFEYWA,10036.940366972478
GFYEHGQREP,2715.5504587155965
QYQEVAQAPYH,4143.545871559633
QEHDWHRGRPW,9080.564220183487
KNNVQLSG,1287.48623853211
RPSLRWHGWAS,10254.128440366972
NNPHWDSG,3095.5183486238534
VSWGYHGYNAS,6911.9495412844035
VAWFWLYNHDG,16265.536697247706
KNEDGWG,1675.954128440367
HSFPNPLQKHA,1984.591743119266
LWLVSNG,10066.715596330276
KYPLKLSG,2528.0137614678897
HLLVFEVASG,33756.692660550456
WVYRLSFRYNL,29537.422018348625
QLNRNLPHD,3110.316513761468
LHVDPASG,1514.0642201834862
QPWKVQRGYNA,4719.600917431193
EAGEHGKARNHG,1218.3165137614678
PPAKVFRWKS,2705.9816513761466
FEAQFYRYSYNG,19756.435779816515
QFYPGENDGYNK,2530.123853211009
LNGRARYG,4596.876146788991
ADYDGAG,1586.045871559633
FDHVQKDPYVG,2488.6880733944954
KVHPVLQRWDA,5035.344036697248
NNHFLENDASG,2097.7201834862385
NHDPGFVFKHVA,6455.908256880734
SKQWGKG,1434.5275229357799
WWHDNRWKHDL,9391.169724770642
YQHHSHSG,2110.151376146789
FAWHEPLREPK,2781.9587155963304
ERWGDLRYND,6808.321100917431
YEHDGPWLPNVL,15068.004587155963
RFSVWHAG,7025.01376146789
DNANKEYNDAL,1103.2798165137615
HVRQKFRNDLSG,2505.077981651376
GYFAFYHVA,18989.92660550459
DKGAYALG,2061.119266055046
KGEHVFPFYN,8918.146788990825
FALGNAGPGDSG,1692.6605504587155
NLNNFPWVALG,13371.564220183487
DDVADFYDVSG,2332.238532110092
YSLDPWSG,6050.766055045871
VFEKDFHDYKG,2745.1559633027523
SEEWAWSG,4386.293577981652
QLPFSREPYNDG,3642.912844036697
YFRGSHLG,4776.087155963302
AKPKFSG,1114.605504587156
FEVVHVGFPYNA,16505.669724770643
HAYVPAFKSG,4442.1697247706425
NFLLGFKHAS,8132.655963302752
EGEKDVAWVPKV,1398.0091743119267
YKKDYVWLG,5020.706422018348
DLDPENHDVAS,1082.4449541284403
HHLNAHLS,3158.321100917431
WRWHSNPWHA,12846.853211009175
RGGGVASG,1376.51376146789
RKDRALQRLEY,3464.711009174312
YHEDPNNKG,1105.6605504587155
FDFNKEPNWNKS,1903.8853211009175
ANAHFWALSG,6247.394495412844
KGNHRWGASG,2456.577981651376
EVYAQPHAEKD,1005.7477064220184
LHNQNVASG,1407.2293577981652
RSSWGHLG,4587.321100917431
YSEVVANVALG,6381.981651376147
NRKAQLRDG,1626.9908256880733
NKENDFWHDGQY,5498.839449541284
VLALPKGFYDG,8563.655963302752
QWDGFNERHLG,6932.522935779816
KPGHEPG,803.0183486238532
NNGYREAG,1702.1422018348624
VWGSWLSG,8589.665137614678
KQLKRPSG,1015.5137614678899
QDFLRVSFREWN,18942.17889908257
PSPNWYWVSG,9184.715596330276
DNQHGASG,1265.3577981651376
QYGFQFRELEWL,21110.44495412844
AWLLWKASG,7270.334862385321
KGYFWAWVLSG,15270.770642201835
PWKAAGVAYWVL,22343.261467889908
PHFALHDEPS,2576.9449541284403
RKYPHDPNVLSG,1884.6788990825687
NNRWHRSG,4194.399082568807
NWNFYGREHDV,5621.834862385321
RWERAPYKLG,5843.495412844037
PKHKVRYRVA,2025.1238532110092
GLEPPDALSG,1271.467889908257
EAKPGNAG,742.105504587156
NLQDLPVRYNK,3608.206422018349
HWAQFEAEVSG,2969.967889908257
RAVVDASG,1274.0825688073394
GPENPWVAL,3267.2798165137615
EYKSNDWHPNKA,1463.2660550458716
EYPYHEAWNKH,2885.8899082568805
YPGGDVG,1435.3715596330276
PNHSDLQLSFPS,3848.0045871559632
ANRWFREKHDLG,3198.3073394495414
PYEAASRPVALS,4522.206422018348
AQKHYHRPVAS,1909.6697247706422
VWFRSQASG,4316.614678899083
YENWRYDAG,7356.119266055046
KHQVQEAGEAG,720.7385321100918
HFFEHSNDVS,3080.559633027523
RHESLQFREDG,2501.3073394495414
YDPNSQALKV,1646.3715596330276
FVVNYKSG,5064.5091743119265
YLKVKSRWDVG,4746.94495412844
RFNDLGHHVA,4004.793577981651
RKGKENKKVAL,660.2798165137615
YRSEHSHS,2010.9770642201836
SAEWKWSG,3018.9449541284403
WRLSGHDPH,4298.426605504587
FNSNKEHVQRKD,1485.9816513761468
VHNAYVSG,3144.6880733944954
PQLDPVALSG,1697.091743119266
ASNAQREEKHDG,799.4816513761468
QQYEFPYG,5770.5504587155965
YWPHPSQFPWDS,12574.949541284404
HQWQSFDL,9632.440366972478
PHPNEDLSPNV,1420.591743119266
KHRLENHLWKL,5054.866972477064
HGENDRVFHSG,3521.6559633027523
HSLQDVAKVAG,1352.1743119266055
KVSHFEPASHVL,3101.1605504587155
LEVKLHALG,5091.266055045871
DYELWALSG,5569.908256880734
DPYDVLHQWK,3872.6605504587155
AFNELPWALG,9084.490825688074
KVNNNKLG,1172.6238532110092
YPDAQYGWNA,4878.972477064221
RALQVGYWGPK,7313.775229357798
REAQWQNSYWKL,7760.591743119266
ESDAEPGQWHAL,2124.0963302752293
WSDYRHSG,5062.068807339449
NVQSDFREKHD,1358.3256880733945
WNWKKHGNHDLS,3133.6880733944954
YSDLSFYEYV,21287.61467889908
EHGNYNFNHDS,2570.862385321101
WVDDVPDVG,3209.7247706422017
DLYQYEYKHVA,7096.422018348624
NSENYNVEWDVL,6822.284403669725
HRPAPFPKVALS,2945.47247706422
PHDVPAWNEHA,1879.1422018348624
PVRQNLRPNSG,2485.8899082568805
RNGLFALWNDVA,9315.275229357798
GLEPEALG,1292.5091743119267
YNAYGPANAG,3169.5
QLGQRDPKVRPV,2035.4449541284403
HELYSWVS,10534.19266055046
WEARYGNALS,7985.477064220184
WKVGSELKHAS,1577.0825688073394
PQQGNHG,1517.6743119266055
FVAGVGEKLGYG,3287.816513761468
DFLSQDSPHDSG,1706.3715596330276
YGVGSQNLSG,2219.697247706422
EFQENLWNKDL,2619.6330275229357
YEDHLEVG,2871.651376146789
DDAHNKDVL,1004.4082568807339
REGAHDGRWKDS,1703.045871559633
WKAVKVSEG,1935.9633027522937
SVYGVLS,6637.027522935779
EPEGLGEWHV,2875.0137614678897
WGLWKSFRPHDG,7029.862385321101
VDNVEAG,1030.302752293578
YPKGHSQFRPWH,7390.394495412844
EGPGQWEVAL,2639.853211009174
YVQLQPYKSNL,6452.857798165138
ERYSHQWHVAG,4251.188073394495
WKDLHVAFRGYD,13297.660550458715
KYRQFNHDVA,2530.412844036697
NYLEENALSG,2282.761467889908
YKHYGDAGQKVL,2615.045871559633
RGSEDSKG,713.743119266055
NRFQFRYDVAG,10541.357798165138
HPGLYLSG,5815.55504587156
ALQQRQEDSG,1006.5642201834862
NEWGKGQWKVA,3154.123853211009
WDFLSYAQRYG,9524.47247706422
FHRKNLSQEYN,2618.821100917431
QNQANASPDLG,1100.8532110091744
HYKRHYKHDVSG,2485.380733944954
PWLFVWVFYVAG,32145.967889908257
GQWDWLSPVS,9964.032110091743
DLKVNDRNKHV,1365.133027522936
GKLQKEKSG,662.0275229357799
AWLVGDVSG,4380.582568807339
WHKYEWLG,8107.385321100917
LWNQKLEPKL,2503.935779816514
VPNLHGQWL,7139.527522935779
LNQHQWLG,5715.298165137615
YQKKHWDSG,2153.178899082569
HEWYSHDLG,8653.422018348623
LRQNGDG,1811.8394495412845
SWSRKQKVA,1594.7477064220184
AQSPREKLSG,912.5733944954128
FGAQRVPAG,2389.7247706422017
RPKAHVQHQYHD,2943.380733944954
KKPSPDVLS,943.3853211009174
DQKWHRYKAL,3395.091743119266
LALDRALS,4026.3119266055046
GEKNQRKVALG,1206.5412844036698
PPDHKDLSG,857.6788990825688
HGQEGQFLQRPY,9864.536697247706
FLWPVAQRPWLG,19403.20642201835
RPLHKGNKG,1287.366972477064
HDGPNLPVFRYD,14048.188073394496
WGRVVSHDVLG,7546.302752293578
EQWFPKVSEYHV,5473.752293577982
QRVYNAGVSQWD,6939.018348623853
NGKYYNKHDVSG,1705.7385321100917
QYLFLEKHSEPH,4927.229357798165
WSHEEHSG,1981.7247706422017
GPVWVNDAS,2503.9816513761466
SGRPKAYAPNS,1337.3165137614678
ALRAHVASNSG,2274.119266055046
SQDDEKALG,706.9220183486239
SPHPAYNKH,1868.7431192660551
LYQFSFLG,18376.08256880734
RNRESELQRWK,2387.821100917431
RKQSRNAQWNH,2399.0045871559632
SENPWFEWNKLS,7980.160550458716
QLPSQEVFDVS,1724.5779816513761
NVKSNHLNL,2449.1330275229357
WKYKANWKVS,3113.6009174311926
SYKAFLFPDVA,11869.949541284404
PNNFDVRENKH,1870.5091743119267
GVRPAKAG,1182.2844036697247
RREDLGYSYNS,5691.729357798165
PDSASRAQEKHA,801.7018348623853
HLYSQVRNHD,4678.178899082569
ALQSNVSWDLG,4398.279816513761
AHQGNSG,1036.866972477064
EREVFVQREHL,4938.220183486239
ESAAPWSG,1805.2614678899083
DKVEVPWAL,2991.123853211009
EHSALFPFED,3988.229357798165
EHDSHFEHVED,1344.8073394495414
ARNYPALG,3420.435779816514
SDRWPLSG,4681.51376146789
YFLHENDSG,2987.6100917431195
FHGDPFRWNVS,7869.90366972477
SFLQSELSG,2884.3577981651374
NNGEWQEG,1690.165137614679
LQWNHQVEYHA,4938.816513761468
VYEPDFAG,2709.47247706422
YKYNLFALDAG,7712.123853211009
SQDLNAEYKDS,1319.366972477064
HFHYNVSFDVS,16207.963302752294
YADRSPKDVLG,1963.454128440367
YFWALVAYKDG,12334.197247706423
GRFFRLG,10617.477064220184
WFEQSGQRWNA,8335.353211009175
REEEFYWNKVS,2495.5963302752293
ASGGVPNDA,1036.9954128440368
LRQDKSG,1172.440366972477
EYVSQDAWNRNS,2718.802752293578
YQSFQPKVA,2934.6880733944954
PPFGWDSG,4297.981651376147
WFVLNDQHS,7397.288990825688
NRQEKRAL,1316.8623853211009
NKPSKVQKVA,764.0550458715596
PRVPWAYNDAL,8376.628440366972
HSNFRWELG,7279.40366972477
HREEDLEYKHG,1512.6467889908256
HYDLHFRKVSG,4102.422018348624
APHENGEPK,844.2293577981651
NVYLRSFKAG,8779.688073394496
EKQFGFHQEYKD,2243.467889908257
VQVEDSYWNDLS,2849.229357798165
FKHHPNQRHDVG,2284.862385321101
YSDRNLYWHALG,9926.412844036697
AQGWAWAS,6016.270642201835
REQKWNPYS,3035.243119266055
KLALSQHPKHD,1702.0779816513761
FEKVSRGYHGFL,8782.56880733945
PHYEKHQFPWH,7682.683486238532
VQFHLPVQFWV,36934.39908256881
YHQDEVSPS,1336.4036697247707
EDFDREVEASG,1102.1009174311926
DGNWKFELG,3126.8119266055046
LRNSYEPYNV,5920.032110091744
NSEAGQSRND,1143.5045871559632
HGPDSQLEDVG,958.0366972477065
WPRARWNAL,10017.440366972478
EGWHSSVLG,3818.770642201835
NYNKNLPKHG,1761.0412844036698
GQEPQRAGRPHL,2578.7522935779816
EFLFAGFRWN,22538.591743119265
FWRQKLREWAG,6182.353211009175
GRFVDAG,3233.3899082568805
WPKKPYDLS,2751.7798165137615
FWAAYWNGPNH,9056.01376146789
GQVRLGKHLG,3004.4266055045873
HDRDRKHDWDS,2241.1651376146788
RYYYHQWKHVS,7099.100917431193
VSHNPHSG,1717.2981651376147
YNKNAGWSRYH,7276.44495412844
NENVYQKHDLS,2124.7477064220184
YWAVHLGPVLG,15718.545871559632
PLQVPHLKAL,4159.614678899083
FNFQRNLYHVG,9544.481651376147
DVSHNHVSNKDL,1234.7018348623853
VFHGSFEALS,5076.802752293578
FNHEYFEVFYKL,26164.669724770643
NNDAAPWKLG,2333.6880733944954
ARVKFEAG,1654.8761467889908
FLVLHDFRY,17800.105504587154
HQEKRKGPWKG,1304.5825688073394
SSFLGKVASG,2131.169724770642
NHQVDSPYNKHG,1671.926605504587
NEWSPHGWAG,7015.293577981652
GRHASGSPWAG,3498.4174311926604
WAVRLPYKHV,11272.564220183487
QRDRPVWGHDA,3073.6330275229357
KGPFKQKDAG,861.5779816513761
WNDAQYVSRKLG,5469.233944954129
GYSYSFNAL,12763.211009174312
KSVKEKHDVLSG,840.4357798165138
KVFARPAFHL,10435.321100917432
HNGYHNVLSG,3306.8577981651374
WPSWDQWNKV,6692.651376146789
EGHYDPNG,1517.1238532110092
YLVPSWKVLS,9795.52752293578
DFEEVAEDS,1270.6467889908256
QRWQLQHSPYD,9726.440366972478
HDRELSELGNL,2399.9862385321103
PHAVYSNKLS,2982.440366972477
EKVHFDSFPYHL,8020.866972477064
YPDYGFWNKS,4820.894495412844
SAPHYASG,2472.4449541284403
DVKVHDSQKA,666.7385321100918
KGSVAQAG,1020.1009174311927
KFWAEGFPYNA,8126.087155963302
YGFHRYFESG,8257.151376146789
YSEAGDRAG,1537.0642201834862
LHLNQDSG,1735.8623853211009
WDVYWHQSQKV,5642.729357798165
EEQPHNKG,832.1376146788991
QWPHLRVSKHS,4556.811926605505
SVQEFRWKDAG,2002.2798165137615
NFPPQEKSG,1054.1238532110092
EHPWGFWAVAL,23448.82110091743
WLHKDGEG,1828.467889908257
RDQVNHAPWNG,2960.743119266055
HHWLVASG,5863.816513761468
QVSFLFEGRKDS,10627.114678899083
VANNVGYWKVG,4524.252293577982
WYHADQKG,2174.261467889908
FRPPFNSKHS,2354.3853211009173
EWYDHVLEHS,4442.188073394495
RARWLGPAPKHV,4335.40366972477
HGWREYENKVG,2732.3669724770643
SNHYKRNAG,1851.7339449541284
NALYGYHFYV,17004.669724770643
GDVGAQNLSG,1283.4587155963302
RWRLEALKHG,4048.9495412844035
PQQEHKLS,1001.1651376146789
NKGDRKHDQRHS,1131.926605504587
VGHSHEHDAS,1101.0275229357799
YRLHPVG,4509.844036697248
KVRESRDWNK,1269.4311926605506
QKWFRENVQWKH,4154.518348623853
FAFLWDGDG,10081.711009174312
ENEGFRPSEKLS,1084.697247706422
AEWEPYFNKVLG,8570.90366972477
QLLKSWAL,7710.45871559633
KFGQEVRG,1691.866972477064
NSSYKRDVALG,2080.4862385321103
VFRKWKGQRED,1603.6834862385322
SHVAKEPYDVG,1452.6559633027523
KQYHSAGYHL,4750.899082568807
FKVYWFPARDV,18597.66513761468
PWHNKALESYW,8380.059633027522
RYSFPADALEVL,3923.233944954128
YESEEWG,2884.761467889908
LSFADSQFEYDV,7099.394495412844
HDVWNAWVLLG,23314.160550458717
ASGQVQNKALRP,1694.954128440367
ARDSWFEHD,3902.123853211009
KWAAVAG,2126.7155963302753
PQWPQFREKH,3016.623853211009
GNAGNYKHDVS,1361.8165137614678
FPEKASARHV,2406.733944954128
RAKYEWHSG,2469.380733944954
YEPENFYWHVL,13423.633027522936
DVQRLVLSFAG,37004.807339449544
ELNSQLRDS,1602.5366972477063
RHDALVHVSH,3479.0688073394494
AFKPFPYWNSG,7955.9908256880735
WLSVPHQRYWH,13351.174311926605
GYKRPLYVL,14214.967889908257
WHRQKSQWNALS,4305.692660550459
EFVSNDPAL,1883.573394495413
NLAPKDVFRY,7201.5504587155965
RDVRKAAFYNHD,3769.738532110092
QRDSKFNVAENH,1334.1284403669724
VEVPVWAG,3939.348623853211
PYGSEVALKG,1895.2385321100917
QEVRNKFGREN,1500.8394495412845
SELQLKHDAL,2619.7798165137615
NLVFNHFDS,11468.834862385322
QPAGRPVNVLW,8113.4495412844035
YGDQKSPHLG,1931.4633027522937
VFELYSGYHAS,12142.41743119266
KPNWWKG,2799.169724770642
WFRAGAEYNHLG,7636.5504587155965
NRYPHRWLS,10506.61009174312
ARAVYDSG,3101.2201834862385
WHQFKSPNRWDL,10876.01376146789
NDQLVFEKDV,2980.266055045872
AQSRGRLG,1910.2477064220184
WWQKNASG,3264.8256880733943
NGNRKRPKAS,1019.3990825688073
LSVPLNHG,2685.7798165137615
DWHLPQRYVAL,16904.94495412844
RPLYLFPFNDSG,21060.56880733945
HAFVWKVAQKS,4543.628440366972
VVQSFALSG,4754.839449541284
PGEQRAQRYL,5443.376146788991
YDEHSHDGRNV,2844.770642201835
NKFWWNFWDS,17185.94495412844
FFAGNVEHDAL,4022.0550458715597
PDAAYLYWVG,17308.371559633026
PWKSEPGPHGA,1997.6009174311926
KDRYKVEGPWDV,2922.862385321101
SDVAKEVALG,863.0504587155963
LAQRVRG,3251.3669724770643
KNSFHQHG,2134.0229357798166
PFRNAWGQEPD,2891.064220183486
LGVEFRDVSG,3463.197247706422
WAGEYFKQPNKS,3766.233944954128
PSFYRYLPSG,13409.844036697248
DWEPQKLG,1967.6834862385322
DEGEVDVS,913.4036697247707
RASPVEGFPWLG,5520.01376146789
RQVAFHWHVLS,13759.775229357798
VDLKQNSG,1063.4770642201836
RNAGDPGQEKV,814.9633027522935
GEASHQWDAS,2716.9633027522937
GSFPWQSG,4910.536697247707
YYEDPWNKHG,3844.1284403669724
ERPDPWPWHDL,5112.614678899083
HNQFFWSG,12135.119266055046
DFVQYLSDLS,8793.169724770642
HAQFHPWAHG,7421.779816513761
QLRDLEKYWAL,6895.715596330275
QNANDLRVGNH,2358.7522935779816
FNRFAREYWL,18604.105504587154
NVAKRKGEYKLG,1392.8394495412845
DFYQLQNKHAG,2475.729357798165
PLEHDKSGYKHG,1781.0045871559632
LNWDVYG,9793.5
RLRLAQFWHS,13393.266055045871
WRRKAPVG,2750.7155963302753
HHLNFHSG,4188.766055045871
LYLLGEL,11325.394495412844
HVLYHYHEPHL,11298.665137614678
VGRGRQREPNV,1802.7981651376147
WFSNAPDSG,3303.5091743119265
NEKPVNHDVAS,1022.1376146788991
WRPGHGFRKV,5777.9495412844035
YSHAWFRPYNLS,12581.93119266055
EHKDYYWKG,2005.119266055046
LKEYPLG,1999.926605504587
KRWNVSQHVEPG,1804.8394495412845
AGDGHEPDV,1082.1376146788991
FWRHPKHSQAL,4083.8899082568805
GQDNHRWNKALS,2401.261467889908
PANKYHREYKS,1730.4357798165138
YWWNFLFHSG,10085.11009174312
WGHRHFELG,7589.027522935779
VWLKWHSG,6914.660550458716
FHPELGWNHVA,3844.059633027523
RHKKHVHG,1196.2339449541284
HRAGGQLG,2024.9220183486239
NSSKYDSG,1073.9954128440368
KDGFFKVNDLG,4086.6743119266057
EPRPNWQRPHA,2940.353211009174
KSFWRPNEWAL,9470.784403669724
YQPLWAQPYKS,6798.353211009175
NRNRREPYWDAL,8590.834862385322
PAEVHQFRPHAG,2713.3990825688074
VFHDGSPDLG,2862.9862385321103
FGGDQFAG,3430.8348623853212
PWFQEVLQRPG,7292.417431192661
PFNKEYGDLG,2548.738532110092
SEFEQVG,1743.0871559633028
ASYFGWNDVA,5786.811926605505
RWKAWKLLEYK,5070.385321100917
SVRVAYG,8235.545871559632
QREKFSFPKDEA,1003.2339449541284
QVWRHWDALSG,8261.839449541285
VNVAPKAKALG,1426.98623853211
ELPFWQRWK,7227.642201834862
QHVYSEYVSWA,14884.371559633028
GKEYFVA,3417.183486238532
LASNFWG,8405.564220183487
RSQGWSPDL,4126.01376146789
LKHEGDLSG,1088.9908256880733
QDWYWDYNALG,12200.967889908257
RHNSQGFWKSG,3309.243119266055
RSVWPWAL,15672.178899082568
GRGHDKHG,1427.866972477064
YSWGRWRYWDVS,15553.022935779816
YRSGYWNGDG,5643.573394495413
NAWHALWSQREG,4665.155963302752
YHGVNDGFAG,3934.3715596330276
ESHLSFSGYHV,7800.467889908256
LKYVYAG,7645.477064220184
NRAHRKAG,1469.3899082568807
AQFQYRPYKHLG,8194.050458715596
QYEKAFAQKLG,3086.908256880734
PDKQSFEPYNK,1240.3853211009175
SDLVANVSG,1715.5871559633028
EGRQKWKAG,1229.545871559633
DQWEELSG,1840.151376146789
PESESNLG,951.3302752293578
NSEAWFEVS,6219.481651376147
GVPYVYSG,11102.440366972478
VHYPVSG,2973.8256880733943
RGVKVDVG,1379.5366972477063
RRNRFHSG,3303.9036697247707
EGQELERVAG,1011.7155963302753
YADNKLNKHD,1571.3761467889908
GHSDAAG,1074.3073394495414
HVQFYFWSFRHG,27932.160550458717
SNNDRVALG,2126.2247706422017
PYRLEYSPKDSG,3664.5504587155965
FNLKDRYQNDVS,2479.321100917431
QFLEQFYNHSRW,15144.949541284404
FVNLEQFYVG,15525.334862385322
NPPQNASG,954.756880733945
EQGKRYG,1650.9816513761468
RVKHVQPGEWL,4717.766055045871
PGPFYKLQFWL,31747.302752293577
YAFAALREDAG,3684.8073394495414
WDSSEPAQKV,1482.394495412844
LLFGHLG,7140.683486238532
ASGVFRSGQNH,2875.9908256880735
FQFQGFREWH,13882.37614678899
DDANEDG,977.8394495412844
HEAPEWG,2614.178899082569
PSGAQFLSRWHD,9112.660550458715
RKVHHLGWG,4738.481651376147
PNGVWKPVASG,2228.2477064220184
RYWYKQPNAPW,11065.330275229358
PDESEWFLS,5722.94495412844
WNVHWHGFRPKD,6585.628440366972
QWKWYKSQEAG,2100.0733944954127
WNHQGNHLPWA,8457.188073394496
WKQGFHGPWNKH,4825.362385321101
FFGKNDALSG,2399.651376146789
AHPAYHVALG,4638.931192660551
LFGVFDVLG,11816.09633027523
WYKDQAFYLS,15200.977064220184
WKHPKFRNDQWH,4886.876146788991
QDKAEDEPWAL,1300.7935779816514
AWPNVKG,2108.123853211009
HPSAKVLSG,1082.8623853211009
HSDKNASG,705.5642201834862
NGYGDSEYHDV,3021.862385321101
GFKVVFWNHVAS,17916.802752293577
HEYGPSRPWLG,10494.160550458715
EFEVVAQYWNL,24828.922018348625
YQVPFWHG,11848.059633027522
KKYVVAL,3395.6559633027523
HSRAYDEHLS,2706.678899082569
QRHSSFPAGPYG,5237.192660550459
ASPHFSHDG,2398.802752293578
QKKPEYLG,1093.01376146789
YVASAQYKQFHV,7032.04128440367
WDVKQEVYKSG,1891.9357798165138
QELFKQWAQWHD,6456.311926605505
NKNLSNFDG,2390.9587155963304
YKGQVSFHSGYA,7330.344036697248
WVHGKRYKHDLS,3863.6880733944954
QHEVDVYKLSG,3130.123853211009
EQVVEVALS,4184.623853211009
GARYSVSG,3226.8577981651374
NYGNPDLS,2713.5412844036696
PEYHFGYVALG,17248.51376146789
HKQYKFVS,3280.266055045872
KWANGPDLSG,2123.1146788990827
PDQVGYKLWKHG,3384.793577981651
VPFLKDLSG,2266.5091743119265
ASGELGYHGPNH,3404.793577981651
PESQKLGNG,1441.2339449541284
WHNEHLGYWNS,9682.56880733945
RGKKRWLS,1730.4633027522937
DGGASRVG,1409.073394495413
AYLSLSWG,14060.775229357798
RNSHWLQRPKDG,2816.3853211009173
SFPEFPVA,2737.183486238532
ASSVPASG,1008.0091743119266
PQPAYFALSG,5477.876146788991
QNFRFLWNKDS,5201.51376146789
QNWPGQKS,2021.5825688073394
GKWNDEAL,1417.545871559633
QRFVDVAFRN,10372.385321100917
NRWVDAPVLS,5501.95871559633
ESNPLGQDVS,1076.9311926605506
PVEGWDAEWHS,5158.206422018348
SASGVRALSG,1911.8394495412845
EPVNWNSQYH,4620.954128440367
FDVGKQHEASG,1041.197247706422
FHEEYNQWAG,5859.422018348624
RNNQSPWNKDV,1743.045871559633
YEKNGWDG,3325.0412844036696
VGRDWDGPG,3282.137614678899
EPAWWSGWKHAS,5500.628440366972
NNAHYWSG,5547.01376146789
NHPRENVFPKHD,1868.9174311926606
QRAQEPRFRYG,5027.252293577982
QSANHQHLS,1685.2293577981652
GNAQLQRSG,1836.4770642201836
PYEENGQEYHV,3281.206422018349
NSAERNALS,1177.8532110091744
KVQHQHSQPNA,1305.6926605504586
RAQWWLFEPYG,19133.311926605504
YGNVSDFEPYS,4988.587155963302
GFAAYHG,5937.238532110092
RNEVWLEWKDG,5325.201834862385
FGSVGQPG,2393.3440366972477
RDQSVSQYNH,2159.97247706422
FRLKRPYWFNDV,13416.98623853211
QLAFVGLS,15142.701834862386
HFRPESGQDL,1466.7981651376147
FVRRLQPYWG,14208.91743119266
VASFSPAWDAL,8071.5091743119265
PDKKDSFRKS,795.7706422018349
QQRLVAEPNV,1491.119266055046
DRYFDGQYKVL,8619.848623853211
SNDYGNVSG,1755.1605504587155
DNSQPWAALG,3500.8348623853212
RKLKDAYFENV,2219.798165137615
RNSPGHDRYAS,2237.201834862385
WRLPYVPYDAS,12143.954128440368
KFLGPNAWG,5891.018348623853
HELLSHSG,2718.619266055046
PVQPWFPEYNK,5408.334862385321
PVVSLEHG,2145.3577981651374
RAYSVGENKHS,1790.6422018348624
AEYNGPYLKDG,3566.1146788990827
VKARREDAS,814.0733944954128
HRRRDSG,1646.133027522936
GPNWYDLG,5899.802752293578
DPVKEASG,641.5779816513761
FSRSSENDVSG,1319.1605504587155
FNKWRNGQPKA,1969.7522935779816
HAHRNSEVLS,1637.0779816513761
LSVYEWALG,10101.018348623853
WGPEALREKVAS,1620.288990825688
KLEYKVEFRWL,24016.339449541283
DVESASEYWKH,2091.4633027522937
EGNDYQPDSG,1079.1422018348624
NSPEFYWNKSG,2231.9954128440368
VEDPHPAG,1340.4357798165138
PHENPARYWAG,6677.380733944954
DFNVAWAWDAL,12630.252293577982
KKPHKVSG,825.3532110091743
DNYWWNSG,5103.871559633028
EELVPDVLS,1769.6788990825687
FLAWPVLSG,10124.79357798165
LWYVRLSG,16302.651376146789
ARNGQQNLS,1399.1880733944954
QHDLGNDRLWK,3206.045871559633
RHQQFGPAG,2384.032110091743
WPSQEQFREKL,2111.9862385321103
NEHANKYNKHD,1359.7431192660551
LYFWAPYG,9021.587155963303
DKAFSNSG,1029.9954128440368
DEGNENAG,900.9908256880734
WYVPFEASG,6293.279816513761
RALNWHAFWDG,14477.697247706423
WGKSHAPWV,6977.357798165138
EYFFWNVRWHA,19430.80733944954
NWPVHVALSG,6228.59633027523
SEVKYDSG,1394.7477064220184
VQGQWRKHDAS,1907.7981651376147
DDLESLG,1084.3715596330276
WFRDYLENSG,5396.087155963302
PNDFWLGKDALW,10705.51376146789
DLNHYVQYLS,9006.697247706423
DSGRHDESRDVA,1010.9128440366973
QYWQLNFKAG,8014.683486238532
PPLDKHDS,901.1146788990826
YSQVKGEWNDG,1690.3715596330276
GNQFPFLG,8310.091743119267
GDSGPKDRKAL,1034.7477064220184
WRYRYWPWAL,20594.655963302754
PWKGNDKSGPK,1073.4128440366972
QPYNEWKGENHV,2617.5688073394494
FSVKLFEG,7510.876146788991
LGKDNDWHV,2732.9174311926604
RHYQAEWNKDAL,2751.5733944954127
WNYWVGFYWAYH,18121.729357798165
PAFNPKDPHDG,1667.605504587156
HLLSRFYDALG,10163.169724770642
YKDQQEWLSFWN,9215.91743119266
EFLNWKDVLS,4014.6146788990827
FDVHENHGRHDG,2679.830275229358
NAEPGWHFWHDL,12997.188073394496
WYNALLEYWDA,16629.738532110092
YAKGRVLSWG,7166.215596330275
NAYRVGFYV,29205.22018348624
ESLRGQASG,1236.1559633027523
RSKHLYKRWDV,3878.288990825688
AGFRSPWKSHVL,7756.8302752293575
VQDAGFAEHV,2243.9495412844035
FDDDFYVALG,14620.339449541285
WVDWGKDG,3904.0045871559632
SKVDFVG,1732.2247706422017
GRVNNALSG,2418.6330275229357
SDVHLYALS,8235.51376146789
QLHFKDLRA,4035.587155963303
HPLLNHVAL,4712.256880733945
PKLRQRLENVS,2090.293577981651
YYSHKHALG,4073.1926605504586
PHRPGWLYNKLS,6768.568807339449
RPFWGHVSELG,7158.692660550459
HGGDSELS,1114.151376146789
PYAQYHQWYHAG,12558.018348623853
WRYAEYKQFPNA,7110.90366972477
HQHVVGNKDLSG,1423.51376146789
YKFGYWGHG,7300.899082568807
KVRKWHGHS,2406.169724770642
WHKYAGFPYKV,8766.637614678899
EGQEGYASGNHG,1594.8853211009175
VAASLNHG,1805.894495412844
SQEHPAFYKHA,4626.6697247706425
VYRYVWVLS,31570.059633027522
EEHQPHFPNV,2951.97247706422
NWSVHLSG,6438.371559633028
SFPWRLQFRYVL,39103.2247706422
RLKAVADVAL,2780.7155963302753
RDFPLYKRYHS,6415.55504587156
SWKQKQWHDV,2695.9036697247707
FSHREWRDSG,3964.9311926605506
NRWPHQEYWKL,10074.266055045871
QPNNWNVYWNKS,6375.256880733945
QYAYLSYGRHDV,11283.715596330276
GFNQAQYASG,3315.4495412844035
NLHYQYHAL,10439.266055045871
KWQLALS,5324.628440366972
PFAAPKALS,2785.206422018349
AFQRVGKDSG,1956.651376146789
HDHAPVWSG,4061.4587155963304
PDEPEHAKHVAS,971.6009174311927
SRDVVWHSG,3852.7155963302753
RPHQKGNLRNK,1068.8165137614678
KSHYNSQFEK,1398.7431192660551
DSEPDPYPWKDG,1755.532110091743
WGNQQKLG,2304.880733944954
RFNLQYKYKH,5424.348623853211
PLHQPKQPLG,2233.738532110092
YWVWGFVQNDA,11398.669724770642
NYPWESG,4201.55504587156
SDGWEWKHVAG,3258.1422018348626
VVGAHVG,1943.4036697247707
WSVPFVAS,11932.90366972477
HAAFYVWKASG,10873.059633027522
PRYDDGEHVL,3200.798165137615
YLVAGKGFWAL,14812.747706422018
YVSNPWAGNHD,5094.568807339449
SQLGLGQRPDV,2156.4633027522937
FSFVFKDPYHDL,18632.41743119266
DWHLNFEPKA,3143.8577981651374
KWSKQVLSG,2026.059633027523
LFAPNSFRKG,4763.399082568807
WHPYKYHSFE,7237.59633027523
KPNENPDALG,896.1330275229358
FRNNFRAYHDVL,11088.660550458715
NRNPNFHG,4171.98623853211
RDDDVGASG,1143.105504587156
AHPSWVASG,2913.408256880734
KNQFSELSG,1610.532110091743
DVGKSGYYWKH,4145.752293577982
RDKSPGQWKVA,1723.2752293577983
GEYNRGQRPYW,13637.01376146789
VFLVDASG,9716.977064220184
QRARDSFDNKHL,2437.2522935779816
QLWKWDPNAL,5899.435779816514
AQEWFVGQNK,3971.9908256880735
LSYEENSG,1672.6559633027523
VPSHSFSG,1834.8623853211009
WKHKNHSEPN,1399.8899082568807
HNDYSWASG,3629.5
HVAQFASLGWK,9107.311926605504
YAKHPKQFEDV,1543.2477064220184
YWRAARPYKA,6092.183486238532
PDHWNDYLSG,4493.981651376147
FSLFKVAYKG,9487.564220183487
PHSHKQRPKHD,1242.711009174312
GKGNSREG,826.1880733944954
SRHNQKHDL,1768.3256880733945
NVHYKLQWNKG,3424.0963302752293
ENHDLEANKVAR,1406.5275229357799
LREAHDPHDA,1896.7477064220184
QPFWHRPGRLSG,7813.816513761468
KLVLWAEWHV,16070.532110091743
YRFYGPDVG,6693.899082568807
NKLHRENNDG,1410.9128440366972
QKHALAWHEHV,3375.1880733944954
YPNRYLQDVA,4267.293577981652
APVRNYWLS,7242.715596330275
LQGWQYLG,10637.655963302752
KLGVVALSHDS,3513.4954128440368
HEKQWEPHDG,2046.8211009174313
EPHYPYVEVAL,13789.752293577982
KYYWKDWSG,4726.995412844037
QPAEVPVGWHG,4513.302752293578
PQGDKHSG,775.9908256880734
VKQLNHDVA,1205.334862385321
DRGFVREHVALS,4364.825688073394
KKDLGKQNVAL,937.5
HGEHAKHGKAG,1138.1422018348624
PVELLYHVS,25471.123853211007
GNSNGVSG,1387.3256880733945
NAKFHLWNDVG,3981.467889908257
KEAVNDALG,1043.4220183486239
VASEFEPVRN,2520.5137614678897
SKVFQYVG,7255.532110091744
RKLDAKLENVA,1025.802752293578
GVALEGWDAG,2904.678899082569
RDLAVSWKHDVA,3027.5
KDRWWSGNDVA,3037.077981651376
QRGDDVAPNAS,1170.665137614679
GFHPLFWLS,24992.422018348625
HPFLWVALG,21216.628440366974
PSSPVWSG,3002.321100917431
NVYPSFREPWDV,9540.100917431193
PPNPWWDG,7751.940366972477
GPRRASG,1462.211009174312
AFKHQKVLRYL,8134.224770642202
LDGFKRVL,6928.45871559633
KVVLALFEHD,19458.059633027522
PFEKPLRPWKHD,4800.816513761468
HHDHHVLSG,2311.0412844036696
YKSVPLKLSG,2887.0
HQYAWPYAG,9361.133027522936
PDAGLQYVKLS,7404.917431192661
DVPQGRPNHG,1591.559633027523
HYQSYDVLG,5762.022935779816
QKSNVRFRNKG,1290.7522935779816
NGLDLPHDVAS,1896.894495412844
EGADAEALG,854.848623853211
YGASWKWDVG,5230.972477064221
RPQPWDRAGFNA,4688.385321100917
HSYQRLQFRPG,6482.247706422018
RKNLLEYWNS,4549.5504587155965
DWQNYHSG,3740.348623853211
QPNDPGPSGG,942.2155963302753
ESYVKVLNKAS,2249.137614678899
YRSHYHG,4772.733944954129
DNGNGKSG,744.6422018348624
PLSGSGRHEHDG,1624.4311926605506
HYEPNQVG,1799.2568807339449
GKDPENDSG,763.3899082568807
GQEWLNGYDV,7046.917431192661
QEENYWKGYL,5714.04128440367
SPLGRWNRNLG,4968.137614678899
VGYLHQREDAS,1850.8899082568807
EGRVFENASED,1215.4954128440368
HREPPLGEWG,3079.1605504587155
SPGFKFNHDLS,2957.532110091743
EGREAHSELG,1088.1238532110092
PGNVHPKDA,1128.1880733944954
VGGFASNG,2433.5366972477063
YHWWALYWHDS,15115.770642201835
EARWWVQWL,23247.04128440367
YEWFAQDVLG,8498.02752293578
EEHKNHVAL,1277.7981651376147
RYKFLFWEKHS,7513.977064220184
EDYGNREPHAG,1542.197247706422
PFYVAKWDLG,14065.02752293578
KSYKRGPKG,976.5733944954128
RYWENARPGDAL,5919.077981651376
PWLKWSGYWVAG,16387.064220183485
HNEQEAG,864.6376146788991
ELKRHVEDLSG,1466.9816513761468
PWAAQFWFWNS,27813.69266055046
WDSARNVFYWDL,24505.6376146789
YRNRQFWNKVG,4808.284403669725
DQNFEVDAG,1616.9449541284403
KAANHRSG,1211.7981651376147
QRFDHVSGPS,2551.6605504587155
YAAWLEKHL,5902.256880733945
WHSVYNKLREPY,8282.591743119267
HSWYWDAWDL,19122.9128440367
QNSQHDEYDLQH,2044.1926605504586
GGPDHAG,1380.7844036697247
GRWHVVFVAL,38131.307339449544
YGDKSHDG,1522.8990825688074
YASFHRHAYHL,10029.637614678899
YDNAWKAKHS,2102.0688073394494
HFEGDQFHLSG,5737.206422018348
PQKWVEHG,1696.4816513761468
SPKLPQKDLSG,741.9862385321101
EPNKEWHPYNAF,9346.220183486239
RPAEKDWRWDA,4485.311926605505
YFRLSGRFPYW,18815.495412844037
HWAVGKLS,3864.412844036697
YEDEVLWSG,5925.284403669725
QGFGQAPDSG,1443.380733944954
NKHGFSNGQHA,2022.334862385321
FSLQDPVLSG,2691.3394495412845
FLYDFEKHASND,2501.788990825688
LFKNHGYNKHV,3345.912844036697
GFRVKASFEDAG,3580.2844036697247
YRQAHLSG,3376.1926605504586
ERKVFRYKLQVS,7231.811926605505
HWASWREYKHL,8368.119266055046
VWYADALSG,6580.004587155963
VAYQLGRYKDS,3550.3669724770643
WSKWPNHDVG,3391.7844036697247
YLPLLQFEYS,23656.8623853211
EYWEFRHAFDA,12516.963302752294
DFKLLYAG,10029.275229357798
LDENQKHDVG,1112.8211009174313
LYEWGWSG,8506.48623853211
PPDLKLWHLG,3820.197247706422
KHDNDGDARHA,1142.059633027523
NSGYQYFRHAS,7000.036697247707
RPEVHAQEKVL,1272.0642201834862
VQYAEWGPDV,3537.651376146789
FVRVGPSPDVA,2672.1146788990827
EVKNNDVAL,840.0
EKSHFRNFWNDG,3566.5504587155965
KAVHALSWV,6080.98623853211
WWVSKGFYDG,11597.944954128441
DESGLYHVG,2743.0963302752293
SYEYYNHDS,4452.587155963302
YSWAWLQFEVG,20353.545871559632
VQVGDRYDSG,2011.2247706422017
ESLLYDVAS,2713.362385321101
YNVRVGQPNEPK,1672.7155963302753
YDVLWLRLSWAG,25232.142201834864
ALLQLSEPYA,5895.788990825688
FPPRQYWNKV,5131.619266055046
LKAKRPLG,1494.788990825688
FREESFWNNDL,6511.54128440367
GYNKWFYAG,10213.188073394496
RPYWSDPNGFP,10727.29357798165
RDFEKGESRPDA,1199.8165137614678
WAYHKHGYVASG,5131.564220183486
WHESRPSGNHDA,2578.4311926605506
FEGEYGFGNHD,4783.651376146789
PVQWEHQEWKDS,2081.4587155963304
KDFWNAESQEN,1280.0366972477063
HWKHKSFRNDV,2735.1146788990827
LPNYPVAG,2267.422018348624
YFSLQWASG,6697.9495412844035
ANEYFRENDA,1674.4633027522937
YLHREYWSEKH,4415.087155963302
KSRLSYAFPNA,3892.1146788990827
KHRKNKARYNK,916.7155963302753
PYYVHVRYWNA,22307.467889908257
VREHAHQFEKH,1909.2293577981652
LVKQPSG,1334.334862385321
HKVQESQHA,845.197247706422
SASDKHG,780.9449541284404
AYHWNQPKAG,2290.733944954128
VNSFDFDV,4710.09633027523
YQNKHDWQPWDS,5220.477064220184
NLGYWVDGPYL,22922.550458715596
NHNHHDYKHVL,3329.1146788990827
APKGNVFNDV,1256.5275229357799
LWGQPRLG,6320.068807339449
RAHAQYVKAG,2157.467889908257
WAPFEPFHSG,6966.568807339449
QAESDVPYWNL,4715.94495412844
YWFGQREGFK,4629.738532110092
RSEREQREKAS,892.4266055045872
HEFEEYWDASG,4053.6146788990827
ENLHFENSRV,2523.5688073394494
FFADSYLSG,5525.4908256880735
FSHRSGWG,5634.48623853211
VRLFNVRALG,11006.04128440367
NVFKHHLGFDAG,4514.385321100917
QLDKRNLG,1709.2201834862385
EQAVPYG,1422.866972477064
HAHAYLKLG,5416.220183486239
NVYGKSFPYWG,10585.38990825688
RQSNADASG,1153.0963302752293
FGNWASEYWDS,8779.243119266055
NENLAFHDLG,4412.091743119266
YQPANGFKDV,1606.0642201834862
AHVVVASG,3019.5229357798166
WYVSEFRWS,21094.577981651375
HLGKQDAQENHG,1252.348623853211
LKFPEWHDAS,3104.711009174312
PKASRKRYHWNG,2581.5825688073396
KHSPNVFGFKDA,2429.321100917431
AGAQNVGYKVS,2092.8853211009173
QPLSNGWNKNHS,2435.087155963303
NSLHWHALG,6158.729357798165
ARANHVVLS,3823.8577981651374
FWEYRWNDSFNA,10596.19266055046
WKGNQWDSYG,6676.399082568807
NLNDKHYKVLS,2768.651376146789
DSRRYLFEDVG,4927.376146788991
GSEDFLSG,1495.4770642201836
HHEPPKG,928.3119266055046
LRPQALKHALS,2496.243119266055
GWVVLYAG,37788.922018348625
LSEFNRYDVAL,11065.009174311926
HPKNHFHAS,2165.4174311926604
YLQDGFESGVAS,3013.922018348624
KPLHFNSG,1810.880733944954
RHRDFRKSYKA,1741.0688073394494
NWNLKWNHAS,4570.064220183486
FREEPWAQFEPH,4948.022935779816
VAFQGNKDSG,1364.5412844036698
FFVSFDSRDAG,10806.422018348623
LKFNNLSG,3045.3899082568805
KELDKHG,938.8073394495412
AYVRPVREPNS,2053.1100917431195
DAFHWVWDVAG,9559.100917431193
QKSYVLFDQRY,16597.128440366974
EHAAASGPWVA,2605.97247706422
RNKLRHAKVLSG,1741.9495412844037
QEESPVRYNV,2124.201834862385
YARQLQHVS,4017.97247706422
SSFHKVSG,2134.8899082568805
PKLWHSRGKAG,2097.912844036697
NSADGQVS,964.894495412844
FSYPLEVASG,3670.6880733944954
HEKGYNWVL,8404.311926605504
PAPDHQEDVAL,1071.0366972477063
VEGLKVALS,4604.697247706422
EHEWYWAEHG,6521.532110091744
KDGAENKFWKL,2267.1422018348626
HSKDFPNSYDG,2389.4770642201834
PWRRWNWLG,17083.655963302754
DPWNYAPYAL,12298.857798165138
LAQFQFRYKHV,12753.30733944954
RKHLPQFVSWNV,8457.40366972477
KGEKVNVQEVS,759.5779816513761
NNSDNDALS,1103.9770642201836
VADEYKVKHVG,1248.5412844036698
LDRPEDLSG,1436.573394495413
RWQHVDGYWS,15452.073394495414
LPRWKFG,5828.45871559633
LFFFKDASG,5792.032110091744
GKLGEPYPHVLS,3663.7798165137615
VGVFEKPWLS,6557.6100917431195
WVEHGNSQWS,6942.729357798165
YWPRPYDYVL,22207.94495412844
FERSQKEDLG,1047.573394495413
WKPANKSRNDA,1296.7614678899083
QDLGLQEYSNH,2905.353211009174
QHVQHRNANDVL,2329.0825688073396
SRSPAVALG,2396.211009174312
HVENLFLGDVL,19526.775229357798
KGQSDSGFPYH,2946.8073394495414
RAAEHDYWNVA,3115.293577981651
KGNPVGEPWAL,3589.6330275229357
NLYYDPYHDS,10919.366972477064
SHAGPSHSG,1543.6880733944954
WHGSFEDLRPN,4524.853211009175
SFHHNAG,2459.545871559633
QQEQFPGRPA,2091.646788990826
GKAGADVSG,805.2981651376147
WHFWNNALSEYH,12700.178899082568
EFLVRVLG,30266.839449541283
PGYDKLGYWKG,4723.4908256880735
EHQKHDVEWKDL,1293.197247706422
GQDYWHFVLG,13264.711009174312
DELEPEHG,1060.651376146789
EYKSSFKGNDVL,1680.0229357798164
FRQRALSAGPHD,3964.559633027523
RYHSDGRVSFWD,15331.178899082568
SNHQVNVAL,2611.119266055046
PQYPHLEWHV,8048.183486238532
ASNDDVEWNDA,1460.045871559633
PNLAFWVLREKV,16344.69266055046
DLPQGWKHSG,1744.7522935779816
SNLPRALS,3139.4770642201834
YHVLPSKDEK,1207.8394495412845
RVNHSYHQYWH,11538.238532110092
VSFVARGPHSG,4671.853211009175
RGADEHDLS,1206.380733944954
FYVLWKAPAKH,7014.270642201835
LYESGDVALS,2513.605504587156
FNKVKDLQAYHL,4129.692660550459
AQDHLEALS,1226.2660550458716
ANRNFALS,4080.798165137615
WDHNSNLS,3419.6284403669724
VGFKQDALFEYD,7243.477064220184
QHKSDVAHAS,907.3623853211009
ADFWLYSG,12858.004587155963
GQANRDAG,1233.288990825688
LGGPLRVSG,4115.293577981652
RGHEAGFYWKA,5883.6697247706425
QHYAHVARNDVS,2593.059633027523
AKSYEVASG,1129.165137614679
VPVWLYASG,12578.743119266055
WVNFLQFEKA,11251.839449541285
LDQVVAG,1822.394495412844
SFVHRPSG,3717.123853211009
QKEFQPNKDLG,1299.4770642201836
AKHGPVQPHDG,1655.045871559633
ADAWPDLG,3055.6880733944954
PWELEAPNHDV,3828.059633027523
DKRWYLSG,5066.623853211009
FWWYHGNKHG,5681.270642201835
KHKQHLNKHAL,1505.9724770642201
PPYFHPYWDA,15857.58256880734
HVVFALWKVS,23819.169724770643
HLGRAVLGWNK,5304.784403669725
KGYLSQWEYKS,4481.366972477064
RHKFYDLKG,2334.4862385321103
NKVSEPAEKHLG,798.2155963302753
KLGYFRGPDL,7075.288990825688
DHAWPNLS,3513.605504587156
NKHWREPWQRHG,5476.426605504587
FGHFPKWKSG,3998.380733944954
NLQEPPVARNHV,2371.5
ALVLKFYWKDA,20577.366972477063
PNFRGWDVRAG,6234.811926605505
SWSAKDVLSG,2511.706422018349
YDDLEAQEKHG,1303.2201834862385
FLLEFEWNKLG,13986.435779816513
AVAPQVASG,1081.2568807339449
RARFSGRPVL,6203.646788990825
EDYNFDFDVS,4027.651376146789
NREGWPWHDSG,6332.229357798165
VPVSFLPNS,2993.967889908257
PQPVWLQYWDL,18611.380733944956
PYHFLEWDRA,12170.857798165138
EVWKVWGQFA,9646.41743119266
VVYDWVSG,6269.821100917431
RNFLEPSWNL,10586.105504587156
EWADNLGFYNS,9158.47247706422
RERASESRHDG,1175.788990825688
VFGRQRHG,3899.4449541284403
GQNSLNHVA,1628.1376146788991
YAWEGRAG,3831.7844036697247
PDSHHGVALSG,1840.6467889908256
YWHAGGRWHRNS,7390.582568807339
EAKQWFRYHVS,6099.04128440367
NKSSYKGNSG,1071.834862385321
GKASWSKDAS,1232.2981651376147
GRYHQAEPNHVL,3690.9311926605506
GVGFWWAS,16057.275229357798
HNGRWQVSG,3831.183486238532
DEDVFQFKVA,5837.045871559633
SDVFFDASG,4835.6100917431195
GKRNVHSG,1322.848623853211
ADAELKLSG,942.0779816513761
EKRHRLGRDG,1723.8990825688074
NDRGWNGFEKAS,2275.8853211009173
KYREFKLS,2459.3853211009173
LSPYQVSGFRK,4498.325688073394
VYSFRKWVAL,11723.48623853211
SVPQFYWKHS,6189.087155963302
WGLSHRWNALG,10298.954128440368
PHQNGNVQREA,1015.4357798165138
ELSGASPVFAL,5437.233944954129
RADNNALG,1522.0091743119267
KDFYWKNVFREG,4188.816513761468
KGWGEANKH,1435.8165137614678
FPYRPWLPWAG,20195.729357798165
YEFKSKLG,2729.077981651376
EQELKVEWND,1691.559633027523
EKFLWDLFYA,15134.229357798165
LAYHDQG,2529.2201834862385
HLSHKHKHSG,1430.059633027523
EKHDFRQPNKKD,887.9954128440367
YFYKWFENG,5090.724770642202
QSWVRLYASG,16121.724770642202
SPGAEKHA,778.3899082568807
LRAEEPALG,1176.0275229357799
HQANNKLS,1162.7477064220184
AFQNQRALG,3215.3577981651374
NQDSLQPWNVG,2473.7247706422017
YLDVDLEPHA,2841.701834862385
YWEAGKREWKH,3602.105504587156
YPVEGNHVL,2347.183486238532
GQRKLHGYNDS,2187.4862385321103
VYWGYNGQASG,3768.711009174312
LYRRALG,5714.972477064221
GKPENVLSG,954.9174311926605
VQVNQNAG,1057.1559633027523
VSYDHARPNAG,1986.8256880733945
DFNWKAPG,2170.201834862385
YPPQEVLSG,1415.802752293578
LWQHDRALSG,4339.54128440367
RADDSYLS,2355.6009174311926
PVLWLPYEPNVA,14845.284403669724
VGPNYKFPYNAG,3118.8348623853212
GFAPYRHSG,6007.981651376147
ELSDHQPYHAL,3179.9633027522937
QYQWYHAEKLG,4967.688073394495
QDYDFVGQENVS,1893.7431192660551
EKQLDAYWVL,5595.022935779816
VPNGVFNSG,1694.197247706422
RLDPGPDLS,1622.3256880733945
YQKLKALWKDV,2806.2155963302753
FEGADLRNKDS,1056.6605504587155
YSESRSRSG,2497.7155963302753
FHYWSFSFYWVS,16994.47247706422
DWRLGVSG,4359.155963302752
VLWSWFYDVS,18634.04128440367
KWYASPAG,3288.256880733945
PSWKQYKVPHA,2511.9954128440368
WFSVKVG,9815.963302752294
FYSWKVQVAHS,5003.651376146789
KVFRDSWVWDS,8165.022935779816
DLAWSEDASG,1746.0091743119267
SDWVQRWHVA,7107.032110091744
ARHKVVAG,1202.151376146789
SNVPWQAG,2735.6559633027523
WDAWEYWVSPH,15592.19266055046
NSEYEWQPYL,12367.995412844037
WEYKDQVGRPH,3863.0229357798166
KVWGHDHALS,3052.9266055045873
WGYWRHQYWL,22245.3623853211
VKLYGVSG,3708.605504587156
PAYNNVLSKDA,1672.119266055046
ERSKHNASG,856.3761467889908
VAGGHLGVS,1883.6146788990825
DAHAKEYNHVS,1234.0183486238532
GFKESQKDALS,914.954128440367
VGQYPDLSGKD,1478.1605504587155
GKFKHEAG,886.2798165137615
YNKDRQHDANG,1202.7706422018348
ANAWWLG,9661.784403669724
KWVYWYWKHAS,8602.91743119266
RHGDQFVYWNH,9023.288990825688
EDWESEVG,1457.8532110091744
YRYFHREYWL,16922.146788990827
HQPHSVKHDLS,1277.532110091743
ANPPALG,1157.0412844036698
WYEGWNG,6575.284403669725
YWFRNHPWSFWA,22107.642201834864
VGFQAQFYWKA,14063.279816513761
GPAYEWLSG,3100.4587155963304
GGPWDKSG,1627.348623853211
YQESPSFYKDG,4221.94495412844
RWRSSQEVALG,3166.8073394495414
EKHGDFEWHREN,1739.5688073394494
WSRYNRWHALHL,14973.275229357798
FKSWVNQFKG,4070.532110091743
ARYGYGQREP,2847.298165137615
SFRKGLSQYKVA,3102.2844036697247
SFFKREG,2412.6605504587155
EFSYQRALG,4287.963302752293
AYNPYFPG,8671.022935779816
RRHVNKGFAG,2189.183486238532
SFLEQNALS,2531.821100917431
NKGKFDSFPV,1915.2660550458716
EWDGDVWHRENL,4671.738532110092
FAYNEAFKSG,2656.169724770642
GHSPSASG,998.9770642201835
HSAHENLG,1271.7981651376147
QPNVLDVRPSWK,4154.628440366972
NKWGDREYWNKD,2938.706422018349
FSYFLGEPYWK,9142.56880733945
RPELLFYWDLS,25300.830275229357
AQLYHFNDA,4371.0
KNHAPVAEVAS,734.3256880733945
YYNYDVNLS,5298.293577981652
ALEKGHQKHLG,1540.7018348623853
NDAAYHANHVAS,1845.467889908257
KHREDYWLYWA,11245.862385321101
SYPLWDALSG,5917.761467889908
DLPGDVPWVG,2532.591743119266
LVGKLASG,1842.366972477064
ASFPWFSWDAL,18399.481651376147
FPEDDGEWKHVL,4197.504587155963
SGKKYALG,1492.0825688073394
GYVWVHDSG,6756.747706422018
DYPLELSG,2036.940366972477
